ynao_sd_19570101_0140_xu 55 39 16 8 0 3667.25 4598.39 1264.42 1557.37 2402.83 3041.02 0
ynao_sd_19570102_0320_xu 63 46 17 8 0 5813.61 7981.47 1568.42 2241.9 4245.19 5739.57 0
ynao_sd_19570103_0630_xu 67 50 17 10 0 6795.93 9943.02 1569.31 2133.91 5226.62 7809.11 0
ynao_sd_19570105_0210_xu 77 55 22 9 0 7026.68 10107.64 1450.31 2243.79 5576.37 7863.85 0
ynao_sd_19570106_0120_xu 81 64 17 7 0 4036.17 6268.92 1368.29 2474.0 2667.88 3794.92 0
ynao_sd_19570107_0500_xu 88 65 23 7 0 4064.8 7112.19 1531.46 2456.79 2533.34 4655.4 0
ynao_sd_19570108_0250_xu 69 49 20 7 0 2563.22 5015.12 1146.31 1903.31 1416.91 3111.81 0
ynao_sd_19570109_0310_xu 40 32 8 6 0 1676.4 1971.02 757.02 1003.19 919.38 967.83 0
ynao_sd_19570110_0150_xu 54 47 7 5 0 1376.34 1546.53 671.46 785.72 704.88 760.81 0
ynao_sd_19570111_0440_niu 42 22 20 11 0 1094.17 1397.19 277.82 326.17 816.35 1071.02 0
ynao_sd_19570112_0700_xu 62 57 5 4 0 2431.06 4578.34 1060.92 2164.04 1370.14 2414.3 0
ynao_sd_19570114_0810_xu 27 24 3 2 0 1105.63 1869.89 590.64 1090.82 514.99 779.07 0
ynao_sd_19570115_0230_xu 28 22 6 2 0 1082.82 1802.29 588.97 1115.9 493.85 686.39 0
ynao_sd_19570116_0230_xu 28 17 11 3 0 1213.7 2497.02 369.47 511.01 844.23 1986.01 0
ynao_sd_19570117_0240_xu 25 18 7 3 0 1805.27 2960.89 618.21 1144.27 1187.06 1816.62 0
ynao_sd_19570119_0330_xu 57 45 12 6 0 2822.71 3887.62 1089.24 1522.33 1733.47 2365.29 0
ynao_sd_19570121_0320_xu 74 60 14 10 0 4037.72 5740.2 1238.51 1549.55 2799.21 4190.65 0
ynao_sd_19570122_0410_xu 28 20 8 5 0 3035.8 3953.66 1050.98 1491.81 1984.82 2461.85 0
ynao_sd_19570123_0510_xu 58 43 15 12 0 3338.96 4192.22 877.72 1180.69 2461.24 3011.53 0
ynao_sd_19570124_0220_xu 69 52 17 11 0 3156.6 4415.89 913.17 1273.98 2243.43 3141.91 0
ynao_sd_19570125_0220_xu 73 56 17 8 0 3428.17 4677.93 1172.95 1721.02 2255.22 2956.91 0
ynao_sd_19570126_0240_xu 56 43 13 8 0 3017.15 4740.16 951.92 1423.72 2065.23 3316.44 0
ynao_sd_19570127_0430_niu 39 14 25 17 0 2820.46 4210.5 661.11 1305.16 2159.35 2905.34 0
ynao_sd_19570128_0220_xu 31 19 12 8 0 1365.61 3171.05 539.66 1145.8 825.95 2025.25 0
ynao_sd_19570129_0220_xu 18 12 6 5 0 744.41 956.01 337.53 452.25 406.88 503.76 0
ynao_sd_19570130_0230_xu 23 19 4 5 0 827.87 1224.9 305.29 583.37 522.58 641.53 0
ynao_sd_19570201_0510_xu 14 9 5 4 0 639.58 964.42 216.41 360.43 423.17 603.99 0
ynao_sd_19570202_0430_niu 22 13 9 9 0 859.89 1195.39 249.27 407.65 610.62 787.74 0
ynao_sd_19570203_0440_niu 15 10 5 4 0 1013.51 1307.91 293.11 358.0 720.4 949.91 0
ynao_sd_19570208_0140_xu 63 54 9 6 0 2181.69 2839.4 736.25 993.13 1445.44 1846.27 0
ynao_sd_19570209_0320_xu 46 39 7 4 0 1993.02 2625.38 752.8 915.79 1240.22 1709.59 0
ynao_sd_19570210_0830_niu 34 22 12 8 0 1479.58 1806.32 598.4 770.14 881.18 1036.18 0
ynao_sd_19570213_0550_xu 23 18 5 5 0 1226.56 2007.91 430.85 651.96 795.71 1355.95 0
ynao_sd_19570214_0150_xu 26 24 2 2 0 1024.03 1743.54 445.11 864.15 578.92 879.39 0
ynao_sd_19570215_0650_xu 32 27 5 5 0 1246.74 2272.15 628.95 1010.48 617.79 1261.67 0
ynao_sd_19570216_0340_xu 37 34 3 3 0 893.59 1770.28 499.78 822.93 393.81 947.35 0
ynao_sd_19570217_0220_xu 34 31 3 3 0 807.04 1106.35 424.33 571.63 382.71 534.72 0
ynao_sd_19570218_0540_xu 37 34 3 3 0 763.31 964.92 471.29 626.16 292.02 338.76 0
ynao_sd_19570219_0220_xu 32 25 7 4 0 1372.43 1591.45 655.53 836.93 716.9 754.52 0
ynao_sd_19570220_0320_xu 37 30 7 3 0 1119.35 1234.67 430.11 487.74 689.24 746.93 0
ynao_sd_19570221_0330_xu 35 31 4 5 0 1250.18 1476.83 451.86 572.58 798.32 904.25 0
ynao_sd_19570222_0210_xu 40 35 5 5 0 1485.27 1975.71 742.13 1002.28 743.14 973.43 0
ynao_sd_19570224_0310_xu 42 29 13 8 0 1792.73 2967.73 591.21 1095.85 1201.52 1871.88 0
ynao_sd_19570225_0240_xu 27 23 4 4 0 1264.07 3022.75 385.89 685.93 878.18 2336.82 0
ynao_sd_19570226_0720_xu 24 11 13 7 0 1392.26 1905.68 396.2 556.74 996.06 1348.94 0
ynao_sd_19570227_0230_xu 38 29 9 4 0 1268.68 1718.02 445.75 657.08 822.93 1060.94 0
ynao_sd_19570228_0340_xu 38 33 5 4 0 1182.39 1689.93 579.46 878.09 602.93 811.84 0
ynao_sd_19570301_0410_niu 51 33 18 10 0 1044.09 1516.37 390.71 640.62 653.38 875.75 0
ynao_sd_19570302_0420_xu 52 42 10 7 0 2013.96 3151.0 830.02 1439.68 1183.94 1711.32 0
ynao_sd_19570303_0220_xu 47 40 7 6 0 1694.9 2513.78 844.59 1238.81 850.31 1274.97 0
ynao_sd_19570304_0320_xu 43 37 6 4 0 1171.52 1914.75 611.42 990.85 560.1 923.9 0
ynao_sd_19570305_0720_xu 33 30 3 4 0 834.81 1334.53 425.44 610.83 409.37 723.7 0
ynao_sd_19570306_0310_xu 40 35 5 4 0 1126.39 2447.18 521.48 908.56 604.91 1538.62 0
ynao_sd_19570307_0220_xu 28 23 5 2 0 699.64 1188.65 398.94 826.66 300.7 361.99 0
ynao_sd_19570308_0610_xu 39 35 4 2 0 803.19 1197.51 452.87 754.66 350.32 442.85 0
ynao_sd_19570309_0220_xu 60 58 2 1 0 858.13 1344.41 735.18 1200.7 122.95 143.71 0
ynao_sd_19570310_0250_xu 67 66 1 0 0 746.55 1029.29 768.21 1056.31 -21.66 -27.02 0
ynao_sd_19570311_0250_xu 70 70 0 0 0 706.9 989.38 706.9 989.38 0 0 0
ynao_sd_19570312_0310_xu 78 72 6 4 0 1497.06 3301.22 659.31 934.76 837.75 2366.46 0
ynao_sd_19570313_0300_xu 65 60 5 3 0 1056.5 1471.12 692.06 977.59 364.44 493.53 0
ynao_sd_19570315_0100_xu 65 58 7 5 0 1561.64 1754.93 549.95 670.12 1011.69 1084.81 0
ynao_sd_19570316_0230_xu 50 34 16 9 0 1389.23 2376.33 473.98 748.78 915.25 1627.55 0
ynao_sd_19570317_0230_xu 46 24 22 8 0 1732.24 2021.94 431.64 587.29 1300.6 1434.65 0
ynao_sd_19570318_0330_xu 42 33 9 3 0 1470.23 1845.91 603.85 872.26 866.38 973.65 0
ynao_sd_19570319_0240_xu 46 35 11 6 0 2100.86 2839.86 644.89 1010.5 1455.97 1829.36 0
ynao_sd_19570320_0230_xu 55 42 13 5 0 2568.86 7047.09 639.52 1377.45 1929.34 5669.64 0
ynao_sd_19570321_0240_xu 49 35 14 7 0 2387.01 5490.79 789.07 1551.42 1597.94 3939.37 0
ynao_sd_19570322_0220_xu 30 19 11 8 0 2327.75 3723.97 805.19 1568.78 1522.56 2155.19 0
ynao_sd_19570323_0420_niu 51 35 16 5 0 1999.71 2875.03 600.94 951.4 1398.77 1923.63 0
ynao_sd_19570324_0440_niu 39 26 13 8 0 2127.86 2608.56 529.97 682.77 1597.89 1925.79 0
ynao_sd_19570325_0230_xu 38 25 13 6 0 2633.79 3048.2 621.1 710.41 2012.69 2337.79 0
ynao_sd_19570326_0320_xu 46 32 14 6 0 3382.34 3750.47 712.44 788.76 2669.9 2961.71 0
ynao_sd_19570327_0350_xu 40 30 10 6 0 4513.46 5409.22 824.77 960.18 3688.69 4449.04 0
ynao_sd_19570329_0440_niu 65 45 20 12 0 1522.03 1977.48 695.61 904.55 826.42 1072.93 0
ynao_sd_19570330_0340_niu 60 42 18 10 0 1083.12 1553.07 446.6 646.44 636.52 906.63 0
ynao_sd_19570331_0420_chen 45 39 6 1 0 347.22 537.92 382.79 648.99 -35.57 -111.07 0
ynao_sd_19570401_0400_chen 46 35 11 6 0 1944.31 4209.47 448.0 997.47 1496.31 3212.0 0
ynao_sd_19570402_0300_chen 38 24 14 7 0 1226.5 3346.02 459.31 878.11 767.19 2467.91 0
ynao_sd_19570404_0520_chen 72 54 18 6 0 2746.61 3498.34 515.9 1029.22 2230.71 2469.12 0
ynao_sd_19570406_0340_chen 34 26 8 7 0 2449.95 3224.13 466.84 679.85 1983.11 2544.28 0
ynao_sd_19570407_0320_chen 46 38 8 4 0 1197.5 1498.96 386.19 668.51 811.31 830.45 0
ynao_sd_19570408_0450_chen 82 67 15 7 0 2451.94 5285.06 717.95 1051.3 1733.99 4233.76 0
ynao_sd_19570409_0210_xu 94 78 16 8 0 2308.05 3382.5 1085.73 1534.96 1222.32 1847.54 0
ynao_sd_19570410_0320_xu 59 44 15 9 0 1909.08 2783.61 732.55 1026.12 1176.53 1757.49 0
ynao_sd_19570411_0300_xu 56 42 14 7 0 1824.78 2870.55 774.05 1337.6 1050.73 1532.95 0
ynao_sd_19570415_0310_xu 53 46 7 4 0 1189.29 1680.9 578.66 831.54 610.63 849.36 0
ynao_sd_19570417_0230_xu 47 42 5 6 0 3066.98 4380.41 771.82 1502.57 2295.16 2877.84 0
ynao_sd_19570418_0430_niu 39 31 8 5 0 774.31 1658.15 506.33 1013.64 267.98 644.51 0
ynao_sd_19570419_0620_xu 22 18 4 3 0 802.81 1195.5 365.8 526.61 437.01 668.89 0
ynao_sd_19570420_0310_xu 30 19 11 8 0 2464.5 5262.87 456.07 678.72 2008.43 4584.15 0
ynao_sd_19570421_0350_xu 50 38 12 9 0 2182.94 3052.35 702.73 885.2 1480.21 2167.15 0
ynao_sd_19570422_0300_xu 54 38 16 13 0 5012.24 7164.11 664.75 811.05 4347.49 6353.06 0
ynao_sd_19570423_0320_xu 63 43 20 10 0 3313.0 4595.38 1066.43 1299.04 2246.57 3296.34 0
ynao_sd_19570424_0240_xu 60 48 12 10 0 3397.67 7038.48 854.99 1203.42 2542.68 5835.06 0
ynao_sd_19570425_0510_xu 67 52 15 6 0 3985.03 7651.52 975.98 1451.71 3009.05 6199.81 0
ynao_sd_19570426_0350_xu 74 58 16 5 0 3923.69 4695.66 1122.42 1597.87 2801.27 3097.79 0
ynao_sd_19570427_0220_xu 62 38 24 5 0 1252.44 1756.08 653.5 973.35 598.94 782.73 0
ynao_sd_19570428_0240_chen 58 43 15 3 0 1057.43 1481.31 537.25 673.36 520.18 807.95 0
ynao_sd_19570429_0250_xu 39 26 13 7 0 2300.65 2692.53 502.0 609.87 1798.65 2082.66 0
ynao_sd_19570430_0310_xu 39 29 10 6 0 2976.84 5345.96 474.31 557.8 2502.53 4788.16 0
ynao_sd_19570501_0310_xu 34 22 12 8 0 2869.24 3662.19 375.22 457.37 2494.02 3204.82 0
ynao_sd_19570502_0330_xu 24 19 5 3 0 854.72 1294.97 453.27 746.31 401.45 548.66 0
ynao_sd_19570503_0420_niu 38 20 18 9 0 1209.08 2161.93 418.88 811.1 790.2 1350.83 0
ynao_sd_19570505_0240_xu 23 18 5 3 0 1127.58 2482.1 658.09 1128.36 469.49 1353.74 0
ynao_sd_19570507_0340_xu 38 25 13 6 0 2104.22 3504.54 639.04 1037.13 1465.18 2467.41 0
ynao_sd_19570508_0610_xu 73 58 15 9 0 3195.98 6387.89 1082.19 1546.8 2113.79 4841.09 0
ynao_sd_19570509_0220_xu 75 54 21 7 0 4082.37 7456.35 990.26 1322.26 3092.11 6134.09 0
ynao_sd_19570510_0300_xu 63 43 20 10 0 4765.93 6958.98 1003.95 1330.69 3761.98 5628.29 0
ynao_sd_19570511_0420_chen 94 82 12 6 0 1911.89 2212.99 818.07 985.41 1093.82 1227.58 0
ynao_sd_19570512_0320_chen 99 85 14 10 0 3087.24 3753.19 839.0 1019.87 2248.24 2733.32 0
ynao_sd_19570514_0304_xu 63 45 18 8 0 4441.53 9101.75 1243.03 2014.25 3198.5 7087.5 0
ynao_sd_19570515_0310_xu 76 50 26 14 0 5838.94 13519.85 1308.4 2489.38 4530.54 11030.47 0
ynao_sd_19570516_0350_xu 66 43 23 11 0 3583.86 6930.98 948.09 1758.27 2635.77 5172.71 0
ynao_sd_19570517_0310_xu 41 21 20 9 0 5640.9 12416.22 893.65 1449.82 4747.25 10966.4 0
ynao_sd_19570518_0310_xu 32 17 15 9 0 3144.44 6565.73 601.61 914.14 2542.83 5651.59 0
ynao_sd_19570520_0520_xu 71 50 21 9 0 3891.33 7299.02 684.83 1003.08 3206.5 6295.94 0
ynao_sd_19570521_0310_xu 62 43 19 9 0 4513.02 8689.36 1029.45 1537.0 3483.57 7152.36 0
ynao_sd_19570522_0250_xu 52 32 20 13 0 6712.05 16144.61 1105.02 1980.51 5607.03 14164.1 0
ynao_sd_19570523_0220_xu 40 20 20 8 0 4724.52 8147.07 798.08 1256.41 3926.44 6890.66 0
ynao_sd_19570524_0330_niu 61 37 24 19 0 1763.42 2601.95 629.82 893.35 1133.6 1708.6 0
ynao_sd_19570525_0400_niu 53 31 22 11 0 1302.55 1803.89 435.68 615.64 866.87 1188.25 0
ynao_sd_19570526_0530_chen 29 20 9 4 0 2108.02 2965.37 491.62 747.08 1616.4 2218.29 0
ynao_sd_19570529_0330_xu 40 25 15 6 0 4552.34 7490.02 698.37 1120.76 3853.97 6369.26 0
ynao_sd_19570608_0340_xu 39 16 23 9 0 5908.2 12111.7 687.79 1161.31 5220.41 10950.39 0
ynao_sd_19570609_0630_xu 37 24 13 5 0 4857.56 10855.25 611.32 1204.17 4246.24 9651.08 0
ynao_sd_19570614_0540_niu 44 27 17 4 0 2067.62 4296.89 471.24 746.35 1596.38 3550.54 0
ynao_sd_19570615_0330_niu 64 46 18 9 0 1370.28 2647.51 520.32 740.71 849.96 1906.8 0
ynao_sd_19570617_1010_cheng 82 62 20 2 0 859.34 1443.58 969.61 1783.03 -110.27 -339.45 0
ynao_sd_19570621_0330_niu 107 66 41 13 0 7305.41 11141.8 1559.28 2038.11 5746.13 9103.69 0
ynao_sd_19570624_0810_cheng 73 55 18 4 0 3934.5 5353.63 1476.57 1847.45 2457.93 3506.18 0
ynao_sd_19570625_0420_xu 49 31 18 3 0 3827.99 4687.69 949.67 1274.23 2878.32 3413.46 0
ynao_sd_19570626_0800_cheng 85 56 29 8 0 6488.51 9521.69 1333.96 2072.6 5154.55 7449.09 0
ynao_sd_19570627_0300_xu 35 16 19 7 0 9184.57 18248.65 685.04 1095.94 8499.53 17152.71 0
ynao_sd_19570628_0820_xu 33 22 11 5 0 5402.32 11464.25 721.22 1264.62 4681.1 10199.63 0
ynao_sd_19570629_0450_niu 40 22 18 5 0 3219.3 9041.89 669.55 1306.27 2549.75 7735.62 0
ynao_sd_19570630_0820_cheng 50 32 18 6 0 3972.4 6683.09 993.44 1785.28 2978.96 4897.81 0
ynao_sd_19570703_0710_cheng 53 28 25 8 0 7343.83 8943.24 1269.57 1498.58 6074.26 7444.66 0
ynao_sd_19570704_0640_cheng 65 32 33 10 0 7871.84 9396.6 1161.99 1446.66 6709.85 7949.94 0
ynao_sd_19570705_0400_niu 68 36 32 14 0 3613.46 4863.38 799.8 1112.01 2813.66 3751.37 0
ynao_sd_19570706_0810_shu 40 23 17 5 0 4493.86 6796.74 592.77 861.8 3901.09 5934.94 0
ynao_sd_19570709_0710_cheng 35 10 25 9 0 5207.25 8719.54 532.19 902.77 4675.06 7816.77 0
ynao_sd_19570711_0440_cheng 26 10 16 7 0 2819.45 7578.83 441.33 1121.31 2378.12 6457.52 0
ynao_sd_19570712_0240_shu 10 0 10 8 0 2720.66 4764.36 151.05 220.75 2569.61 4543.61 0
ynao_sd_19570714_0440_cheng 35 10 25 9 0 8074.32 13886.43 919.22 1966.14 7155.1 11920.29 0
ynao_sd_19570717_0230_cheng 44 17 27 9 0 6205.57 11671.61 1084.69 1714.35 5120.88 9957.26 0
ynao_sd_19570720_0730_cheng 41 14 27 9 0 10299.31 15541.0 1732.97 2404.09 8566.34 13136.91 0
ynao_sd_19570722_0600_cheng 68 37 31 10 0 5877.62 8472.84 1008.3 1361.94 4869.32 7110.9 0
ynao_sd_19570724_0650_cheng 82 43 39 18 0 8395.5 12908.17 1190.93 1794.95 7204.57 11113.22 0
ynao_sd_19570725_0310_cheng 79 50 29 14 0 8541.48 14921.1 1035.45 1536.94 7506.03 13384.16 0
ynao_sd_19570726_0530_niu 88 53 35 15 0 2694.46 3866.78 894.27 1428.55 1800.19 2438.23 0
ynao_sd_19570727_0440_niu 73 42 31 20 0 3301.59 7167.35 829.14 1365.84 2472.45 5801.51 0
ynao_sd_19570728_0510_cheng 76 50 26 8 0 4815.76 8815.52 729.37 1080.28 4086.39 7735.24 0
ynao_sd_19570801_0830_cheng 25 12 13 8 0 3213.34 7027.57 542.23 836.28 2671.11 6191.29 0
ynao_sd_19570802_0820_xu 36 25 11 5 0 3205.24 4413.21 835.55 1114.75 2369.69 3298.46 0
ynao_sd_19570807_0600_xu 26 7 19 10 0 6428.88 13466.24 369.6 730.97 6059.28 12735.27 0
ynao_sd_19570808_0840_cheng 44 21 23 10 0 5535.74 9226.07 558.78 1073.21 4976.96 8152.86 0
ynao_sd_19570811_0640_cheng 28 10 18 6 0 4348.2 5802.37 517.91 837.64 3830.29 4964.73 0
ynao_sd_19570813_0400_xu 30 18 12 7 0 4656.0 5535.43 623.25 774.41 4032.75 4761.02 0
ynao_sd_19570814_0140_cheng 40 29 11 6 0 3232.22 3663.52 743.9 868.26 2488.32 2795.26 0
ynao_sd_19570815_0330_cheng 45 26 19 7 0 2564.72 4964.08 399.55 562.13 2165.17 4401.95 0
ynao_sd_19570816_0320_xu 43 29 14 6 0 3426.26 5353.24 487.88 790.79 2938.38 4562.45 0
ynao_sd_19570818_0520_xu 53 25 28 10 0 6138.68 12435.24 488.59 772.17 5650.09 11663.07 0
ynao_sd_19570819_0600_cheng 76 32 44 14 0 5528.55 8878.64 818.58 1095.29 4709.97 7783.35 0
ynao_sd_19570820_0140_cheng 42 15 27 14 0 5428.95 8451.48 476.14 579.32 4952.81 7872.16 0
ynao_sd_19570821_0220_cheng 44 25 19 6 0 2791.85 3503.41 630.22 748.92 2161.63 2754.49 0
ynao_sd_19570822_0440_cheng 35 15 20 10 0 4198.1 7511.71 588.42 836.04 3609.68 6675.67 0
ynao_sd_19570823_0250_xu 42 28 14 5 0 2642.88 4974.39 461.61 600.12 2181.27 4374.27 0
ynao_sd_19570824_0240_xu 41 24 17 7 0 3052.03 6068.04 438.74 658.59 2613.29 5409.45 0
ynao_sd_19570825_0630_cheng 58 38 20 12 0 4520.83 11024.06 816.84 1304.84 3703.99 9719.22 0
ynao_sd_19570827_0750_cheng 49 28 21 7 0 4034.11 6556.62 652.99 933.47 3381.12 5623.15 0
ynao_sd_19570828_0300_cheng 81 38 43 8 0 4230.36 5967.35 959.26 1389.87 3271.1 4577.48 0
ynao_sd_19570829_0730_cheng 105 65 40 14 0 6617.35 8388.55 1221.11 1523.5 5396.24 6865.05 0
ynao_sd_19570830_1020_xu 54 41 13 5 0 4189.63 5867.17 860.01 1035.53 3329.62 4831.64 0
ynao_sd_19570831_0850_xu 132 93 39 12 0 6831.75 8327.36 1137.14 1317.68 5694.61 7009.68 0
ynao_sd_19570901_0400_cheng 119 73 46 12 0 7585.95 9084.63 1526.34 1801.05 6059.61 7283.58 0
ynao_sd_19570902_0330_cheng 113 58 55 13 0 4949.58 8482.45 1149.99 1575.15 3799.59 6907.3 0
ynao_sd_19570903_0310_cheng 70 29 41 14 0 4463.09 7614.34 917.64 1253.21 3545.45 6361.13 0
ynao_sd_19570904_0300_cheng 78 41 37 18 0 3782.41 9767.65 694.33 1287.95 3088.08 8479.7 0
ynao_sd_19570905_0330_cheang 64 36 28 13 0 5839.13 15815.84 812.92 1715.56 5026.21 14100.28 0
ynao_sd_19570906_0400_xu 29 12 17 6 0 7109.27 17313.6 617.34 1367.32 6491.93 15946.28 0
ynao_sd_19570907_0440_xu 60 40 20 8 0 3045.39 5274.84 706.77 1018.53 2338.62 4256.31 0
ynao_sd_19570908_0910_cheng 64 35 29 14 0 4589.16 5840.54 885.21 1070.81 3703.95 4769.73 0
ynao_sd_19570909_0930_cheng 92 57 35 15 0 5036.85 6836.54 921.59 1146.73 4115.26 5689.81 0
ynao_sd_19570910_0340_cheng 77 48 29 14 0 5904.4 7960.4 1247.52 1505.97 4656.88 6454.43 0
ynao_sd_19570911_0530_cheng 94 43 51 17 0 5063.22 7274.59 1258.58 2001.6 3804.64 5272.99 0
ynao_sd_19570915_0800_cheng 89 36 53 22 0 7520.0 13946.1 1279.6 2211.94 6240.4 11734.16 0
ynao_sd_19570918_0820_cheng 109 58 51 12 0 6969.59 8542.24 1293.9 1527.58 5675.69 7014.66 0
ynao_sd_19570919_0450_xu 114 76 38 10 0 8216.97 14313.82 1421.91 1760.16 6795.06 12553.66 0
ynao_sd_19570920_0810_xu 96 70 26 8 0 6829.13 13352.86 1411.26 1731.07 5417.87 11621.79 0
ynao_sd_19570922_0520_cheng 117 71 46 11 0 7389.53 10807.02 1550.38 2306.47 5839.15 8500.55 0
ynao_sd_19571004_0440_xu 49 37 12 7 0 5289.97 8448.03 735.07 1078.73 4554.9 7369.3 0
ynao_sd_19571012_0320_cheng 56 31 25 17 0 3356.88 5626.59 971.88 1357.66 2385.0 4268.93 0
ynao_sd_19571013_0210_xu 80 44 36 14 0 7094.9 11642.01 858.37 1242.44 6236.53 10399.57 0
ynao_sd_19571014_0450_niu 82 51 31 8 0 3467.32 4303.2 914.9 1305.06 2552.42 2998.14 0
ynao_sd_19571015_0440_niu 85 38 47 14 0 5707.06 7507.42 1223.76 1674.95 4483.3 5832.47 0
ynao_sd_19571016_0340_niu 82 51 31 13 0 6256.97 9917.46 1086.0 1429.36 5170.97 8488.1 0
ynao_sd_19571018_0630_xu 69 35 34 11 0 10128.87 13585.08 1107.26 1422.57 9021.61 12162.51 0
ynao_sd_19571020_0200_xu 56 32 24 8 0 5149.16 9560.67 918.32 1461.53 4230.84 8099.14 0
ynao_sd_19571021_0330_chen 65 36 29 13 0 5081.44 8666.75 757.15 1325.9 4324.29 7340.85 0
ynao_sd_19571022_0520_chen 69 35 34 16 0 5943.87 11497.82 1038.53 1690.59 4905.34 9807.23 0
ynao_sd_19571024_0530_chen 87 68 19 11 0 2930.29 3374.69 851.01 1011.43 2079.28 2363.26 0
ynao_sd_19571025_0310_chen 64 40 24 15 0 4057.26 6040.06 888.03 1143.35 3169.23 4896.71 0
ynao_sd_19571026_0700_niu 66 43 23 13 0 2095.21 4086.39 518.72 716.33 1576.49 3370.06 0
ynao_sd_19571027_0330_chen 95 55 40 18 0 6848.58 11828.66 1158.62 1568.48 5689.96 10260.18 0
ynao_sd_19571028_0320_chen 88 54 34 19 0 6960.72 11226.07 1028.6 1391.86 5932.12 9834.21 0
ynao_sd_19571031_0250_chen 110 63 47 15 0 6782.27 10254.78 1172.51 1825.42 5609.76 8429.36 0
ynao_sd_19571101_0420_xu 49 22 27 19 0 6862.57 12369.03 697.51 1047.95 6165.06 11321.08 0
ynao_sd_19571102_0540_chen 101 58 43 18 0 6584.39 10811.85 1008.77 1679.43 5575.62 9132.42 0
ynao_sd_19571103_0540_chen 110 57 53 24 0 9683.51 18271.78 1409.58 2272.87 8273.93 15998.91 0
ynao_sd_19571104_0530_chen 61 33 28 20 0 6575.54 11885.18 784.41 1203.33 5791.13 10681.85 0
ynao_sd_19571105_0330_chen 52 25 27 13 0 5106.84 8318.06 699.41 1115.56 4407.43 7202.5 0
ynao_sd_19571106_0350_chen 41 24 17 15 0 7162.67 12371.36 868.71 1721.57 6293.96 10649.79 0
ynao_sd_19571107_0350_xu 36 13 23 14 0 7210.29 9358.65 597.81 875.57 6612.48 8483.08 0
ynao_sd_19571108_0350_xu 21 11 10 9 0 2452.58 3385.32 470.31 640.16 1982.27 2745.16 0
ynao_sd_19571109_0850_xu 30 15 15 10 0 5095.71 11211.56 500.64 911.96 4595.07 10299.6 0
ynao_sd_19571110_0650_chen 60 29 31 13 0 5998.12 8575.54 799.05 1169.7 5199.07 7405.84 0
ynao_sd_19571113_0520_chen 56 30 26 12 0 5459.26 6497.21 579.12 670.44 4880.14 5826.77 0
ynao_sd_19571114_0300_chen 69 48 21 13 0 3724.44 6077.99 868.25 1419.13 2856.19 4658.86 0
ynao_sd_19571115_0310_xu 51 29 22 11 0 2134.96 3024.96 634.24 846.35 1500.72 2178.61 0
ynao_sd_19571116_0710_chen 62 44 18 11 0 3426.64 4960.39 600.19 772.3 2826.45 4188.09 0
ynao_sd_19571117_0520_chen 55 30 25 12 0 3519.29 5523.1 709.5 896.73 2809.79 4626.37 0
ynao_sd_19571118_0600_chen 69 44 25 13 0 4753.03 10325.81 817.78 1455.31 3935.25 8870.5 0
ynao_sd_19571119_0600_chen 48 26 22 8 0 1733.06 4451.24 562.37 1044.31 1170.69 3406.93 0
ynao_sd_19571120_0530_chen 49 31 18 9 0 1495.9 3012.29 469.65 644.99 1026.25 2367.3 0
ynao_sd_19571121_0600_chen 73 49 24 12 0 3223.93 4778.14 744.49 1073.17 2479.44 3704.97 0
ynao_sd_19571122_0630_chen 58 40 18 14 0 4414.7 6461.65 723.21 1062.28 3691.49 5399.37 0
ynao_sd_19571123_0400_chen 82 48 34 14 0 4595.55 7791.3 901.76 1305.38 3693.79 6485.92 0
ynao_sd_19571124_0500_chen 58 33 25 12 0 5539.91 8595.92 734.24 1115.96 4805.67 7479.96 0
ynao_sd_19571125_0330_chen 72 45 27 12 0 4784.15 7709.74 878.78 1075.33 3905.37 6634.41 0
ynao_sd_19571126_0300_chen 42 28 14 8 0 3292.7 5022.33 630.83 730.36 2661.87 4291.97 0
ynao_sd_19571128_0250_chen 52 30 22 15 0 5485.64 9917.41 593.74 1052.62 4891.9 8864.79 0
ynao_sd_19571129_0330_chen 93 56 37 17 0 6995.1 9772.67 1131.3 1718.5 5863.8 8054.17 0
ynao_sd_19571202_0520_chen 74 46 28 7 0 5441.69 10189.67 891.46 1206.31 4550.23 8983.36 0
ynao_sd_19571203_0600_chen 100 64 36 12 0 5665.85 7693.05 1133.88 1521.71 4531.97 6171.34 0
ynao_sd_19571205_0220_chen 91 68 23 6 0 2682.07 4888.86 984.32 1738.5 1697.75 3150.36 0
ynao_sd_19571206_0220_chen 54 31 23 16 0 6335.16 10705.07 795.71 1247.99 5539.45 9457.08 0
ynao_sd_19571207_0300_chen 113 87 26 12 0 5620.25 10448.87 833.69 1298.87 4786.56 9150.0 0
ynao_sd_19571208_0440_chen 59 48 11 7 0 1839.39 3237.78 745.28 1197.55 1094.11 2040.23 0
ynao_sd_19571209_0310_chen 39 34 5 2 0 1037.42 1353.01 458.36 732.97 579.06 620.04 0
ynao_sd_19571210_0440_chen 53 45 8 4 0 3072.89 4945.17 405.53 495.85 2667.36 4449.32 0
ynao_sd_19571211_0510_chen 36 30 6 3 0 1719.17 3265.96 392.19 515.22 1326.98 2750.74 0
ynao_sd_19571212_0310_chen 46 33 13 7 0 3495.25 4043.32 430.61 531.42 3064.64 3511.9 0
ynao_sd_19571213_0250_chen 25 13 12 7 0 3611.22 7856.51 399.22 598.29 3212.0 7258.22 0
ynao_sd_19571214_0730_chen 42 30 12 5 0 1449.6 2548.39 507.38 784.05 942.22 1764.34 0
ynao_sd_19571216_0310_chen 65 48 17 8 0 3206.57 5088.39 764.07 1322.31 2442.5 3766.08 0
ynao_sd_19571217_0830_chen 79 51 28 14 0 7227.41 11365.2 1170.45 1725.08 6056.96 9640.12 0
ynao_sd_19571218_0310_chen 93 61 32 11 0 4449.77 5967.38 1058.14 1528.85 3391.63 4438.53 0
ynao_sd_19571219_0330_chen 93 57 36 19 0 9081.64 14593.71 1081.19 1641.08 8000.45 12952.63 0
ynao_sd_19571220_0240_xu 65 21 44 12 0 8686.99 15567.01 1063.58 1501.58 7623.41 14065.43 0
ynao_sd_19571221_0600_chen 115 57 58 26 0 9847.66 16032.38 1399.54 2034.1 8448.12 13998.28 0
ynao_sd_19571222_0340_chen 138 85 53 15 0 10725.09 15866.22 1607.53 2133.75 9117.56 13732.47 0
ynao_sd_19571223_0340_chen 151 79 72 18 0 9417.23 11731.3 1709.21 2258.95 7708.02 9472.35 0
ynao_sd_19571224_0320_chen 127 72 55 20 0 8626.67 11683.71 1690.53 2246.45 6936.14 9437.26 0
ynao_sd_19571225_0450_chen 128 73 55 19 0 7483.59 10076.92 1546.36 2231.44 5937.23 7845.48 0
ynao_sd_19571226_0320_chen 151 93 58 21 0 9341.96 15589.36 1749.43 2438.06 7592.53 13151.3 0
ynao_sd_19571227_0340_chen 93 40 53 20 0 9523.9 12934.31 1515.61 2040.85 8008.29 10893.46 0
ynao_sd_19571228_0520_chen 89 46 43 16 0 7333.27 9682.26 1166.07 1678.83 6167.2 8003.43 0
