ynao_sd_19580107_0450_chen 79 57 22 12 0 5686.92 9036.61 772.0 1152.85 4914.92 7883.76
ynao_sd_19580108_0300_chen 95 70 25 12 0 2758.64 4563.83 761.67 1053.73 1996.97 3510.1
ynao_sd_19580109_0310_chen 65 53 12 9 0 5980.49 10288.17 1015.62 1492.55 4964.87 8795.62
ynao_sd_19580110_0650_xu 47 20 27 18 0 4463.45 8671.36 689.16 1046.39 3774.29 7624.97
ynao_sd_19580112_0440_chen 111 89 22 14 0 4949.02 8033.47 857.86 1270.95 4091.16 6762.52
ynao_sd_19580113_0500_chen 98 58 40 15 0 5345.22 8061.37 1191.99 1579.56 4153.23 6481.81
ynao_sd_19580114_0330_chen 122 81 41 14 0 6178.44 8228.21 1203.72 1546.77 4974.72 6681.44
ynao_sd_19580116_0310_chen 110 82 28 13 0 5565.71 10446.85 1713.12 2316.34 3852.59 8130.51
ynao_sd_19580117_0300_xu 65 41 24 17 0 6060.09 12236.98 1130.46 1763.8 4929.63 10473.18
ynao_sd_19580118_0630_chen 65 43 22 14 0 6846.58 10861.91 1023.51 1616.3 5823.07 9245.61
ynao_sd_19580119_0350_chen 67 34 33 15 0 9319.46 15005.55 882.77 1334.54 8436.69 13671.01
ynao_sd_19580120_0340_chen 62 37 25 11 0 5717.13 9108.46 933.66 1348.69 4783.47 7759.77
ynao_sd_19580121_0300_chen 83 57 26 13 0 6119.73 9829.21 794.18 1333.0 5325.55 8496.21
ynao_sd_19580122_0300_chen 75 40 35 14 0 5210.21 8955.38 781.31 1262.99 4428.9 7692.39
ynao_sd_19580123_0340_chen 46 33 13 7 0 5102.39 7510.48 650.27 1046.16 4452.12 6464.32
ynao_sd_19580124_0510_xu 28 21 7 9 0 3893.53 5135.8 560.85 711.27 3332.68 4424.53
ynao_sd_19580125_0320_chen 51 30 21 11 0 5770.61 8016.73 592.77 871.82 5177.84 7144.91
ynao_sd_19580126_0340_chen 67 46 21 12 0 5161.6 11004.5 751.21 1330.59 4410.39 9673.91
ynao_sd_19580127_0300_chen 67 37 30 15 0 6099.66 10760.84 903.45 1363.29 5196.21 9397.55
ynao_sd_19580128_0450_chen 57 33 24 13 0 4692.51 6710.37 611.31 803.6 4081.2 5906.77
ynao_sd_19580129_0310_chen 59 37 22 10 0 2918.11 3392.96 614.09 742.54 2304.02 2650.42
ynao_sd_19580201_0510_chen 36 20 16 8 0 2803.41 6347.85 607.2 869.32 2196.21 5478.53
ynao_sd_19580202_0310_chen 45 30 15 10 0 5340.18 12644.93 496.46 880.53 4843.72 11764.4
ynao_sd_19580203_0330_chen 43 23 20 9 0 4873.59 11564.18 511.91 858.51 4361.68 10705.67
ynao_sd_19580204_0340_xu 39 21 18 8 0 3197.22 4242.97 625.86 897.94 2571.36 3345.03
ynao_sd_19580205_0310_chen 55 38 17 9 0 3311.83 5229.88 730.74 992.12 2581.09 4237.76
ynao_sd_19580206_0500_chen 61 36 25 11 0 3890.12 4354.47 854.1 1039.32 3036.02 3315.15
ynao_sd_19580207_0230_xu 42 25 17 8 0 4114.42 8120.19 779.75 1024.28 3334.67 7095.91
ynao_sd_19580215_0750_chen 35 25 10 3 0 2918.12 3753.76 727.9 1043.24 2190.22 2710.52
ynao_sd_19580220_0230_chen 29 17 12 8 0 3946.99 5793.09 555.79 707.77 3391.2 5085.32
ynao_sd_19580223_0250_chen 55 45 10 8 0 2290.28 2450.71 517.41 618.36 1772.87 1832.35
ynao_sd_19580224_0700_chen 61 26 35 8 0 4415.81 5093.11 811.57 983.11 3604.24 4110.0
ynao_sd_19580226_0230_chen 74 42 32 12 0 5222.9 8162.27 843.44 1267.42 4379.46 6894.85
ynao_sd_19580227_0230_chen 41 30 11 5 0 1072.13 1515.43 515.31 805.22 556.82 710.21
ynao_sd_19580228_0330_chen 42 28 14 4 0 2574.97 5890.51 425.98 686.21 2148.99 5204.3
ynao_sd_19580301_0250_xu 19 3 16 6 0 3587.49 7668.37 306.0 643.86 3281.49 7024.51
ynao_sd_19580303_0250_chen 56 33 23 3 0 1205.49 2905.55 621.8 1097.77 583.69 1807.78
ynao_sd_19580304_0320_chen 77 49 28 11 0 4667.55 7542.3 708.29 1027.03 3959.26 6515.27
ynao_sd_19580305_0320_chen 92 54 38 11 0 4604.87 5706.27 1037.6 1330.11 3567.27 4376.16
ynao_sd_19580306_0400_chen 106 71 35 11 0 5754.06 8198.16 1268.66 1669.78 4485.4 6528.38
ynao_sd_19580307_0310_chen 94 62 32 18 0 5102.95 7201.07 1071.56 1574.19 4031.39 5626.88
ynao_sd_19580308_0320_xu 47 30 17 13 0 6546.94 8780.34 906.29 1446.27 5640.65 7334.07
ynao_sd_19580309_0500_chen 55 34 21 11 0 3769.36 5155.25 746.86 1037.54 3022.5 4117.71
ynao_sd_19580311_0310_chen 107 86 21 12 0 2868.86 4392.54 804.31 1178.76 2064.55 3213.78
ynao_sd_19580312_0330_chen 75 63 12 10 0 1772.73 2722.54 804.48 1310.53 968.25 1412.01
ynao_sd_19580313_0320_chen 66 47 19 10 0 2557.63 5510.17 648.83 1013.41 1908.8 4496.76
ynao_sd_19580314_0320_chen 88 54 34 12 0 2414.65 3054.28 687.16 981.66 1727.49 2072.62
ynao_sd_19580315_0250_xu 43 25 18 11 0 4052.4 7285.57 563.88 787.39 3488.52 6498.18
ynao_sd_19580316_0600_chen 77 54 23 11 0 1910.57 2617.67 582.42 852.68 1328.15 1764.99
ynao_sd_19580317_0410_chen 64 32 32 12 0 3347.21 4762.83 609.15 892.67 2738.06 3870.16
ynao_sd_19580319_0310_chen 50 28 22 16 0 3119.72 5678.02 504.82 764.02 2614.9 4914.0
ynao_sd_19580320_0340_chen 58 22 36 10 0 3437.34 4624.8 587.92 805.13 2849.42 3819.67
ynao_sd_19580321_0600_chen 68 37 31 12 0 4053.89 5718.86 948.05 1476.56 3105.84 4242.3
ynao_sd_19580322_0600_niu 64 39 25 14 0 1485.67 2193.77 877.72 1163.85 607.95 1029.92
ynao_sd_19580323_0640_chen 79 43 36 14 0 5822.79 13228.24 1160.66 2181.39 4662.13 11046.85
ynao_sd_19580324_0540_chen 76 43 33 12 0 4672.99 7903.76 1166.81 1998.44 3506.18 5905.32
ynao_sd_19580325_0310_chen 76 31 45 13 0 6984.21 9859.55 1389.76 2422.02 5594.45 7437.53
ynao_sd_19580326_0510_chen 96 43 53 15 0 5777.35 8266.74 997.45 1425.59 4779.9 6841.15
ynao_sd_19580327_0400_xu 132 73 59 19 0 6562.02 10369.25 1401.98 1890.89 5160.04 8478.36
ynao_sd_19580329_0530_xu 50 31 19 9 0 10798.05 14046.51 1199.1 1425.82 9598.95 12620.69
ynao_sd_19580330_0520_xu 51 32 19 9 0 5984.9 7313.15 983.86 1272.25 5001.04 6040.9
ynao_sd_19580401_0340_chen 94 44 50 25 0 6951.52 8386.69 1256.33 1553.21 5695.19 6833.48
ynao_sd_19580402_0300_chen 102 62 40 16 0 6596.92 8486.48 1305.65 1731.35 5291.27 6755.13
ynao_sd_19580403_0510_chen 95 60 35 19 0 4463.63 6432.87 1229.52 1928.36 3234.11 4504.51
ynao_sd_19580404_0620_xu 116 76 40 21 0 6367.11 9317.7 1193.7 1859.33 5173.41 7458.37
ynao_sd_19580405_0320_xu 38 30 8 10 0 4635.27 6858.77 847.65 1126.18 3787.62 5732.59
ynao_sd_19580406_0610_chen 108 74 34 22 0 10085.67 14470.75 1448.04 1970.41 8637.63 12500.34
ynao_sd_19580407_0530_chen 102 65 37 23 0 5326.18 8049.58 857.72 1191.19 4468.46 6858.39
ynao_sd_19580408_0510_chen 98 58 40 21 0 4165.61 5780.34 960.25 1369.88 3205.36 4410.46
ynao_sd_19580409_0350_chen 63 36 27 18 0 4237.88 5531.28 854.75 1305.36 3383.13 4225.92
ynao_sd_19580410_0330_chen 69 52 17 10 0 2367.75 3012.36 686.73 888.57 1681.02 2123.79
ynao_sd_19580411_0330_chen 59 42 17 8 0 1732.64 2144.61 564.5 709.29 1168.14 1435.32
ynao_sd_19580412_0230_chen 48 33 15 10 0 2840.86 4565.18 558.02 789.47 2282.84 3775.71
ynao_sd_19580413_0400_xu 16 14 2 3 0 1441.76 2013.32 318.86 532.18 1122.9 1481.14
ynao_sd_19580414_0320_xu 16 10 6 5 0 2140.21 3774.09 233.03 445.74 1907.18 3328.35
ynao_sd_19580415_0400_chen 21 19 2 3 0 1211.5 2016.57 367.77 882.59 843.73 1133.98
ynao_sd_19580416_0310_chen 26 14 12 6 0 2355.22 3577.05 217.37 367.03 2137.85 3210.02
ynao_sd_19580418_0400_chen 38 23 15 5 0 1752.19 2486.38 385.31 553.3 1366.88 1933.08
ynao_sd_19580419_0450_chen 66 36 30 13 0 2959.21 3610.45 589.68 746.26 2369.53 2864.19
ynao_sd_19580420_0400_xu 59 42 17 6 0 3054.3 3614.99 763.5 872.07 2290.8 2742.92
ynao_sd_19580421_0120_chen 60 31 29 10 0 3599.44 5387.48 728.75 1091.88 2870.69 4295.6
ynao_sd_19580423_0300_chen 86 56 30 10 0 3830.31 5501.74 802.88 1102.13 3027.43 4399.61
ynao_sd_19580424_0310_chen 64 45 19 9 0 4295.86 6728.8 651.92 876.09 3643.94 5852.71
ynao_sd_19580425_0330_chen 52 28 24 13 1 3985.03 5474.12 611.82 854.43 3373.21 4619.69
ynao_sd_19580426_0330_chen 58 38 20 7 0 2933.33 4906.61 802.36 1424.29 2130.97 3482.32
ynao_sd_19580427_0540_xu 33 18 15 8 0 6676.19 13868.91 789.69 1183.7 5886.5 12685.21
ynao_sd_19580429_0330_chen 80 36 44 13 0 6049.52 10490.01 955.24 1369.34 5094.28 9120.67
ynao_sd_19580430_0330_chen 65 29 36 11 0 6180.26 7873.57 944.67 1168.84 5235.59 6704.73
ynao_sd_19580501_0310_chen 74 37 37 16 0 4375.09 5381.64 1172.77 1440.88 3202.32 3940.76
ynao_sd_19580503_0250_chen 79 52 27 12 0 4120.97 5111.14 986.59 1181.93 3134.38 3929.21
ynao_sd_19580505_0450_chen 114 72 42 17 0 4757.53 6332.44 1027.33 1371.49 3730.2 4960.95
ynao_sd_19580506_0520_chen 74 44 30 14 0 5736.37 9513.67 888.37 1268.74 4848.0 8244.93
ynao_sd_19580507_0330_chen 81 61 20 13 0 5717.79 12460.42 843.16 1484.59 4874.63 10975.83
ynao_sd_19580508_0400_niu 51 28 23 13 0 4671.19 10346.22 761.08 1380.9 3910.11 8965.32
ynao_sd_19580509_0510_xu 32 22 10 5 0 1978.33 3437.54 583.97 960.35 1394.36 2477.19
ynao_sd_19580510_0220_niu 33 16 17 14 0 4246.99 7500.99 488.69 756.98 3758.3 6744.01
ynao_sd_19580511_0300_chen 53 40 13 9 0 1857.4 2919.84 775.63 1244.52 1081.77 1675.32
ynao_sd_19580512_0320_chen 68 54 14 10 0 1648.12 2938.77 608.22 994.06 1039.9 1944.71
ynao_sd_19580513_0920_chen 56 41 15 9 0 1712.63 4117.34 497.15 1011.2 1215.48 3106.14
ynao_sd_19580514_0320_chen 65 50 15 8 0 1246.87 2002.25 418.9 602.24 827.97 1400.01
ynao_sd_19580515_0320_chen 37 30 7 5 0 959.08 1513.89 362.07 555.74 597.01 958.15
ynao_sd_19580516_0210_xu 32 22 10 8 0 3412.87 5178.58 482.32 647.5 2930.55 4531.08
ynao_sd_19580518_0500_chen 34 17 17 9 0 1334.23 1817.2 367.69 509.2 966.54 1308.0
ynao_sd_19580521_0200_chen 48 21 27 17 0 2807.01 5091.43 485.64 744.32 2321.37 4347.11
ynao_sd_19580522_0400_niu 55 24 31 21 0 2254.6 3022.4 431.75 577.91 1822.85 2444.49
ynao_sd_19580526_0340_chen 46 26 20 8 0 3380.09 5291.01 542.37 733.42 2837.72 4557.59
ynao_sd_19580527_0300_chen 41 22 19 12 0 4163.12 6314.44 376.94 547.55 3786.18 5766.89
ynao_sd_19580528_0340_chen 40 21 19 12 0 3834.84 6867.74 403.11 666.5 3431.73 6201.24
ynao_sd_19580529_0240_chen 40 23 17 8 0 4365.69 7251.61 817.59 1448.14 3548.1 5803.47
ynao_sd_19580530_0310_chen 39 20 19 10 0 2654.65 3656.14 545.42 810.57 2109.23 2845.57
ynao_sd_19580531_0320_chen 50 32 18 10 0 1722.27 2295.87 459.54 627.13 1262.73 1668.74
ynao_sd_19580601_0300_xu 54 44 10 8 0 2411.44 3127.7 736.53 951.66 1674.91 2176.04
ynao_sd_19580602_0510_xu 24 14 10 6 0 2715.83 3353.48 453.08 559.6 2262.75 2793.88
ynao_sd_19580603_0600_xu 32 21 11 6 0 3032.71 6444.22 615.68 1075.68 2417.03 5368.54
ynao_sd_19580604_0500_xu 34 23 11 9 0 2176.54 3210.4 538.06 914.7 1638.48 2295.7
ynao_sd_19580605_0440_xu 51 31 20 9 0 4794.38 10485.46 914.47 1837.4 3879.91 8648.06
ynao_sd_19580606_0440_xu 45 29 16 7 0 6374.53 10515.82 791.5 1420.23 5583.03 9095.59
ynao_sd_19580607_0840_xu 39 23 16 9 0 5464.61 7495.55 791.11 1146.83 4673.5 6348.72
ynao_sd_19580608_0400_xu 14 5 9 6 0 2196.82 2810.5 497.7 642.68 1699.12 2167.82
ynao_sd_19580609_0250_xu 37 15 22 12 0 6200.13 9941.39 799.67 1384.64 5400.46 8556.75
ynao_sd_19580611_0650_xu 36 21 15 12 0 3899.97 4884.0 633.13 880.95 3266.84 4003.05
ynao_sd_19580612_0850_xu 76 61 15 9 0 4201.92 6556.71 1036.43 1533.07 3165.49 5023.64
ynao_sd_19580613_0440_xu 39 18 21 13 0 2175.53 3686.85 545.94 961.98 1629.59 2724.87
ynao_sd_19580616_0810_xu 26 15 11 5 0 1526.74 2035.03 420.38 633.6 1106.36 1401.43
ynao_sd_19580620_0850_xu 37 27 10 10 0 2425.63 3795.72 709.86 1215.57 1715.77 2580.15
ynao_sd_19580621_0830_xu 67 51 16 11 0 1929.74 2844.94 916.47 1251.5 1013.27 1593.44
ynao_sd_19580622_0340_niu 58 40 18 14 0 1629.35 2408.6 395.83 540.41 1233.52 1868.19
ynao_sd_19580628_0540_niu 70 47 23 11 0 1473.38 1727.57 496.82 649.13 976.56 1078.44
ynao_sd_19580704_0320_niu 41 21 20 10 0 1847.99 2443.86 339.81 487.92 1508.18 1955.94
ynao_sd_19580707_0250_niu 53 22 31 21 0 5228.82 9838.76 745.12 1027.53 4483.7 8811.23
ynao_sd_19580708_0830_niu 95 57 38 18 0 4080.96 5099.42 743.45 984.79 3337.51 4114.63
ynao_sd_19580709_0930_niu 91 58 33 14 0 3071.15 4118.51 666.31 903.07 2404.84 3215.44
ynao_sd_19580710_0810_niu 70 35 35 16 0 4035.77 5516.6 673.58 962.73 3362.19 4553.87
ynao_sd_19580712_0740_niu 27 7 20 8 0 1896.8 2750.35 288.92 451.74 1607.88 2298.61
ynao_sd_19580713_0030_niu 35 14 21 9 0 5641.56 12645.27 388.71 841.65 5252.85 11803.62
ynao_sd_19580714_0510_xu 26 17 9 5 0 853.75 1259.75 317.97 590.21 535.78 669.54
ynao_sd_19580715_0630_xu 31 17 14 8 0 1721.3 2227.11 400.33 535.38 1320.97 1691.73
ynao_sd_19580716_0510_xu 19 11 8 5 0 1720.43 2032.77 336.23 422.2 1384.2 1610.57
ynao_sd_19580717_0210_xu 37 19 18 5 0 2895.89 3230.49 631.26 759.19 2264.63 2471.3
ynao_sd_19580718_0440_xu 39 14 25 8 0 3566.97 3867.3 693.47 791.65 2873.5 3075.65
ynao_sd_19580721_0710_xu 38 23 15 11 0 2992.06 4201.24 600.8 883.57 2391.26 3317.67
ynao_sd_19580723_1000_xu 33 9 24 13 0 4123.81 8461.2 589.76 1013.48 3534.05 7447.72
ynao_sd_19580724_0000_xu 67 55 12 7 0 1822.07 3325.85 668.6 968.75 1153.47 2357.1
ynao_sd_19580725_0420_xu 38 17 21 8 0 4937.28 5565.53 807.89 1051.95 4129.39 4513.58
ynao_sd_19580726_0250_xu 51 33 18 9 0 3135.33 4373.1 749.8 1034.08 2385.53 3339.02
ynao_sd_19580727_0340_niu 49 26 23 10 0 1730.34 1984.26 473.34 567.14 1257.0 1417.12
ynao_sd_19580728_0440_xu 57 42 15 4 0 3928.06 4968.56 828.8 1087.03 3099.26 3881.53
ynao_sd_19580804_0800_xu 98 87 11 10 0 2550.58 4112.39 1075.86 1563.39 1474.72 2549.0
ynao_sd_19580805_0720_xu 62 52 10 7 0 2456.29 4480.61 829.7 1353.26 1626.59 3127.35
ynao_sd_19580807_0400_xu 77 59 18 10 0 2773.33 4250.34 851.29 1606.05 1922.04 2644.29
ynao_sd_19580810_0120_chen 110 85 25 10 0 4134.8 6796.42 989.71 1379.17 3145.09 5417.25
ynao_sd_19580811_0640_xu 57 34 23 15 0 2848.36 3424.86 822.62 1109.48 2025.74 2315.38
ynao_sd_19580818_0730_chen 46 26 20 8 0 2062.38 3401.92 371.22 585.3 1691.16 2816.62
ynao_sd_19580820_0830_xu 30 24 6 4 0 2409.63 3694.39 493.34 597.95 1916.29 3096.44
ynao_sd_19580821_0710_chen 66 41 25 10 0 3610.96 4849.43 683.64 792.95 2927.32 4056.48
ynao_sd_19580822_0210_chen 64 41 23 15 0 3352.19 3828.1 617.83 844.84 2734.36 2983.26
ynao_sd_19580826_0910_chen 55 28 27 15 0 2787.73 3783.95 378.36 611.5 2409.37 3172.45
ynao_sd_19580829_0740_niu 62 39 23 18 0 2687.56 4606.24 564.28 884.03 2123.28 3722.21
ynao_sd_19580830_0710_niu 75 44 31 16 0 2483.06 2773.67 660.64 736.6 1822.42 2037.07
ynao_sd_19580831_0930_niu 82 42 40 19 0 3469.2 3739.69 834.66 917.88 2634.54 2821.81
ynao_sd_19580901_0630_niu 123 78 45 18 0 3577.22 3924.76 1085.24 1223.56 2491.98 2701.2
ynao_sd_19580902_0430_niu 93 49 44 17 0 4969.28 5751.89 1040.73 1213.19 3928.55 4538.7
ynao_sd_19580903_0410_niu 53 24 29 17 0 4082.88 8374.0 821.04 1593.89 3261.84 6780.11
ynao_sd_19580909_0320_xu 38 20 18 12 0 2154.96 3635.11 314.74 394.09 1840.22 3241.02
ynao_sd_19580910_0240_chen 104 70 34 15 0 2415.9 3900.52 670.43 803.39 1745.47 3097.13
ynao_sd_19580911_0400_chen 105 66 39 19 0 2710.24 3619.56 748.12 968.94 1962.12 2650.62
ynao_sd_19580912_0300_chen 90 65 25 16 0 3118.15 4389.49 688.22 1091.38 2429.93 3298.11
ynao_sd_19580914_0410_chen 95 80 15 14 0 3336.81 7445.55 873.6 1452.38 2463.21 5993.17
ynao_sd_19580915_0540_chen 103 77 26 12 0 5495.17 9826.26 1038.16 1503.14 4457.01 8323.12
ynao_sd_19580916_0300_xu 49 37 12 8 0 4715.02 6359.31 947.53 1211.25 3767.49 5148.06
ynao_sd_19580918_0910_chen 94 64 30 11 0 5173.69 6108.51 1029.4 1305.79 4144.29 4802.72
ynao_sd_19580920_0940_chen 53 35 18 9 0 2793.28 3444.08 677.19 907.08 2116.09 2537.0
ynao_sd_19580921_0310_chen 50 31 19 13 0 4120.1 8735.73 761.02 1421.58 3359.08 7314.15
ynao_sd_19580922_0320_chen 44 27 17 14 0 3126.48 5619.18 790.96 1529.0 2335.52 4090.18
ynao_sd_19580923_0250_xu 37 20 17 14 0 5106.98 9884.91 994.24 1687.45 4112.74 8197.46
ynao_sd_19580924_0240_chen 56 41 15 12 0 3911.41 6696.1 701.36 1418.98 3210.05 5277.12
ynao_sd_19580925_0320_chen 71 32 39 16 0 4351.99 8368.25 913.74 1678.82 3438.25 6689.43
ynao_sd_19580926_0510_chen 87 61 26 10 0 3835.77 4874.91 792.3 1138.84 3043.47 3736.07
ynao_sd_19580929_0910_chen 87 71 16 10 0 3511.12 4156.1 862.76 1074.68 2648.36 3081.42
ynao_sd_19581004_0730_chen 71 46 25 11 0 2179.12 3720.55 511.28 865.31 1667.84 2855.24
ynao_sd_19581009_0410_xu 47 42 5 4 0 944.29 1135.93 467.55 634.95 476.74 500.98
ynao_sd_19581010_0850_chen 44 41 3 3 0 1406.72 1731.96 297.73 472.91 1108.99 1259.05
ynao_sd_19581011_0820_chen 32 25 7 3 0 1014.67 2686.67 606.52 1527.01 408.15 1159.66
ynao_sd_19581016_0600_niu 64 34 30 15 0 3848.43 6518.4 816.14 1119.49 3032.29 5398.91
ynao_sd_19581021_0240_chen 97 57 40 22 0 5630.89 9299.26 1179.53 1574.82 4451.36 7724.44
ynao_sd_19581023_0820_chen 90 66 24 13 0 2974.52 4133.29 1086.9 1776.39 1887.62 2356.9
ynao_sd_19581029_0230_chen 78 49 29 16 0 2618.63 5104.86 641.83 1112.37 1976.8 3992.49
ynao_sd_19581030_0500_chen 83 52 31 12 0 3148.16 5362.36 637.31 1002.4 2510.85 4359.96
ynao_sd_19581031_0200_cheng 106 84 22 15 0 2403.29 3329.37 892.62 1441.3 1510.67 1888.07
ynao_sd_19581101_0230_cheng 98 67 31 14 0 2974.83 3459.02 742.75 877.83 2232.08 2581.19
ynao_sd_19581102_0320_cheng 111 76 35 12 0 3060.52 3375.56 986.41 1116.06 2074.11 2259.5
ynao_sd_19581103_0240_xu 110 89 21 10 0 4064.06 6543.82 1259.47 1628.7 2804.59 4915.12
ynao_sd_19581104_0400_xu 59 47 12 5 0 4404.16 5041.65 1114.97 1439.97 3289.19 3601.68
ynao_sd_19581105_0340_cheng 54 36 18 9 0 3514.33 4941.72 641.45 908.38 2872.88 4033.34
ynao_sd_19581106_0550_cheng 48 28 20 10 0 2378.24 3450.65 419.12 584.69 1959.12 2865.96
ynao_sd_19581109_0550_cheng 15 13 2 1 0 211.23 528.76 131.26 261.03 79.97 267.73
ynao_sd_19581110_0310_cheng 12 10 2 2 0 1363.87 2202.11 219.42 459.16 1144.45 1742.95
ynao_sd_19581111_0400_cheng 16 14 2 3 0 2641.76 3244.68 227.35 393.53 2414.41 2851.15
ynao_sd_19581112_0310_cheng 19 14 5 2 0 2057.23 4609.62 330.67 533.48 1726.56 4076.14
ynao_sd_19581113_0440_cheng 21 18 3 2 0 1644.6 2479.57 278.1 395.97 1366.5 2083.6
ynao_sd_19581114_0350_cheng 14 13 1 1 0 1216.88 1680.81 213.61 263.12 1003.27 1417.69
ynao_sd_19581115_0330_cheng 16 13 3 3 0 1102.52 1430.36 126.44 249.15 976.08 1181.21
ynao_sd_19581116_0500_cheng 28 26 2 1 0 316.42 501.94 234.95 301.23 81.47 200.71
ynao_sd_19581117_0230_cheng 28 25 3 3 0 942.6 1425.93 266.25 354.92 676.35 1071.01
ynao_sd_19581118_0420_niu 25 22 3 4 0 1284.93 1594.18 245.85 462.41 1039.08 1131.77
ynao_sd_19581119_0420_niu 26 16 10 7 0 783.24 1637.99 231.73 418.73 551.51 1219.26
ynao_sd_19581121_0500_cheng 36 23 13 6 0 801.31 1123.6 316.31 475.35 485.0 648.25
ynao_sd_19581202_0610_gong 103 66 37 9 0 5192.68 11012.07 919.05 1461.81 4273.63 9550.26
ynao_sd_19581203_0720_cheng 95 59 36 7 0 2991.04 3692.28 921.98 1175.7 2069.06 2516.58
ynao_sd_19581204_0350_cheng 98 72 26 12 0 6893.03 12164.71 973.73 1482.71 5919.3 10682.0
ynao_sd_19581205_0830_cheng 110 51 59 19 0 5156.25 9197.27 854.57 1203.9 4301.68 7993.37
ynao_sd_19581212_0810_cheng 92 53 39 17 0 5332.16 7409.03 935.4 1141.64 4396.76 6267.39
ynao_sd_19581215_0230_cheng 86 52 34 17 0 2868.81 3835.63 588.25 761.19 2280.56 3074.44
ynao_sd_19581216_0820_gong 68 34 34 16 0 2878.78 4886.44 765.09 1128.78 2113.69 3757.66
ynao_sd_19581217_0410_gong 45 24 21 6 0 1905.81 2851.98 726.87 1388.27 1178.94 1463.71
ynao_sd_19581218_0340_cheng 37 16 21 9 0 4110.78 8692.78 507.32 1072.02 3603.46 7620.76
ynao_sd_19581219_0250_cheng 34 14 20 11 0 3176.38 6336.18 395.41 652.11 2780.97 5684.07
ynao_sd_19581220_0600_cheng 28 20 8 6 0 1042.18 1438.41 287.58 424.26 754.6 1014.15
ynao_sd_19581221_0320_cheng 18 8 10 6 0 2532.27 4892.97 406.82 682.8 2125.45 4210.17
ynao_sd_19581222_0340_cheng 37 21 16 8 0 2647.57 5988.36 345.15 1039.24 2302.42 4949.12
ynao_sd_19581223_0410_gong 27 11 16 7 0 3377.05 7053.92 482.78 957.16 2894.27 6096.76
ynao_sd_19581224_0410_gong 74 46 28 9 0 4004.2 6627.47 892.8 1360.48 3111.4 5266.99
ynao_sd_19581225_0340_cheng 47 32 15 10 0 1667.08 2264.4 540.71 834.81 1126.37 1429.59
ynao_sd_19581226_0440_cheng 69 52 17 16 0 2703.52 3491.17 833.74 1091.8 1869.78 2399.37
ynao_sd_19581227_0610_cheng 78 54 24 14 0 3352.07 4330.28 880.49 1123.4 2471.58 3206.88
ynao_sd_19581228_0340_cheng 56 41 15 10 0 2143.84 2620.95 721.37 853.95 1422.47 1767.0
ynao_sd_19581229_0550_cheng 69 42 27 13 0 2520.81 2961.71 610.04 730.1 1910.77 2231.61
ynao_sd_19581230_0540_gong 75 56 19 7 0 2146.14 2595.34 814.19 1051.1 1331.95 1544.24
ynao_sd_19581231_0600_gong 50 27 23 16 0 2265.97 3035.84 553.42 758.15 1712.55 2277.69
