ynao_sd_19600103_0230_chen 20 8 12 8 0 1336.28 2678.31 252.87 440.8 1083.41 2237.51
ynao_sd_19600104_0220_chen 39 25 14 10 0 2004.93 4119.21 403.94 656.36 1600.99 3462.85
ynao_sd_19600107_0240_gong 98 57 41 15 0 5159.74 7413.29 1067.33 1501.8 4092.41 5911.49
ynao_sd_19600108_0310_gong 86 54 32 10 0 5123.18 6656.49 963.46 1251.78 4159.72 5404.71
ynao_sd_19600109_0520_chen 70 38 32 12 0 4514.87 5269.4 793.89 985.29 3720.98 4284.11
ynao_sd_19600110_0340_gong 83 59 24 8 0 4292.14 4852.56 833.14 941.41 3459.0 3911.15
ynao_sd_19600111_0250_gong 49 28 21 7 0 4022.72 4836.39 689.77 891.42 3332.95 3944.97
ynao_sd_19600112_0330_gong 39 13 26 9 0 3792.13 4818.76 579.04 735.38 3213.09 4083.38
ynao_sd_19600113_0300_gong 48 25 23 9 0 2644.93 3756.49 573.73 824.15 2071.2 2932.34
ynao_sd_19600114_0240_gong 44 30 14 10 0 1904.47 3134.38 465.74 733.8 1438.73 2400.58
ynao_sd_19600115_0200_chen 23 15 8 6 0 1885.44 4216.58 255.79 437.2 1629.65 3779.38
ynao_sd_19600116_0510_gong 42 23 19 11 0 1362.38 3077.05 348.09 679.5 1014.29 2397.55
ynao_sd_19600117_0250_gong 40 25 15 10 0 2349.02 5526.77 423.15 796.18 1925.87 4730.59
ynao_sd_19600118_0300_gong 29 19 10 7 0 1382.69 2127.1 329.14 475.02 1053.55 1652.08
ynao_sd_19600119_0320_gong 27 14 13 6 0 1358.56 1891.6 274.26 366.47 1084.3 1525.13
ynao_sd_19600120_0230_chen 29 15 14 8 0 1321.18 1871.03 274.47 367.11 1046.71 1503.92
ynao_sd_19600121_0250_gong 44 35 9 5 0 2278.89 2893.65 337.88 399.51 1941.01 2494.14
ynao_sd_19600122_0250_gong 44 36 8 5 0 2094.8 2580.63 344.89 425.12 1749.91 2155.51
ynao_sd_19600124_0210_chen 44 26 18 11 0 1718.24 2951.8 394.21 710.0 1324.03 2241.8
ynao_sd_19600126_0640_gong 91 49 42 20 0 4806.79 6970.6 739.3 1037.05 4067.49 5933.55
ynao_sd_19600129_0430_chen 91 33 58 21 0 4282.04 5206.88 736.85 917.47 3545.19 4289.41
ynao_sd_19600131_0250_gong 78 40 38 17 0 4017.96 4933.72 700.02 823.37 3317.94 4110.35
ynao_sd_19600205_0700_gong 67 49 18 13 0 1881.92 3047.95 494.65 721.99 1387.27 2325.96
ynao_sd_19600206_0400_gong 60 40 20 12 0 2385.37 4569.51 493.65 888.25 1891.72 3681.26
ynao_sd_19600207_0240_gong 49 28 21 11 0 2358.66 4174.08 555.36 883.79 1803.3 3290.29
ynao_sd_19600208_0200_chen 57 32 25 11 0 2057.0 3146.16 466.43 677.06 1590.57 2469.1
ynao_sd_19600209_0250_gong 63 42 21 15 0 3903.61 5563.54 601.04 946.35 3302.57 4617.19
ynao_sd_19600214_0320_gong 45 23 22 7 0 2293.39 2688.16 549.91 656.63 1743.48 2031.53
ynao_sd_19600215_0520_gong 58 34 24 7 0 3684.22 4259.37 609.9 707.39 3074.32 3551.98
ynao_sd_19600216_0300_gong 44 25 19 7 0 2691.39 3329.62 531.02 692.27 2160.37 2637.35
ynao_sd_19600217_0230_gong 38 17 21 7 0 1959.6 2643.43 404.03 579.33 1555.57 2064.1
ynao_sd_19600218_0540_gong 18 7 11 5 0 1077.76 1484.85 165.73 229.7 912.03 1255.15
ynao_sd_19600219_0230_gong 27 17 10 5 0 792.73 1517.52 207.74 408.85 584.99 1108.67
ynao_sd_19600220_0800_chen 11 8 3 3 0 421.75 940.48 130.6 342.24 291.15 598.24
ynao_sd_19600222_0330_gong 24 14 10 6 0 822.42 1417.54 233.36 372.4 589.06 1045.14
ynao_sd_19600223_0230_gong 31 23 8 5 0 1050.39 1407.78 309.25 398.42 741.14 1009.36
ynao_sd_19600224_0300_chen 31 25 6 5 0 894.14 1110.63 268.25 320.62 625.89 790.01
ynao_sd_19600225_0120_chen 32 24 8 7 0 701.98 782.21 215.07 247.77 486.91 534.44
ynao_sd_19600226_0250_gong 27 21 6 5 0 768.04 839.84 244.94 271.67 523.1 568.17
ynao_sd_19600227_0140_chen 40 36 4 4 0 752.9 1288.11 297.42 436.0 455.48 852.11
ynao_sd_19600228_0250_gong 33 29 4 3 0 788.44 1157.16 284.75 411.0 503.69 746.16
ynao_sd_19600229_0240_gong 34 25 9 5 0 930.04 1233.12 317.47 407.09 612.57 826.03
ynao_sd_19600301_0150_gong 21 17 4 4 0 793.79 979.43 234.84 290.64 558.95 688.79
ynao_sd_19600302_0500_gong 21 17 4 4 0 786.3 971.27 248.91 305.5 537.39 665.77
ynao_sd_19600303_0820_gong 31 28 3 2 0 704.95 893.8 271.53 370.99 433.42 522.81
ynao_sd_19600305_0230_gong 15 11 4 4 0 1621.75 4848.06 214.5 376.16 1407.25 4471.9
ynao_sd_19600306_0250_gong 24 18 6 5 0 1060.22 1626.08 261.52 402.25 798.7 1223.83
ynao_sd_19600307_0240_gong 43 35 8 5 0 1037.87 1511.7 380.8 578.38 657.07 933.32
ynao_sd_19600308_0240_gong 39 33 6 4 0 965.72 1356.46 277.04 411.49 688.68 944.97
ynao_sd_19600309_0150_gong 56 42 14 7 0 1019.63 1404.32 385.39 493.85 634.24 910.47
ynao_sd_19600310_0240_gong 39 30 9 5 0 947.07 1388.35 322.15 426.94 624.92 961.41
ynao_sd_19600311_0230_gong 54 46 8 3 0 690.23 777.26 337.89 380.95 352.34 396.31
ynao_sd_19600312_0100_chen 18 11 7 3 0 308.56 342.34 96.22 111.45 212.34 230.89
ynao_sd_19600313_0330_gong 19 15 4 3 0 345.43 561.19 159.84 184.08 185.59 377.11
ynao_sd_19600314_0240_gong 16 9 7 4 0 423.48 856.42 124.9 248.07 298.58 608.35
ynao_sd_19600315_0500_gong 27 17 10 5 0 706.62 1278.28 252.04 456.14 454.58 822.14
ynao_sd_19600316_0130_gong 42 32 10 6 0 834.84 1428.77 291.85 509.4 542.99 919.37
ynao_sd_19600317_0240_gong 50 37 13 7 0 936.12 1322.71 387.68 640.93 548.44 681.78
ynao_sd_19600318_0210_gong 34 21 13 6 0 891.08 1002.51 217.71 252.48 673.37 750.03
ynao_sd_19600319_0220_gong 54 49 5 7 0 821.31 961.6 381.34 479.53 439.97 482.07
ynao_sd_19600320_0220_gong 50 39 11 8 0 1135.97 1578.95 337.56 432.43 798.41 1146.52
ynao_sd_19600321_0210_gong 46 29 17 8 0 1183.59 1690.35 386.56 531.18 797.03 1159.17
ynao_sd_19600322_0200_gong 60 41 19 8 0 1302.54 1893.5 376.17 504.84 926.37 1388.66
ynao_sd_19600323_0140_chen 59 46 13 8 0 938.35 1251.54 435.35 610.53 503.0 641.01
ynao_sd_19600324_0210_gong 67 48 19 10 0 1492.63 1894.87 404.04 525.81 1088.59 1369.06
ynao_sd_19600325_0200_gong 103 78 25 10 0 1363.4 1837.62 520.32 761.56 843.08 1076.06
ynao_sd_19600326_0500_gong 66 48 18 10 0 1018.69 1404.88 404.03 543.41 614.66 861.47
ynao_sd_19600327_0150_gong 51 35 16 11 0 1724.55 2676.81 338.78 493.5 1385.77 2183.31
ynao_sd_19600328_0150_gong 71 49 22 10 0 1809.37 2470.37 440.89 668.91 1368.48 1801.46
ynao_sd_19600329_0220_gong 67 41 26 6 0 3236.12 4315.51 716.44 1115.3 2519.68 3200.21
ynao_sd_19600330_0220_gong 78 39 39 7 0 4026.16 4983.01 694.71 935.12 3331.45 4047.89
ynao_sd_19600401_0740_gong 69 40 29 5 0 3467.83 4355.22 754.92 945.17 2712.91 3410.05
ynao_sd_19600402_0630_chen 66 37 29 4 0 4752.86 7872.03 814.91 1056.29 3937.95 6815.74
ynao_sd_19600404_0700_gong 74 54 20 7 0 3201.22 4781.26 648.96 882.01 2552.26 3899.25
ynao_sd_19600405_0630_gong 89 66 23 10 0 3143.74 5870.12 794.73 1257.35 2349.01 4612.77
ynao_sd_19600406_0240_gong 72 54 18 9 0 2031.17 3779.85 573.51 941.39 1457.66 2838.46
ynao_sd_19600408_0220_gong 44 37 7 5 0 1559.39 1935.11 418.34 539.92 1141.05 1395.19
ynao_sd_19600409_0240_chen 32 23 9 6 0 1247.13 1568.42 306.88 427.46 940.25 1140.96
ynao_sd_19600410_0240_gong 39 23 16 7 0 1493.76 2121.83 310.58 510.73 1183.18 1611.1
ynao_sd_19600411_0320_gong 44 35 9 7 0 1623.79 2420.06 428.16 621.28 1195.63 1798.78
ynao_sd_19600412_0810_li 75 52 23 17 0 3168.57 4731.55 580.53 753.43 2588.04 3978.12
ynao_sd_19600413_0140_li 71 40 31 15 0 4059.26 5768.35 623.35 770.06 3435.91 4998.29
ynao_sd_19600414_0330_gong 81 46 35 12 0 2425.37 2876.09 519.94 608.8 1905.43 2267.29
ynao_sd_19600415_0740_gong 100 59 41 14 0 2896.81 3326.56 622.17 728.11 2274.64 2598.45
ynao_sd_19600416_0300_chen 80 41 39 19 0 2313.71 2717.7 487.61 630.76 1826.1 2086.94
ynao_sd_19600417_0750_gong 81 57 24 13 0 1941.35 2398.28 555.7 709.27 1385.65 1689.01
ynao_sd_19600418_0210_gong 59 41 18 10 0 1794.32 2254.54 399.86 506.48 1394.46 1748.06
ynao_sd_19600419_0220_gong 60 39 21 9 0 1653.11 2226.47 381.02 514.87 1272.09 1711.6
ynao_sd_19600420_0520_gong 60 52 8 5 0 1338.5 1637.34 498.81 619.87 839.69 1017.47
ynao_sd_19600421_0200_gong 79 71 8 6 0 1330.32 1787.87 486.56 697.87 843.76 1090.0
ynao_sd_19600422_0210_gong 51 36 15 8 0 1402.5 2675.54 357.86 581.03 1044.64 2094.51
ynao_sd_19600423_0100_chen 35 18 17 7 0 1146.15 1862.13 268.87 407.15 877.28 1454.98
ynao_sd_19600424_0050_chen 51 28 23 8 0 1239.51 1761.23 345.46 461.17 894.05 1300.06
ynao_sd_19600425_0140_gong 32 21 11 8 0 1572.86 2279.34 334.86 474.36 1238.0 1804.98
ynao_sd_19600426_0140_gong 28 15 13 9 0 1564.99 2235.16 267.02 373.57 1297.97 1861.59
ynao_sd_19600427_0150_gong 38 31 7 5 0 1301.14 1632.74 400.86 504.12 900.28 1128.62
ynao_sd_19600428_0150_gong 35 30 5 3 0 1292.39 1391.25 339.33 376.27 953.06 1014.98
ynao_sd_19600429_0210_gong 30 17 13 6 0 1254.34 1595.17 282.94 347.14 971.4 1248.03
ynao_sd_19600430_0250_chen 38 23 15 6 0 1231.44 1582.7 285.97 386.36 945.47 1196.34
ynao_sd_19600501_0350_gong 38 27 11 7 0 1540.21 2682.31 398.47 647.69 1141.74 2034.62
ynao_sd_19600505_0150_chen 47 33 14 7 0 1411.09 1748.4 339.73 410.97 1071.36 1337.43
ynao_sd_19600506_0200_gong 37 24 13 8 0 1739.42 1991.13 384.49 471.13 1354.93 1520.0
ynao_sd_19600507_0200_gong 43 30 13 7 0 1757.0 1909.27 436.55 480.04 1320.45 1429.23
ynao_sd_19600511_0740_gong 36 17 19 7 0 2290.17 3701.95 405.19 671.25 1884.98 3030.7
ynao_sd_19600512_0150_gong 36 20 16 7 0 2302.24 4275.93 494.08 917.16 1808.16 3358.77
ynao_sd_19600513_0110_gong 30 11 19 5 0 2067.08 4733.61 296.23 599.63 1770.85 4133.98
ynao_sd_19600514_0140_chen 28 16 12 6 0 1276.7 4024.99 212.66 519.15 1064.04 3505.84
ynao_sd_19600516_0570_gong 30 22 8 4 0 2255.36 3696.79 428.93 800.38 1826.43 2896.41
ynao_sd_19600517_0130_gong 38 26 12 5 0 2483.75 3058.86 504.92 627.67 1978.83 2431.19
ynao_sd_19600522_0700_gong 39 26 13 9 0 2668.92 3239.09 560.96 685.36 2107.96 2553.73
ynao_sd_19600614_0110_gong 37 25 12 8 0 1500.4 1688.66 356.24 428.76 1144.16 1259.9
ynao_sd_19600616_0650_gong 42 30 12 10 0 1442.67 1852.45 318.81 436.7 1123.86 1415.75
ynao_sd_19600617_0620_gong 11 6 5 6 0 731.75 942.81 133.92 196.32 597.83 746.49
ynao_sd_19600618_0730_li 21 17 4 5 0 1980.54 2769.72 207.18 273.9 1773.36 2495.82
ynao_sd_19600619_0655_gong 13 9 4 3 0 454.63 762.84 124.58 230.95 330.05 531.89
ynao_sd_19600620_0720_gong 16 10 6 5 0 756.36 1759.99 215.13 531.04 541.23 1228.95
ynao_sd_19600621_0200_li 8 4 4 4 0 907.43 2290.2 77.09 158.57 830.34 2131.63
ynao_sd_19600622_0510_gong 9 6 3 2 0 531.86 747.01 93.8 125.94 438.06 621.07
ynao_sd_19600623_0310_gong 9 7 2 2 0 679.48 1170.08 196.43 307.84 483.05 862.24
ynao_sd_19600626_0320_gong 22 10 12 6 0 1598.84 2669.77 233.31 346.49 1365.53 2323.28
ynao_sd_19600627_0150_gong 27 15 12 7 0 1905.5 3141.85 375.84 587.21 1529.66 2554.64
ynao_sd_19600629_0530_gong 54 32 22 9 0 3081.51 4322.77 557.85 767.74 2523.66 3555.03
ynao_sd_19600703_0810_gong 69 23 46 11 0 5928.71 6647.33 835.91 960.21 5092.8 5687.12
ynao_sd_19600704_0540_gong 50 13 37 14 0 6408.65 7626.6 873.24 1065.86 5535.41 6560.74
ynao_sd_19600710_0220_cheng 44 28 16 5 0 1365.78 1617.28 331.98 463.72 1033.8 1153.56
ynao_sd_19600711_1000_cheng 25 11 14 7 0 982.82 1337.0 222.0 296.63 760.82 1040.37
ynao_sd_19600712_0150_cheng 23 7 16 8 0 1338.94 1922.04 192.88 253.29 1146.06 1668.75
ynao_sd_19600722_0820_cheng 47 38 9 5 0 748.21 1312.54 353.19 584.22 395.02 728.32
ynao_sd_19600723_0630_cheng 26 18 8 5 0 532.33 844.78 186.83 286.39 345.5 558.39
ynao_sd_19600724_0700_cheng 25 16 9 4 0 566.04 906.84 187.47 428.36 378.57 478.48
ynao_sd_19600725_0300_cheng 31 18 13 6 0 1428.84 3204.43 318.82 604.55 1110.02 2599.88
ynao_sd_19600727_0240_cheng 21 7 14 5 0 3379.22 4612.75 256.4 334.29 3122.82 4278.46
ynao_sd_19600801_0640_cheng 13 10 3 3 0 881.26 1147.27 247.51 362.61 633.75 784.66
ynao_sd_19600803_0340_cheng 14 10 4 1 0 550.97 815.13 153.54 223.46 397.43 591.67
ynao_sd_19600805_0715_li 6 5 1 1 0 156.35 422.27 95.9 207.58 60.45 214.69
ynao_sd_19600808_0600_cheng 15 6 9 4 0 927.66 2102.89 172.45 370.92 755.21 1731.97
ynao_sd_19600809_0000_cheng 15 6 9 3 0 567.66 1010.18 151.77 283.53 415.89 726.65
ynao_sd_19600810_0220_cheng 27 13 14 6 0 2886.03 4351.45 333.36 551.28 2552.67 3800.17
ynao_sd_19600811_0250_cheng 52 18 34 12 0 5345.66 11707.59 504.35 934.13 4841.31 10773.46
ynao_sd_19600812_0900_cheng 76 33 43 19 0 6524.74 9896.87 691.49 918.29 5833.25 8978.58
ynao_sd_19600815_0740_cheng 108 48 60 20 1 7282.02 8456.83 1033.0 1247.44 6249.02 7209.39
ynao_sd_19600816_0710_cheng 105 47 58 22 0 4522.16 5310.36 854.45 1010.49 3667.71 4299.87
ynao_sd_19600817_0040_cheng 114 65 49 22 0 3880.03 4583.01 796.27 964.84 3083.76 3618.17
ynao_sd_19600818_0030_cheng 113 48 65 22 0 4217.97 5393.83 892.44 1268.34 3325.53 4125.49
ynao_sd_19600819_0700_cheng 79 43 36 18 0 4243.94 5623.86 818.98 1233.85 3424.96 4390.01
ynao_sd_19600820_0630_li 61 34 27 16 0 3515.05 4739.71 642.28 890.54 2872.77 3849.17
ynao_sd_19600821_0140_cheng 71 49 22 11 0 2208.57 2901.85 635.96 887.71 1572.61 2014.14
ynao_sd_19600822_0700_cheng 69 48 21 13 0 2673.35 3539.14 446.41 610.93 2226.94 2928.21
ynao_sd_19600823_0030_cheng 48 25 23 9 0 1609.02 2284.93 437.92 611.32 1171.1 1673.61
ynao_sd_19600824_0030_cheng 33 22 11 6 0 1293.32 1821.43 383.14 496.43 910.18 1325.0
ynao_sd_19600825_0300_cheng 35 19 16 9 0 1245.06 1946.68 341.72 471.73 903.34 1474.95
ynao_sd_19600826_0340_li 61 38 23 8 0 1667.89 2138.49 443.18 559.55 1224.71 1578.94
ynao_sd_19600828_0230_cheng 41 29 12 7 0 1022.64 1918.37 341.47 610.65 681.17 1307.72
ynao_sd_19600829_0250_cheng 47 38 9 6 0 717.31 1558.51 302.36 658.85 414.95 899.66
ynao_sd_19600830_0240_cheng 33 27 6 5 0 420.58 526.31 201.55 274.17 219.03 252.14
ynao_sd_19600831_0630_li 39 26 13 8 0 767.19 927.08 237.79 284.64 529.4 642.44
ynao_sd_19600903_0700_li 54 46 8 4 0 725.97 1886.24 477.42 1309.66 248.55 576.58
ynao_sd_19600904_0430_cheng 22 10 12 8 0 1307.87 4061.16 191.74 402.45 1116.13 3658.71
ynao_sd_19600905_0300_cheng 26 13 13 6 0 863.33 1850.48 221.92 441.46 641.41 1409.02
ynao_sd_19600906_0750_cheng 33 23 10 5 0 1825.34 2985.87 283.57 457.86 1541.77 2528.01
ynao_sd_19600907_0350_cheng 35 29 6 3 0 1080.73 1636.83 354.54 511.23 726.19 1125.6
ynao_sd_19600908_0050_cheng 42 37 5 4 0 1154.67 1461.53 352.15 419.88 802.52 1041.65
ynao_sd_19600909_0250_cheng 40 24 16 8 0 2043.32 2238.33 354.5 659.76 1688.82 1578.57
ynao_sd_19600910_0340_cheng 29 10 19 10 0 1646.22 2063.97 313.46 458.58 1332.76 1605.39
ynao_sd_19600913_0740_cheng 49 29 20 14 0 1430.48 1979.47 342.13 455.22 1088.35 1524.25
ynao_sd_19600916_0030_cheng 29 18 11 5 0 983.46 2363.6 230.11 391.18 753.35 1972.42
ynao_sd_19600917_0120_li 15 8 7 4 0 952.96 1707.09 141.07 280.35 811.89 1426.74
ynao_sd_19600918_0710_cheng 43 26 17 9 0 2671.6 4373.82 384.97 615.61 2286.63 3758.21
ynao_sd_19600919_0030_cheng 37 16 21 9 0 1473.84 2674.25 401.95 607.28 1071.89 2066.97
ynao_sd_19600920_0100_cheng 43 20 23 11 0 3427.03 7356.96 577.92 950.22 2849.11 6406.74
ynao_sd_19600921_0130_cheng 45 18 27 11 0 2947.13 3798.43 463.68 649.08 2483.45 3149.35
ynao_sd_19600922_0520_li 49 17 32 16 0 3348.46 4142.84 525.35 652.38 2823.11 3490.46
ynao_sd_19600923_0420_li 52 17 35 13 0 3477.77 4178.94 508.73 624.97 2969.04 3553.97
ynao_sd_19600924_0130_li 42 17 25 11 0 2634.55 3302.86 454.82 562.56 2179.73 2740.3
ynao_sd_19600925_0610_li 24 9 15 9 0 1783.73 2406.62 330.17 540.78 1453.56 1865.84
ynao_sd_19600926_0600_li 29 12 17 9 0 1636.3 2607.56 318.05 489.01 1318.25 2118.55
ynao_sd_19600927_0800_cheng 25 15 10 5 0 770.25 1517.15 182.78 355.3 587.47 1161.85
ynao_sd_19600929_0930_li 19 10 9 4 0 961.8 3392.05 147.51 269.4 814.29 3122.65
ynao_sd_19600930_0240_li 5 3 2 2 0 134.14 392.84 20.21 42.23 113.93 350.61
ynao_sd_19601001_0100_cheng 5 4 1 1 0 214.53 604.38 158.94 477.91 55.59 126.47
ynao_sd_19601002_0840_li 5 5 0 0 0 94.29 528.65 94.29 528.65 0 0
ynao_sd_19601003_0100_li 9 8 1 1 0 143.35 415.22 60.9 133.34 82.45 281.88
ynao_sd_19601004_0130_li 2 1 1 1 0 193.09 411.02 30.25 62.84 162.84 348.18
ynao_sd_19601005_0130_li 10 6 4 3 0 494.32 661.16 104.77 155.01 389.55 506.15
ynao_sd_19601007_0100_li 29 19 10 6 0 805.06 962.48 262.51 358.84 542.55 603.64
ynao_sd_19601012_0500_li 37 20 17 10 0 1112.86 1649.33 271.51 394.59 841.35 1254.74
ynao_sd_19601013_0620_li 28 16 12 7 0 917.46 1205.73 247.99 358.12 669.47 847.61
ynao_sd_19601014_0610_cheng 40 28 12 7 0 1462.39 2545.23 322.99 490.97 1139.4 2054.26
ynao_sd_19601015_0510_li 39 26 13 6 0 1444.91 2785.01 360.51 645.94 1084.4 2139.07
ynao_sd_19601017_0830_cheng 43 23 20 6 0 2458.39 3669.05 375.36 562.67 2083.03 3106.38
ynao_sd_19601021_0100_li 24 11 13 6 0 3296.88 3976.0 512.92 721.41 2783.96 3254.59
ynao_sd_19601022_0540_li 23 4 19 6 0 2246.36 2413.07 319.92 340.92 1926.44 2072.15
ynao_sd_19601023_0130_cheng 27 12 15 4 0 1783.02 2057.61 313.53 367.63 1469.49 1689.98
ynao_sd_19601024_0100_cheng 30 15 15 2 0 1756.23 2239.85 320.98 395.69 1435.25 1844.16
ynao_sd_19601025_0030_cheng 17 13 4 2 0 1141.11 1830.36 212.44 343.04 928.67 1487.32
ynao_sd_19601027_0520_cheng 29 10 19 5 0 3593.85 10047.14 202.78 513.89 3391.07 9533.25
ynao_sd_19601028_0130_cheng 23 10 13 4 0 3563.18 7460.13 202.45 348.08 3360.73 7112.05
ynao_sd_19601029_0030_li 31 15 16 4 0 773.15 967.27 245.26 328.1 527.89 639.17
ynao_sd_19601030_0200_li 29 20 9 6 0 1020.11 1293.89 213.0 340.11 807.11 953.78
ynao_sd_19601102_0600_cheng 22 15 7 3 0 467.43 785.58 202.03 423.23 265.4 362.35
ynao_sd_19601103_0440_li 15 8 7 5 0 414.93 659.37 114.17 162.87 300.76 496.5
ynao_sd_19601105_0745_li 13 7 6 4 0 997.66 1170.61 91.04 124.34 906.62 1046.27
ynao_sd_19601106_0350_cheng 18 7 11 6 0 909.18 2603.35 166.5 348.52 742.68 2254.83
ynao_sd_19601107_0120_cheng 28 14 14 7 0 753.87 1287.39 302.26 537.91 451.61 749.48
ynao_sd_19601108_0120_li 27 14 13 8 0 1883.27 3088.42 478.81 836.93 1404.46 2251.49
ynao_sd_19601109_0110_li 55 25 30 11 0 2521.51 3454.62 497.12 676.34 2024.39 2778.28
ynao_sd_19601110_0050_cheng 51 22 29 9 0 2814.93 3427.28 508.53 621.38 2306.4 2805.9
ynao_sd_19601111_0100_li 56 34 22 7 0 3415.67 3872.13 794.73 915.11 2620.94 2957.02
ynao_sd_19601112_0050_li 46 20 26 6 0 3680.61 4210.49 570.25 660.97 3110.36 3549.52
ynao_sd_19601113_0200_cheng 62 23 39 8 0 4754.75 6053.56 637.75 838.7 4117.0 5214.86
ynao_sd_19601114_0120_li 47 16 31 9 0 4963.61 6096.72 580.74 721.12 4382.87 5375.6
ynao_sd_19601115_0100_li 28 8 20 8 0 3521.04 4559.46 436.48 566.29 3084.56 3993.17
ynao_sd_19601116_0110_li 29 14 15 8 0 3120.06 4540.6 548.9 825.84 2571.16 3714.76
ynao_sd_19601117_0300_li 20 6 14 5 0 2640.06 4023.13 337.63 503.62 2302.43 3519.51
ynao_sd_19601118_0130_li 27 13 14 4 0 2008.54 3311.48 385.73 583.8 1622.81 2727.68
ynao_sd_19601119_0100_li 22 10 12 4 0 1473.42 1679.16 264.84 500.95 1208.58 1178.21
ynao_sd_19601121_0130_li 21 11 10 5 0 1658.83 2380.88 248.1 386.14 1410.73 1994.74
ynao_sd_19601122_0120_cheng 21 10 11 4 0 1092.94 1991.09 257.17 413.19 835.77 1577.9
ynao_sd_19601123_0110_cheng 13 7 6 4 0 569.18 1080.71 131.48 291.54 437.7 789.17
ynao_sd_19601124_0120_cheng 11 9 2 3 0 1295.66 3875.47 175.38 338.73 1120.28 3536.74
ynao_sd_19601125_0110_cheng 10 8 2 3 0 265.93 384.29 71.33 104.24 194.6 280.05
ynao_sd_19601126_0740_li 14 9 5 4 0 290.24 485.27 93.25 130.98 196.99 354.29
ynao_sd_19601127_0150_cheng 21 15 6 5 0 415.99 632.36 175.32 232.22 240.67 400.14
ynao_sd_19601128_0100_cheng 24 16 8 5 0 394.78 787.11 190.43 373.98 204.35 413.13
ynao_sd_19601129_0200_cheng 21 12 9 4 0 511.15 705.29 136.1 169.12 375.05 536.17
ynao_sd_19601201_0530_li 13 5 8 3 0 1226.26 1368.87 201.89 236.6 1024.37 1132.27
ynao_sd_19601202_0110_cheng 44 30 14 4 0 1023.37 1135.82 295.94 331.12 727.43 804.7
ynao_sd_19601203_0530_li 22 13 9 3 0 824.96 1156.98 231.65 464.63 593.31 692.35
ynao_sd_19601209_0530_li 12 4 8 6 0 925.22 1603.88 114.71 208.78 810.51 1395.1
ynao_sd_19601210_0110_li 19 11 8 5 0 912.08 1146.4 161.38 216.77 750.7 929.63
ynao_sd_19601211_0310_cheng 21 11 10 7 0 966.31 1121.87 204.3 249.23 762.01 872.64
ynao_sd_19601212_0200_li 14 8 6 5 0 974.19 1128.59 232.91 301.39 741.28 827.2
ynao_sd_19601213_0120_li 17 12 5 5 0 1980.24 3244.31 169.98 193.75 1810.26 3050.56
ynao_sd_19601214_0120_cheng 24 19 5 2 0 735.58 842.54 293.25 365.9 442.33 476.64
ynao_sd_19601215_0630_li 18 15 3 4 0 1076.76 1228.06 206.91 257.38 869.85 970.68
ynao_sd_19601216_0330_li 25 15 10 4 0 830.54 965.43 263.92 302.19 566.62 663.24
ynao_sd_19601217_0130_li 20 13 7 5 0 749.54 970.8 178.41 231.0 571.13 739.8
ynao_sd_19601220_0520_li 29 20 9 4 0 341.41 464.96 122.77 179.81 218.64 285.15
ynao_sd_19601221_0400_li 19 17 2 3 0 788.7 2677.04 217.87 477.37 570.83 2199.67
ynao_sd_19601222_0120_li 6 2 4 6 0 391.74 590.44 77.95 114.05 313.79 476.39
ynao_sd_19601223_0130_cheng 10 6 4 3 0 240.62 378.8 71.85 102.04 168.77 276.76
ynao_sd_19601224_0150_li 8 6 2 2 0 248.57 346.86 76.11 112.36 172.46 234.5
ynao_sd_19601225_0220_cheng 12 9 3 2 0 343.29 515.47 111.97 156.59 231.32 358.88
ynao_sd_19601226_0140_cheng 21 15 6 4 0 459.69 1043.11 148.16 277.32 311.53 765.79
ynao_sd_19601227_0110_li 18 11 7 5 0 658.38 1214.22 157.22 321.78 501.16 892.44
ynao_sd_19601228_0100_li 30 13 17 9 0 1673.83 2747.51 242.9 381.65 1430.93 2365.86
ynao_sd_19601230_0650_cheng 33 20 13 5 0 1932.93 2235.3 299.63 351.77 1633.3 1883.53
ynao_sd_19601231_0420_cheng 47 33 14 4 0 2788.62 3091.67 475.78 597.34 2312.84 2494.33
