ynao_sd_19610101_0220_li 33 18 15 4 0 2923.69 3152.32 451.21 509.53 2472.48 2642.79
ynao_sd_19610102_0310_li 47 15 32 10 0 2620.48 3173.29 416.78 632.37 2203.7 2540.92
ynao_sd_19610103_0110_li 50 17 33 16 0 2247.26 2877.83 414.75 544.53 1832.51 2333.3
ynao_sd_19610104_0120_li 51 30 21 9 0 1997.62 2841.83 401.15 598.77 1596.47 2243.06
ynao_sd_19610105_0700_li 40 20 20 10 0 1740.6 2661.88 354.98 508.06 1385.62 2153.82
ynao_sd_19610106_0440_li 33 18 15 7 0 1283.07 2065.17 288.69 400.77 994.38 1664.4
ynao_sd_19610107_0120_li 23 16 7 4 0 1023.37 1438.69 218.06 317.34 805.31 1121.35
ynao_sd_19610108_0120_chen 24 18 6 1 0 986.08 1216.21 251.66 334.15 734.42 882.06
ynao_sd_19610109_0120_li 15 8 7 3 0 1385.41 1932.15 193.0 249.85 1192.41 1682.3
ynao_sd_19610110_0140_li 16 6 10 3 0 739.75 1156.56 172.06 245.59 567.69 910.97
ynao_sd_19610111_0740_li 12 7 5 2 0 493.36 953.26 99.95 150.3 393.41 802.96
ynao_sd_19610112_0220_li 6 1 5 3 0 855.17 1943.26 48.73 104.07 806.44 1839.19
ynao_sd_19610115_0640_chen 5 5 0 0 0 28.09 35.34 28.09 35.34 0 0
ynao_sd_19610116_0440_li 4 3 1 1 0 70.46 130.7 32.58 63.0 37.88 67.7
ynao_sd_19610117_0150_li 12 10 2 1 0 164.3 235.06 99.78 143.37 64.52 91.69
ynao_sd_19610118_0120_li 8 7 1 2 0 267.75 399.6 87.22 130.79 180.53 268.81
ynao_sd_19610119_0110_li 17 14 3 1 0 302.93 368.83 219.43 310.61 83.5 58.22
ynao_sd_19610120_0650_li 16 12 4 4 0 229.77 247.12 78.72 85.85 151.05 161.27
ynao_sd_19610121_0200_li 17 15 2 1 0 96.48 108.63 74.76 83.05 21.72 25.58
ynao_sd_19610122_0120_chen 13 13 0 0 0 144.72 244.11 144.72 244.11 0 0
ynao_sd_19610123_0150_li 13 10 3 1 0 123.72 221.28 55.64 85.42 68.08 135.86
ynao_sd_19610124_0255_li 6 5 1 1 0 159.11 234.94 83.77 124.56 75.34 110.38
ynao_sd_19610125_0440_li 8 6 2 2 0 246.53 771.56 98.98 161.35 147.55 610.21
ynao_sd_19610126_0120_li 8 3 5 2 0 264.63 642.19 58.17 130.63 206.46 511.56
ynao_sd_19610127_0140_li 13 11 2 1 0 535.98 884.51 188.78 291.49 347.2 593.02
ynao_sd_19610128_0230_chen 19 13 6 3 0 1604.66 2239.86 161.74 250.98 1442.92 1988.88
ynao_sd_19610129_0220_chen 22 13 9 4 0 1015.0 1412.99 212.53 285.88 802.47 1127.11
ynao_sd_19610130_0240_li 33 18 15 6 0 1282.67 1698.5 294.63 368.67 988.04 1329.83
ynao_sd_19610202_0310_li 11 7 4 5 0 1483.65 2229.8 199.4 274.82 1284.25 1954.98
ynao_sd_19610205_0140_gong 15 13 2 3 0 648.81 1236.19 135.99 228.76 512.82 1007.43
ynao_sd_19610206_0210_li 14 10 4 3 0 553.68 1064.67 123.48 213.37 430.2 851.3
ynao_sd_19610207_0110_li 23 19 4 2 0 642.79 812.23 189.33 283.83 453.46 528.4
ynao_sd_19610208_0110_li 11 5 6 4 0 705.99 770.75 135.5 154.69 570.49 616.06
ynao_sd_19610209_0140_li 14 11 3 2 0 599.12 648.51 130.25 146.83 468.87 501.68
ynao_sd_19610210_0100_li 18 13 5 2 0 556.71 642.69 128.48 182.67 428.23 460.02
ynao_sd_19610211_0100_li 11 9 2 2 0 378.03 422.01 108.13 132.7 269.9 289.31
ynao_sd_19610212_0540_chen 10 7 3 2 0 310.93 379.32 79.58 93.59 231.35 285.73
ynao_sd_19610213_0820_li 9 7 2 2 0 204.41 325.39 75.85 126.26 128.56 199.13
ynao_sd_19610217_0900_li 4 4 0 0 0 39.52 83.43 39.52 83.43 0 0
ynao_sd_19610218_0350_li 2 2 0 0 0 31.22 68.13 31.22 68.13 0 0
ynao_sd_19610219_0140_li 3 2 1 1 0 61.16 99.58 27.39 37.56 33.77 62.02
ynao_sd_19610220_0150_chen 9 9 0 0 0 62.09 84.89 62.09 84.89 0 0
ynao_sd_19610221_0730_li 8 7 1 1 0 89.82 196.3 52.83 71.16 36.99 125.14
ynao_sd_19610222_0110_li 9 8 1 1 0 144.01 323.25 91.23 197.15 52.78 126.1
ynao_sd_19610228_0120_li 4 2 2 1 0 138.46 151.76 28.49 37.89 109.97 113.87
ynao_sd_19610301_0640_li 2 1 1 1 0 138.4 166.05 39.34 48.74 99.06 117.31
ynao_sd_19610302_0055_li 4 3 1 1 0 113.13 150.24 30.14 41.3 82.99 108.94
ynao_sd_19610303_0150_li 6 5 1 1 0 111.85 188.0 35.81 60.99 76.04 127.01
ynao_sd_19610304_0640_li 7 6 1 0 0 101.16 182.72 105.01 193.42 0 0
ynao_sd_19610305_0100_li 3 0 3 0 0 0 0 0 0 0 0
ynao_sd_19610306_0050_li 10 9 1 0 0 74.88 122.27 83.31 134.75 0 0
ynao_sd_19610307_0110_chen 16 16 0 0 0 112.51 114.64 112.51 114.64 0 0
ynao_sd_19610308_0200_li 5 5 0 0 0 69.41 71.36 69.41 71.36 0 0
ynao_sd_19610309_0100_li 11 9 2 1 0 151.7 385.6 101.9 245.9 49.8 139.7
ynao_sd_19610310_0130_li 8 5 3 2 0 188.55 326.28 42.48 69.71 146.07 256.57
ynao_sd_19610311_0100_li 4 0 4 5 0 1276.78 2289.43 25.0 33.46 1251.78 2255.97
ynao_sd_19610312_0200_chen 7 4 3 2 0 287.14 401.41 88.13 174.78 199.01 226.63
ynao_sd_19610313_0635_li 6 5 1 1 0 401.26 422.88 170.9 186.36 230.36 236.52
ynao_sd_19610314_0110_li 14 13 1 1 0 421.47 539.84 186.9 304.95 234.57 234.89
ynao_sd_19610315_0935_li 7 4 3 2 0 264.13 313.56 53.77 63.78 210.36 249.78
ynao_sd_19610316_0320_li 10 5 5 3 0 327.38 395.45 66.83 91.53 260.55 303.92
ynao_sd_19610317_0140_li 10 7 3 2 0 865.97 1026.88 79.4 97.52 786.57 929.36
ynao_sd_19610318_0110_li 9 5 4 4 0 816.83 2844.63 55.38 113.33 761.45 2731.3
ynao_sd_19610319_0300_chen 6 4 2 2 0 144.39 243.36 49.71 74.22 94.68 169.14
ynao_sd_19610320_0150_li 3 1 2 2 0 177.63 604.28 59.4 194.54 118.23 409.74
ynao_sd_19610321_0100_li 7 6 1 1 0 336.49 807.73 114.05 261.44 222.44 546.29
ynao_sd_19610322_0050_li 15 12 3 3 0 737.4 1217.53 300.41 438.33 436.99 779.2
ynao_sd_19610323_0650_li 16 8 8 4 0 848.2 1087.26 178.65 223.46 669.55 863.8
ynao_sd_19610324_0055_li 17 8 9 6 0 997.18 1205.94 209.73 267.99 787.45 937.95
ynao_sd_19610325_0200_li 21 13 8 5 0 951.05 1082.84 224.18 266.96 726.87 815.88
ynao_sd_19610328_0200_li 29 18 11 5 0 1623.94 2923.58 300.54 547.33 1323.4 2376.25
ynao_sd_19610329_0140_li 31 19 12 6 0 1079.36 1490.25 246.39 349.34 832.97 1140.91
ynao_sd_19610330_0705_li 21 10 11 8 0 1018.87 1507.95 175.4 250.94 843.47 1257.01
ynao_sd_19610331_0940_li 18 8 10 8 0 892.16 1346.62 149.64 275.56 742.52 1071.06
ynao_sd_19610401_0525_li 16 6 10 6 0 812.44 1150.98 149.88 444.07 662.56 706.91
ynao_sd_19610402_0200_cheng 20 13 7 5 0 525.14 550.58 127.16 134.74 397.98 415.84
ynao_sd_19610403_0625_li 11 5 6 5 0 1390.82 3611.48 156.45 283.97 1234.37 3327.51
ynao_sd_19610404_0050_li 14 10 4 3 0 1487.91 3007.91 121.63 154.2 1366.28 2853.71
ynao_sd_19610405_0100_li 21 17 4 4 0 510.33 687.37 175.72 214.29 334.61 473.08
ynao_sd_19610406_0050_li 24 16 8 5 0 490.58 673.27 155.12 190.15 335.46 483.12
ynao_sd_19610407_0055_li 17 7 10 5 0 1299.81 2349.83 258.44 402.55 1041.37 1947.28
ynao_sd_19610408_0100_li 21 14 7 4 0 555.41 703.27 178.45 288.67 376.96 414.6
ynao_sd_19610409_0210_cheng 14 1 13 7 0 996.46 3082.34 142.66 222.38 853.8 2859.96
ynao_sd_19610410_0100_cheng 14 8 6 3 0 305.02 444.34 98.2 172.75 206.82 271.59
ynao_sd_19610411_0050_li 9 6 3 2 0 291.26 642.75 107.59 341.6 183.67 301.15
ynao_sd_19610412_0130_li 7 5 2 2 0 290.91 550.42 94.27 151.13 196.64 399.29
ynao_sd_19610413_0100_li 5 3 2 2 0 292.51 501.5 56.12 95.37 236.39 406.13
ynao_sd_19610414_0130_li 6 3 3 2 0 366.03 527.98 77.69 118.15 288.34 409.83
ynao_sd_19610415_0500_li 14 13 1 1 0 385.52 433.55 92.65 102.19 292.87 331.36
ynao_sd_19610416_0330_cheng 19 14 5 3 0 574.23 1069.68 157.06 273.58 417.17 796.1
ynao_sd_19610417_0130_li 13 8 5 4 0 528.58 779.75 121.68 189.14 406.9 590.61
ynao_sd_19610418_0100_li 21 14 7 3 0 686.5 918.64 198.54 255.17 487.96 663.47
ynao_sd_19610419_0050_li 17 11 6 3 0 637.48 814.26 115.92 150.58 521.56 663.68
ynao_sd_19610420_0120_cheng 14 10 4 2 0 549.94 681.06 148.09 205.26 401.85 475.8
ynao_sd_19610421_0050_li 10 5 5 3 0 1357.85 1676.05 255.6 444.8 1102.25 1231.25
ynao_sd_19610422_0050_li 4 2 2 2 0 497.95 570.32 109.55 123.71 388.4 446.61
ynao_sd_19610423_0015_li 4 2 2 2 0 817.11 1532.64 58.5 68.65 758.61 1463.99
ynao_sd_19610424_0050_li 5 2 3 1 0 362.29 401.44 79.46 160.52 282.83 240.92
ynao_sd_19610425_0100_cheng 9 2 7 2 0 395.21 622.01 87.53 195.47 307.68 426.54
ynao_sd_19610426_0800_cheng 16 9 7 4 0 336.31 572.19 100.6 170.94 235.71 401.25
ynao_sd_19610427_0700_cheng 26 23 3 3 0 422.06 905.91 230.1 417.0 191.96 488.91
ynao_sd_19610428_0140_cheng 27 19 8 6 0 659.88 1085.12 211.69 303.61 448.19 781.51
ynao_sd_19610429_0440_li 21 11 10 8 0 629.23 738.86 196.97 246.78 432.26 492.08
ynao_sd_19610501_0310_cheng 54 36 18 8 0 924.89 956.4 322.62 337.34 602.27 619.06
ynao_sd_19610502_0120_cheng 24 10 14 8 0 837.82 921.08 152.89 166.18 684.93 754.9
ynao_sd_19610504_0640_cheng 22 18 4 3 0 524.79 875.63 202.85 309.63 321.94 566.0
ynao_sd_19610505_1030_li 7 5 2 2 0 270.32 720.15 80.51 162.64 189.81 557.51
ynao_sd_19610506_0145_li 9 8 1 1 0 199.65 597.85 173.1 519.13 26.55 78.72
ynao_sd_19610507_0050_li 4 2 2 3 0 2232.92 6285.57 100.36 229.74 2132.56 6055.83
ynao_sd_19610508_0400_li 7 3 4 3 0 176.57 312.38 27.8 50.29 148.77 262.09
ynao_sd_19610509_0215_li 12 7 5 3 0 1009.43 1346.77 62.51 84.61 946.92 1262.16
ynao_sd_19610510_0930_cheng 19 11 8 3 0 2187.41 2511.35 138.17 171.8 2049.24 2339.55
ynao_sd_19610511_0635_li 11 7 4 4 0 894.66 966.8 92.12 111.22 802.54 855.58
ynao_sd_19610512_0040_li 13 10 3 3 0 1263.06 1695.74 138.73 174.01 1124.33 1521.73
ynao_sd_19610513_0100_li 9 5 4 4 0 1489.68 1659.37 100.31 106.34 1389.37 1553.03
ynao_sd_19610514_0250_cheng 11 8 3 2 0 370.66 548.06 79.64 127.6 291.02 420.46
ynao_sd_19610515_0130_li 5 2 3 2 0 288.31 421.97 34.32 45.69 253.99 376.28
ynao_sd_19610516_0100_li 6 3 3 2 0 306.8 449.73 45.15 65.01 261.65 384.72
ynao_sd_19610517_0050_li 7 4 3 2 0 316.18 482.1 78.59 134.78 237.59 347.32
ynao_sd_19610518_0250_li 4 3 1 1 0 259.06 367.67 59.3 153.86 199.76 213.81
ynao_sd_19610519_0040_li 8 7 1 1 0 199.59 208.52 69.38 75.42 130.21 133.1
ynao_sd_19610520_0210_li 10 4 6 2 0 318.24 378.03 68.49 107.18 249.75 270.85
ynao_sd_19610521_0200_cheng 19 10 9 4 0 504.88 787.29 112.9 164.62 391.98 622.67
ynao_sd_19610525_1010_li 10 8 2 1 0 255.08 265.95 77.3 81.29 177.78 184.66
ynao_sd_19610527_0300_li 11 6 5 2 0 324.35 342.36 86.14 102.33 238.21 240.03
ynao_sd_19610531_0610_li 3 2 1 1 0 60.23 113.3 17.78 29.74 42.45 83.56
ynao_sd_19610601_0450_li 4 4 0 0 0 40.83 91.58 40.83 91.58 0 0
ynao_sd_19610602_0120_li 10 9 1 1 0 66.81 117.72 36.76 48.99 30.05 68.73
ynao_sd_19610603_0350_li 17 13 4 2 0 326.34 711.89 189.29 501.3 137.05 210.59
ynao_sd_19610604_0200_cheng 17 11 6 3 0 379.97 506.59 109.1 152.18 270.87 354.41
ynao_sd_19610605_0100_li 17 11 6 4 0 343.57 393.71 81.77 101.31 261.8 292.4
ynao_sd_19610606_0100_li 10 6 4 3 0 288.61 302.77 96.3 104.97 192.31 197.8
ynao_sd_19610608_0050_li 11 7 4 2 0 286.42 310.14 106.72 113.3 179.7 196.84
ynao_sd_19610609_0540_li 14 7 7 4 0 316.79 803.19 89.37 142.15 227.42 661.04
ynao_sd_19610612_0230_li 20 12 8 5 0 2013.04 5642.24 214.13 429.07 1798.91 5213.17
ynao_sd_19610613_0200_li 26 14 12 6 0 1747.78 2817.36 309.56 471.94 1438.22 2345.42
ynao_sd_19610614_0430_li 37 17 20 7 0 1755.21 2265.87 364.74 457.42 1390.47 1808.45
ynao_sd_19610616_0740_li 47 24 23 9 0 1978.67 2412.98 416.19 590.88 1562.48 1822.1
ynao_sd_19610617_0130_li 40 19 21 10 0 2748.04 3197.7 358.7 518.96 2389.34 2678.74
ynao_sd_19610618_0030_cheng 55 36 19 9 1 1714.06 2048.83 412.22 523.88 1301.84 1524.95
ynao_sd_19610619_0030_li 49 34 15 10 0 2574.26 3596.5 436.92 573.59 2137.34 3022.91
ynao_sd_19610620_0100_li 28 18 10 4 0 1355.54 1883.01 332.73 462.56 1022.81 1420.45
ynao_sd_19610621_0115_li 32 10 22 10 0 1303.41 1850.41 256.61 378.77 1046.8 1471.64
ynao_sd_19610622_0030_li 44 30 14 7 0 1205.53 1430.2 353.02 416.36 852.51 1013.84
ynao_sd_19610623_0230_cheng 51 21 30 9 0 1324.48 1695.2 283.61 396.53 1040.87 1298.67
ynao_sd_19610624_0110_li 29 13 16 7 0 1178.14 1835.54 201.12 306.03 977.02 1529.51
ynao_sd_19610625_0230_cheng 22 15 7 5 0 451.25 1120.25 152.61 309.67 298.64 810.58
ynao_sd_19610626_0150_cheng 16 13 3 2 0 826.04 2079.91 106.3 183.8 719.74 1896.11
ynao_sd_19610628_0420_li 11 8 3 2 0 112.84 170.13 64.31 88.7 48.53 81.43
ynao_sd_19610629_0735_li 11 9 2 1 0 139.55 158.54 79.84 97.21 59.71 61.33
ynao_sd_19610630_0120_li 21 14 7 3 0 493.99 541.61 132.87 146.93 361.12 394.68
ynao_sd_19610701_0100_li 15 8 7 3 0 781.95 1212.26 145.39 200.41 636.56 1011.85
ynao_sd_19610702_0210_cheng 18 6 12 3 0 1470.09 2285.84 226.07 349.22 1244.02 1936.62
ynao_sd_19610705_0615_li 8 5 3 3 0 701.51 742.5 98.45 112.04 603.06 630.46
ynao_sd_19610707_0205_li 10 5 5 4 0 1092.47 1363.18 166.29 193.08 926.18 1170.1
ynao_sd_19610709_0750_cheng 32 28 4 3 0 879.44 1194.25 224.43 362.77 655.01 831.48
ynao_sd_19610715_0200_li 24 10 14 5 0 2466.16 2686.53 320.31 419.43 2145.85 2267.1
ynao_sd_19610716_0200_cheng 52 28 24 7 0 2291.29 2668.78 400.83 517.94 1890.46 2150.84
ynao_sd_19610717_0150_cheng 37 18 19 7 0 1555.24 2009.99 282.08 372.24 1273.16 1637.75
ynao_sd_19610718_0235_li 15 4 11 5 0 779.41 1239.86 149.63 280.0 629.78 959.86
ynao_sd_19610719_0020_li 15 7 8 5 0 1476.07 2159.34 140.62 273.03 1335.45 1886.31
ynao_sd_19610720_0040_li 12 6 6 2 0 562.83 1202.37 65.44 120.85 497.39 1081.52
ynao_sd_19610721_0740_li 19 9 10 3 0 1002.75 1569.59 203.19 305.73 799.56 1263.86
ynao_sd_19610722_0150_li 7 3 4 2 0 884.08 1280.35 94.73 133.45 789.35 1146.9
ynao_sd_19610723_0200_cheng 31 24 7 2 0 857.25 971.7 191.88 215.45 665.37 756.25
ynao_sd_19610724_0120_li 10 8 2 2 0 558.44 592.06 116.97 124.99 441.47 467.07
ynao_sd_19610725_0050_li 10 6 4 3 0 665.04 712.7 144.76 157.32 520.28 555.38
ynao_sd_19610801_0050_li 6 6 0 0 0 44.93 53.95 44.93 53.95 0 0
ynao_sd_19610803_0740_li 2 2 0 0 0 15.59 46.93 15.59 46.93 0 0
ynao_sd_19610804_0100_li 6 6 0 0 0 37.71 67.44 37.71 67.44 0 0
ynao_sd_19610805_0240_li 2 2 0 0 0 41.05 46.99 41.05 46.99 0 0
ynao_sd_19610807_0400_li 0 0 0 0 0 0 0 0 0 0 0
ynao_sd_19610809_0730_li 6 4 2 2 0 173.97 390.69 37.74 73.85 136.23 316.84
ynao_sd_19610810_0540_li 17 14 3 3 0 399.69 796.07 142.69 210.12 257.0 585.95
ynao_sd_19610811_0650_li 14 8 6 4 0 582.39 910.39 106.19 168.31 476.2 742.08
ynao_sd_19610812_0620_li 20 13 7 5 0 803.76 1104.57 226.62 292.44 577.14 812.13
ynao_sd_19610813_0900_cheng 32 24 8 3 0 704.61 936.13 230.67 382.11 473.94 554.02
ynao_sd_19610815_0010_li 16 12 4 2 0 526.28 633.24 152.39 235.91 373.89 397.33
ynao_sd_19610816_0220_li 25 19 6 2 0 757.53 945.7 220.26 272.1 537.27 673.6
ynao_sd_19610817_0420_li 13 7 6 3 0 593.49 706.55 117.0 142.9 476.49 563.65
ynao_sd_19610820_1030_li 7 4 3 3 0 173.76 312.96 46.32 69.41 127.44 243.55
ynao_sd_19610821_0040_li 6 5 1 1 0 124.09 218.44 88.49 132.44 35.6 86.0
ynao_sd_19610822_0120_li 4 4 0 0 0 23.21 38.4 23.21 38.4 0 0
ynao_sd_19610823_0100_li 8 8 0 0 0 109.04 164.08 109.04 164.08 0 0
ynao_sd_19610824_0100_li 7 7 0 0 0 69.46 163.47 69.46 163.47 0 0
ynao_sd_19610825_0210_li 12 10 2 0 0 68.36 84.44 86.83 103.46 18.47 19.02
ynao_sd_19610826_0100_li 18 10 8 2 0 471.62 511.98 132.64 167.83 338.98 344.15
ynao_sd_19610827_0720_cheng 20 10 10 4 0 382.98 415.02 92.68 99.84 290.3 315.18
ynao_sd_19610828_0100_li 18 4 14 4 0 632.9 737.26 90.43 105.03 542.47 632.23
ynao_sd_19610830_0140_li 26 16 10 4 0 740.53 1627.62 193.26 478.21 547.27 1149.41
ynao_sd_19610831_0820_li 17 7 10 8 0 1165.02 2266.4 159.18 355.66 1005.84 1910.74
ynao_sd_19610901_0130_li 20 5 15 6 0 1031.86 1831.65 319.81 502.58 712.05 1329.07
ynao_sd_19610902_0100_li 36 8 28 5 0 1905.65 2224.63 228.74 265.12 1676.91 1959.51
ynao_sd_19610903_0750_cheng 27 7 20 5 1 2240.17 2317.97 230.07 245.82 2010.1 2072.15
ynao_sd_19610904_0100_li 36 14 22 5 0 2187.38 2217.66 435.92 453.56 1751.46 1764.1
ynao_sd_19610905_0120_li 34 14 20 5 0 1629.13 1664.0 324.66 332.3 1304.47 1331.7
ynao_sd_19610906_0120_li 27 13 14 5 0 1102.51 1218.05 180.8 199.33 921.71 1018.72
ynao_sd_19610907_0110_li 30 19 11 5 0 905.81 1156.91 225.66 291.13 680.15 865.78
ynao_sd_19610908_0030_li 20 12 8 2 0 511.05 817.83 128.47 199.25 382.58 618.58
ynao_sd_19610909_0100_li 13 6 7 2 0 274.48 686.21 85.04 254.62 189.44 431.59
ynao_sd_19610910_0250_cheng 17 7 10 5 0 819.04 2941.7 142.29 438.07 676.75 2503.63
ynao_sd_19610911_0100_li 24 11 13 6 0 1134.94 2214.35 209.99 382.31 924.95 1832.04
ynao_sd_19610914_0450_li 46 27 19 7 0 1880.15 2028.49 360.29 388.32 1519.86 1640.17
ynao_sd_19610915_0110_li 41 30 11 6 0 1813.09 1887.72 419.35 444.95 1393.74 1442.77
ynao_sd_19610916_0310_li 29 14 15 7 0 1887.56 2196.03 347.57 404.25 1539.99 1791.78
ynao_sd_19610917_0720_li 21 8 13 5 0 1558.0 1844.01 209.93 245.63 1348.07 1598.38
ynao_sd_19610918_0750_li 25 16 9 3 0 1059.12 1366.61 199.93 260.61 859.19 1106.0
ynao_sd_19610919_0700_cheng 17 11 6 4 0 884.0 1248.88 161.27 209.64 722.73 1039.24
ynao_sd_19610924_0500_cheng 28 22 6 3 0 513.12 626.08 178.54 255.38 334.58 370.7
ynao_sd_19610925_0030_cheng 39 23 16 8 0 1280.23 1982.39 264.17 388.56 1016.06 1593.83
ynao_sd_19610926_0840_cheng 24 18 6 5 0 462.13 738.18 176.16 264.39 285.97 473.79
ynao_sd_19610927_0225_li 18 11 7 6 0 449.16 832.03 105.11 176.64 344.05 655.39
ynao_sd_19610928_0240_li 24 18 6 5 0 349.22 641.39 119.92 191.39 229.3 450.0
ynao_sd_19610929_0150_li 11 5 6 5 0 393.6 532.76 68.25 90.62 325.35 442.14
ynao_sd_19611002_0850_cheng 17 15 2 2 0 232.08 247.27 114.72 127.89 117.36 119.38
ynao_sd_19611003_0640_cheng 21 19 2 2 0 976.05 1128.42 138.6 179.27 837.45 949.15
ynao_sd_19611004_0550_li 16 15 1 1 0 194.62 219.02 150.28 169.35 44.34 49.67
ynao_sd_19611005_0450_li 11 7 4 3 0 165.09 203.74 42.69 51.23 122.4 152.51
ynao_sd_19611006_0900_li 18 12 6 4 0 194.77 290.47 91.6 130.84 103.17 159.63
ynao_sd_19611007_0820_li 16 16 0 0 0 108.01 173.31 108.01 173.31 0 0
ynao_sd_19611009_0300_li 11 11 0 0 0 112.82 151.08 112.82 151.08 0 0
ynao_sd_19611011_0640_li 22 17 5 2 0 502.34 939.89 132.16 195.06 370.18 744.83
ynao_sd_19611012_0120_li 21 20 1 1 0 684.57 1046.79 290.55 382.14 394.02 664.65
ynao_sd_19611013_0050_li 17 14 3 3 0 807.73 1015.67 181.72 217.9 626.01 797.77
ynao_sd_19611014_0100_li 11 8 3 3 0 894.8 1042.56 169.72 198.52 725.08 844.04
ynao_sd_19611015_0150_cheng 17 15 2 2 0 985.06 1146.28 232.24 286.47 752.82 859.81
ynao_sd_19611017_0150_li 7 5 2 1 0 669.39 706.36 108.53 135.87 560.86 570.49
ynao_sd_19611018_0120_li 15 14 1 1 0 603.41 709.73 171.36 225.24 432.05 484.49
ynao_sd_19611019_0100_li 8 7 1 1 0 553.4 740.66 103.75 165.7 449.65 574.96
ynao_sd_19611020_0835_li 15 14 1 1 0 443.86 773.12 135.65 233.47 308.21 539.65
ynao_sd_19611023_0720_li 6 6 0 0 0 32.21 41.3 32.21 41.3 0 0
ynao_sd_19611024_0320_li 2 2 0 0 0 11.14 32.23 11.14 32.23 0 0
ynao_sd_19611025_0600_li 8 8 0 0 0 86.09 90.25 86.09 90.25 0 0
ynao_sd_19611026_0200_li 4 4 0 0 0 70.01 130.4 70.01 130.4 0 0
ynao_sd_19611027_0030_li 0 0 0 0 0 0 0 0 0 0 0
ynao_sd_19611028_0140_li 9 9 0 0 0 35.92 37.91 35.92 37.91 0 0
ynao_sd_19611029_0640_cheng 6 6 0 0 0 60.86 82.3 60.86 82.3 0 0
ynao_sd_19611030_0140_li 2 2 0 0 0 22.8 33.48 22.8 33.48 0 0
ynao_sd_19611031_0100_li 2 2 0 0 0 11.91 16.89 11.91 16.89 0 0
ynao_sd_19611101_0120_li 4 4 0 0 0 28.55 36.72 28.55 36.72 0 0
ynao_sd_19611102_0140_li 0 0 0 0 0 0 0 0 0 0 0
ynao_sd_19611106_0230_li 18 10 8 2 0 210.98 241.9 105.45 118.6 105.53 123.3
ynao_sd_19611107_0900_li 15 11 4 3 0 378.36 510.0 121.57 162.43 256.79 347.57
ynao_sd_19611110_0130_li 21 14 7 3 0 385.26 596.77 127.31 178.93 257.95 417.84
ynao_sd_19611111_0110_li 17 13 4 3 0 736.11 891.03 316.57 355.72 419.54 535.31
ynao_sd_19611112_0230_chen 21 15 6 4 0 756.89 961.48 172.2 228.82 584.69 732.66
ynao_sd_19611114_0325_li 11 5 6 3 0 486.51 650.88 99.51 133.28 387.0 517.6
ynao_sd_19611115_0125_li 13 11 2 1 0 385.17 499.47 159.17 272.58 226.0 226.89
ynao_sd_19611116_0220_chen 11 7 4 1 0 342.93 419.67 115.22 189.89 227.71 229.78
ynao_sd_19611117_0220_chen 8 4 4 1 0 230.87 281.34 56.6 78.78 174.27 202.56
ynao_sd_19611118_0050_li 5 2 3 1 0 216.32 268.84 103.32 116.59 113.0 152.25
ynao_sd_19611119_0800_chen 2 0 2 1 0 53.51 108.86 9.47 19.25 44.04 89.61
ynao_sd_19611120_0200_chen 2 2 0 0 0 14.61 46.35 14.61 46.35 0 0
ynao_sd_19611121_0200_chen 8 8 0 0 0 42.11 67.22 42.11 67.22 0 0
ynao_sd_19611122_0110_li 11 8 3 2 0 364.16 766.31 173.66 331.44 190.5 434.87
ynao_sd_19611123_0120_li 2 1 1 1 0 68.25 264.53 19.17 65.0 49.08 199.53
ynao_sd_19611124_0330_li 2 2 0 0 0 51.26 59.22 51.26 59.22 0 0
ynao_sd_19611126_0210_chen 5 3 2 2 0 242.9 564.95 95.86 176.39 147.04 388.56
ynao_sd_19611127_0100_li 2 0 2 2 0 212.42 346.26 35.88 59.19 176.54 287.07
ynao_sd_19611128_0115_li 11 9 2 2 0 349.31 494.99 146.35 230.08 202.96 264.91
ynao_sd_19611129_0130_li 9 5 4 3 0 457.62 646.87 161.32 298.07 296.3 348.8
ynao_sd_19611130_0110_li 13 9 4 3 0 425.06 452.3 132.5 144.01 292.56 308.29
ynao_sd_19611201_0100_li 22 19 3 3 0 387.78 412.9 179.78 203.28 208.0 209.62
ynao_sd_19611202_0100_li 16 14 2 2 0 359.39 387.62 138.6 157.56 220.79 230.06
ynao_sd_19611203_0210_chen 26 18 8 4 0 469.63 524.83 147.52 162.33 322.11 362.5
ynao_sd_19611204_0100_li 37 27 10 5 0 643.98 710.78 214.85 233.39 429.13 477.39
ynao_sd_19611209_0110_li 10 7 3 2 0 457.62 904.29 133.5 237.42 324.12 666.87
ynao_sd_19611210_0140_li 7 5 2 1 0 174.31 566.44 76.21 271.43 98.1 295.01
ynao_sd_19611211_0130_li 1 1 0 0 0 6.48 8.62 6.48 8.62 0 0
ynao_sd_19611212_0610_li 1 1 0 0 0 6.66 6.93 6.66 6.93 0 0
ynao_sd_19611213_0120_li 0 0 0 0 0 0 0 0 0 0 0
ynao_sd_19611214_0130_li 5 5 0 0 0 56.01 104.3 56.01 104.3 0 0
ynao_sd_19611216_0100_li 2 2 0 0 0 16.0 34.16 16.0 34.16 0 0
ynao_sd_19611217_0220_li 1 1 0 0 0 4.76 13.47 4.76 13.47 0 0
ynao_sd_19611218_0130_li 4 4 0 0 0 18.64 41.81 18.64 41.81 0 0
ynao_sd_19611219_0120_li 3 3 0 0 0 17.91 44.65 17.91 44.65 0 0
ynao_sd_19611220_0140_li 3 3 0 0 0 64.77 81.21 64.77 81.21 0 0
ynao_sd_19611221_0250_li 6 2 4 1 0 231.5 796.02 43.5 183.75 188.0 612.27
ynao_sd_19611222_0120_li 12 9 3 1 0 407.1 816.66 114.14 247.22 292.96 569.44
ynao_sd_19611224_0410_li 34 26 8 4 0 1059.44 1282.3 314.01 411.75 745.43 870.55
ynao_sd_19611225_0210_gong 30 25 5 3 0 1220.74 1419.58 301.07 390.63 919.67 1028.95
ynao_sd_19611226_0130_li 29 24 5 4 0 1118.33 1538.73 352.31 634.56 766.02 904.17
ynao_sd_19611227_0250_li 32 18 14 7 0 1086.97 1332.39 232.4 269.24 854.57 1063.15
ynao_sd_19611230_0210_li 15 10 5 3 0 484.08 634.23 105.32 127.85 378.76 506.38
ynao_sd_19611231_0525_gong 7 2 5 3 0 397.67 704.33 66.71 113.84 330.96 590.49
