ynao_sd_19670101_0225_bao 21 15 6 3 0 558.18 642.18 245.7 295.59 312.48 346.59
ynao_sd_19670102_0200_chen 61 38 23 8 0 1351.29 1772.15 356.92 477.8 994.37 1294.35
ynao_sd_19670106_0615_chen 78 43 35 16 0 4852.42 7323.38 568.86 794.17 4283.56 6529.21
ynao_sd_19670107_0115_chen 53 26 27 15 0 2441.17 4122.53 469.31 763.91 1971.86 3358.62
ynao_sd_19670109_0320_chen 40 25 15 6 0 1378.28 1752.55 286.16 374.79 1092.12 1377.76
ynao_sd_19670110_0120_chen 32 16 16 9 0 1992.09 2513.91 243.01 318.61 1749.08 2195.3
ynao_sd_19670115_0800_chen 38 21 17 5 0 1412.19 1767.16 330.03 439.61 1082.16 1327.55
ynao_sd_19670116_0630_chen 23 9 14 6 0 1369.05 1655.9 244.8 281.55 1124.25 1374.35
ynao_sd_19670117_0320_chen 29 12 17 8 0 2221.18 4971.98 251.45 404.72 1969.73 4567.26
ynao_sd_19670118_0640_chen 25 15 10 5 0 997.17 1557.1 217.79 428.49 779.38 1128.61
ynao_sd_19670119_0130_chen 26 13 13 7 0 984.29 1547.61 180.81 278.17 803.48 1269.44
ynao_sd_19670120_0120_chen 30 18 12 5 0 1663.61 3976.11 200.53 331.79 1463.08 3644.32
ynao_sd_19670121_0130_chen 46 33 13 6 0 1035.68 1550.68 270.29 385.86 765.39 1164.82
ynao_sd_19670122_0210_huang 87 69 18 11 0 1313.14 1921.18 590.36 1014.17 722.78 907.01
ynao_sd_19670123_0300_chen 48 39 9 5 0 821.06 1743.73 255.74 411.66 565.32 1332.07
ynao_sd_19670124_0130_chen 40 30 10 6 0 1061.67 1625.79 243.23 355.06 818.44 1270.73
ynao_sd_19670125_0145_chen 39 28 11 5 0 1021.92 1432.01 275.25 346.21 746.67 1085.8
ynao_sd_19670126_0220_chen 43 34 9 4 0 1137.33 1742.38 328.9 422.71 808.43 1319.67
ynao_sd_19670127_0240_chen 36 26 10 5 0 1240.46 1640.33 291.9 378.44 948.56 1261.89
ynao_sd_19670128_0100_chen 25 11 14 8 0 2572.77 3915.82 250.48 336.62 2322.29 3579.2
ynao_sd_19670129_0300_xu 38 24 14 8 0 3085.49 4708.98 568.54 835.46 2516.95 3873.52
ynao_sd_19670130_0200_chen 37 26 11 8 0 1188.21 1594.89 261.7 357.75 926.51 1237.14
ynao_sd_19670202_0730_chen 28 20 8 5 0 861.81 1580.24 203.56 323.8 658.25 1256.44
ynao_sd_19670203_0320_huang 21 11 10 5 0 1141.15 1998.08 243.82 406.16 897.33 1591.92
ynao_sd_19670204_0540_huang 13 5 8 6 0 2102.34 3034.42 270.52 471.62 1831.82 2562.8
ynao_sd_19670206_0630_chen 38 26 12 5 0 1320.35 1633.21 306.43 412.3 1013.92 1220.91
ynao_sd_19670207_0620_huang 69 38 31 11 0 2462.32 2931.09 721.6 945.71 1740.72 1985.38
ynao_sd_19670208_0235_li 71 44 27 12 0 2125.76 2424.67 455.09 580.76 1670.67 1843.91
ynao_sd_19670210_0750_li 48 30 18 13 0 1152.71 1498.44 284.38 351.6 868.33 1146.84
ynao_sd_19670211_0320_chen 41 26 15 9 0 1352.35 3001.28 223.3 332.72 1129.05 2668.56
ynao_sd_19670212_0140_huang 45 30 15 7 0 876.21 1523.97 306.07 573.0 570.14 950.97
ynao_sd_19670213_0130_li 29 22 7 5 0 468.77 851.44 247.91 464.87 220.86 386.57
ynao_sd_19670215_0145_chen 18 11 7 5 0 500.58 901.55 131.5 186.82 369.08 714.73
ynao_sd_19670215_0450_li 24 16 8 6 0 425.32 784.33 119.45 173.47 305.87 610.86
ynao_sd_19670217_0440_li 15 9 6 5 0 492.17 799.91 137.54 214.63 354.63 585.28
ynao_sd_19670218_0110_li 20 16 4 3 0 561.76 799.07 190.05 291.62 371.71 507.45
ynao_sd_19670219_0150_chen 16 12 4 3 0 567.2 696.82 117.5 155.13 449.7 541.69
ynao_sd_19670220_0145_huang 19 15 4 3 0 728.18 1041.83 222.32 480.49 505.86 561.34
ynao_sd_19670221_0230_huang 17 12 5 3 0 483.32 674.97 142.07 211.62 341.25 463.35
ynao_sd_19670222_0220_huang 36 20 16 6 0 1053.66 2184.68 266.79 589.76 786.87 1594.92
ynao_sd_19670223_0200_chen 25 10 15 10 0 1460.84 2543.56 212.48 361.1 1248.36 2182.46
ynao_sd_19670224_0230_huang 62 26 36 10 0 2509.13 3800.52 513.19 848.44 1995.94 2952.08
ynao_sd_19670225_0110_chen 36 10 26 7 1 2561.45 3416.41 278.75 368.81 2282.7 3047.6
ynao_sd_19670226_0350_huang 59 16 43 6 0 3718.53 4519.45 589.23 794.79 3129.3 3724.66
ynao_sd_19670227_0810_chen 68 36 32 10 0 4126.92 7756.0 368.04 551.77 3758.88 7204.23
ynao_sd_19670228_0620_chen 87 55 32 10 0 3110.73 3963.86 542.7 744.69 2568.03 3219.17
ynao_sd_19670301_0330_huang 131 78 53 17 0 4283.64 5584.34 1002.38 1263.89 3281.26 4320.45
ynao_sd_19670302_0350_huang 113 58 55 14 0 4825.1 6529.51 1000.5 1341.9 3824.6 5187.61
ynao_sd_19670303_0710_huang 121 73 48 17 0 4454.44 7473.11 963.83 1509.4 3490.61 5963.71
ynao_sd_19670304_0400_huang 107 64 43 16 0 4123.8 7207.37 999.97 1814.55 3123.83 5392.82
ynao_sd_19670305_0500_chen 56 27 29 15 0 2467.4 3757.27 402.77 589.57 2064.63 3167.7
ynao_sd_19670308_0310_chen 45 20 25 8 0 2039.94 2324.75 322.75 381.37 1717.19 1943.38
ynao_sd_19670309_0110_chen 33 18 15 7 0 1358.47 1550.19 219.06 267.36 1139.41 1282.83
ynao_sd_19670311_0310_chen 37 30 7 3 0 683.17 823.0 241.44 321.19 441.73 501.81
ynao_sd_19670312_0250_huang 39 35 4 1 0 447.28 582.27 255.78 349.52 191.5 232.75
ynao_sd_19670313_0120_chen 18 15 3 2 0 189.35 333.24 98.69 204.2 90.66 129.04
ynao_sd_19670314_0120_chen 18 17 1 1 0 166.77 285.46 108.25 173.32 58.52 112.14
ynao_sd_19670315_0100_huang 29 25 4 3 0 325.83 477.07 166.82 252.52 159.01 224.55
ynao_sd_19670317_0200_chen 20 12 8 5 0 417.06 813.95 112.77 213.41 304.29 600.54
ynao_sd_19670318_0440_huang 38 23 15 7 0 920.59 1449.58 210.83 362.65 709.76 1086.93
ynao_sd_19670319_0040_xuan 26 23 3 2 0 747.91 1058.7 406.43 562.04 341.48 496.66
ynao_sd_19670320_0420_huang 16 13 3 4 0 662.52 828.8 178.82 227.61 483.7 601.19
ynao_sd_19670321_0130_li 41 35 6 5 0 1095.86 2047.02 325.37 508.99 770.49 1538.03
ynao_sd_19670322_0110_chen 26 16 10 5 0 1309.16 2345.67 240.25 414.67 1068.91 1931.0
ynao_sd_19670323_0110_chen 39 27 12 6 0 1564.5 2331.35 447.02 813.35 1117.48 1518.0
ynao_sd_19670324_0120_li 46 35 11 9 0 1820.25 2590.3 460.88 733.21 1359.37 1857.09
ynao_sd_19670326_0800_li 47 30 17 10 0 3063.65 4168.27 577.72 767.57 2485.93 3400.7
ynao_sd_19670327_0100_li 55 35 20 14 0 3564.27 4756.0 594.86 769.59 2969.41 3986.41
ynao_sd_19670328_0315_li 61 38 23 12 0 2450.08 3170.18 579.57 790.8 1870.51 2379.38
ynao_sd_19670329_0040_li 61 34 27 11 0 2412.46 3143.49 505.78 650.5 1906.68 2492.99
ynao_sd_19670330_0040_chen 77 51 26 9 0 2297.67 3289.96 558.32 837.02 1739.35 2452.94
ynao_sd_19670331_0200_chen 53 30 23 11 0 3353.81 5990.08 375.19 673.51 2978.62 5316.57
ynao_sd_19670401_0215_li 39 21 18 10 0 1129.05 2724.57 280.43 546.57 848.62 2178.0
ynao_sd_19670402_0120_chen 34 29 5 3 0 454.44 1344.22 267.95 552.62 186.49 791.6
ynao_sd_19670403_0230_chen 13 11 2 0 0 131.15 163.53 140.9 199.82 9.75 36.29
ynao_sd_19670404_0810_chen 9 8 1 2 0 319.38 710.27 66.97 99.06 252.41 611.21
ynao_sd_19670405_0040_chen 22 21 1 1 0 195.86 367.63 156.29 274.71 39.57 92.92
ynao_sd_19670406_0040_chen 13 10 3 2 0 272.75 387.32 92.99 127.31 179.76 260.01
ynao_sd_19670407_0110_li 21 16 5 3 0 226.54 261.89 131.79 150.79 94.75 111.1
ynao_sd_19670408_0230_chen 42 32 10 5 0 553.78 667.18 265.27 353.8 288.51 313.38
ynao_sd_19670409_0050_li 32 18 14 4 0 918.07 1164.32 269.38 375.96 648.69 788.36
ynao_sd_19670410_0140_chen 37 19 18 10 0 793.41 1139.34 188.72 255.05 604.69 884.29
ynao_sd_19670411_0120_chen 28 15 13 6 0 900.81 1514.07 154.75 249.4 746.06 1264.67
ynao_sd_19670413_0710_li 10 9 1 1 0 350.7 554.05 126.69 181.08 224.01 372.97
ynao_sd_19670414_0210_li 14 9 5 2 0 526.26 1175.33 118.12 219.11 408.14 956.22
ynao_sd_19670418_0110_chen 10 4 6 3 0 671.65 1080.47 100.9 158.28 570.75 922.19
ynao_sd_19670419_0800_li 8 5 3 3 0 828.38 1119.44 123.1 181.28 705.28 938.16
ynao_sd_19670421_0120_chen 13 7 6 4 0 876.15 1092.64 149.33 192.55 726.82 900.09
ynao_sd_19670422_0100_chen 24 15 9 4 0 1114.45 1458.81 223.94 296.17 890.51 1162.64
ynao_sd_19670423_0120_li 22 15 7 4 0 934.99 1330.53 180.43 271.91 754.56 1058.62
ynao_sd_19670424_0640_li 15 9 6 4 0 594.84 897.56 140.18 235.19 454.66 662.37
ynao_sd_19670425_0125_li 18 15 3 4 0 1322.56 1702.29 170.94 283.84 1151.62 1418.45
ynao_sd_19670426_0200_li 11 5 6 5 0 431.02 561.61 69.26 89.48 361.76 472.13
ynao_sd_19670427_0850_li 13 11 2 2 0 230.18 359.38 81.43 115.79 148.75 243.59
ynao_sd_19670428_0037_li 19 13 6 3 0 553.36 928.9 246.7 477.24 306.66 451.66
ynao_sd_19670429_0100_li 40 27 13 6 0 644.11 944.02 227.36 326.26 416.75 617.76
ynao_sd_19670430_0210_niu 29 27 2 1 0 326.76 369.56 163.31 200.15 163.45 169.41
ynao_sd_19670501_0210_chen 33 27 6 4 0 716.12 1067.9 212.08 274.91 504.04 792.99
ynao_sd_19670502_0040_chen 28 22 6 4 0 780.9 1177.11 179.53 236.63 601.37 940.48
ynao_sd_19670503_0055_li 20 12 8 5 0 924.68 1317.83 171.56 237.59 753.12 1080.24
ynao_sd_19670504_0100_chen 21 12 9 5 0 2451.48 5159.55 162.78 237.34 2288.7 4922.21
ynao_sd_19670505_0030_li 16 12 4 4 0 741.29 1117.19 208.11 296.39 533.18 820.8
ynao_sd_19670507_0103_li 7 5 2 2 0 577.6 661.22 87.82 113.98 489.78 547.24
ynao_sd_19670508_0044_li 5 4 1 1 0 572.97 698.64 141.81 226.5 431.16 472.14
ynao_sd_19670509_0500_li 5 4 1 1 0 459.24 594.0 114.62 184.69 344.62 409.31
ynao_sd_19670510_0130_li 3 2 1 1 0 383.99 511.83 62.03 87.58 321.96 424.25
ynao_sd_19670511_0040_li 3 2 1 1 0 324.23 505.81 51.3 78.99 272.93 426.82
ynao_sd_19670512_0150_li 4 2 2 2 0 284.65 657.21 52.09 111.25 232.56 545.96
ynao_sd_19670513_0100_li 6 4 2 2 0 174.79 429.52 44.27 89.49 130.52 340.03
ynao_sd_19670514_0140_chen 7 5 2 1 0 125.92 204.26 54.57 87.61 71.35 116.65
ynao_sd_19670515_0240_li 8 7 1 1 0 200.63 305.17 83.31 146.74 117.32 158.43
ynao_sd_19670516_0105_li 13 11 2 2 0 248.38 353.8 76.51 102.94 171.87 250.86
ynao_sd_19670517_0110_li 13 7 6 3 0 320.97 405.92 93.94 122.15 227.03 283.77
ynao_sd_19670520_0030_chen 36 26 10 6 0 597.26 1261.61 254.29 527.86 342.97 733.75
ynao_sd_19670521_0120_li 35 14 21 7 0 1710.55 3505.9 268.83 504.07 1441.72 3001.83
ynao_sd_19670522_0054_li 43 24 19 10 0 2818.62 4661.46 559.07 838.11 2259.55 3823.35
ynao_sd_19670523_0015_li 45 18 27 10 0 3659.97 5017.72 553.61 770.49 3106.36 4247.23
ynao_sd_19670524_0350_li 53 26 27 11 0 4116.7 5019.82 621.74 746.78 3494.96 4273.04
ynao_sd_19670525_0230_li 62 24 38 13 0 4792.05 5664.31 706.15 856.69 4085.9 4807.62
ynao_sd_19670526_0255_li 81 32 49 18 1 4952.25 6323.94 750.88 949.12 4201.37 5374.82
ynao_sd_19670528_0650_chen 90 49 41 16 0 3269.21 4256.14 589.8 760.53 2679.41 3495.61
ynao_sd_19670529_0250_li 59 27 32 16 0 3403.38 4968.32 610.17 912.33 2793.21 4055.99
ynao_sd_19670530_0210_li 61 28 33 18 0 2922.51 4809.2 447.99 760.25 2474.52 4048.95
ynao_sd_19670601_0950_cheng 64 35 29 17 0 1688.74 2426.61 424.61 777.71 1264.13 1648.9
ynao_sd_19670602_0250_cheng 66 41 25 11 0 1652.04 2027.28 357.17 451.74 1294.87 1575.54
ynao_sd_19670603_0710_cheng 54 27 27 11 0 2153.51 2435.65 410.31 510.8 1743.2 1924.85
ynao_sd_19670605_0250_cheng 40 21 19 9 0 1701.38 2061.83 413.2 528.45 1288.18 1533.38
ynao_sd_19670606_0810_cheng 27 21 6 5 0 1055.8 1519.54 309.4 419.51 746.4 1100.03
ynao_sd_19670610_0005_li 2 0 2 1 0 50.2 56.18 9.36 10.48 40.84 45.7
ynao_sd_19670611_0230_cheng 4 4 0 0 0 27.99 32.69 27.99 32.69 0 0
ynao_sd_19670612_0130_cheng 3 1 2 1 0 92.07 116.75 25.57 31.79 66.5 84.96
ynao_sd_19670614_0120_li 4 4 0 0 0 34.06 77.84 34.06 77.84 0 0
ynao_sd_19670616_0016_li 4 3 1 1 0 105.45 265.98 58.61 123.1 46.84 142.88
ynao_sd_19670617_0250_cheng 12 8 4 3 0 227.64 499.92 99.57 239.64 128.07 260.28
ynao_sd_19670618_0040_li 11 6 5 4 0 296.47 599.48 102.53 278.59 193.94 320.89
ynao_sd_19670618_0050_li 11 7 4 4 0 318.15 454.58 83.0 112.58 235.15 342.0
ynao_sd_19670620_0820_li 18 14 4 3 0 373.62 624.97 182.5 392.91 191.12 232.06
ynao_sd_19670621_0400_li 12 3 9 5 0 626.53 1085.59 77.95 112.98 548.58 972.61
ynao_sd_19670623_0200_li 21 11 10 4 0 705.84 906.53 139.31 195.94 566.53 710.59
ynao_sd_19670624_0900_li 31 22 9 8 0 1017.9 1553.63 227.13 329.28 790.77 1224.35
ynao_sd_19670625_0750_cheng 44 27 17 6 0 1253.1 1813.06 236.5 312.95 1016.6 1500.11
ynao_sd_19670628_0140_li 25 16 9 4 0 1456.77 1768.14 294.37 360.77 1162.4 1407.37
ynao_sd_19670629_0130_li 12 3 9 4 0 1389.0 1970.29 233.11 325.52 1155.89 1644.77
ynao_sd_19670630_0820_li 13 4 9 4 0 1234.53 1932.48 234.8 372.07 999.73 1560.41
ynao_sd_19670702_0830_li 17 11 6 4 0 1091.37 1482.21 214.2 307.03 877.17 1175.18
ynao_sd_19670703_0825_li 21 11 10 6 0 1353.22 1718.02 274.97 421.62 1078.25 1296.4
ynao_sd_19670704_0030_li 12 4 8 7 0 1313.12 1753.62 173.71 227.43 1139.41 1526.19
ynao_sd_19670709_0740_cheng 12 8 4 4 0 1536.99 1859.36 57.94 81.44 1479.05 1777.92
ynao_sd_19670710_0750_cheng 20 19 1 1 0 149.88 314.74 117.36 213.5 32.52 101.24
ynao_sd_19670711_0050_li 15 15 0 0 0 103.18 166.27 103.18 166.27 0 0
ynao_sd_19670712_0220_li 22 21 1 1 0 145.27 185.39 132.63 171.01 12.64 14.38
ynao_sd_19670715_0630_cheng 33 32 1 1 0 240.12 470.41 197.46 336.28 42.66 134.13
ynao_sd_19670716_0630_li 22 20 2 2 0 243.69 311.62 211.83 276.85 31.86 34.77
ynao_sd_19670717_0615_li 22 20 2 1 0 185.63 233.04 165.11 210.97 20.52 22.07
ynao_sd_19670718_0350_li 13 11 2 2 0 169.4 227.26 104.55 125.79 64.85 101.47
ynao_sd_19670719_0025_cheng 20 20 0 0 0 120.69 207.58 120.69 207.58 0 0
ynao_sd_19670720_0250_li 6 5 1 1 0 72.07 126.73 42.92 72.45 29.15 54.28
ynao_sd_19670721_0100_cheng 13 13 0 0 0 106.39 166.93 106.39 166.93 0 0
ynao_sd_19670722_0608_li 15 8 7 3 0 567.65 1998.89 118.11 297.13 449.54 1701.76
ynao_sd_19670725_1020_cheng 49 23 26 7 0 3378.4 4975.3 595.5 902.12 2782.9 4073.18
ynao_sd_19670727_0400_li 49 11 38 13 1 4779.26 5928.72 696.12 903.43 4083.14 5025.29
ynao_sd_19670730_0107_li 57 24 33 11 0 4923.81 5460.0 635.53 707.05 4288.28 4752.95
ynao_sd_19670731_0017_li 62 20 42 10 0 4519.96 5227.35 541.47 620.18 3978.49 4607.17
ynao_sd_19670801_0025_li 43 13 30 10 0 3889.83 4886.35 552.3 687.81 3337.53 4198.54
ynao_sd_19670802_0130_cheng 69 43 26 14 0 2687.71 3798.02 591.49 823.8 2096.22 2974.22
ynao_sd_19670803_0010_li 31 14 17 11 0 1956.08 3364.76 395.05 687.63 1561.03 2677.13
ynao_sd_19670804_0802_li 19 9 10 6 0 906.74 1911.99 191.61 452.38 715.13 1459.61
ynao_sd_19670806_0600_cheng 37 20 17 10 0 1317.22 2398.65 249.29 480.5 1067.93 1918.15
ynao_sd_19670809_0650_cheng 38 23 15 9 0 1994.37 3812.96 320.96 451.36 1673.41 3361.6
ynao_sd_19670810_0150_cheng 34 24 10 8 0 1525.22 1823.85 318.64 389.4 1206.58 1434.45
ynao_sd_19670811_0140_cheng 37 31 6 5 0 1558.7 1787.0 338.93 394.47 1219.77 1392.53
ynao_sd_19670812_0040_cheng 47 30 17 7 0 1625.14 2163.15 360.73 489.43 1264.41 1673.72
ynao_sd_19670813_0630_li 18 6 12 8 0 1282.32 1967.27 222.77 325.91 1059.55 1641.36
ynao_sd_19670814_0700_li 12 6 6 5 0 935.89 1479.68 172.48 260.53 763.41 1219.15
ynao_sd_19670817_0700_li 25 12 13 6 0 1560.77 2389.17 285.23 395.09 1275.54 1994.08
ynao_sd_19670818_0010_li 24 10 14 7 0 1603.14 2093.72 324.88 425.39 1278.26 1668.33
ynao_sd_19670820_0825_li 25 11 14 6 0 1913.19 3645.01 342.23 672.76 1570.96 2972.25
ynao_sd_19670821_0145_li 35 15 20 8 0 1521.54 2645.04 382.55 697.57 1138.99 1947.47
ynao_sd_19670822_0240_cheng 62 40 22 9 0 1772.73 2915.95 473.93 841.05 1298.8 2074.9
ynao_sd_19670823_0030_li 32 9 23 7 0 1657.09 2438.3 282.01 419.71 1375.08 2018.59
ynao_sd_19670824_0300_li 34 7 27 4 0 2005.89 2550.42 329.11 402.28 1676.78 2148.14
ynao_sd_19670825_0240_li 40 13 27 7 0 1805.6 2346.88 344.38 405.79 1461.22 1941.09
ynao_sd_19670826_0120_cheng 80 50 30 9 0 1951.67 2073.27 422.96 483.46 1528.71 1589.81
ynao_sd_19670827_0200_li 37 11 26 8 0 1942.07 2107.69 262.52 290.88 1679.55 1816.81
ynao_sd_19670828_0100_cheng 49 29 20 7 0 1416.77 1669.6 256.19 302.79 1160.58 1366.81
ynao_sd_19670829_0040_cheng 49 32 17 6 0 1388.76 2419.06 317.16 495.57 1071.6 1923.49
ynao_sd_19670830_0040_cheng 38 20 18 10 0 1270.59 2361.96 214.77 373.98 1055.82 1987.98
ynao_sd_19670831_0220_cheng 28 18 10 8 0 875.91 1987.29 204.56 394.81 671.35 1592.48
ynao_sd_19670902_0910_cheng 55 36 19 9 0 1202.83 1626.47 301.36 427.96 901.47 1198.51
ynao_sd_19670903_0510_li 19 7 12 9 0 952.18 1202.91 179.77 231.49 772.41 971.42
ynao_sd_19670904_0520_li 30 15 15 8 0 900.04 1112.32 294.33 368.95 605.71 743.37
ynao_sd_19670906_0330_li 21 15 6 5 0 633.25 982.0 173.35 270.48 459.9 711.52
ynao_sd_19670907_0035_li 11 4 7 4 0 540.06 823.37 114.19 179.31 425.87 644.06
ynao_sd_19670908_0730_cheng 24 14 10 5 0 617.91 1362.22 145.88 281.61 472.03 1080.61
ynao_sd_19670909_0330_cheng 34 23 11 5 0 677.05 1306.96 188.21 341.33 488.84 965.63
ynao_sd_19670912_0945_li 28 16 12 3 0 835.71 1070.14 233.0 349.09 602.71 721.05
ynao_sd_19670914_0120_cheng 13 8 5 2 0 611.63 792.22 163.59 334.61 448.04 457.61
ynao_sd_19670915_0012_li 6 3 3 2 0 703.76 790.38 99.62 127.26 604.14 663.12
ynao_sd_19670916_0020_cheng 12 8 4 2 0 557.99 633.82 89.33 106.81 468.66 527.01
ynao_sd_19670917_0144_li 13 9 4 2 0 567.27 709.91 118.71 157.73 448.56 552.18
ynao_sd_19670920_0715_li 12 4 8 5 0 609.5 958.72 106.8 176.49 502.7 782.23
ynao_sd_19670923_0920_cheng 14 10 4 2 0 248.74 532.18 95.71 250.9 153.03 281.28
ynao_sd_19670924_0050_li 5 5 0 0 0 131.96 287.64 131.96 287.64 0 0
ynao_sd_19670927_0845_li 13 12 1 1 0 435.64 773.64 169.52 369.22 266.12 404.42
ynao_sd_19670930_0450_cheng 20 15 5 3 0 1572.9 4175.31 153.17 202.54 1419.73 3972.77
ynao_sd_19671004_0925_li 12 6 6 5 0 799.23 1141.78 139.57 192.81 659.66 948.97
ynao_sd_19671008_0510_li 11 9 2 2 0 354.63 554.9 154.89 239.65 199.74 315.25
ynao_sd_19671009_0330_li 9 4 5 3 0 273.97 432.58 89.67 135.34 184.3 297.24
ynao_sd_19671010_0730_li 18 15 3 3 0 570.47 917.29 193.98 290.26 376.49 627.03
ynao_sd_19671012_0140_li 15 13 2 1 0 763.25 1023.88 291.88 555.85 471.37 468.03
ynao_sd_19671013_0310_cheng 25 16 9 6 0 840.59 1142.6 190.62 300.02 649.97 842.58
ynao_sd_19671014_0540_cheng 17 9 8 4 0 530.92 812.83 130.13 213.99 400.79 598.84
ynao_sd_19671016_0420_li 7 3 4 3 0 222.95 394.91 50.79 95.01 172.16 299.9
ynao_sd_19671017_0500_cheng 8 6 2 1 0 129.07 179.1 45.8 83.18 83.27 95.92
ynao_sd_19671018_0020_cheng 8 6 2 2 0 158.94 320.35 46.72 74.98 112.22 245.37
ynao_sd_19671019_0120_cheng 14 10 4 3 0 243.63 402.75 87.57 142.17 156.06 260.58
ynao_sd_19671020_0200_cheng 31 27 4 2 0 517.76 700.67 240.99 356.45 276.77 344.22
ynao_sd_19671023_0300_cheng 31 21 10 6 0 711.93 909.38 246.71 277.76 465.22 631.62
ynao_sd_19671026_0630_cheng 46 38 8 4 0 559.59 722.69 272.6 329.27 286.99 393.42
ynao_sd_19671027_0230_cheng 49 30 19 9 1 1544.25 2490.42 326.33 465.88 1217.92 2024.54
ynao_sd_19671028_0300_cheng 50 35 15 9 0 1935.59 3715.69 406.23 679.54 1529.36 3036.15
ynao_sd_19671029_0210_niu 55 35 20 10 0 2619.76 5951.66 402.37 803.79 2217.39 5147.87
ynao_sd_19671030_0050_cheng 38 23 15 8 0 1246.12 1904.33 270.41 387.35 975.71 1516.98
ynao_sd_19671031_0135_cheng 43 23 20 10 0 1380.12 1820.48 290.86 366.33 1089.26 1454.15
ynao_sd_19671101_0125_li 17 5 12 8 0 1347.26 1648.84 252.12 300.78 1095.14 1348.06
ynao_sd_19671102_0350_li 24 14 10 7 0 1228.84 1440.66 274.15 356.2 954.69 1084.46
ynao_sd_19671103_0625_cheng 32 22 10 7 0 1266.19 1534.93 292.67 370.72 973.52 1164.21
ynao_sd_19671104_0230_cheng 43 35 8 4 0 1209.17 1659.76 368.74 526.29 840.43 1133.47
ynao_sd_19671105_0320_li 6 2 4 3 0 707.06 894.18 102.16 134.95 604.9 759.23
ynao_sd_19671106_0033_li 11 6 5 3 0 525.64 760.55 105.03 149.13 420.61 611.42
ynao_sd_19671107_0110_cheng 16 12 4 3 0 401.93 791.62 108.1 220.38 293.83 571.24
ynao_sd_19671108_0033_li 6 3 3 3 0 164.7 414.92 39.38 103.43 125.32 311.49
ynao_sd_19671109_0100_li 3 1 2 2 0 109.24 224.55 18.18 34.53 91.06 190.02
ynao_sd_19671110_0140_li 4 2 2 2 0 116.23 319.52 29.68 73.62 86.55 245.9
ynao_sd_19671111_0020_cheng 8 6 2 1 0 150.9 275.7 44.08 77.57 106.82 198.13
ynao_sd_19671114_0740_li 17 6 11 8 0 1213.78 2262.73 182.92 362.05 1030.86 1900.68
ynao_sd_19671116_0055_li 23 11 12 7 0 1540.45 2130.08 253.01 353.38 1287.44 1776.7
ynao_sd_19671117_0610_li 29 17 12 5 0 1752.34 2036.99 368.81 437.76 1383.53 1599.23
ynao_sd_19671118_0850_cheng 46 33 13 6 0 1847.17 2803.98 447.36 581.74 1399.81 2222.24
ynao_sd_19671119_0320_li 25 15 10 4 0 1699.66 2531.36 388.48 595.55 1311.18 1935.81
ynao_sd_19671120_0430_li 19 9 10 7 0 2020.32 3252.03 353.53 593.81 1666.79 2658.22
ynao_sd_19671121_0150_li 13 2 11 7 0 2162.56 3251.27 262.91 403.03 1899.65 2848.24
ynao_sd_19671122_0050_li 25 4 21 6 0 2441.17 3590.27 375.11 585.62 2066.06 3004.65
ynao_sd_19671123_0100_li 24 9 15 5 0 2086.46 2683.69 360.09 464.64 1726.37 2219.05
ynao_sd_19671124_0120_li 26 15 11 8 0 1998.73 2733.53 344.5 490.44 1654.23 2243.09
ynao_sd_19671125_0040_cheng 59 40 19 9 0 1964.11 2768.89 515.8 744.86 1448.31 2024.03
ynao_sd_19671127_0055_li 35 16 19 7 0 1736.06 2073.68 314.1 413.38 1421.96 1660.3
ynao_sd_19671128_0108_li 38 20 18 11 0 1964.6 2715.37 422.43 600.23 1542.17 2115.14
ynao_sd_19671129_0100_li 44 19 25 13 0 1816.05 2926.23 336.16 558.03 1479.89 2368.2
ynao_sd_19671201_0220_li 26 12 14 6 0 706.02 1505.82 259.84 511.52 446.18 994.3
ynao_sd_19671202_0030_cheng 42 31 11 6 0 579.47 1242.17 248.78 580.97 330.69 661.2
ynao_sd_19671203_0225_li 14 11 3 3 0 309.76 629.68 128.03 268.46 181.73 361.22
ynao_sd_19671204_0055_li 13 11 2 2 0 311.82 498.46 122.16 200.0 189.66 298.46
ynao_sd_19671205_0205_li 9 5 4 3 0 289.36 463.38 68.12 116.99 221.24 346.39
ynao_sd_19671206_0020_cheng 26 19 7 4 0 469.86 796.73 156.51 268.23 313.35 528.5
ynao_sd_19671207_0100_li 29 19 10 6 0 1021.28 1422.55 223.43 347.52 797.85 1075.03
ynao_sd_19671208_0210_cheng 37 24 13 9 0 1005.5 1298.56 251.13 327.37 754.37 971.19
ynao_sd_19671209_0130_li 32 21 11 8 0 1019.21 1187.46 239.6 278.84 779.61 908.62
ynao_sd_19671210_0140_zhou 27 21 6 6 0 902.49 1035.84 263.47 293.53 639.02 742.31
ynao_sd_19671211_0150_zhou 33 28 5 6 0 821.57 1072.87 274.58 322.59 546.99 750.28
ynao_sd_19671212_0155_zhou 32 21 11 7 0 1098.09 1417.08 352.12 444.13 745.97 972.95
ynao_sd_19671213_0205_zhou 30 21 9 8 0 1204.71 1676.51 317.89 466.49 886.82 1210.02
ynao_sd_19671214_0310_zhou 38 31 7 5 0 988.2 1369.59 384.34 540.89 603.86 828.7
ynao_sd_19671215_0210_zhou 29 24 5 8 0 1131.66 2096.54 268.72 503.12 862.94 1593.42
ynao_sd_19671216_0140_cheng 60 41 19 9 0 1365.01 2476.55 388.33 667.75 976.68 1808.8
ynao_sd_19671217_0225_zhou 46 34 12 10 0 1983.94 3506.04 516.19 832.75 1467.75 2673.29
ynao_sd_19671218_0210_zhou 50 29 21 17 0 2845.65 4248.47 531.94 730.5 2313.71 3517.97
ynao_sd_19671220_0200_zhou 37 16 21 14 0 3418.53 4652.82 499.92 704.61 2918.61 3948.21
ynao_sd_19671221_0155_zhou 40 23 17 10 0 3065.36 4560.67 659.05 1151.24 2406.31 3409.43
ynao_sd_19671222_0135_zhou 31 17 14 14 0 2580.77 4938.51 392.63 728.37 2188.14 4210.14
ynao_sd_19671223_0140_zhou 24 16 8 9 0 1438.72 2851.38 361.07 972.9 1077.65 1878.48
ynao_sd_19671224_0135_zhou 24 14 10 8 0 1267.02 1723.2 261.94 354.2 1005.08 1369.0
ynao_sd_19671225_0210_zhou 27 20 7 7 0 1041.82 1374.25 224.77 294.1 817.05 1080.15
ynao_sd_19671226_0150_zhou 43 33 10 10 0 1496.26 2233.95 357.72 471.47 1138.54 1762.48
ynao_sd_19671227_0155_zhou 37 26 11 8 0 2308.82 2990.5 461.17 624.66 1847.65 2365.84
ynao_sd_19671228_0155_zhou 31 21 10 7 0 2664.5 3123.69 512.15 610.76 2152.35 2512.93
ynao_sd_19671229_0150_zhou 32 16 16 10 0 2934.68 3459.82 535.67 714.19 2399.01 2745.63
ynao_sd_19671230_0145_zhou 27 12 15 9 0 3139.28 3952.64 601.12 799.21 2538.16 3153.43
ynao_sd_19671231_0150_zhou 28 19 9 6 0 2268.85 3120.46 460.95 668.94 1807.9 2451.52
