ynao_sd_19680102_0135_zhou 1 1 0 0 0 8.63 15.16 8.63 15.16 0 0 0
ynao_sd_19680103_0230_pang 0 0 0 0 0 0 0 0 0 0 0 0
ynao_sd_19680104_0255_pang 0 0 0 0 0 0 0 0 0 0 0 0
ynao_sd_19680105_0245_pang 0 0 0 0 0 0 0 0 0 0 0 0
ynao_sd_19680106_0235_zhou 0 0 0 0 0 0 0 0 0 0 0 0
ynao_sd_19680107_0210_zhou 0 0 0 0 0 0 0 0 0 0 0 0
ynao_sd_19680108_0350_xue 0 0 0 0 0 0 0 0 0 0 0 0
ynao_sd_19680109_0150_zhou 0 0 0 0 0 0 0 0 0 0 0 0
ynao_sd_19680110_0140_zhou 0 0 0 0 0 0 0 0 0 0 0 0
ynao_sd_19680111_0530_xue 0 0 0 0 0 0 0 0 0 0 0 0
ynao_sd_19680113_0450_xue 0 0 0 0 0 0 0 0 0 0 0 0
ynao_sd_19680114_0720_xue 0 0 0 0 0 0 0 0 0 0 0 0
ynao_sd_19680115_0205_zhou 0 0 0 0 0 0 0 0 0 0 0 0
ynao_sd_19680116_0150_zhou 0 0 0 0 0 0 0 0 0 0 0 0
ynao_sd_19680117_0320_xue 0 0 0 0 0 0 0 0 0 0 0 0
ynao_sd_19680121_0130_zhou 0 0 0 0 0 0 0 0 0 0 0 0
ynao_sd_19680122_0530_zhou 0 0 0 0 0 0 0 0 0 0 0 0
ynao_sd_19680124_0140_zhou 0 0 0 0 0 0 0 0 0 0 0 0
ynao_sd_19680125_0220_zhou 0 0 0 0 0 0 0 0 0 0 0 0
ynao_sd_19680129_0305_zhou 0 0 0 0 0 0 0 0 0 0 0 0
ynao_sd_19680130_0145_zhou 0 0 0 0 0 0 0 0 0 0 0 0
ynao_sd_19680131_0200_zhou 0 0 0 0 0 0 0 0 0 0 0 0
ynao_sd_19680202_0725_pang 0 0 0 0 0 0 0 0 0 0 0 0
ynao_sd_19680203_0225_zhou 0 0 0 0 0 0 0 0 0 0 0 0
ynao_sd_19680205_0335_pang 0 0 0 0 0 0 0 0 0 0 0 0
ynao_sd_19680206_0150_zhou 0 0 0 0 0 0 0 0 0 0 0 0
ynao_sd_19680207_0530_pang 0 0 0 0 0 0 0 0 0 0 0 0
ynao_sd_19680208_0330_pang 0 0 0 0 0 0 0 0 0 0 0 0
ynao_sd_19680209_0530_pang 0 0 0 0 0 0 0 0 0 0 0 0
ynao_sd_19680210_0330_pang 0 0 0 0 0 0 0 0 0 0 0 0
ynao_sd_19680211_0140_zhou 0 0 0 0 0 0 0 0 0 0 0 0
ynao_sd_19680212_0310_pang 0 0 0 0 0 0 0 0 0 0 0 0
ynao_sd_19680213_0140_zhou 0 0 0 0 0 0 0 0 0 0 0 0
ynao_sd_19680214_0205_zhou 0 0 0 0 0 0 0 0 0 0 0 0
ynao_sd_19680215_0230_zhou 0 0 0 0 0 0 0 0 0 0 0 0
ynao_sd_19680216_0230_xue 0 0 0 0 0 0 0 0 0 0 0 0
ynao_sd_19680217_0350_xue 0 0 0 0 0 0 0 0 0 0 0 0
ynao_sd_19680218_0350_xue 0 0 0 0 0 0 0 0 0 0 0 0
ynao_sd_19680219_0230_xue 0 0 0 0 0 0 0 0 0 0 0 0
ynao_sd_19680220_0310_xue 0 0 0 0 0 0 0 0 0 0 0 0
ynao_sd_19680221_0345_xue 0 0 0 0 0 0 0 0 0 0 0 0
ynao_sd_19680222_0330_xue 0 0 0 0 0 0 0 0 0 0 0 0
ynao_sd_19680223_0330_xue 0 0 0 0 0 0 0 0 0 0 0 0
ynao_sd_19680224_0345_xue 0 0 0 0 0 0 0 0 0 0 0 0
ynao_sd_19680225_0110_xue 0 0 0 0 0 0 0 0 0 0 0 0
ynao_sd_19680226_0130_zhou 1 1 0 0 0 11.99 16.74 11.99 16.74 0 0 0
ynao_sd_19680227_0200_zhou 0 0 0 0 0 0 0 0 0 0 0 0
ynao_sd_19680228_0610_pang 0 0 0 0 0 0 0 0 0 0 0 0
ynao_sd_19680301_0150_chen 0 0 0 0 0 0 0 0 0 0 0 0
ynao_sd_19680302_0800_chen 50 30 20 9 0 1202.15 1962.71 283.39 415.26 918.76 1547.45 0
ynao_sd_19680303_0500_chen 43 28 15 7 0 1092.85 1855.89 270.04 424.94 822.81 1430.95 0
ynao_sd_19680304_0030_chen 29 24 5 3 0 1652.13 3352.3 234.51 335.21 1417.62 3017.09 0
ynao_sd_19680307_0800_chen 22 17 5 3 0 691.37 734.45 166.46 179.17 524.91 555.28 0
ynao_sd_19680308_0115_chen 22 17 5 2 0 692.13 750.78 182.86 202.79 509.27 547.99 0
ynao_sd_19680309_0210_chen 23 16 7 2 0 633.69 753.4 207.92 252.3 425.77 501.1 0
ynao_sd_19680310_0110_chen 24 16 8 4 0 597.6 764.74 154.74 195.12 442.86 569.62 0
ynao_sd_19680311_0110_chen 29 23 6 4 0 564.48 976.84 201.13 283.15 363.35 693.69 0
ynao_sd_19680314_0830_chen 14 9 5 3 0 486.78 680.14 129.25 176.03 357.53 504.11 0
ynao_sd_19680315_0120_chen 7 3 4 3 0 465.36 621.99 84.03 114.59 381.33 507.4 0
ynao_sd_19680316_0110_chen 11 3 8 3 0 1106.84 1579.73 148.82 205.89 958.02 1373.84 0
ynao_sd_19680317_0230_chen 24 8 16 6 0 1164.83 1479.47 272.37 365.31 892.46 1114.16 0
ynao_sd_19680318_0120_chen 24 11 13 6 0 1293.97 1544.83 215.3 252.8 1078.67 1292.03 0
ynao_sd_19680319_0020_chen 16 8 8 4 0 1128.06 1348.79 197.99 235.35 930.07 1113.44 0
ynao_sd_19680323_0330_chen 47 36 11 7 0 1075.44 1743.09 319.61 482.92 755.83 1260.17 0
ynao_sd_19680324_0330_chen 63 49 14 5 0 1142.47 1668.47 387.03 547.28 755.44 1121.19 0
ynao_sd_19680325_0455_chen 33 22 11 8 0 1100.02 1701.43 249.2 347.61 850.82 1353.82 0
ynao_sd_19680326_0250_chen 47 31 16 8 0 1241.97 1801.55 316.62 478.87 925.35 1322.68 0
ynao_sd_19680327_0055_li 42 26 16 7 0 1368.76 1899.75 324.86 500.69 1043.9 1399.06 0
ynao_sd_19680331_0240_li 34 17 17 6 0 1798.91 1982.27 301.0 354.85 1497.91 1627.42 0
ynao_sd_19680401_0130_chen 38 26 12 5 0 1582.69 1750.19 343.32 404.89 1239.37 1345.3 0
ynao_sd_19680402_0145_chen 26 16 10 5 0 1324.03 1519.82 239.3 288.2 1084.73 1231.62 0
ynao_sd_19680403_0150_chen 31 22 9 5 0 1111.51 1378.63 235.04 312.59 876.47 1066.04 0
ynao_sd_19680407_0030_li 16 9 7 6 0 546.53 852.5 332.73 449.14 213.8 403.36 0
ynao_sd_19680408_0110_chen 30 20 10 8 0 514.11 795.16 164.8 231.0 349.31 564.16 0
ynao_sd_19680409_0200_chen 27 18 9 6 0 583.66 1156.48 206.1 414.56 377.56 741.92 0
ynao_sd_19680410_0045_li 30 22 8 7 0 905.55 1783.9 226.22 373.13 679.33 1410.77 0
ynao_sd_19680414_0040_li 19 9 10 8 0 1634.98 2017.51 304.24 371.24 1330.74 1646.27 0
ynao_sd_19680415_0025_li 24 16 8 8 0 1604.74 1973.49 320.81 428.18 1283.93 1545.31 0
ynao_sd_19680416_0030_li 26 18 8 7 0 1573.82 1990.21 391.26 518.23 1182.56 1471.98 0
ynao_sd_19680417_0800_li 27 22 5 5 0 1296.61 1721.81 342.44 486.69 954.17 1235.12 0
ynao_sd_19680418_0105_li 20 15 5 4 0 1027.29 1431.89 229.93 338.61 797.36 1093.28 0
ynao_sd_19680419_0040_li 9 5 4 3 0 848.85 1363.37 138.18 216.39 710.67 1146.98 0
ynao_sd_19680421_0045_li 10 8 2 2 0 352.14 860.59 95.16 185.45 256.98 675.14 0
ynao_sd_19680423_0520_chen 4 3 1 2 0 130.07 461.58 27.25 47.18 102.82 414.4 0
ynao_sd_19680429_0520_li 17 13 4 3 0 275.89 353.0 93.86 122.32 182.03 230.68 0
ynao_sd_19680430_0440_chen 15 11 4 3 0 264.91 481.7 125.18 317.39 139.73 164.31 0
ynao_sd_19680501_0100_chen 36 28 8 8 0 636.4 1310.78 217.4 366.03 419.0 944.75 0
ynao_sd_19680502_0400_chen 57 32 25 15 0 1110.27 1663.59 319.9 560.22 790.37 1103.37 0
ynao_sd_19680503_0030_chen 61 34 27 13 0 1379.21 2059.62 297.97 398.85 1081.24 1660.77 0
ynao_sd_19680504_0050_chen 46 24 22 10 0 1612.57 2294.43 325.54 420.21 1287.03 1874.22 0
ynao_sd_19680505_0010_chen 41 25 16 8 0 1256.88 1676.27 266.18 352.52 990.7 1323.75 0
ynao_sd_19680508_0500_chen 44 30 14 6 0 1117.68 1473.37 286.76 360.08 830.92 1113.29 0
ynao_sd_19680509_0930_chen 36 25 11 5 0 741.43 1025.68 217.0 284.4 524.43 741.28 0
ynao_sd_19680510_0730_chen 46 38 8 5 0 874.79 1121.77 301.96 414.66 572.83 707.11 0
ynao_sd_19680511_0130_chen 31 18 13 6 0 768.76 968.2 192.53 262.46 576.23 705.74 0
ynao_sd_19680513_0020_chen 37 27 10 5 0 587.58 735.23 196.34 262.88 391.24 472.35 0
ynao_sd_19680516_0330_chen 26 18 8 4 0 798.95 1493.02 235.65 440.2 563.3 1052.82 0
ynao_sd_19680517_0040_chen 28 14 14 9 0 1422.64 3619.52 248.19 510.12 1174.45 3109.4 0
ynao_sd_19680518_0440_chen 59 38 21 11 0 2400.91 4147.83 640.79 1112.96 1760.12 3034.87 0
ynao_sd_19680519_0030_chen 68 49 19 13 0 2977.67 4501.77 672.48 972.09 2305.19 3529.68 0
ynao_sd_19680520_0310_chen 89 65 24 12 0 3272.79 4124.85 811.86 1033.85 2460.93 3091.0 0
ynao_sd_19680521_0005_chen 59 47 12 7 0 3191.73 3749.71 743.71 931.38 2448.02 2818.33 0
ynao_sd_19680524_0600_chen 56 46 10 6 0 2906.91 3559.22 640.62 806.58 2266.29 2752.64 0
ynao_sd_19680525_0500_chen 39 26 13 8 0 2255.65 3116.48 601.07 830.14 1654.58 2286.34 0
ynao_sd_19680526_0030_chen 30 19 11 7 0 1993.2 3178.25 469.73 769.38 1523.47 2408.87 0
ynao_sd_19680528_0450_chen 27 17 10 9 0 1100.69 2569.53 201.69 389.17 899.0 2180.36 0
ynao_sd_19680602_0930_chen 49 33 16 6 0 1258.14 1508.8 352.29 446.31 905.85 1062.49 0
ynao_sd_19680603_0145_chen 38 23 15 8 0 1181.94 1487.87 249.08 332.12 932.86 1155.75 0
ynao_sd_19680604_0025_chen 41 22 19 7 0 1400.58 2134.68 313.07 481.69 1087.51 1652.99 0
ynao_sd_19680606_0030_chen 39 17 22 13 0 1080.9 1459.12 206.75 276.55 874.15 1182.57 0
ynao_sd_19680616_0600_chen 31 18 13 7 0 1799.26 2401.85 314.25 427.54 1485.01 1974.31 0
ynao_sd_19680620_0800_chen 41 8 33 5 0 3310.77 3447.53 463.06 491.98 2847.71 2955.55 0
ynao_sd_19680627_0800_chen 49 43 6 2 0 1034.13 1086.17 290.29 320.95 743.84 765.22 0
ynao_sd_19680628_0300_chen 51 33 18 9 0 1331.59 1444.3 293.77 330.14 1037.82 1114.16 0
ynao_sd_19680629_0910_chen 39 28 11 5 0 1074.11 1391.75 215.93 310.47 858.18 1081.28 0
ynao_sd_19680630_0840_chen 37 21 16 5 0 870.71 1383.35 193.51 303.22 677.2 1080.13 0
ynao_sd_19680705_0150_chen 5 2 3 2 0 137.92 676.88 36.45 206.89 101.47 469.99 0
ynao_sd_19680706_0810_chen 11 4 7 3 0 592.26 1904.61 93.3 233.73 498.96 1670.88 0
ynao_sd_19680721_0420_chen 35 27 8 8 0 707.89 964.02 215.31 282.65 492.58 681.37 0
ynao_sd_19680722_0140_chen 33 25 8 6 0 727.77 1076.5 231.88 295.54 495.89 780.96 0
ynao_sd_19680723_0300_chen 59 52 7 4 0 683.08 787.06 333.04 399.22 350.04 387.84 0
ynao_sd_19680724_0300_chen 56 44 12 4 0 1254.71 1467.84 365.68 458.61 889.03 1009.23 0
ynao_sd_19680730_0645_chen 52 33 19 10 0 998.94 1245.22 306.35 414.69 692.59 830.53 0
ynao_sd_19680801_0510_chen 46 38 8 3 1 728.16 798.13 267.05 303.11 461.11 495.02 15.02
ynao_sd_19680805_0850_chen 20 14 6 3 0 936.11 1562.8 257.74 434.32 678.37 1128.48 0
ynao_sd_19680806_0920_chen 25 18 7 2 0 1012.63 1192.51 249.09 291.25 763.54 901.26 0
ynao_sd_19680817_0510_chen 65 41 24 9 0 2593.5 3025.7 622.35 746.18 1971.15 2279.52 0
ynao_sd_19680818_0450_chen 66 46 20 9 0 2915.14 3267.86 507.23 612.95 2407.91 2654.91 0
ynao_sd_19680820_0120_chen 37 15 22 11 0 2550.44 2875.64 433.94 521.57 2116.5 2354.07 0
ynao_sd_19680821_0150_chen 51 24 27 10 0 2424.34 2970.37 420.85 564.8 2003.49 2405.57 0
ynao_sd_19680827_0720_chen 20 19 1 1 0 179.72 339.12 137.28 277.91 42.44 61.21 0
ynao_sd_19680828_0620_chen 17 17 0 0 0 135.61 270.7 135.61 270.7 0 0 0
ynao_sd_19680902_0655_chen 27 19 8 3 0 763.99 864.21 217.34 251.8 546.65 612.41 0
ynao_sd_19680906_0120_chen 35 30 5 4 0 1330.93 1673.23 355.04 449.16 975.89 1224.07 0
ynao_sd_19680909_0455_chen 27 21 6 5 0 514.37 1443.08 194.12 508.33 320.25 934.75 0
ynao_sd_19680910_0450_chen 29 21 8 6 0 727.1 1581.87 215.3 398.79 511.8 1183.08 0
ynao_sd_19680911_0805_chen 63 48 15 6 0 1267.09 2105.54 465.0 675.47 802.09 1430.07 0
ynao_sd_19680913_0840_chen 56 45 11 9 0 2952.89 3744.71 380.35 498.2 2572.54 3246.51 0
ynao_sd_19680914_0230_chen 34 23 11 8 0 1113.81 1371.62 258.91 332.12 854.9 1039.5 0
ynao_sd_19680915_0230_li 29 23 6 5 0 836.31 1027.55 240.72 350.45 595.59 677.1 0
ynao_sd_19680916_0640_chen 24 18 6 5 0 585.18 863.51 170.12 230.21 415.06 633.3 0
ynao_sd_19680917_0825_chen 13 9 4 3 0 436.63 578.8 116.93 147.54 319.7 431.26 0
ynao_sd_19680918_0710_li 17 13 4 3 0 469.89 734.38 124.67 256.01 345.22 478.37 0
ynao_sd_19680919_0640_chen 13 7 6 5 0 540.97 1404.45 114.96 239.33 426.01 1165.12 0
ynao_sd_19680923_0145_li 32 17 15 6 0 1114.32 1392.86 205.78 277.94 908.54 1114.92 0
ynao_sd_19681003_0640_chen 32 29 3 2 0 751.57 1049.34 253.88 395.69 497.69 653.65 0
ynao_sd_19681004_0240_li 33 22 11 6 0 1074.56 1545.58 362.19 526.6 712.37 1018.98 0
ynao_sd_19681005_0520_li 49 41 8 8 0 1001.43 1460.78 426.49 539.85 574.94 920.93 0
ynao_sd_19681006_0230_li 41 32 9 7 0 913.71 1354.72 303.71 378.16 610.0 976.56 0
ynao_sd_19681007_0115_li 45 36 9 5 0 941.78 1144.07 319.96 378.55 621.82 765.52 0
ynao_sd_19681008_0140_chen 60 53 7 4 0 748.43 1261.59 349.82 610.62 398.61 650.97 0
ynao_sd_19681009_0410_li 32 25 7 5 0 844.92 1299.6 233.76 328.32 611.16 971.28 0
ynao_sd_19681011_0340_chen 17 9 8 4 0 421.89 765.08 107.89 179.84 314.0 585.24 0
ynao_sd_19681014_0850_li 24 19 5 3 0 583.77 786.9 187.07 264.42 396.7 522.48 0
ynao_sd_19681016_0110_li 32 26 6 3 0 865.63 935.6 290.21 322.48 575.42 613.12 0
ynao_sd_19681017_0140_chen 34 28 6 4 0 659.75 1016.03 213.47 262.15 446.28 753.88 0
ynao_sd_19681020_0930_li 44 23 21 9 0 1816.76 2624.98 348.65 527.5 1468.11 2097.48 0
ynao_sd_19681021_0250_li 42 17 25 5 0 2143.43 2740.91 319.73 420.96 1823.7 2319.95 0
ynao_sd_19681030_0220_li 31 10 21 8 0 2163.5 2558.16 437.92 509.87 1725.58 2048.29 0
ynao_sd_19681031_0640_chen 52 23 29 9 0 2005.21 2674.54 380.92 505.05 1624.29 2169.49 0
ynao_sd_19681101_0050_chen 53 32 21 6 0 2228.23 3464.36 399.24 535.11 1828.99 2929.25 0
ynao_sd_19681102_0110_li 39 14 25 10 0 1967.82 3408.18 304.8 496.61 1663.02 2911.57 0
ynao_sd_19681103_0020_li 27 9 18 7 0 1557.38 2860.56 254.79 433.91 1302.59 2426.65 0
ynao_sd_19681104_0140_li 17 9 8 6 0 1080.6 1408.64 328.43 467.59 752.17 941.05 0
ynao_sd_19681105_0415_li 16 7 9 6 0 802.89 1021.86 199.43 267.29 603.46 754.57 0
ynao_sd_19681106_0230_li 16 12 4 4 0 749.77 1091.95 210.57 395.08 539.2 696.87 0
ynao_sd_19681107_0040_li 17 13 4 4 0 702.25 1008.58 159.74 211.28 542.51 797.3 0
ynao_sd_19681108_0112_li 32 20 12 4 0 843.16 1328.08 252.12 468.53 591.04 859.55 0
ynao_sd_19681109_0300_li 22 9 13 4 0 1501.78 2003.31 266.54 443.75 1235.24 1559.56 0
ynao_sd_19681111_0140_li 16 4 12 6 0 1673.03 2046.79 129.71 186.06 1543.32 1860.73 0
ynao_sd_19681112_0120_li 18 6 12 5 0 1471.09 1781.67 248.01 297.33 1223.08 1484.34 0
ynao_sd_19681113_0130_chen 18 2 16 4 0 1692.2 1981.26 184.08 221.42 1508.12 1759.84 0
ynao_sd_19681115_0710_chen 27 17 10 2 0 1193.87 1692.45 242.02 349.57 951.85 1342.88 0
ynao_sd_19681116_0410_li 25 14 11 3 0 774.03 1302.59 180.81 281.93 593.22 1020.66 0
ynao_sd_19681117_0240_li 20 7 13 4 0 951.6 1851.85 165.18 288.05 786.42 1563.8 0
ynao_sd_19681118_0110_li 19 12 7 2 0 1033.42 2008.32 182.17 243.28 851.25 1765.04 0
ynao_sd_19681119_0240_chen 38 29 9 3 0 1100.42 1352.36 275.7 348.56 824.72 1003.8 0
ynao_sd_19681120_0130_li 31 6 25 8 0 1388.66 2102.07 162.55 259.98 1226.11 1842.09 0
ynao_sd_19681121_0120_chen 34 18 16 7 0 911.7 1274.44 217.38 338.31 694.32 936.13 0
ynao_sd_19681122_0110_li 26 15 11 5 0 844.98 1130.74 186.01 255.4 658.97 875.34 0
ynao_sd_19681123_0105_li 18 11 7 3 0 675.22 849.83 142.75 190.28 532.47 659.55 0
ynao_sd_19681124_0050_li 28 24 4 2 0 671.24 797.96 212.44 297.8 458.8 500.16 0
ynao_sd_19681126_0630_chen 40 25 15 6 0 1415.59 1503.4 322.78 352.18 1092.81 1151.22 0
ynao_sd_19681129_0615_chen 33 20 13 4 0 1063.66 1311.84 195.48 231.84 868.18 1080.0 0
ynao_sd_19681130_0630_li 14 6 8 5 0 544.94 876.63 85.46 139.91 459.48 736.72 0
ynao_sd_19681201_0110_li 33 23 10 7 0 672.93 1249.08 171.38 307.18 501.55 941.9 0
ynao_sd_19681202_0055_li 28 13 15 8 0 1118.43 1861.28 215.33 418.34 903.1 1442.94 0
ynao_sd_19681203_0130_chen 35 18 17 5 0 1785.26 2429.88 269.51 518.99 1515.75 1910.89 0
ynao_sd_19681204_0140_li 37 25 12 7 0 1914.27 2387.07 285.35 345.7 1628.92 2041.37 0
ynao_sd_19681205_0130_li 40 23 17 10 0 2122.21 2319.52 390.11 432.78 1732.1 1886.74 0
ynao_sd_19681206_0130_li 54 34 20 13 0 2364.35 2529.49 415.53 438.99 1948.82 2090.5 0
ynao_sd_19681207_0120_li 58 33 25 11 0 1991.97 2196.28 435.26 476.62 1556.71 1719.66 0
ynao_sd_19681208_0045_li 46 23 23 11 0 1898.49 2251.02 341.21 426.61 1557.28 1824.41 0
ynao_sd_19681209_0120_li 43 22 21 16 0 2144.15 2961.99 327.1 465.73 1817.05 2496.26 0
ynao_sd_19681210_0120_li 43 23 20 14 0 1760.53 3001.42 319.06 532.57 1441.47 2468.85 0
ynao_sd_19681211_0120_li 56 39 17 8 0 1805.52 3564.03 358.81 694.59 1446.71 2869.44 0
ynao_sd_19681212_0250_li 33 24 9 6 0 1235.41 2061.21 252.54 406.1 982.87 1655.11 0
ynao_sd_19681213_0120_li 34 26 8 5 0 1067.37 1327.22 256.58 356.91 810.79 970.31 0
ynao_sd_19681214_0120_li 39 33 6 5 0 1032.09 1289.57 293.12 376.41 738.97 913.16 0
ynao_sd_19681215_0050_li 32 19 13 7 0 1264.62 1639.11 236.99 312.89 1027.63 1326.22 0
ynao_sd_19681217_0130_li 22 19 3 3 0 554.39 996.31 192.65 343.76 361.74 652.55 0
ynao_sd_19681218_0215_li 32 27 5 2 0 534.55 1316.14 242.02 503.73 292.53 812.41 0
ynao_sd_19681219_0130_li 33 28 5 4 0 434.63 996.17 228.84 375.04 205.79 621.13 0
ynao_sd_19681220_0140_chen 31 22 9 7 0 614.27 764.01 209.97 244.61 404.3 519.4 0
ynao_sd_19681221_0105_li 33 30 3 3 0 410.12 557.84 262.49 369.66 147.63 188.18 0
ynao_sd_19681223_0300_li 45 29 16 8 0 1206.05 2368.63 329.7 594.08 876.35 1774.55 0
ynao_sd_19681224_0210_li 37 23 14 10 0 1335.17 2117.54 250.19 371.71 1084.98 1745.83 0
ynao_sd_19681225_0110_chen 56 39 17 9 0 1131.04 1480.5 353.14 483.43 777.9 997.07 0
ynao_sd_19681226_0120_li 42 25 17 11 0 1422.65 1885.29 363.21 469.22 1059.44 1416.07 0
ynao_sd_19681227_0500_li 69 48 21 14 0 2205.54 2835.43 446.27 559.04 1759.27 2276.39 0
ynao_sd_19681228_0230_li 62 40 22 11 0 2062.4 2658.81 478.38 619.66 1584.02 2039.15 0
ynao_sd_19681229_0100_li 46 29 17 8 0 1887.81 2291.01 357.12 445.85 1530.69 1845.16 0
ynao_sd_19681230_0150_li 51 25 26 10 0 1882.78 2453.2 376.55 510.67 1506.23 1942.53 0
ynao_sd_19681231_0055_li 25 10 15 8 0 1427.78 2040.68 232.43 350.77 1195.35 1689.91 0
