ynao_sd_19700103_0137_chen 60 39 21 7 0 1723.69 2209.92 488.73 643.55 1234.96 1566.37
ynao_sd_19700104_0145_chen 47 32 15 5 0 1273.37 1805.2 490.85 672.41 782.52 1132.79
ynao_sd_19700105_0630_chen 32 15 17 5 0 666.93 1023.28 155.8 309.96 511.13 713.32
ynao_sd_19700106_0420_chen 19 6 13 4 0 540.48 787.61 74.17 116.05 466.31 671.56
ynao_sd_19700107_0310_chen 8 3 5 3 0 276.88 517.68 45.68 76.26 231.2 441.42
ynao_sd_19700108_0625_chen 2 2 0 0 0 13.71 39.09 13.71 39.09 0 0
ynao_sd_19700109_0130_chen 5 4 1 1 0 59.61 69.93 23.0 28.65 36.61 41.28
ynao_sd_19700111_0505_chen 40 25 15 7 0 768.4 1238.77 251.41 394.22 516.99 844.55
ynao_sd_19700112_0130_chen 64 43 21 10 0 1505.38 2744.15 287.71 455.04 1217.67 2289.11
ynao_sd_19700113_0130_chen 43 19 24 12 0 1525.77 2657.32 311.37 527.26 1214.4 2130.06
ynao_sd_19700114_0200_chen 67 41 26 16 0 1580.98 2473.47 351.17 576.28 1229.81 1897.19
ynao_sd_19700115_0150_chen 74 48 26 13 0 1655.29 2016.42 366.62 477.52 1288.67 1538.9
ynao_sd_19700116_0150_chen 68 47 21 9 0 1699.29 1969.05 388.92 473.36 1310.37 1495.69
ynao_sd_19700117_0110_li 75 59 16 7 0 1805.31 2117.09 522.62 632.2 1282.69 1484.89
ynao_sd_19700118_0440_li 71 49 22 15 0 1629.42 2194.5 412.07 538.71 1217.35 1655.79
ynao_sd_19700119_0830_chen 43 18 25 14 0 1361.88 1717.22 244.31 304.96 1117.57 1412.26
ynao_sd_19700120_0140_chen 57 39 18 9 0 1326.83 1635.15 346.13 386.74 980.7 1248.41
ynao_sd_19700121_0330_li 40 21 19 14 0 1539.82 2076.47 254.61 345.84 1285.21 1730.63
ynao_sd_19700122_0350_chen 21 8 13 9 0 1101.13 1648.12 173.15 290.31 927.98 1357.81
ynao_sd_19700123_0300_chen 19 5 14 9 0 1021.58 1688.84 113.95 195.65 907.63 1493.19
ynao_sd_19700124_0125_chen 16 5 11 7 0 972.53 1384.14 107.8 178.48 864.73 1205.66
ynao_sd_19700125_0210_chen 42 29 13 8 0 1060.3 1419.46 230.9 275.75 829.4 1143.71
ynao_sd_19700126_0135_chen 39 25 14 9 0 992.13 1090.1 230.49 251.16 761.64 838.94
ynao_sd_19700127_0130_chen 68 39 29 13 0 2516.68 2680.01 390.65 431.79 2126.03 2248.22
ynao_sd_19700128_0505_chen 68 48 20 13 0 1839.35 2096.86 463.89 517.33 1375.46 1579.53
ynao_sd_19700129_0140_chen 67 38 29 10 0 2595.21 3123.86 385.37 497.92 2209.84 2625.94
ynao_sd_19700130_0510_chen 56 32 24 13 0 1940.91 2910.91 340.92 450.86 1599.99 2460.05
ynao_sd_19700131_0100_chen 58 34 24 12 0 1600.37 2870.99 280.86 424.88 1319.51 2446.11
ynao_sd_19700201_0120_chen 31 16 15 9 0 1277.15 2950.51 202.54 432.61 1074.61 2517.9
ynao_sd_19700202_0140_xuan 33 29 4 5 0 521.75 911.45 274.25 506.85 247.5 404.6
ynao_sd_19700203_0120_chen 26 17 9 6 0 368.97 591.65 122.31 197.69 246.66 393.96
ynao_sd_19700204_0125_chen 19 19 0 0 0 138.78 199.78 138.78 199.78 0 0
ynao_sd_19700205_0450_niu 18 12 6 4 1 2247.65 3558.03 151.47 218.54 2096.18 3339.49
ynao_sd_19700206_0214_xuan 27 24 3 4 0 2032.87 2600.85 152.82 252.82 1880.05 2348.03
ynao_sd_19700207_0155_xuan 33 22 11 3 0 761.78 1098.98 298.22 444.71 463.56 654.27
ynao_sd_19700208_0120_chen 40 32 8 3 0 903.01 1231.14 251.8 324.46 651.21 906.68
ynao_sd_19700209_0140_chen 69 58 11 6 0 951.55 1194.37 353.28 433.53 598.27 760.84
ynao_sd_19700210_0130_chen 84 52 32 9 0 2093.79 2417.15 448.85 522.68 1644.94 1894.47
ynao_sd_19700212_0330_li 83 50 33 11 0 3334.53 3966.86 543.25 697.08 2791.28 3269.78
ynao_sd_19700213_0200_chen 74 47 27 11 0 3640.14 5386.32 757.98 1190.26 2882.16 4196.06
ynao_sd_19700214_0200_li 101 71 30 14 0 3439.51 5308.59 638.0 919.99 2801.51 4388.6
ynao_sd_19700215_0150_li 91 66 25 12 0 2917.61 4540.33 660.6 977.26 2257.01 3563.07
ynao_sd_19700216_0650_chen 71 53 18 8 0 2108.63 3245.01 582.79 874.85 1525.84 2370.16
ynao_sd_19700217_0140_chen 67 50 17 8 0 1986.17 2941.48 428.05 652.86 1558.12 2288.62
ynao_sd_19700218_0130_li 82 62 20 12 0 2739.37 4211.2 544.6 831.03 2194.77 3380.17
ynao_sd_19700219_0130_chen 68 40 28 12 0 2826.91 4401.33 503.0 762.6 2323.91 3638.73
ynao_sd_19700220_0120_chen 70 49 21 10 0 2313.43 3141.93 461.47 702.55 1851.96 2439.38
ynao_sd_19700221_0230_chen 61 37 24 11 0 2691.17 3578.12 504.52 714.3 2186.65 2863.82
ynao_sd_19700222_0130_chen 88 53 35 15 0 2874.13 3897.43 539.04 709.24 2335.09 3188.19
ynao_sd_19700224_0150_li 79 47 32 20 0 3565.64 4324.34 612.31 747.77 2953.33 3576.57
ynao_sd_19700225_0130_LI 96 73 23 19 0 3476.12 4074.21 731.58 853.51 2744.54 3220.7
ynao_sd_19700226_0130_chen 73 50 23 11 0 3107.52 3620.92 593.74 697.31 2513.78 2923.61
ynao_sd_19700227_0145_chen 62 34 28 13 0 2392.67 3030.8 472.57 661.5 1920.1 2369.3
ynao_sd_19700228_0110_li 103 78 25 13 0 2462.64 3623.88 635.46 902.24 1827.18 2721.64
ynao_sd_19700301_0120_li 83 57 26 13 0 2304.44 3554.91 497.1 766.85 1807.34 2788.06
ynao_sd_19700302_0140_chen 46 26 20 8 0 1920.54 3141.69 300.58 602.01 1619.96 2539.68
ynao_sd_19700303_0130_li 57 38 19 11 0 1624.08 2409.36 431.02 570.04 1193.06 1839.32
ynao_sd_19700304_0310_li 62 44 18 13 0 1688.66 3436.06 368.69 576.3 1319.97 2859.76
ynao_sd_19700305_0120_li 43 28 15 9 0 1761.18 3031.7 370.81 597.62 1390.37 2434.08
ynao_sd_19700306_0115_li 72 57 15 8 0 2056.09 3047.62 524.37 784.89 1531.72 2262.73
ynao_sd_19700307_0120_li 55 41 14 8 0 2029.5 2653.63 457.38 640.7 1572.12 2012.93
ynao_sd_19700308_0130_li 70 57 13 7 0 2190.03 2667.25 536.39 634.75 1653.64 2032.5
ynao_sd_19700309_0110_li 51 29 22 8 0 2146.94 2568.13 437.02 517.93 1709.92 2050.2
ynao_sd_19700310_0105_li 59 47 12 5 0 2025.67 3881.45 491.81 752.4 1533.86 3129.05
ynao_sd_19700311_0055_li 66 57 9 6 0 1588.37 1869.14 529.95 623.39 1058.42 1245.75
ynao_sd_19700312_0450_li 54 41 13 7 0 1706.67 2041.92 437.63 517.64 1269.04 1524.28
ynao_sd_19700313_0150_xuan 25 19 6 6 0 1778.77 2197.5 565.92 701.28 1212.85 1496.22
ynao_sd_19700314_0040_li 34 20 14 8 0 1086.99 1654.99 267.36 370.71 819.63 1284.28
ynao_sd_19700315_0050_li 24 18 6 4 0 746.95 1407.44 368.66 653.93 378.29 753.51
ynao_sd_19700316_0208_xuan 8 4 4 3 0 487.08 964.3 145.78 259.18 341.3 705.12
ynao_sd_19700317_0127_xuan 6 4 2 2 0 395.08 533.03 104.32 128.19 290.76 404.84
ynao_sd_19700318_0435_li 6 2 4 3 0 381.52 621.82 58.97 86.65 322.55 535.17
ynao_sd_19700319_0155_xuan 9 4 5 3 0 462.04 804.71 138.42 268.42 323.62 536.29
ynao_sd_19700320_0155_xuan 22 18 4 4 0 527.0 947.42 190.98 407.86 336.02 539.56
ynao_sd_19700321_0200_xuan 53 47 6 4 0 766.46 1180.02 403.08 717.57 363.38 462.45
ynao_sd_19700322_0220_xuan 63 54 9 6 0 1146.79 1490.83 659.2 845.4 487.59 645.43
ynao_sd_19700323_0230_li 69 47 22 10 0 1077.75 1383.51 364.57 477.97 713.18 905.54
ynao_sd_19700325_0350_li 64 48 16 10 0 1412.29 1559.38 386.65 455.16 1025.64 1104.22
ynao_sd_19700326_0450_li 44 33 11 9 0 1370.2 1781.38 305.95 380.76 1064.25 1400.62
ynao_sd_19700327_0150_li 64 42 22 7 0 1439.8 1908.87 361.11 451.46 1078.69 1457.41
ynao_sd_19700328_0200_li 42 23 19 7 0 1198.59 1578.6 261.91 337.27 936.68 1241.33
ynao_sd_19700329_0130_li 48 37 11 5 0 978.2 1300.26 346.29 431.73 631.91 868.53
ynao_sd_19700330_0110_li 49 45 4 4 0 810.71 1135.5 315.65 473.56 495.06 661.94
ynao_sd_19700331_0150_li 42 39 3 3 0 522.09 737.07 246.6 393.89 275.49 343.18
ynao_sd_19700401_0350_li 28 24 4 4 0 734.78 1403.9 269.49 518.21 465.29 885.69
ynao_sd_19700402_0205_li 31 22 9 5 0 772.53 1192.3 200.27 276.1 572.26 916.2
ynao_sd_19700403_0115_li 32 21 11 6 0 1167.68 2238.84 260.09 411.65 907.59 1827.19
ynao_sd_19700404_0810_li 31 15 16 9 0 2182.89 3656.48 431.0 746.09 1751.89 2910.39
ynao_sd_19700405_0640_li 47 26 21 12 0 2911.91 4174.25 501.13 727.32 2410.78 3446.93
ynao_sd_19700406_0110_li 54 27 27 11 0 3275.02 4278.35 551.09 769.11 2723.93 3509.24
ynao_sd_19700407_0115_li 58 35 23 15 0 3308.82 3749.05 600.76 677.3 2708.06 3071.75
ynao_sd_19700408_0120_li 55 40 15 11 0 3444.17 3715.65 656.05 744.1 2788.12 2971.55
ynao_sd_19700409_0105_li 68 48 20 12 0 3859.47 4311.7 862.92 1035.09 2996.55 3276.61
ynao_sd_19700410_0640_chen 97 49 48 19 0 3674.45 4245.33 617.81 727.17 3056.64 3518.16
ynao_sd_19700411_0130_li 68 37 31 15 0 5517.13 6701.96 903.62 1079.41 4613.51 5622.55
ynao_sd_19700413_0115_li 40 14 26 12 0 3556.27 5555.71 543.71 836.5 3012.56 4719.21
ynao_sd_19700414_0120_li 27 12 15 10 0 2482.64 4267.49 342.83 603.81 2139.81 3663.68
ynao_sd_19700415_0130_li 28 10 18 11 0 1992.37 3468.49 271.61 526.31 1720.76 2942.18
ynao_sd_19700417_0120_li 30 16 14 7 0 1398.05 2131.78 253.01 385.69 1145.04 1746.09
ynao_sd_19700418_0050_li 22 10 12 7 0 1436.15 2616.68 216.8 380.8 1219.35 2235.88
ynao_sd_19700419_0020_li 12 9 3 2 0 680.84 721.15 147.0 182.62 533.84 538.53
ynao_sd_19700420_0150_li 32 28 4 2 0 694.67 753.05 235.14 287.59 459.53 465.46
ynao_sd_19700421_0225_chen 25 21 4 3 0 526.33 588.84 149.13 173.02 377.2 415.82
ynao_sd_19700422_0120_chen 22 18 4 3 0 498.86 595.28 145.42 167.59 353.44 427.69
ynao_sd_19700423_0120_chen 37 27 10 5 0 588.39 802.46 171.41 210.29 416.98 592.17
ynao_sd_19700424_0250_chen 36 19 17 6 0 614.35 997.38 187.16 289.55 427.19 707.83
ynao_sd_19700425_0300_chen 31 19 12 5 0 591.31 1092.1 151.8 309.93 439.51 782.17
ynao_sd_19700426_0800_chen 29 20 9 4 0 425.16 789.47 142.07 259.1 283.09 530.37
ynao_sd_19700427_0920_chen 38 31 7 4 0 513.05 819.01 184.09 299.84 328.96 519.17
ynao_sd_19700428_0120_li 40 35 5 3 0 649.08 931.32 207.19 288.61 441.89 642.71
ynao_sd_19700429_0030_li 62 51 11 4 0 1008.78 1216.1 350.2 439.56 658.58 776.54
ynao_sd_19700501_0105_li 68 55 13 10 0 1871.29 2867.33 413.41 546.22 1457.88 2321.11
ynao_sd_19700502_0055_li 39 28 11 8 0 1971.13 2780.84 368.37 491.63 1602.76 2289.21
ynao_sd_19700503_0105_li 23 11 12 8 0 1953.52 2442.2 309.32 391.38 1644.2 2050.82
ynao_sd_19700504_0002_li 24 12 12 8 0 2309.62 3134.25 362.31 481.8 1947.31 2652.45
ynao_sd_19700507_0150_li 34 19 15 10 0 2376.22 2991.54 345.36 438.44 2030.86 2553.1
ynao_sd_19700508_0135_li 29 17 12 6 0 2049.11 2382.74 327.9 408.19 1721.21 1974.55
ynao_sd_19700509_0005_li 31 20 11 5 0 1894.69 2322.15 407.2 503.77 1487.49 1818.38
ynao_sd_19700510_0030_li 44 26 18 7 0 1618.04 2507.64 312.06 473.73 1305.98 2033.91
ynao_sd_19700511_0030_li 36 19 17 9 0 1069.23 2066.6 269.51 453.05 799.72 1613.55
ynao_sd_19700512_0115_li 35 13 22 12 0 1120.05 2284.51 199.43 359.34 920.62 1925.17
ynao_sd_19700513_0010_li 45 22 23 14 0 1889.94 3590.22 320.03 539.39 1569.91 3050.83
ynao_sd_19700514_0140_li 54 26 28 12 0 3487.22 5063.13 502.3 784.84 2984.92 4278.29
ynao_sd_19700522_0250_chen 40 28 12 8 0 1256.61 1932.05 232.24 343.01 1024.37 1589.04
ynao_sd_19700523_0320_gu 21 16 5 2 0 681.98 1424.5 126.02 206.79 555.96 1217.71
ynao_sd_19700525_0315_gu 56 35 21 8 0 1655.11 2089.76 528.75 722.26 1126.36 1367.5
ynao_sd_19700526_0620_gu 83 68 15 6 0 2321.01 2708.25 928.38 1124.03 1392.63 1584.22
ynao_sd_19700527_0315_xuan 62 42 20 11 0 2965.44 4466.5 612.0 1282.5 2353.44 3184.0
ynao_sd_19700528_0300_xuan 51 28 23 12 0 4131.08 6831.75 370.53 500.72 3760.55 6331.03
ynao_sd_19700529_0430_gu 64 47 17 10 0 1804.59 2385.4 805.74 1015.45 998.85 1369.95
ynao_sd_19700530_0555_xuang 52 27 25 12 0 1501.94 1943.54 371.1 462.1 1130.84 1481.44
ynao_sd_19700531_0300_xuang 52 34 18 8 0 1748.71 2219.12 510.68 689.42 1238.03 1529.7
ynao_sd_19700601_0430_gu 52 36 16 10 1 1841.7 2556.9 688.62 935.32 1153.08 1621.58
ynao_sd_19700603_0925_xuang 18 12 6 5 0 1276.77 1837.13 208.39 346.75 1068.38 1490.38
ynao_sd_19700604_1000_gu 7 3 4 4 0 466.67 599.58 99.19 127.68 367.48 471.9
ynao_sd_19700606_0140_gu 6 4 2 2 0 536.98 1034.3 187.09 408.24 349.89 626.06
ynao_sd_19700607_0125_xuang 5 3 2 2 0 376.09 644.86 69.65 123.57 306.44 521.29
ynao_sd_19700608_0325_gu 12 5 7 4 0 741.66 1699.92 169.86 362.56 571.8 1337.36
ynao_sd_19700609_0315_gu 25 16 9 4 0 1132.8 1876.88 381.7 623.1 751.1 1253.78
ynao_sd_19700610_0100_xuang 36 29 7 4 0 1154.27 1611.67 281.96 392.59 872.31 1219.08
ynao_sd_19700613_0020_xuang 79 58 21 6 0 2204.74 2986.29 650.92 864.89 1553.82 2121.4
ynao_sd_19700614_0030_xuang 78 53 25 9 0 3279.63 3941.56 905.9 1172.19 2373.73 2769.37
ynao_sd_19700615_0025_xuang 134 97 37 11 0 4247.29 5062.51 1134.46 1330.81 3112.83 3731.7
ynao_sd_19700616_0815_gu 128 72 56 14 0 5625.89 6528.01 1360.83 1564.35 4265.06 4963.66
ynao_sd_19700617_0835_gu 101 74 27 12 0 3647.5 4572.57 1105.52 1335.86 2541.98 3236.71
ynao_sd_19700624_0635_xuang 44 35 9 6 0 769.09 1020.62 296.79 396.14 472.3 624.48
ynao_sd_19700625_0340_cheng 44 36 8 6 0 483.67 702.82 205.51 259.85 278.16 442.97
ynao_sd_19700627_0540_xuang 68 60 8 4 0 842.54 1246.28 413.7 595.62 428.84 650.66
ynao_sd_19700628_0600_xuang 43 29 14 5 0 1281.92 2186.04 316.16 468.13 965.76 1717.91
ynao_sd_19700629_0055_xuang 48 39 9 4 0 1313.39 1988.72 363.23 492.27 950.16 1496.45
ynao_sd_19700630_0505_xuang 50 31 19 10 0 2531.06 3247.93 827.26 1039.13 1703.8 2208.8
ynao_sd_19700701_0700_xuang 58 38 20 10 0 3388.73 5867.7 580.42 724.3 2808.31 5143.4
ynao_sd_19700703_1115_xuang 101 80 21 8 0 3269.44 3713.78 970.56 1182.73 2298.88 2531.05
ynao_sd_19700704_0520_xuang 112 82 30 11 0 3606.58 4099.04 928.58 1123.88 2678.0 2975.16
ynao_sd_19700705_0700_xuang 109 82 27 13 0 3919.86 4851.83 951.91 1140.98 2967.95 3710.85
ynao_sd_19700706_0620_li 73 52 21 11 0 2461.38 3263.07 471.83 604.35 1989.55 2658.72
ynao_sd_19700709_0640_li 27 20 7 5 0 1156.75 1841.1 260.49 398.33 896.26 1442.77
ynao_sd_19700711_0810_li 37 28 9 7 0 874.39 1309.05 216.26 389.36 658.13 919.69
ynao_sd_19700715_1010_li 20 17 3 2 0 368.41 485.58 102.57 121.35 265.84 364.23
ynao_sd_19700716_0700_li 30 28 2 2 0 380.0 529.41 162.65 191.27 217.35 338.14
ynao_sd_19700717_0710_li 21 19 2 2 0 256.91 417.28 120.41 170.11 136.5 247.17
ynao_sd_19700718_0603_li 22 19 3 2 0 262.77 469.51 117.66 222.72 145.11 246.79
ynao_sd_19700720_0910_li 40 22 18 6 0 1065.87 1647.67 230.33 352.81 835.54 1294.86
ynao_sd_19700724_0700_li 69 44 25 7 0 2090.7 2394.8 359.62 437.87 1731.08 1956.93
ynao_sd_19700725_0130_cheng 52 30 22 8 0 1693.37 1980.04 307.64 434.44 1385.73 1545.6
ynao_sd_19700726_0410_li 73 51 22 12 0 1798.13 2241.43 479.23 594.19 1318.9 1647.24
ynao_sd_19700731_0400_li 30 14 16 8 0 1067.76 1216.67 205.95 237.95 861.81 978.72
ynao_sd_19700801_0020_li 32 20 12 8 0 885.85 1108.69 198.93 240.57 686.92 868.12
ynao_sd_19700802_0010_li 25 20 5 5 0 614.49 911.0 176.58 254.8 437.91 656.2
ynao_sd_19700803_0700_li 20 18 2 2 0 295.6 547.74 116.34 181.76 179.26 365.98
ynao_sd_19700804_0055_cheng 30 21 9 5 0 359.6 697.38 119.26 183.02 240.34 514.36
ynao_sd_19700805_0040_li 28 21 7 5 0 763.37 1275.31 153.22 215.48 610.15 1059.83
ynao_sd_19700808_0240_li 44 37 7 4 0 918.25 1004.54 269.67 305.27 648.58 699.27
ynao_sd_19700809_0300_li 49 36 13 7 0 1297.24 1497.95 274.1 302.47 1023.14 1195.48
ynao_sd_19700811_0035_li 48 35 13 6 0 1198.13 1305.51 253.52 276.86 944.61 1028.65
ynao_sd_19700812_0045_li 48 38 10 5 0 935.04 1077.51 233.33 272.98 701.71 804.53
ynao_sd_19700813_0700_li 42 28 14 5 0 1447.47 2090.82 310.06 414.63 1137.41 1676.19
ynao_sd_19700814_0030_li 36 14 22 7 0 1407.77 2638.43 287.38 528.3 1120.39 2110.13
ynao_sd_19700815_0025_li 47 37 10 4 0 1669.98 4384.91 335.96 615.9 1334.02 3769.01
ynao_sd_19700816_0550_li 59 44 15 8 0 1649.95 2218.47 373.22 518.91 1276.73 1699.56
ynao_sd_19700817_0035_li 37 22 15 6 0 1884.78 2557.51 332.51 465.17 1552.27 2092.34
ynao_sd_19700818_0140_li 48 33 15 7 0 1484.44 2201.22 350.96 549.69 1133.48 1651.53
ynao_sd_19700819_0110_li 36 23 13 4 0 1345.25 1884.85 310.32 499.89 1034.93 1384.96
ynao_sd_19700820_0055_li 21 11 10 5 0 1012.43 1340.91 163.69 221.38 848.74 1119.53
ynao_sd_19700821_0050_li 44 27 17 8 0 1472.88 1798.32 308.42 368.52 1164.46 1429.8
ynao_sd_19700822_0530_li 40 28 12 6 0 1180.63 1435.63 274.32 315.46 906.31 1120.17
ynao_sd_19700824_0200_li 48 34 14 9 0 1321.95 1727.51 310.57 399.97 1011.38 1327.54
ynao_sd_19700825_0030_go 49 28 21 12 0 1742.98 2474.54 476.02 694.75 1266.96 1779.79
ynao_sd_19700826_0040_li 53 45 8 5 0 1052.87 1402.12 358.29 503.76 694.58 898.36
ynao_sd_19700828_0120_li 24 19 5 5 0 756.13 843.93 181.88 210.36 574.25 633.57
ynao_sd_19700829_0010_li 35 28 7 6 0 965.6 1401.56 268.31 404.53 697.29 997.03
ynao_sd_19700830_0500_li 28 21 7 6 0 1271.79 2812.0 246.96 480.08 1024.83 2331.92
ynao_sd_19700831_0150_li 41 35 6 4 0 1658.33 3005.28 388.84 703.71 1269.49 2301.57
ynao_sd_19700901_0110_li 28 22 6 5 0 1958.98 2880.76 342.32 505.97 1616.66 2374.79
ynao_sd_19700902_0015_li 50 38 12 5 0 2111.89 2886.12 412.73 554.39 1699.16 2331.73
ynao_sd_19700903_0020_li 42 33 9 5 0 2403.43 3000.28 481.5 587.76 1921.93 2412.52
ynao_sd_19700904_0125_li 57 44 13 8 0 2936.72 3419.61 637.76 716.63 2298.96 2702.98
ynao_sd_19700906_0700_li 59 41 18 7 0 2824.27 3149.18 454.49 539.73 2369.78 2609.45
ynao_sd_19700907_0710_li 60 39 21 9 0 2881.38 3429.82 408.75 508.86 2472.63 2920.96
ynao_sd_19700908_0010_li 61 44 17 6 0 2296.78 2934.25 480.32 662.31 1816.46 2271.94
ynao_sd_19700909_0010_li 44 30 14 4 0 1867.43 2705.39 340.57 618.84 1526.86 2086.55
ynao_sd_19700910_0400_gu 31 18 13 8 0 1383.35 2331.18 329.61 584.9 1053.74 1746.28
ynao_sd_19700911_0840_li 16 8 8 6 0 569.07 1257.94 89.68 152.42 479.39 1105.52
ynao_sd_19700912_0940_li 18 12 6 4 0 323.77 436.77 91.65 125.98 232.12 310.79
ynao_sd_19700913_0310_li 14 10 4 3 0 242.27 340.23 83.2 116.36 159.07 223.87
ynao_sd_19700914_0205_gu 26 23 3 2 0 374.83 568.56 209.31 298.1 165.52 270.46
ynao_sd_19700916_0740_li 11 9 2 2 0 131.17 177.69 72.44 112.84 58.73 64.85
ynao_sd_19700917_0830_li 18 16 2 3 0 206.98 329.03 134.83 187.21 72.15 141.82
ynao_sd_19700918_0540_li 34 31 3 2 0 309.31 457.13 229.08 334.79 80.23 122.34
ynao_sd_19700919_0145_li 34 31 3 3 0 436.83 590.35 205.68 295.83 231.15 294.52
ynao_sd_19700920_0810_li 44 31 13 5 0 985.58 1150.15 259.9 316.85 725.68 833.3
ynao_sd_19700921_0715_gu 89 75 14 7 0 1326.61 1764.62 602.04 899.04 724.57 865.58
ynao_sd_19700922_0650_li 69 58 11 8 0 1137.4 1402.54 334.1 431.11 803.3 971.43
ynao_sd_19700925_0720_li 46 40 6 6 0 2349.63 2991.5 406.9 572.31 1942.73 2419.19
ynao_sd_19700926_0500_li 56 49 7 5 0 1618.76 2156.19 447.32 599.79 1171.44 1556.4
ynao_sd_19700927_0105_li 33 27 6 4 0 1656.66 2111.99 375.06 523.87 1281.6 1588.12
ynao_sd_19700928_0440_li 31 23 8 4 0 1435.52 1589.25 278.21 329.26 1157.31 1259.99
ynao_sd_19701004_0305_gu 43 33 10 5 0 639.1 1040.36 278.19 393.5 360.91 646.86
ynao_sd_19701005_0020_li 33 20 13 3 0 1039.58 1453.74 223.6 337.16 815.98 1116.58
ynao_sd_19701006_0150_gu 38 27 11 4 0 995.49 1330.58 376.14 611.55 619.35 719.03
ynao_sd_19701007_0120_gu 45 31 14 5 0 841.39 1121.28 349.47 505.92 491.92 615.36
ynao_sd_19701008_0015_gu 60 52 8 5 0 1200.75 1706.37 465.13 662.57 735.62 1043.8
ynao_sd_19701009_0020_li 59 39 20 8 0 1308.58 1532.62 284.86 345.04 1023.72 1187.58
ynao_sd_19701010_0430_li 72 52 20 8 0 1335.05 1767.28 360.11 453.41 974.94 1313.87
ynao_sd_19701011_0650_li 48 35 13 10 0 1028.0 1608.87 293.39 384.13 734.61 1224.74
ynao_sd_19701012_0100_li 27 16 11 8 0 902.48 1654.19 215.1 341.61 687.38 1312.58
ynao_sd_19701014_0510_li 28 19 9 6 0 730.4 916.55 199.98 239.22 530.42 677.33
ynao_sd_19701016_0730_li 38 28 10 6 0 680.84 824.75 200.16 260.5 480.68 564.25
ynao_sd_19701017_0040_gu 56 49 7 6 0 1058.76 1418.92 473.27 678.88 585.49 740.04
ynao_sd_19701018_0030_gu 76 63 13 7 0 1209.24 1556.57 523.27 638.52 685.97 918.05
ynao_sd_19701019_0150_cheng 37 19 18 10 0 928.36 1109.08 215.69 278.75 712.67 830.33
ynao_sd_19701020_0110_cheng 37 20 17 7 0 1018.04 1394.62 209.22 259.66 808.82 1134.96
ynao_sd_19701021_0045_cheng 31 13 18 7 0 1039.29 1369.65 146.16 213.15 893.13 1156.5
ynao_sd_19701022_0030_cheng 35 25 10 5 0 811.61 1080.51 244.44 326.38 567.17 754.13
ynao_sd_19701023_0115_cheng 32 22 10 6 0 1114.89 1792.76 196.83 348.58 918.06 1444.18
ynao_sd_19701024_0015_cheng 41 28 13 8 0 1556.36 3080.42 368.98 824.43 1187.38 2255.99
ynao_sd_19701025_0030_cheng 50 27 23 7 0 2125.8 3383.86 347.81 578.96 1777.99 2804.9
ynao_sd_19701030_0620_gu 71 47 24 11 0 2354.24 2955.73 600.3 828.29 1753.94 2127.44
ynao_sd_19701103_0450_gu 41 36 5 4 0 906.76 1530.21 378.22 649.51 528.54 880.7
ynao_sd_19701104_0140_gu 55 52 3 4 0 853.36 1415.48 392.71 578.38 460.65 837.1
ynao_sd_19701105_0030_gu 52 49 3 3 0 717.33 1132.9 404.66 523.24 312.67 609.66
ynao_sd_19701106_0710_gu 41 39 2 2 0 659.77 917.48 466.75 574.85 193.02 342.63
ynao_sd_19701107_0240_gu 73 70 3 1 0 699.51 997.26 585.76 707.65 113.75 289.61
ynao_sd_19701108_0320_cheng 36 35 1 0 0 157.88 219.85 163.9 246.01 6.02 26.16
ynao_sd_19701113_0025_gu 69 53 16 14 0 1923.74 2690.06 728.65 1034.58 1195.09 1655.48
ynao_sd_19701116_0500_cheng 90 35 55 11 1 5348.25 5857.78 557.15 611.34 4791.1 5246.44
ynao_sd_19701117_0230_gu 108 68 40 14 1 5971.58 6934.22 1407.71 1595.38 4563.87 5338.84
ynao_sd_19701118_0140_li 69 44 25 6 0 3298.33 4389.68 551.79 679.7 2746.54 3709.98
ynao_sd_19701119_0140_gu 121 77 44 14 0 4211.53 6384.91 1089.92 1570.91 3121.61 4814.0
ynao_sd_19701120_0115_gu 111 65 46 18 0 3747.84 6891.24 1079.23 1875.11 2668.61 5016.13
ynao_sd_19701121_0030_gu 76 36 40 19 0 2893.18 5242.72 682.15 1208.11 2211.03 4034.61
ynao_sd_19701122_0055_li 34 22 12 13 0 1091.53 1672.76 294.54 434.27 796.99 1238.49
ynao_sd_19701123_0300_li 48 36 12 7 0 787.92 1422.06 275.43 510.59 512.49 911.47
ynao_sd_19701124_0040_li 27 21 6 6 0 793.23 1218.97 199.16 361.41 594.07 857.56
ynao_sd_19701125_0640_cheng 17 11 6 3 0 602.52 704.32 107.2 131.67 495.32 572.65
ynao_sd_19701126_0140_cheng 25 18 7 4 0 823.95 1327.02 191.54 277.94 632.41 1049.08
ynao_sd_19701127_0105_li 21 17 4 4 0 779.73 1260.61 198.82 279.04 580.91 981.57
ynao_sd_19701128_0055_li 29 24 5 4 0 1010.09 1640.23 235.93 366.97 774.16 1273.26
ynao_sd_19701129_0705_li 20 14 6 4 0 1563.41 2820.43 229.1 374.74 1334.31 2445.69
ynao_sd_19701203_0540_cheng 32 19 13 5 0 1480.88 1658.4 295.95 326.87 1184.93 1331.53
ynao_sd_19701205_0150_li 55 46 9 6 0 1371.45 1596.76 382.05 449.31 989.4 1147.45
ynao_sd_19701206_0150_li 44 32 12 7 0 1512.16 2654.25 303.56 455.45 1208.6 2198.8
ynao_sd_19701207_0455_gu 60 47 13 8 0 2018.93 3430.31 548.34 855.7 1470.59 2574.61
ynao_sd_19701208_0635_gu 54 37 17 10 0 1960.06 3219.7 555.28 970.61 1404.78 2249.09
ynao_sd_19701209_0130_li 59 41 18 9 0 1408.12 2141.54 326.46 489.36 1081.66 1652.18
ynao_sd_19701210_0130_li 85 70 15 8 0 1346.75 1783.42 496.83 650.23 849.92 1133.19
ynao_sd_19701211_0110_gu 145 117 28 9 0 2310.27 2978.54 1010.11 1288.42 1300.16 1690.12
ynao_sd_19701212_0100_li 75 57 18 9 0 1034.58 1128.51 448.42 501.88 586.16 626.63
ynao_sd_19701214_0815_gu 35 20 15 8 0 1662.81 3025.54 489.11 879.5 1173.7 2146.04
ynao_sd_19701215_0350_cheng 29 14 15 7 0 1041.25 2301.47 156.49 301.31 884.76 2000.16
ynao_sd_19701216_0055_gu 54 39 15 6 0 1525.64 2786.77 517.3 945.79 1008.34 1840.98
ynao_sd_19701217_0110_gu 30 19 11 5 0 1528.67 2234.26 381.87 555.86 1146.8 1678.4
ynao_sd_19701218_0220_li 37 29 8 3 0 1597.42 1940.85 316.41 448.69 1281.01 1492.16
ynao_sd_19701219_0320_li 81 69 12 5 0 1693.1 1954.32 530.12 707.92 1162.98 1246.4
ynao_sd_19701220_0220_li 67 52 15 9 0 1498.01 1630.68 450.87 517.43 1047.14 1113.25
ynao_sd_19701221_0115_gu 89 70 19 15 0 2294.45 2673.21 779.61 946.3 1514.84 1726.91
ynao_sd_19701222_0100_gu 78 55 23 10 0 2412.35 3018.4 878.39 1098.35 1533.96 1920.05
ynao_sd_19701223_0115_gu 45 27 18 8 0 1858.52 2569.31 556.49 727.6 1302.03 1841.71
ynao_sd_19701224_0135_gu 63 53 10 6 0 1189.27 2451.36 594.99 1078.9 594.28 1372.46
ynao_sd_19701225_0210_gu 41 35 6 4 0 812.25 1777.81 523.64 1083.08 288.61 694.73
ynao_sd_19701226_0130_li 18 16 2 2 0 281.14 631.06 95.41 173.0 185.73 458.06
ynao_sd_19701227_0205_guo 22 21 1 2 0 510.94 688.0 213.55 287.9 297.39 400.1
ynao_sd_19701228_0110_li 10 8 2 3 0 457.1 686.03 83.63 123.59 373.47 562.44
ynao_sd_19701229_0210_li 22 19 3 3 0 596.86 781.96 159.97 216.46 436.89 565.5
