ynao_sd_19710103_0135_chen 23 15 8 4 0 707.18 909.71 149.47 197.16 557.71 712.55 0
ynao_sd_19710104_0430_li 13 6 7 4 0 731.35 1506.1 90.84 195.74 640.51 1310.36 0
ynao_sd_19710105_0345_li 18 8 10 4 0 1115.11 2385.84 195.07 444.3 920.04 1941.54 0
ynao_sd_19710106_0650_li 30 13 17 8 0 1677.5 2737.57 223.02 372.36 1454.48 2365.21 0
ynao_sd_19710108_0950_gu 84 71 13 5 0 2113.88 2450.58 777.86 890.33 1336.02 1560.25 0
ynao_sd_19710109_0100_li 35 30 5 4 0 1646.11 1800.78 357.99 409.79 1288.12 1390.99 0
ynao_sd_19710110_0130_li 43 38 5 2 0 1634.88 1769.26 425.23 458.07 1209.65 1311.19 0
ynao_sd_19710111_0120_gu 73 68 5 4 0 2066.98 2451.85 951.56 1143.57 1115.42 1308.28 0
ynao_sd_19710112_0230_gu 48 41 7 4 0 2159.5 2516.31 869.14 1033.76 1290.36 1482.55 0
ynao_sd_19710113_0040_gu 32 27 5 2 0 1569.93 1940.03 491.27 600.31 1078.66 1339.72 0
ynao_sd_19710114_0045_gu 41 36 5 4 0 1377.6 1942.79 535.62 746.04 841.98 1196.75 0
ynao_sd_19710115_0050_gu 54 48 6 4 0 1564.94 3182.8 611.16 1185.58 953.78 1997.22 0
ynao_sd_19710116_0105_li 30 17 13 6 0 1294.84 3401.64 203.46 552.56 1091.38 2849.08 0
ynao_sd_19710117_0100_li 23 8 15 5 0 1694.48 3002.14 171.73 295.46 1522.75 2706.68 0
ynao_sd_19710118_0210_gu 59 29 30 9 0 3025.03 5266.96 670.64 1238.7 2354.39 4028.26 0
ynao_sd_19710119_0055_li 57 32 25 10 0 2852.37 4038.41 422.73 613.38 2429.64 3425.03 0
ynao_sd_19710120_0105_li 57 26 31 11 0 3537.06 4448.35 547.6 744.94 2989.46 3703.41 0
ynao_sd_19710121_0055_li 62 37 25 11 0 3405.4 3893.8 592.48 711.46 2812.92 3182.34 0
ynao_sd_19710122_0110_li 59 33 26 15 0 3619.74 3966.69 570.81 640.44 3048.93 3326.25 0
ynao_sd_19710123_0110_li 55 30 25 14 0 3404.49 3746.66 455.99 517.4 2948.5 3229.26 0
ynao_sd_19710124_0055_li 42 20 22 11 0 2963.3 4223.84 418.68 547.02 2544.62 3676.82 0
ynao_sd_19710125_0420_gu 64 32 32 17 0 3613.63 5719.89 919.02 1460.99 2694.61 4258.9 0
ynao_sd_19710126_0520_li 50 22 28 12 0 2566.4 4827.47 425.14 679.94 2141.26 4147.53 0
ynao_sd_19710128_0140_li 53 38 15 9 0 1926.2 3007.56 386.04 651.76 1540.16 2355.8 0
ynao_sd_19710131_0500_li 45 27 18 13 0 2226.36 2605.38 438.81 516.85 1787.55 2088.53 0
ynao_sd_19710201_0210_gu 49 23 26 12 0 3553.28 4250.36 734.93 906.39 2818.35 3343.97 0
ynao_sd_19710202_0505_li 55 23 32 7 1 3089.19 3479.67 412.46 468.43 2676.73 3011.24 48.49
ynao_sd_19710205_0450_li 39 18 21 9 0 2100.69 2806.84 303.71 424.67 1796.98 2382.17 0
ynao_sd_19710207_0705_li 26 14 12 5 0 1244.87 2395.42 252.03 470.32 992.84 1925.1 0
ynao_sd_19710208_0125_li 19 14 5 5 0 667.87 1096.35 199.74 381.9 468.13 714.45 0
ynao_sd_19710209_0105_li 8 6 2 2 0 466.71 583.03 108.24 130.71 358.47 452.32 0
ynao_sd_19710210_0040_li 11 10 1 1 0 422.73 625.63 105.7 133.87 317.03 491.76 0
ynao_sd_19710211_0055_li 6 6 0 1 0 246.32 474.18 61.31 70.93 185.01 403.25 0
ynao_sd_19710212_0100_li 9 7 2 1 0 123.0 380.82 79.38 244.5 43.62 136.32 0
ynao_sd_19710213_0120_li 18 16 2 2 0 182.08 415.64 83.17 160.75 98.91 254.89 0
ynao_sd_19710214_0115_li 23 18 5 4 0 355.8 662.29 119.98 194.9 235.82 467.39 0
ynao_sd_19710215_0500_li 21 16 5 4 0 625.92 923.64 176.89 304.34 449.03 619.3 0
ynao_sd_19710216_0025_li 27 21 6 4 0 640.43 803.24 161.13 207.59 479.3 595.65 0
ynao_sd_19710217_0025_li 32 23 9 6 0 862.11 1202.98 213.48 299.73 648.63 903.25 0
ynao_sd_19710218_0045_li 24 15 9 6 0 846.28 1207.12 158.1 300.75 688.18 906.37 0
ynao_sd_19710219_0055_li 26 14 12 10 0 1274.54 2412.52 207.66 367.25 1066.88 2045.27 0
ynao_sd_19710220_0035_li 44 28 16 6 0 1451.41 2386.07 310.68 522.88 1140.73 1863.19 0
ynao_sd_19710221_0100_li 32 18 14 7 0 1468.89 2127.14 263.48 375.2 1205.41 1751.94 0
ynao_sd_19710222_0100_li 49 32 17 8 0 1776.98 2271.33 352.09 454.3 1424.89 1817.03 0
ynao_sd_19710223_0110_li 59 40 19 9 0 1822.59 2316.91 377.84 434.77 1444.75 1882.14 0
ynao_sd_19710224_0055_li 72 55 17 6 0 1887.02 2391.41 496.15 635.72 1390.87 1755.69 0
ynao_sd_19710225_0130_li 50 35 15 7 0 1776.94 2164.3 423.29 539.0 1353.65 1625.3 0
ynao_sd_19710226_0055_li 33 18 15 7 0 1636.91 2073.65 287.36 436.82 1349.55 1636.83 0
ynao_sd_19710227_0055_li 37 21 16 7 0 1547.47 1987.61 264.67 342.76 1282.8 1644.85 0
ynao_sd_19710228_0055_li 24 11 13 8 0 1407.39 1819.39 201.23 255.2 1206.16 1564.19 0
ynao_sd_19710301_0200_li 27 12 15 9 0 1194.58 1688.5 183.17 264.41 1011.41 1424.09 0
ynao_sd_19710302_0110_gu 22 14 8 8 0 946.15 1383.76 166.62 257.76 779.53 1126.0 0
ynao_sd_19710303_0115_gu 45 36 9 6 0 1156.67 1578.39 412.96 558.44 743.71 1019.95 0
ynao_sd_19710304_0055_gu 29 22 7 5 0 865.48 1013.05 312.92 381.21 552.56 631.84 0
ynao_sd_19710305_0050_chen 12 5 7 4 0 441.15 525.31 78.7 99.84 362.45 425.47 0
ynao_sd_19710306_0230_gu 15 9 6 5 0 564.82 923.03 159.42 241.8 405.4 681.23 0
ynao_sd_19710307_0240_gu 10 7 3 2 0 336.74 548.25 95.27 155.38 241.47 392.87 0
ynao_sd_19710308_0045_gu 8 4 4 4 0 428.45 1182.73 114.15 317.88 314.3 864.85 0
ynao_sd_19710309_0340_gu 18 10 8 3 0 590.35 1172.25 177.12 318.72 413.23 853.53 0
ynao_sd_19710310_0040_gu 20 17 3 2 0 717.09 1074.7 227.08 338.93 490.01 735.77 0
ynao_sd_19710311_0110_chen 20 12 8 3 0 596.21 811.35 141.73 222.91 454.48 588.44 0
ynao_sd_19710312_0105_gu 33 28 5 4 0 977.2 1508.1 331.15 549.59 646.05 958.51 0
ynao_sd_19710314_0510_gu 18 12 6 4 0 943.0 1100.58 314.09 378.44 628.91 722.14 0
ynao_sd_19710315_0515_gu 24 21 3 3 0 913.6 1037.18 283.58 343.97 630.02 693.21 0
ynao_sd_19710316_0135_gu 42 35 7 3 0 865.12 974.52 311.86 359.86 553.26 614.66 0
ynao_sd_19710317_0055_gu 53 45 8 3 0 988.45 1144.29 405.99 456.43 582.46 687.86 0
ynao_sd_19710318_0105_li 25 17 8 4 0 763.49 981.99 142.68 176.02 620.81 805.97 0
ynao_sd_19710319_0150_gu 26 16 10 5 0 819.52 1390.07 237.94 373.7 581.58 1016.37 0
ynao_sd_19710320_0125_gu 25 22 3 4 0 735.52 1397.45 237.76 360.35 497.76 1037.1 0
ynao_sd_19710321_0105_li 17 14 3 3 0 364.73 664.84 117.78 170.74 246.95 494.1 0
ynao_sd_19710322_0105_gu 26 18 8 5 0 526.35 573.85 193.03 209.86 333.32 363.99 0
ynao_sd_19710323_0020_li 34 33 1 1 0 268.25 334.77 167.53 229.99 100.72 104.78 0
ynao_sd_19710324_0025_li 16 13 3 2 0 241.64 325.27 72.13 107.44 169.51 217.83 0
ynao_sd_19710325_0035_li 14 10 4 2 0 238.14 320.0 74.07 138.12 164.07 181.88 0
ynao_sd_19710326_0040_li 19 15 4 2 0 301.51 433.84 116.27 233.12 185.24 200.72 0
ynao_sd_19710327_0320_li 22 16 6 5 0 407.26 612.47 115.82 175.95 291.44 436.52 0
ynao_sd_19710328_0040_li 28 18 10 5 0 496.11 653.95 154.21 210.81 341.9 443.14 0
ynao_sd_19710329_0025_li 16 4 12 6 0 691.49 835.79 99.3 131.86 592.19 703.93 0
ynao_sd_19710330_0040_gu 29 21 8 4 0 749.8 818.35 235.68 265.29 514.12 553.06 0
ynao_sd_19710331_0040_gu 15 8 7 3 0 887.55 939.7 228.47 250.05 659.08 689.65 0
ynao_sd_19710401_0905_li 19 16 3 3 0 888.64 949.8 198.05 222.74 690.59 727.06 0
ynao_sd_19710402_0030_gu 32 29 3 2 0 1206.58 1400.38 354.42 441.64 852.16 958.74 0
ynao_sd_19710403_0040_gu 27 22 5 2 0 863.52 1085.85 241.18 334.65 622.34 751.2 0
ynao_sd_19710404_0410_li 10 4 6 4 0 511.5 921.94 76.92 126.17 434.58 795.77 0
ynao_sd_19710405_0055_gu 13 7 6 4 0 573.83 1144.28 147.81 277.88 426.02 866.4 0
ynao_sd_19710406_0045_gu 21 13 8 2 0 885.86 1530.79 199.46 406.99 686.4 1123.8 0
ynao_sd_19710407_0230_gu 28 22 6 3 0 553.87 727.52 227.9 315.35 325.97 412.17 0
ynao_sd_19710408_0020_li 22 13 9 5 0 530.13 653.08 140.22 181.95 389.91 471.13 0
ynao_sd_19710409_0625_gu 14 10 4 2 0 532.94 804.47 197.58 290.9 335.36 513.57 0
ynao_sd_19710410_0150_li 12 8 4 3 0 434.22 795.14 89.04 179.85 345.18 615.29 0
ynao_sd_19710411_0017_li 8 4 4 3 0 330.13 739.31 53.2 125.29 276.93 614.02 0
ynao_sd_19710412_0035_gu 28 25 3 4 0 931.15 2033.51 420.63 807.3 510.52 1226.21 0
ynao_sd_19710413_0045_gu 49 37 12 9 0 1539.6 2537.52 448.36 778.99 1091.24 1758.53 0
ynao_sd_19710414_0040_li 43 32 11 9 0 1522.37 2043.23 357.6 485.73 1164.77 1557.5 0
ynao_sd_19710415_0535_gu 79 65 14 9 0 2065.44 2391.97 657.33 790.74 1408.11 1601.23 0
ynao_sd_19710416_0140_li 37 25 12 8 0 1632.53 1782.93 356.75 408.35 1275.78 1374.58 0
ynao_sd_19710417_0010_li 53 38 15 7 0 1631.9 1789.83 427.43 499.68 1204.47 1290.15 0
ynao_sd_19710418_0035_li 47 39 8 6 0 1604.92 1849.56 408.68 539.5 1196.24 1310.06 0
ynao_sd_19710419_0025_li 41 33 8 8 0 1490.56 1791.43 350.36 425.59 1140.2 1365.84 0
ynao_sd_19710420_0030_li 36 23 13 11 0 1435.56 1910.04 275.76 353.96 1159.8 1556.08 0
ynao_sd_19710421_0120_li 41 34 7 5 0 945.6 1396.08 279.94 388.55 665.66 1007.53 0
ynao_sd_19710422_0100_li 22 19 3 3 0 520.37 947.23 174.8 315.29 345.57 631.94 0
ynao_sd_19710423_0002_li 14 12 2 2 0 260.48 604.02 95.69 208.93 164.79 395.09 0
ynao_sd_19710424_0030_chen 14 13 1 1 0 104.76 323.7 61.79 148.75 42.97 174.95 0
ynao_sd_19710425_0020_li 21 20 1 1 0 173.47 222.25 104.86 146.85 68.61 75.4 0
ynao_sd_19710426_0010_li 28 27 1 1 0 195.79 272.46 176.86 252.47 18.93 19.99 0
ynao_sd_19710427_0040_li 24 20 4 3 0 498.44 601.42 146.0 167.59 352.44 433.83 0
ynao_sd_19710428_0110_li 29 24 5 3 0 617.42 752.07 183.98 274.58 433.44 477.49 0
ynao_sd_19710429_0020_li 22 15 7 4 0 561.15 609.49 148.2 166.78 412.95 442.71 0
ynao_sd_19710430_0010_li 9 4 5 4 0 445.02 488.64 84.0 98.55 361.02 390.09 0
ynao_sd_19710501_0035_li 5 3 2 3 0 285.21 309.25 40.73 47.87 244.48 261.38 0
ynao_sd_19710502_0102_gu 21 19 2 1 0 405.48 644.9 204.65 440.0 200.83 204.9 0
ynao_sd_19710503_0005_li 20 18 2 2 0 363.49 563.72 125.73 207.49 237.76 356.23 0
ynao_sd_19710504_0010_li 18 11 7 4 0 534.4 736.42 99.27 136.84 435.13 599.58 0
ynao_sd_19710505_0750_li 36 31 5 4 0 780.35 947.75 221.75 257.17 558.6 690.58 0
ynao_sd_19710508_0600_li 43 26 17 7 0 2415.06 2686.11 397.38 467.6 2017.68 2218.51 0
ynao_sd_19710509_0230_li 37 15 22 8 0 2343.17 2802.99 373.38 484.25 1969.79 2318.74 0
ynao_sd_19710510_0113_gu 44 24 20 10 0 1921.07 2578.42 452.0 631.37 1469.07 1947.05 0
ynao_sd_19710511_0100_gu 57 44 13 7 0 1327.53 2304.71 421.6 828.74 905.93 1475.97 0
ynao_sd_19710512_0332_gu 40 25 15 6 0 1003.78 2334.92 318.89 698.7 684.89 1636.22 0
ynao_sd_19710513_0013_gu 46 38 8 3 0 761.72 1434.36 323.84 521.98 437.88 912.38 0
ynao_sd_19710514_0025_li 33 29 4 1 0 542.45 736.49 212.08 271.01 330.37 465.48 0
ynao_sd_19710515_0020_li 23 17 6 2 0 376.71 450.9 135.71 165.68 241.0 285.22 0
ynao_sd_19710516_0025_li 18 15 3 3 0 483.03 519.69 104.73 121.98 378.3 397.71 0
ynao_sd_19710517_0015_gu 46 42 4 3 0 515.72 646.26 291.59 418.6 224.13 227.66 0
ynao_sd_19710518_0030_gu 25 23 2 1 0 358.07 449.63 184.59 272.8 173.48 176.83 0
ynao_sd_19710519_0025_li 18 13 5 4 0 247.9 306.29 101.99 126.71 145.91 179.58 0
ynao_sd_19710520_0730_li 11 8 3 2 0 120.36 162.17 41.17 59.69 79.19 102.48 0
ynao_sd_19710521_0100_li 14 13 1 1 0 107.79 180.25 76.13 132.32 31.66 47.93 0
ynao_sd_19710522_0002_li 10 10 0 0 0 64.54 83.8 64.54 83.8 0 0 0
ynao_sd_19710523_0025_li 4 4 0 0 0 22.07 63.92 22.07 63.92 0 0 0
ynao_sd_19710524_0750_li 4 4 0 0 0 18.45 38.06 18.45 38.06 0 0 0
ynao_sd_19710526_0630_gu 22 19 3 2 0 579.83 722.56 225.42 287.78 354.41 434.78 0
ynao_sd_19710527_0237_gu 58 56 2 1 0 606.59 672.08 341.05 381.6 265.54 290.48 0
ynao_sd_19710530_0205_li 31 23 8 4 0 736.83 1009.93 208.93 363.3 527.9 646.63 0
ynao_sd_19710531_0130_li 17 13 4 3 0 638.8 884.32 138.31 306.94 500.49 577.38 0
ynao_sd_19710601_0246_gu 32 21 11 3 0 783.18 1310.12 241.55 372.21 541.63 937.91 0
ynao_sd_19710602_0220_li 15 10 5 2 0 423.8 814.64 96.75 160.6 327.05 654.04 0
ynao_sd_19710603_0230_li 20 16 4 3 0 384.92 738.46 101.32 153.71 283.6 584.75 0
ynao_sd_19710604_0030_li 7 2 5 2 0 329.26 505.64 37.95 66.64 291.31 439.0 0
ynao_sd_19710606_0620_li 10 7 3 2 0 410.35 437.39 70.21 75.15 340.14 362.24 0
ynao_sd_19710607_0120_li 3 1 2 2 0 426.64 439.01 52.87 54.63 373.77 384.38 0
ynao_sd_19710609_0250_li 8 6 2 2 0 378.76 406.91 84.47 93.79 294.29 313.12 0
ynao_sd_19710611_0350_li 4 2 2 2 0 298.42 421.86 44.53 61.32 253.89 360.54 0
ynao_sd_19710612_0025_li 15 13 2 2 0 264.49 424.05 95.89 136.0 168.6 288.05 0
ynao_sd_19710613_0420_li 12 11 1 2 0 205.44 351.78 64.01 104.63 141.43 247.15 0
ynao_sd_19710614_0935_chen 9 9 0 0 0 53.34 78.5 53.34 78.5 0 0 0
ynao_sd_19710615_0019_gu 12 12 0 0 0 63.39 95.45 63.39 95.45 0 0 0
ynao_sd_19710616_0525_chen 3 3 0 0 0 14.89 31.23 14.89 31.23 0 0 0
ynao_sd_19710617_0015_li 6 6 0 0 0 36.51 42.37 36.51 42.37 0 0 0
ynao_sd_19710618_0013_gu 16 16 0 0 0 124.91 180.03 124.91 180.03 0 0 0
ynao_sd_19710619_0648_gu 8 8 0 1 0 84.05 173.93 65.64 122.63 18.41 51.3 0
ynao_sd_19710620_0545_li 12 12 0 0 0 127.53 176.89 127.53 176.89 0 0 0
ynao_sd_19710621_0325_gu 32 32 0 0 0 180.05 244.8 180.05 244.8 0 0 0
ynao_sd_19710623_0715_li 12 12 0 0 0 59.77 68.53 59.77 68.53 0 0 0
ynao_sd_19710624_0335_li 16 16 0 0 0 82.91 90.3 82.91 90.3 0 0 0
ynao_sd_19710625_0300_li 31 24 7 4 0 342.46 407.73 164.81 198.31 177.65 209.42 0
ynao_sd_19710627_0505_li 65 57 8 5 0 544.22 1031.3 307.33 514.21 236.89 517.09 0
ynao_sd_19710628_0115_gu 92 83 9 6 0 1228.97 2628.48 595.1 1150.64 633.87 1477.84 0
ynao_sd_19710629_0330_gu 63 52 11 6 0 1294.14 2040.18 532.79 783.27 761.35 1256.91 0
ynao_sd_19710701_0520_gu 72 51 21 15 0 2711.23 3138.02 648.88 757.68 2062.35 2380.34 0
ynao_sd_19710702_0225_gu 96 77 19 9 0 2432.74 2706.75 858.49 961.93 1574.25 1744.82 0
ynao_sd_19710703_0150_gu 81 69 12 8 0 2314.18 2559.59 713.34 779.64 1600.84 1779.95 0
ynao_sd_19710704_0340_gu 62 44 18 8 0 2448.35 2784.33 587.61 653.99 1860.74 2130.34 0
ynao_sd_19710705_0715_gu 52 33 19 8 0 2428.8 3038.43 582.92 918.88 1845.88 2119.55 0
ynao_sd_19710707_0245_gu 44 33 11 4 0 1418.05 2356.49 372.02 613.74 1046.03 1742.75 0
ynao_sd_19710708_0135_gu 34 21 13 6 0 1020.22 2164.98 278.57 523.91 741.65 1641.07 0
ynao_sd_19710709_0140_gu 27 21 6 3 0 537.65 1353.5 221.53 413.25 316.12 940.25 0
ynao_sd_19710710_0400_chen 13 12 1 1 0 138.06 287.63 106.11 239.4 31.95 48.23 0
ynao_sd_19710711_0810_li 21 19 2 3 0 284.01 453.28 131.34 180.86 152.67 272.42 0
ynao_sd_19710712_0240_chen 28 25 3 2 0 286.37 639.71 146.59 189.32 139.78 450.39 0
ynao_sd_19710713_0445_gu 46 30 16 5 0 1284.63 2342.13 379.08 581.17 905.55 1760.96 0
ynao_sd_19710715_0700_li 34 21 13 5 0 1295.68 1729.66 237.17 312.35 1058.51 1417.31 0
ynao_sd_19710716_0200_chen 31 21 10 8 0 1006.14 1228.21 244.06 306.78 762.08 921.43 0
ynao_sd_19710717_0650_li 48 40 8 5 0 1481.3 1602.68 505.58 578.56 975.72 1024.12 0
ynao_sd_19710718_0030_li 35 30 5 4 0 981.92 1030.3 250.13 276.77 731.79 753.53 0
ynao_sd_19710719_0420_li 54 50 4 3 0 981.03 1056.2 330.96 366.67 650.07 689.53 0
ynao_sd_19710720_0750_gu 58 35 23 8 0 1250.25 1386.09 442.42 480.0 807.83 906.09 0
ynao_sd_19710721_0450_li 30 22 8 7 0 738.13 901.01 218.8 250.45 519.33 650.56 0
ynao_sd_19710722_0022_gu 47 38 9 9 0 1933.7 2285.31 320.16 398.44 1613.54 1886.87 0
ynao_sd_19710723_0040_gu 31 21 10 5 0 876.08 1226.04 303.78 385.22 572.3 840.82 0
ynao_sd_19710724_0640_li 44 40 4 5 0 866.97 1418.25 306.78 443.5 560.19 974.75 0
ynao_sd_19710725_0540_li 53 39 14 9 0 3194.49 6242.08 494.8 727.88 2699.69 5514.2 0
ynao_sd_19710726_0060_li 51 44 7 4 0 1201.36 1985.8 515.66 765.59 685.7 1220.21 0
ynao_sd_19710727_0030_li 39 32 7 4 0 776.71 1215.16 225.79 328.51 550.92 886.65 0
ynao_sd_19710801_0140_gu 24 20 4 2 0 441.49 540.63 159.09 223.53 282.4 317.1 0
ynao_sd_19710802_0418_gu 27 19 8 5 0 522.07 663.07 194.79 238.13 327.28 424.94 0
ynao_sd_19710803_0440_gu 20 18 2 2 0 329.09 452.87 160.31 202.49 168.78 250.38 0
ynao_sd_19710804_0045_gu 18 14 4 3 0 358.15 762.74 138.69 243.77 219.46 518.97 0
ynao_sd_19710805_0750_gu 22 20 2 2 0 371.31 721.05 159.59 314.41 211.72 406.64 0
ynao_sd_19710806_0030_gu 15 13 2 2 0 440.39 656.2 143.28 215.81 297.11 440.39 0
ynao_sd_19710807_0100_gu 19 16 3 3 0 576.32 725.7 190.25 251.02 386.07 474.68 0
ynao_sd_19710808_0045_gu 35 27 8 5 0 897.79 1006.39 253.24 291.01 644.55 715.38 0
ynao_sd_19710809_0220_li 60 49 11 4 0 1015.05 1094.87 332.19 375.38 682.86 719.49 0
ynao_sd_19710810_0420_li 34 29 5 4 0 1139.97 1256.0 259.63 305.05 880.34 950.95 0
ynao_sd_19710811_0200_li 25 16 9 5 0 748.6 863.32 134.91 160.9 613.69 702.42 0
ynao_sd_19710812_0020_li 25 18 7 4 0 559.94 750.58 152.11 228.57 407.83 522.01 0
ynao_sd_19710813_0850_li 24 22 2 2 0 341.34 594.8 141.22 259.57 200.12 335.23 0
ynao_sd_19710814_0220_li 16 13 3 2 0 226.23 459.67 89.19 199.62 137.04 260.05 0
ynao_sd_19710815_0305_li 11 7 4 2 0 179.44 458.61 48.04 105.63 131.4 352.98 0
ynao_sd_19710819_0705_gu 25 12 13 4 0 1629.98 3365.65 279.01 516.96 1350.97 2848.69 0
ynao_sd_19710820_0710_gu 49 23 26 6 0 3138.46 4602.74 615.77 897.92 2522.69 3704.82 0
ynao_sd_19710821_0335_li 56 25 31 7 0 3617.74 4685.37 533.07 677.15 3084.67 4008.22 0
ynao_sd_19710822_0105_gu 68 26 42 13 0 4226.79 5019.81 801.28 980.49 3425.51 4039.32 0
ynao_sd_19710823_0820_li 73 33 40 10 0 3866.58 4211.16 567.71 622.63 3298.87 3588.53 0
ynao_sd_19710827_0110_li 57 36 21 8 0 1772.79 2499.75 420.38 565.05 1352.41 1934.7 0
ynao_sd_19710828_0035_li 27 17 10 5 0 1308.69 2290.32 222.73 411.3 1085.96 1879.02 0
ynao_sd_19710829_0520_li 15 10 5 3 0 391.07 737.87 111.49 295.44 279.58 442.43 0
ynao_sd_19710830_0105_gu 5 4 1 1 0 203.05 383.84 72.67 192.44 130.38 191.4 0
ynao_sd_19710831_0030_gu 5 4 1 1 0 161.54 305.32 43.8 71.99 117.74 233.33 0
ynao_sd_19710901_0220_gu 4 3 1 1 0 93.19 261.96 30.48 59.96 62.71 202.0 0
ynao_sd_19710902_0001_gu 4 4 0 0 0 15.76 19.73 15.76 19.73 0 0 0
ynao_sd_19710903_0038_gu 16 16 0 0 0 140.31 155.25 140.31 155.25 0 0 0
ynao_sd_19710904_0300_gu 20 13 7 2 0 377.14 397.95 140.98 155.69 236.16 242.26 0
ynao_sd_19710905_0300_li 19 16 3 2 0 219.85 231.81 122.29 127.99 97.56 103.82 0
ynao_sd_19710906_0042_gu 51 42 9 3 0 525.33 601.09 318.39 359.84 206.94 241.25 0
ynao_sd_19710907_0805_gu 36 27 9 7 0 945.32 1413.49 365.63 524.96 579.69 888.53 0
ynao_sd_19710908_0047_gu 52 41 11 3 0 997.63 1807.85 398.87 674.27 598.76 1133.58 0
ynao_sd_19710909_0115_gu 19 10 9 3 0 494.16 1290.9 136.26 328.99 357.9 961.91 0
ynao_sd_19710910_0235_gu 14 13 1 1 0 107.27 382.2 72.45 199.09 34.82 183.11 0
ynao_sd_19710911_0424_gu 4 3 1 1 0 71.49 186.47 22.59 55.88 48.9 130.59 0
ynao_sd_19710912_0646_gu 7 6 1 1 0 130.89 221.38 50.37 89.28 80.52 132.1 0
ynao_sd_19710913_0415_gu 13 12 1 2 0 213.67 481.28 85.84 95.74 127.83 385.54 0
ynao_sd_19710914_0645_gu 22 18 4 4 0 479.07 1035.51 154.2 332.89 324.87 702.62 0
ynao_sd_19710915_0420_li 27 23 4 4 0 457.3 801.34 151.31 289.99 305.99 511.35 0
ynao_sd_19710920_0742_gu 25 22 3 3 0 374.87 401.85 177.42 192.88 197.45 208.97 0
ynao_sd_19710921_0018_gu 40 35 5 3 0 493.48 561.87 294.28 344.0 199.2 217.87 0
ynao_sd_19710922_0002_li 30 26 4 3 0 299.91 420.05 144.24 209.45 155.67 210.6 0
ynao_sd_19710923_0941_gu 28 25 3 2 0 236.14 423.98 173.83 276.74 62.31 147.24 0
ynao_sd_19710924_0345_gu 17 15 2 1 0 136.69 196.54 80.89 131.34 55.8 65.2 0
ynao_sd_19710927_0805_gu 25 23 2 2 0 830.63 1083.13 212.26 290.16 618.37 792.97 0
ynao_sd_19710928_0315_gu 26 20 6 4 0 1339.68 2380.94 325.03 504.48 1014.65 1876.46 0
ynao_sd_19710929_0315_gu 30 17 13 8 0 1539.96 2398.9 313.41 437.41 1226.55 1961.49 0
ynao_sd_19710930_0315_li 27 18 9 5 0 1852.21 2646.0 307.25 433.29 1544.96 2212.71 0
ynao_sd_19711002_0330_chen 37 28 9 2 0 1351.46 1554.87 350.05 431.18 1001.41 1123.69 0
ynao_sd_19711003_0206_gu 32 25 7 2 0 1327.75 1556.57 378.2 459.82 949.55 1096.75 0
ynao_sd_19711004_0442_gu 24 20 4 3 0 1175.95 1482.78 231.57 286.58 944.38 1196.2 0
ynao_sd_19711007_0230_gu 17 15 2 1 0 514.36 624.75 130.85 160.9 383.51 463.85 0
ynao_sd_19711008_0220_gu 20 17 3 1 0 407.39 592.95 126.16 184.89 281.23 408.06 0
ynao_sd_19711009_0008_gu 29 27 2 1 0 396.44 668.47 196.96 294.59 199.48 373.88 0
ynao_sd_19711012_0010_gu 16 14 2 1 0 176.15 250.54 105.75 152.43 70.4 98.11 0
ynao_sd_19711013_0125_gu 14 14 0 0 0 68.89 74.59 68.89 74.59 0 0 0
ynao_sd_19711014_0020_gu 18 18 0 0 0 100.48 154.15 100.48 154.15 0 0 0
ynao_sd_19711015_0010_gu 11 11 0 0 0 79.17 94.11 79.17 94.11 0 0 0
ynao_sd_19711016_0015_li 15 15 0 0 0 95.68 228.2 95.68 228.2 0 0 0
ynao_sd_19711017_0025_li 10 8 2 1 0 187.45 428.0 76.89 196.52 110.56 231.48 0
ynao_sd_19711018_0150_li 13 9 4 2 0 454.55 682.46 100.4 151.38 354.15 531.08 0
ynao_sd_19711019_0050_li 19 8 11 6 0 1373.84 1761.05 171.31 261.67 1202.53 1499.38 0
ynao_sd_19711020_0140_li 25 13 12 4 0 1839.71 2029.12 242.5 281.58 1597.21 1747.54 0
ynao_sd_19711021_0120_li 45 24 21 3 0 2354.62 2419.43 389.31 408.87 1965.31 2010.56 0
ynao_sd_19711022_0140_li 40 28 12 4 0 3140.66 3486.26 547.47 581.55 2593.19 2904.71 0
ynao_sd_19711023_0210_li 56 31 25 10 0 2288.52 2626.75 410.91 454.87 1877.61 2171.88 0
ynao_sd_19711024_0020_li 57 26 31 11 0 3351.32 3902.69 492.18 564.94 2859.14 3337.75 0
ynao_sd_19711029_0510_li 19 17 2 2 0 918.77 1074.06 198.86 255.59 719.91 818.47 0
ynao_sd_19711030_0250_li 32 30 2 2 0 1022.78 1151.56 272.36 307.09 750.42 844.47 0
ynao_sd_19711031_0200_gu 32 30 2 2 0 1032.16 1197.86 307.69 356.92 724.47 840.94 0
ynao_sd_19711101_0025_li 37 34 3 3 0 1114.11 1851.39 289.17 475.1 824.94 1376.29 0
ynao_sd_19711102_0015_li 22 15 7 5 0 1051.83 1683.3 204.51 306.11 847.32 1377.19 0
ynao_sd_19711103_0020_li 32 24 8 5 0 1152.08 1653.02 243.1 358.36 908.98 1294.66 0
ynao_sd_19711104_0910_li 34 27 7 4 0 1140.2 1463.68 238.15 328.08 902.05 1135.6 0
ynao_sd_19711105_0005_li 34 24 10 6 0 1173.07 1596.5 212.18 294.62 960.89 1301.88 0
ynao_sd_19711106_0015_guo 31 23 8 5 0 1146.32 1632.05 339.99 569.74 806.33 1062.31 0
ynao_sd_19711108_0015_li 17 15 2 2 0 683.04 789.72 165.98 230.32 517.06 559.4 0
ynao_sd_19711109_0035_guo 22 18 4 1 0 578.28 680.65 207.02 234.15 371.26 446.5 0
ynao_sd_19711110_0040_guo 15 12 3 1 0 490.01 680.82 150.1 197.62 339.91 483.2 0
ynao_sd_19711111_0200_guo 10 9 1 1 0 413.56 784.56 93.11 172.36 320.45 612.2 0
ynao_sd_19711112_0150_li 11 10 1 1 0 190.16 525.5 71.53 187.74 118.63 337.76 0
ynao_sd_19711114_0100_li 2 1 1 1 0 215.54 637.18 33.75 97.3 181.79 539.88 0
ynao_sd_19711115_0035_li 9 7 2 1 0 472.4 903.21 87.53 164.29 384.87 738.92 0
ynao_sd_19711116_0015_li 10 8 2 1 0 659.06 963.38 87.49 126.46 571.57 836.92 0
ynao_sd_19711117_0040_li 9 8 1 1 0 759.29 961.35 135.55 199.11 623.74 762.24 0
ynao_sd_19711118_0030_li 13 11 2 2 0 900.97 1153.9 158.75 201.36 742.22 952.54 0
ynao_sd_19711119_0020_li 12 10 2 2 0 1023.25 1295.6 212.95 291.45 810.3 1004.15 0
ynao_sd_19711120_0025_li 13 9 4 3 0 1148.23 1407.29 186.69 250.97 961.54 1156.32 0
ynao_sd_19711121_0115_li 13 10 3 2 0 1070.43 1241.33 171.96 208.82 898.47 1032.51 0
ynao_sd_19711122_0030_li 22 13 9 5 0 1255.09 2299.01 214.1 354.18 1040.99 1944.83 0
ynao_sd_19711123_0045_li 31 22 9 6 0 1378.36 2363.71 281.76 530.45 1096.6 1833.26 0
ynao_sd_19711124_0120_li 42 30 12 5 0 1414.58 2261.8 304.87 518.59 1109.71 1743.21 0
ynao_sd_19711125_0035_li 41 33 8 4 0 1225.74 1782.93 289.32 429.4 936.42 1353.53 0
ynao_sd_19711126_0055_li 65 58 7 5 0 1243.83 1450.33 372.69 471.28 871.14 979.05 0
ynao_sd_19711127_0035_li 100 82 18 7 0 1540.85 1684.34 544.17 592.9 996.68 1091.44 0
ynao_sd_19711128_0040_li 92 76 16 10 0 1398.68 1581.01 521.9 570.27 876.78 1010.74 0
ynao_sd_19711201_0215_li 33 21 12 6 0 633.67 1012.82 202.7 317.54 430.97 695.28 0
ynao_sd_19711202_0115_li 21 13 8 4 0 329.62 703.26 158.45 341.58 171.17 361.68 0
ynao_sd_19711203_0310_li 23 16 7 4 0 436.16 927.45 130.02 299.01 306.14 628.44 0
ynao_sd_19711204_0025_li 24 17 7 2 0 488.81 663.1 137.48 223.98 351.33 439.12 0
ynao_sd_19711205_0030_li 30 20 10 2 0 922.11 1037.37 168.87 205.58 753.24 831.79 0
ynao_sd_19711206_0100_li 33 22 11 7 0 1243.85 1386.98 261.82 374.08 982.03 1012.9 0
ynao_sd_19711207_0110_li 38 24 14 6 0 1177.21 1301.91 301.86 334.07 875.35 967.84 0
ynao_sd_19711208_0920_li 39 25 14 6 0 1317.36 1513.54 267.82 325.13 1049.54 1188.41 0
ynao_sd_19711209_0040_li 38 25 13 4 0 1261.26 1478.14 289.8 338.95 971.46 1139.19 0
ynao_sd_19711210_0110_li 57 52 5 3 0 1150.94 1547.49 386.15 564.96 764.79 982.53 0
ynao_sd_19711211_0620_li 45 36 9 6 0 1229.23 2257.23 334.22 502.22 895.01 1755.01 0
ynao_sd_19711212_0330_li 30 15 15 8 0 1371.95 2266.08 240.47 358.63 1131.48 1907.45 0
ynao_sd_19711213_0045_li 34 23 11 7 0 1165.01 1533.01 281.6 340.36 883.41 1192.65 0
ynao_sd_19711214_0600_li 45 29 16 7 0 1196.23 1408.75 246.87 298.63 949.36 1110.12 0
ynao_sd_19711216_0305_li 32 22 10 7 0 857.35 1141.54 220.18 312.57 637.17 828.97 0
ynao_sd_19711217_0300_li 42 30 12 9 0 863.95 1434.16 304.12 445.36 559.83 988.8 0
ynao_sd_19711218_0040_li 41 22 19 12 0 1250.94 2021.3 267.43 394.24 983.51 1627.06 0
ynao_sd_19711219_0240_li 39 20 19 11 0 1454.15 2239.41 294.07 433.4 1160.08 1806.01 0
ynao_sd_19711220_0430_li 34 10 24 8 0 1671.63 2207.0 252.46 336.33 1419.17 1870.67 0
ynao_sd_19711222_0415_li 68 42 26 9 0 1627.07 1874.86 350.28 409.02 1276.79 1465.84 0
ynao_sd_19711224_0115_guo 60 44 16 5 0 1429.24 1510.44 533.05 559.94 896.19 950.5 0
ynao_sd_19711225_0145_guo 53 28 25 3 0 1628.46 1797.77 433.31 477.4 1195.15 1320.37 0
ynao_sd_19711226_0300_guo 40 29 11 7 0 1086.07 1345.9 306.73 372.9 779.34 973.0 0
ynao_sd_19711227_0405_li 28 21 7 3 0 565.03 843.17 195.99 276.56 369.04 566.61 0
ynao_sd_19711228_0055_li 17 14 3 4 0 347.19 753.55 109.55 169.74 237.64 583.81 0
ynao_sd_19711229_0050_li 15 13 2 3 0 235.84 454.74 103.53 193.94 132.31 260.8 0
