ynao_sd_19720101_0510_li 13 10 3 2 0 300.65 363.29 97.42 149.19 203.23 214.1
ynao_sd_19720104_0600_li 7 5 2 2 0 284.51 343.07 48.04 63.88 236.47 279.19
ynao_sd_19720107_0345_guo 14 12 2 3 0 288.77 458.53 120.67 166.36 168.1 292.17
ynao_sd_19720108_0125_guo 21 20 1 1 0 221.84 449.81 162.14 293.37 59.7 156.44
ynao_sd_19720109_0245_li 12 12 0 0 0 70.11 155.72 70.11 155.72 0 0
ynao_sd_19720110_0055_guo 15 15 0 0 0 106.26 130.39 106.26 130.39 0 0
ynao_sd_19720111_0120_guo 17 17 0 0 0 87.45 99.61 87.45 99.61 0 0
ynao_sd_19720112_0210_guo 35 32 3 2 0 352.31 363.82 241.36 249.43 110.95 114.39
ynao_sd_19720113_0050_guo 20 16 4 2 0 323.19 355.6 170.22 193.5 152.97 162.1
ynao_sd_19720114_0710_guo 14 10 4 2 0 222.43 696.58 102.05 265.05 120.38 431.53
ynao_sd_19720115_0155_guo 17 10 7 2 0 461.54 1370.8 136.15 378.44 325.39 992.36
ynao_sd_19720116_0315_li 14 9 5 4 0 331.03 592.98 97.87 164.89 233.16 428.09
ynao_sd_19720117_0425_guo 23 15 8 5 0 585.85 815.76 267.35 373.14 318.5 442.62
ynao_sd_19720118_0050_guo 49 38 11 7 0 961.49 1199.77 413.23 541.96 548.26 657.81
ynao_sd_19720119_0050_guo 64 53 11 3 0 847.39 930.55 392.1 440.61 455.29 489.94
ynao_sd_19720120_0110_li 53 45 8 4 0 735.58 757.14 296.1 307.54 439.48 449.6
ynao_sd_19720121_0100_guo 77 62 15 7 0 1660.61 1769.18 641.3 688.57 1019.31 1080.61
ynao_sd_19720122_0115_guo 79 62 17 11 0 1652.46 2028.07 679.12 822.94 973.34 1205.13
ynao_sd_19720123_0100_li 47 32 15 9 0 910.55 1389.12 295.24 434.28 615.31 954.84
ynao_sd_19720124_0100_guo 75 59 16 6 0 1007.78 1888.9 616.89 1079.08 390.89 809.82
ynao_sd_19720125_0112_guo 59 47 12 7 0 881.04 1687.87 528.98 874.95 352.06 812.92
ynao_sd_19720126_0115_guo 72 62 10 4 0 770.88 1136.19 579.5 856.6 191.38 279.59
ynao_sd_19720127_0150_li 43 41 2 2 0 323.57 454.08 201.77 292.38 121.8 161.7
ynao_sd_19720128_0135_li 39 36 3 2 0 420.98 538.92 240.32 314.47 180.66 224.45
ynao_sd_19720129_0055_li 32 29 3 3 0 351.77 505.35 168.97 271.59 182.8 233.76
ynao_sd_19720130_0620_li 20 14 6 2 0 268.17 336.37 110.78 196.31 157.39 140.06
ynao_sd_19720131_0105_guo 29 25 4 2 0 576.27 670.82 289.34 359.09 286.93 311.73
ynao_sd_19720201_0105_li 23 18 5 4 0 274.63 349.1 122.41 163.97 152.22 185.13
ynao_sd_19720202_0100_li 25 24 1 1 0 150.18 202.61 125.84 171.64 24.34 30.97
ynao_sd_19720203_0130_li 18 17 1 1 0 141.97 221.51 119.47 192.27 22.5 29.24
ynao_sd_19720204_0320_li 26 23 3 1 0 208.42 294.4 201.49 282.17 6.93 12.23
ynao_sd_19720205_0055_li 11 8 3 3 0 153.41 247.14 92.14 123.09 61.27 124.05
ynao_sd_19720206_0338_gu 30 28 2 2 0 281.1 445.25 204.03 363.6 77.07 81.65
ynao_sd_19720207_0350_li 17 13 4 1 0 162.83 191.0 108.35 125.5 54.48 65.5
ynao_sd_19720208_0050_li 11 11 0 0 0 83.15 142.81 83.15 142.81 0 0
ynao_sd_19720210_0100_li 13 10 3 3 0 371.45 589.35 100.94 182.12 270.51 407.23
ynao_sd_19720211_0045_li 26 17 9 4 0 623.3 1080.68 189.74 368.91 433.56 711.77
ynao_sd_19720212_0050_li 24 15 9 4 0 787.17 1101.55 159.0 218.26 628.17 883.29
ynao_sd_19720213_0045_li 39 33 6 4 0 751.96 965.49 262.35 328.68 489.61 636.81
ynao_sd_19720214_0105_li 35 26 9 6 0 842.69 1054.03 239.58 334.45 603.11 719.58
ynao_sd_19720215_0115_li 55 47 8 5 0 994.55 1210.91 372.66 517.3 621.89 693.61
ynao_sd_19720216_0015_li 73 62 11 9 0 1355.43 2149.71 465.86 615.47 889.57 1534.24
ynao_sd_19720217_0015_li 73 55 18 11 0 1723.95 2908.78 504.72 877.58 1219.23 2031.2
ynao_sd_19720218_0045_li 77 41 36 17 0 2386.77 3533.28 465.03 660.37 1921.74 2872.91
ynao_sd_19720219_0140_li 85 38 47 15 0 3397.86 5041.73 575.9 849.58 2821.96 4192.15
ynao_sd_19720220_0110_li 96 58 38 15 0 3524.42 5048.24 677.79 921.74 2846.63 4126.5
ynao_sd_19720221_0055_li 69 42 27 18 0 3410.45 4299.07 569.81 725.19 2840.64 3573.88
ynao_sd_19720222_0050_li 88 50 38 18 1 3438.23 4012.35 612.35 723.4 2825.88 3288.95
ynao_sd_19720223_0125_li 92 65 27 15 0 2982.21 3479.36 622.89 773.14 2359.32 2706.22
ynao_sd_19720224_0150_li 55 31 24 12 0 2221.01 2466.83 331.24 382.05 1889.77 2084.78
ynao_sd_19720225_0130_li 48 31 17 13 0 1818.05 2206.4 349.71 471.74 1468.34 1734.66
ynao_sd_19720226_0625_li 29 21 8 4 0 1359.79 2149.81 235.38 386.63 1124.41 1763.18
ynao_sd_19720227_0655_gu 34 27 7 5 0 1164.16 1813.98 296.23 467.76 867.93 1346.22
ynao_sd_19720302_0620_li 23 21 2 2 0 713.76 1438.27 216.77 382.86 496.99 1055.41
ynao_sd_19720303_0700_li 36 26 10 6 0 1518.26 2516.36 385.22 546.16 1133.04 1970.2
ynao_sd_19720304_0115_li 37 29 8 7 0 1651.06 2474.06 335.55 482.29 1315.51 1991.77
ynao_sd_19720305_0100_li 40 35 5 5 0 1827.53 2429.13 260.17 366.49 1567.36 2062.64
ynao_sd_19720306_0100_li 26 18 8 6 0 2033.3 2426.65 344.99 393.69 1688.31 2032.96
ynao_sd_19720307_0120_li 53 39 14 7 0 2263.56 2501.08 488.62 550.62 1774.94 1950.46
ynao_sd_19720308_0050_li 61 46 15 6 0 2330.15 2809.65 487.23 697.5 1842.92 2112.15
ynao_sd_19720309_0045_li 36 19 17 7 0 2578.29 3625.98 348.18 458.7 2230.11 3167.28
ynao_sd_19720310_0040_li 49 31 18 9 0 2602.66 3561.45 435.65 637.39 2167.01 2924.06
ynao_sd_19720311_0045_li 43 25 18 10 0 2218.32 3006.53 379.25 515.58 1839.07 2490.95
ynao_sd_19720312_0100_li 51 29 22 10 0 2108.44 2951.75 416.24 582.42 1692.2 2369.33
ynao_sd_19720313_0120_li 51 31 20 10 0 1557.22 2247.87 321.11 451.59 1236.11 1796.28
ynao_sd_19720314_0045_li 44 30 14 7 0 1037.18 1291.82 261.38 341.25 775.8 950.57
ynao_sd_19720315_0045_li 51 37 14 10 0 1053.79 1373.61 283.51 349.95 770.28 1023.66
ynao_sd_19720316_0030_li 45 28 17 9 0 1189.48 1522.9 311.63 412.81 877.85 1110.09
ynao_sd_19720317_0050_li 56 45 11 7 0 938.3 1225.19 324.42 390.68 613.88 834.51
ynao_sd_19720318_0035_li 52 46 6 5 0 849.55 1139.09 341.83 477.97 507.72 661.12
ynao_sd_19720319_0030_li 39 33 6 5 0 748.71 1147.54 260.17 446.45 488.54 701.09
ynao_sd_19720320_0015_li 35 27 8 5 0 911.76 1452.92 246.81 375.86 664.95 1077.06
ynao_sd_19720321_0040_li 70 60 10 5 0 1018.11 1402.96 379.04 565.86 639.07 837.1
ynao_sd_19720322_0120_li 75 66 9 4 0 981.32 1150.65 357.41 413.0 623.91 737.65
ynao_sd_19720323_0050_gu 66 57 9 4 0 1187.51 1365.44 532.8 625.92 654.71 739.52
ynao_sd_19720324_0030_li 66 62 4 4 0 1005.68 1159.42 425.24 496.94 580.44 662.48
ynao_sd_19720325_0040_li 51 38 13 5 0 851.13 1063.74 278.61 361.11 572.52 702.63
ynao_sd_19720326_0150_li 23 18 5 3 0 382.29 537.54 161.84 275.19 220.45 262.35
ynao_sd_19720327_0040_li 18 17 1 2 0 257.71 362.21 123.24 187.58 134.47 174.63
ynao_sd_19720328_0130_li 3 2 1 1 0 89.46 145.98 29.48 47.24 59.98 98.74
ynao_sd_19720329_0300_li 6 4 2 3 0 112.78 320.34 28.26 75.23 84.52 245.11
ynao_sd_19720330_0020_li 11 10 1 1 0 175.12 369.81 91.24 186.43 83.88 183.38
ynao_sd_19720331_0600_li 13 12 1 1 0 208.34 299.3 91.98 133.09 116.36 166.21
ynao_sd_19720401_0110_li 13 10 3 1 0 191.41 281.41 65.01 125.15 126.4 156.26
ynao_sd_19720402_0030_li 17 16 1 1 0 213.92 252.57 104.04 132.7 109.88 119.87
ynao_sd_19720403_0320_li 28 25 3 1 0 239.13 271.43 134.78 165.79 104.35 105.64
ynao_sd_19720404_0320_li 25 23 2 1 0 229.67 249.62 134.66 154.31 95.01 95.31
ynao_sd_19720405_0015_li 16 15 1 1 0 173.59 190.8 100.71 115.0 72.88 75.8
ynao_sd_19720406_0030_li 11 10 1 1 0 101.57 160.34 67.61 121.59 33.96 38.75
ynao_sd_19720407_0020_li 23 16 7 5 0 379.27 686.83 146.22 229.03 233.05 457.8
ynao_sd_19720408_0940_li 23 13 10 6 0 410.77 676.69 170.27 311.75 240.5 364.94
ynao_sd_19720409_0205_li 34 28 6 5 0 466.45 692.03 213.01 299.62 253.44 392.41
ynao_sd_19720411_0100_li 30 24 6 5 0 509.01 635.65 208.06 241.82 300.95 393.83
ynao_sd_19720412_0100_li 40 32 8 4 0 507.97 586.96 240.43 272.95 267.54 314.01
ynao_sd_19720413_0025_li 29 24 5 4 0 415.94 459.43 197.27 208.79 218.67 250.64
ynao_sd_19720414_0140_li 30 28 2 3 0 311.41 349.45 139.54 155.81 171.87 193.64
ynao_sd_19720415_0020_li 22 20 2 2 0 268.56 359.07 145.09 222.2 123.47 136.87
ynao_sd_19720416_0010_li 19 15 4 2 0 282.23 468.06 150.18 236.21 132.05 231.85
ynao_sd_19720417_0010_li 37 32 5 4 0 577.96 983.57 274.26 400.89 303.7 582.68
ynao_sd_19720418_0005_li 28 23 5 3 0 650.6 915.91 191.2 254.7 459.4 661.21
ynao_sd_19720419_0005_li 29 23 6 5 0 691.84 846.2 177.64 211.08 514.2 635.12
ynao_sd_19720420_0010_li 26 18 8 5 0 439.93 490.9 149.78 167.23 290.15 323.67
ynao_sd_19720421_0005_li 40 34 6 3 0 594.02 820.55 228.18 306.58 365.84 513.97
ynao_sd_19720422_0005_li 30 24 6 2 0 508.21 665.46 202.81 263.19 305.4 402.27
ynao_sd_19720423_0015_li 46 41 5 4 0 657.98 828.87 280.08 353.77 377.9 475.1
ynao_sd_19720427_0245_li 23 16 7 4 0 783.21 1184.76 181.24 267.1 601.97 917.66
ynao_sd_19720428_0045_hong 34 24 10 6 0 645.51 1210.94 207.72 363.34 437.79 847.6
ynao_sd_19720429_0045_hong 17 11 6 4 0 461.89 1073.81 165.81 399.18 296.08 674.63
ynao_sd_19720430_0050_hong 2 0 2 1 0 104.74 150.96 13.43 19.3 91.31 131.66
ynao_sd_19720501_0005_li 5 4 1 1 0 88.79 214.91 34.25 114.25 54.54 100.66
ynao_sd_19720502_0005_li 5 4 1 1 0 55.03 157.4 30.49 88.63 24.54 68.77
ynao_sd_19720503_0035_hong 7 6 1 1 0 75.87 299.41 54.7 220.33 21.17 79.08
ynao_sd_19720504_0030_hong 18 15 3 1 0 226.23 442.73 105.92 197.2 120.31 245.53
ynao_sd_19720505_0030_hong 20 16 4 2 0 264.37 402.18 131.24 197.9 133.13 204.28
ynao_sd_19720506_0020_li 32 23 9 4 0 465.72 586.39 198.38 249.61 267.34 336.78
ynao_sd_19720507_0015_li 33 24 9 3 0 996.54 1107.07 214.49 239.25 782.05 867.82
ynao_sd_19720508_0045_hong 47 36 11 5 0 1264.14 1315.89 373.7 390.9 890.44 924.99
ynao_sd_19720509_0040_hong 60 43 17 9 0 1620.61 1805.0 398.68 534.33 1221.93 1270.67
ynao_sd_19720510_0045_hong 73 59 14 8 0 1357.0 1696.27 508.83 614.93 848.17 1081.34
ynao_sd_19720511_0040_hong 83 52 31 11 0 1917.11 2468.35 612.41 794.41 1304.7 1673.94
ynao_sd_19720512_0045_hong 47 29 18 11 0 1579.94 2517.4 360.22 610.45 1219.72 1906.95
ynao_sd_19720513_0140_hong 49 27 22 14 0 1445.32 2804.62 355.02 623.38 1090.3 2181.24
ynao_sd_19720514_0145_hong 60 29 31 15 0 1770.04 3639.23 441.85 861.0 1328.19 2778.23
ynao_sd_19720515_0020_li 66 31 35 7 0 1736.53 3322.56 414.25 656.65 1322.28 2665.91
ynao_sd_19720516_0110_hong 59 23 36 11 0 3288.2 4829.33 664.42 941.65 2623.78 3887.68
ynao_sd_19720517_0830_hong 78 45 33 14 0 2886.24 3651.83 839.19 1045.02 2047.05 2606.81
ynao_sd_19720518_0035_hong 84 52 32 9 0 3340.75 3990.15 804.36 935.7 2536.39 3054.45
ynao_sd_19720520_0600_li 60 32 28 9 0 2676.76 2823.12 565.6 598.26 2111.16 2224.86
ynao_sd_19720521_0105_li 55 28 27 7 0 2662.1 2880.76 507.8 591.93 2154.3 2288.83
ynao_sd_19720522_0002_li 35 19 16 6 0 2128.63 2385.4 366.78 410.17 1761.85 1975.23
ynao_sd_19720523_0050_hong 52 35 17 7 0 1831.3 2365.3 480.82 623.41 1350.48 1741.89
ynao_sd_19720524_0020_hong 24 13 11 3 0 1406.23 2353.84 324.22 535.39 1082.01 1818.45
ynao_sd_19720525_0030_hong 34 16 18 5 0 1484.23 3713.15 350.03 795.95 1134.2 2917.2
ynao_sd_19720526_0035_hong 38 18 20 6 0 1426.46 3412.6 349.7 809.14 1076.76 2603.46
ynao_sd_19720527_0230_hong 35 26 9 5 0 971.58 1836.71 262.67 520.21 708.91 1316.5
ynao_sd_19720528_0145_li 38 30 8 4 0 839.15 1042.63 270.47 354.54 568.68 688.09
ynao_sd_19720529_0020_li 38 28 10 5 0 906.22 1005.55 203.14 240.57 703.08 764.98
ynao_sd_19720531_0740_hong 51 31 20 8 0 1371.97 1969.27 322.25 455.78 1049.72 1513.49
ynao_sd_19720601_0300_hong 50 32 18 9 0 1593.73 2145.95 427.28 553.38 1166.45 1592.57
ynao_sd_19720602_0630_li 31 22 9 6 0 1288.25 1620.3 266.47 326.06 1021.78 1294.24
ynao_sd_19720603_0550_li 37 25 12 7 0 1581.4 1964.23 318.67 408.95 1262.73 1555.28
ynao_sd_19720604_0210_li 62 51 11 6 0 1576.18 1964.55 446.88 531.51 1129.3 1433.04
ynao_sd_19720605_0010_li 68 54 14 9 0 1797.81 2207.75 553.83 636.99 1243.98 1570.76
ynao_sd_19720606_0030_hong 120 76 44 14 0 3006.64 3369.98 859.9 1032.8 2146.74 2337.18
ynao_sd_19720607_0240_hong 82 53 29 14 0 3361.29 3929.11 641.97 727.06 2719.32 3202.05
ynao_sd_19720608_0240_hong 60 35 25 13 0 2601.13 3313.9 575.26 692.6 2025.87 2621.3
ynao_sd_19720609_0430_li 38 18 20 5 0 2045.98 2731.79 338.36 451.66 1707.62 2280.13
ynao_sd_19720610_0105_hong 37 21 16 6 0 2432.68 3690.59 423.77 641.53 2008.91 3049.06
ynao_sd_19720611_0010_li 30 16 14 6 0 1069.03 2687.78 175.97 439.16 893.06 2248.62
ynao_sd_19720612_0805_hong 22 15 7 6 0 717.46 1851.79 174.88 396.14 542.58 1455.65
ynao_sd_19720613_0130_hong 44 32 12 8 0 841.34 1284.57 331.16 492.24 510.18 792.33
ynao_sd_19720614_0115_hong 42 32 10 6 0 2179.21 2721.49 295.63 361.08 1883.58 2360.41
ynao_sd_19720615_0620_li 42 33 9 3 0 1066.6 1517.61 277.68 365.42 788.92 1152.19
ynao_sd_19720617_0330_hong 71 58 13 6 0 1784.04 2603.69 631.27 1018.59 1152.77 1585.1
ynao_sd_19720619_1025_li 48 38 10 6 0 1816.73 2066.99 418.23 484.01 1398.5 1582.98
ynao_sd_19720620_0340_hong 58 46 12 6 0 2123.69 2361.97 697.93 777.28 1425.76 1584.69
ynao_sd_19720621_0050_hong 57 48 9 8 0 2083.77 2731.93 656.07 907.57 1427.7 1824.36
ynao_sd_19720622_0130_hong 55 34 21 8 0 2140.44 2674.56 603.41 789.11 1537.03 1885.45
ynao_sd_19720623_0030_hong 50 25 25 8 0 2032.26 2570.95 520.04 653.64 1512.22 1917.31
ynao_sd_19720624_0040_li 35 20 15 7 0 1476.41 1801.33 347.79 420.13 1128.62 1381.2
ynao_sd_19720625_0120_li 28 12 16 6 0 1238.86 1725.68 249.47 355.32 989.39 1370.36
ynao_sd_19720626_0120_hong 26 22 4 4 0 764.1 1426.58 294.06 464.16 470.04 962.42
ynao_sd_19720627_0140_hong 33 28 5 5 0 559.11 1645.26 279.66 641.02 279.45 1004.24
ynao_sd_19720629_0125_hong 42 27 15 7 0 902.63 1196.45 361.51 481.09 541.12 715.36
ynao_sd_19720630_0320_hong 54 35 19 9 0 1179.39 1578.04 469.15 714.36 710.24 863.68
ynao_sd_19720701_0110_hong 41 25 16 8 0 976.91 1188.39 358.74 476.19 618.17 712.2
ynao_sd_19720702_0200_li 30 23 7 5 0 762.6 1084.9 226.43 303.88 536.17 781.02
ynao_sd_19720703_0002_li 32 24 8 4 0 772.8 1097.6 226.77 299.48 546.03 798.12
ynao_sd_19720704_0630_hong 57 40 17 7 0 1285.28 1947.49 518.78 824.44 766.5 1123.05
ynao_sd_19720705_0030_hong 80 66 14 9 0 1436.08 2179.34 575.66 842.94 860.42 1336.4
ynao_sd_19720706_0035_hong 67 51 16 10 0 1559.83 2110.87 611.47 842.97 948.36 1267.9
ynao_sd_19720707_0220_hong 56 43 13 8 0 1371.83 1745.34 461.13 593.72 910.7 1151.62
ynao_sd_19720708_0115_hong 49 33 16 9 0 1227.32 1706.66 374.26 556.91 853.06 1149.75
ynao_sd_19720709_0040_li 30 21 9 4 0 753.29 872.54 201.71 264.72 551.58 607.82
ynao_sd_19720710_0045_hong 30 24 6 4 0 786.41 923.45 270.11 312.92 516.3 610.53
ynao_sd_19720711_0050_hong 43 32 11 5 0 754.48 928.11 283.92 339.86 470.56 588.25
ynao_sd_19720712_0415_hong 41 32 9 6 0 736.18 1462.39 314.98 672.48 421.2 789.91
ynao_sd_19720713_0105_hong 46 40 6 5 0 702.94 1405.29 337.92 592.15 365.02 813.14
ynao_sd_19720714_0235_hong 21 11 10 7 0 1280.07 3791.64 260.53 665.23 1019.54 3126.41
ynao_sd_19720716_0330_hong 11 6 5 2 0 1005.42 1364.75 259.55 368.0 745.87 996.75
ynao_sd_19720717_0130_hong 33 21 12 3 0 1064.17 1259.35 310.8 401.55 753.37 857.8
ynao_sd_19720718_0045_guo 31 22 9 2 0 1102.62 1212.57 291.92 354.52 810.7 858.05
ynao_sd_19720719_0055_guo 34 24 10 4 0 916.36 1009.73 322.7 393.25 593.66 616.48
ynao_sd_19720721_0845_guo 37 26 11 4 0 757.94 1116.61 229.57 353.67 528.37 762.94
ynao_sd_19720722_0056_guo 45 38 7 5 0 530.07 868.12 256.51 394.2 273.56 473.92
ynao_sd_19720723_0220_guo 16 11 5 4 0 388.33 698.83 176.09 302.63 212.24 396.2
ynao_sd_19720724_0210_hong 17 9 8 4 0 328.31 969.31 133.87 449.08 194.44 520.23
ynao_sd_19720729_0020_li 38 29 9 3 0 949.97 1117.89 297.46 357.32 652.51 760.57
ynao_sd_19720731_0330_hong 63 39 24 7 0 2190.22 3747.05 649.9 1049.87 1540.32 2697.18
ynao_sd_19720801_0035_hong 72 50 22 6 0 2632.15 3958.62 719.82 1007.22 1912.33 2951.4
ynao_sd_19720802_0350_hong 46 35 11 4 0 2506.25 3179.04 786.86 990.05 1719.39 2188.99
ynao_sd_19720803_0015_hong 77 56 21 3 0 2804.26 3215.86 839.38 971.17 1964.88 2244.69
ynao_sd_19720804_0020_hong 65 42 23 3 0 2927.26 3186.88 806.48 913.28 2120.78 2273.6
ynao_sd_19720805_0400_hong 76 51 25 4 0 2861.88 3110.68 780.67 884.54 2081.21 2226.14
ynao_sd_19720806_0550_li 56 36 20 2 0 2575.6 2802.74 468.56 528.48 2107.04 2274.26
ynao_sd_19720807_0030_hong 50 21 29 6 0 2354.29 2727.55 624.56 727.08 1729.73 2000.47
ynao_sd_19720808_0030_hong 41 22 19 4 0 1641.63 2261.67 434.82 601.31 1206.81 1660.36
ynao_sd_19720809_0025_hong 41 26 15 4 0 1350.31 2636.48 422.99 909.41 927.32 1727.07
ynao_sd_19720810_0140_hong 23 13 10 2 0 844.56 2320.95 236.84 621.2 607.72 1699.75
ynao_sd_19720811_0135_hong 16 5 11 4 0 547.52 1585.65 140.47 391.42 407.05 1194.23
ynao_sd_19720812_0015_hong 20 13 7 3 0 421.77 981.87 145.83 319.04 275.94 662.83
ynao_sd_19720813_0640_li 19 17 2 1 0 141.14 368.24 93.53 169.51 47.61 198.73
ynao_sd_19720814_0020_li 7 6 1 1 0 60.94 178.55 43.71 93.74 17.23 84.81
ynao_sd_19720815_0015_hong 18 16 2 1 0 172.52 453.06 136.95 355.08 35.57 97.98
ynao_sd_19720816_0640_hong 26 23 3 3 0 321.0 514.02 177.77 228.27 143.23 285.75
ynao_sd_19720817_0440_hong 45 41 4 3 0 438.51 577.95 251.07 315.63 187.44 262.32
ynao_sd_19720818_0020_hong 50 44 6 3 0 678.91 896.09 299.04 394.79 379.87 501.3
ynao_sd_19720819_0030_hong 46 33 13 4 0 777.8 1162.87 287.11 427.74 490.69 735.13
ynao_sd_19720820_0050_li 16 13 3 2 0 288.68 525.29 95.82 177.85 192.86 347.44
ynao_sd_19720821_0610_li 38 36 2 2 0 328.91 502.97 194.95 252.15 133.96 250.82
ynao_sd_19720822_0420_li 36 28 8 6 0 584.62 1009.49 215.12 306.42 369.5 703.07
ynao_sd_19720823_0410_li 40 26 14 6 0 727.88 1045.03 217.23 314.12 510.65 730.91
ynao_sd_19720824_0120_hong 50 36 14 7 0 1114.31 1736.62 359.49 573.18 754.82 1163.44
ynao_sd_19720825_0030_hong 48 32 16 6 0 1191.34 1708.89 356.25 505.31 835.09 1203.58
ynao_sd_19720826_0030_hong 56 40 16 6 0 1378.17 1747.99 428.02 520.8 950.15 1227.19
ynao_sd_19720827_0005_li 27 13 14 5 0 902.58 1092.05 199.88 240.15 702.7 851.9
ynao_sd_19720828_0020_li 41 27 14 8 0 923.35 1379.38 265.76 504.92 657.59 874.46
ynao_sd_19720829_0230_hong 88 65 23 14 0 2817.85 6759.5 733.37 1196.37 2084.48 5563.13
ynao_sd_19720830_0500_li 70 54 16 8 0 1055.14 1662.75 446.18 673.79 608.96 988.96
ynao_sd_19720831_0150_hong 88 63 25 11 0 1345.86 2038.54 533.98 823.66 811.88 1214.88
ynao_sd_19720901_0030_hong 88 77 11 9 0 1041.58 1813.65 547.56 786.75 494.02 1026.9
ynao_sd_19720904_0330_hong 50 41 9 3 0 729.65 1141.47 302.91 394.12 426.74 747.35
ynao_sd_19720905_0730_hong 60 55 5 3 0 638.07 1331.88 371.67 662.92 266.4 668.96
ynao_sd_19720906_0130_hong 29 26 3 2 0 840.51 2767.93 181.96 294.67 658.55 2473.26
ynao_sd_19720907_0350_hong 30 23 7 3 0 511.37 703.81 190.24 272.27 321.13 431.54
ynao_sd_19720908_0310_hong 32 24 8 5 0 441.91 689.76 183.21 269.3 258.7 420.46
ynao_sd_19720909_0040_hong 42 36 6 3 0 539.02 1081.3 263.28 567.14 275.74 514.16
ynao_sd_19720910_0030_li 24 23 1 1 0 339.02 528.1 166.65 348.44 172.37 179.66
ynao_sd_19720911_0220_hong 29 22 7 4 0 518.25 787.99 214.9 347.45 303.35 440.54
ynao_sd_19720912_0230_hong 27 20 7 4 0 530.27 726.5 186.06 295.53 344.21 430.97
ynao_sd_19720913_0405_hong 31 21 10 5 0 453.81 568.63 171.03 212.8 282.78 355.83
ynao_sd_19720914_0100_hong 21 14 7 4 0 435.68 563.75 157.38 216.44 278.3 347.31
ynao_sd_19720915_0500_hong 37 30 7 4 0 487.15 664.9 236.51 338.64 250.64 326.26
ynao_sd_19720916_0640_hong 39 34 5 4 0 466.25 667.4 231.81 284.95 234.44 382.45
ynao_sd_19720918_0600_hong 25 22 3 2 0 259.64 410.77 154.13 211.89 105.51 198.88
ynao_sd_19720919_0140_hong 14 13 1 2 0 232.09 371.53 94.37 146.01 137.72 225.52
ynao_sd_19720920_0400_hong 30 24 6 4 0 425.33 860.18 201.1 421.66 224.23 438.52
ynao_sd_19720921_0005_hong 46 40 6 3 0 598.26 1233.69 299.11 603.31 299.15 630.38
ynao_sd_19720922_0040_hong 43 31 12 5 0 833.14 1473.66 280.77 536.7 552.37 936.96
ynao_sd_19720923_0050_hong 51 23 28 9 0 1612.94 2434.98 434.2 629.82 1178.74 1805.16
ynao_sd_19720927_0400_hong 72 56 16 9 0 1041.5 1241.54 423.53 516.19 617.97 725.35
ynao_sd_19720928_0120_hong 51 40 11 6 0 679.61 850.72 302.11 378.76 377.5 471.96
ynao_sd_19720929_0620_hong 34 24 10 6 0 574.08 1209.73 234.78 419.42 339.3 790.31
ynao_sd_19720930_0130_hong 49 26 23 10 0 750.12 1269.04 300.86 530.61 449.26 738.43
ynao_sd_19721001_0020_hong 43 25 18 7 0 1012.23 1364.45 341.36 538.52 670.87 825.93
ynao_sd_19721002_0040_hong 36 20 16 9 0 917.46 1216.9 333.44 473.42 584.02 743.48
ynao_sd_19721003_0040_li 26 20 6 5 0 587.82 741.48 254.6 346.06 333.22 395.42
ynao_sd_19721004_0050_li 27 23 4 4 0 428.95 492.54 141.0 166.41 287.95 326.13
ynao_sd_19721005_0050_hong 26 21 5 3 0 424.89 482.3 191.53 228.1 233.36 254.2
ynao_sd_19721006_0050_hong 39 37 2 2 0 441.54 493.8 273.12 317.54 168.42 176.26
ynao_sd_19721007_0120_hong 37 36 1 1 0 388.67 468.08 235.05 303.41 153.62 164.67
ynao_sd_19721008_0110_hong 21 19 2 1 0 283.15 353.92 135.61 181.54 147.54 172.38
ynao_sd_19721009_0620_li 5 5 0 0 0 57.24 78.99 57.24 78.99 0 0
ynao_sd_19721012_0620_hong 7 7 0 0 0 87.87 244.28 87.87 244.28 0 0
ynao_sd_19721013_0240_hong 6 6 0 0 0 40.7 134.21 40.7 134.21 0 0
ynao_sd_19721014_0020_hong 9 9 0 0 0 36.82 38.36 36.82 38.36 0 0
ynao_sd_19721015_0725_li 3 3 0 0 0 20.39 60.76 20.39 60.76 0 0
ynao_sd_19721017_0120_hong 28 21 7 5 0 635.07 1619.23 218.08 542.57 416.99 1076.66
ynao_sd_19721018_0020_lik 27 23 4 3 0 571.9 989.18 189.9 332.12 382.0 657.06
ynao_sd_19721019_0040_hong 43 33 10 3 0 967.64 1347.22 324.73 450.99 642.91 896.23
ynao_sd_19721020_0030_hong 45 28 17 7 0 1370.71 1640.36 410.9 532.56 959.81 1107.8
ynao_sd_19721021_0040_hong 42 27 15 7 0 1518.52 1903.3 424.33 522.2 1094.19 1381.1
ynao_sd_19721022_0505_hong 50 33 17 9 0 1860.78 2223.93 523.91 648.23 1336.87 1575.7
ynao_sd_19721023_0045_lik 42 30 12 9 0 2459.28 3808.69 477.5 710.55 1981.78 3098.14
ynao_sd_19721023_0305_lik 40 13 27 6 0 4280.89 5851.31 619.37 845.33 3661.52 5005.98
ynao_sd_19721024_0105_hong 50 33 17 8 0 2665.68 6453.88 581.91 1111.54 2083.77 5342.34
ynao_sd_19721025_0140_lik 36 14 22 7 0 3385.28 6760.73 573.13 1028.38 2812.15 5732.35
ynao_sd_19721028_0315_lik 61 17 44 7 0 3416.53 4334.69 813.03 1036.5 2603.5 3298.19
ynao_sd_19721029_0220_lik 77 30 47 8 0 3715.19 3958.61 834.59 908.3 2880.6 3050.31
ynao_sd_19721030_0050_hong 106 53 53 7 0 3871.64 4060.78 910.83 971.1 2960.81 3089.68
ynao_sd_19721031_0040_hong 110 52 58 10 1 3734.26 4035.17 1002.28 1104.52 2731.98 2930.65
ynao_sd_19721101_0040_hong 75 39 36 6 0 2819.43 3332.83 718.18 873.58 2101.25 2459.25
ynao_sd_19721102_0040_hong 63 27 36 6 0 1483.58 2083.91 582.61 805.04 900.97 1278.87
ynao_sd_19721103_0030_hong 59 33 26 5 1 1506.86 2651.6 427.63 702.8 1079.23 1948.8
ynao_sd_19721104_0045_hong 23 13 10 4 0 705.71 1765.65 182.33 401.0 523.38 1364.65
ynao_sd_19721109_0435_lik 4 4 0 0 0 24.36 45.43 24.36 45.43 0 0
ynao_sd_19721110_0515_lik 7 7 0 0 0 36.74 46.41 36.74 46.41 0 0
ynao_sd_19721111_0310_lik 9 4 5 2 0 283.97 440.39 113.37 173.42 170.6 266.97
ynao_sd_19721112_0115_lik 10 8 2 2 0 260.6 558.59 177.94 370.87 82.66 187.72
ynao_sd_19721113_0030_hong 13 6 7 3 0 346.48 935.43 97.71 287.01 248.77 648.42
ynao_sd_19721114_0020_hong 8 4 4 2 0 390.25 693.58 80.88 134.29 309.37 559.29
ynao_sd_19721115_0040_hong 12 7 5 1 0 457.26 700.59 120.32 226.95 336.94 473.64
ynao_sd_19721117_0130_hong 16 12 4 2 0 541.82 609.54 134.74 171.57 407.08 437.97
ynao_sd_19721118_0930_lik 7 5 2 2 0 394.13 436.92 91.96 123.43 302.17 313.49
ynao_sd_19721119_0130_hong 36 32 4 2 0 550.39 687.88 207.91 292.71 342.48 395.17
ynao_sd_19721122_0045_lik 29 24 5 5 0 744.43 1132.47 278.88 383.07 465.55 749.4
ynao_sd_19721123_0025_lik 30 20 10 5 0 631.85 1047.18 220.93 345.95 410.92 701.23
ynao_sd_19721124_0030_lik 34 21 13 7 0 1320.76 1921.89 254.12 391.7 1066.64 1530.19
ynao_sd_19721125_0050_lik 18 11 7 5 0 894.91 1209.37 204.8 276.81 690.11 932.56
ynao_sd_19721126_0100_lik 20 13 7 5 0 728.22 1073.63 188.76 277.04 539.46 796.59
ynao_sd_19721127_0730_hong 30 22 8 6 0 686.68 1201.24 269.11 426.76 417.57 774.48
ynao_sd_19721201_0630_hong 20 8 12 4 0 442.62 613.95 131.34 231.3 311.28 382.65
ynao_sd_19721202_0230_hong 21 13 8 3 0 343.86 509.85 126.17 193.09 217.69 316.76
ynao_sd_19721203_0350_hong 17 11 6 2 0 220.07 411.0 99.68 159.19 120.39 251.81
ynao_sd_19721204_0505_lik 10 10 0 0 0 70.12 132.9 70.12 132.9 0 0
ynao_sd_19721205_0040_lik 7 7 0 0 0 37.63 54.31 37.63 54.31 0 0
ynao_sd_19721206_0115_lik 13 13 0 0 0 66.5 156.6 66.5 156.6 0 0
ynao_sd_19721207_0045_lik 18 18 0 0 0 113.61 228.13 113.61 228.13 0 0
ynao_sd_19721208_0120_lik 19 13 6 4 0 925.91 1211.26 171.68 268.83 754.23 942.43
ynao_sd_19721209_0038_lik 28 16 12 2 0 796.41 1051.49 185.31 238.13 611.1 813.36
ynao_sd_19721210_0035_lik 30 19 11 6 0 754.95 854.92 247.99 283.84 506.96 571.08
ynao_sd_19721211_0050_hong 58 38 20 9 0 922.36 963.09 321.0 337.7 601.36 625.39
ynao_sd_19721214_0650_hong 65 40 25 9 0 1574.48 1788.7 455.32 519.68 1119.16 1269.02
ynao_sd_19721215_0210_hong 59 48 11 5 0 1546.44 1804.34 479.59 551.25 1066.85 1253.09
ynao_sd_19721216_0040_hong 58 45 13 7 0 1400.01 1795.38 465.5 611.74 934.51 1183.64
ynao_sd_19721217_0050_lik 50 35 15 8 0 1077.75 1387.01 379.99 523.66 697.76 863.35
ynao_sd_19721218_0035_lik 26 23 3 3 0 689.09 905.35 262.21 356.56 426.88 548.79
ynao_sd_19721219_0455_lik 22 10 12 4 0 638.77 931.63 199.63 272.2 439.14 659.43
ynao_sd_19721220_0140_lik 22 16 6 4 0 869.22 1233.67 225.58 339.31 643.64 894.36
ynao_sd_19721221_0040_lik 42 38 4 6 0 1798.56 2374.48 321.74 442.28 1476.82 1932.2
ynao_sd_19721222_0110_lik 38 29 9 5 0 1131.89 1301.71 344.71 433.23 787.18 868.48
ynao_sd_19721223_0115_lik 33 19 14 7 0 1225.72 1301.6 249.78 273.18 975.94 1028.42
ynao_sd_19721224_0215_li 31 17 14 6 0 651.71 715.26 165.89 179.93 485.82 535.33
ynao_sd_19721225_0110_hong 48 25 23 9 0 787.26 918.52 289.41 342.55 497.85 575.97
ynao_sd_19721226_0105_hong 31 25 6 5 0 713.44 909.27 230.1 291.37 483.34 617.9
ynao_sd_19721227_0100_hong 24 17 7 3 0 544.89 835.06 172.18 280.6 372.71 554.46
ynao_sd_19721228_0105_hong 25 14 11 4 0 532.57 1058.97 181.38 347.8 351.19 711.17
ynao_sd_19721229_0705_hong 19 15 4 2 0 196.61 532.13 107.18 241.65 89.43 290.48
ynao_sd_19721230_0100_hong 14 11 3 2 0 189.39 461.02 95.35 159.21 94.04 301.81
ynao_sd_19721231_0100_li 13 10 3 1 0 229.46 645.14 104.43 300.22 125.03 344.92
