ynao_sd_19730101_0110_lik 13 8 5 3 0 452.91 868.28 113.63 231.86 339.28 636.42
ynao_sd_19730103_0450_lik 43 37 6 2 0 844.4 1102.8 332.0 451.21 512.4 651.59
ynao_sd_19730104_0115_lik 45 34 11 4 0 946.76 1129.34 373.15 484.13 573.61 645.21
ynao_sd_19730105_0715_lik 44 26 18 9 0 1627.47 2106.39 371.48 422.82 1255.99 1683.57
ynao_sd_19730108_0315_lik 43 32 11 7 0 1796.44 3213.08 370.2 528.43 1426.24 2684.65
ynao_sd_19730109_0100_hong 53 31 22 8 0 1124.38 1478.12 343.82 450.21 780.56 1027.91
ynao_sd_19730110_0105_hong 47 37 10 7 0 781.83 1289.5 331.39 533.74 450.44 755.76
ynao_sd_19730111_0730_hong 23 17 6 4 0 395.88 996.35 172.3 294.64 223.58 701.71
ynao_sd_19730112_0120_hong 38 35 3 2 0 288.89 488.72 203.61 331.4 85.28 157.32
ynao_sd_19730113_0100_lik 16 15 1 1 0 110.75 284.45 93.62 236.57 17.13 47.88
ynao_sd_19730114_0130_hong 10 9 1 1 0 201.39 743.72 72.71 247.09 128.68 496.63
ynao_sd_19730115_0240_lik 12 8 4 1 0 274.95 540.22 79.93 145.29 195.02 394.93
ynao_sd_19730117_0120_lik 12 10 2 1 0 400.91 525.6 126.39 187.27 274.52 338.33
ynao_sd_19730118_0450_lik 23 20 3 2 0 483.98 536.44 197.31 223.81 286.67 312.63
ynao_sd_19730119_0135_lik 27 23 4 2 0 2005.61 2091.53 218.27 278.31 1787.34 1813.22
ynao_sd_19730120_0035_lik 31 29 2 1 0 517.78 711.17 284.34 468.48 233.44 242.69
ynao_sd_19730121_0105_lik 33 29 4 3 0 1501.27 2329.6 254.13 342.31 1247.14 1987.29
ynao_sd_19730122_0105_hong 36 31 5 2 0 547.12 680.14 289.62 366.44 257.5 313.7
ynao_sd_19730123_0110_hong 42 38 4 2 0 452.44 634.16 260.58 365.63 191.86 268.53
ynao_sd_19730124_0110_hong 36 31 5 4 0 401.38 605.39 239.09 343.43 162.29 261.96
ynao_sd_19730125_0110_hong 36 32 4 3 0 290.94 523.28 168.27 216.26 122.67 307.02
ynao_sd_19730126_0105_hong 25 25 0 0 0 148.41 194.29 148.41 194.29 0 0
ynao_sd_19730127_0110_hong 21 21 0 0 0 106.42 116.4 106.42 116.4 0 0
ynao_sd_19730128_0105_hong 20 20 0 0 0 108.47 127.5 108.47 127.5 0 0
ynao_sd_19730129_0110_hong 12 12 0 0 0 54.85 93.77 54.85 93.77 0 0
ynao_sd_19730130_0105_lik 13 12 1 0 0 63.69 125.63 67.96 130.38 4.27 4.75
ynao_sd_19730131_0100_lik 8 2 6 2 0 1292.93 1470.42 50.33 92.61 1242.6 1377.81
ynao_sd_19730201_0040_lik 6 6 0 0 0 31.33 34.62 31.33 34.62 0 0
ynao_sd_19730202_0510_lik 10 10 0 0 0 85.83 141.8 85.83 141.8 0 0
ynao_sd_19730203_0145_lik 13 11 2 1 0 173.07 301.4 76.31 145.74 96.76 155.66
ynao_sd_19730204_0045_li 18 16 2 2 0 203.6 285.31 92.91 144.02 110.69 141.29
ynao_sd_19730205_0100_li 16 14 2 2 0 152.37 183.16 78.82 101.36 73.55 81.8
ynao_sd_19730206_0110_hong 29 24 5 3 0 374.42 907.32 173.21 298.46 201.21 608.86
ynao_sd_19730207_0120_lik 15 11 4 2 0 439.15 823.81 134.64 232.34 304.51 591.47
ynao_sd_19730208_0110_hong 15 9 6 2 0 432.87 633.58 149.51 216.67 283.36 416.91
ynao_sd_19730209_0100_hong 39 32 7 4 0 722.57 987.95 285.2 457.04 437.37 530.91
ynao_sd_19730210_0105_hong 32 23 9 5 0 806.39 1114.71 260.57 415.01 545.82 699.7
ynao_sd_19730211_0105_hong 41 29 12 7 0 991.27 1434.23 312.79 508.13 678.48 926.1
ynao_sd_19730212_0050_lik 32 23 9 5 0 1260.22 1561.69 239.09 301.39 1021.13 1260.3
ynao_sd_19730213_0130_lik 48 39 9 6 0 2800.11 3187.1 419.18 607.54 2380.93 2579.56
ynao_sd_19730215_0225_lik 48 30 18 6 0 1451.22 1952.23 423.25 645.59 1027.97 1306.64
ynao_sd_19730216_0105_lik 36 29 7 3 0 711.55 930.94 273.72 440.5 437.83 490.44
ynao_sd_19730217_0025_lik 27 18 9 4 0 1743.13 3378.51 196.47 277.86 1546.66 3100.65
ynao_sd_19730219_0055_gu 18 14 4 2 0 456.75 541.33 162.65 198.25 294.1 343.08
ynao_sd_19730220_0050_hong 24 20 4 2 0 390.07 526.04 158.19 203.31 231.88 322.73
ynao_sd_19730221_0055_hong 23 21 2 3 0 436.04 665.5 222.89 317.37 213.15 348.13
ynao_sd_19730222_0100_hong 22 19 3 2 0 291.16 600.28 128.66 220.34 162.5 379.94
ynao_sd_19730223_0050_hong 15 10 5 3 0 244.11 837.99 90.35 242.47 153.76 595.52
ynao_sd_19730224_0050_hong 36 33 3 2 0 458.32 1141.99 227.01 536.05 231.31 605.94
ynao_sd_19730225_0055_lik 28 22 6 4 0 1228.19 2074.02 226.03 421.59 1002.16 1652.43
ynao_sd_19730226_0040_lik 28 23 5 3 0 705.14 1006.04 286.94 431.61 418.2 574.43
ynao_sd_19730227_0110_lik 35 30 5 2 0 874.15 1065.24 275.04 372.25 599.11 692.99
ynao_sd_19730228_0315_lik 26 19 7 3 0 1003.53 1128.87 338.66 426.5 664.87 702.37
ynao_sd_19730301_0050_hong 54 46 8 3 0 1131.69 1222.1 478.75 546.66 652.94 675.44
ynao_sd_19730302_0040_lik 47 45 2 2 0 949.46 1160.12 360.52 518.61 588.94 641.51
ynao_sd_19730303_0045_lik 27 20 7 4 0 2931.02 4453.18 260.39 383.99 2670.63 4069.19
ynao_sd_19730304_0025_lik 24 21 3 1 0 687.34 905.92 279.66 375.52 407.68 530.4
ynao_sd_19730305_0140_hong 21 18 3 3 0 680.48 1257.73 189.01 362.0 491.47 895.73
ynao_sd_19730306_0050_hong 33 26 7 2 0 598.74 1294.48 250.45 542.93 348.29 751.55
ynao_sd_19730307_0105_hong 37 31 6 3 0 546.12 1167.67 244.17 464.66 301.95 703.01
ynao_sd_19730309_0150_hong 45 26 19 7 0 917.6 1475.17 310.17 489.32 607.43 985.85
ynao_sd_19730310_0110_hong 64 41 23 7 0 1484.94 2047.69 481.77 676.61 1003.17 1371.08
ynao_sd_19730311_0120_hong 85 67 18 6 0 1662.12 1959.43 688.65 806.23 973.47 1153.2
ynao_sd_19730312_0050_lik 45 31 14 11 0 1713.09 1901.35 426.69 479.15 1286.4 1422.2
ynao_sd_19730313_0050_lik 61 36 25 10 0 2475.87 2836.38 491.47 549.02 1984.4 2287.36
ynao_sd_19730314_0100_lik 71 53 18 8 0 1442.44 1607.44 478.61 566.92 963.83 1040.52
ynao_sd_19730315_0150_hong 80 57 23 9 0 1504.62 2072.88 523.94 732.04 980.68 1340.84
ynao_sd_19730316_0315_lik 44 33 11 8 0 1057.13 1210.61 318.86 358.23 738.27 852.38
ynao_sd_19730317_0215_lik 40 32 8 6 0 706.18 973.0 262.78 378.51 443.4 594.49
ynao_sd_19730318_0050_hong 39 28 11 10 0 964.23 1506.41 412.17 638.55 552.06 867.86
ynao_sd_19730319_0130_lik 28 17 11 2 1 1588.54 2668.13 246.02 687.75 1342.52 1980.38
ynao_sd_19730320_0030_hong 29 13 16 2 0 431.99 780.76 183.13 282.99 248.86 497.77
ynao_sd_19730321_0030_hong 21 18 3 3 0 469.98 559.63 121.69 172.99 348.29 386.64
ynao_sd_19730322_0030_hong 22 16 6 4 0 464.18 809.33 139.66 176.75 324.52 632.58
ynao_sd_19730323_0040_hong 33 27 6 4 0 664.97 1120.25 270.75 446.49 394.22 673.76
ynao_sd_19730324_0035_hon 19 14 5 2 0 682.29 1022.48 218.05 344.98 464.24 677.5
ynao_sd_19730325_0220_hong 22 16 6 3 0 799.24 1083.41 251.94 352.36 547.3 731.05
ynao_sd_19730326_0105_lik 26 23 3 3 0 658.71 826.45 239.57 302.93 419.14 523.52
ynao_sd_19730327_0040_hong 23 19 4 3 0 745.77 1389.89 277.4 516.64 468.37 873.25
ynao_sd_19730328_0050_hong 22 11 11 4 0 1106.56 1887.23 330.72 541.03 775.84 1346.2
ynao_sd_19730329_0100_hong 52 34 18 5 0 1328.6 1864.65 397.35 574.14 931.25 1290.51
ynao_sd_19730330_0040_hong 45 23 22 10 0 1703.22 2399.84 439.25 546.57 1263.97 1853.27
ynao_sd_19730331_0040_hong 58 36 22 8 0 1994.49 2708.99 575.73 871.78 1418.76 1837.21
ynao_sd_19730401_0045_hong 74 47 27 13 0 2139.27 2839.82 578.73 794.47 1560.54 2045.35
ynao_sd_19730402_0200_lik 59 35 24 9 0 1753.39 2272.08 423.97 561.06 1329.42 1711.02
ynao_sd_19730403_0105_lik 58 34 24 12 1 3210.19 5264.98 536.75 790.69 2673.44 4474.29
ynao_sd_19730404_0345_lik 69 37 32 14 0 3723.34 4306.12 498.2 632.28 3225.14 3673.84
ynao_sd_19730405_0250_hong 82 58 24 8 0 1947.7 2447.01 650.64 820.07 1297.06 1626.94
ynao_sd_19730406_0050_lik 46 25 21 10 0 1868.13 2681.71 327.09 470.73 1541.04 2210.98
ynao_sd_19730407_0040_lik 34 23 11 6 0 1453.74 2117.43 322.13 578.52 1131.61 1538.91
ynao_sd_19730408_0045_lik 60 51 9 6 0 771.15 1441.0 369.43 582.52 401.72 858.48
ynao_sd_19730409_0110_hong 74 50 24 7 0 1561.93 1785.33 508.97 576.93 1052.96 1208.4
ynao_sd_19730410_0240_lik 70 54 16 6 0 973.62 1061.76 445.65 522.49 527.97 539.27
ynao_sd_19730411_0110_hong 90 74 16 6 0 1074.79 1195.25 608.63 668.22 466.16 527.03
ynao_sd_19730412_0100_hong 63 51 12 6 0 713.12 778.35 356.56 401.62 356.56 376.73
ynao_sd_19730413_0050_hong 56 44 12 6 0 719.08 890.39 372.29 502.92 346.79 387.47
ynao_sd_19730414_0030_hong 42 34 8 6 0 576.44 777.54 235.76 337.47 340.68 440.07
ynao_sd_19730415_0040_hong 31 28 3 2 0 293.77 466.95 233.22 367.87 60.55 99.08
ynao_sd_19730416_0105_lik 26 18 8 1 0 373.3 856.82 143.28 313.39 230.02 543.43
ynao_sd_19730417_0120_hong 14 9 5 1 0 226.86 770.52 102.6 287.12 124.26 483.4
ynao_sd_19730418_0740_hong 8 6 2 1 0 103.17 451.98 63.76 179.74 39.41 272.24
ynao_sd_19730419_0350_hong 23 19 4 2 0 334.6 738.9 144.06 245.05 190.54 493.85
ynao_sd_19730420_0030_hong 36 26 10 5 0 657.07 980.38 261.0 363.07 396.07 617.31
ynao_sd_19730421_0110_hong 54 35 19 6 0 852.83 1138.51 335.31 450.68 517.52 687.83
ynao_sd_19730422_0040_hong 61 46 15 5 0 772.36 916.89 368.22 450.22 404.14 466.67
ynao_sd_19730423_0050_lik 46 32 14 7 0 746.13 1305.31 284.03 449.02 462.1 856.29
ynao_sd_19730424_0040_hong 54 32 22 10 0 1020.66 1394.4 335.78 445.59 684.88 948.81
ynao_sd_19730425_0050_hong 63 53 10 7 0 818.82 1095.92 372.04 502.35 446.78 593.57
ynao_sd_19730426_0150_hong 51 43 8 6 0 729.98 872.9 251.32 304.77 478.66 568.13
ynao_sd_19730427_0100_hong 48 39 9 6 0 749.3 833.96 259.86 303.29 489.44 530.67
ynao_sd_19730428_0100_hong 54 38 16 4 0 1232.81 1557.66 348.78 448.89 884.03 1108.77
ynao_sd_19730429_0105_hong 40 26 14 5 0 1193.34 2077.47 322.03 504.59 871.31 1572.88
ynao_sd_19730430_0040_hong 36 24 12 3 0 800.24 2066.56 234.99 488.09 565.25 1578.47
ynao_sd_19730501_0100_lik 8 8 0 0 0 56.5 83.05 56.5 83.05 0 0
ynao_sd_19730502_0230_lik 17 11 6 3 1 595.79 1513.64 115.41 258.69 480.38 1254.95
ynao_sd_19730503_0150_hong 29 17 12 7 0 922.38 1611.78 285.78 499.08 636.6 1112.7
ynao_sd_19730504_0030_hong 52 40 12 7 0 922.52 1437.54 344.59 652.3 577.93 785.24
ynao_sd_19730505_0130_hong 55 40 15 6 0 1090.22 1278.93 365.8 451.66 724.42 827.27
ynao_sd_19730506_0300_hong 65 48 17 6 0 1018.03 1114.06 333.46 398.51 684.57 715.55
ynao_sd_19730507_0710_hong 76 63 13 7 0 988.0 1009.09 393.13 405.01 594.87 604.08
ynao_sd_19730508_0110_hong 66 63 3 3 0 752.22 811.87 377.38 417.37 374.84 394.5
ynao_sd_19730509_0220_hong 33 28 5 4 0 575.8 658.89 188.89 214.49 386.91 444.4
ynao_sd_19730510_0330_lik 20 15 5 2 0 270.49 369.16 83.85 112.35 186.64 256.81
ynao_sd_19730511_0130_lik 7 4 3 2 0 177.54 333.05 42.05 94.05 135.49 239.0
ynao_sd_19730512_0040_hong 12 9 3 2 0 138.94 352.3 50.44 126.22 88.5 226.08
ynao_sd_19730513_0040_hong 6 6 0 0 0 38.4 122.58 38.4 122.58 0 0
ynao_sd_19730514_0405_lik 3 3 0 0 0 11.91 15.3 11.91 15.3 0 0
ynao_sd_19730515_0105_lik 8 8 0 0 0 41.38 90.34 41.38 90.34 0 0
ynao_sd_19730517_0030_lik 20 16 4 4 0 437.19 759.81 102.26 162.0 334.93 597.81
ynao_sd_19730518_0010_lik 25 19 6 2 0 462.54 670.17 139.67 205.85 322.87 464.32
ynao_sd_19730519_0040_lik 26 18 8 2 0 558.0 677.13 154.94 193.58 403.06 483.55
ynao_sd_19730520_0110_lik 31 24 7 2 0 763.16 825.05 188.21 204.44 574.95 620.61
ynao_sd_19730521_0230_hong 49 40 9 2 0 843.25 872.19 299.52 315.21 543.73 556.98
ynao_sd_19730522_0100_hong 42 35 7 2 0 761.25 805.01 285.62 317.51 475.63 487.5
ynao_sd_19730523_0230_hong 38 34 4 2 0 584.17 683.61 217.12 284.87 367.05 398.74
ynao_sd_19730524_0250_hong 31 27 4 2 0 468.22 580.86 144.88 181.14 323.34 399.72
ynao_sd_19730525_0300_hong 44 40 4 4 0 561.9 692.4 259.74 296.37 302.16 396.03
ynao_sd_19730526_0140_hong 33 27 6 3 0 591.57 779.17 222.6 280.82 368.97 498.35
ynao_sd_19730527_0550_hong 30 23 7 3 0 493.62 680.54 172.08 218.02 321.54 462.52
ynao_sd_19730528_0315_hong 20 16 4 2 0 312.92 401.09 105.52 134.08 207.4 267.01
ynao_sd_19730529_0315_lik 24 23 1 1 0 304.4 488.87 141.78 219.56 162.62 269.31
ynao_sd_19730530_0155_lik 24 21 3 2 0 284.02 462.74 141.54 202.69 142.48 260.05
ynao_sd_19730531_0005_lik 13 12 1 1 0 146.6 207.84 74.73 100.97 71.87 106.87
ynao_sd_19730601_0115_lik 16 15 1 1 0 131.67 266.91 85.62 173.94 46.05 92.97
ynao_sd_19730602_0200_lik 17 17 0 0 0 77.92 165.72 77.92 165.72 0 0
ynao_sd_19730603_0045_lik 13 13 0 0 0 80.83 136.09 80.83 136.09 0 0
ynao_sd_19730604_0205_hong 16 16 0 0 0 91.07 168.77 91.07 168.77 0 0
ynao_sd_19730605_0305_hong 12 12 0 0 0 66.5 128.23 66.5 128.23 0 0
ynao_sd_19730606_0300_hong 10 10 0 0 0 47.15 86.55 47.15 86.55 0 0
ynao_sd_19730607_0535_lik 21 19 2 1 0 280.28 872.53 150.3 344.29 129.98 528.24
ynao_sd_19730608_0420_hong 20 14 6 3 0 320.07 703.88 102.64 190.19 217.43 513.69
ynao_sd_19730609_0230_hong 22 15 7 4 0 442.95 760.78 123.86 236.65 319.09 524.13
ynao_sd_19730611_0710_lik 37 35 2 2 0 426.34 614.54 212.26 374.93 214.08 239.61
ynao_sd_19730612_0530_lik 54 50 4 4 0 549.92 804.97 297.47 440.3 252.45 364.67
ynao_sd_19730613_0010_lik 48 41 7 4 0 609.71 898.08 303.41 448.9 306.3 449.18
ynao_sd_19730614_0415_lik 30 21 9 5 0 530.89 881.63 176.91 298.67 353.98 582.96
ynao_sd_19730615_0115_lik 33 30 3 3 0 416.13 730.8 221.18 301.17 194.95 429.63
ynao_sd_19730616_0020_lik 46 45 1 1 0 208.44 241.95 190.88 222.37 17.56 19.58
ynao_sd_19730617_0615_lik 33 33 0 0 0 200.61 224.03 200.61 224.03 0 0
ynao_sd_19730618_0230_hong 39 38 1 0 0 177.12 261.47 181.45 265.86 4.33 4.39
ynao_sd_19730619_0220_hong 42 36 6 2 0 322.97 732.3 198.53 381.71 124.44 350.59
ynao_sd_19730620_0205_hong 59 47 12 3 0 803.34 1443.62 332.96 599.22 470.38 844.4
ynao_sd_19730621_0015_hong 78 60 18 8 0 1253.59 1875.84 506.49 795.13 747.1 1080.71
ynao_sd_19730622_0030_hong 86 64 22 8 0 1406.08 1757.39 519.91 719.83 886.17 1037.56
ynao_sd_19730623_0050_hong 66 41 25 8 0 1482.35 1676.89 431.09 553.56 1051.26 1123.33
ynao_sd_19730624_0110_hong 58 44 14 6 0 1133.59 1191.74 386.87 431.34 746.72 760.4
ynao_sd_19730625_0730_hong 50 35 15 7 0 925.83 1036.54 399.01 486.59 526.82 549.95
ynao_sd_19730626_0150_lik 57 42 15 5 0 816.18 925.04 274.44 312.68 541.74 612.36
ynao_sd_19730627_0140_lik 46 38 8 3 0 660.9 884.23 276.49 374.39 384.41 509.84
ynao_sd_19730628_0020_lik 39 33 6 2 0 379.79 579.29 195.41 267.43 184.38 311.86
ynao_sd_19730629_0300_lik 21 19 2 1 0 161.88 371.35 88.81 176.06 73.07 195.29
ynao_sd_19730630_0130_lik 19 17 2 2 0 412.85 1157.62 158.17 390.49 254.68 767.13
ynao_sd_19730702_0050_hong 32 28 4 1 0 763.04 1109.07 302.72 456.89 460.32 652.18
ynao_sd_19730703_0110_hong 40 34 6 1 0 921.32 1119.48 318.77 405.11 602.55 714.37
ynao_sd_19730704_0040_hong 43 38 5 1 0 1029.6 1176.0 386.24 487.0 643.36 689.0
ynao_sd_19730705_0030_hong 58 53 5 1 0 1018.33 1076.1 393.33 439.5 625.0 636.6
ynao_sd_19730706_0030_hong 66 62 4 1 0 1032.21 1112.52 457.81 529.48 574.4 583.04
ynao_sd_19730707_0040_hong 57 53 4 5 0 1081.54 1151.0 439.17 471.5 642.37 679.5
ynao_sd_19730708_0040_hong 60 56 4 2 0 927.95 1117.95 440.72 555.87 487.23 562.08
ynao_sd_19730709_0330_lik 38 34 4 2 0 624.43 883.97 254.83 344.07 369.6 539.9
ynao_sd_19730711_0355_lik 18 14 4 4 0 533.03 1479.57 213.75 560.75 319.28 918.82
ynao_sd_19730712_0320_lik 23 22 1 1 0 561.3 1209.57 140.95 355.62 420.35 853.95
ynao_sd_19730713_0015_lik 4 4 0 1 0 653.98 2081.25 23.64 32.33 630.34 2048.92
ynao_sd_19730714_0155_lik 14 14 0 0 0 56.73 82.91 56.73 82.91 0 0
ynao_sd_19730716_0110_hong 19 19 0 0 0 85.25 171.68 85.25 171.68 0 0
ynao_sd_19730717_0040_hong 19 19 0 0 0 106.55 220.66 106.55 220.66 0 0
ynao_sd_19730718_0030_hong 34 34 0 0 0 157.12 237.64 157.12 237.64 0 0
ynao_sd_19730719_0215_hong 28 28 0 0 0 176.76 322.85 176.76 322.85 0 0
ynao_sd_19730720_0120_hong 21 21 0 0 0 83.37 172.65 83.37 172.65 0 0
ynao_sd_19730721_0105_hong 23 23 0 0 0 150.78 231.68 150.78 231.68 0 0
ynao_sd_19730722_0330_hong 13 13 0 0 0 72.76 108.64 72.76 108.64 0 0
ynao_sd_19730723_0400_lik 11 11 0 0 0 48.73 85.4 48.73 85.4 0 0
ynao_sd_19730724_0240_lik 7 7 0 0 0 36.59 61.91 36.59 61.91 0 0
ynao_sd_19730725_0210_lik 8 8 0 0 0 40.41 99.03 40.41 99.03 0 0
ynao_sd_19730727_0745_lik 6 5 1 1 0 206.98 319.77 79.96 106.86 127.02 212.91
ynao_sd_19730730_0200_hong 21 17 4 1 0 324.06 395.4 126.16 185.46 197.9 209.94
ynao_sd_19730731_0020_hong 36 34 2 1 0 318.67 382.55 193.05 254.63 125.62 127.92
ynao_sd_19730801_0030_hong 32 28 4 2 0 295.61 330.57 142.87 173.53 152.74 157.04
ynao_sd_19730802_0040_lik 27 25 2 1 0 307.22 456.17 167.93 303.44 139.29 152.73
ynao_sd_19730804_0020_hong 29 28 1 1 0 222.33 391.74 156.24 294.79 66.09 96.95
ynao_sd_19730805_0050_hong 33 32 1 2 0 322.4 443.29 184.09 280.59 138.31 162.7
ynao_sd_19730806_0035_lik 32 31 1 2 0 317.71 391.92 178.17 242.98 139.54 148.94
ynao_sd_19730807_0455_lik 38 34 4 4 0 581.83 650.03 280.82 336.63 301.01 313.4
ynao_sd_19730808_0515_lik 39 31 8 3 0 550.58 640.68 232.95 276.59 317.63 364.09
ynao_sd_19730809_0720_lik 23 18 5 5 0 974.98 2205.57 132.71 187.5 842.27 2018.07
ynao_sd_19730810_0025_lik 15 12 3 2 0 235.48 377.62 86.46 123.56 149.02 254.06
ynao_sd_19730811_0020_lik 10 9 1 1 0 159.31 311.16 107.77 171.26 51.54 139.9
ynao_sd_19730812_0020_lik 3 3 0 0 0 15.55 18.52 15.55 18.52 0 0
ynao_sd_19730813_0040_hong 6 6 0 0 0 23.49 30.48 23.49 30.48 0 0
ynao_sd_19730814_0030_hong 6 6 0 0 0 21.44 23.9 21.44 23.9 0 0
ynao_sd_19730815_0600_hong 5 5 0 0 0 24.03 26.02 24.03 26.02 0 0
ynao_sd_19730816_0340_hong 5 5 0 0 0 42.81 46.13 42.81 46.13 0 0
ynao_sd_19730817_0030_hong 9 9 0 0 0 49.24 141.3 49.24 141.3 0 0
ynao_sd_19730818_1025_lik 7 2 5 1 0 500.07 1204.37 39.59 169.62 460.48 1034.75
ynao_sd_19730819_0105_hong 8 8 0 0 0 49.81 97.48 49.81 97.48 0 0
ynao_sd_19730820_0035_lik 7 7 0 0 0 28.8 41.81 28.8 41.81 0 0
ynao_sd_19730821_0015_lik 5 5 0 0 0 21.48 25.78 21.48 25.78 0 0
ynao_sd_19730822_0035_lik 10 10 0 0 0 47.86 51.09 47.86 51.09 0 0
ynao_sd_19730823_0010_lik 4 4 0 0 0 29.43 29.86 29.43 29.86 0 0
ynao_sd_19730824_0010_lik 10 10 0 0 0 38.96 41.99 38.96 41.99 0 0
ynao_sd_19730825_0015_lik 7 6 1 1 0 148.03 302.45 47.77 81.4 100.26 221.05
ynao_sd_19730826_0225_lik 10 8 2 2 0 283.97 436.59 88.09 143.56 195.88 293.03
ynao_sd_19730827_0230_hong 24 20 4 2 0 355.79 445.09 133.37 172.21 222.42 272.88
ynao_sd_19730828_0340_hong 21 16 5 2 0 392.18 447.64 166.93 200.31 225.25 247.33
ynao_sd_19730829_0310_hong 34 29 5 2 0 549.81 1053.83 210.72 339.1 339.09 714.73
ynao_sd_19730830_0100_hong 48 39 9 3 0 841.44 1545.51 279.58 445.37 561.86 1100.14
ynao_sd_19730831_0610_hong 53 35 18 6 0 1174.77 1808.88 331.96 471.49 842.81 1337.39
ynao_sd_19730901_0100_hong 61 46 15 4 0 1421.24 2078.34 391.47 556.81 1029.77 1521.53
ynao_sd_19730902_0030_hong 100 82 18 8 0 1730.06 2336.79 545.8 751.85 1184.26 1584.94
ynao_sd_19730903_0345_lik 70 47 23 10 0 2467.19 3093.22 528.17 688.71 1939.02 2404.51
ynao_sd_19730904_0030_hong 102 76 26 13 0 2660.27 3309.67 704.41 903.2 1955.86 2406.47
ynao_sd_19730905_0405_hong 71 43 28 12 0 2602.69 3179.37 621.61 774.28 1981.08 2405.09
ynao_sd_19730906_0310_hong 59 39 20 10 0 2042.14 2339.74 412.08 477.9 1630.06 1861.84
ynao_sd_19730907_0030_hong 67 50 17 8 0 1804.94 2189.7 424.63 504.42 1380.31 1685.28
ynao_sd_19730908_0040_gu 72 57 15 9 0 1795.07 2377.71 472.19 590.14 1322.88 1787.57
ynao_sd_19730909_0225_gu 51 36 15 7 0 1282.95 2030.63 326.02 462.33 956.93 1568.3
ynao_sd_19730910_0130_hong 65 53 12 8 0 962.36 1508.97 344.78 499.57 617.58 1009.4
ynao_sd_19730911_0230_hong 46 42 4 5 0 578.9 1103.07 205.84 327.14 373.06 775.93
ynao_sd_19730915_0430_hong 7 5 2 1 0 69.31 260.22 25.25 67.11 44.06 193.11
ynao_sd_19730916_0330_hong 12 10 2 1 0 90.88 176.38 55.82 101.06 35.06 75.32
ynao_sd_19730917_0115_hong 8 7 1 1 0 95.51 152.24 44.75 71.06 50.76 81.18
ynao_sd_19730920_0820_hong 13 9 4 2 0 184.49 499.89 63.72 155.13 120.77 344.76
ynao_sd_19730921_0220_hong 26 22 4 3 0 268.19 594.66 104.25 227.43 163.94 367.23
ynao_sd_19730922_0130_gu 25 17 8 4 0 523.55 918.92 144.31 233.34 379.24 685.58
ynao_sd_19730923_0550_hong 27 16 11 4 0 842.97 1146.79 247.65 331.15 595.32 815.64
ynao_sd_19730924_0040_hong 37 26 11 6 0 1055.69 1332.47 287.24 412.86 768.45 919.61
ynao_sd_19730925_0030_hong 43 24 19 7 0 1365.7 1789.73 324.68 472.85 1041.02 1316.88
ynao_sd_19730926_0430_gu 38 23 15 7 0 1578.9 1849.82 365.42 448.25 1213.48 1401.57
ynao_sd_19730927_0300_hong 39 25 14 7 0 1526.42 2031.04 313.1 451.45 1213.32 1579.59
ynao_sd_19730928_0340_hong 40 27 13 7 0 1503.2 1912.95 393.21 528.53 1109.99 1384.42
ynao_sd_19730929_0220_hong 50 40 10 5 0 1370.13 1744.47 373.25 511.04 996.88 1233.43
ynao_sd_19730930_0140_hong 60 47 13 5 0 1382.79 1874.31 376.06 521.76 1006.73 1352.55
ynao_sd_19731001_0225_gu 59 47 12 8 0 1417.09 2088.26 381.86 519.46 1035.23 1568.8
ynao_sd_19731002_0450_hong 50 44 6 5 0 940.81 1522.51 340.42 516.13 600.39 1006.38
ynao_sd_19731003_0225_gu 55 45 10 8 0 908.61 1078.63 334.02 394.55 574.59 684.08
ynao_sd_19731004_0200_hong 43 39 4 3 0 660.5 748.61 229.34 267.26 431.16 481.35
ynao_sd_19731005_0250_hong 30 27 3 2 0 473.51 607.64 177.8 228.63 295.71 379.01
ynao_sd_19731006_0030_hong 17 15 2 2 0 351.93 545.04 119.74 199.21 232.19 345.83
ynao_sd_19731007_0040_hong 11 9 2 2 0 262.11 477.65 66.36 109.96 195.75 367.69
ynao_sd_19731009_0410_hong 10 9 1 1 0 84.17 261.8 41.54 89.99 42.63 171.81
ynao_sd_19731011_0800_gu 0 0 0 0 0 0 0 0 0 0 0
ynao_sd_19731012_0320_hong 2 2 0 0 0 8.43 10.37 8.43 10.37 0 0
ynao_sd_19731014_0400_gu 4 4 0 0 0 26.23 30.25 26.23 30.25 0 0
ynao_sd_19731015_0230_hong 8 8 0 0 0 35.62 41.61 35.62 41.61 0 0
ynao_sd_19731019_0530_hong 4 4 0 0 0 14.95 20.47 14.95 20.47 0 0
ynao_sd_19731020_0220_xuan 1 1 0 0 0 6.97 8.65 6.97 8.65 0 0
ynao_sd_19731021_0210_hong 0 0 0 0 0 0 0 0 0 0 0
ynao_sd_19731022_0130_hong 13 11 2 1 0 87.12 317.13 48.19 169.83 38.93 147.3
ynao_sd_19731026_0410_hong 30 18 12 5 0 1142.93 1484.92 250.41 325.41 892.52 1159.51
ynao_sd_19731027_0040_xuan 28 13 15 4 0 1543.98 1787.76 263.37 302.79 1280.61 1484.97
ynao_sd_19731028_0230_hong 46 26 20 6 0 1510.59 1659.93 333.29 362.76 1177.3 1297.17
ynao_sd_19731029_0100_hong 46 33 13 4 0 1294.13 1442.48 328.66 391.33 965.47 1051.15
ynao_sd_19731031_0600_hong 17 14 3 2 0 587.43 800.49 154.88 211.55 432.55 588.94
ynao_sd_19731101_0055_lik 12 9 3 2 0 435.59 706.96 76.57 133.96 359.02 573.0
ynao_sd_19731102_0120_hong 16 13 3 2 0 359.64 747.53 134.56 240.55 225.08 506.98
ynao_sd_19731103_0350_hong 11 8 3 2 0 161.93 479.37 68.95 135.81 92.98 343.56
ynao_sd_19731104_0240_hong 5 4 1 1 0 38.76 70.38 17.11 29.02 21.65 41.36
ynao_sd_19731105_0245_lik 1 1 0 0 0 3.38 10.23 3.38 10.23 0 0
ynao_sd_19731108_0010_lik 0 0 0 0 0 0 0 0 0 0 0
ynao_sd_19731109_0020_lik 4 4 0 0 0 26.9 30.3 26.9 30.3 0 0
ynao_sd_19731110_0100_lik 2 2 0 0 0 12.77 20.3 12.77 20.3 0 0
ynao_sd_19731114_0030_hong 5 4 1 1 0 51.87 109.8 20.79 44.91 31.08 64.89
ynao_sd_19731116_0425_lik 9 7 2 1 0 73.48 96.01 42.63 58.11 30.85 37.9
ynao_sd_19731120_0615_lik 3 3 0 0 0 11.18 12.95 11.18 12.95 0 0
ynao_sd_19731122_0055_lik 5 5 0 1 0 124.29 414.52 18.34 22.8 105.95 391.72
ynao_sd_19731123_0135_likai 23 17 6 2 0 459.74 915.68 144.7 262.1 315.04 653.58
ynao_sd_19731124_0350_lik 16 11 5 3 0 704.92 1022.67 159.06 224.16 545.86 798.51
ynao_sd_19731125_0205_hong 42 28 14 3 0 868.15 1103.39 198.79 260.48 669.36 842.91
ynao_sd_19731126_0050_hong 60 44 16 3 0 1079.52 1269.33 343.78 450.19 735.74 819.14
ynao_sd_19731127_0040_hong 55 45 10 4 0 858.31 962.66 374.21 462.21 484.1 500.45
ynao_sd_19731128_0630_hong 46 38 8 6 0 725.47 825.17 258.64 316.21 466.83 508.96
ynao_sd_19731129_0110_lik 51 44 7 4 0 570.22 698.09 245.86 303.36 324.36 394.73
ynao_sd_19731130_0320_hong 60 45 15 9 0 851.98 1230.56 282.76 445.67 569.22 784.89
ynao_sd_19731201_0100_lik 25 21 4 4 0 369.86 593.71 132.17 196.48 237.69 397.23
ynao_sd_19731202_0400_hong 18 15 3 2 0 177.64 312.32 104.61 181.32 73.03 131.0
ynao_sd_19731203_0045_lik 9 9 0 0 0 55.79 135.73 55.79 135.73 0 0
ynao_sd_19731204_0050_lik 1 1 0 0 0 5.81 25.91 5.81 25.91 0 0
ynao_sd_19731205_0030_lik 1 1 0 0 0 3.23 4.24 3.23 4.24 0 0
ynao_sd_19731206_0100_lik 1 1 0 0 0 3.59 4.96 3.59 4.96 0 0
ynao_sd_19731207_0200_lik 1 1 0 0 0 2.87 5.58 2.87 5.58 0 0
ynao_sd_19731208_0230_lik 3 2 1 1 0 30.58 80.0 16.18 29.97 14.4 50.03
ynao_sd_19731209_0050_lik 2 2 0 0 0 18.1 33.6 18.1 33.6 0 0
ynao_sd_19731210_0250_hong 4 3 1 1 0 53.38 80.53 15.69 23.75 37.69 56.78
ynao_sd_19731211_0610_hong 5 3 2 1 0 65.57 78.95 26.8 33.24 38.77 45.71
ynao_sd_19731212_0100_hong 7 5 2 1 0 62.96 71.35 30.15 35.87 32.81 35.48
ynao_sd_19731213_0200_hong 6 4 2 1 0 55.89 67.37 27.99 39.19 27.9 28.18
ynao_sd_19731214_0050_hong 5 3 2 1 0 46.65 50.48 22.92 26.67 23.73 23.81
ynao_sd_19731215_0050_hong 3 2 1 1 0 34.32 38.33 13.44 16.67 20.88 21.66
ynao_sd_19731216_0410_lik 1 0 1 1 0 47.23 160.76 6.77 22.92 40.46 137.84
ynao_sd_19731217_0200_lik 7 5 2 1 0 51.78 114.62 27.77 71.39 24.01 43.23
ynao_sd_19731218_0050_lik 11 8 3 2 0 130.12 231.9 52.07 100.32 78.05 131.58
ynao_sd_19731219_0140_lik 23 20 3 1 0 168.95 223.44 104.23 144.62 64.72 78.82
ynao_sd_19731220_0120_hong 33 25 8 4 0 346.63 398.03 154.28 181.25 192.35 216.78
ynao_sd_19731221_0100_lik 28 23 5 4 0 578.84 618.25 214.12 231.05 364.72 387.2
ynao_sd_19731222_0430_lik 30 23 7 4 0 1015.72 1054.52 269.88 280.59 745.84 773.93
ynao_sd_19731223_0115_lik 21 13 8 5 0 1013.5 1084.15 219.29 235.57 794.21 848.58
ynao_sd_19731226_0930_hong 8 6 2 2 0 556.79 1115.33 154.27 289.46 402.52 825.87
ynao_sd_19731227_0530_hong 5 4 1 1 0 327.4 842.39 79.98 200.59 247.42 641.8
ynao_sd_19731228_0250_hong 5 5 0 1 0 165.87 629.36 24.22 56.87 141.65 572.49
ynao_sd_19731229_0530_hong 0 0 0 0 0 0 0 0 0 0 0
ynao_sd_19731230_0600_hong 3 3 0 0 0 15.99 32.95 15.99 32.95 0 0
ynao_sd_19731231_0120_hong 1 1 0 0 0 2.65 2.65 2.65 2.65 0 0
