ynao_sd_19750101_0120_hong 22 19 3 2 0 233.15 317.59 106.28 149.85 126.87 167.74
ynao_sd_19750102_0225_hong 13 7 6 4 0 253.91 465.53 80.84 195.5 173.07 270.03
ynao_sd_19750103_0045_hong 11 8 3 2 0 216.97 381.41 73.66 121.64 143.31 259.77
ynao_sd_19750104_0720_hong 11 8 3 3 0 238.39 271.65 105.03 118.94 133.36 152.71
ynao_sd_19750106_0230_li 7 6 1 1 0 50.52 55.44 23.63 26.49 26.89 28.95
ynao_sd_19750107_0055_li 11 10 1 1 0 79.98 232.47 57.21 209.19 22.77 23.28
ynao_sd_19750108_0050_hong 12 10 2 1 0 121.48 178.81 73.37 101.17 48.11 77.64
ynao_sd_19750109_0050_li 14 13 1 1 0 191.47 563.35 113.33 261.06 78.14 302.29
ynao_sd_19750112_0550_li 17 13 4 2 0 437.4 747.24 132.44 304.18 304.96 443.06
ynao_sd_19750113_0905_hong 10 5 5 2 0 498.93 810.24 126.73 247.99 372.2 562.25
ynao_sd_19750114_0100_hong 7 3 4 1 0 388.02 509.11 108.76 211.93 279.26 297.18
ynao_sd_19750115_0050_hong 9 6 3 1 0 355.86 375.19 132.67 140.97 223.19 234.22
ynao_sd_19750116_0045_hong 14 10 4 2 0 381.03 433.09 94.95 124.41 286.08 308.68
ynao_sd_19750117_0050_hong 6 5 1 1 0 317.16 459.9 75.58 171.37 241.58 288.53
ynao_sd_19750118_0100_hong 9 7 2 1 0 257.64 354.9 76.25 99.31 181.39 255.59
ynao_sd_19750119_0130_hong 13 11 2 2 0 293.81 536.78 122.82 256.16 170.99 280.62
ynao_sd_19750120_0140_li 7 5 2 2 0 145.94 274.45 49.11 75.21 96.83 199.24
ynao_sd_19750121_0050_li 8 8 0 0 0 89.36 248.51 89.36 248.51 0 0
ynao_sd_19750122_0150_li 8 8 0 0 0 43.91 50.93 43.91 50.93 0 0
ynao_sd_19750123_0120_li 6 6 0 0 0 47.17 52.64 47.17 52.64 0 0
ynao_sd_19750124_0100_li 8 8 0 0 0 33.23 44.88 33.23 44.88 0 0
ynao_sd_19750125_0120_li 3 3 0 0 0 39.41 40.94 39.41 40.94 0 0
ynao_sd_19750126_0050_li 7 7 0 0 0 61.37 84.06 61.37 84.06 0 0
ynao_sd_19750127_0050_hong 1 1 0 0 0 4.96 5.89 4.96 5.89 0 0
ynao_sd_19750128_0055_hong 2 2 0 0 0 37.98 40.38 37.98 40.38 0 0
ynao_sd_19750129_0050_hong 5 4 1 0 0 24.12 92.81 31.15 114.26 7.03 21.45
ynao_sd_19750130_0040_hong 3 3 0 0 0 35.83 41.89 35.83 41.89 0 0
ynao_sd_19750131_0040_hong 6 6 0 0 0 68.89 78.42 68.89 78.42 0 0
ynao_sd_19750201_0050_hong 2 2 0 0 0 8.59 29.39 8.59 29.39 0 0
ynao_sd_19750202_0120_hong 10 10 0 0 0 70.28 214.68 70.28 214.68 0 0
ynao_sd_19750203_0055_li 7 7 0 0 0 51.45 90.73 51.45 90.73 0 0
ynao_sd_19750204_0105_li 9 8 1 1 0 86.35 111.36 43.92 57.17 42.43 54.19
ynao_sd_19750205_0100_li 5 5 0 0 0 55.7 65.38 55.7 65.38 0 0
ynao_sd_19750206_0130_li 16 14 2 1 0 115.28 152.44 84.37 109.07 30.91 43.37
ynao_sd_19750207_0130_li 16 13 3 2 0 217.75 281.88 79.69 118.55 138.06 163.33
ynao_sd_19750208_0110_li 19 12 7 3 0 513.74 558.45 121.08 143.92 392.66 414.53
ynao_sd_19750209_0110_li 15 12 3 2 0 348.36 377.9 91.93 117.9 256.43 260.0
ynao_sd_19750210_0110_hong 18 15 3 1 0 373.03 383.79 129.04 131.76 243.99 252.03
ynao_sd_19750211_0140_li 16 15 1 1 0 233.79 257.85 70.05 75.56 163.74 182.29
ynao_sd_19750212_0510_hong 12 10 2 1 0 302.6 382.61 107.18 126.13 195.42 256.48
ynao_sd_19750213_0440_li 2 1 1 1 0 113.78 210.22 19.85 53.37 93.93 156.85
ynao_sd_19750214_0110_hong 9 8 1 1 0 145.3 379.1 62.7 199.9 82.6 179.2
ynao_sd_19750215_0100_hong 3 2 1 1 0 71.5 234.23 20.71 50.08 50.79 184.15
ynao_sd_19750216_0120_hong 2 2 0 0 0 8.63 38.45 8.63 38.45 0 0
ynao_sd_19750217_0130_lik 4 4 0 0 0 19.38 55.32 19.38 55.32 0 0
ynao_sd_19750218_0700_ding 3 3 0 0 0 20.91 24.63 20.91 24.63 0 0
ynao_sd_19750219_0110_ding 4 4 0 0 0 45.45 73.34 45.45 73.34 0 0
ynao_sd_19750220_0730_ding 1 1 0 0 0 4.3 6.2 4.3 6.2 0 0
ynao_sd_19750221_0100_ding 3 3 0 0 0 33.82 35.45 33.82 35.45 0 0
ynao_sd_19750222_0310_hong 2 2 0 0 0 9.78 13.3 9.78 13.3 0 0
ynao_sd_19750223_0110_ding 0 0 0 0 0 0 0 0 0 0 0
ynao_sd_19750224_0130_hong 8 8 0 0 0 46.41 69.33 46.41 69.33 0 0
ynao_sd_19750225_0640_hong 6 6 0 0 0 39.15 93.19 39.15 93.19 0 0
ynao_sd_19750226_0040_hong 7 7 0 0 0 58.86 81.74 58.86 81.74 0 0
ynao_sd_19750227_0100_li 5 5 0 0 0 54.17 89.56 54.17 89.56 0 0
ynao_sd_19750228_0030_hong 7 7 0 0 0 63.35 99.1 63.35 99.1 0 0
ynao_sd_19750301_0045_hong 3 3 0 0 0 37.53 62.88 37.53 62.88 0 0
ynao_sd_19750302_0105_hong 10 10 0 0 0 59.89 90.66 59.89 90.66 0 0
ynao_sd_19750303_0105_li 17 17 0 0 0 83.15 137.46 83.15 137.46 0 0
ynao_sd_19750304_0040_li 13 13 0 0 0 58.53 110.84 58.53 110.84 0 0
ynao_sd_19750305_0050_li 7 5 2 0 0 49.4 62.67 57.12 79.55 7.72 16.88
ynao_sd_19750306_0025_li 3 3 0 0 0 22.38 50.99 22.38 50.99 0 0
ynao_sd_19750307_0040_li 6 6 0 0 0 58.52 96.81 58.52 96.81 0 0
ynao_sd_19750308_0030_lik 3 3 0 0 0 19.57 49.75 19.57 49.75 0 0
ynao_sd_19750309_0035_lik 6 6 0 0 0 40.66 43.58 40.66 43.58 0 0
ynao_sd_19750310_0030_lik 23 23 0 0 0 94.74 96.51 94.74 96.51 0 0
ynao_sd_19750311_0155_lik 10 10 0 0 0 54.06 81.52 54.06 81.52 0 0
ynao_sd_19750312_0040_lik 14 14 0 0 0 66.92 95.69 66.92 95.69 0 0
ynao_sd_19750313_0040_hong 14 14 0 0 0 68.48 116.91 68.48 116.91 0 0
ynao_sd_19750314_0220_lik 14 12 2 2 0 98.49 188.62 70.65 140.93 27.84 47.69
ynao_sd_19750315_0750_hong 17 17 0 0 0 113.69 224.89 113.69 224.89 0 0
ynao_sd_19750316_0120_hong 31 30 1 1 0 149.23 254.02 128.26 231.22 20.97 22.8
ynao_sd_19750317_0100_hong 24 15 9 3 0 556.92 738.49 220.3 298.55 336.62 439.94
ynao_sd_19750318_0035_hong 12 8 4 3 0 248.18 451.35 94.42 228.7 153.76 222.65
ynao_sd_19750319_0030_hong 18 14 4 2 0 149.85 313.03 89.51 194.25 60.34 118.78
ynao_sd_19750320_0025_hong 13 13 0 0 0 61.24 145.08 61.24 145.08 0 0
ynao_sd_19750321_0040_hong 4 4 0 0 0 16.49 51.94 16.49 51.94 0 0
ynao_sd_19750322_0020_lik 2 2 0 0 0 9.04 15.82 9.04 15.82 0 0
ynao_sd_19750323_0105_hong 3 3 0 0 0 44.73 68.83 44.73 68.83 0 0
ynao_sd_19750324_0130_li 6 6 0 0 0 49.08 76.84 49.08 76.84 0 0
ynao_sd_19750325_0020_li 3 3 0 0 0 14.7 41.02 14.7 41.02 0 0
ynao_sd_19750326_0010_li 5 5 0 0 0 19.6 45.43 19.6 45.43 0 0
ynao_sd_19750327_0002_li 2 2 0 0 0 36.35 38.94 36.35 38.94 0 0
ynao_sd_19750328_0015_li 7 7 0 0 0 62.85 116.59 62.85 116.59 0 0
ynao_sd_19750329_0001_li 2 2 0 0 0 32.77 53.74 32.77 53.74 0 0
ynao_sd_19750330_0305_li 2 2 0 0 0 32.62 33.19 32.62 33.19 0 0
ynao_sd_19750331_0210_li 7 7 0 0 0 41.33 67.49 41.33 67.49 0 0
ynao_sd_19750401_0230_hong 6 6 0 0 0 54.13 57.62 54.13 57.62 0 0
ynao_sd_19750402_0650_hong 8 8 0 0 0 34.42 69.4 34.42 69.4 0 0
ynao_sd_19750403_0040_hong 3 3 0 0 0 20.01 69.51 20.01 69.51 0 0
ynao_sd_19750404_0030_hong 3 3 0 0 0 41.44 41.73 41.44 41.73 0 0
ynao_sd_19750405_0015_hong 2 2 0 0 0 42.35 51.03 42.35 51.03 0 0
ynao_sd_19750406_0105_hong 6 6 0 0 0 56.91 61.36 56.91 61.36 0 0
ynao_sd_19750407_0100_li 4 4 0 0 0 40.98 44.8 40.98 44.8 0 0
ynao_sd_19750408_0205_li 3 3 0 0 0 17.11 22.99 17.11 22.99 0 0
ynao_sd_19750409_0025_li 10 10 0 0 0 80.69 85.4 80.69 85.4 0 0
ynao_sd_19750410_0130_hong 11 11 0 0 0 54.7 64.47 54.7 64.47 0 0
ynao_sd_19750411_0105_hong 4 4 0 0 0 23.13 48.4 23.13 48.4 0 0
ynao_sd_19750412_0030_li 7 7 0 0 0 55.87 92.85 55.87 92.85 0 0
ynao_sd_19750413_0140_li 5 5 0 0 0 52.61 82.68 52.61 82.68 0 0
ynao_sd_19750414_0120_hong 2 2 0 0 0 37.0 61.37 37.0 61.37 0 0
ynao_sd_19750415_0050_hong 3 3 0 0 0 41.32 64.76 41.32 64.76 0 0
ynao_sd_19750416_0001_hong 0 0 0 0 0 0 0 0 0 0 0
ynao_sd_19750417_0030_hong 5 5 0 0 0 25.83 35.92 25.83 35.92 0 0
ynao_sd_19750418_0040_hong 4 4 0 0 0 51.09 80.52 51.09 80.52 0 0
ynao_sd_19750419_0050_hong 3 2 1 1 0 119.82 363.7 13.55 44.11 106.27 319.59
ynao_sd_19750420_0210_hong 4 4 0 0 0 18.9 28.74 18.9 28.74 0 0
ynao_sd_19750421_0040_li 5 5 0 0 0 49.22 52.47 49.22 52.47 0 0
ynao_sd_19750422_0040_li 11 11 0 0 0 84.08 98.8 84.08 98.8 0 0
ynao_sd_19750423_0040_hong 5 5 0 0 0 24.76 26.78 24.76 26.78 0 0
ynao_sd_19750424_0030_li 4 4 0 0 0 22.2 34.99 22.2 34.99 0 0
ynao_sd_19750425_0050_hong 4 4 0 0 0 22.73 38.52 22.73 38.52 0 0
ynao_sd_19750426_0100_hong 5 5 0 0 0 61.19 160.18 61.19 160.18 0 0
ynao_sd_19750427_0120_hong 8 7 1 1 0 57.46 165.38 28.14 80.25 29.32 85.13
ynao_sd_19750428_0110_hong 15 13 2 1 0 100.37 159.17 75.81 124.82 24.56 34.35
ynao_sd_19750429_0020_hong 11 10 1 1 0 90.01 173.75 69.05 134.4 20.96 39.35
ynao_sd_19750430_0020_hong 7 7 0 0 0 37.99 84.16 37.99 84.16 0 0
ynao_sd_19750501_0150_hong 8 8 0 0 0 35.59 78.59 35.59 78.59 0 0
ynao_sd_19750502_0025_hong 24 22 2 3 0 207.08 257.18 133.34 167.86 73.74 89.32
ynao_sd_19750503_0105_hong 21 13 8 4 0 701.39 764.0 208.88 231.73 492.51 532.27
ynao_sd_19750504_0110_hong 30 25 5 3 0 674.59 810.62 218.47 253.9 456.12 556.72
ynao_sd_19750505_0030_hong 27 20 7 2 0 488.53 815.39 177.65 351.16 310.88 464.23
ynao_sd_19750506_0200_ding 12 7 5 3 0 299.11 595.94 112.5 197.6 186.61 398.34
ynao_sd_19750507_0055_li 7 7 0 0 0 58.06 157.93 58.06 157.93 0 0
ynao_sd_19750509_0720_ding 6 6 0 0 0 32.01 62.87 32.01 62.87 0 0
ynao_sd_19750510_0130_hong 1 1 0 0 0 33.19 33.19 33.19 33.19 0 0
ynao_sd_19750511_0120_li 2 2 0 0 0 33.47 38.64 33.47 38.64 0 0
ynao_sd_19750512_0020_li 3 3 0 0 0 40.52 50.98 40.52 50.98 0 0
ynao_sd_19750513_0030_li 4 4 0 0 0 43.43 65.25 43.43 65.25 0 0
ynao_sd_19750514_0025_li 3 3 0 0 0 10.72 14.54 10.72 14.54 0 0
ynao_sd_19750515_0100_li 5 5 0 0 0 46.98 59.32 46.98 59.32 0 0
ynao_sd_19750516_0002_li 5 5 0 0 0 29.87 61.86 29.87 61.86 0 0
ynao_sd_19750517_0230_li 4 4 0 0 0 57.88 70.19 57.88 70.19 0 0
ynao_sd_19750518_0002_li 5 5 0 0 0 40.54 54.71 40.54 54.71 0 0
ynao_sd_19750519_0130_ding 5 5 0 0 0 47.43 78.6 47.43 78.6 0 0
ynao_sd_19750520_0020_ding 3 3 0 0 0 31.47 74.39 31.47 74.39 0 0
ynao_sd_19750521_0200_ding 4 4 0 0 0 54.77 74.13 54.77 74.13 0 0
ynao_sd_19750522_0040_ding 5 5 0 0 0 55.35 62.27 55.35 62.27 0 0
ynao_sd_19750523_0130_li 3 3 0 0 0 17.45 42.71 17.45 42.71 0 0
ynao_sd_19750524_0020_hong 7 7 0 1 0 3536.91 4091.97 35.87 40.84 3501.04 4051.13
ynao_sd_19750525_0500_ding 6 6 0 0 0 29.62 56.13 29.62 56.13 0 0
ynao_sd_19750526_0650_li 6 6 0 0 0 51.65 77.7 51.65 77.7 0 0
ynao_sd_19750527_0320_li 3 3 0 0 0 38.15 40.55 38.15 40.55 0 0
ynao_sd_19750531_0120_hong 4 3 1 1 0 51.85 186.64 23.19 67.25 28.66 119.39
ynao_sd_19750601_0120_hong 6 5 1 1 0 52.25 128.78 29.04 78.47 23.21 50.31
ynao_sd_19750602_0250_hong 5 5 0 0 0 28.28 41.6 28.28 41.6 0 0
ynao_sd_19750603_0230_hong 6 6 0 0 0 21.24 26.69 21.24 26.69 0 0
ynao_sd_19750604_0220_hong 7 7 0 0 0 64.61 68.55 64.61 68.55 0 0
ynao_sd_19750605_0120_hong 9 9 0 0 0 40.8 42.42 40.8 42.42 0 0
ynao_sd_19750606_0410_hong 6 6 0 0 0 28.49 55.69 28.49 55.69 0 0
ynao_sd_19750607_0720_hong 3 3 0 0 0 13.77 38.84 13.77 38.84 0 0
ynao_sd_19750608_0320_hong 1 1 0 0 0 28.61 28.61 28.61 28.61 0 0
ynao_sd_19750609_0100_li 2 2 0 0 0 36.25 38.11 36.25 38.11 0 0
ynao_sd_19750610_0110_li 3 3 0 0 0 40.74 44.11 40.74 44.11 0 0
ynao_sd_19750611_0805_li 4 4 0 0 0 16.01 46.58 16.01 46.58 0 0
ynao_sd_19750612_0120_li 2 2 0 0 0 8.36 33.52 8.36 33.52 0 0
ynao_sd_19750613_0730_li 8 8 0 0 0 58.93 68.66 58.93 68.66 0 0
ynao_sd_19750614_0500_li 3 3 0 0 0 42.15 43.71 42.15 43.71 0 0
ynao_sd_19750617_0330_hong 10 4 6 3 0 209.21 359.45 54.26 110.38 154.95 249.07
ynao_sd_19750618_0300_hong 10 5 5 2 0 176.61 431.41 48.2 145.97 128.41 285.44
ynao_sd_19750619_0115_ding 9 8 1 0 0 67.85 243.51 71.41 255.72 3.56 12.21
ynao_sd_19750620_0150_ding 3 3 0 0 0 22.77 67.04 22.77 67.04 0 0
ynao_sd_19750621_0610_ding 3 3 0 0 0 41.76 44.8 41.76 44.8 0 0
ynao_sd_19750622_0240_ding 3 3 0 0 0 39.43 66.37 39.43 66.37 0 0
ynao_sd_19750624_0240_hong 17 17 0 0 0 106.95 115.44 106.95 115.44 0 0
ynao_sd_19750625_0410_hong 17 14 3 1 0 266.88 574.33 162.18 264.06 104.7 310.27
ynao_sd_19750626_0220_hong 22 20 2 1 0 390.25 774.24 157.78 331.01 232.47 443.23
ynao_sd_19750627_0130_hong 27 24 3 1 0 523.41 777.05 179.56 274.75 343.85 502.3
ynao_sd_19750628_0640_hong 22 15 7 3 0 649.94 918.4 179.4 295.52 470.54 622.88
ynao_sd_19750629_0230_hong 15 10 5 3 0 682.28 975.05 176.67 233.1 505.61 741.95
ynao_sd_19750630_0300_li 26 24 2 1 0 658.73 704.22 161.86 203.6 496.87 500.62
ynao_sd_19750701_0300_hong 20 18 2 1 0 649.47 654.52 197.47 198.65 452.0 455.87
ynao_sd_19750702_0130_hong 19 18 1 1 0 583.1 636.81 156.66 184.76 426.44 452.05
ynao_sd_19750703_0750_li 10 8 2 1 0 447.08 553.3 94.3 115.92 352.78 437.38
ynao_sd_19750704_0605_li 7 6 1 1 0 380.73 581.14 84.13 134.22 296.6 446.92
ynao_sd_19750707_0330_hong 16 16 0 0 0 81.23 125.33 81.23 125.33 0 0
ynao_sd_19750708_0120_hong 11 11 0 0 0 50.82 56.85 50.82 56.85 0 0
ynao_sd_19750709_0140_hong 22 22 0 0 0 116.54 123.28 116.54 123.28 0 0
ynao_sd_19750710_0630_hong 12 11 1 1 0 110.96 290.91 65.48 93.01 45.48 197.9
ynao_sd_19750712_0340_hong 30 24 6 4 0 377.62 515.07 153.25 204.38 224.37 310.69
ynao_sd_19750713_0620_li 39 27 12 5 0 543.63 749.64 167.97 224.25 375.66 525.39
ynao_sd_19750715_0930_hong 22 11 11 6 0 728.37 1623.85 153.11 359.41 575.26 1264.44
ynao_sd_19750716_0220_hong 16 14 2 2 0 454.88 632.58 128.01 192.38 326.87 440.2
ynao_sd_19750717_0050_hong 12 6 6 4 0 547.7 693.87 105.13 157.69 442.57 536.18
ynao_sd_19750719_0015_li 32 26 6 2 0 594.6 646.74 254.97 280.13 339.63 366.61
ynao_sd_19750720_0050_li 13 10 3 1 0 451.86 489.82 131.53 163.68 320.33 326.14
ynao_sd_19750721_0040_hong 22 19 3 3 0 487.29 717.08 169.02 224.59 318.27 492.49
ynao_sd_19750722_0040_hong 16 13 3 2 0 443.72 691.34 133.36 215.77 310.36 475.57
ynao_sd_19750723_0130_hong 9 7 2 2 0 416.2 638.23 132.29 205.41 283.91 432.82
ynao_sd_19750724_0410_hong 16 14 2 2 0 437.48 704.79 140.68 222.42 296.8 482.37
ynao_sd_19750727_0650_hong 24 14 10 4 0 441.97 473.46 145.66 171.01 296.31 302.45
ynao_sd_19750728_0300_li 22 19 3 2 0 478.21 531.42 158.48 177.81 319.73 353.61
ynao_sd_19750729_0030_hong 15 12 3 2 0 397.77 491.04 153.85 182.32 243.92 308.72
ynao_sd_19750730_0200_hong 15 10 5 3 0 335.72 890.64 105.69 244.28 230.03 646.36
ynao_sd_19750731_0120_li 11 8 3 3 0 284.4 697.24 99.79 204.8 184.61 492.44
ynao_sd_19750801_0040_hong 32 28 4 3 0 516.84 1114.43 194.56 426.6 322.28 687.83
ynao_sd_19750802_0035_hong 26 18 8 5 0 788.89 1082.01 169.79 240.45 619.1 841.56
ynao_sd_19750803_0120_li 34 26 8 3 0 890.45 1868.58 271.44 468.72 619.01 1399.86
ynao_sd_19750804_0410_hong 61 35 26 10 0 1886.55 3201.59 449.77 691.01 1436.78 2510.58
ynao_sd_19750805_0200_hong 84 47 37 12 0 2271.81 3197.08 559.02 785.22 1712.79 2411.86
ynao_sd_19750806_0150_hong 74 46 28 15 0 2631.97 3244.6 572.25 676.41 2059.72 2568.19
ynao_sd_19750807_0010_hong 116 75 41 13 0 2976.07 3400.25 837.68 987.9 2138.39 2412.35
ynao_sd_19750808_0740_hong 92 48 44 13 0 3068.71 3448.4 625.42 731.28 2443.29 2717.12
ynao_sd_19750811_0050_hong 99 61 38 14 0 1787.08 2422.93 569.49 761.77 1217.59 1661.16
ynao_sd_19750812_0150_hong 64 41 23 8 0 1270.35 1518.24 387.6 464.91 882.75 1053.33
ynao_sd_19750813_0300_hong 70 40 30 11 0 1089.89 1541.67 336.0 480.23 753.89 1061.44
ynao_sd_19750815_0020_hong 26 19 7 6 0 470.0 1124.16 154.09 328.57 315.91 795.59
ynao_sd_19750816_0025_hong 16 15 1 1 0 115.04 365.39 96.94 283.23 18.1 82.16
ynao_sd_19750817_0010_hong 21 21 0 0 0 98.75 182.86 98.75 182.86 0 0
ynao_sd_19750818_0250_hong 12 12 0 0 0 112.95 154.84 112.95 154.84 0 0
ynao_sd_19750819_0330_li 7 7 0 0 0 65.2 79.44 65.2 79.44 0 0
ynao_sd_19750820_0705_wangj 11 11 0 0 0 61.37 117.1 61.37 117.1 0 0
ynao_sd_19750821_0240_wangj 17 14 3 2 0 912.05 1005.43 124.58 152.56 787.47 852.87
ynao_sd_19750822_0220_wangj 9 9 0 0 0 94.34 311.79 94.34 311.79 0 0
ynao_sd_19750823_0020_wangj 15 15 0 0 0 133.18 212.73 133.18 212.73 0 0
ynao_sd_19750824_0205_li 8 8 0 0 0 98.14 287.59 98.14 287.59 0 0
ynao_sd_19750825_0200_hong 6 6 0 0 0 26.09 111.11 26.09 111.11 0 0
ynao_sd_19750826_0220_hong 28 23 5 1 0 267.41 293.66 169.15 183.84 98.26 109.82
ynao_sd_19750827_0400_hong 26 24 2 2 0 324.3 481.38 154.16 264.26 170.14 217.12
ynao_sd_19750828_0720_hong 17 16 1 1 0 173.38 279.39 84.83 127.28 88.55 152.11
ynao_sd_19750829_0110_hong 9 8 1 1 0 135.44 234.97 76.54 105.96 58.9 129.01
ynao_sd_19750830_0050_hong 15 14 1 1 0 141.71 340.69 97.91 176.65 43.8 164.04
ynao_sd_19750831_0110_hong 13 13 0 0 0 56.5 176.83 56.5 176.83 0 0
ynao_sd_19750901_0030_wangj 21 21 0 0 0 88.16 145.71 88.16 145.71 0 0
ynao_sd_19750902_0830_wangj 10 9 1 0 0 49.62 61.83 53.77 67.21 4.15 5.38
ynao_sd_19750903_0340_li 27 27 0 0 0 121.42 156.3 121.42 156.3 0 0
ynao_sd_19750904_0710_li 36 36 0 0 0 169.36 173.61 169.36 173.61 0 0
ynao_sd_19750906_0625_wangj 25 25 0 0 0 121.05 153.63 121.05 153.63 0 0
ynao_sd_19750907_0140_ding 23 21 2 1 0 203.59 394.31 140.44 207.68 63.15 186.63
ynao_sd_19750908_0040_li 7 6 1 1 0 135.34 255.08 48.83 93.65 86.51 161.43
ynao_sd_19750909_0030_li 3 2 1 1 0 149.56 224.24 25.12 48.32 124.44 175.92
ynao_sd_19750910_0005_li 8 7 1 1 0 174.19 261.49 55.35 118.34 118.84 143.15
ynao_sd_19750911_0030_li 17 15 2 1 0 242.54 278.55 94.07 117.25 148.47 161.3
ynao_sd_19750912_0230_li 13 12 1 1 0 181.92 201.23 65.04 79.81 116.88 121.42
ynao_sd_19750913_0250_li 13 12 1 1 0 213.15 227.87 97.12 105.71 116.03 122.16
ynao_sd_19750914_0400_ding 8 6 2 1 0 266.38 378.06 90.62 179.33 175.76 198.73
ynao_sd_19750915_0730_li 8 7 1 1 0 121.68 180.05 46.68 83.14 75.0 96.91
ynao_sd_19750916_0730_li 7 6 1 1 0 122.33 183.1 64.93 82.97 57.4 100.13
ynao_sd_19750917_0300_li 7 7 0 0 0 46.01 90.22 46.01 90.22 0 0
ynao_sd_19750918_0150_li 9 9 0 0 0 73.73 75.22 73.73 75.22 0 0
ynao_sd_19750919_0250_li 11 11 0 0 0 96.64 121.95 96.64 121.95 0 0
ynao_sd_19750920_0220_li 14 14 0 0 0 94.56 101.16 94.56 101.16 0 0
ynao_sd_19750921_0315_li 18 18 0 0 0 105.91 125.49 105.91 125.49 0 0
ynao_sd_19750922_0615_wangj 16 16 0 0 0 76.22 119.22 76.22 119.22 0 0
ynao_sd_19750923_0020_li 6 6 0 0 0 50.44 53.88 50.44 53.88 0 0
ynao_sd_19750924_0020_li 6 6 0 0 0 60.46 164.06 60.46 164.06 0 0
ynao_sd_19750925_0005_li 3 3 0 0 0 63.55 179.33 63.55 179.33 0 0
ynao_sd_19750926_0040_wangj 8 8 0 0 0 85.17 291.58 85.17 291.58 0 0
ynao_sd_19750927_0110_li 5 5 0 0 0 49.15 86.8 49.15 86.8 0 0
ynao_sd_19750928_0130_li 5 5 0 0 0 99.25 322.67 99.25 322.67 0 0
ynao_sd_19750929_0330_ding 2 2 0 0 0 33.8 36.15 33.8 36.15 0 0
ynao_sd_19750930_0030_ding 5 5 0 0 0 64.56 185.31 64.56 185.31 0 0
ynao_sd_19751001_0300_ding 4 3 1 1 0 125.35 412.62 69.39 210.54 55.96 202.08
ynao_sd_19751002_0230_li 4 3 1 1 0 126.08 241.35 52.27 69.8 73.81 171.55
ynao_sd_19751003_0010_ding 6 5 1 1 0 203.31 331.5 76.56 106.46 126.75 225.04
ynao_sd_19751004_0845_ding 7 5 2 1 0 180.84 309.34 76.55 168.65 104.29 140.69
ynao_sd_19751005_0100_ding 4 2 2 1 0 155.26 193.81 40.35 51.13 114.91 142.68
ynao_sd_19751006_0050_li 8 7 1 1 0 247.19 285.11 93.86 109.22 153.33 175.89
ynao_sd_19751007_0540_li 5 4 1 1 0 187.38 203.97 65.65 69.46 121.73 134.51
ynao_sd_19751009_0540_li 3 2 1 1 0 167.69 195.83 57.3 62.69 110.39 133.14
ynao_sd_19751010_0940_li 6 5 1 1 0 146.14 223.28 67.03 111.47 79.11 111.81
ynao_sd_19751011_1040_li 4 3 1 1 0 88.31 146.12 27.57 40.07 60.74 106.05
ynao_sd_19751012_0050_li 3 3 0 0 0 39.93 44.77 39.93 44.77 0 0
ynao_sd_19751013_0110_hong 13 13 0 0 0 78.15 84.12 78.15 84.12 0 0
ynao_sd_19751014_0125_hong 11 6 5 3 0 491.68 519.06 144.57 164.56 347.11 354.5
ynao_sd_19751016_0120_hong 18 12 6 1 0 569.69 666.83 183.93 268.9 385.76 397.93
ynao_sd_19751017_0110_hong 18 16 2 1 0 515.14 681.96 197.37 323.39 317.77 358.57
ynao_sd_19751018_0840_hong 9 8 1 1 0 324.73 485.87 82.26 148.26 242.47 337.61
ynao_sd_19751019_0540_hong 2 1 1 1 0 248.46 438.55 39.15 66.69 209.31 371.86
ynao_sd_19751020_0330_li 2 1 1 1 0 106.95 267.15 19.97 45.68 86.98 221.47
ynao_sd_19751021_0330_hong 3 2 1 1 0 92.81 390.37 24.39 64.4 68.42 325.97
ynao_sd_19751022_0520_hong 2 2 0 0 0 47.46 145.72 47.46 145.72 0 0
ynao_sd_19751023_0230_hong 3 3 0 0 0 44.14 49.33 44.14 49.33 0 0
ynao_sd_19751024_0030_hong 4 4 0 0 0 61.81 70.38 61.81 70.38 0 0
ynao_sd_19751025_0340_li 4 4 0 0 0 40.12 43.88 40.12 43.88 0 0
ynao_sd_19751026_0140_li 3 3 0 0 0 35.48 36.29 35.48 36.29 0 0
ynao_sd_19751027_0030_li 4 4 0 0 0 23.77 129.06 23.77 129.06 0 0
ynao_sd_19751028_0040_wangj 8 8 0 0 0 60.85 72.75 60.85 72.75 0 0
ynao_sd_19751102_0710_wangj 8 8 0 0 0 65.11 98.42 65.11 98.42 0 0
ynao_sd_19751103_0640_hong 7 7 0 0 0 57.83 90.79 57.83 90.79 0 0
ynao_sd_19751104_0130_hong 10 10 0 0 0 73.31 86.31 73.31 86.31 0 0
ynao_sd_19751105_0150_hong 11 8 3 2 0 175.35 380.65 102.16 151.41 73.19 229.24
ynao_sd_19751106_0140_hong 16 14 2 2 0 260.8 453.58 91.9 157.95 168.9 295.63
ynao_sd_19751107_0730_hong 21 18 3 2 0 352.5 641.35 182.66 408.1 169.84 233.25
ynao_sd_19751108_0120_hong 20 18 2 2 0 315.37 373.87 158.57 184.64 156.8 189.23
ynao_sd_19751109_0020_li 19 18 1 1 0 202.03 225.07 98.66 113.94 103.37 111.13
ynao_sd_19751110_0030_li 25 24 1 1 0 265.87 288.24 150.45 171.68 115.42 116.56
ynao_sd_19751114_0100_li 14 13 1 1 0 142.87 367.05 96.36 160.69 46.51 206.36
ynao_sd_19751115_0100_li 21 19 2 1 0 305.1 579.16 143.65 200.98 161.45 378.18
ynao_sd_19751116_0030_li 20 18 2 2 0 411.83 611.81 124.39 170.06 287.44 441.75
ynao_sd_19751117_0040_hong 27 17 10 3 0 960.33 1245.15 221.09 299.89 739.24 945.26
ynao_sd_19751118_0110_hong 31 20 11 2 0 909.06 1013.45 292.79 322.7 616.27 690.75
ynao_sd_19751119_0050_hong 29 20 9 3 0 1014.48 1118.29 303.1 377.29 711.38 741.0
ynao_sd_19751120_0100_hong 40 28 12 6 0 1025.94 1191.27 293.13 351.28 732.81 839.99
ynao_sd_19751121_0110_hong 20 13 7 4 0 831.31 1134.27 229.73 298.95 601.58 835.32
ynao_sd_19751122_0105_hong 27 20 7 4 0 707.77 1143.41 247.18 429.87 460.59 713.54
ynao_sd_19751124_0600_li 7 4 3 2 0 322.8 563.92 66.05 106.87 256.75 457.05
ynao_sd_19751125_0400_li 3 2 1 1 0 155.03 348.15 51.77 77.39 103.26 270.76
ynao_sd_19751126_0730_li 3 3 0 0 0 42.09 48.71 42.09 48.71 0 0
ynao_sd_19751127_0350_li 4 4 0 0 0 59.12 125.54 59.12 125.54 0 0
ynao_sd_19751128_0620_li 2 2 0 0 0 35.59 61.7 35.59 61.7 0 0
ynao_sd_19751201_0030_wangj 2 2 0 0 0 34.59 57.52 34.59 57.52 0 0
ynao_sd_19751202_0050_wangj 11 11 0 0 0 108.91 125.29 108.91 125.29 0 0
ynao_sd_19751203_0115_wangj 17 11 6 2 0 316.49 452.48 156.36 276.43 160.13 176.05
ynao_sd_19751204_0115_wangj 11 8 3 3 0 289.97 295.87 90.33 92.09 199.64 203.78
ynao_sd_19751205_0140_wangj 15 12 3 2 0 220.23 234.78 176.97 191.24 43.26 43.54
ynao_sd_19751206_0105_wangj 26 25 1 1 0 309.92 328.49 181.45 191.9 128.47 136.59
ynao_sd_19751207_0225_wangj 26 22 4 1 0 205.04 260.12 117.45 154.66 87.59 105.46
ynao_sd_19751208_0220_hong 13 11 2 1 0 155.63 319.99 102.98 242.06 52.65 77.93
ynao_sd_19751209_0130_hong 3 2 1 1 0 64.78 100.2 45.16 59.41 19.62 40.79
ynao_sd_19751210_0030_hong 1 1 0 0 0 8.76 30.79 8.76 30.79 0 0
ynao_sd_19751215_0640_wangj 3 3 0 0 0 43.14 50.24 43.14 50.24 0 0
ynao_sd_19751217_0430_wangj 12 12 0 0 0 76.15 76.87 76.15 76.87 0 0
ynao_sd_19751218_0630_wangj 12 12 0 0 0 61.22 66.24 61.22 66.24 0 0
ynao_sd_19751219_0120_wangj 7 7 0 0 0 33.76 39.78 33.76 39.78 0 0
ynao_sd_19751220_0230_wangj 4 4 0 0 0 48.32 50.78 48.32 50.78 0 0
ynao_sd_19751221_0235_wangj 4 4 0 0 0 39.6 65.16 39.6 65.16 0 0
ynao_sd_19751222_0040_hong 1 1 0 0 0 28.66 28.66 28.66 28.66 0 0
ynao_sd_19751223_0500_wangj 1 1 0 0 0 30.24 30.24 30.24 30.24 0 0
ynao_sd_19751224_0110_hong 3 3 0 0 0 47.01 48.5 47.01 48.5 0 0
ynao_sd_19751225_0120_ding 5 5 0 0 0 67.15 95.38 67.15 95.38 0 0
ynao_sd_19751226_0120_hong 3 3 0 0 0 39.77 46.34 39.77 46.34 0 0
ynao_sd_19751227_0110_hong 2 2 0 0 0 34.63 58.97 34.63 58.97 0 0
ynao_sd_19751228_0230_hong 1 1 0 0 0 31.9 31.9 31.9 31.9 0 0
ynao_sd_19751229_0200_wangj 2 2 0 0 0 42.13 42.71 42.13 42.71 0 0
ynao_sd_19751230_0200_wangj 5 5 0 0 0 45.33 78.3 45.33 78.3 0 0
ynao_sd_19751231_0240_wangj 2 2 0 0 0 35.82 36.63 35.82 36.63 0 0
