ynao_sd_19760101_0115_li 8 8 0 0 0 38.2 62.26 38.2 62.26 0 0 0
ynao_sd_19760102_0200_li 2 2 0 0 0 31.85 32.76 31.85 32.76 0 0 0
ynao_sd_19760103_0110_hong 1 1 0 0 0 32.2 32.2 32.2 32.2 0 0 0
ynao_sd_19760104_0120_hong 3 3 0 0 0 40.27 46.66 40.27 46.66 0 0 0
ynao_sd_19760105_0150_hong 2 2 0 0 0 39.52 40.33 39.52 40.33 0 0 0
ynao_sd_19760106_0200_hong 2 2 0 0 0 32.29 33.78 32.29 33.78 0 0 0
ynao_sd_19760107_0030_hong 6 6 0 0 0 70.05 198.15 70.05 198.15 0 0 0
ynao_sd_19760108_0140_hong 3 3 0 0 0 38.37 40.49 38.37 40.49 0 0 0
ynao_sd_19760109_0310_hong 5 5 0 0 0 49.45 54.22 49.45 54.22 0 0 0
ynao_sd_19760112_0840_hong 10 9 1 1 0 113.29 343.83 74.09 179.54 39.2 164.29 0
ynao_sd_19760113_0640_hong 24 17 7 2 0 371.18 840.9 133.96 310.18 237.22 530.72 0
ynao_sd_19760114_0730_hong 27 13 14 6 0 688.73 1061.11 207.93 333.21 480.8 727.9 0
ynao_sd_19760115_0110_hong 29 14 15 5 0 698.58 959.89 200.07 303.03 498.51 656.86 0
ynao_sd_19760116_0040_hong 21 14 7 2 0 633.51 716.49 137.13 156.26 496.38 560.23 0
ynao_sd_19760117_0110_hong 28 23 5 2 0 634.87 685.34 166.67 202.01 468.2 483.33 0
ynao_sd_19760118_0140_hong 17 10 7 2 0 561.06 574.87 158.28 169.35 402.78 405.52 0
ynao_sd_19760119_0250_li 16 10 6 2 0 488.76 508.57 112.59 117.28 376.17 391.29 0
ynao_sd_19760120_0110_li 10 7 3 2 0 283.34 320.55 92.9 106.95 190.44 213.6 0
ynao_sd_19760121_0700_li 9 6 3 2 0 215.42 285.74 87.67 112.33 127.75 173.41 0
ynao_sd_19760123_0345_li 8 7 1 1 0 126.55 231.07 95.04 150.23 31.51 80.84 0
ynao_sd_19760124_0730_li 2 2 0 0 0 33.07 38.08 33.07 38.08 0 0 0
ynao_sd_19760125_0420_li 2 2 0 0 0 34.3 34.52 34.3 34.52 0 0 0
ynao_sd_19760126_0830_hong 4 4 0 0 0 42.72 46.21 42.72 46.21 0 0 0
ynao_sd_19760127_0030_hong 3 3 0 0 0 39.55 67.53 39.55 67.53 0 0 0
ynao_sd_19760128_0040_hong 5 5 0 0 0 41.56 114.16 41.56 114.16 0 0 0
ynao_sd_19760129_0500_hong 3 3 0 0 0 38.44 40.3 38.44 40.3 0 0 0
ynao_sd_19760130_0800_hong 8 8 0 0 0 73.65 95.71 73.65 95.71 0 0 0
ynao_sd_19760131_0305_hong 4 4 0 0 0 17.95 45.68 17.95 45.68 0 0 0
ynao_sd_19760202_0140_hong 4 4 0 0 0 44.65 46.87 44.65 46.87 0 0 0
ynao_sd_19760203_0440_jing 5 4 1 1 0 100.55 110.16 51.54 54.38 49.01 55.78 0
ynao_sd_19760204_0155_hong 2 2 0 0 0 35.26 37.81 35.26 37.81 0 0 0
ynao_sd_19760205_0050_hong 3 3 0 0 0 40.63 45.43 40.63 45.43 0 0 0
ynao_sd_19760206_0040_hong 3 3 0 0 0 40.14 41.75 40.14 41.75 0 0 0
ynao_sd_19760208_0105_hong 3 3 0 0 0 44.36 50.35 44.36 50.35 0 0 0
ynao_sd_19760209_0630_hong 3 3 0 0 0 42.29 60.9 42.29 60.9 0 0 0
ynao_sd_19760210_0050_hong 5 5 0 0 0 50.23 85.4 50.23 85.4 0 0 0
ynao_sd_19760211_0040_hong 6 6 0 0 0 64.68 72.95 64.68 72.95 0 0 0
ynao_sd_19760212_0050_hong 4 4 0 0 0 50.03 61.54 50.03 61.54 0 0 0
ynao_sd_19760213_0040_hong 8 8 0 0 0 76.1 77.6 76.1 77.6 0 0 0
ynao_sd_19760214_0105_hong 15 14 1 0 0 138.3 141.95 142.3 145.97 -4.0 -4.02 0
ynao_sd_19760215_0140_hong 12 9 3 2 0 143.7 148.96 88.62 91.57 55.08 57.39 0
ynao_sd_19760216_0050_hong 13 10 3 1 0 116.02 154.61 90.1 124.81 25.92 29.8 0
ynao_sd_19760217_0040_hong 7 7 0 0 0 77.85 103.68 77.85 103.68 0 0 0
ynao_sd_19760218_0030_hong 7 7 0 0 0 68.35 113.22 68.35 113.22 0 0 0
ynao_sd_19760219_0040_hong 8 8 0 0 0 41.84 80.16 41.84 80.16 0 0 0
ynao_sd_19760220_0035_hong 7 7 0 0 0 87.46 105.34 87.46 105.34 0 0 0
ynao_sd_19760221_0120_li 8 8 0 0 0 34.43 43.15 34.43 43.15 0 0 0
ynao_sd_19760222_0135_hong 9 9 0 0 0 70.25 114.06 70.25 114.06 0 0 0
ynao_sd_19760223_0035_li 4 4 0 0 0 19.74 78.33 19.74 78.33 0 0 0
ynao_sd_19760224_0025_li 5 5 0 0 0 51.95 63.74 51.95 63.74 0 0 0
ynao_sd_19760225_0250_li 4 4 0 0 0 45.04 79.62 45.04 79.62 0 0 0
ynao_sd_19760226_0040_li 6 6 0 0 0 52.49 57.96 52.49 57.96 0 0 0
ynao_sd_19760227_0040_hong 1 1 0 0 0 35.22 35.22 35.22 35.22 0 0 0
ynao_sd_19760228_0050_li 3 3 0 0 0 38.78 43.08 38.78 43.08 0 0 0
ynao_sd_19760229_0035_li 2 2 0 0 0 33.79 43.1 33.79 43.1 0 0 0
ynao_sd_19760304_0610_li 3 3 0 0 0 43.77 51.27 43.77 51.27 0 0 0
ynao_sd_19760305_0030_hong 1 1 0 0 0 27.52 27.52 27.52 27.52 0 0 0
ynao_sd_19760306_0040_hong 6 6 0 0 0 65.95 98.54 65.95 98.54 0 0 0
ynao_sd_19760307_0130_hong 7 7 0 0 0 64.31 83.78 64.31 83.78 0 0 0
ynao_sd_19760308_0040_li 3 3 0 0 0 36.13 41.29 36.13 41.29 0 0 0
ynao_sd_19760309_0050_li 5 5 0 0 0 104.11 134.41 104.11 134.41 0 0 0
ynao_sd_19760310_0030_li 4 3 1 1 0 27.08 34.02 15.28 18.99 11.8 15.03 0
ynao_sd_19760311_0050_li 11 11 0 0 0 79.98 88.31 79.98 88.31 0 0 0
ynao_sd_19760312_0110_li 15 15 0 0 0 117.53 157.65 117.53 157.65 0 0 0
ynao_sd_19760313_0030_li 10 10 0 0 0 67.7 103.03 67.7 103.03 0 0 0
ynao_sd_19760314_0110_li 15 15 0 0 0 115.21 133.15 115.21 133.15 0 0 0
ynao_sd_19760315_0050_hong 14 14 0 0 0 61.11 98.34 61.11 98.34 0 0 0
ynao_sd_19760316_0040_hong 4 4 0 0 0 21.05 33.67 21.05 33.67 0 0 0
ynao_sd_19760317_0030_hong 27 24 3 2 0 211.93 269.08 155.26 200.36 56.67 68.72 0
ynao_sd_19760318_0040_hong 40 29 11 5 0 428.54 466.18 181.47 201.96 247.07 264.22 0
ynao_sd_19760319_0040_hong 45 38 7 4 0 723.03 742.8 275.21 285.21 447.82 457.59 0
ynao_sd_19760320_0040_hong 43 30 13 4 0 966.94 1026.46 352.14 392.72 614.8 633.74 0
ynao_sd_19760321_0310_hong 40 22 18 7 0 1025.38 1148.99 242.95 270.55 782.43 878.44 0
ynao_sd_19760322_0045_li 41 35 6 4 0 644.88 840.28 239.2 300.44 405.68 539.84 0
ynao_sd_19760323_0310_li 28 24 4 3 0 547.53 921.09 159.56 249.75 387.97 671.34 0
ynao_sd_19760324_0210_li 14 10 4 3 0 377.96 955.6 114.36 326.1 263.6 629.5 0
ynao_sd_19760325_0200_li 15 9 6 3 0 427.25 1643.85 128.35 412.34 298.9 1231.51 0
ynao_sd_19760326_0055_li 26 19 7 1 0 727.99 1654.71 217.64 447.6 510.35 1207.11 0
ynao_sd_19760327_0040_li 45 33 12 2 0 1158.87 1964.97 302.87 572.35 856.0 1392.62 0
ynao_sd_19760328_0105_li 34 25 9 2 0 1284.37 1653.2 263.98 342.03 1020.39 1311.17 0
ynao_sd_19760329_0050_hong 30 23 7 2 0 1306.11 1460.1 307.78 353.05 998.33 1107.05 0
ynao_sd_19760330_0030_hong 26 17 9 1 0 1304.2 1397.95 336.61 401.72 967.59 996.23 0
ynao_sd_19760331_0030_hong 16 10 6 1 0 1300.18 1338.51 325.33 362.79 974.85 975.72 0
ynao_sd_19760401_0020_hong 23 13 10 1 0 1349.26 1391.7 370.96 394.46 978.3 997.24 0
ynao_sd_19760402_0050_hong 14 8 6 3 0 1073.51 1202.71 290.45 339.8 783.06 862.91 0
ynao_sd_19760403_0105_hong 12 5 7 1 0 857.65 1096.34 232.91 290.47 624.74 805.87 0
ynao_sd_19760404_0100_hong 12 7 5 1 0 810.09 1281.43 181.73 282.08 628.36 999.35 0
ynao_sd_19760405_0040_li 4 3 1 1 0 440.06 981.09 55.0 115.64 385.06 865.45 0
ynao_sd_19760406_0100_li 8 6 2 1 0 240.85 754.56 95.44 243.64 145.41 510.92 0
ynao_sd_19760407_0110_li 2 2 0 0 0 35.89 36.07 35.89 36.07 0 0 0
ynao_sd_19760408_0100_li 2 2 0 0 0 35.23 35.59 35.23 35.59 0 0 0
ynao_sd_19760409_0120_li 2 1 1 1 0 81.61 332.75 15.35 69.8 66.26 262.95 0
ynao_sd_19760410_0140_li 4 3 1 1 0 246.96 478.75 83.65 127.66 163.31 351.09 0
ynao_sd_19760411_0100_li 8 7 1 1 0 373.99 558.38 105.14 139.86 268.85 418.52 0
ynao_sd_19760412_0100_li 14 13 1 1 0 423.57 559.97 117.29 177.64 306.28 382.33 0
ynao_sd_19760413_0720_hong 14 13 1 1 0 529.17 590.12 131.86 165.37 397.31 424.75 0
ynao_sd_19760414_0330_hong 17 15 2 2 0 632.9 903.14 216.79 305.81 416.11 597.33 0
ynao_sd_19760415_0050_hong 11 8 3 2 0 559.9 697.54 140.72 183.46 419.18 514.08 0
ynao_sd_19760416_0025_hong 11 8 3 2 0 707.5 864.96 159.9 207.04 547.6 657.92 0
ynao_sd_19760417_0030_hong 11 8 3 2 0 721.54 856.87 218.23 247.55 503.31 609.32 0
ynao_sd_19760418_0050_hong 12 9 3 2 0 634.36 812.33 160.49 208.63 473.87 603.7 0
ynao_sd_19760419_0110_li 13 10 3 2 0 505.05 690.21 117.66 157.36 387.39 532.85 0
ynao_sd_19760420_0035_li 12 10 2 2 0 386.9 598.32 86.84 140.2 300.06 458.12 0
ynao_sd_19760421_0030_li 16 13 3 2 0 347.79 569.78 111.26 133.88 236.53 435.9 0
ynao_sd_19760422_0020_li 9 5 4 2 0 354.07 596.56 90.81 135.23 263.26 461.33 0
ynao_sd_19760424_0230_li 11 7 4 2 0 463.24 656.87 102.61 129.66 360.63 527.21 0
ynao_sd_19760425_0615_li 8 5 3 2 0 440.63 592.86 108.33 135.0 332.3 457.86 0
ynao_sd_19760426_0030_hong 15 11 4 3 0 518.36 749.08 172.72 234.86 345.64 514.22 0
ynao_sd_19760427_0020_li 15 12 3 2 0 474.36 512.16 132.2 152.77 342.16 359.39 0
ynao_sd_19760428_0030_hong 19 18 1 1 0 418.3 438.69 165.89 183.19 252.41 255.5 0
ynao_sd_19760429_0025_hong 16 15 1 1 0 420.13 469.91 162.88 195.18 257.25 274.73 0
ynao_sd_19760430_0205_hong 27 18 9 3 0 799.28 963.93 274.77 326.91 524.51 637.02 0
ynao_sd_19760501_0110_li 41 37 4 4 0 487.88 732.66 235.5 362.63 252.38 370.03 0
ynao_sd_19760505_0200_li 8 8 0 0 0 61.69 65.13 61.69 65.13 0 0 0
ynao_sd_19760506_0020_li 7 5 2 1 0 100.1 271.64 53.38 105.32 46.72 166.32 0
ynao_sd_19760507_0310_li 10 8 2 1 0 185.22 353.34 67.76 112.66 117.46 240.68 0
ynao_sd_19760508_0015_li 5 3 2 1 0 182.32 270.88 41.98 56.6 140.34 214.28 0
ynao_sd_19760509_0020_li 3 1 2 1 0 186.22 230.38 39.16 47.57 147.06 182.81 0
ynao_sd_19760510_0050_li 4 3 1 1 0 273.16 297.17 71.72 78.05 201.44 219.12 0
ynao_sd_19760511_0720_li 3 1 2 1 0 241.9 243.3 56.11 56.27 185.79 187.03 0
ynao_sd_19760512_0040_li 8 6 2 1 0 234.93 261.37 49.13 75.23 185.8 186.14 0
ynao_sd_19760513_0850_li 7 5 2 1 0 240.05 272.0 60.25 79.35 179.8 192.65 0
ynao_sd_19760514_0830_li 9 7 2 1 0 224.51 414.48 86.87 248.64 137.64 165.84 0
ynao_sd_19760515_0040_li 7 5 2 1 0 156.51 207.9 63.08 82.0 93.43 125.9 0
ynao_sd_19760516_0100_li 9 8 1 1 0 132.69 224.03 56.03 93.12 76.66 130.91 0
ynao_sd_19760517_0020_li 15 15 0 0 0 112.43 206.21 112.43 206.21 0 0 0
ynao_sd_19760518_0020_li 5 5 0 0 0 31.48 97.73 31.48 97.73 0 0 0
ynao_sd_19760519_0020_li 9 9 0 0 0 40.34 55.99 40.34 55.99 0 0 0
ynao_sd_19760520_0030_li 8 8 0 0 0 59.91 69.25 59.91 69.25 0 0 0
ynao_sd_19760521_0005_li 7 7 0 0 0 29.56 61.45 29.56 61.45 0 0 0
ynao_sd_19760522_0115_li 6 6 0 0 0 25.85 32.52 25.85 32.52 0 0 0
ynao_sd_19760523_0050_li 4 4 0 0 0 32.69 37.98 32.69 37.98 0 0 0
ynao_sd_19760524_0030_li 6 6 0 0 0 61.01 92.53 61.01 92.53 0 0 0
ynao_sd_19760525_0035_li 3 3 0 0 0 13.44 37.87 13.44 37.87 0 0 0
ynao_sd_19760526_0110_li 5 5 0 0 0 46.32 46.98 46.32 46.98 0 0 0
ynao_sd_19760527_0220_li 3 3 0 0 0 12.08 33.21 12.08 33.21 0 0 0
ynao_sd_19760528_0430_li 3 3 0 0 0 41.06 67.15 41.06 67.15 0 0 0
ynao_sd_19760529_0740_li 4 4 0 0 0 43.51 66.54 43.51 66.54 0 0 0
ynao_sd_19760530_0130_li 4 4 0 0 0 45.01 48.72 45.01 48.72 0 0 0
ynao_sd_19760531_0045_li 3 3 0 0 0 40.84 62.67 40.84 62.67 0 0 0
ynao_sd_19760601_0800_li 4 4 0 0 0 47.38 49.91 47.38 49.91 0 0 0
ynao_sd_19760602_0600_li 2 2 0 0 0 36.41 39.44 36.41 39.44 0 0 0
ynao_sd_19760603_0100_li 3 3 0 0 0 41.97 65.57 41.97 65.57 0 0 0
ynao_sd_19760604_0205_li 5 5 0 0 0 52.76 55.08 52.76 55.08 0 0 0
ynao_sd_19760605_0020_li 3 3 0 0 0 44.33 46.03 44.33 46.03 0 0 0
ynao_sd_19760606_0023_li 1 1 0 0 0 30.41 30.41 30.41 30.41 0 0 0
ynao_sd_19760608_0250_hong 12 12 0 0 0 47.66 61.27 47.66 61.27 0 0 0
ynao_sd_19760610_0210_li 6 6 0 0 0 21.77 32.29 21.77 32.29 0 0 0
ynao_sd_19760613_0200_li 5 5 0 0 0 21.08 62.33 21.08 62.33 0 0 0
ynao_sd_19760614_0100_hong 7 7 0 0 0 52.86 71.66 52.86 71.66 0 0 0
ynao_sd_19760615_0030_hong 9 8 1 1 0 82.15 244.02 48.52 143.48 33.63 100.54 0
ynao_sd_19760616_0025_hong 15 14 1 1 0 136.37 198.85 103.95 148.03 32.42 50.82 0
ynao_sd_19760617_0030_hong 20 13 7 4 0 245.06 325.13 102.42 136.67 142.64 188.46 0
ynao_sd_19760618_0220_hong 28 25 3 3 0 285.32 358.72 161.02 215.19 124.3 143.53 0
ynao_sd_19760619_0120_hong 28 22 6 2 0 330.72 375.43 171.02 210.39 159.7 165.04 0
ynao_sd_19760620_0140_hong 18 12 6 3 0 278.88 280.55 112.38 113.84 166.5 166.71 0
ynao_sd_19760621_0040_hong 23 23 0 0 0 152.12 164.66 152.12 164.66 0 0 0
ynao_sd_19760622_0220_hong 28 28 0 0 0 125.5 219.56 125.5 219.56 0 0 0
ynao_sd_19760623_0040_hong 26 24 2 1 0 190.45 362.14 132.49 239.84 57.96 122.3 0
ynao_sd_19760624_0150_hong 17 15 2 1 0 225.42 358.83 141.68 228.16 83.74 130.67 0
ynao_sd_19760625_0220_hong 15 14 1 1 0 206.02 285.19 86.96 129.03 119.06 156.16 0
ynao_sd_19760626_0250_hong 8 7 1 1 0 184.22 243.7 54.08 91.14 130.14 152.56 0
ynao_sd_19760628_1020_hong 7 6 1 1 0 181.65 239.68 77.41 118.45 104.24 121.23 0
ynao_sd_19760630_0030_hong 6 5 1 1 0 132.88 256.97 33.91 122.34 98.97 134.63 0
ynao_sd_19760701_0830_hong 4 3 1 1 0 121.04 233.85 28.42 76.87 92.62 156.98 0
ynao_sd_19760703_0255_hong 3 3 0 0 0 29.63 80.87 29.63 80.87 0 0 0
ynao_sd_19760704_0520_hong 7 7 0 0 0 42.61 74.9 42.61 74.9 0 0 0
ynao_sd_19760705_0120_hong 7 7 0 0 0 35.66 49.43 35.66 49.43 0 0 0
ynao_sd_19760706_0505_hong 7 7 0 0 0 57.61 65.61 57.61 65.61 0 0 0
ynao_sd_19760707_0520_hong 5 5 0 0 0 52.63 58.81 52.63 58.81 0 0 0
ynao_sd_19760708_0340_li 4 4 0 0 0 45.49 47.92 45.49 47.92 0 0 0
ynao_sd_19760709_0405_hong 2 2 0 0 0 35.94 36.48 35.94 36.48 0 0 0
ynao_sd_19760710_0240_hong 3 3 0 0 0 37.93 67.67 37.93 67.67 0 0 0
ynao_sd_19760711_0040_li 4 4 0 0 0 46.52 79.1 46.52 79.1 0 0 0
ynao_sd_19760712_0010_li 3 3 0 0 0 35.87 39.08 35.87 39.08 0 0 0
ynao_sd_19760713_0105_li 2 2 0 0 0 34.14 39.43 34.14 39.43 0 0 0
ynao_sd_19760714_0140_li 7 7 0 0 0 59.49 71.77 59.49 71.77 0 0 0
ynao_sd_19760715_0130_li 7 7 0 0 0 56.91 120.71 56.91 120.71 0 0 0
ynao_sd_19760716_0030_li 2 2 0 0 0 36.88 41.47 36.88 41.47 0 0 0
ynao_sd_19760717_0205_li 6 6 0 0 0 53.35 60.94 53.35 60.94 0 0 0
ynao_sd_19760718_0105_li 6 6 0 0 0 57.36 70.68 57.36 70.68 0 0 0
ynao_sd_19760719_0015_li 1 1 0 0 0 30.07 30.07 30.07 30.07 0 0 0
ynao_sd_19760720_0610_hong 3 3 0 0 0 47.36 49.87 47.36 49.87 0 0 0
ynao_sd_19760721_0505_li 3 3 0 0 0 47.55 49.68 47.55 49.68 0 0 0
ynao_sd_19760722_0330_hong 2 2 0 0 0 34.11 37.02 34.11 37.02 0 0 0
ynao_sd_19760723_0145_li 4 4 0 0 0 44.0 77.58 44.0 77.58 0 0 0
ynao_sd_19760724_0020_hong 2 2 0 0 0 33.64 33.92 33.64 33.92 0 0 0
ynao_sd_19760725_0005_hong 4 4 0 0 0 45.61 54.89 45.61 54.89 0 0 0
ynao_sd_19760726_0030_hong 7 7 0 0 0 62.36 71.07 62.36 71.07 0 0 0
ynao_sd_19760727_0030_hong 1 1 0 0 0 28.59 28.59 28.59 28.59 0 0 0
ynao_sd_19760728_0620_hong 5 5 0 0 0 47.47 50.73 47.47 50.73 0 0 0
ynao_sd_19760729_0001_li 31 31 0 0 0 124.23 166.56 124.23 166.56 0 0 0
ynao_sd_19760730_0100_li 3 3 0 0 0 41.76 45.38 41.76 45.38 0 0 0
ynao_sd_19760731_0020_li 3 3 0 0 0 39.89 44.37 39.89 44.37 0 0 0
ynao_sd_19760801_0035_li 3 2 1 1 0 59.23 425.08 23.46 129.4 35.77 295.68 0
ynao_sd_19760802_0035_hong 13 11 2 1 0 351.35 1068.03 104.2 240.53 247.15 827.5 0
ynao_sd_19760803_0030_hong 5 3 2 1 0 569.92 1094.97 114.91 192.59 455.01 902.38 0
ynao_sd_19760804_0030_hong 6 4 2 1 0 685.87 1098.6 118.46 259.96 567.41 838.64 0
ynao_sd_19760805_0100_hong 8 6 2 1 0 931.01 1138.6 188.66 230.0 742.35 908.6 0
ynao_sd_19760806_0110_hong 10 8 2 1 0 1039.79 1128.34 230.17 251.31 809.62 877.03 0
ynao_sd_19760807_0050_hong 10 7 3 1 0 969.72 1021.83 217.22 252.18 752.5 769.65 0
ynao_sd_19760808_0140_hong 15 13 2 1 0 1064.76 1097.84 269.46 291.37 795.3 806.47 0
ynao_sd_19760809_0050_li 15 11 4 1 0 1061.94 1132.49 193.45 211.42 868.49 921.07 0
ynao_sd_19760810_0020_li 23 20 3 1 0 981.52 1171.72 225.14 289.67 756.38 882.05 0
ynao_sd_19760811_0010_li 21 17 4 1 0 913.17 1225.04 221.3 280.7 691.87 944.34 0
ynao_sd_19760812_0045_li 13 9 4 1 0 560.51 970.11 120.12 186.99 440.39 783.12 0
ynao_sd_19760813_0335_li 13 10 3 1 0 326.7 868.04 82.15 224.39 244.55 643.65 0
ynao_sd_19760814_0310_li 9 9 0 1 0 128.85 404.22 67.16 74.19 61.69 330.03 0
ynao_sd_19760815_0110_li 4 4 0 0 0 50.16 76.79 50.16 76.79 0 0 0
ynao_sd_19760817_0505_hong 21 21 0 0 0 145.71 154.67 145.71 154.67 0 0 0
ynao_sd_19760818_0650_li 29 27 2 1 0 188.81 242.88 158.07 207.74 30.74 35.14 0
ynao_sd_19760819_0405_hong 15 10 5 4 0 204.48 352.68 96.71 133.69 107.77 218.99 0
ynao_sd_19760821_0900_hong 12 10 2 1 0 180.81 271.01 93.19 145.7 87.62 125.31 0
ynao_sd_19760822_0030_hong 5 3 2 1 0 152.29 184.17 63.24 72.84 89.05 111.33 0
ynao_sd_19760823_0030_li 6 4 2 1 0 136.59 153.56 45.73 52.04 90.86 101.52 0
ynao_sd_19760824_0015_li 5 4 1 1 0 107.68 114.67 38.93 41.54 68.75 73.13 0
ynao_sd_19760825_0115_li 5 5 0 0 0 78.37 90.09 78.37 90.09 0 0 0
ynao_sd_19760826_0610_li 6 6 0 0 0 77.64 89.7 77.64 89.7 0 0 0
ynao_sd_19760827_0215_li 5 5 0 0 0 51.35 54.0 51.35 54.0 0 0 0
ynao_sd_19760828_0250_li 7 7 0 0 0 70.49 84.28 70.49 84.28 0 0 0
ynao_sd_19760829_0130_li 1 0 1 1 0 84.28 311.59 15.82 57.66 68.46 253.93 0
ynao_sd_19760830_0200_hong 2 1 1 1 0 240.32 501.68 55.67 120.32 184.65 381.36 0
ynao_sd_19760831_0250_hong 7 6 1 1 0 360.13 539.63 113.25 159.42 246.88 380.21 0
ynao_sd_19760901_0120_hong 7 4 3 2 0 506.14 694.48 146.45 224.12 359.69 470.36 0
ynao_sd_19760902_0530_hong 11 9 2 2 0 494.91 622.59 133.53 205.22 361.38 417.37 0
ynao_sd_19760903_0205_hong 7 6 1 1 0 490.75 536.38 143.19 177.26 347.56 359.12 0
ynao_sd_19760904_0150_hong 10 9 1 1 0 537.12 556.71 148.96 163.47 388.16 393.24 0
ynao_sd_19760905_0200_hong 6 5 1 1 0 482.63 510.47 125.29 138.45 357.34 372.02 0
ynao_sd_19760906_0540_lik 5 4 1 1 0 421.65 594.84 125.21 252.09 296.44 342.75 0
ynao_sd_19760907_0120_lik 1 0 1 1 0 329.05 431.05 63.7 83.43 265.35 347.62 0
ynao_sd_19760908_0040_hong 5 4 1 1 0 316.51 498.73 111.65 164.12 204.86 334.61 0
ynao_sd_19760909_0110_lik 5 4 1 1 0 201.75 415.9 75.52 120.19 126.23 295.71 0
ynao_sd_19760910_0035_lik 13 11 2 2 0 178.14 539.56 104.1 291.66 74.04 247.9 0
ynao_sd_19760911_0120_lik 23 20 3 2 0 313.98 351.7 171.31 191.03 142.67 160.67 0
ynao_sd_19760912_0425_lik 22 20 2 3 0 289.34 348.32 157.15 198.46 132.19 149.86 0
ynao_sd_19760913_0330_hong 19 17 2 1 0 168.46 228.83 82.53 124.22 85.93 104.61 0
ynao_sd_19760914_0330_hong 8 5 3 1 0 104.11 135.39 56.97 67.16 47.14 68.23 0
ynao_sd_19760915_0310_hong 10 8 2 1 0 78.83 148.64 49.4 94.85 29.43 53.79 0
ynao_sd_19760916_0720_hong 5 5 0 0 0 50.01 79.4 50.01 79.4 0 0 0
ynao_sd_19760917_0810_hong 8 7 1 1 0 97.57 131.87 69.88 86.81 27.69 45.06 0
ynao_sd_19760918_0220_hong 4 4 0 0 0 18.47 24.64 18.47 24.64 0 0 0
ynao_sd_19760919_0450_hong 4 4 0 0 0 46.64 76.59 46.64 76.59 0 0 0
ynao_sd_19760921_0240_wang 1 1 0 0 0 4.59 4.75 4.59 4.75 0 0 0
ynao_sd_19760923_0025_wang 5 5 0 0 0 48.18 57.49 48.18 57.49 0 0 0
ynao_sd_19760924_0145_wang 6 6 0 0 0 28.2 55.72 28.2 55.72 0 0 0
ynao_sd_19760927_0200_hong 3 2 1 1 0 224.05 340.47 70.42 91.09 153.63 249.38 0
ynao_sd_19760928_0035_hong 6 3 3 2 0 416.77 592.68 109.67 161.22 307.1 431.46 0
ynao_sd_19760930_0030_hong 9 7 2 2 0 483.22 565.82 152.21 200.66 331.01 365.16 0
ynao_sd_19761001_0030_li 8 6 2 2 0 428.84 462.46 120.55 129.74 308.29 332.72 0
ynao_sd_19761002_0100_hong 8 6 2 3 0 515.18 595.48 141.48 180.57 373.7 414.91 0
ynao_sd_19761003_0050_hong 8 4 4 3 0 417.99 497.79 114.22 136.67 303.77 361.12 0
ynao_sd_19761004_0045_li 7 4 3 2 0 308.0 416.51 79.22 112.46 228.78 304.05 0
ynao_sd_19761005_0100_li 5 3 2 2 0 239.26 387.26 46.64 69.86 192.62 317.4 0
ynao_sd_19761006_0340_li 10 8 2 2 0 204.45 464.38 83.91 161.3 120.54 303.08 0
ynao_sd_19761007_0230_li 5 4 1 1 0 109.89 302.09 71.56 163.17 38.33 138.92 0
ynao_sd_19761008_0140_li 4 4 0 0 0 45.82 49.59 45.82 49.59 0 0 0
ynao_sd_19761009_0040_li 4 4 0 0 0 41.12 41.56 41.12 41.56 0 0 0
ynao_sd_19761010_0130_li 6 6 0 0 0 54.37 72.48 54.37 72.48 0 0 0
ynao_sd_19761011_0010_wang 4 4 0 0 0 52.46 58.89 52.46 58.89 0 0 0
ynao_sd_19761012_0245_wang 6 6 0 0 0 75.37 218.72 75.37 218.72 0 0 0
ynao_sd_19761013_0150_hong 4 3 1 1 0 93.81 193.1 57.68 85.85 36.13 107.25 0
ynao_sd_19761014_0615_wang 17 15 2 2 0 264.78 414.52 207.49 321.29 57.29 93.23 0
ynao_sd_19761015_0255_wang 22 17 5 2 0 223.18 301.34 109.37 160.05 113.81 141.29 0
ynao_sd_19761016_0050_wang 23 15 8 2 0 378.68 448.06 148.92 175.48 229.76 272.58 0
ynao_sd_19761017_0035_wang 25 20 5 3 0 455.09 623.07 218.58 342.35 236.51 280.72 0
ynao_sd_19761018_0040_hong 18 14 4 3 0 351.47 438.63 122.33 152.62 229.14 286.01 0
ynao_sd_19761022_0040_hong 6 6 0 0 0 42.26 55.02 42.26 55.02 0 0 0
ynao_sd_19761023_0030_hong 26 26 0 0 0 158.49 277.7 158.49 277.7 0 0 0
ynao_sd_19761024_0130_hong 23 21 2 1 0 360.96 391.54 179.33 194.29 181.63 197.25 0
ynao_sd_19761025_0140_li 35 32 3 2 0 384.75 429.87 212.0 234.98 172.75 194.89 0
ynao_sd_19761026_0350_li 21 12 9 3 0 708.86 871.84 188.06 228.29 520.8 643.55 0
ynao_sd_19761029_0320_li 16 14 2 2 0 176.97 458.34 120.85 320.66 56.12 137.68 0
ynao_sd_19761030_0140_li 1 1 0 0 0 32.72 32.72 32.72 32.72 0 0 0
ynao_sd_19761031_0010_li 7 7 0 0 0 58.06 68.17 58.06 68.17 0 0 0
ynao_sd_19761101_0505_zhao 5 5 0 0 0 65.77 82.34 65.77 82.34 0 0 0
ynao_sd_19761102_0245_zha 2 2 0 0 0 11.78 40.75 11.78 40.75 0 0 0
ynao_sd_19761103_0220_zhao 4 4 0 0 0 47.61 49.3 47.61 49.3 0 0 0
ynao_sd_19761104_0135_zhao 3 3 0 0 0 43.18 67.7 43.18 67.7 0 0 0
ynao_sd_19761105_0315_zhao 2 2 0 0 0 32.5 33.44 32.5 33.44 0 0 0
ynao_sd_19761106_0040_zhao 5 5 0 0 0 24.19 31.18 24.19 31.18 0 0 0
ynao_sd_19761107_0025_zhao 2 2 0 0 0 36.29 59.71 36.29 59.71 0 0 0
ynao_sd_19761108_0230_wang 6 6 0 0 0 68.93 182.53 68.93 182.53 0 0 0
ynao_sd_19761109_0050_wang 6 6 0 0 0 53.29 80.92 53.29 80.92 0 0 0
ynao_sd_19761110_0630_wang 1 1 0 0 0 31.61 31.61 31.61 31.61 0 0 0
ynao_sd_19761111_0350_wang 3 3 0 0 0 46.76 128.26 46.76 128.26 0 0 0
ynao_sd_19761112_0040_li 4 4 0 0 0 58.92 159.62 58.92 159.62 0 0 0
ynao_sd_19761113_0200_wang 4 4 0 0 0 47.6 50.75 47.6 50.75 0 0 0
ynao_sd_19761114_0710_wang 1 1 0 0 0 32.89 32.89 32.89 32.89 0 0 0
ynao_sd_19761115_0110_hong 4 4 0 0 0 47.08 50.79 47.08 50.79 0 0 0
ynao_sd_19761116_0020_hong 3 3 0 0 0 37.89 38.76 37.89 38.76 0 0 0
ynao_sd_19761118_0740_hong 7 6 1 1 0 249.04 632.84 91.27 240.03 157.77 392.81 0
ynao_sd_19761119_0130_hong 16 15 1 1 0 290.4 555.23 104.03 218.13 186.37 337.1 0
ynao_sd_19761129_0815_wang 3 2 1 1 0 49.83 209.19 18.59 62.59 31.24 146.6 0
ynao_sd_19761201_0130_wang 5 5 0 0 0 60.91 94.2 60.91 94.2 0 0 0
ynao_sd_19761202_0300_wang 3 3 0 0 0 39.42 39.95 39.42 39.95 0 0 0
ynao_sd_19761203_0810_wang 2 2 0 0 0 34.55 35.96 34.55 35.96 0 0 0
ynao_sd_19761204_0150_wang 4 4 0 0 0 42.26 44.05 42.26 44.05 0 0 0
ynao_sd_19761205_0040_wang 3 3 0 0 0 39.35 42.73 39.35 42.73 0 0 0
ynao_sd_19761206_0135_zhao 3 3 0 0 0 37.11 65.48 37.11 65.48 0 0 0
ynao_sd_19761207_0455_zhao 6 6 0 0 0 51.68 83.13 51.68 83.13 0 0 0
ynao_sd_19761210_0050_hong 19 18 1 1 0 393.84 461.51 176.74 232.23 217.1 229.28 0
ynao_sd_19761211_0040_hong 18 14 4 1 0 467.87 475.97 165.08 170.6 302.79 305.37 0
ynao_sd_19761212_0050_zhao 25 16 9 2 0 725.0 758.36 244.25 272.44 480.75 485.92 0
ynao_sd_19761213_0140_zhao 22 19 3 1 0 540.88 605.37 196.82 234.55 344.06 370.82 0
ynao_sd_19761214_0850_hong 19 16 3 2 0 541.82 937.04 222.12 315.8 319.7 621.24 0
ynao_sd_19761215_0100_zhao 24 16 8 7 0 729.01 1223.64 273.48 430.96 455.53 792.68 0
ynao_sd_19761216_0030_zhao 20 16 4 3 0 669.33 1211.23 233.51 408.87 435.82 802.36 0
ynao_sd_19761217_0040_zhao 11 7 4 3 0 438.83 806.59 135.45 266.92 303.38 539.67 0
ynao_sd_19761218_0130_hong 11 10 1 1 0 327.26 414.47 132.73 175.42 194.53 239.05 0
ynao_sd_19761219_0105_zhao 8 7 1 1 0 388.17 480.44 123.79 191.54 264.38 288.9 0
ynao_sd_19761220_0040_hong 7 6 1 1 0 360.95 404.29 102.88 137.31 258.07 266.98 0
ynao_sd_19761221_0040_zhao 8 6 2 1 0 399.05 448.39 95.59 136.2 303.46 312.19 0
ynao_sd_19761222_0030_hong 4 3 1 1 0 316.79 342.09 73.49 79.22 243.3 262.87 0
ynao_sd_19761223_0035_hong 6 5 1 1 0 280.04 362.99 74.74 115.28 205.3 247.71 0
ynao_sd_19761224_0040_hong 7 5 2 2 0 309.7 583.01 107.35 189.67 202.35 393.34 0
ynao_sd_19761225_0140_wang 7 1 6 3 0 206.96 576.56 58.47 184.3 148.49 392.26 0
ynao_sd_19761226_0100_hong 12 7 5 4 0 294.39 737.29 68.0 179.11 226.39 558.18 0
ynao_sd_19761227_0120_wang 16 11 5 4 0 304.27 458.69 147.99 218.15 156.28 240.54 0
ynao_sd_19761228_0100_wang 17 15 2 1 0 347.72 485.62 169.11 270.15 178.61 215.47 0
ynao_sd_19761229_0040_wang 15 13 2 2 0 264.71 297.33 114.93 134.29 149.78 163.04 0
ynao_sd_19761230_0100_wang 21 17 4 1 0 330.13 348.15 138.31 148.38 191.82 199.77 0
ynao_sd_19761231_0100_wang 22 21 1 1 0 330.54 347.13 157.65 165.48 172.89 181.65 0
