ynao_sd_19780101_0120_wang 76 58 18 8 0 1310.01 1567.31 504.79 605.86 805.22 961.45 0
ynao_sd_19780103_0830_duan 73 46 27 9 0 2071.23 2888.34 683.47 979.28 1387.76 1909.06 0
ynao_sd_19780106_0950_duan 51 46 5 4 0 862.08 1359.27 459.78 726.52 402.3 632.75 0
ynao_sd_19780107_0100_duan 26 18 8 5 0 627.04 1166.21 249.67 434.38 377.37 731.83 0
ynao_sd_19780108_0410_duan 27 26 1 1 0 257.99 659.13 221.94 526.34 36.05 132.79 0
ynao_sd_19780109_0100_wang 13 12 1 1 0 99.36 214.83 63.1 92.09 36.26 122.74 0
ynao_sd_19780110_0340_wang 13 13 0 0 0 57.93 101.3 57.93 101.3 0 0 0
ynao_sd_19780112_0050_wang 18 17 1 1 0 173.58 203.51 100.95 123.72 72.63 79.79 0
ynao_sd_19780113_0050_wang 15 11 4 3 0 246.31 266.36 112.53 121.78 133.78 144.58 0
ynao_sd_19780114_0050_wang 26 24 2 1 0 191.86 223.77 141.54 168.0 50.32 55.77 0
ynao_sd_19780115_0440_wang 21 20 1 1 0 251.4 366.05 162.66 242.9 88.74 123.15 0
ynao_sd_19780116_0350_hong 18 17 1 1 0 244.8 417.03 126.35 210.23 118.45 206.8 0
ynao_sd_19780117_0640_hong 13 12 1 1 0 139.98 303.74 78.8 129.75 61.18 173.99 0
ynao_sd_19780119_0250_hong 4 4 0 0 0 18.71 53.55 18.71 53.55 0 0 0
ynao_sd_19780120_0205_hong 3 3 0 0 0 23.56 28.22 23.56 28.22 0 0 0
ynao_sd_19780121_0440_wang 8 7 1 1 0 71.73 238.53 36.35 95.6 35.38 142.93 0
ynao_sd_19780122_0440_hong 17 13 4 2 0 358.11 619.77 115.27 183.35 242.84 436.42 0
ynao_sd_19780123_0100_duan 20 14 6 3 0 441.13 942.23 196.44 425.82 244.69 516.41 0
ynao_sd_19780124_0130_wang 34 33 1 2 0 330.54 621.03 204.41 397.58 126.13 223.45 0
ynao_sd_19780125_0045_wang 19 15 4 4 0 405.79 468.66 177.09 202.88 228.7 265.78 0
ynao_sd_19780126_0100_wang 43 37 6 4 0 517.87 741.23 219.64 274.66 298.23 466.57 0
ynao_sd_19780129_0150_wang 75 64 11 12 0 1223.31 1929.63 404.59 634.19 818.72 1295.44 0
ynao_sd_19780130_0115_duan 73 55 18 11 0 1289.94 1855.42 557.9 809.27 732.04 1046.15 0
ynao_sd_19780131_0120_duan 74 51 23 12 0 1509.34 2030.62 668.82 1005.58 840.52 1025.04 0
ynao_sd_19780201_0140_qiu 60 43 17 10 0 1494.43 2002.56 633.64 885.91 860.79 1116.65 0
ynao_sd_19780202_0100_qiu 85 60 25 13 0 1738.51 2307.43 746.01 952.3 992.5 1355.13 0
ynao_sd_19780203_0100_qiu 82 54 28 14 0 2360.56 3178.56 801.93 1067.51 1558.63 2111.05 0
ynao_sd_19780204_0100_qiu 94 69 25 15 0 2463.3 3324.0 1009.58 1365.06 1453.72 1958.94 0
ynao_sd_19780205_0040_qiu 75 56 19 16 0 2247.04 3099.2 897.4 1245.49 1349.64 1853.71 0
ynao_sd_19780206_0100_hong 95 72 23 13 0 2077.22 3938.97 697.77 1213.33 1379.45 2725.64 0
ynao_sd_19780207_0110_wang 76 58 18 9 0 2219.01 4117.44 641.46 1161.46 1577.55 2955.98 0
ynao_sd_19780208_0120_wang 66 42 24 9 0 2716.01 3978.39 602.83 914.02 2113.18 3064.37 0
ynao_sd_19780209_0205_hong 55 30 25 10 0 3130.14 4013.54 734.76 918.85 2395.38 3094.69 0
ynao_sd_19780210_0200_hong 70 37 33 12 0 3640.47 4295.48 803.52 957.48 2836.95 3338.0 0
ynao_sd_19780211_0130_hong 60 36 24 11 0 3431.31 3919.95 684.01 804.39 2747.3 3115.56 0
ynao_sd_19780212_0120_hong 76 45 31 15 0 3725.83 4362.23 887.3 1099.13 2838.53 3263.1 0
ynao_sd_19780213_0050_wang 97 72 25 12 0 3259.95 4054.89 949.09 1184.2 2310.86 2870.69 0
ynao_sd_19780214_0050_wang 81 50 31 13 0 3672.05 5364.84 843.16 1258.84 2828.89 4106.0 0
ynao_sd_19780215_0050_wang 45 27 18 7 1 3031.57 4823.12 551.15 879.46 2480.42 3943.66 30.61
ynao_sd_19780218_0505_wang 23 12 11 8 0 969.1 1720.45 208.44 415.21 760.66 1305.24 0
ynao_sd_19780219_0120_wang 38 25 13 6 0 977.59 1610.51 295.48 546.31 682.11 1064.2 0
ynao_sd_19780220_0640_qiu 43 32 11 6 0 977.64 1799.44 352.54 612.92 625.1 1186.52 0
ynao_sd_19780221_0040_qiu 39 33 6 5 0 977.22 1421.59 425.88 586.4 551.34 835.19 0
ynao_sd_19780222_0700_qiu 48 40 8 5 0 1134.01 1671.66 449.23 621.48 684.78 1050.18 0
ynao_sd_19780223_0410_qiu 89 76 13 7 0 1397.56 2058.58 696.95 948.3 700.61 1110.28 0
ynao_sd_19780224_0200_qiu 50 40 10 8 0 1228.58 1817.39 476.12 654.41 752.46 1162.98 0
ynao_sd_19780225_0120_qiu 90 67 23 12 0 1686.16 2629.28 680.65 998.0 1005.51 1631.28 0
ynao_sd_19780226_0310_qiu 62 48 14 13 0 1597.83 2094.13 604.02 802.14 993.81 1291.99 0
ynao_sd_19780227_0150_hong 45 36 9 8 0 1215.6 1561.71 382.72 513.72 832.88 1047.99 0
ynao_sd_19780228_0040_hong 46 31 15 10 0 1203.65 1570.19 350.2 471.7 853.45 1098.49 0
ynao_sd_19780301_0040_hong 34 20 14 8 0 1128.01 1623.76 249.21 356.38 878.8 1267.38 0
ynao_sd_19780302_0045_hong 34 23 11 9 0 884.74 1411.85 267.74 472.5 617.0 939.35 0
ynao_sd_19780303_0040_hong 44 30 14 11 0 1280.53 2279.04 357.05 663.54 923.48 1615.5 0
ynao_sd_19780304_0040_hong 45 33 12 7 0 1352.01 2495.04 393.84 747.69 958.17 1747.35 0
ynao_sd_19780305_0130_hong 46 32 14 10 0 1610.37 2814.5 429.62 747.03 1180.75 2067.47 0
ynao_sd_19780306_0040_wang 66 58 8 7 0 1554.61 2185.06 507.21 684.7 1047.4 1500.36 0
ynao_sd_19780307_0040_wang 49 42 7 5 0 1551.91 1993.32 465.14 569.53 1086.77 1423.79 0
ynao_sd_19780308_0155_wang 75 66 9 6 0 2114.11 3456.13 555.97 766.15 1558.14 2689.98 0
ynao_sd_19780309_0055_wang 66 54 12 5 2 2541.33 3799.71 564.83 781.78 1976.5 3017.93 51.21
ynao_sd_19780310_0110_wang 77 61 16 7 0 2738.55 4581.27 623.31 1140.98 2115.24 3440.29 0
ynao_sd_19780311_0210_wang 77 58 19 9 0 2987.03 4808.47 655.69 1122.25 2331.34 3686.22 0
ynao_sd_19780312_0055_wang 64 46 18 9 0 3230.06 4689.36 658.16 972.49 2571.9 3716.87 0
ynao_sd_19780313_0230_qiu 51 24 27 8 0 3375.64 4165.36 977.43 1198.54 2398.21 2966.82 0
ynao_sd_19780314_0140_qiu 63 28 35 9 0 3377.21 4089.05 958.51 1153.64 2418.7 2935.41 0
ynao_sd_19780315_0230_qiu 73 49 24 10 0 2932.54 3522.65 880.46 1076.84 2052.08 2445.81 0
ynao_sd_19780316_0050_qiu 68 52 16 8 0 2490.08 3115.7 812.19 1031.77 1677.89 2083.93 0
ynao_sd_19780317_0100_qiu 44 35 9 6 0 2037.81 2659.79 552.76 757.65 1485.05 1902.14 0
ynao_sd_19780318_0050_qiu 41 26 15 9 0 1862.99 2688.3 540.03 768.94 1322.96 1919.36 0
ynao_sd_19780319_0050_qiu 48 31 17 10 0 2005.72 3078.39 616.82 863.4 1388.9 2214.99 0
ynao_sd_19780320_0050_hong 32 22 10 6 0 1089.94 1831.89 285.94 429.08 804.0 1402.81 0
ynao_sd_19780322_0040_hong 26 21 5 6 0 368.95 659.9 149.72 270.24 219.23 389.66 0
ynao_sd_19780323_0130_wang 30 27 3 3 0 353.27 543.79 193.73 299.16 159.54 244.63 0
ynao_sd_19780324_0040_hong 14 8 6 3 0 230.21 322.86 93.44 155.49 136.77 167.37 0
ynao_sd_19780325_0040_hong 29 27 2 2 0 214.79 308.09 144.81 228.89 69.98 79.2 0
ynao_sd_19780326_0050_hong 25 21 4 3 0 238.01 338.59 133.73 217.97 104.28 120.62 0
ynao_sd_19780327_0050_wang 39 38 1 1 0 200.03 226.09 171.4 195.67 28.63 30.42 0
ynao_sd_19780328_0050_wang 36 34 2 1 0 325.53 382.11 161.5 184.44 164.03 197.67 0
ynao_sd_19780329_0100_wang 18 17 1 1 0 260.49 359.02 115.82 155.62 144.67 203.4 0
ynao_sd_19780330_0010_wang 26 23 3 1 0 216.46 373.3 123.37 215.51 93.09 157.79 0
ynao_sd_19780331_0220_wang 12 10 2 2 0 168.87 352.06 67.24 121.74 101.63 230.32 0
ynao_sd_19780401_0100_wang 19 17 2 2 0 283.55 729.88 133.77 277.06 149.78 452.82 0
ynao_sd_19780402_0025_wang 28 22 6 3 0 703.97 1708.39 181.81 358.27 522.16 1350.12 0
ynao_sd_19780403_0120_chao 39 31 8 3 0 1023.36 1732.55 389.92 615.38 633.44 1117.17 0
ynao_sd_19780404_0100_chao 56 43 13 5 0 1261.61 1918.72 421.74 694.0 839.87 1224.72 0
ynao_sd_19780405_0140_wang 39 23 16 5 0 1596.69 2173.8 282.57 384.34 1314.12 1789.46 0
ynao_sd_19780406_0110_chao 66 50 16 6 0 2059.72 2668.76 613.17 835.26 1446.55 1833.5 0
ynao_sd_19780407_0110_chao 63 44 19 11 0 1781.9 2138.15 573.79 698.36 1208.11 1439.79 0
ynao_sd_19780408_0110_chao 73 50 23 11 0 1585.3 1949.55 595.35 757.91 989.95 1191.64 0
ynao_sd_19780409_0200_chao 71 53 18 11 0 1441.01 2205.36 644.43 1075.02 796.58 1130.34 0
ynao_sd_19780410_0030_hong 100 70 30 15 0 1451.52 2573.56 545.54 1048.82 905.98 1524.74 0
ynao_sd_19780411_0100_hong 84 69 15 8 0 1138.2 1879.88 507.05 785.25 631.15 1094.63 0
ynao_sd_19780412_0140_hong 76 64 12 10 0 1250.06 2230.17 449.68 732.15 800.38 1498.02 0
ynao_sd_19780413_0150_hong 88 73 15 9 0 1251.42 2174.54 499.14 796.74 752.28 1377.8 0
ynao_sd_19780414_0120_hong 64 57 7 4 0 893.97 1152.65 417.45 536.63 476.52 616.02 0
ynao_sd_19780415_0110_hong 61 47 14 6 0 1069.86 1248.05 419.98 487.78 649.88 760.27 0
ynao_sd_19780416_0240_hong 42 25 17 10 0 1196.92 1572.69 351.98 494.93 844.94 1077.76 0
ynao_sd_19780417_0920_chao 36 21 15 9 0 1215.03 1674.88 431.45 660.37 783.58 1014.51 0
ynao_sd_19780418_0510_chao 57 47 10 9 0 1180.78 1990.68 424.07 628.83 756.71 1361.85 0
ynao_sd_19780419_0050_wang 62 46 16 12 0 1219.0 2035.28 328.66 530.81 890.34 1504.47 0
ynao_sd_19780420_0050_wang 60 45 15 9 0 1087.28 1684.11 378.33 653.52 708.95 1030.59 0
ynao_sd_19780421_0040_wang 78 70 8 6 0 1106.49 1664.77 383.35 687.46 723.14 977.31 0
ynao_sd_19780422_0000_wang 78 69 9 8 0 1167.39 1676.98 490.79 740.42 676.6 936.56 0
ynao_sd_19780423_0240_wang 88 65 23 13 0 1377.5 1695.38 495.0 697.25 882.5 998.13 0
ynao_sd_19780424_0030_wang 95 85 10 6 0 1175.39 1369.45 528.89 639.31 646.5 730.14 0
ynao_sd_19780425_0005_wang 114 98 16 7 0 1233.12 1850.07 577.65 1021.69 655.47 828.38 0
ynao_sd_19780426_0500_chao 100 72 28 12 0 1909.53 3591.12 840.58 1497.46 1068.95 2093.66 0
ynao_sd_19780427_0120_chao 78 52 26 13 0 2096.71 4302.9 709.13 1362.17 1387.58 2940.73 0
ynao_sd_19780428_0110_chao 72 44 28 13 0 2757.83 4934.4 831.02 1494.21 1926.81 3440.19 0
ynao_sd_19780429_0030_chao 47 23 24 8 0 3466.25 4657.53 870.7 1213.14 2595.55 3444.39 0
ynao_sd_19780430_0110_chao 63 33 30 9 0 3159.07 3811.15 959.99 1192.26 2199.08 2618.89 0
ynao_sd_19780501_0100_hong 69 47 22 11 0 2838.4 3545.11 683.78 849.08 2154.62 2696.03 0
ynao_sd_19780502_0230_hong 82 44 38 17 0 2944.1 3694.54 689.98 855.61 2254.12 2838.93 0
ynao_sd_19780503_0420_hong 85 48 37 17 0 2958.54 3921.07 638.71 862.5 2319.83 3058.57 0
ynao_sd_19780504_0340_hong 66 38 28 14 0 2355.98 3316.34 542.75 770.81 1813.23 2545.53 0
ynao_sd_19780505_0050_hong 67 39 28 14 0 2133.52 3255.19 509.39 757.26 1624.13 2497.93 0
ynao_sd_19780506_0040_hong 71 43 28 20 0 1772.8 3524.65 442.7 813.83 1330.1 2710.82 0
ynao_sd_19780508_0310_wang 40 28 12 8 0 780.31 1674.61 238.89 465.41 541.42 1209.2 0
ynao_sd_19780509_0100_wang 43 40 3 3 0 516.24 759.18 232.56 380.46 283.68 378.72 0
ynao_sd_19780510_0910_wang 20 13 7 6 0 587.18 859.37 161.78 246.16 425.4 613.21 0
ynao_sd_19780513_1035_wang 33 24 9 7 0 1078.43 1818.39 254.36 416.39 824.07 1402.0 0
ynao_sd_19780514_0010_wang 83 73 10 7 0 1246.33 1911.65 416.56 619.14 829.77 1292.51 0
ynao_sd_19780515_0150_hong 58 47 11 9 0 1399.36 1955.73 429.92 592.43 969.44 1363.3 0
ynao_sd_19780521_0100_chao 39 33 6 3 0 684.5 962.82 311.88 521.08 372.62 441.74 0
ynao_sd_19780522_0020_hong 37 27 10 5 0 744.01 1314.64 244.66 428.62 499.35 886.02 0
ynao_sd_19780523_0410_hong 38 23 15 8 0 1389.24 3266.24 343.27 712.33 1045.97 2553.91 0
ynao_sd_19780524_0400_hong 52 33 19 10 0 1557.3 2536.59 386.98 667.85 1170.32 1868.74 0
ynao_sd_19780525_0650_hong 53 36 17 13 0 1629.91 2299.74 446.25 624.79 1183.66 1674.95 0
ynao_sd_19780526_0200_hong 68 47 21 12 0 1967.83 2450.74 545.95 731.86 1421.88 1718.88 0
ynao_sd_19780527_0110_hong 84 57 27 12 1 2033.55 2377.98 677.11 834.2 1356.44 1543.78 19.08
ynao_sd_19780528_0100_hong 93 72 21 13 0 2180.32 2409.84 711.52 811.55 1468.8 1598.29 0
ynao_sd_19780529_0050_lik 64 45 19 7 0 1853.81 2087.25 518.32 587.95 1335.49 1499.3 0
ynao_sd_19780530_0025_lik 46 30 16 6 0 1681.68 2059.88 444.18 556.88 1237.5 1503.0 0
ynao_sd_19780531_0015_wang 87 75 12 7 0 1366.49 1911.38 494.65 690.54 871.84 1220.84 0
ynao_sd_19780601_0125_lik 54 41 13 7 0 1084.39 1772.16 388.31 580.8 696.08 1191.36 0
ynao_sd_19780602_0040_lik 61 49 12 8 0 1136.55 2284.81 432.8 752.17 703.75 1532.64 0
ynao_sd_19780605_0300_hong 46 40 6 4 0 488.52 803.03 236.08 383.85 252.44 419.18 0
ynao_sd_19780606_0750_hong 21 18 3 2 0 271.26 613.49 125.19 317.46 146.07 296.03 0
ynao_sd_19780607_0120_hong 8 6 2 1 0 189.94 381.97 58.44 102.83 131.5 279.14 0
ynao_sd_19780609_1030_wang 11 11 0 1 0 85.47 189.49 63.6 141.69 21.87 47.8 0
ynao_sd_19780610_0400_hong 13 13 0 0 0 78.73 157.52 78.73 157.52 0 0 0
ynao_sd_19780611_0200_hong 29 27 2 2 0 213.67 288.26 150.81 216.59 62.86 71.67 0
ynao_sd_19780612_0040_li 24 24 0 0 0 162.83 271.31 162.83 271.31 0 0 0
ynao_sd_19780613_0015_li 25 22 3 2 0 294.08 525.9 174.37 266.69 119.71 259.21 0
ynao_sd_19780614_0310_li 34 29 5 3 0 353.38 513.26 166.79 216.32 186.59 296.94 0
ynao_sd_19780615_0220_li 34 26 8 3 0 449.92 667.42 189.07 283.81 260.85 383.61 0
ynao_sd_19780616_0130_li 34 27 7 6 0 800.91 1585.0 286.74 586.07 514.17 998.93 0
ynao_sd_19780618_0310_li 48 38 10 8 0 595.12 1029.7 286.24 447.41 308.88 582.29 0
ynao_sd_19780619_0640_wang 80 73 7 7 0 696.28 1372.98 332.29 548.69 363.99 824.29 0
ynao_sd_19780620_0935_wang 88 76 12 8 0 1997.49 4298.28 565.18 1093.17 1432.31 3205.11 0
ynao_sd_19780622_0950_wang 90 65 25 15 0 2709.63 4523.26 628.02 974.74 2081.61 3548.52 0
ynao_sd_19780623_0135_wang 151 114 37 20 0 2962.39 4644.32 900.75 1394.09 2061.64 3250.23 0
ynao_sd_19780624_0345_wang 159 128 31 15 0 2753.49 3720.79 967.47 1432.4 1786.02 2288.39 0
ynao_sd_19780625_0150_wang 133 102 31 17 0 2522.75 2938.2 804.03 932.5 1718.72 2005.7 0
ynao_sd_19780626_0500_chao 184 147 37 18 0 2788.27 3143.36 1130.35 1346.26 1657.92 1797.1 0
ynao_sd_19780627_0340_chao 171 146 25 14 0 2376.72 2661.57 1159.48 1334.63 1217.24 1326.94 0
ynao_sd_19780628_0220_chao 172 152 20 12 0 1900.36 2212.34 948.35 1117.09 952.01 1095.25 0
ynao_sd_19780629_0150_wang 173 154 19 13 0 1491.67 1938.29 783.36 1018.3 708.31 919.99 0
ynao_sd_19780630_0100_chao 130 121 9 9 0 1344.97 2072.49 751.69 1117.71 593.28 954.78 0
ynao_sd_19780701_0030_chao 76 69 7 6 0 923.91 1730.83 443.17 810.3 480.74 920.53 0
ynao_sd_19780702_0110_chao 49 43 6 4 0 620.56 1262.65 304.04 593.53 316.52 669.12 0
ynao_sd_19780703_0500_hong 24 21 3 2 0 388.48 593.65 165.58 236.12 222.9 357.53 0
ynao_sd_19780704_0405_hong 30 28 2 2 0 440.14 518.84 193.14 237.81 247.0 281.03 0
ynao_sd_19780705_0220_hong 45 42 3 3 0 646.63 750.64 272.95 328.3 373.68 422.34 0
ynao_sd_19780706_0610_hong 35 29 6 5 0 601.53 774.24 216.55 302.84 384.98 471.4 0
ynao_sd_19780707_0405_hong 40 34 6 5 0 639.9 1003.09 300.05 529.72 339.85 473.37 0
ynao_sd_19780708_0020_hong 31 25 6 4 0 447.94 750.19 252.65 409.44 195.29 340.75 0
ynao_sd_19780709_0100_hong 45 35 10 5 0 937.89 2386.9 325.41 699.38 612.48 1687.52 0
ynao_sd_19780710_0140_li 40 29 11 5 0 1715.57 3307.08 364.51 651.0 1351.06 2656.08 0
ynao_sd_19780711_0015_li 50 35 15 4 0 2214.24 3379.81 527.46 805.69 1686.78 2574.12 0
ynao_sd_19780712_0110_li 62 45 17 6 0 2528.32 3362.41 543.35 762.38 1984.97 2600.03 0
ynao_sd_19780713_0100_li 60 42 18 5 0 2350.74 3046.05 583.95 818.61 1766.79 2227.44 0
ynao_sd_19780714_0120_li 65 41 24 8 0 2287.26 2822.57 690.59 859.36 1596.67 1963.21 0
ynao_sd_19780715_0140_li 60 41 19 8 0 2100.43 2189.39 508.8 552.97 1591.63 1636.42 0
ynao_sd_19780716_0130_li 51 36 15 4 0 1699.48 1822.64 446.25 487.06 1253.23 1335.58 0
ynao_sd_19780717_0150_chao 110 89 21 6 0 1967.58 2239.44 779.17 894.88 1188.41 1344.56 0
ynao_sd_19780718_0640_chao 57 46 11 4 0 1449.9 1949.51 494.73 635.3 955.17 1314.21 0
ynao_sd_19780720_0020_chao 40 33 7 2 0 819.47 1656.0 301.3 522.3 518.17 1133.7 0
ynao_sd_19780721_0025_chao 32 27 5 2 0 468.51 1376.95 193.47 474.57 275.04 902.38 0
ynao_sd_19780722_0335_chao 26 24 2 1 0 246.28 364.58 147.01 225.24 99.27 139.34 0
ynao_sd_19780723_0305_chao 20 19 1 1 0 172.04 282.32 116.59 182.83 55.45 99.49 0
ynao_sd_19780724_0230_wang 9 8 1 1 0 79.06 165.47 47.2 79.98 31.86 85.49 0
ynao_sd_19780725_0200_wang 9 9 0 0 0 60.58 129.42 60.58 129.42 0 0 0
ynao_sd_19780726_0040_wang 7 7 0 0 0 33.35 68.25 33.35 68.25 0 0 0
ynao_sd_19780727_0705_wang 5 5 0 0 0 29.4 73.02 29.4 73.02 0 0 0
ynao_sd_19780728_0000_wang 9 8 1 2 0 102.14 347.57 32.08 57.86 70.06 289.71 0
ynao_sd_19780729_0010_wang 21 18 3 2 0 190.81 383.89 97.15 163.72 93.66 220.17 0
ynao_sd_19780730_0000_wang 22 19 3 3 0 257.53 452.32 106.12 183.08 151.41 269.24 0
ynao_sd_19780731_0130_hong 21 19 2 2 0 315.99 447.57 143.76 202.82 172.23 244.75 0
ynao_sd_19780801_0020_hong 12 9 3 2 0 311.84 380.43 86.95 108.13 224.89 272.3 0
ynao_sd_19780802_0650_hong 24 21 3 2 0 419.77 490.42 177.68 227.47 242.09 262.95 0
ynao_sd_19780803_0035_hong 19 13 6 2 0 418.86 460.29 121.25 137.95 297.61 322.34 0
ynao_sd_19780804_0040_hong 24 20 4 2 0 455.45 517.11 159.12 189.81 296.33 327.3 0
ynao_sd_19780805_0110_hong 35 26 9 4 0 423.37 792.91 166.67 384.32 256.7 408.59 0
ynao_sd_19780806_0340_hong 37 31 6 3 0 419.86 805.15 207.86 443.22 212.0 361.93 0
ynao_sd_19780807_0150_chao 48 42 6 5 0 560.61 970.54 299.19 506.93 261.42 463.61 0
ynao_sd_19780808_0220_chao 50 39 11 4 0 906.46 1459.38 297.38 512.85 609.08 946.53 0
ynao_sd_19780809_0105_chao 76 62 14 8 0 1142.04 1615.11 476.4 611.21 665.64 1003.9 0
ynao_sd_19780810_0655_chao 67 53 14 5 0 924.88 1078.6 440.94 511.2 483.94 567.4 0
ynao_sd_19780811_0025_chao 60 53 7 3 0 705.81 846.28 377.88 455.25 327.93 391.03 0
ynao_sd_19780812_0225_chao 55 50 5 3 0 578.86 738.84 292.7 377.27 286.16 361.57 0
ynao_sd_19780813_0030_chao 53 51 2 4 0 607.4 894.51 332.74 483.71 274.66 410.8 0
ynao_sd_19780814_0025_wang 65 56 9 7 0 563.35 1120.25 323.45 615.27 239.9 504.98 0
ynao_sd_19780815_0040_wang 47 42 5 5 0 462.21 1137.99 226.55 456.88 235.66 681.11 0
ynao_sd_19780816_0030_wang 33 28 5 2 0 436.82 1054.61 232.47 603.16 204.35 451.45 0
ynao_sd_19780817_0030_wang 41 37 4 3 0 496.96 827.41 215.89 337.29 281.07 490.12 0
ynao_sd_19780818_0250_wang 35 25 10 3 0 577.72 822.24 204.99 290.37 372.73 531.87 0
ynao_sd_19780819_0000_wang 19 16 3 3 0 583.91 830.24 146.48 215.91 437.43 614.33 0
ynao_sd_19780820_0030_wang 13 9 4 3 0 510.11 697.51 104.62 143.33 405.49 554.18 0
ynao_sd_19780821_0030_hong 13 11 2 1 0 443.64 495.3 124.32 142.69 319.32 352.61 0
ynao_sd_19780822_0020_hong 13 10 3 1 0 405.66 486.89 109.08 152.27 296.58 334.62 0
ynao_sd_19780823_0030_hong 19 17 2 2 0 400.17 524.06 132.44 196.79 267.73 327.27 0
ynao_sd_19780824_0110_hong 21 19 2 1 0 346.01 534.37 156.2 265.32 189.81 269.05 0
ynao_sd_19780825_0030_hong 25 23 2 2 0 307.98 488.77 137.33 191.74 170.65 297.03 0
ynao_sd_19780826_0135_wang 13 12 1 1 0 150.15 308.97 77.7 124.76 72.45 184.21 0
ynao_sd_19780827_0040_hong 21 19 2 2 0 179.39 449.56 116.46 208.06 62.93 241.5 0
ynao_sd_19780830_0220_chao 46 36 10 3 0 594.26 1582.99 264.04 618.95 330.22 964.04 0
ynao_sd_19780831_0300_chao 56 45 11 3 0 863.42 1674.95 458.68 893.67 404.74 781.28 0
ynao_sd_19780901_0020_qiu 77 65 12 7 0 1150.94 1652.94 568.78 811.72 582.16 841.22 0
ynao_sd_19780902_0100_qiu 109 78 31 15 1 2546.53 3167.97 822.85 1034.82 1723.68 2133.15 35.84
ynao_sd_19780903_0130_qiu 93 57 36 13 0 3453.92 4274.87 969.58 1186.42 2484.34 3088.45 0
ynao_sd_19780906_0015_wang 150 118 32 12 0 3227.11 4837.58 971.01 1416.22 2256.1 3421.36 0
ynao_sd_19780907_0640_wang 165 130 35 17 0 3044.49 4521.21 962.39 1446.5 2082.1 3074.71 0
ynao_sd_19780908_0030_wang 127 84 43 21 0 3541.17 5705.69 796.55 1239.57 2744.62 4466.12 0
ynao_sd_19780910_0910_wang 70 56 14 10 0 1405.79 2794.71 454.07 908.0 951.72 1886.71 0
ynao_sd_19780911_0950_hong 53 42 11 7 0 1031.14 1960.58 352.16 624.0 678.98 1336.58 0
ynao_sd_19780912_0700_hong 42 33 9 8 0 1114.05 2161.29 331.3 600.19 782.75 1561.1 0
ynao_sd_19780913_0820_hong 48 33 15 8 0 1301.98 2194.74 398.12 660.64 903.86 1534.1 0
ynao_sd_19780914_0220_hong 57 46 11 10 0 1542.68 2450.49 460.19 781.43 1082.49 1669.06 0
ynao_sd_19780915_0150_hong 55 39 16 10 0 1894.86 2887.04 442.9 697.77 1451.96 2189.27 0
ynao_sd_19780916_0220_hong 72 51 21 12 0 2880.2 4178.92 806.35 1166.14 2073.85 3012.78 0
ynao_sd_19780917_0230_hong 78 48 30 13 0 3549.48 4632.35 812.42 1044.78 2737.06 3587.57 0
ynao_sd_19780918_0410_wang 96 69 27 13 0 3629.8 4632.38 798.26 1035.98 2831.54 3596.4 0
ynao_sd_19780919_0315_qiu 87 49 38 12 0 3796.14 4681.57 984.77 1218.0 2811.37 3463.57 0
ynao_sd_19780920_0020_qiu 127 76 51 11 0 4102.03 5079.11 1062.0 1383.25 3040.03 3695.86 0
ynao_sd_19780921_0205_qiu 130 88 42 12 0 4391.7 5508.35 1147.91 1503.05 3243.79 4005.3 0
ynao_sd_19780928_0445_wang 52 44 8 9 0 916.16 1251.44 362.5 517.47 553.66 733.97 0
ynao_sd_19780929_0020_wang 55 45 10 6 0 891.31 1235.07 343.27 566.85 548.04 668.22 0
ynao_sd_19780930_0035_wang 59 55 4 4 0 776.56 1197.7 339.06 549.44 437.5 648.26 0
ynao_sd_19781001_0045_wang 67 62 5 3 0 922.64 1402.02 408.61 601.51 514.03 800.51 0
ynao_sd_19781002_0040_li 26 21 5 3 0 518.09 681.73 154.74 255.69 363.35 426.04 0
ynao_sd_19781003_0030_li 43 37 6 4 0 586.74 718.18 240.65 310.21 346.09 407.97 0
ynao_sd_19781004_0120_li 42 36 6 4 0 580.83 696.92 214.83 256.5 366.0 440.42 0
ynao_sd_19781006_0025_li 33 29 4 2 0 414.28 553.24 201.19 264.67 213.09 288.57 0
ynao_sd_19781007_0250_li 34 29 5 2 0 739.05 1102.17 268.79 488.24 470.26 613.93 0
ynao_sd_19781011_0100_hong 81 56 25 13 0 1778.56 3255.31 478.0 808.35 1300.56 2446.96 0
ynao_sd_19781012_0740_hong 82 59 23 15 0 2203.39 3618.46 600.36 944.85 1603.03 2673.61 0
ynao_sd_19781013_0040_hong 71 48 23 15 0 1893.61 3362.7 536.19 872.1 1357.42 2490.6 0
ynao_sd_19781014_0340_hong 126 98 28 15 0 2145.85 4114.83 726.01 1139.1 1419.84 2975.73 0
ynao_sd_19781015_0010_hong 95 72 23 14 0 2248.14 3157.13 734.31 999.7 1513.83 2157.43 0
ynao_sd_19781016_0025_qiu 104 81 23 13 0 2650.68 3546.22 917.91 1225.14 1732.77 2321.08 0
ynao_sd_19781017_0020_qiu 100 71 29 12 0 2546.14 3460.76 861.01 1163.77 1685.13 2296.99 0
ynao_sd_19781018_0325_qiu 77 49 28 16 0 2267.19 3782.3 673.21 1186.71 1593.98 2595.59 0
ynao_sd_19781019_0135_qiu 94 68 26 19 0 2328.8 4412.76 774.33 1385.36 1554.47 3027.4 0
ynao_sd_19781020_0130_qiu 93 73 20 14 0 2204.38 3679.39 876.95 1433.81 1327.43 2245.58 0
ynao_sd_19781021_0120_qiu 70 50 20 13 0 1950.35 2923.04 640.8 945.29 1309.55 1977.75 0
ynao_sd_19781022_0130_qiu 71 48 23 11 0 1792.43 2585.87 628.3 896.42 1164.13 1689.45 0
ynao_sd_19781023_0905_wang 54 47 7 6 0 1301.7 2150.83 379.49 542.84 922.21 1607.99 0
ynao_sd_19781025_0140_wang 44 34 10 9 0 1562.12 2360.06 364.24 524.57 1197.88 1835.49 0
ynao_sd_19781026_0015_wang 39 28 11 8 0 2059.26 3079.35 310.89 414.12 1748.37 2665.23 0
ynao_sd_19781027_0030_wang 58 50 8 6 0 1407.57 1947.77 393.79 570.53 1013.78 1377.24 0
ynao_sd_19781028_0325_wang 74 60 14 10 0 1642.66 2102.38 462.08 580.42 1180.58 1521.96 0
ynao_sd_19781029_0015_wang 53 40 13 9 0 1354.23 2091.41 359.04 561.12 995.19 1530.29 0
ynao_sd_19781030_0035_li 26 16 10 7 0 876.92 1139.87 195.75 283.24 681.17 856.63 0
ynao_sd_19781031_0020_li 22 16 6 5 0 808.13 1060.22 191.56 292.58 616.57 767.64 0
ynao_sd_19781101_0025_li 17 13 4 3 0 652.47 833.27 177.94 218.03 474.53 615.24 0
ynao_sd_19781102_0450_li 48 43 5 4 0 749.67 1013.27 342.82 447.33 406.85 565.94 0
ynao_sd_19781103_0200_li 43 34 9 5 0 836.88 1148.51 370.82 482.38 466.06 666.13 0
ynao_sd_19781104_0710_li 58 42 16 11 0 1459.92 2357.85 382.8 572.02 1077.12 1785.83 0
ynao_sd_19781105_0140_li 62 38 24 10 0 1922.82 2770.08 491.84 687.99 1430.98 2082.09 0
ynao_sd_19781106_0130_qiu 99 84 15 7 0 2380.49 2995.33 835.5 1043.73 1544.99 1951.6 0
ynao_sd_19781107_0030_qiu 72 59 13 10 0 2882.54 4207.27 733.72 929.9 2148.82 3277.37 0
ynao_sd_19781108_0030_qiu 61 49 12 8 0 2429.65 2942.11 850.2 1007.96 1579.45 1934.15 0
ynao_sd_19781109_0120_qiu 78 61 17 12 0 2659.96 3120.19 942.51 1109.0 1717.45 2011.19 0
ynao_sd_19781110_0940_qiu 74 53 21 12 0 2512.8 3042.14 773.07 959.22 1739.73 2082.92 0
ynao_sd_19781111_0015_qiu 76 48 28 15 0 2719.52 3401.44 830.7 1032.41 1888.82 2369.03 0
ynao_sd_19781112_0340_qiu 56 32 24 14 0 2209.74 3146.63 635.96 919.31 1573.78 2227.32 0
ynao_sd_19781113_0120_hong 57 40 17 11 0 2200.49 3457.48 525.09 861.47 1675.4 2596.01 0
ynao_sd_19781114_0040_hong 47 34 13 7 0 1602.45 2459.76 398.52 665.61 1203.93 1794.15 0
ynao_sd_19781115_0050_hong 25 15 10 6 0 1124.92 2163.23 265.15 473.02 859.77 1690.21 0
ynao_sd_19781116_0030_hong 29 21 8 6 0 755.9 1866.83 206.06 397.75 549.84 1469.08 0
ynao_sd_19781117_0020_hong 36 30 6 4 0 667.43 1331.64 269.12 437.25 398.31 894.39 0
ynao_sd_19781118_0040_hong 37 28 9 6 0 829.91 1618.64 256.06 446.55 573.85 1172.09 0
ynao_sd_19781119_0105_hong 41 33 8 5 0 916.86 1754.36 295.1 567.4 621.76 1186.96 0
ynao_sd_19781120_0110_wang 20 15 5 3 0 784.02 1142.62 172.03 330.14 611.99 812.48 0
ynao_sd_19781121_0040_wang 14 9 5 3 0 626.46 759.21 147.57 202.56 478.89 556.65 0
ynao_sd_19781122_0020_wang 23 18 5 3 0 657.38 760.37 157.55 203.6 499.83 556.77 0
ynao_sd_19781123_0050_wang 16 7 9 5 0 510.15 645.79 104.06 140.55 406.09 505.24 0
ynao_sd_19781124_0050_wang 18 15 3 3 0 475.13 613.42 142.88 178.89 332.25 434.53 0
ynao_sd_19781125_0105_wang 16 14 2 2 0 465.77 789.11 174.25 414.26 291.52 374.85 0
ynao_sd_19781126_0100_wang 20 17 3 3 0 527.13 860.86 162.58 287.61 364.55 573.25 0
ynao_sd_19781127_0125_li 30 24 6 5 0 725.86 1234.06 238.05 392.18 487.81 841.88 0
ynao_sd_19781128_0230_li 38 28 10 9 0 952.69 1525.94 312.18 458.21 640.51 1067.73 0
ynao_sd_19781129_0625_li 35 24 11 9 0 1800.86 2825.44 399.22 621.66 1401.64 2203.78 0
ynao_sd_19781130_0230_li 36 24 12 10 0 1495.25 2467.35 312.64 475.07 1182.61 1992.28 0
ynao_sd_19781201_0120_li 38 27 11 9 0 1388.31 2044.46 353.7 592.66 1034.61 1451.8 0
ynao_sd_19781202_0315_li 38 22 16 10 0 1596.4 1927.9 375.88 447.43 1220.52 1480.47 0
ynao_sd_19781203_0110_li 43 27 16 9 0 1733.16 2117.95 399.1 524.36 1334.06 1593.59 0
ynao_sd_19781205_0320_hong 77 60 17 10 0 2228.65 2709.92 645.81 796.91 1582.84 1913.01 0
ynao_sd_19781206_0030_hong 63 48 15 12 0 2074.49 2714.96 529.02 681.11 1545.47 2033.85 0
ynao_sd_19781207_0105_li 56 44 12 12 0 1582.36 2781.91 443.4 829.43 1138.96 1952.48 0
ynao_sd_19781208_0120_hong 94 67 27 19 0 2590.7 4903.97 718.04 1283.53 1872.66 3620.44 0
ynao_sd_19781209_0030_hong 91 55 36 17 0 2950.95 5020.25 795.18 1343.67 2155.77 3676.58 0
ynao_sd_19781210_0050_hong 95 56 39 19 0 4122.91 5635.69 978.61 1344.07 3144.3 4291.62 0
ynao_sd_19781211_0200_qiu 111 70 41 14 0 5181.73 6416.93 1248.49 1697.61 3933.24 4719.32 0
ynao_sd_19781212_0130_qiu 172 115 57 19 0 7076.9 9191.94 1753.6 2092.34 5323.3 7099.6 0
ynao_sd_19781213_0100_qiu 137 91 46 20 0 5667.57 7749.86 1499.01 1935.35 4168.56 5814.51 0
ynao_sd_19781214_0050_qiu 118 78 40 17 0 4497.14 6184.16 1318.15 1829.03 3178.99 4355.13 0
ynao_sd_19781215_0030_qiu 84 60 24 13 0 4176.32 5173.94 1024.6 1266.08 3151.72 3907.86 0
ynao_sd_19781217_0100_qiu 68 49 19 14 0 2846.31 5012.11 843.77 1409.29 2002.54 3602.82 0
ynao_sd_19781218_0120_li 47 32 15 11 0 2001.92 3363.44 533.39 955.8 1468.53 2407.64 0
ynao_sd_19781219_0115_li 37 24 13 8 0 2484.38 4137.67 381.55 594.1 2102.83 3543.57 0
ynao_sd_19781220_0130_li 47 37 10 7 0 1766.95 2404.7 496.24 749.65 1270.71 1655.05 0
ynao_sd_19781221_0140_li 24 14 10 7 0 1475.27 2136.98 277.95 420.41 1197.32 1716.57 0
ynao_sd_19781222_0230_li 11 5 6 6 0 1048.86 1446.1 193.9 347.8 854.96 1098.3 0
ynao_sd_19781223_0150_li 15 10 5 3 0 831.97 1035.82 189.55 254.55 642.42 781.27 0
ynao_sd_19781224_0110_li 14 12 2 2 0 750.71 1186.23 210.92 455.7 539.79 730.53 0
ynao_sd_19781225_0120_hong 40 31 9 5 0 1013.54 2159.11 326.74 731.73 686.8 1427.38 0
ynao_sd_19781226_0100_hong 61 47 14 9 0 1093.5 2081.62 363.97 650.55 729.53 1431.07 0
ynao_sd_19781227_0700_hong 47 38 9 6 0 934.86 1771.41 313.47 487.42 621.39 1283.99 0
ynao_sd_19781228_0200_hong 61 54 7 6 0 929.19 1587.3 403.46 584.17 525.73 1003.13 0
ynao_sd_19781229_0100_hong 74 60 14 10 0 1374.85 2230.8 534.72 913.11 840.13 1317.69 0
ynao_sd_19781230_0200_li 63 42 21 13 0 1668.7 2709.9 493.13 781.7 1175.57 1928.2 0
ynao_sd_19781231_0100_hong 103 66 37 23 0 2796.01 3922.75 750.99 1036.91 2045.02 2885.84 0
