ynao_sd_19790101_0250_li 45 27 18 15 0 1920.69 2573.24 313.87 452.11 1606.82 2121.13
ynao_sd_19790102_0120_li 89 55 34 17 0 2707.43 3219.32 633.67 751.63 2073.76 2467.69
ynao_sd_19790103_0130_li 72 38 34 20 0 2834.08 3712.98 503.83 652.46 2330.25 3060.52
ynao_sd_19790104_0130_li 75 37 38 20 0 3117.12 4236.01 501.74 683.15 2615.38 3552.86
ynao_sd_19790105_0105_li 56 32 24 17 0 2332.53 3255.98 443.51 611.64 1889.02 2644.34
ynao_sd_19790106_0115_li 62 40 22 16 0 2138.09 3249.36 452.49 664.35 1685.6 2585.01
ynao_sd_19790107_0140_li 35 18 17 14 0 1661.47 2705.16 298.25 492.68 1363.22 2212.48
ynao_sd_19790108_0100_wang 89 74 15 14 0 1946.61 2753.61 535.21 817.02 1411.4 1936.59
ynao_sd_19790109_0100_wang 96 66 30 18 0 3003.18 4177.3 560.29 748.59 2442.89 3428.71
ynao_sd_19790110_0100_wang 89 65 24 15 0 2988.53 3802.45 663.91 947.79 2324.62 2854.66
ynao_sd_19790111_0050_wang 83 61 22 15 0 2733.57 3489.84 621.07 827.0 2112.5 2662.84
ynao_sd_19790112_0058_wang 109 86 23 11 0 2273.77 3332.17 674.71 903.83 1599.06 2428.34
ynao_sd_19790113_0100_wang 112 89 23 12 0 1891.57 3131.62 574.8 800.6 1316.77 2331.02
ynao_sd_19790114_0120_li 51 39 12 11 0 1109.0 1712.37 378.68 516.46 730.32 1195.91
ynao_sd_19790115_0115_zhao 91 71 20 19 0 1692.08 2447.27 591.18 783.83 1100.9 1663.44
ynao_sd_19790116_0110_zhao 72 50 22 20 0 2094.61 3073.61 573.49 822.1 1521.12 2251.51
ynao_sd_19790117_0050_zhao 69 45 24 15 0 1968.36 3010.58 619.42 1018.62 1348.94 1991.96
ynao_sd_19790118_0100_zhao 59 40 19 17 0 2096.88 3137.93 575.52 861.84 1521.36 2276.09
ynao_sd_19790119_0045_zhao 72 55 17 13 0 2126.91 3054.03 643.01 1042.44 1483.9 2011.59
ynao_sd_19790120_0100_zhao 98 76 22 13 0 2409.56 3273.04 841.61 1172.65 1567.95 2100.39
ynao_sd_19790121_0110_zhao 84 59 25 19 0 2842.8 3971.92 816.21 1170.54 2026.59 2801.38
ynao_sd_19790122_0055_wang 163 130 33 25 0 4366.11 5711.1 1015.63 1291.49 3350.48 4419.61
ynao_sd_19790123_0120_wang 178 136 42 24 0 4362.07 5716.85 1200.01 1528.43 3162.06 4188.42
ynao_sd_19790124_0100_wang 148 114 34 26 0 4369.75 5580.14 1114.58 1380.08 3255.17 4200.06
ynao_sd_19790125_0130_wang 133 101 32 23 0 3851.34 4860.58 907.38 1114.51 2943.96 3746.07
ynao_sd_19790126_0050_wang 115 89 26 16 0 2950.93 3724.69 783.69 953.76 2167.24 2770.93
ynao_sd_19790127_0045_wang 92 65 27 16 0 2593.96 3466.85 611.85 778.17 1982.11 2688.68
ynao_sd_19790128_0110_wang 87 51 36 18 0 2864.22 4329.85 713.11 1191.55 2151.11 3138.3
ynao_sd_19790129_0120_li 65 42 23 12 0 2162.57 3959.96 556.3 1045.34 1606.27 2914.62
ynao_sd_19790130_0120_li 42 27 15 12 0 1409.52 2189.56 308.11 548.08 1101.41 1641.48
ynao_sd_19790201_0630_li 24 18 6 6 0 722.32 1080.71 173.43 250.78 548.89 829.93
ynao_sd_19790202_0115_li 51 39 12 12 0 952.19 1364.96 287.38 375.18 664.81 989.78
ynao_sd_19790203_0140_li 54 35 19 11 0 1284.07 1853.84 345.91 525.6 938.16 1328.24
ynao_sd_19790204_0105_li 61 44 17 10 0 1536.51 1916.95 348.57 443.52 1187.94 1473.43
ynao_sd_19790205_0040_hong 90 55 35 18 0 2235.51 2803.81 552.38 674.39 1683.13 2129.42
ynao_sd_19790206_0050_hong 89 55 34 22 0 2190.34 2655.86 544.12 707.51 1646.22 1948.35
ynao_sd_19790207_0040_hong 85 55 30 23 0 2171.93 2829.75 528.47 698.75 1643.46 2131.0
ynao_sd_19790208_0100_hong 94 66 28 23 0 2087.46 2714.33 596.29 804.79 1491.17 1909.54
ynao_sd_19790209_0050_hong 118 95 23 21 0 2037.01 2793.22 674.82 882.36 1362.19 1910.86
ynao_sd_19790210_0150_hong 105 89 16 13 0 2017.16 2441.73 730.06 907.9 1287.1 1533.83
ynao_sd_19790211_0050_hong 103 76 27 16 0 2374.1 2898.66 681.82 889.11 1692.28 2009.55
ynao_sd_19790212_0120_wang 80 61 19 11 0 2224.02 3229.81 529.16 722.77 1694.86 2507.04
ynao_sd_19790213_0050_wang 73 54 19 14 0 2308.94 3860.11 521.33 821.55 1787.61 3038.56
ynao_sd_19790214_0040_wang 62 39 23 16 0 2732.38 5038.55 393.21 673.05 2339.17 4365.5
ynao_sd_19790215_0045_wang 85 61 24 18 0 2569.54 4408.96 532.98 903.78 2036.56 3505.18
ynao_sd_19790216_0050_wang 124 93 31 19 0 2923.34 4163.11 739.77 1113.27 2183.57 3049.84
ynao_sd_19790217_0100_wang 134 103 31 19 0 4610.03 7369.11 843.29 1063.0 3766.74 6306.11
ynao_sd_19790218_0130_wang 145 109 36 21 0 4302.88 5354.59 1042.0 1232.66 3260.88 4121.93
ynao_sd_19790219_0130_hong 123 77 46 20 0 4563.93 5668.83 940.7 1160.95 3623.23 4507.88
ynao_sd_19790220_0040_hong 99 44 55 18 0 4552.47 5502.99 905.49 1058.69 3646.98 4444.3
ynao_sd_19790221_0050_hong 99 55 44 19 0 4206.61 5632.88 865.81 1134.72 3340.8 4498.16
ynao_sd_19790222_0040_hong 82 49 33 18 0 3151.52 4471.18 748.94 1035.69 2402.58 3435.49
ynao_sd_19790223_0040_hong 58 32 26 12 0 2278.37 3579.93 495.86 779.34 1782.51 2800.59
ynao_sd_19790224_0040_hong 38 19 19 10 0 2122.55 3520.06 367.71 613.1 1754.84 2906.96
ynao_sd_19790225_0030_hong 30 15 15 10 0 1576.68 3099.27 312.27 563.0 1264.41 2536.27
ynao_sd_19790226_0040_li 15 9 6 7 0 760.21 1174.86 118.78 172.71 641.43 1002.15
ynao_sd_19790227_0040_li 24 20 4 4 0 648.97 901.25 187.59 237.83 461.38 663.42
ynao_sd_19790228_0205_li 33 24 9 7 0 779.12 1220.53 241.18 394.3 537.94 826.23
ynao_sd_19790301_0230_li 16 9 7 8 0 540.11 820.49 121.93 188.51 418.18 631.98
ynao_sd_19790302_0035_li 27 21 6 6 0 614.71 1075.93 175.76 289.74 438.95 786.19
ynao_sd_19790303_0040_li 23 16 7 5 0 645.02 1010.73 155.55 247.7 489.47 763.03
ynao_sd_19790304_0050_li 30 22 8 5 0 928.75 1303.3 222.55 340.91 706.2 962.39
ynao_sd_19790305_0050_wang 67 58 9 7 0 1132.88 1552.63 395.27 629.31 737.61 923.32
ynao_sd_19790306_0050_wang 85 67 18 11 0 2005.0 2468.02 494.1 695.11 1510.9 1772.91
ynao_sd_19790307_0040_wang 83 73 10 8 0 1177.1 1544.01 436.59 594.61 740.51 949.4
ynao_sd_19790308_0050_wang 46 35 11 11 0 1035.25 1510.55 284.75 403.12 750.5 1107.43
ynao_sd_19790309_0040_wang 87 69 18 14 0 2381.48 4501.79 466.2 590.73 1915.28 3911.06
ynao_sd_19790310_0100_wang 89 73 16 15 0 2212.41 2781.2 427.55 576.97 1784.86 2204.23
ynao_sd_19790311_0100_wang 91 77 14 10 0 1148.62 1750.86 494.31 859.93 654.31 890.93
ynao_sd_19790312_0040_hong 94 79 15 10 0 1064.71 1828.02 483.96 865.92 580.75 962.1
ynao_sd_19790313_0050_hong 75 61 14 11 0 1367.04 3138.06 399.4 713.8 967.64 2424.26
ynao_sd_19790314_0150_hong 84 81 3 4 0 588.62 1048.07 449.75 751.33 138.87 296.74
ynao_sd_19790315_0140_hong 68 54 14 8 0 976.01 1558.68 373.03 539.99 602.98 1018.69
ynao_sd_19790316_0040_hong 56 44 12 8 0 1109.86 1614.14 344.49 487.14 765.37 1127.0
ynao_sd_19790317_0810_hong 65 50 15 11 0 1431.47 2155.5 428.86 597.32 1002.61 1558.18
ynao_sd_19790318_0620_hong 75 60 15 11 0 1628.77 2251.22 559.1 739.12 1069.67 1512.1
ynao_sd_19790319_0040_li 58 48 10 5 0 1422.14 1917.02 332.55 415.98 1089.59 1501.04
ynao_sd_19790320_0110_wang 78 60 18 10 0 2186.72 3466.35 449.49 569.79 1737.23 2896.56
ynao_sd_19790321_0050_wang 63 48 15 10 0 2109.11 2771.65 368.72 474.57 1740.39 2297.08
ynao_sd_19790322_0015_wang 71 56 15 12 0 1573.17 2526.68 401.73 606.9 1171.44 1919.78
ynao_sd_19790323_0045_wang 95 79 16 12 0 2023.97 2910.39 590.87 829.33 1433.1 2081.06
ynao_sd_19790324_0155_wang 69 49 20 15 0 2251.96 3156.52 497.88 708.12 1754.08 2448.4
ynao_sd_19790325_0100_wang 68 45 23 12 0 2028.0 2991.99 375.87 578.63 1652.13 2413.36
ynao_sd_19790326_0130_li 34 21 13 4 0 1194.36 1486.1 214.62 425.36 979.74 1060.74
ynao_sd_19790327_0105_li 37 26 11 6 0 1283.27 1745.96 271.38 361.03 1011.89 1384.93
ynao_sd_19790328_0105_li 39 24 15 8 0 1379.97 2189.82 292.09 457.31 1087.88 1732.51
ynao_sd_19790329_0035_li 47 29 18 8 0 1323.36 1994.61 279.84 442.51 1043.52 1552.1
ynao_sd_19790330_0040_li 51 35 16 10 0 1581.76 2228.35 310.04 432.53 1271.72 1795.82
ynao_sd_19790331_0040_li 63 46 17 8 0 1816.74 2359.69 408.94 535.22 1407.8 1824.47
ynao_sd_19790401_0050_li 58 40 18 7 0 1918.83 2357.4 336.73 419.24 1582.1 1938.16
ynao_sd_19790402_0045_li 89 62 27 11 0 2573.36 2779.16 574.71 636.02 1998.65 2143.14
ynao_sd_19790403_0120_li 75 43 32 11 0 2025.43 2213.93 395.49 441.17 1629.94 1772.76
ynao_sd_19790404_0525_li 75 53 22 8 2 1754.36 2056.72 493.22 581.01 1261.14 1475.71
ynao_sd_19790405_0040_hong 72 52 20 11 0 1643.61 2342.07 424.59 586.78 1219.02 1755.29
ynao_sd_19790406_0105_hong 68 46 22 10 0 1587.32 2497.21 360.53 544.67 1226.79 1952.54
ynao_sd_19790407_0040_hong 54 31 23 9 0 1219.48 2739.29 253.22 541.46 966.26 2197.83
ynao_sd_19790408_0100_hong 34 23 11 9 0 578.05 1317.01 163.66 336.44 414.39 980.57
ynao_sd_19790409_0110_hong 37 33 4 3 0 356.91 598.3 187.61 328.46 169.3 269.84
ynao_sd_19790410_0120_hong 32 24 8 3 0 830.41 2102.31 226.48 478.56 603.93 1623.75
ynao_sd_19790411_0050_wang 46 36 10 6 0 1191.64 2307.37 303.85 575.13 887.79 1732.24
ynao_sd_19790412_0020_wang 32 24 8 6 0 1832.32 3574.92 279.59 427.2 1552.73 3147.72
ynao_sd_19790413_0030_wang 44 28 16 9 0 2222.92 3148.84 301.54 393.09 1921.38 2755.75
ynao_sd_19790414_0050_wang 98 79 19 9 0 2133.34 2484.97 595.64 751.16 1537.7 1733.81
ynao_sd_19790415_0050_wang 65 50 15 8 0 1921.95 2161.67 429.3 575.55 1492.65 1586.12
ynao_sd_19790416_0025_wang 128 115 13 8 0 2346.78 2532.07 736.42 847.16 1610.36 1684.91
ynao_sd_19790417_0025_wang 97 79 18 11 0 2218.7 2646.85 593.79 693.36 1624.91 1953.49
ynao_sd_19790418_0025_wang 86 78 8 6 0 1779.74 2304.41 508.26 615.46 1271.48 1688.95
ynao_sd_19790419_0025_wang 59 48 11 5 0 1427.01 1978.56 349.95 471.02 1077.06 1507.54
ynao_sd_19790420_1020_wang 29 23 6 6 0 868.95 1643.57 191.19 349.29 677.76 1294.28
ynao_sd_19790421_0115_wang 22 14 8 7 0 793.14 1851.0 147.72 329.98 645.42 1521.02
ynao_sd_19790422_0025_wang 11 6 5 4 0 409.99 893.34 79.08 172.66 330.91 720.68
ynao_sd_19790423_0025_li 18 10 8 6 0 715.44 2142.2 139.86 333.03 575.58 1809.17
ynao_sd_19790424_0040_li 22 15 7 6 0 1262.16 2694.16 163.86 350.1 1098.3 2344.06
ynao_sd_19790425_0050_li 35 23 12 7 0 1787.62 2958.45 339.06 566.85 1448.56 2391.6
ynao_sd_19790426_0050_li 48 32 16 10 0 1858.62 2979.6 395.29 597.86 1463.33 2381.74
ynao_sd_19790427_0025_li 62 42 20 11 0 2426.39 3370.14 468.77 664.3 1957.62 2705.84
ynao_sd_19790428_0040_li 95 74 21 8 0 3075.83 4070.14 636.4 815.71 2439.43 3254.43
ynao_sd_19790429_0045_li 93 72 21 11 0 2734.12 3372.63 623.58 755.73 2110.54 2616.9
ynao_sd_19790430_0030_li 83 64 19 9 0 2678.18 3160.82 608.45 710.75 2069.73 2450.07
ynao_sd_19790501_0245_wang 72 51 21 13 0 2788.37 3364.39 541.1 636.08 2247.27 2728.31
ynao_sd_19790502_0830_li 33 20 13 6 0 2048.95 2513.61 341.99 404.55 1706.96 2109.06
ynao_sd_19790503_0235_li 31 17 14 5 0 2024.09 2745.6 328.38 447.73 1695.71 2297.87
ynao_sd_19790504_0025_li 29 23 6 5 0 1304.66 1596.61 226.39 284.46 1078.27 1312.15
ynao_sd_19790505_0025_li 29 20 9 8 0 1538.09 1963.79 223.8 302.54 1314.29 1661.25
ynao_sd_19790506_0040_li 30 20 10 8 0 1353.69 1994.09 263.7 415.24 1089.99 1578.85
ynao_sd_19790507_0030_wang 79 60 19 11 0 1641.56 3072.77 404.83 724.55 1236.73 2348.22
ynao_sd_19790508_0035_wang 63 45 18 14 0 1702.51 3025.33 403.2 685.76 1299.31 2339.57
ynao_sd_19790509_0005_wang 69 59 10 7 0 1543.51 2332.83 394.95 534.22 1148.56 1798.61
ynao_sd_19790510_0220_wang 70 56 14 11 0 1991.82 2473.28 476.63 578.91 1515.19 1894.37
ynao_sd_19790511_0030_wang 80 62 18 10 0 3028.25 3411.81 589.66 659.84 2438.59 2751.97
ynao_sd_19790512_0050_wang 91 69 22 12 0 3131.5 3624.67 703.57 828.28 2427.93 2796.39
ynao_sd_19790513_0001_wang 110 83 27 16 0 3335.41 4039.18 763.61 1006.23 2571.8 3032.95
ynao_sd_19790514_0040_wang 100 68 32 15 0 3592.87 5807.95 674.88 880.09 2917.99 4927.86
ynao_sd_19790515_1015_wang 124 94 30 17 0 3190.73 4519.92 794.86 1043.32 2395.87 3476.6
ynao_sd_19790516_0255_wang 91 72 19 13 0 2398.69 3524.55 633.41 880.19 1765.28 2644.36
ynao_sd_19790519_0755_wang 36 24 12 10 0 730.56 1483.08 190.68 358.79 539.88 1124.29
ynao_sd_19790520_0320_wang 35 27 8 5 0 555.69 1109.83 171.3 297.38 384.39 812.45
ynao_sd_19790521_0430_wang 44 38 6 5 0 613.68 1080.2 224.77 338.95 388.91 741.25
ynao_sd_19790522_0035_wang 42 36 6 5 0 720.69 1097.2 293.81 444.27 426.88 652.93
ynao_sd_19790524_0140_li 26 18 8 6 0 677.32 948.95 156.8 202.68 520.52 746.27
ynao_sd_19790525_0600_li 25 17 8 6 0 609.75 758.39 138.37 174.12 471.38 584.27
ynao_sd_19790526_0025_li 23 17 6 4 0 585.37 692.75 139.04 185.09 446.33 507.66
ynao_sd_19790527_0030_li 21 17 4 3 0 501.93 625.1 172.82 261.02 329.11 364.08
ynao_sd_19790528_0020_li 17 14 3 3 0 471.43 571.35 172.75 224.39 298.68 346.96
ynao_sd_19790529_0020_li 22 18 4 4 0 478.07 772.24 146.26 197.5 331.81 574.74
ynao_sd_19790530_0020_li 20 16 4 5 0 513.22 895.96 140.26 229.86 372.96 666.1
ynao_sd_19790531_0150_li 33 23 10 7 0 658.72 1185.27 180.14 351.84 478.58 833.43
ynao_sd_19790601_0020_li 23 15 8 7 0 1102.17 1912.99 210.48 397.89 891.69 1515.1
ynao_sd_19790602_0620_li 43 23 20 8 0 2951.51 4770.54 493.02 909.1 2458.49 3861.44
ynao_sd_19790603_0420_li 67 36 31 11 0 4749.51 6959.46 653.7 955.27 4095.81 6004.19
ynao_sd_19790604_0210_wang 104 69 35 15 0 4544.58 5873.95 847.61 1086.79 3696.97 4787.16
ynao_sd_19790605_0240_li 68 41 27 16 0 4270.1 5175.07 735.38 889.55 3534.72 4285.52
ynao_sd_19790606_1050_li 84 57 27 14 0 3756.07 4271.61 753.5 851.02 3002.57 3420.59
ynao_sd_19790607_0730_wang 120 93 27 22 0 4902.76 5867.4 917.34 1156.65 3985.42 4710.75
ynao_sd_19790608_0750_wang 145 101 44 20 0 5028.68 6602.15 1099.64 1437.89 3929.04 5164.26
ynao_sd_19790609_0225_wang 140 105 35 16 0 5423.8 7170.41 1201.3 1534.74 4222.5 5635.67
ynao_sd_19790611_0435_wang 65 27 38 15 0 6030.24 7531.0 858.39 1086.92 5171.85 6444.08
ynao_sd_19790612_0315_wang 90 57 33 17 0 5430.16 6924.06 867.49 1118.86 4562.67 5805.2
ynao_sd_19790613_0040_wang 83 43 40 12 0 4840.22 6274.36 822.67 1093.27 4017.55 5181.09
ynao_sd_19790614_0110_wang 66 44 22 8 0 3871.9 4696.36 636.42 787.29 3235.48 3909.07
ynao_sd_19790615_0230_wang 27 16 11 6 0 2735.74 3666.26 404.55 529.5 2331.19 3136.76
ynao_sd_19790616_0210_wang 60 42 18 7 0 2264.14 3395.51 409.51 595.71 1854.63 2799.8
ynao_sd_19790617_0905_wang 76 60 16 9 0 1442.66 2693.87 444.83 706.74 997.83 1987.13
ynao_sd_19790618_0050_wang 61 51 10 8 0 1044.02 2152.14 370.03 668.48 673.99 1483.66
ynao_sd_19790619_0850_li 30 27 3 1 0 359.29 503.05 170.28 278.82 189.01 224.23
ynao_sd_19790620_0410_li 47 41 6 3 0 625.25 894.58 275.76 398.35 349.49 496.23
ynao_sd_19790621_0730_li 15 9 6 4 0 671.25 893.45 117.43 150.78 553.82 742.67
ynao_sd_19790622_0240_li 31 24 7 4 0 756.0 1149.03 237.22 346.61 518.78 802.42
ynao_sd_19790623_0330_li 21 14 7 3 0 617.22 775.24 153.55 197.21 463.67 578.03
ynao_sd_19790624_0200_li 13 10 3 5 0 665.51 827.6 131.69 173.2 533.82 654.4
ynao_sd_19790625_0030_li 10 4 6 3 0 567.51 708.21 91.98 136.43 475.53 571.78
ynao_sd_19790626_0240_li 24 16 8 5 0 854.2 1278.24 190.26 288.43 663.94 989.81
ynao_sd_19790627_0230_li 28 24 4 4 0 736.25 1070.88 201.63 341.55 534.62 729.33
ynao_sd_19790628_0720_li 10 8 2 3 0 580.87 722.71 116.7 180.32 464.17 542.39
ynao_sd_19790629_0210_li 19 15 4 5 0 927.53 1703.2 203.76 387.16 723.77 1316.04
ynao_sd_19790630_0520_li 18 11 7 4 0 1237.2 1861.06 248.5 382.08 988.7 1478.98
ynao_sd_19790701_0710_li 29 20 9 7 0 1868.72 2696.54 274.03 402.46 1594.69 2294.08
ynao_sd_19790702_0130_wang 56 40 16 10 0 2538.59 3782.64 610.9 936.77 1927.69 2845.87
ynao_sd_19790703_0410_wang 138 110 28 15 0 4504.03 6498.21 943.45 1418.75 3560.58 5079.46
ynao_sd_19790704_0220_wang 123 109 14 12 0 4063.75 5642.22 932.02 1349.5 3131.73 4292.72
ynao_sd_19790705_0750_wang 88 69 19 14 0 4117.28 5234.21 747.23 983.88 3370.05 4250.33
ynao_sd_19790706_0215_wang 87 73 14 11 0 3442.81 4253.33 766.59 978.31 2676.22 3275.02
ynao_sd_19790707_1115_wang 86 70 16 14 0 3991.88 4724.78 648.87 807.03 3343.01 3917.75
ynao_sd_19790708_0120_li 49 39 10 8 0 2315.73 2750.99 498.6 592.22 1817.13 2158.77
ynao_sd_19790709_0620_li 66 54 12 9 0 2201.57 2841.45 571.18 761.52 1630.39 2079.93
ynao_sd_19790710_0600_wang 58 38 20 12 0 2351.38 3472.75 466.8 674.95 1884.58 2797.8
ynao_sd_19790711_0400_wang 70 51 19 12 0 1875.75 2471.02 474.41 615.27 1401.34 1855.75
ynao_sd_19790712_0140_wang 58 45 13 11 0 1597.98 2313.92 416.49 632.22 1181.49 1681.7
ynao_sd_19790713_0320_wang 79 67 12 12 0 1226.0 2129.94 427.56 725.49 798.44 1404.45
ynao_sd_19790714_0225_wang 44 30 14 11 0 905.48 1601.77 277.08 473.17 628.4 1128.6
ynao_sd_19790715_0100_wang 46 32 14 12 0 907.53 1652.48 233.45 419.6 674.08 1232.88
ynao_sd_19790716_0310_wang 39 31 8 5 0 806.61 1245.48 224.49 383.14 582.12 862.34
ynao_sd_19790718_0545_wang 48 39 9 9 0 1084.81 1490.67 283.01 384.19 801.8 1106.48
ynao_sd_19790719_0740_wang 43 32 11 8 0 1055.28 1340.08 246.25 346.24 809.03 993.84
ynao_sd_19790720_0530_wang 64 57 7 7 0 1186.99 1441.72 401.65 499.57 785.34 942.15
ynao_sd_19790721_0120_wang 59 47 12 9 0 1303.88 1623.78 393.2 508.71 910.68 1115.07
ynao_sd_19790723_0710_li 45 34 11 9 0 1187.64 2282.89 363.36 665.32 824.28 1617.57
ynao_sd_19790727_0040_li 50 42 8 8 0 1061.61 1556.44 310.17 450.71 751.44 1105.73
ynao_sd_19790728_0210_li 52 44 8 8 0 1104.45 1553.1 354.33 449.87 750.12 1103.23
ynao_sd_19790729_0010_li 32 24 8 9 0 1073.51 1694.19 234.32 341.09 839.19 1353.1
ynao_sd_19790730_0140_li 48 40 8 7 0 925.87 1467.72 280.87 375.31 645.0 1092.41
ynao_sd_19790731_0150_li 39 29 10 6 0 788.07 1198.39 214.19 272.27 573.88 926.12
ynao_sd_19790801_0330_li 37 31 6 3 0 719.41 842.95 222.92 262.57 496.49 580.38
ynao_sd_19790802_0220_li 21 13 8 4 0 781.59 874.65 167.1 200.86 614.49 673.79
ynao_sd_19790803_0035_li 12 9 3 3 0 582.65 652.24 110.8 133.43 471.85 518.81
ynao_sd_19790804_0110_li 6 4 2 3 0 507.03 676.48 57.91 95.55 449.12 580.93
ynao_sd_19790805_0030_li 11 8 3 3 0 346.36 486.14 85.3 134.03 261.06 352.11
ynao_sd_19790806_0100_wang 28 19 9 5 0 587.05 1067.25 152.82 275.67 434.23 791.58
ynao_sd_19790807_0220_wang 21 13 8 6 0 439.05 826.88 125.34 229.49 313.71 597.39
ynao_sd_19790808_0140_wang 32 21 11 6 0 910.64 2666.26 198.66 504.74 711.98 2161.52
ynao_sd_19790809_0050_wang 32 18 14 6 0 1118.7 2219.7 229.01 427.31 889.69 1792.39
ynao_sd_19790810_0110_wang 37 23 14 9 0 1815.22 3280.31 243.9 353.29 1571.32 2927.02
ynao_sd_19790811_0015_wang 36 20 16 7 0 1832.81 2430.56 337.97 404.43 1494.84 2026.13
ynao_sd_19790812_0025_wang 30 19 11 7 0 1973.07 4291.84 253.2 376.51 1719.87 3915.33
ynao_sd_19790813_0050_wang 44 33 11 9 0 1506.29 1723.58 292.37 318.64 1213.92 1404.94
ynao_sd_19790814_0850_wang 60 48 12 9 0 1224.44 2202.87 337.38 522.32 887.06 1680.55
ynao_sd_19790815_0210_wang 61 41 20 14 0 2230.25 5309.36 406.72 635.23 1823.53 4674.13
ynao_sd_19790816_0140_wang 62 45 17 11 0 2686.52 4421.89 420.22 665.05 2266.3 3756.84
ynao_sd_19790817_0150_wang 62 49 13 8 0 1731.63 2460.77 412.6 598.61 1319.03 1862.16
ynao_sd_19790818_0500_wang 43 26 17 10 0 2107.98 2852.04 342.57 451.68 1765.41 2400.36
ynao_sd_19790819_0440_wang 69 50 19 8 0 1971.97 2498.94 494.59 661.53 1477.38 1837.41
ynao_sd_19790820_0340_li 37 17 20 10 0 1756.06 2834.65 304.9 635.27 1451.16 2199.38
ynao_sd_19790821_0400_li 72 39 33 10 0 2027.04 3175.43 517.4 837.72 1509.64 2337.71
ynao_sd_19790823_0400_li 63 30 33 15 0 3377.09 4869.21 610.93 876.07 2766.16 3993.14
ynao_sd_19790824_0100_li 85 56 29 12 0 3107.24 4281.0 725.81 958.68 2381.43 3322.32
ynao_sd_19790825_0030_li 72 36 36 13 0 3734.1 4721.78 664.6 814.45 3069.5 3907.33
ynao_sd_19790826_0120_li 73 43 30 11 0 3403.03 3692.69 518.73 563.42 2884.3 3129.27
ynao_sd_19790827_0200_li 72 38 34 12 0 3308.0 4042.17 531.68 607.74 2776.32 3434.43
ynao_sd_19790828_0210_li 43 17 26 11 0 2987.92 3968.78 463.71 645.05 2524.21 3323.73
ynao_sd_19790829_0200_li 53 30 23 10 0 2254.49 3156.55 432.1 603.17 1822.39 2553.38
ynao_sd_19790830_0140_li 40 23 17 10 0 1689.58 2610.54 367.46 577.71 1322.12 2032.83
ynao_sd_19790831_0050_li 29 18 11 8 0 1236.71 2231.51 255.42 592.12 981.29 1639.39
ynao_sd_19790902_0420_li 8 2 6 4 0 838.64 1012.24 158.03 183.74 680.61 828.5
ynao_sd_19790903_0620_wang 96 83 13 7 0 2404.05 3844.83 615.68 834.9 1788.37 3009.93
ynao_sd_19790904_0330_wang 119 101 18 8 0 2348.76 2855.74 767.94 1090.47 1580.82 1765.27
ynao_sd_19790905_0120_wang 95 83 12 8 0 2454.72 2984.81 672.08 869.5 1782.64 2115.31
ynao_sd_19790906_0310_wang 91 73 18 13 0 2941.96 3772.62 720.84 962.29 2221.12 2810.33
ynao_sd_19790907_0615_wang 47 40 7 5 0 1431.03 1614.87 368.6 418.4 1062.43 1196.47
ynao_sd_19790909_0750_wang 108 93 15 9 0 1622.14 2328.59 559.74 740.7 1062.4 1587.89
ynao_sd_19790910_0950_wang 116 91 25 12 1 2452.62 4822.87 574.31 839.07 1878.31 3983.8
ynao_sd_19790911_0250_wang 90 70 20 13 0 1832.96 2838.61 494.56 724.83 1338.4 2113.78
ynao_sd_19790912_0100_wang 85 69 16 10 0 1663.96 2325.44 499.09 629.74 1164.87 1695.7
ynao_sd_19790913_0230_wang 93 72 21 10 0 1938.71 2474.32 560.97 674.37 1377.74 1799.95
ynao_sd_19790914_0110_wang 83 61 22 11 0 1961.11 2341.4 527.23 709.39 1433.88 1632.01
ynao_sd_19790915_0250_wang 84 66 18 7 0 1940.98 2229.64 501.01 610.58 1439.97 1619.06
ynao_sd_19790916_0250_wang 75 64 11 6 0 1806.67 2407.26 506.69 716.28 1299.98 1690.98
ynao_sd_19790917_0540_li 34 15 19 6 0 1779.81 3058.48 299.82 561.47 1479.99 2497.01
ynao_sd_19790918_0430_li 36 17 19 8 0 2119.62 3669.95 323.43 531.36 1796.19 3138.59
ynao_sd_19790919_0120_li 41 20 21 9 0 2372.4 4075.0 446.66 802.23 1925.74 3272.77
ynao_sd_19790920_0350_li 47 31 16 8 0 2298.72 3047.71 380.38 535.78 1918.34 2511.93
ynao_sd_19790921_0120_li 60 37 23 8 1 2215.46 2520.08 486.42 580.9 1729.04 1939.18
ynao_sd_19790922_0040_li 52 30 22 9 0 1746.41 2239.22 427.33 490.96 1319.08 1748.26
ynao_sd_19790923_0650_li 58 41 17 13 0 2179.97 2855.88 403.56 533.72 1776.41 2322.16
ynao_sd_19790925_0620_li 59 42 17 12 0 2401.26 3050.13 434.95 544.59 1966.31 2505.54
ynao_sd_19790926_0040_li 69 44 25 15 0 2868.05 3657.77 520.52 657.86 2347.53 2999.91
ynao_sd_19790929_0200_li 63 36 27 13 0 3223.53 3857.43 532.87 634.97 2690.66 3222.46
ynao_sd_19790930_0630_li 55 32 23 13 0 2646.33 3571.48 497.69 690.1 2148.64 2881.38
ynao_sd_19791010_0030_wang 77 65 12 10 1 3115.11 3946.58 725.23 1008.16 2389.88 2938.42
ynao_sd_19791012_0055_wang 78 50 28 13 0 3570.5 4364.92 677.66 867.83 2892.84 3497.09
ynao_sd_19791013_0130_wang 94 65 29 14 0 3881.24 5416.72 714.89 961.14 3166.35 4455.58
ynao_sd_19791014_0250_wang 101 59 42 21 0 3180.56 4436.16 664.84 962.03 2515.72 3474.13
ynao_sd_19791015_0030_li 57 39 18 13 0 2055.01 3468.68 370.65 533.74 1684.36 2934.94
ynao_sd_19791016_0030_li 66 43 23 11 0 1810.17 2633.07 491.51 676.84 1318.66 1956.23
ynao_sd_19791017_0100_li 36 10 26 13 0 2784.28 3806.44 345.4 468.24 2438.88 3338.2
ynao_sd_19791018_0200_li 62 34 28 15 0 3216.71 4024.0 681.36 892.4 2535.35 3131.6
ynao_sd_19791019_0035_li 67 34 33 11 0 3382.65 4180.57 557.55 707.36 2825.1 3473.21
ynao_sd_19791020_0040_li 65 35 30 14 0 3497.75 4384.46 649.91 832.69 2847.84 3551.77
ynao_sd_19791021_0250_li 53 29 24 8 0 3023.49 3607.34 551.2 701.23 2472.29 2906.11
ynao_sd_19791022_0100_wang 87 59 28 9 0 2568.84 3009.65 513.44 609.64 2055.4 2400.01
ynao_sd_19791023_0030_wang 74 49 25 13 0 2409.19 2901.72 478.27 584.47 1930.92 2317.25
ynao_sd_19791024_0110_wang 98 75 23 14 0 2293.58 3380.63 562.37 781.24 1731.21 2599.39
ynao_sd_19791026_0020_wang 74 59 15 14 0 2044.47 2811.21 483.26 686.95 1561.21 2124.26
ynao_sd_19791027_0100_wang 56 37 19 10 0 2389.05 3610.22 501.31 754.4 1887.74 2855.82
ynao_sd_19791028_0050_wang 55 32 23 12 0 2615.67 4267.46 453.48 657.48 2162.19 3609.98
ynao_sd_19791029_0120_wang 89 60 29 13 0 2846.56 4359.63 591.54 893.71 2255.02 3465.92
ynao_sd_19791030_0020_wang 101 66 35 17 0 3719.07 5683.53 704.43 1224.92 3014.64 4458.61
ynao_sd_19791031_0020_wang 96 62 34 21 0 3198.44 4891.74 676.48 1015.0 2521.96 3876.74
ynao_sd_19791101_0320_wang 77 44 33 16 0 3061.46 4252.19 608.84 881.67 2452.62 3370.52
ynao_sd_19791102_0010_wang 79 64 15 13 0 3326.95 5349.88 632.42 862.91 2694.53 4486.97
ynao_sd_19791103_0010_wang 100 86 14 14 0 3055.62 4102.58 725.55 815.85 2330.07 3286.73
ynao_sd_19791104_0040_wang 99 86 13 9 0 2478.12 3630.39 688.8 869.82 1789.32 2760.57
ynao_sd_19791105_0030_li 23 13 10 7 0 1967.43 3280.09 277.32 438.96 1690.11 2841.13
ynao_sd_19791106_0030_li 51 37 14 9 0 2933.58 4767.09 582.3 1025.6 2351.28 3741.49
ynao_sd_19791107_0040_li 80 37 43 21 0 4445.64 6914.19 662.4 1056.96 3783.24 5857.23
ynao_sd_19791108_0045_li 100 47 53 19 0 5538.09 7707.38 911.35 1224.29 4626.74 6483.09
ynao_sd_19791109_0100_wang 162 77 85 28 0 9548.2 12430.64 1526.76 1954.62 8021.44 10476.02
ynao_sd_19791110_0020_wang 155 79 76 29 0 9250.63 11891.93 1344.37 1814.46 7906.26 10077.47
ynao_sd_19791111_0120_li 138 66 72 21 0 8243.1 10223.66 1322.17 1716.32 6920.93 8507.34
ynao_sd_19791112_0430_li 99 55 44 15 0 6481.2 7756.0 859.67 1177.97 5621.53 6578.03
ynao_sd_19791114_0510_li 83 59 24 14 0 4106.39 5485.14 808.25 1078.86 3298.14 4406.28
ynao_sd_19791115_0055_li 66 48 18 13 0 3390.05 4724.73 730.61 927.97 2659.44 3796.76
ynao_sd_19791116_0055_li 36 24 12 8 0 2478.35 3591.44 410.73 592.43 2067.62 2999.01
ynao_sd_19791117_0120_li 39 23 16 13 0 1830.51 2885.94 390.01 550.83 1440.5 2335.11
ynao_sd_19791120_0150_hong 67 38 29 18 0 2616.87 4101.46 595.8 988.61 2021.07 3112.85
ynao_sd_19791121_0550_hong 45 32 13 11 0 2000.65 3297.07 416.61 673.46 1584.04 2623.61
ynao_sd_19791125_0720_hong 47 24 23 15 0 1747.28 2464.18 397.45 547.11 1349.83 1917.07
ynao_sd_19791128_0050_hong 16 8 8 7 0 953.25 1543.32 228.27 347.59 724.98 1195.73
ynao_sd_19791203_0110_hong 50 39 11 12 0 1818.99 3122.89 474.1 727.21 1344.89 2395.68
ynao_sd_19791204_0040_wang 44 28 16 18 1 2525.94 4546.78 416.69 644.96 2109.25 3901.82
ynao_sd_19791205_0050_wang 91 51 40 24 0 3330.06 4345.28 644.5 819.19 2685.56 3526.09
ynao_sd_19791206_0050_wang 79 50 29 23 0 4461.48 6753.41 570.95 695.34 3890.53 6058.07
ynao_sd_19791207_0110_wang 80 57 23 15 0 2981.3 4754.9 620.67 1167.51 2360.63 3587.39
ynao_sd_19791208_0220_wang 80 58 22 19 1 5549.15 10898.43 600.05 975.71 4949.1 9922.72
ynao_sd_19791209_0720_hong 69 49 20 16 0 2616.26 3678.53 655.45 963.3 1960.81 2715.23
ynao_sd_19791210_0320_wang 94 67 27 15 0 2967.29 3845.95 663.6 809.49 2303.69 3036.46
ynao_sd_19791211_0400_li 63 47 16 5 0 1611.66 2074.4 474.51 594.28 1137.15 1480.12
ynao_sd_19791212_0930_hong 74 57 17 15 0 2055.93 3254.28 603.19 871.68 1452.74 2382.6
ynao_sd_19791213_0240_hong 94 77 17 11 0 1905.98 2856.84 674.56 1021.36 1231.42 1835.48
ynao_sd_19791214_0230_hong 96 77 19 13 0 2072.89 3128.04 719.38 1006.13 1353.51 2121.91
ynao_sd_19791215_0040_hong 88 66 22 14 0 2113.99 2751.62 689.14 948.28 1424.85 1803.34
ynao_sd_19791216_0130_hong 91 77 14 10 0 1888.98 2371.16 732.08 912.21 1156.9 1458.95
ynao_sd_19791217_0205_li 37 26 11 8 0 1262.87 1829.41 303.92 416.66 958.95 1412.75
ynao_sd_19791218_0230_li 25 16 9 8 0 866.33 1327.97 219.07 326.68 647.26 1001.29
ynao_sd_19791219_0040_li 44 35 9 7 0 805.55 1457.96 349.47 595.29 456.08 862.67
ynao_sd_19791220_0100_li 51 38 13 10 0 1022.65 1754.86 343.88 547.25 678.77 1207.61
ynao_sd_19791221_0100_li 59 42 17 9 0 1520.18 1841.79 401.32 492.96 1118.86 1348.83
ynao_sd_19791222_0125_li 53 39 14 11 0 1326.38 1724.37 519.56 665.43 806.82 1058.94
ynao_sd_19791223_0040_hong 50 37 13 11 0 1339.78 1769.74 390.53 508.18 949.25 1261.56
ynao_sd_19791224_0040_hong 71 51 20 16 0 1655.61 2512.62 432.52 603.67 1223.09 1908.95
ynao_sd_19791225_0720_hong 60 44 16 13 0 1139.96 1516.73 366.89 472.77 773.07 1043.96
ynao_sd_19791227_0105_hong 45 38 7 6 0 602.02 825.63 269.35 371.4 332.67 454.23
ynao_sd_19791228_0040_hong 33 24 9 9 0 485.58 933.6 210.22 363.36 275.36 570.24
ynao_sd_19791229_0040_hong 47 33 14 12 0 829.66 1561.78 281.36 502.67 548.3 1059.11
ynao_sd_19791230_0030_hong 38 25 13 10 0 909.29 1294.99 266.82 364.95 642.47 930.04
ynao_sd_19791231_0050_li 26 16 10 4 0 632.06 849.84 165.25 222.87 466.81 626.97
