ynao_sd_19800101_0050_li 16 7 9 4 0 884.22 1155.16 193.58 234.4 690.64 920.76 0
ynao_sd_19800101_0050_li 16 7 9 4 0 884.22 1155.16 193.58 234.4 690.64 920.76 0
ynao_sd_19800102_0120_li 27 15 12 5 0 1292.49 1790.84 286.91 377.99 1005.58 1412.85 0
ynao_sd_19800103_0120_li 55 43 12 7 0 1452.81 2016.67 312.22 438.62 1140.59 1578.05 0
ynao_sd_19800104_0110_li 28 14 14 9 0 1323.32 1703.62 252.37 363.44 1070.95 1340.18 0
ynao_sd_19800105_0200_li 39 26 13 8 0 1533.06 1980.89 333.63 410.02 1199.43 1570.87 0
ynao_sd_19800106_0105_li 44 25 19 9 0 1741.11 2254.41 331.62 441.42 1409.49 1812.99 0
ynao_sd_19800108_0040_hong 78 46 32 18 0 3318.35 4196.27 726.95 941.47 2591.4 3254.8 0
ynao_sd_19800109_0100_hong 74 40 34 18 0 3594.03 4165.52 832.14 1014.89 2761.89 3150.63 0
ynao_sd_19800110_0100_hong 70 29 41 18 0 4034.15 4801.19 735.11 921.14 3299.04 3880.05 0
ynao_sd_19800111_0105_hong 98 56 42 24 0 4227.4 5127.1 827.19 1020.34 3400.21 4106.76 0
ynao_sd_19800112_0100_hong 93 48 45 25 0 3581.61 4627.55 776.48 1018.81 2805.13 3608.74 0
ynao_sd_19800113_0110_hong 90 44 46 25 0 3034.71 4486.46 647.73 1038.78 2386.98 3447.68 0
ynao_sd_19800114_0110_li 63 45 18 10 0 1693.72 2852.31 467.22 711.61 1226.5 2140.7 0
ynao_sd_19800115_0410_li 64 50 14 7 0 971.41 1498.49 474.41 737.55 497.0 760.94 0
ynao_sd_19800116_0100_li 29 22 7 6 0 776.9 989.59 213.71 290.03 563.19 699.56 0
ynao_sd_19800117_0140_li 34 17 17 9 0 1004.3 1376.79 248.54 328.38 755.76 1048.41 0
ynao_sd_19800118_0130_li 28 17 11 10 0 1103.85 1377.64 256.12 309.55 847.73 1068.09 0
ynao_sd_19800119_0115_li 27 15 12 8 0 1087.82 1303.81 221.71 264.65 866.11 1039.16 0
ynao_sd_19800120_0110_li 43 33 10 6 0 811.85 948.52 248.02 289.26 563.83 659.26 0
ynao_sd_19800121_0040_hong 43 32 11 7 0 941.64 1046.91 333.18 389.34 608.46 657.57 0
ynao_sd_19800122_0045_hong 42 29 13 9 0 918.3 1049.13 296.79 378.84 621.51 670.29 0
ynao_sd_19800123_0050_hong 47 27 20 9 0 1152.49 1257.02 319.92 376.45 832.57 880.57 0
ynao_sd_19800124_0030_hong 64 52 12 4 0 1274.46 1461.29 467.19 564.3 807.27 896.99 0
ynao_sd_19800125_0040_hong 34 22 12 6 0 1172.92 1586.97 282.31 383.74 890.61 1203.23 0
ynao_sd_19800126_0040_hong 30 17 13 7 0 1247.46 2331.87 258.1 544.14 989.36 1787.73 0
ynao_sd_19800128_0150_li 10 7 3 6 0 494.92 1133.6 77.1 180.68 417.82 952.92 0
ynao_sd_19800129_0120_li 32 24 8 4 0 977.61 1637.25 202.08 331.37 775.53 1305.88 0
ynao_sd_19800130_0530_li 34 16 18 6 0 1718.28 2790.8 268.75 428.66 1449.53 2362.14 0
ynao_sd_19800131_0530_li 27 11 16 10 0 2167.91 3265.49 232.3 330.81 1935.61 2934.68 0
ynao_sd_19800201_0120_li 36 20 16 6 0 1592.93 2027.49 331.13 421.42 1261.8 1606.07 0
ynao_sd_19800202_0125_li 68 35 33 11 0 2807.91 3339.15 512.92 603.28 2294.99 2735.87 0
ynao_sd_19800203_0120_li 49 25 24 9 0 3554.74 4079.19 520.32 726.85 3034.42 3352.34 0
ynao_sd_19800204_0105_hong 71 38 33 13 0 3600.84 4038.6 717.83 786.52 2883.01 3252.08 0
ynao_sd_19800205_0100_hong 63 30 33 11 2 3441.4 4121.19 659.09 861.76 2782.31 3259.43 23.66
ynao_sd_19800206_0630_hong 86 42 44 14 0 3617.81 5004.91 750.78 1052.29 2867.03 3952.62 0
ynao_sd_19800207_0040_hong 96 44 52 20 1 3888.39 5306.71 725.69 960.98 3162.7 4345.73 34.64
ynao_sd_19800208_0200_hong 107 59 48 17 0 3811.34 5345.47 820.7 1122.68 2990.64 4222.79 0
ynao_sd_19800209_0510_hong 65 30 35 14 0 2922.52 4010.63 497.54 653.73 2424.98 3356.9 0
ynao_sd_19800210_0100_hong 61 37 24 14 0 2226.2 3308.52 478.5 691.1 1747.7 2617.42 0
ynao_sd_19800211_0240_li 30 17 13 8 0 1758.63 3354.84 277.49 487.47 1481.14 2867.37 0
ynao_sd_19800212_0120_li 22 17 5 1 0 1039.81 1192.61 261.58 388.37 778.23 804.24 0
ynao_sd_19800213_0130_li 41 27 14 5 0 2436.46 3548.83 479.48 689.93 1956.98 2858.9 0
ynao_sd_19800214_0130_li 35 26 9 6 0 2159.05 3136.73 266.61 411.53 1892.44 2725.2 0
ynao_sd_19800215_0230_li 57 50 7 4 0 1628.2 2377.4 390.99 514.54 1237.21 1862.86 0
ynao_sd_19800216_0140_li 28 23 5 3 0 1265.22 1694.74 274.64 348.0 990.58 1346.74 0
ynao_sd_19800217_0300_li 30 23 7 3 0 1374.0 1491.11 323.29 355.91 1050.71 1135.2 0
ynao_sd_19800218_0220_li 24 17 7 5 0 1188.28 1535.46 251.12 311.74 937.16 1223.72 0
ynao_sd_19800219_0110_hong 48 37 11 4 0 1178.84 1595.94 386.32 493.28 792.52 1102.66 0
ynao_sd_19800220_0045_hong 49 35 14 4 0 1406.6 1945.9 388.24 500.96 1018.36 1444.94 0
ynao_sd_19800221_0040_hong 54 40 14 8 0 1216.46 1802.24 316.67 439.74 899.79 1362.5 0
ynao_sd_19800222_0040_hong 48 31 17 11 0 1281.94 2120.1 281.99 426.99 999.95 1693.11 0
ynao_sd_19800223_0110_hong 39 20 19 10 0 967.13 1212.74 240.38 340.91 726.75 871.83 0
ynao_sd_19800224_0110_hong 35 21 14 9 0 1827.95 3850.22 282.1 388.6 1545.85 3461.62 0
ynao_sd_19800225_0100_wang 32 15 17 7 0 1729.34 2820.6 209.8 246.48 1519.54 2574.12 0
ynao_sd_19800226_0100_wang 44 31 13 11 0 1089.39 1622.75 338.32 665.18 751.07 957.57 0
ynao_sd_19800227_0040_wang 54 44 10 9 0 1345.95 2277.37 348.8 556.76 997.15 1720.61 0
ynao_sd_19800228_0040_wang 36 17 19 15 0 1283.44 1966.91 270.36 376.58 1013.08 1590.33 0
ynao_sd_19800229_0030_wang 61 46 15 10 1 1706.05 2562.24 407.91 580.37 1298.14 1981.87 48.46
ynao_sd_19800301_0100_wang 39 22 17 10 0 1173.5 1507.81 266.74 373.88 906.76 1133.93 0
ynao_sd_19800302_0330_wang 29 15 14 10 0 1059.76 1787.88 270.07 518.56 789.69 1269.32 0
ynao_sd_19800303_0050_li 21 15 6 7 0 643.04 1045.89 123.94 201.34 519.1 844.55 0
ynao_sd_19800304_0120_li 22 16 6 5 0 779.34 1107.91 208.65 274.02 570.69 833.89 0
ynao_sd_19800305_0130_li 13 8 5 3 0 308.35 364.51 141.7 183.31 166.65 181.2 0
ynao_sd_19800306_0055_li 22 17 5 4 0 767.45 924.5 196.69 248.08 570.76 676.42 0
ynao_sd_19800307_0055_li 9 5 4 4 0 641.75 724.8 103.96 132.32 537.79 592.48 0
ynao_sd_19800308_0110_li 16 13 3 3 0 660.82 768.87 149.36 204.84 511.46 564.03 0
ynao_sd_19800309_0050_li 14 9 5 3 0 667.96 882.57 105.79 223.89 562.17 658.68 0
ynao_sd_19800310_0050_hong 22 15 7 3 0 780.53 986.28 168.77 263.45 611.76 722.83 0
ynao_sd_19800311_0040_hong 16 10 6 3 0 611.99 731.62 143.24 180.73 468.75 550.89 0
ynao_sd_19800312_0030_hong 26 19 7 4 0 638.19 852.44 190.25 248.67 447.94 603.77 0
ynao_sd_19800313_0035_hong 23 19 4 4 0 591.06 859.93 206.92 275.97 384.14 583.96 0
ynao_sd_19800314_0030_hong 19 17 2 3 0 363.39 686.39 133.36 209.55 230.03 476.84 0
ynao_sd_19800315_0035_hong 18 17 1 1 0 162.99 193.52 109.71 136.64 53.28 56.88 0
ynao_sd_19800316_0120_hong 14 14 0 0 0 127.9 170.54 127.9 170.54 0 0 0
ynao_sd_19800317_0050_wang 10 7 3 2 0 1385.43 1475.2 288.04 350.9 1097.39 1124.3 0
ynao_sd_19800318_0030_wang 17 17 0 0 0 74.92 117.66 74.92 117.66 0 0 0
ynao_sd_19800319_0040_wang 43 35 8 7 0 958.83 1468.52 238.15 345.21 720.68 1123.31 0
ynao_sd_19800320_0050_wang 40 25 15 8 0 1019.16 1497.16 253.83 348.71 765.33 1148.45 0
ynao_sd_19800321_0045_wang 36 26 10 7 0 856.0 1251.65 243.93 323.37 612.07 928.28 0
ynao_sd_19800322_0050_wang 47 35 12 9 0 805.33 1146.47 228.42 328.76 576.91 817.71 0
ynao_sd_19800323_0140_li 22 14 8 5 0 379.15 546.42 137.86 215.99 241.29 330.43 0
ynao_sd_19800324_0035_li 38 35 3 5 0 375.45 558.72 203.5 296.79 171.95 261.93 0
ynao_sd_19800326_0700_li 24 14 10 9 0 520.96 767.59 133.17 209.07 387.79 558.52 0
ynao_sd_19800327_0930_li 43 32 11 7 0 1167.23 1573.29 282.61 354.6 884.62 1218.69 0
ynao_sd_19800328_0110_li 45 34 11 4 0 1058.98 1322.0 330.27 411.47 728.71 910.53 0
ynao_sd_19800329_0040_wang 98 74 24 13 0 2148.62 2716.91 562.96 710.45 1585.66 2006.46 0
ynao_sd_19800330_0120_hong 45 28 17 8 0 2052.12 2653.57 351.11 424.38 1701.01 2229.19 0
ynao_sd_19800331_0040_hong 90 62 28 15 0 2075.14 2507.17 614.79 740.58 1460.35 1766.59 0
ynao_sd_19800401_0050_hong 46 18 28 17 0 2046.79 2540.86 370.15 458.67 1676.64 2082.19 0
ynao_sd_19800402_0230_hong 66 41 25 11 0 1785.66 2249.95 460.54 638.5 1325.12 1611.45 0
ynao_sd_19800403_0030_hong 56 31 25 10 0 1557.63 2468.26 359.41 638.74 1198.22 1829.52 0
ynao_sd_19800404_0035_hong 45 27 18 13 0 1727.2 2801.99 314.66 526.04 1412.54 2275.95 0
ynao_sd_19800405_0035_hong 67 37 30 14 0 2300.42 3512.69 515.22 761.88 1785.2 2750.81 0
ynao_sd_19800406_0115_hong 66 35 31 18 0 3959.85 5796.57 669.98 959.74 3289.87 4836.83 0
ynao_sd_19800407_0110_wang 71 36 35 19 0 4594.83 5986.64 840.59 1107.32 3754.24 4879.32 0
ynao_sd_19800408_0040_wang 103 60 43 21 0 6431.15 8235.95 1047.37 1397.77 5383.78 6838.18 0
ynao_sd_19800409_0035_wang 131 71 60 16 0 6812.11 8921.98 1397.1 1894.01 5415.01 7027.97 0
ynao_sd_19800410_0040_wang 127 79 48 20 0 6070.94 8037.53 1057.42 1433.59 5013.52 6603.94 0
ynao_sd_19800411_0310_wang 123 71 52 25 0 6447.11 9639.67 1045.57 1442.93 5401.54 8196.74 0
ynao_sd_19800412_0050_wang 159 103 56 20 1 6472.53 9296.5 1213.42 1681.0 5259.11 7615.5 38.57
ynao_sd_19800413_0040_wang 139 92 47 19 0 4739.64 7572.49 890.7 1328.34 3848.94 6244.15 0
ynao_sd_19800414_0100_li 91 59 32 12 0 2771.0 3160.45 569.79 702.46 2201.21 2457.99 0
ynao_sd_19800415_0130_li 66 45 21 8 0 1816.09 2249.85 459.6 559.4 1356.49 1690.45 0
ynao_sd_19800416_0650_li 63 51 12 7 0 1183.73 1503.39 433.0 502.07 750.73 1001.32 0
ynao_sd_19800417_0040_li 57 50 7 4 0 830.22 1206.13 368.1 465.92 462.12 740.21 0
ynao_sd_19800418_0120_li 37 32 5 3 0 546.81 1254.07 213.86 338.15 332.95 915.92 0
ynao_sd_19800419_0030_li 18 14 4 3 0 598.18 1156.0 163.84 250.44 434.34 905.56 0
ynao_sd_19800420_0055_li 33 24 9 4 0 976.1 1629.91 269.57 415.56 706.53 1214.35 0
ynao_sd_19800421_0040_hong 71 49 22 13 0 1875.75 2633.34 470.53 649.0 1405.22 1984.34 0
ynao_sd_19800422_0030_hong 66 46 20 8 0 2071.06 2513.54 499.53 593.86 1571.53 1919.68 0
ynao_sd_19800423_0030_hong 57 43 14 8 0 2212.2 2894.6 679.54 1281.41 1532.66 1613.19 0
ynao_sd_19800424_0250_hong 60 41 19 6 0 2073.89 2117.12 534.38 555.64 1539.51 1561.48 0
ynao_sd_19800425_0230_hong 58 36 22 7 0 2389.47 2527.61 463.88 499.42 1925.59 2028.19 0
ynao_sd_19800426_0030_hong 61 47 14 5 0 1988.0 2376.78 462.79 641.65 1525.21 1735.13 0
ynao_sd_19800427_0110_hong 63 45 18 13 0 2257.74 3277.48 559.17 822.54 1698.57 2454.94 0
ynao_sd_19800428_0130_wang 59 44 15 13 0 2021.11 3453.43 482.16 737.98 1538.95 2715.45 0
ynao_sd_19800429_0030_wang 60 48 12 11 0 3244.86 5878.76 550.64 1002.21 2694.22 4876.55 0
ynao_sd_19800430_0040_wang 38 27 11 11 0 1591.17 3000.84 313.07 594.8 1278.1 2406.04 0
ynao_sd_19800501_0025_wang 56 45 11 8 0 1767.6 2582.87 417.04 585.78 1350.56 1997.09 0
ynao_sd_19800502_0035_wang 79 59 20 13 0 2756.69 3834.88 675.15 945.14 2081.54 2889.74 0
ynao_sd_19800503_0105_wang 76 36 40 14 0 3529.33 4380.41 666.62 827.64 2862.71 3552.77 0
ynao_sd_19800504_0030_wang 93 72 21 12 0 2933.72 3521.74 720.41 916.26 2213.31 2605.48 0
ynao_sd_19800506_0310_hong 78 60 18 13 0 2194.19 2982.28 616.96 875.8 1577.23 2106.48 0
ynao_sd_19800507_0720_hong 40 24 16 6 0 1558.61 2087.23 305.76 444.77 1252.85 1642.46 0
ynao_sd_19800509_0710_hong 60 42 18 9 0 1872.33 2999.88 501.19 815.15 1371.14 2184.73 0
ynao_sd_19800510_0205_hong 51 37 14 11 0 1584.46 2623.07 421.01 637.92 1163.45 1985.15 0
ynao_sd_19800511_0110_hong 51 34 17 10 0 1614.26 2357.03 463.46 645.67 1150.8 1711.36 0
ynao_sd_19800512_0040_wang 70 55 15 11 0 1647.75 2391.97 423.49 540.86 1224.26 1851.11 0
ynao_sd_19800513_0030_wang 89 76 13 9 0 1629.38 1998.24 582.39 730.4 1046.99 1267.84 0
ynao_sd_19800514_0030_wang 70 54 16 11 1 1644.76 1986.43 438.91 532.1 1205.85 1454.33 23.87
ynao_sd_19800515_0035_wang 63 51 12 8 0 1941.94 2682.78 487.98 698.0 1453.96 1984.78 0
ynao_sd_19800516_0120_wang 73 50 23 12 0 1803.62 2578.64 435.37 612.5 1368.25 1966.14 0
ynao_sd_19800517_0045_wang 68 43 25 18 0 2293.16 3145.35 438.36 593.7 1854.8 2551.65 0
ynao_sd_19800518_0050_wang 70 45 25 20 0 2399.69 3208.37 457.91 583.52 1941.78 2624.85 0
ynao_sd_19800519_0650_li 51 32 19 12 0 1783.58 2351.86 392.16 526.01 1391.42 1825.85 0
ynao_sd_19800520_0050_li 55 29 26 15 0 1896.84 3172.72 387.01 528.13 1509.83 2644.59 0
ynao_sd_19800521_0230_li 60 35 25 15 0 3306.86 5956.56 402.38 611.01 2904.48 5345.55 0
ynao_sd_19800523_0345_wang 141 100 41 21 1 5415.05 7243.2 1280.4 1644.68 4134.65 5598.52 50.78
ynao_sd_19800524_0820_li 97 69 28 15 0 4908.94 5647.33 899.57 1056.65 4009.37 4590.68 0
ynao_sd_19800525_0250_li 84 51 33 14 0 4784.07 5570.08 871.4 1062.15 3912.67 4507.93 0
ynao_sd_19800526_1040_hong 127 86 41 19 0 5470.51 6524.75 1265.36 1536.66 4205.15 4988.09 0
ynao_sd_19800527_0040_hong 117 83 34 19 0 5243.88 6230.03 1210.41 1479.95 4033.47 4750.08 0
ynao_sd_19800528_0120_hong 101 69 32 18 0 4660.74 5938.49 1016.0 1282.36 3644.74 4656.13 0
ynao_sd_19800529_0040_hong 101 68 33 17 0 4281.37 5695.55 948.48 1241.79 3332.89 4453.76 0
ynao_sd_19800530_0210_hong 84 58 26 17 0 3679.5 5247.65 831.08 1136.81 2848.42 4110.84 0
ynao_sd_19800531_0040_hong 53 36 17 14 0 2681.42 4127.95 528.08 807.06 2153.34 3320.89 0
ynao_sd_19800601_0410_hong 35 19 16 12 0 2137.91 3534.68 428.43 612.48 1709.48 2922.2 0
ynao_sd_19800603_0055_wang 48 35 13 12 0 2815.03 4757.09 343.26 498.8 2471.77 4258.29 0
ynao_sd_19800604_0330_wang 50 36 14 10 0 2217.71 3782.89 474.17 775.3 1743.54 3007.59 0
ynao_sd_19800606_0940_wang 54 34 20 8 0 2366.34 3414.22 326.53 472.2 2039.81 2942.02 0
ynao_sd_19800607_0540_hong 69 51 18 8 0 1447.16 2192.84 443.59 571.89 1003.57 1620.95 0
ynao_sd_19800608_0055_li 48 41 7 6 0 686.42 943.69 273.89 449.88 412.53 493.81 0
ynao_sd_19800609_0100_li 27 21 6 5 0 517.87 561.08 168.12 199.14 349.75 361.94 0
ynao_sd_19800610_0410_li 52 43 9 6 0 827.43 1346.79 311.02 390.61 516.41 956.18 0
ynao_sd_19800611_0130_li 55 47 8 4 0 1011.06 1459.27 368.51 463.43 642.55 995.84 0
ynao_sd_19800612_0050_li 66 55 11 6 0 1256.32 1637.65 514.93 677.16 741.39 960.49 0
ynao_sd_19800613_0050_li 46 37 9 7 0 1415.85 1801.94 419.09 590.65 996.76 1211.29 0
ynao_sd_19800614_0150_li 44 32 12 8 0 1451.64 1824.73 363.32 514.9 1088.32 1309.83 0
ynao_sd_19800615_0450_li 23 11 12 6 0 1610.75 1882.7 249.85 278.76 1360.9 1603.94 0
ynao_sd_19800616_0650_hong 60 52 8 7 0 1873.01 2562.06 503.05 794.56 1369.96 1767.5 0
ynao_sd_19800617_0250_hong 86 67 19 9 0 1991.13 2788.27 580.52 773.02 1410.61 2015.25 0
ynao_sd_19800618_0130_hong 85 72 13 8 1 1818.96 2726.3 595.28 946.32 1223.68 1779.98 57.65
ynao_sd_19800619_0640_hong 64 48 16 12 0 1806.88 3142.73 485.65 767.66 1321.23 2375.07 0
ynao_sd_19800621_0620_hong 73 54 19 18 0 2214.0 3681.27 617.22 1017.54 1596.78 2663.73 0
ynao_sd_19800622_0310_hong 84 59 25 14 0 2674.82 3753.22 711.71 1017.68 1963.11 2735.54 0
ynao_sd_19800623_0445_wang 86 64 22 12 0 2838.46 3596.43 768.2 989.4 2070.26 2607.03 0
ynao_sd_19800624_0130_wang 87 67 20 14 0 3203.57 4045.6 668.6 894.38 2534.97 3151.22 0
ynao_sd_19800625_1015_wang 29 20 9 8 0 2770.48 3593.18 487.08 662.39 2283.4 2930.79 0
ynao_sd_19800626_0040_wang 46 36 10 8 0 2547.2 3290.94 501.27 632.76 2045.93 2658.18 0
ynao_sd_19800627_0050_wang 31 13 18 10 0 2265.1 3059.91 388.73 527.58 1876.37 2532.33 0
ynao_sd_19800628_0110_wang 40 33 7 9 0 1848.33 2745.57 402.61 670.59 1445.72 2074.98 0
ynao_sd_19800629_0120_wang 36 27 9 6 0 1586.0 2078.08 339.36 502.47 1246.64 1575.61 0
ynao_sd_19800630_0230_hong 39 26 13 7 0 1525.75 1962.62 353.73 452.33 1172.02 1510.29 0
ynao_sd_19800701_0910_hong 44 26 18 7 0 1607.91 2266.83 352.43 504.09 1255.48 1762.74 0
ynao_sd_19800702_0100_hong 38 25 13 7 0 1054.69 1805.92 323.53 529.6 731.16 1276.32 0
ynao_sd_19800703_0050_hong 56 46 10 8 0 706.56 1105.95 321.07 501.09 385.49 604.86 0
ynao_sd_19800704_0740_hong 31 22 9 7 0 691.14 986.57 193.49 258.21 497.65 728.36 0
ynao_sd_19800705_0540_hong 40 29 11 5 0 729.33 1301.5 308.47 453.72 420.86 847.78 0
ynao_sd_19800706_0520_hong 43 33 10 4 0 795.88 1769.69 295.93 520.0 499.95 1249.69 0
ynao_sd_19800707_0110_wang 41 32 9 5 0 869.04 1569.55 249.03 406.24 620.01 1163.31 0
ynao_sd_19800708_0830_wang 30 11 19 6 0 1403.88 2531.53 216.18 397.37 1187.7 2134.16 0
ynao_sd_19800709_0330_wang 24 13 11 7 0 1403.19 2805.1 254.38 552.66 1148.81 2252.44 0
ynao_sd_19800710_0100_wang 26 21 5 6 0 1155.64 1998.04 224.04 337.08 931.6 1660.96 0
ynao_sd_19800711_0230_wang 24 16 8 7 0 1359.81 2099.56 322.18 507.27 1037.63 1592.29 0
ynao_sd_19800713_0110_wang 54 32 22 9 0 2454.07 3529.42 470.01 671.55 1984.06 2857.87 0
ynao_sd_19800714_0200_wang 55 30 25 13 0 3093.73 4830.02 428.62 590.89 2665.11 4239.13 0
ynao_sd_19800715_0040_li 50 28 22 12 0 2301.15 3493.1 367.62 506.06 1933.53 2987.04 0
ynao_sd_19800717_0740_li 66 50 16 11 0 3309.05 4433.49 669.88 891.16 2639.17 3542.33 0
ynao_sd_19800719_0800_li 64 49 15 12 0 3347.5 4391.96 710.69 922.05 2636.81 3469.91 0
ynao_sd_19800720_0450_li 42 29 13 9 0 2987.05 3831.62 648.09 843.95 2338.96 2987.67 0
ynao_sd_19800721_0300_hong 93 70 23 13 0 3139.76 4165.65 873.75 1130.32 2266.01 3035.33 0
ynao_sd_19800722_0210_hong 77 52 25 14 0 3236.15 4325.0 730.29 944.22 2505.86 3380.78 0
ynao_sd_19800723_0150_hong 63 42 21 14 0 2653.64 3849.85 631.74 999.09 2021.9 2850.76 0
ynao_sd_19800725_0310_hong 48 33 15 10 0 1716.73 3100.13 424.21 672.16 1292.52 2427.97 0
ynao_sd_19800726_0050_hong 46 24 22 12 0 1481.26 2485.88 307.57 483.24 1173.69 2002.64 0
ynao_sd_19800727_0040_hong 54 44 10 7 0 1291.31 1976.53 442.06 673.75 849.25 1302.78 0
ynao_sd_19800728_0500_wang 41 32 9 5 0 1064.42 1567.05 354.12 633.01 710.3 934.04 0
ynao_sd_19800729_0120_wang 31 24 7 6 0 837.9 1193.29 271.24 393.32 566.66 799.97 0
ynao_sd_19800731_0315_wang 11 10 1 4 0 2058.28 2930.18 83.52 151.83 1974.76 2778.35 0
ynao_sd_19800801_0510_wang 11 9 2 3 0 1039.94 2376.83 86.41 113.15 953.53 2263.68 0
ynao_sd_19800802_0130_wang 9 8 1 1 0 150.99 218.85 61.28 89.4 89.71 129.45 0
ynao_sd_19800803_0220_wang 12 9 3 4 0 2034.48 4504.49 107.55 244.6 1926.93 4259.89 0
ynao_sd_19800804_0705_li 4 4 0 0 0 33.76 93.16 33.76 93.16 0 0 0
ynao_sd_19800805_0015_li 6 6 0 0 0 81.11 126.45 81.11 126.45 0 0 0
ynao_sd_19800806_0150_wang 26 22 4 3 0 268.56 621.44 168.52 368.15 100.04 253.29 0
ynao_sd_19800807_0920_li 17 13 4 2 0 359.02 488.96 101.64 116.03 257.38 372.93 0
ynao_sd_19800809_0820_li 24 20 4 4 0 614.43 735.19 191.91 234.74 422.52 500.45 0
ynao_sd_19800810_0530_li 25 15 10 7 0 1057.32 1257.49 216.89 288.34 840.43 969.15 0
ynao_sd_19800811_0400_hong 67 48 19 9 0 1563.27 2229.72 490.7 872.74 1072.57 1356.98 0
ynao_sd_19800814_0350_hong 69 51 18 13 0 1518.3 1941.96 454.17 620.72 1064.13 1321.24 0
ynao_sd_19800817_0520_hong 90 72 18 12 0 1591.83 2060.94 589.58 713.68 1002.25 1347.26 0
ynao_sd_19800818_1010_li 70 54 16 8 0 1318.39 1683.19 473.36 572.63 845.03 1110.56 0
ynao_sd_19800819_0650_li 71 59 12 9 0 1402.18 1710.39 465.59 596.22 936.59 1114.17 0
ynao_sd_19800820_0530_li 44 38 6 5 0 1124.36 1376.59 349.68 505.21 774.68 871.38 0
ynao_sd_19800821_0110_li 39 31 8 7 0 793.93 1441.52 288.07 412.61 505.86 1028.91 0
ynao_sd_19800822_0045_li 30 21 9 7 0 1255.16 1662.79 208.51 273.85 1046.65 1388.94 0
ynao_sd_19800823_0150_li 27 21 6 4 0 1082.74 1332.42 245.77 305.45 836.97 1026.97 0
ynao_sd_19800824_0820_li 25 13 12 5 0 1136.03 1458.11 222.24 312.95 913.79 1145.16 0
ynao_sd_19800825_0120_wang 46 31 15 10 0 1423.0 2006.43 306.01 473.77 1116.99 1532.66 0
ynao_sd_19800826_0150_wang 50 35 15 7 0 1967.16 2835.6 284.08 459.93 1683.08 2375.67 0
ynao_sd_19800827_0025_wang 34 24 10 8 0 911.61 1453.95 215.16 265.28 696.45 1188.67 0
ynao_sd_19800828_0300_wang 42 26 16 11 0 1492.63 2983.14 330.8 740.36 1161.83 2242.78 0
ynao_sd_19800829_0100_wang 81 62 19 14 0 2365.72 4249.14 614.99 1055.39 1750.73 3193.75 0
ynao_sd_19800830_0045_wang 104 64 40 16 0 3134.55 4688.35 663.32 974.35 2471.23 3714.0 0
ynao_sd_19800831_0030_wang 91 51 40 21 0 3999.74 5107.46 784.97 1014.62 3214.77 4092.84 0
ynao_sd_19800901_0100_hong 89 51 38 19 0 4273.01 5104.54 862.55 1048.56 3410.46 4055.98 0
ynao_sd_19800902_0830_wang 121 88 33 21 0 4732.87 6621.94 977.52 1241.77 3755.35 5380.17 0
ynao_sd_19800903_0110_hong 118 64 54 24 0 5122.64 6648.57 1139.69 1529.41 3982.95 5119.16 0
ynao_sd_19800904_0300_hong 132 72 60 28 0 5068.37 6103.08 1105.56 1387.92 3962.81 4715.16 0
ynao_sd_19800905_0030_hong 116 70 46 29 0 4435.91 5392.79 985.29 1238.95 3450.62 4153.84 0
ynao_sd_19800906_0040_hong 105 79 26 16 0 3466.81 4388.54 866.05 1067.11 2600.76 3321.43 0
ynao_sd_19800907_0140_hong 73 46 27 17 0 2606.64 3780.49 546.17 794.3 2060.47 2986.19 0
ynao_sd_19800908_0240_wang 69 55 14 11 0 1914.3 3088.45 528.91 811.64 1385.39 2276.81 0
ynao_sd_19800909_0220_wang 48 33 15 11 0 1456.03 2583.4 379.65 698.78 1076.38 1884.62 0
ynao_sd_19800910_0320_wang 40 33 7 7 0 2696.03 3772.1 383.25 704.5 2312.78 3067.6 0
ynao_sd_19800911_0040_wang 51 43 8 8 0 1571.31 2572.04 470.64 867.7 1100.67 1704.34 0
ynao_sd_19800912_0040_wang 67 59 8 9 0 1469.72 2149.36 452.39 685.66 1017.33 1463.7 0
ynao_sd_19800913_0230_wang 57 47 10 11 0 1984.0 2599.75 484.99 716.79 1499.01 1882.96 0
ynao_sd_19800914_0050_wang 48 39 9 8 0 1457.66 1755.64 360.93 399.43 1096.73 1356.21 0
ynao_sd_19800915_0045_wang 25 19 6 4 0 1243.0 1322.03 215.87 236.48 1027.13 1085.55 0
ynao_sd_19800916_0200_hong 38 31 7 5 0 1116.68 1215.73 349.29 386.43 767.39 829.3 0
ynao_sd_19800917_0110_hong 55 49 6 4 0 1080.0 1265.12 441.13 514.16 638.87 750.96 0
ynao_sd_19800918_0100_hong 48 41 7 5 0 954.72 1230.11 334.07 419.28 620.65 810.83 0
ynao_sd_19800922_0340_wang 64 51 13 10 0 1788.62 2782.28 421.34 669.43 1367.28 2112.85 0
ynao_sd_19800923_0520_wang 98 72 26 16 0 2632.96 3546.77 629.07 916.61 2003.89 2630.16 0
ynao_sd_19800926_0520_wang 78 61 17 11 0 2066.41 3506.61 553.22 917.11 1513.19 2589.5 0
ynao_sd_19800927_0340_wang 75 62 13 12 0 2163.52 4002.41 570.63 1378.15 1592.89 2624.26 0
ynao_sd_19800930_0630_hong 58 42 16 8 0 1279.08 1671.9 407.86 534.58 871.22 1137.32 0
ynao_sd_19801001_0805_wang 45 31 14 9 0 1170.47 1360.64 299.61 350.18 870.86 1010.46 0
ynao_sd_19801003_0810_hong 56 46 10 5 0 574.04 812.61 302.36 403.88 271.68 408.73 0
ynao_sd_19801004_0820_hong 38 30 8 7 0 509.64 708.8 205.5 295.1 304.14 413.7 0
ynao_sd_19801005_0100_wang 43 38 5 3 0 467.97 1009.32 220.66 395.76 247.31 613.56 0
ynao_sd_19801006_0200_wang 55 40 15 7 0 1950.83 3766.66 325.56 595.46 1625.27 3171.2 0
ynao_sd_19801007_0230_wang 47 34 13 9 0 1946.6 4224.63 422.26 667.01 1524.34 3557.62 0
ynao_sd_19801008_0840_hong 82 55 27 17 0 2474.21 4380.72 593.44 976.72 1880.77 3404.0 0
ynao_sd_19801009_0800_wang 126 91 35 19 1 3266.69 4727.1 801.36 1237.01 2465.33 3490.09 23.12
ynao_sd_19801010_0100_wang 155 113 42 26 0 3333.4 4272.01 944.59 1195.97 2388.81 3076.04 0
ynao_sd_19801011_0045_wang 157 112 45 30 0 3807.36 4429.11 1018.63 1215.8 2788.73 3213.31 0
ynao_sd_19801012_0110_wang 173 121 52 27 0 4051.29 4547.35 1072.04 1227.94 2979.25 3319.41 0
ynao_sd_19801013_0050_hong 135 74 61 30 0 4520.48 5507.36 977.15 1177.16 3543.33 4330.2 0
ynao_sd_19801014_0330_hong 174 106 68 27 0 5320.04 7020.29 1152.77 1548.04 4167.27 5472.25 0
ynao_sd_19801015_0140_hong 127 81 46 26 0 3364.55 5299.56 794.95 1162.31 2569.6 4137.25 0
ynao_sd_19801016_0110_hong 79 55 24 17 0 2181.72 4366.23 519.11 907.06 1662.61 3459.17 0
ynao_sd_19801017_0100_hong 43 28 15 12 0 982.41 1938.22 315.23 609.4 667.18 1328.82 0
ynao_sd_19801018_0110_hong 46 25 21 10 0 1514.52 3873.96 339.66 769.97 1174.86 3103.99 0
ynao_sd_19801021_0410_wang 76 51 25 10 0 3197.05 4109.18 653.43 818.21 2543.62 3290.97 0
ynao_sd_19801023_0510_wang 97 69 28 16 0 3299.7 3813.6 693.57 798.32 2606.13 3015.28 0
ynao_sd_19801024_0030_wang 64 46 18 13 0 3007.85 3668.39 526.21 706.59 2481.64 2961.8 0
ynao_sd_19801025_0800_wang 63 39 24 12 0 2522.7 3411.52 530.72 746.94 1991.98 2664.58 0
ynao_sd_19801026_0310_wang 58 43 15 12 0 1956.12 2696.43 453.62 630.69 1502.5 2065.74 0
ynao_sd_19801027_0220_hong 54 41 13 9 0 1499.25 2249.99 439.94 674.64 1059.31 1575.35 0
ynao_sd_19801028_0050_hong 74 55 19 16 0 1317.32 2135.76 425.9 630.58 891.42 1505.18 0
ynao_sd_19801029_0130_hong 73 65 8 9 0 1123.63 1892.13 515.97 880.06 607.66 1012.07 0
ynao_sd_19801030_0430_hong 88 79 9 9 0 1143.54 1512.5 566.62 681.45 576.92 831.05 0
ynao_sd_19801031_0100_hong 94 74 20 15 0 2163.15 5099.49 637.69 905.12 1525.46 4194.37 0
ynao_sd_19801101_0040_hong 60 37 23 18 0 2651.48 4062.93 482.5 670.29 2168.98 3392.64 0
ynao_sd_19801102_0220_hong 97 67 30 17 0 3643.52 5716.25 770.44 1115.11 2873.08 4601.14 0
ynao_sd_19801103_0340_wang 97 70 27 15 0 4118.62 5614.76 840.15 1134.12 3278.47 4480.64 0
ynao_sd_19801104_0150_wang 115 85 30 15 0 4507.56 5171.78 1036.18 1230.03 3471.38 3941.75 0
ynao_sd_19801105_0040_wang 142 113 29 15 0 4965.46 5995.83 1224.19 1512.66 3741.27 4483.17 0
ynao_sd_19801106_0055_wang 97 62 35 12 0 5716.9 7698.99 992.14 1309.07 4724.76 6389.92 0
ynao_sd_19801107_0030_wang 183 132 51 19 0 6226.92 8372.36 1447.76 1847.75 4779.16 6524.61 0
ynao_sd_19801108_0210_wang 142 101 41 16 1 6642.83 8636.4 1218.73 1548.46 5424.1 7087.94 32.56
ynao_sd_19801109_0350_wang 88 46 42 18 0 7463.73 9306.54 805.41 1020.73 6658.32 8285.81 0
ynao_sd_19801110_0120_hong 93 49 44 17 0 4611.49 5848.15 1022.27 1311.59 3589.22 4536.56 0
ynao_sd_19801111_0130_hong 87 49 38 16 0 5842.19 7414.62 1078.31 1560.37 4763.88 5854.25 0
ynao_sd_19801112_0145_hong 52 24 28 10 1 4570.52 5983.62 700.26 958.59 3870.26 5025.03 18.28
ynao_sd_19801113_0540_hong 47 20 27 10 0 4491.31 5284.55 686.18 820.34 3805.13 4464.21 0
ynao_sd_19801114_0250_hong 51 35 16 11 2 3726.96 4854.27 616.57 835.88 3110.39 4018.39 48.56
ynao_sd_19801115_0340_hong 66 34 32 11 0 2487.43 3763.85 531.82 783.21 1955.61 2980.64 0
ynao_sd_19801116_0050_hong 43 19 24 13 0 2666.98 5249.18 426.83 783.1 2240.15 4466.08 0
ynao_sd_19801117_0040_wang 90 68 22 13 0 1809.46 4186.63 616.11 1275.96 1193.35 2910.67 0
ynao_sd_19801118_0350_wang 53 43 10 7 0 1186.88 1911.21 377.57 641.1 809.31 1270.11 0
ynao_sd_19801119_0240_wang 83 70 13 9 0 2967.18 3915.08 538.65 731.61 2428.53 3183.47 0
ynao_sd_19801120_0110_hong 64 44 20 8 0 1661.61 2137.84 499.49 623.93 1162.12 1513.91 0
ynao_sd_19801121_0040_hong 85 72 13 7 0 1547.63 1860.83 546.66 638.36 1000.97 1222.47 0
ynao_sd_19801122_0105_wang 70 57 13 6 0 1342.79 1544.03 419.22 483.85 923.57 1060.18 0
ynao_sd_19801123_0050_wang 51 43 8 8 0 1221.69 1406.99 368.11 415.45 853.58 991.54 0
ynao_sd_19801124_0050_hong 51 41 10 7 0 1116.26 1387.79 418.39 518.33 697.87 869.46 0
ynao_sd_19801125_0040_hong 35 26 9 7 0 1030.3 1540.57 301.6 451.73 728.7 1088.84 0
ynao_sd_19801126_0030_hong 44 33 11 9 0 977.6 1906.24 299.53 573.13 678.07 1333.11 0
ynao_sd_19801127_0040_hong 56 44 12 10 0 941.33 1950.52 327.38 527.83 613.95 1422.69 0
ynao_sd_19801128_0030_hong 58 40 18 12 0 1343.42 2485.59 399.47 727.31 943.95 1758.28 0
ynao_sd_19801129_0140_hong 71 54 17 12 0 2135.66 3142.43 572.06 751.99 1563.6 2390.44 0
ynao_sd_19801130_0110_hong 95 73 22 15 0 2738.83 3545.23 850.5 1106.72 1888.33 2438.51 0
ynao_sd_19801201_0100_wang 88 62 26 14 0 3556.21 5492.1 692.99 996.24 2863.22 4495.86 0
ynao_sd_19801202_0110_wang 94 72 22 9 0 3093.36 3946.81 799.62 1003.83 2293.74 2942.98 0
ynao_sd_19801203_0110_wang 72 48 24 11 0 2554.91 3593.73 547.15 695.28 2007.76 2898.45 0
ynao_sd_19801204_0110_wang 74 59 15 10 0 2284.25 3377.18 561.14 642.09 1723.11 2735.09 0
ynao_sd_19801205_0230_wang 54 37 17 11 0 1963.29 2350.0 349.69 411.4 1613.6 1938.6 0
ynao_sd_19801206_0115_wang 43 27 16 12 0 1768.34 2346.82 284.51 374.51 1483.83 1972.31 0
ynao_sd_19801207_0115_wang 27 10 17 11 0 1090.94 1640.42 165.0 237.93 925.94 1402.49 0
ynao_sd_19801208_0150_hong 33 21 12 10 0 863.79 1707.2 226.91 444.98 636.88 1262.22 0
ynao_sd_19801210_0220_hong 40 35 5 5 0 446.02 541.43 235.13 288.91 210.89 252.52 0
ynao_sd_19801211_0230_hong 64 51 13 10 0 1227.16 1594.89 428.82 504.67 798.34 1090.22 0
ynao_sd_19801213_0320_hong 67 34 33 14 0 3303.24 5296.47 628.65 935.12 2674.59 4361.35 0
ynao_sd_19801214_0120_hong 82 41 41 16 0 4015.13 5884.61 805.84 1197.81 3209.29 4686.8 0
ynao_sd_19801215_0140_wang 120 82 38 18 0 4541.84 5954.31 912.23 1218.56 3629.61 4735.75 0
ynao_sd_19801216_0140_wang 126 88 38 14 0 4943.1 6341.42 948.3 1205.77 3994.8 5135.65 0
ynao_sd_19801217_0110_wang 117 85 32 15 0 4485.82 5749.57 873.59 1078.09 3612.23 4671.48 0
ynao_sd_19801218_0215_wang 137 99 38 20 0 3949.9 5537.9 888.87 1177.46 3061.03 4360.44 0
ynao_sd_19801221_0410_wang 71 47 24 15 0 2674.5 3426.89 536.16 669.96 2138.34 2756.93 0
ynao_sd_19801222_0640_hong 87 53 34 15 0 2762.17 3659.97 677.52 860.36 2084.65 2799.61 0
ynao_sd_19801223_0240_hong 84 59 25 16 0 2713.69 4314.82 693.81 1160.02 2019.88 3154.8 0
ynao_sd_19801224_0110_hong 70 40 30 18 0 2799.07 4698.43 639.85 1120.79 2159.22 3577.64 0
ynao_sd_19801225_0030_hong 59 27 32 22 0 3795.59 6120.9 701.0 1211.36 3094.59 4909.54 0
ynao_sd_19801226_0250_hong 84 51 33 18 0 4114.01 5850.11 916.34 1308.58 3197.67 4541.53 0
ynao_sd_19801227_0040_hong 82 42 40 21 0 4214.09 5544.52 809.7 1073.94 3404.39 4470.58 0
ynao_sd_19801228_0140_hong 86 55 31 17 0 3571.1 4657.38 784.58 1001.58 2786.52 3655.8 0
ynao_sd_19801229_0110_wang 110 84 26 20 0 3248.63 4069.2 784.17 925.52 2464.46 3143.68 0
ynao_sd_19801230_0115_wang 102 82 20 15 0 2850.33 3297.83 753.23 843.51 2097.1 2454.32 0
ynao_sd_19801231_0105_wang 65 47 18 16 0 3486.84 5946.05 529.41 625.95 2957.43 5320.1 0
