ynao_sd_19810101_0405_wang 66 52 14 12 0 2804.18 3736.34 540.39 710.75 2263.79 3025.59
ynao_sd_19810102_0305_wang 55 41 14 8 0 1678.69 2470.45 456.94 708.09 1221.75 1762.36
ynao_sd_19810103_0230_hong 54 40 14 10 0 1382.37 2337.17 489.38 771.25 892.99 1565.92
ynao_sd_19810104_0345_wang 50 46 4 5 0 963.77 1574.29 351.94 609.72 611.83 964.57
ynao_sd_19810105_0050_hong 34 27 7 6 0 766.59 1261.15 282.27 443.0 484.32 818.15
ynao_sd_19810106_0100_hong 27 20 7 5 0 659.08 1042.42 209.6 371.65 449.48 670.77
ynao_sd_19810107_0030_hong 31 24 7 5 0 540.27 1121.08 208.6 371.45 331.67 749.63
ynao_sd_19810108_0930_hong 45 29 16 11 0 1185.34 1576.49 338.49 433.61 846.85 1142.88
ynao_sd_19810109_0610_hong 61 41 20 11 0 1458.85 1851.66 406.92 516.52 1051.93 1335.14
ynao_sd_19810110_0310_hong 70 46 24 20 0 1451.59 1793.2 435.23 529.39 1016.36 1263.81
ynao_sd_19810112_0500_wang 49 40 9 6 0 781.38 1372.68 270.97 405.32 510.41 967.36
ynao_sd_19810113_0600_wang 61 57 4 4 0 932.2 2026.88 319.33 441.64 612.87 1585.24
ynao_sd_19810114_0445_wang 65 65 0 0 0 311.68 385.15 311.68 385.15 0 0
ynao_sd_19810115_0215_wang 51 49 2 2 0 454.67 1208.36 269.18 432.47 185.49 775.89
ynao_sd_19810116_0205_wang 46 41 5 3 0 605.72 1209.85 294.06 509.4 311.66 700.45
ynao_sd_19810117_0100_wang 42 33 9 6 0 763.04 1243.11 223.29 314.78 539.75 928.33
ynao_sd_19810118_0130_wang 29 21 8 7 0 791.1 1056.52 202.5 274.17 588.6 782.35
ynao_sd_19810119_0040_hong 54 43 11 7 0 802.9 1200.97 323.32 431.57 479.58 769.4
ynao_sd_19810120_0100_hong 45 40 5 3 0 599.16 1006.69 268.88 439.6 330.28 567.09
ynao_sd_19810121_0140_hong 50 39 11 6 1 796.17 1255.62 326.33 431.24 469.84 824.38
ynao_sd_19810122_0050_hong 28 17 11 9 0 1450.92 2145.5 196.06 255.01 1254.86 1890.49
ynao_sd_19810123_0400_hong 51 44 7 6 0 671.29 840.13 329.18 411.61 342.11 428.52
ynao_sd_19810124_0100_hong 52 46 6 5 0 624.76 741.55 321.56 371.46 303.2 370.09
ynao_sd_19810125_0120_hong 50 43 7 6 0 1138.28 1207.4 256.85 283.04 881.43 924.36
ynao_sd_19810126_0120_wang 36 21 15 8 0 751.16 1837.73 239.67 385.62 511.49 1452.11
ynao_sd_19810127_0105_wang 42 32 10 7 0 834.31 1726.07 256.41 404.05 577.9 1322.02
ynao_sd_19810128_0115_wang 71 58 13 9 0 1463.67 3368.05 431.17 750.26 1032.5 2617.79
ynao_sd_19810129_0130_wang 58 44 14 9 0 1826.31 3152.27 476.38 793.22 1349.93 2359.05
ynao_sd_19810130_0125_wang 73 52 21 11 0 3257.99 4988.25 604.71 949.14 2653.28 4039.11
ynao_sd_19810131_0100_wang 51 32 19 13 0 3841.25 6120.29 461.85 606.4 3379.4 5513.89
ynao_sd_19810201_0120_wang 66 47 19 12 0 2820.12 3291.96 535.28 637.49 2284.84 2654.47
ynao_sd_19810202_0200_hong 54 37 17 10 0 2596.4 2818.4 603.67 658.23 1992.73 2160.17
ynao_sd_19810203_0050_hong 55 38 17 9 0 2424.88 2859.3 603.66 682.92 1821.22 2176.38
ynao_sd_19810204_0040_hong 40 26 14 8 0 2061.49 2784.72 537.18 848.24 1524.31 1936.48
ynao_sd_19810205_0100_li 27 18 9 7 0 1470.83 2006.57 305.09 395.22 1165.74 1611.35
ynao_sd_19810207_0110_hong 74 48 26 18 0 2703.42 4245.26 613.61 921.22 2089.81 3324.04
ynao_sd_19810208_0105_hong 67 43 24 15 0 2711.78 4315.11 640.29 969.71 2071.49 3345.4
ynao_sd_19810209_0120_wang 78 50 28 10 0 3110.51 4579.77 545.56 823.92 2564.95 3755.85
ynao_sd_19810210_0100_wang 80 64 16 5 0 2199.87 2926.89 510.73 753.7 1689.14 2173.19
ynao_sd_19810213_0115_wang 92 70 22 13 0 2659.88 3700.85 725.67 1041.2 1934.21 2659.65
ynao_sd_19810214_0115_wang 111 87 24 14 0 2856.7 3836.04 779.58 1059.69 2077.12 2776.35
ynao_sd_19810215_0110_wang 104 82 22 14 0 2747.01 3744.09 754.89 1011.3 1992.12 2732.79
ynao_sd_19810216_0030_hong 93 68 25 13 0 2453.53 3437.58 755.73 984.99 1697.8 2452.59
ynao_sd_19810217_0040_hong 71 45 26 16 0 2396.48 3072.72 572.92 804.02 1823.56 2268.7
ynao_sd_19810218_0040_hong 85 54 31 16 0 2445.01 2752.13 667.17 768.67 1777.84 1983.46
ynao_sd_19810219_0030_hong 83 63 20 14 1 1813.05 2178.56 610.11 736.17 1202.94 1442.39
ynao_sd_19810220_0050_hong 59 42 17 12 0 1572.49 2362.13 464.41 644.31 1108.08 1717.82
ynao_sd_19810221_0040_hong 38 25 13 14 0 1633.72 2853.48 365.11 561.72 1268.61 2291.76
ynao_sd_19810222_0100_hong 46 20 26 12 0 2298.37 3619.6 520.15 770.49 1778.22 2849.11
ynao_sd_19810223_0050_wang 59 40 19 11 1 3024.78 4403.41 585.88 931.11 2438.9 3472.3
ynao_sd_19810224_0100_wang 68 39 29 11 0 4030.41 5977.3 743.95 1138.83 3286.46 4838.47
ynao_sd_19810225_0130_wang 64 36 28 17 0 4201.06 7041.84 601.18 1040.04 3599.88 6001.8
ynao_sd_19810226_0055_wang 83 57 26 13 1 4428.37 7218.89 763.7 1222.05 3664.67 5996.84
ynao_sd_19810227_0105_wang 118 73 45 12 0 4283.26 6911.87 844.55 1219.35 3438.71 5692.52
ynao_sd_19810228_0120_wang 110 74 36 16 0 4383.65 6608.98 880.19 1210.39 3503.46 5398.59
ynao_sd_19810301_0200_wang 107 78 29 17 0 3301.24 3924.83 802.72 1013.23 2498.52 2911.6
ynao_sd_19810302_0310_hong 110 83 27 17 0 3002.97 3687.64 971.96 1255.3 2031.01 2432.34
ynao_sd_19810303_0110_hong 130 100 30 16 0 3304.6 4637.43 952.81 1358.86 2351.79 3278.57
ynao_sd_19810304_0100_hong 82 43 39 15 0 3407.39 4981.06 668.62 950.25 2738.77 4030.81
ynao_sd_19810305_0050_hong 69 42 27 12 0 3526.18 4909.94 707.87 983.4 2818.31 3926.54
ynao_sd_19810306_0040_hong 66 35 31 13 0 3641.8 5329.44 769.0 1092.02 2872.8 4237.42
ynao_sd_19810307_0200_hong 40 19 21 10 0 2924.75 3573.4 509.47 641.95 2415.28 2931.45
ynao_sd_19810308_0210_wang 61 46 15 8 0 2510.62 3212.54 574.81 741.09 1935.81 2471.45
ynao_sd_19810309_0835_li 54 36 18 9 0 2162.25 2597.99 439.23 546.66 1723.02 2051.33
ynao_sd_19810310_0205_li 55 36 19 9 0 2122.06 2636.2 449.26 571.01 1672.8 2065.19
ynao_sd_19810311_0030_li 67 50 17 9 0 1970.15 2467.04 525.38 691.45 1444.77 1775.59
ynao_sd_19810312_0050_li 61 46 15 9 0 1508.95 1962.02 489.06 605.77 1019.89 1356.25
ynao_sd_19810313_0150_li 59 44 15 8 0 1391.21 2007.42 447.11 616.34 944.1 1391.08
ynao_sd_19810314_0215_li 86 71 15 10 0 1567.66 2371.53 577.62 855.8 990.04 1515.73
ynao_sd_19810315_0120_li 62 50 12 9 0 1251.32 2016.34 400.92 606.97 850.4 1409.37
ynao_sd_19810316_0040_li 32 22 10 8 0 823.51 1530.59 299.32 522.28 524.19 1008.31
ynao_sd_19810317_0105_wang 55 41 14 9 0 1058.96 2163.56 346.07 635.68 712.89 1527.88
ynao_sd_19810318_0255_wang 55 52 3 8 0 830.27 1404.05 329.25 625.29 501.02 778.76
ynao_sd_19810319_0040_wang 48 39 9 12 0 1187.73 2145.09 310.7 450.75 877.03 1694.34
ynao_sd_19810320_0100_wang 65 53 12 9 0 1406.71 2336.62 455.31 720.45 951.4 1616.17
ynao_sd_19810321_0100_wang 75 57 18 9 0 2206.56 3003.73 535.03 733.51 1671.53 2270.22
ynao_sd_19810322_0105_wang 78 55 23 10 0 2598.74 3258.18 576.33 728.7 2022.41 2529.48
ynao_sd_19810323_0050_hong 78 51 27 12 0 2608.26 3356.62 566.1 722.44 2042.16 2634.18
ynao_sd_19810324_0100_hong 87 68 19 8 0 2558.95 3519.78 650.86 906.34 1908.09 2613.44
ynao_sd_19810325_0050_hong 58 34 24 12 0 2498.77 3713.07 513.9 760.54 1984.87 2952.53
ynao_sd_19810326_0140_hong 64 39 25 13 0 2586.01 3345.71 515.42 689.71 2070.59 2656.0
ynao_sd_19810327_0040_hong 53 31 22 13 0 2077.29 2667.5 440.12 570.55 1637.17 2096.95
ynao_sd_19810328_0150_hong 52 33 19 13 0 1793.76 2595.48 430.78 635.22 1362.98 1960.26
ynao_sd_19810329_0100_hong 52 31 21 8 0 1826.0 3024.97 425.89 724.67 1400.11 2300.3
ynao_sd_19810330_0050_li 50 35 15 7 0 1602.85 2666.27 400.17 677.04 1202.68 1989.23
ynao_sd_19810331_0110_li 58 43 15 7 0 1563.86 2429.51 434.2 669.38 1129.66 1760.13
ynao_sd_19810401_0120_li 31 21 10 9 0 694.25 1033.14 219.07 298.74 475.18 734.4
ynao_sd_19810402_0105_wang 77 63 14 12 0 1257.52 2003.03 472.78 722.61 784.74 1280.42
ynao_sd_19810403_0055_wang 57 49 8 10 0 1794.74 4086.38 393.27 583.96 1401.47 3502.42
ynao_sd_19810404_0055_wang 56 48 8 10 0 1259.25 2171.0 401.21 581.99 858.04 1589.01
ynao_sd_19810405_0040_wang 91 79 12 8 0 1653.06 2666.2 595.76 1060.21 1057.3 1605.99
ynao_sd_19810406_0040_hong 76 48 28 13 0 2233.01 3104.99 545.44 743.75 1687.57 2361.24
ynao_sd_19810407_0030_hong 97 63 34 11 0 2993.22 3781.43 695.53 890.27 2297.69 2891.16
ynao_sd_19810408_0050_hong 114 82 32 13 0 3244.78 4521.5 778.75 942.38 2466.03 3579.12
ynao_sd_19810409_0215_wang 181 141 40 19 0 4899.76 7039.98 1244.6 1815.68 3655.16 5224.3
ynao_sd_19810410_0105_wang 143 99 44 23 1 4424.68 6646.04 979.33 1397.51 3445.35 5248.53
ynao_sd_19810411_0620_wang 185 139 46 26 0 5695.34 8948.71 1213.94 1713.96 4481.4 7234.75
ynao_sd_19810412_0130_wang 167 137 30 12 0 3721.43 5178.88 1088.97 1524.74 2632.46 3654.14
ynao_sd_19810413_0315_wang 191 159 32 17 0 4706.64 6187.21 1107.8 1597.7 3598.84 4589.51
ynao_sd_19810414_0420_wang 136 101 35 18 0 4366.61 6993.22 880.66 1254.72 3485.95 5738.5
ynao_sd_19810415_0045_li 115 83 32 16 0 3219.67 4363.23 806.0 1296.22 2413.67 3067.01
ynao_sd_19810416_0050_li 132 108 24 16 0 2719.56 3542.1 934.88 1395.45 1784.68 2146.65
ynao_sd_19810417_0110_li 136 113 23 21 0 2617.99 3356.38 952.16 1180.21 1665.83 2176.17
ynao_sd_19810418_0150_li 142 112 30 16 0 2923.13 3729.98 1164.43 1458.0 1758.7 2271.98
ynao_sd_19810419_0035_li 154 124 30 17 0 2615.03 3577.77 959.74 1266.62 1655.29 2311.15
ynao_sd_19810420_0115_li 139 123 16 9 0 1882.58 2633.34 960.37 1401.94 922.21 1231.4
ynao_sd_19810421_0030_li 85 65 20 13 0 1236.64 1576.63 547.89 793.44 688.75 783.19
ynao_sd_19810422_0730_hong 87 61 26 6 0 2003.87 2576.16 557.05 720.87 1446.82 1855.29
ynao_sd_19810423_0110_hong 70 48 22 5 1 1958.2 2569.22 500.4 691.19 1457.8 1878.03
ynao_sd_19810424_0030_hong 58 34 24 12 0 2472.42 4418.79 615.15 1181.51 1857.27 3237.28
ynao_sd_19810425_0040_hong 80 53 27 8 0 2180.54 4201.36 535.77 1036.2 1644.77 3165.16
ynao_sd_19810426_0120_hong 67 40 27 12 0 1708.94 4037.17 419.45 891.27 1289.49 3145.9
ynao_sd_19810427_0035_wang 68 58 10 8 0 1258.99 1774.72 341.74 523.67 917.25 1251.05
ynao_sd_19810428_0035_wang 45 39 6 4 0 713.75 1003.2 281.51 371.6 432.24 631.6
ynao_sd_19810429_0055_wang 62 56 6 4 0 895.55 1220.61 403.49 625.64 492.06 594.97
ynao_sd_19810430_0055_wang 55 49 6 6 0 1144.91 1813.13 402.94 626.15 741.97 1186.98
ynao_sd_19810501_0115_wang 75 63 12 9 0 2569.73 3317.84 477.28 638.89 2092.45 2678.95
ynao_sd_19810502_0110_wang 109 96 13 13 0 2599.94 3271.36 662.46 865.92 1937.48 2405.44
ynao_sd_19810503_0630_wang 95 72 23 11 0 3396.21 5031.71 651.17 909.31 2745.04 4122.4
ynao_sd_19810505_0130_li 87 74 13 6 0 1530.6 1892.38 591.74 827.7 938.86 1064.68
ynao_sd_19810506_0040_li 127 108 19 14 0 2046.59 3073.93 783.73 1053.36 1262.86 2020.57
ynao_sd_19810507_0045_li 122 96 26 18 0 2473.86 3519.0 810.23 1056.38 1663.63 2462.62
ynao_sd_19810508_0135_li 116 95 21 16 0 2213.36 3154.76 902.44 1297.44 1310.92 1857.32
ynao_sd_19810509_0045_li 102 84 18 11 0 2148.4 2955.5 689.57 958.16 1458.83 1997.34
ynao_sd_19810510_0500_li 77 53 24 10 0 2228.8 2759.82 552.08 709.24 1676.72 2050.58
ynao_sd_19810511_0330_hong 141 98 43 12 0 3383.23 4828.35 775.3 1144.15 2607.93 3684.2
ynao_sd_19810512_0040_hong 132 74 58 26 0 3913.59 7468.71 741.37 1175.18 3172.22 6293.53
ynao_sd_19810513_0030_hong 140 92 48 20 0 3112.51 4643.69 844.78 1242.34 2267.73 3401.35
ynao_sd_19810514_0130_hong 132 87 45 27 0 3506.37 5613.15 928.3 1368.12 2578.07 4245.03
ynao_sd_19810515_0330_hong 141 107 34 22 0 3506.11 4737.49 977.43 1336.82 2528.68 3400.67
ynao_sd_19810516_0340_hong 162 113 49 23 1 3210.2 4144.81 991.89 1314.78 2218.31 2830.03
ynao_sd_19810517_0540_hong 130 95 35 24 0 3159.97 3747.61 881.36 1051.54 2278.61 2696.07
ynao_sd_19810518_0200_wang 126 100 26 17 0 2891.89 3363.5 842.48 963.74 2049.41 2399.76
ynao_sd_19810521_0630_wang 51 40 11 7 0 2202.5 2964.84 387.18 629.14 1815.32 2335.7
ynao_sd_19810522_0725_wang 58 47 11 6 0 2172.66 3212.64 485.68 829.36 1686.98 2383.28
ynao_sd_19810524_0550_wang 67 59 8 6 0 2254.12 3589.33 461.29 909.93 1792.83 2679.4
ynao_sd_19810525_0350_li 59 49 10 7 0 1020.68 1852.14 379.02 597.61 641.66 1254.53
ynao_sd_19810527_0705_li 75 52 23 9 0 1462.75 1771.06 492.27 562.14 970.48 1208.92
ynao_sd_19810528_0130_li 61 45 16 11 0 1472.47 1713.72 454.58 530.22 1017.89 1183.5
ynao_sd_19810529_0200_li 59 44 15 5 0 1153.5 1326.05 370.67 446.73 782.83 879.32
ynao_sd_19810530_0035_wang 87 71 16 9 0 2209.7 3081.98 449.81 595.29 1759.89 2486.69
ynao_sd_19810531_0310_wang 64 57 7 4 0 1160.92 1602.98 416.62 669.24 744.3 933.74
ynao_sd_19810601_0200_wang 38 32 6 4 0 904.41 1273.24 305.62 424.96 598.79 848.28
ynao_sd_19810602_0305_wang 34 24 10 5 0 679.85 893.22 226.18 284.27 453.67 608.95
ynao_sd_19810607_0330_hong 34 33 1 1 0 290.6 456.45 222.52 298.95 68.08 157.5
ynao_sd_19810608_0250_hong 27 25 2 4 0 294.28 390.76 155.16 197.0 139.12 193.76
ynao_sd_19810609_0310_hong 28 22 6 5 0 354.97 814.32 174.44 532.22 180.53 282.1
ynao_sd_19810610_0040_hong 40 34 6 4 0 389.82 717.41 215.15 339.32 174.67 378.09
ynao_sd_19810611_0640_hong 44 31 13 9 0 906.0 1742.94 279.33 447.89 626.67 1295.05
ynao_sd_19810613_0030_hong 61 48 13 9 0 927.63 1492.7 394.7 623.81 532.93 868.89
ynao_sd_19810614_0120_hong 73 61 12 11 0 1115.08 1567.2 437.03 599.76 678.05 967.44
ynao_sd_19810615_0030_li 71 62 9 5 0 1108.25 1413.73 408.0 548.97 700.25 864.76
ynao_sd_19810616_0050_li 100 86 14 9 0 1379.92 1623.72 575.04 681.6 804.88 942.12
ynao_sd_19810617_0050_hong 92 58 34 9 0 1921.96 2225.91 538.65 650.14 1383.31 1575.77
ynao_sd_19810618_0210_li 62 42 20 4 0 1702.57 1953.29 472.82 608.67 1229.75 1344.62
ynao_sd_19810619_0350_li 65 46 19 5 0 1451.05 1943.26 406.53 613.61 1044.52 1329.65
ynao_sd_19810620_0030_li 38 28 10 6 0 752.0 1029.32 234.83 363.75 517.17 665.57
ynao_sd_19810621_0140_li 38 24 14 6 0 760.33 1281.03 233.14 384.79 527.19 896.24
ynao_sd_19810622_0300_hong 78 49 29 5 0 1440.01 2229.28 472.8 732.53 967.21 1496.75
ynao_sd_19810623_0320_hong 102 72 30 11 0 1791.47 2554.98 567.58 843.03 1223.89 1711.95
ynao_sd_19810624_0210_hong 68 39 29 10 0 1714.69 2429.71 448.44 699.96 1266.25 1729.75
ynao_sd_19810625_0220_hong 115 75 40 14 0 2331.66 2960.27 675.98 859.32 1655.68 2100.95
ynao_sd_19810626_0240_hong 123 90 33 16 0 2093.79 2957.97 722.23 994.08 1371.56 1963.89
ynao_sd_19810629_0110_li 114 84 30 13 0 2711.68 3450.18 833.93 1093.26 1877.75 2356.92
ynao_sd_19810630_0250_li 119 96 23 12 0 2392.44 2946.63 748.1 964.02 1644.34 1982.61
ynao_sd_19810701_0250_li 85 68 17 8 0 1834.49 2058.9 632.21 786.6 1202.28 1272.3
ynao_sd_19810702_0055_li 86 67 19 9 0 2184.21 2370.1 603.06 660.9 1581.15 1709.2
ynao_sd_19810703_0330_li 73 62 11 7 0 1886.0 2273.0 496.31 626.56 1389.69 1646.44
ynao_sd_19810705_0020_li 55 46 9 6 0 986.45 1609.52 332.84 510.62 653.61 1098.9
ynao_sd_19810706_0320_hong 47 40 7 5 0 692.87 1483.45 289.43 576.5 403.44 906.95
ynao_sd_19810707_0030_hong 35 30 5 3 0 1178.71 3158.57 217.87 474.21 960.84 2684.36
ynao_sd_19810708_0040_hong 20 17 3 3 0 211.94 518.25 103.06 210.55 108.88 307.7
ynao_sd_19810709_0030_hong 28 21 7 4 0 332.91 1191.25 164.33 633.5 168.58 557.75
ynao_sd_19810710_0150_hong 66 55 11 7 0 801.15 1821.56 347.26 757.0 453.89 1064.56
ynao_sd_19810711_0140_hong 92 72 20 10 0 1338.4 2244.21 495.36 801.68 843.04 1442.53
ynao_sd_19810712_0530_hong 116 88 28 13 0 1733.35 2349.9 671.01 906.53 1062.34 1443.37
ynao_sd_19810713_0200_li 77 64 13 8 0 1203.6 1529.87 387.31 510.56 816.29 1019.31
ynao_sd_19810718_0830_li 84 57 27 11 0 2303.65 5325.9 609.91 1229.1 1693.74 4096.8
ynao_sd_19810719_0340_li 103 65 38 12 0 2918.66 6039.03 741.56 1317.71 2177.1 4721.32
ynao_sd_19810720_0130_wang 130 90 40 11 0 3737.0 6502.25 987.21 1699.17 2749.79 4803.08
ynao_sd_19810721_0045_wang 90 55 35 9 0 5253.07 7151.19 864.96 1165.27 4388.11 5985.92
ynao_sd_19810722_0055_wang 88 32 56 10 0 5767.9 9055.28 895.31 1427.59 4872.59 7627.69
ynao_sd_19810723_1045_wang 106 56 50 19 1 6997.77 9885.07 1209.34 1668.98 5788.43 8216.09
ynao_sd_19810724_0050_wang 146 83 63 14 0 7316.78 9578.39 1284.77 1678.97 6032.01 7899.42
ynao_sd_19810725_0100_wang 192 126 66 18 0 7831.55 9702.77 1659.9 2102.01 6171.65 7600.76
ynao_sd_19810726_0445_wang 174 120 54 22 0 8699.26 10564.82 1662.99 2083.64 7036.27 8481.18
ynao_sd_19810727_0250_hong 190 106 84 30 0 7224.35 9037.59 1674.32 2134.73 5550.03 6902.86
ynao_sd_19810728_0110_hong 174 107 67 20 0 6382.12 8181.95 1413.37 1875.21 4968.75 6306.74
ynao_sd_19810729_0320_hong 159 118 41 15 0 4531.67 6003.7 1262.76 1618.63 3268.91 4385.07
ynao_sd_19810730_0305_hong 154 120 34 15 1 3697.54 5155.18 1182.65 1653.07 2514.89 3502.11
ynao_sd_19810731_0250_hong 139 113 26 15 0 2874.2 3634.9 896.29 1147.27 1977.91 2487.63
ynao_sd_19810801_0240_hong 116 81 35 18 0 2732.31 4011.62 833.25 1208.4 1899.06 2803.22
ynao_sd_19810802_0110_hong 76 54 22 14 0 2282.88 3815.96 604.42 949.86 1678.46 2866.1
ynao_sd_19810803_0150_li 81 66 15 11 0 1260.97 2329.45 518.08 852.08 742.89 1477.37
ynao_sd_19810804_0100_li 62 43 19 12 0 1410.12 2892.31 413.09 897.52 997.03 1994.79
ynao_sd_19810805_0010_li 87 53 34 16 0 2056.6 3808.7 518.27 944.32 1538.33 2864.38
ynao_sd_19810806_0030_li 71 38 33 8 0 2616.0 4366.93 580.79 1020.23 2035.21 3346.7
ynao_sd_19810807_0115_li 71 43 28 8 0 2366.72 3235.38 611.83 917.01 1754.89 2318.37
ynao_sd_19810808_0025_li 76 35 41 10 0 3369.38 4113.31 614.65 752.23 2754.73 3361.08
ynao_sd_19810809_0020_li 69 41 28 13 0 3090.95 3358.73 722.59 800.05 2368.36 2558.68
ynao_sd_19810810_0100_wang 143 120 23 10 0 2886.65 3090.75 911.95 1010.55 1974.7 2080.2
ynao_sd_19810811_0630_li 82 61 21 6 0 2360.31 2680.33 687.67 820.05 1672.64 1860.28
ynao_sd_19810812_0305_wang 106 76 30 11 1 3816.64 5859.58 753.55 1039.89 3063.09 4819.69
ynao_sd_19810813_0150_wang 96 62 34 11 0 3063.09 6144.49 653.37 1136.35 2409.72 5008.14
ynao_sd_19810814_0210_wang 89 54 35 9 0 3189.92 6711.53 686.35 1461.14 2503.57 5250.39
ynao_sd_19810815_0150_wang 86 61 25 14 0 4047.27 7194.47 700.56 1347.16 3346.71 5847.31
ynao_sd_19810816_0140_wang 73 49 24 9 0 3390.3 5329.7 704.07 1247.75 2686.23 4081.95
ynao_sd_19810817_0150_hong 82 37 45 10 0 3453.57 4672.95 740.53 1038.5 2713.04 3634.45
ynao_sd_19810818_0330_hong 105 66 39 16 1 3494.71 4568.77 909.63 1146.02 2585.08 3422.75
ynao_sd_19810819_0050_hong 142 99 43 23 0 3900.78 5227.14 1107.37 1573.68 2793.41 3653.46
ynao_sd_19810820_0040_hong 163 116 47 22 0 3934.51 4922.29 1133.66 1539.24 2800.85 3383.05
ynao_sd_19810821_0600_wang 169 135 34 20 0 3670.5 5073.67 1193.94 1838.32 2476.56 3235.35
ynao_sd_19810822_0540_wang 157 126 31 17 0 3209.1 4459.89 1106.28 1525.02 2102.82 2934.87
ynao_sd_19810823_0200_wang 156 135 21 15 0 2637.57 4006.54 1030.54 1426.72 1607.03 2579.82
ynao_sd_19810824_0040_li 110 93 17 9 0 1947.4 3153.29 812.04 1354.09 1135.36 1799.2
ynao_sd_19810825_0030_li 143 122 21 12 0 2017.02 3097.38 874.32 1200.35 1142.7 1897.03
ynao_sd_19810827_0330_li 169 129 40 19 0 3588.81 5265.09 990.53 1343.68 2598.28 3921.41
ynao_sd_19810828_0250_wang 213 159 54 18 0 5118.27 7885.13 1470.28 2252.05 3647.99 5633.08
ynao_sd_19810829_0600_li 182 143 39 17 0 2697.94 4051.22 1093.51 1529.44 1604.43 2521.78
ynao_sd_19810830_0220_li 126 93 33 16 0 2963.59 4388.09 797.8 1157.08 2165.79 3231.01
ynao_sd_19810831_0200_wang 188 149 39 22 0 3437.57 5180.13 1105.62 1681.78 2331.95 3498.35
ynao_sd_19810901_0055_wang 179 138 41 19 0 3897.67 6370.66 1136.97 1510.78 2760.7 4859.88
ynao_sd_19810902_0110_wang 170 142 28 12 0 4966.34 6204.79 1137.63 1546.8 3828.71 4657.99
ynao_sd_19810903_0040_wang 131 103 28 13 1 3600.27 4496.36 903.48 1165.54 2696.79 3330.82
ynao_sd_19810904_0155_wang 113 86 27 12 0 3267.37 3972.26 814.79 1021.84 2452.58 2950.42
ynao_sd_19810905_0320_wang 169 129 40 14 0 3853.78 5931.11 1048.58 1592.53 2805.2 4338.58
ynao_sd_19810906_0040_wang 205 150 55 18 0 7172.33 11430.4 1304.29 2055.3 5868.04 9375.1
ynao_sd_19810907_0040_hong 183 123 60 29 0 5364.05 7357.91 1380.51 1900.06 3983.54 5457.85
ynao_sd_19810908_0530_hong 171 99 72 24 1 5179.38 6270.83 1337.24 1633.26 3842.14 4637.57
ynao_sd_19810909_0310_hong 161 126 35 16 0 4328.14 5241.03 1301.38 1576.3 3026.76 3664.73
ynao_sd_19810910_0320_hong 139 103 36 20 0 4145.78 5280.42 1145.83 1382.66 2999.95 3897.76
ynao_sd_19810911_0220_hong 143 96 47 14 0 3745.93 5185.84 1133.7 1482.99 2612.23 3702.85
ynao_sd_19810912_0050_hong 116 85 31 13 1 3703.83 4910.7 1039.79 1410.33 2664.04 3500.37
ynao_sd_19810913_0240_hong 100 62 38 15 1 4454.0 6919.92 912.76 1314.56 3541.24 5605.36
ynao_sd_19810914_0040_li 79 57 22 10 0 2288.54 3364.09 731.25 1029.47 1557.29 2334.62
ynao_sd_19810915_0740_li 76 36 40 8 0 2631.86 3892.8 592.41 924.92 2039.45 2967.88
ynao_sd_19810916_0540_li 80 48 32 9 0 2168.81 3115.85 509.56 910.69 1659.25 2205.16
ynao_sd_19810917_0200_li 63 45 18 7 0 2090.0 2866.8 570.67 1065.36 1519.33 1801.44
ynao_sd_19810919_0220_li 93 73 20 11 0 2386.81 3147.13 695.14 905.46 1691.67 2241.67
ynao_sd_19810920_0320_li 83 63 20 12 0 2117.64 2752.08 547.96 674.33 1569.68 2077.75
ynao_sd_19810921_0350_wang 88 67 21 15 0 3098.01 4100.09 603.19 844.79 2494.82 3255.3
ynao_sd_19810922_0050_wang 85 67 18 13 0 3391.08 4597.52 526.53 784.85 2864.55 3812.67
ynao_sd_19810923_0340_wang 93 81 12 7 0 1430.44 2214.0 578.12 1021.14 852.32 1192.86
ynao_sd_19810924_0025_wang 69 57 12 5 0 1213.84 1556.51 434.87 592.45 778.97 964.06
ynao_sd_19810925_0040_wang 60 53 7 7 0 1804.07 3003.65 388.51 552.82 1415.56 2450.83
ynao_sd_19810926_0055_wang 84 75 9 7 0 1079.78 1373.94 495.86 634.77 583.92 739.17
ynao_sd_19810927_0040_wang 100 89 11 8 0 1219.39 1716.59 592.84 843.38 626.55 873.21
ynao_sd_19810928_0040_hong 173 138 35 15 0 2266.97 3141.4 942.04 1331.82 1324.93 1809.58
ynao_sd_19810929_0050_hong 143 117 26 13 0 2130.27 2845.59 814.54 1112.44 1315.73 1733.15
ynao_sd_19810930_0140_hong 122 90 32 16 0 3332.03 3950.56 852.03 1022.98 2480.0 2927.58
ynao_sd_19811001_0100_wang 141 113 28 14 0 2146.46 2959.78 808.02 1050.09 1338.44 1909.69
ynao_sd_19811002_0230_hong 144 110 34 22 0 2379.07 3461.8 932.46 1300.91 1446.61 2160.89
ynao_sd_19811003_0250_li 106 92 14 10 0 1631.66 2078.55 602.04 776.43 1029.62 1302.12
ynao_sd_19811004_0120_hong 120 93 27 9 0 1397.35 1832.94 678.53 926.51 718.82 906.43
ynao_sd_19811005_0340_wang 171 155 16 9 0 2244.8 2716.75 939.45 1095.27 1305.35 1621.48
ynao_sd_19811006_0050_wang 129 107 22 13 0 2825.39 4270.9 772.9 923.31 2052.49 3347.59
ynao_sd_19811007_0045_wang 127 106 21 14 0 2276.0 2806.5 781.37 965.11 1494.63 1841.39
ynao_sd_19811011_0615_wang 80 56 24 9 0 3827.84 5352.63 763.38 1052.07 3064.46 4300.56
ynao_sd_19811012_0115_wang 95 64 31 13 0 5419.07 8201.45 866.93 1123.81 4552.14 7077.64
ynao_sd_19811013_0350_hong 143 85 58 17 0 5622.82 8142.91 1342.83 2095.48 4279.99 6047.43
ynao_sd_19811014_0310_hong 156 88 68 25 0 6832.61 9735.1 1543.77 2196.42 5288.84 7538.68
ynao_sd_19811015_0040_hong 200 109 91 41 0 7882.06 11522.43 1843.8 2689.07 6038.26 8833.36
ynao_sd_19811016_0110_hong 183 100 83 33 0 7883.01 10911.2 1729.33 2371.88 6153.68 8539.32
ynao_sd_19811017_0320_hong 214 127 87 37 0 8152.09 10631.13 1776.09 2348.36 6376.0 8282.77
ynao_sd_19811018_0520_hong 181 105 76 40 0 7714.96 9822.38 1634.4 2135.94 6080.56 7686.44
ynao_sd_19811019_0730_li 170 111 59 23 0 6496.19 8421.79 1556.06 2116.28 4940.13 6305.51
ynao_sd_19811020_0050_li 135 94 41 23 0 4930.04 6686.93 1338.59 1810.91 3591.45 4876.02
ynao_sd_19811021_0115_li 93 69 24 10 0 3153.12 4091.15 859.61 1225.62 2293.51 2865.53
ynao_sd_19811022_0100_li 79 63 16 9 0 2534.17 3457.54 675.33 920.28 1858.84 2537.26
ynao_sd_19811024_0520_li 53 39 14 8 0 1510.46 3363.73 410.25 849.39 1100.21 2514.34
ynao_sd_19811025_0410_li 49 41 8 5 0 870.76 1508.28 327.66 579.9 543.1 928.38
ynao_sd_19811026_0115_wang 47 39 8 6 0 1048.54 1762.65 326.04 588.11 722.5 1174.54
ynao_sd_19811027_0105_wang 30 20 10 4 0 1709.87 2271.06 231.11 409.95 1478.76 1861.11
ynao_sd_19811029_0500_wang 66 52 14 8 0 1394.64 2254.14 400.49 649.83 994.15 1604.31
ynao_sd_19811030_0055_wang 64 47 17 10 0 2171.72 4338.28 462.74 872.48 1708.98 3465.8
ynao_sd_19811031_0055_wang 113 86 27 13 0 3928.83 6513.21 865.28 1548.81 3063.55 4964.4
ynao_sd_19811101_0105_wang 106 68 38 14 0 4656.39 6289.56 764.81 1076.71 3891.58 5212.85
ynao_sd_19811102_0250_hong 150 107 43 19 0 4220.26 5806.97 1204.84 1800.55 3015.42 4006.42
ynao_sd_19811103_0320_hong 164 105 59 25 0 4993.09 6549.69 1237.99 1657.89 3755.1 4891.8
ynao_sd_19811104_0105_li 154 83 71 19 0 3572.02 4390.98 1095.68 1335.84 2476.34 3055.14
ynao_sd_19811105_0050_li 163 117 46 22 0 3288.85 4295.32 938.97 1183.26 2349.88 3112.06
ynao_sd_19811106_0140_li 150 114 36 15 0 2793.04 3750.27 937.95 1208.35 1855.09 2541.92
ynao_sd_19811110_0240_li 72 53 19 12 0 2449.79 3222.5 637.35 895.51 1812.44 2326.99
ynao_sd_19811111_0530_li 110 88 22 11 0 2531.98 2875.26 705.51 780.7 1826.47 2094.56
ynao_sd_19811112_0250_li 114 89 25 15 0 2602.65 3024.03 793.19 898.64 1809.46 2125.39
ynao_sd_19811113_0155_wang 147 109 38 18 0 4857.25 6564.06 1044.74 1341.51 3812.51 5222.55
ynao_sd_19811114_0110_wang 124 96 28 13 0 4882.05 6466.33 880.41 1289.11 4001.64 5177.22
ynao_sd_19811116_0350_wang 63 46 17 8 0 1544.23 2786.05 487.4 872.53 1056.83 1913.52
ynao_sd_19811117_0105_wang 92 84 8 7 0 3007.21 4937.18 574.83 1060.87 2432.38 3876.31
ynao_sd_19811118_0105_wang 80 71 9 9 0 2795.28 3723.09 510.42 836.64 2284.86 2886.45
ynao_sd_19811120_0200_wang 55 42 13 5 0 1240.71 1835.99 322.45 451.57 918.26 1384.42
ynao_sd_19811122_0115_wang 33 23 10 5 0 856.14 1819.41 207.22 436.34 648.92 1383.07
ynao_sd_19811123_0330_hong 36 28 8 3 0 495.67 773.79 236.15 444.06 259.52 329.73
ynao_sd_19811124_0120_hong 22 16 6 1 0 288.36 470.83 139.51 265.0 148.85 205.83
ynao_sd_19811125_0040_hong 30 26 4 2 0 495.94 1495.11 239.62 590.17 256.32 904.94
ynao_sd_19811126_0050_hong 65 56 9 8 0 932.28 2258.54 380.76 870.24 551.52 1388.3
ynao_sd_19811127_0040_hong 92 72 20 7 0 2619.22 3443.26 577.01 896.42 2042.21 2546.84
ynao_sd_19811128_0210_hong 124 88 36 21 1 2513.76 3123.11 783.74 1020.49 1730.02 2102.62
ynao_sd_19811129_0120_hong 169 133 36 15 0 3154.6 3597.81 1117.98 1295.87 2036.62 2301.94
ynao_sd_19811202_0650_li 119 97 22 14 0 2283.31 3341.97 748.19 1069.9 1535.12 2272.07
ynao_sd_19811203_0710_li 129 102 27 16 0 2250.13 3869.94 806.81 1269.78 1443.32 2600.16
ynao_sd_19811204_0050_li 116 96 20 14 0 2047.11 3471.97 771.35 1270.56 1275.76 2201.41
ynao_sd_19811205_0420_li 89 59 30 15 0 2354.41 3769.84 656.59 1002.12 1697.82 2767.72
ynao_sd_19811206_0200_li 109 72 37 17 0 2853.21 4193.5 730.26 1121.28 2122.95 3072.22
ynao_sd_19811207_0715_wang 166 125 41 17 0 7351.02 10366.68 1168.36 1501.01 6182.66 8865.67
ynao_sd_19811208_0135_wang 175 120 55 20 0 6091.76 7951.59 1267.95 1652.85 4823.81 6298.74
ynao_sd_19811209_0120_wang 190 122 68 29 0 6938.64 8324.44 1375.21 1706.51 5563.43 6617.93
ynao_sd_19811210_0520_wang 222 157 65 34 0 7211.11 8421.95 1646.48 1947.68 5564.63 6474.27
ynao_sd_19811211_0210_wang 217 159 58 30 0 6691.63 8050.55 1457.43 1788.02 5234.2 6262.53
ynao_sd_19811212_0140_wang 194 146 48 28 0 5671.99 7267.93 1384.04 1749.39 4287.95 5518.54
ynao_sd_19811213_0050_wang 140 103 37 22 0 4533.5 5755.22 1030.48 1402.16 3503.02 4353.06
ynao_sd_19811217_0105_hong 40 28 12 7 0 1119.06 2078.54 395.78 707.09 723.28 1371.45
ynao_sd_19811220_0610_hong 29 28 1 1 0 453.99 729.41 262.9 391.83 191.09 337.58
ynao_sd_19811222_0700_li 19 17 2 2 0 518.98 802.73 146.81 243.53 372.17 559.2
ynao_sd_19811223_0300_li 24 22 2 2 0 679.96 964.35 197.76 301.68 482.2 662.67
ynao_sd_19811224_0120_li 34 23 11 4 0 986.86 1238.86 244.91 315.47 741.95 923.39
ynao_sd_19811225_0105_li 29 17 12 7 0 1050.96 1216.82 196.16 237.55 854.8 979.27
ynao_sd_19811226_0300_li 51 44 7 5 0 963.36 1076.19 338.86 387.46 624.5 688.73
ynao_sd_19811227_0100_li 59 53 6 3 0 979.63 1145.57 408.41 496.3 571.22 649.27
ynao_sd_19811228_0105_wang 88 77 11 9 0 1499.96 1774.11 565.14 660.68 934.82 1113.43
ynao_sd_19811229_0105_wang 71 61 10 9 0 1600.04 2165.79 487.94 648.18 1112.1 1517.61
ynao_sd_19811230_0050_wang 75 51 24 13 0 2409.81 5279.87 483.55 733.24 1926.26 4546.63
ynao_sd_19811231_0325_wang 61 49 12 7 0 1426.53 2119.65 396.78 656.52 1029.75 1463.13
