ynao_sd_19820101_0155_wang 40 28 12 9 0 1196.43 1993.67 307.65 555.58 888.78 1438.09 0
ynao_sd_19820102_0110_wang 53 43 10 8 0 1484.86 3828.91 296.85 464.86 1188.01 3364.05 0
ynao_sd_19820103_0050_wang 54 48 6 8 0 1950.8 3883.22 309.28 447.75 1641.52 3435.47 0
ynao_sd_19820104_0050_hong 63 51 12 10 0 971.81 1456.94 421.31 596.96 550.5 859.98 0
ynao_sd_19820105_0100_hong 65 58 7 5 0 907.4 1222.98 503.9 635.92 403.5 587.06 0
ynao_sd_19820106_0305_hong 66 50 16 9 0 1207.22 1442.61 427.35 516.84 779.87 925.77 0
ynao_sd_19820107_0640_hong 66 56 10 8 0 1286.16 1532.21 460.35 544.04 825.81 988.17 0
ynao_sd_19820108_0140_hong 60 47 13 12 0 1208.25 1568.55 434.85 555.73 773.4 1012.82 0
ynao_sd_19820109_0150_hong 61 47 14 12 0 1270.99 1945.09 413.22 608.24 857.77 1336.85 0
ynao_sd_19820110_0120_hong 43 28 15 8 0 985.3 1677.92 314.45 482.82 670.85 1195.1 0
ynao_sd_19820111_0105_wang 25 16 9 6 0 1927.25 3662.06 211.45 262.88 1715.8 3399.18 0
ynao_sd_19820112_0050_wang 28 21 7 5 0 1292.03 1966.07 258.88 414.53 1033.15 1551.54 0
ynao_sd_19820113_0050_wang 39 32 7 4 0 823.82 1575.79 259.79 467.09 564.03 1108.7 0
ynao_sd_19820114_0145_wang 41 31 10 4 0 701.61 1354.39 245.25 440.16 456.36 914.23 0
ynao_sd_19820115_0050_wang 61 54 7 5 0 826.59 1228.75 397.84 592.64 428.75 636.11 0
ynao_sd_19820117_0430_wang 79 61 18 8 0 1871.51 2143.71 585.26 768.44 1286.25 1375.27 0
ynao_sd_19820119_0140_li 71 54 17 10 0 1845.41 2357.09 559.84 717.25 1285.57 1639.84 0
ynao_sd_19820120_0130_li 55 41 14 12 0 1490.03 2261.87 451.83 662.66 1038.2 1599.21 0
ynao_sd_19820121_0130_li 58 44 14 7 0 932.26 1619.22 446.73 729.4 485.53 889.82 0
ynao_sd_19820122_0135_li 57 45 12 7 0 677.22 1107.48 372.16 551.99 305.06 555.49 0
ynao_sd_19820123_0110_li 53 48 5 5 0 559.35 795.14 293.43 364.55 265.92 430.59 0
ynao_sd_19820124_0130_li 29 21 8 5 0 2242.3 2479.75 178.0 201.18 2064.3 2278.57 0
ynao_sd_19820125_0110_li 39 37 2 2 0 340.92 577.27 228.04 397.71 112.88 179.56 0
ynao_sd_19820126_0150_hong 70 58 12 8 0 965.95 1989.73 415.84 747.56 550.11 1242.17 0
ynao_sd_19820127_0200_hong 77 58 19 8 0 1477.39 2911.55 493.12 836.45 984.27 2075.1 0
ynao_sd_19820128_0110_hong 111 88 23 13 0 2382.72 4142.78 790.63 1262.06 1592.09 2880.72 0
ynao_sd_19820129_0105_hong 142 101 41 17 0 4003.78 5262.3 1119.7 1466.21 2884.08 3796.09 0
ynao_sd_19820130_0110_hong 184 128 56 32 0 5772.95 7001.94 1422.08 1837.21 4350.87 5164.73 0
ynao_sd_19820131_0120_hong 241 187 54 35 0 5918.51 6714.44 1850.42 2180.24 4068.09 4534.2 0
ynao_sd_19820201_0115_wang 250 196 54 25 0 7862.69 8732.75 1789.99 2038.37 6072.7 6694.38 0
ynao_sd_19820202_0115_wang 214 164 50 25 0 7910.95 8975.58 1598.53 1844.45 6312.42 7131.13 0
ynao_sd_19820203_0110_wang 188 148 40 21 0 6980.05 10386.19 1443.85 1821.19 5536.2 8565.0 0
ynao_sd_19820204_0115_wang 166 124 42 14 0 5080.4 8493.83 1231.57 1762.86 3848.83 6730.97 0
ynao_sd_19820205_0120_wang 142 99 43 20 0 6382.5 10924.09 1070.4 1734.27 5312.1 9189.82 0
ynao_sd_19820206_0710_wang 81 46 35 18 1 5419.65 10049.22 800.35 1420.93 4619.3 8628.29 24.8
ynao_sd_19820207_0100_wang 181 117 64 21 0 5303.71 8485.3 1368.85 2219.84 3934.86 6265.46 0
ynao_sd_19820208_0230_wang 149 100 49 22 0 6562.92 9385.75 1235.28 1829.13 5327.64 7556.62 0
ynao_sd_19820209_0220_wang 145 84 61 21 0 8652.99 12066.3 1380.67 1789.5 7272.32 10276.8 0
ynao_sd_19820211_0410_wang 124 74 50 12 1 8787.6 9631.51 1271.0 1336.36 7516.6 8295.15 31.64
ynao_sd_19820212_0140_wang 133 85 48 14 1 5939.83 7037.85 1169.38 1379.12 4770.45 5658.73 33.89
ynao_sd_19820213_0100_wang 124 74 50 17 0 6353.51 8546.95 978.66 1375.44 5374.85 7171.51 0
ynao_sd_19820214_0550_li 73 41 32 14 0 3860.22 5676.59 678.96 989.05 3181.26 4687.54 0
ynao_sd_19820216_0110_li 51 31 20 12 0 3073.24 4423.83 516.93 840.07 2556.31 3583.76 0
ynao_sd_19820217_0220_li 54 37 17 10 0 2413.22 2884.33 534.6 700.86 1878.62 2183.47 0
ynao_sd_19820218_0240_li 49 33 16 7 0 2347.9 2711.8 514.27 697.6 1833.63 2014.2 0
ynao_sd_19820219_0130_li 45 25 20 14 0 3023.51 4085.17 780.35 1210.65 2243.16 2874.52 0
ynao_sd_19820220_0120_li 65 37 28 12 0 2409.81 3019.41 520.48 657.78 1889.33 2361.63 0
ynao_sd_19820221_0105_li 69 42 27 14 0 2243.58 3249.5 545.99 774.43 1697.59 2475.07 0
ynao_sd_19820222_0140_hong 69 39 30 11 0 2145.13 3566.08 526.83 825.53 1618.3 2740.55 0
ynao_sd_19820223_0045_hong 41 22 19 11 0 1492.44 2655.06 332.96 525.05 1159.48 2130.01 0
ynao_sd_19820224_0050_hong 49 38 11 8 0 1348.07 2563.41 460.99 864.01 887.08 1699.4 0
ynao_sd_19820225_0040_hong 57 36 21 11 0 1792.48 3151.88 520.91 861.96 1271.57 2289.92 0
ynao_sd_19820226_0050_hong 91 63 28 10 0 2362.18 3485.35 678.48 991.85 1683.7 2493.5 0
ynao_sd_19820227_0100_hong 94 68 26 10 0 4128.42 6113.39 877.4 1421.96 3251.02 4691.43 0
ynao_sd_19820228_0110_hong 117 80 37 13 1 4038.59 5849.0 1036.91 1446.97 3001.68 4402.03 48.63
ynao_sd_19820301_0105_wang 145 103 42 18 0 5375.25 6668.77 1058.48 1305.4 4316.77 5363.37 0
ynao_sd_19820302_0045_wang 143 94 49 20 1 6640.51 8008.81 1222.7 1432.29 5417.81 6576.52 24.99
ynao_sd_19820303_0045_wang 151 115 36 18 1 4760.8 5759.17 1207.21 1562.33 3553.59 4196.84 34.1
ynao_sd_19820304_0350_wang 120 86 34 17 0 5965.38 6875.15 950.24 1082.75 5015.14 5792.4 0
ynao_sd_19820305_0055_wang 170 126 44 19 0 4583.6 5940.95 1128.06 1456.43 3455.54 4484.52 0
ynao_sd_19820306_0100_wang 126 87 39 19 0 5442.32 7764.6 1137.25 1634.61 4305.07 6129.99 0
ynao_sd_19820307_0100_wang 87 51 36 18 0 4253.0 6254.37 727.86 1079.76 3525.14 5174.61 0
ynao_sd_19820308_0040_wang 98 62 36 15 0 3664.95 5273.51 719.0 1100.65 2945.95 4172.86 0
ynao_sd_19820309_0050_hong 90 61 29 14 0 2554.95 3743.77 618.81 885.52 1936.14 2858.25 0
ynao_sd_19820310_0100_hong 72 49 23 12 0 2098.75 3731.83 515.08 838.56 1583.67 2893.27 0
ynao_sd_19820311_0040_hong 52 36 16 10 0 2033.27 3547.14 515.82 980.27 1517.45 2566.87 0
ynao_sd_19820312_0100_hong 82 66 16 9 0 2348.63 3572.31 726.05 1178.9 1622.58 2393.41 0
ynao_sd_19820313_0040_hong 117 88 29 14 1 3050.84 4600.26 892.82 1236.04 2158.02 3364.22 17.24
ynao_sd_19820314_0640_hong 60 40 20 15 0 2437.01 3402.3 566.23 784.74 1870.78 2617.56 0
ynao_sd_19820315_0035_wang 160 119 41 15 0 5552.14 7406.92 1244.63 1567.36 4307.51 5839.56 0
ynao_sd_19820316_0045_wang 123 77 46 22 0 4891.15 5882.98 989.4 1261.95 3901.75 4621.03 0
ynao_sd_19820317_0055_wang 170 115 55 14 0 5797.61 6719.69 1496.14 1757.48 4301.47 4962.21 0
ynao_sd_19820318_0050_wang 169 114 55 15 1 6534.11 7720.4 1488.85 1763.42 5045.26 5956.98 22.11
ynao_sd_19820319_0050_wang 132 73 59 20 0 6676.8 7953.24 1454.61 1744.32 5222.19 6208.92 0
ynao_sd_19820320_0050_wang 131 87 44 17 0 6529.7 9688.46 1134.42 1432.73 5395.28 8255.73 0
ynao_sd_19820321_0045_wang 123 83 40 16 0 5174.46 7382.48 1171.54 1717.52 4002.92 5664.96 0
ynao_sd_19820322_0040_hong 93 55 38 19 0 4250.95 7122.93 1037.24 1741.48 3213.71 5381.45 0
ynao_sd_19820323_0030_hong 78 45 33 21 0 3760.76 7958.51 957.0 1861.2 2803.76 6097.31 0
ynao_sd_19820324_0040_hong 68 42 26 12 0 3571.15 6608.54 803.53 1517.91 2767.62 5090.63 0
ynao_sd_19820325_0030_hong 76 40 36 13 0 4170.28 6483.15 874.64 1376.87 3295.64 5106.28 0
ynao_sd_19820326_0045_hong 95 58 37 13 0 4332.78 5898.98 1057.19 1487.94 3275.59 4411.04 0
ynao_sd_19820327_0150_hong 160 111 49 15 1 6370.05 9828.0 1467.28 1964.97 4902.77 7863.03 44.06
ynao_sd_19820328_0200_hong 128 82 46 16 0 5267.44 8474.14 1176.38 1491.62 4091.06 6982.52 0
ynao_sd_19820329_0100_li 119 91 28 10 0 3086.82 3650.72 1112.31 1283.76 1974.51 2366.96 0
ynao_sd_19820330_0135_li 114 91 23 9 0 2855.01 3187.5 857.86 993.52 1997.15 2193.98 0
ynao_sd_19820331_0200_li 97 77 20 7 0 2772.3 3362.97 793.2 963.69 1979.1 2399.28 0
ynao_sd_19820401_0220_li 78 59 19 7 0 1923.28 2592.75 638.94 895.1 1284.34 1697.65 0
ynao_sd_19820404_0050_li 66 55 11 8 0 2727.18 7361.55 530.82 993.59 2196.36 6367.96 0
ynao_sd_19820405_0810_wang 60 49 11 9 0 2118.22 3407.47 392.77 562.04 1725.45 2845.43 0
ynao_sd_19820406_0130_wang 66 57 9 7 0 1080.52 1454.92 464.52 698.3 616.0 756.62 0
ynao_sd_19820407_0055_wang 89 77 12 9 0 1233.95 1882.15 494.6 678.81 739.35 1203.34 0
ynao_sd_19820408_0045_wang 63 47 16 10 0 2331.19 3876.56 482.89 900.23 1848.3 2976.33 0
ynao_sd_19820409_0740_wang 63 50 13 9 0 1435.88 2534.66 438.45 712.7 997.43 1821.96 0
ynao_sd_19820410_0340_wang 110 97 13 9 0 3163.85 6038.11 822.43 1226.67 2341.42 4811.44 0
ynao_sd_19820411_0250_wang 115 94 21 12 0 2781.56 3666.41 837.43 1144.69 1944.13 2521.72 0
ynao_sd_19820412_0050_hong 127 92 35 16 0 3342.85 4018.26 917.87 1162.12 2424.98 2856.14 0
ynao_sd_19820413_0200_hong 114 87 27 12 0 3023.01 3670.49 798.74 992.61 2224.27 2677.88 0
ynao_sd_19820414_0100_hong 91 62 29 12 0 2781.53 3463.01 668.78 830.07 2112.75 2632.94 0
ynao_sd_19820416_0250_hong 63 44 19 13 0 2177.22 2892.72 560.84 741.26 1616.38 2151.46 0
ynao_sd_19820417_0020_hong 55 37 18 11 0 2013.33 3238.95 553.54 800.02 1459.79 2438.93 0
ynao_sd_19820418_0140_hong 47 33 14 8 0 1608.34 2440.57 423.61 662.8 1184.73 1777.77 0
ynao_sd_19820419_0050_li 26 13 13 5 0 1193.15 1770.93 315.18 643.31 877.97 1127.62 0
ynao_sd_19820420_0050_li 34 22 12 7 0 1288.02 1983.69 280.09 456.06 1007.93 1527.63 0
ynao_sd_19820421_0050_li 32 21 11 6 0 1455.61 2144.08 316.86 503.21 1138.75 1640.87 0
ynao_sd_19820422_0040_li 52 41 11 7 0 1696.16 2281.21 396.13 534.77 1300.03 1746.44 0
ynao_sd_19820423_0200_li 103 84 19 11 0 2080.64 2519.28 740.63 889.52 1340.01 1629.76 0
ynao_sd_19820424_0120_li 112 82 30 12 0 2619.98 3065.53 884.09 1015.68 1735.89 2049.85 0
ynao_sd_19820425_0150_li 100 65 35 16 0 3288.24 3716.8 840.67 939.99 2447.57 2776.81 0
ynao_sd_19820426_0120_wang 145 116 29 16 0 3806.77 5464.42 951.61 1132.28 2855.16 4332.14 0
ynao_sd_19820427_0100_wang 112 90 22 14 0 3554.36 4422.9 799.09 1100.33 2755.27 3322.57 0
ynao_sd_19820428_0035_wang 95 76 19 13 0 3598.32 4878.37 629.82 912.13 2968.5 3966.24 0
ynao_sd_19820429_0025_wang 72 57 15 10 0 1604.85 2521.13 533.75 806.0 1071.1 1715.13 0
ynao_sd_19820430_0055_wang 62 47 15 7 0 1361.26 2336.16 431.73 776.78 929.53 1559.38 0
ynao_sd_19820501_0050_wang 58 45 13 5 0 1246.81 1788.4 363.06 561.99 883.75 1226.41 0
ynao_sd_19820502_0045_wang 40 28 12 7 0 3836.72 6149.14 321.0 516.47 3515.72 5632.67 0
ynao_sd_19820503_0030_hong 54 44 10 4 0 1029.9 1189.75 357.3 447.03 672.6 742.72 0
ynao_sd_19820504_0110_hong 59 43 16 6 0 1175.05 1725.12 385.23 556.62 789.82 1168.5 0
ynao_sd_19820505_0300_hong 47 24 23 8 0 1195.51 1637.92 317.75 437.9 877.76 1200.02 0
ynao_sd_19820506_0830_hong 59 36 23 6 0 1647.95 2118.63 469.85 624.52 1178.1 1494.11 0
ynao_sd_19820507_0040_hong 60 38 22 7 0 1893.73 2390.47 434.55 556.69 1459.18 1833.78 0
ynao_sd_19820508_0030_hong 56 42 14 8 0 1950.15 2342.09 503.94 594.85 1446.21 1747.24 0
ynao_sd_19820509_0010_hong 51 36 15 7 0 1521.19 1767.39 407.02 455.18 1114.17 1312.21 0
ynao_sd_19820510_0040_li 47 38 9 4 0 1133.32 1345.23 353.39 456.23 779.93 889.0 0
ynao_sd_19820511_0050_li 36 26 10 7 0 1014.26 1438.24 279.91 372.21 734.35 1066.03 0
ynao_sd_19820512_0100_li 36 29 7 5 0 783.03 1476.26 245.83 474.93 537.2 1001.33 0
ynao_sd_19820513_0100_li 28 22 6 4 0 728.86 1381.93 217.38 443.02 511.48 938.91 0
ynao_sd_19820514_0720_li 13 10 3 3 0 723.83 1017.53 148.16 222.33 575.67 795.2 0
ynao_sd_19820515_0140_li 16 12 4 3 0 769.15 1006.33 204.05 281.19 565.1 725.14 0
ynao_sd_19820516_0140_li 25 18 7 6 0 881.69 1075.34 216.53 256.25 665.16 819.09 0
ynao_sd_19820517_0105_li 33 24 9 5 0 1426.16 1805.48 341.73 554.81 1084.43 1250.67 0
ynao_sd_19820518_0100_li 38 28 10 7 0 1396.34 1943.77 332.84 550.39 1063.5 1393.38 0
ynao_sd_19820520_0240_li 59 41 18 11 0 2010.82 2554.64 493.15 641.29 1517.67 1913.35 0
ynao_sd_19820521_0050_li 70 47 23 7 0 2262.98 2752.6 492.25 597.07 1770.73 2155.53 0
ynao_sd_19820522_0045_li 72 50 22 10 0 2178.3 2688.16 613.6 769.16 1564.7 1919.0 0
ynao_sd_19820523_0040_li 79 52 27 11 0 1637.36 1946.21 561.63 692.11 1075.73 1254.1 0
ynao_sd_19820524_0205_wang 91 76 15 7 0 1518.98 1953.96 509.45 615.79 1009.53 1338.17 0
ynao_sd_19820525_0210_wang 87 76 11 6 2 1031.62 1311.83 452.36 553.07 579.26 758.76 40.92
ynao_sd_19820526_0050_wang 97 87 10 6 0 1118.87 1624.68 583.91 845.42 534.96 779.26 0
ynao_sd_19820527_0130_wang 106 88 18 14 0 2019.56 2826.65 651.65 966.64 1367.91 1860.01 0
ynao_sd_19820528_0055_wang 126 103 23 11 0 2212.3 3493.56 787.64 1353.89 1424.66 2139.67 0
ynao_sd_19820529_0050_wang 83 48 35 12 0 2184.79 3107.36 561.49 898.65 1623.3 2208.71 0
ynao_sd_19820530_0050_wang 66 45 21 7 0 1576.46 2177.4 386.6 501.77 1189.86 1675.63 0
ynao_sd_19820531_0050_hong 52 41 11 8 0 982.93 1358.27 378.45 550.89 604.48 807.38 0
ynao_sd_19820601_0100_hong 50 42 8 3 0 1608.68 3678.92 351.35 567.97 1257.33 3110.95 0
ynao_sd_19820602_0040_hong 49 39 10 7 0 750.05 1275.34 291.62 509.5 458.43 765.84 0
ynao_sd_19820603_0030_hong 56 41 15 15 0 1284.25 2854.26 329.26 680.33 954.99 2173.93 0
ynao_sd_19820604_0150_hong 70 45 25 14 0 1694.19 2934.11 506.52 783.01 1187.67 2151.1 0
ynao_sd_19820605_0500_hong 99 71 28 14 0 2054.65 2904.3 706.74 959.97 1347.91 1944.33 0
ynao_sd_19820608_0220_li 85 69 16 10 0 1921.1 2215.4 608.64 744.03 1312.46 1471.37 0
ynao_sd_19820610_0800_li 107 73 34 11 0 2950.59 3808.35 815.0 1023.87 2135.59 2784.48 0
ynao_sd_19820611_0230_li 95 58 37 14 0 2965.82 3954.76 751.36 996.41 2214.46 2958.35 0
ynao_sd_19820613_0335_li 88 54 34 14 0 4070.01 7991.84 796.08 1463.45 3273.93 6528.39 0
ynao_sd_19820614_0515_wang 144 92 52 13 0 5185.21 8535.84 1039.21 1770.0 4146.0 6765.84 0
ynao_sd_19820615_0215_wang 133 76 57 11 0 5769.4 8048.02 1088.43 1522.43 4680.97 6525.59 0
ynao_sd_19820616_0200_wang 164 101 63 7 0 6013.82 7598.75 1216.62 1621.18 4797.2 5977.57 0
ynao_sd_19820617_0035_wang 154 93 61 11 0 6165.7 7190.13 1217.74 1449.43 4947.96 5740.7 0
ynao_sd_19820618_0210_wang 157 94 63 9 1 5591.89 6427.47 1247.72 1511.62 4344.17 4915.85 15.0
ynao_sd_19820619_0405_wang 184 129 55 14 1 5684.96 6617.1 1454.3 1661.35 4230.66 4955.75 23.17
ynao_sd_19820620_0000_wang 210 153 57 16 1 5579.38 6234.02 1436.53 1613.58 4142.85 4620.44 44.44
ynao_sd_19820621_0040_hong 186 119 67 23 0 5565.29 6466.34 1524.53 1743.99 4040.76 4722.35 0
ynao_sd_19820622_0320_hong 186 125 61 19 0 4607.72 5910.49 1352.25 1694.87 3255.47 4215.62 0
ynao_sd_19820623_0740_hong 75 41 34 12 0 2811.58 4317.41 593.15 876.85 2218.43 3440.56 0
ynao_sd_19820624_0240_hong 118 74 44 17 0 3403.78 5364.65 893.33 1292.47 2510.45 4072.18 0
ynao_sd_19820625_0300_hong 84 61 23 11 0 2064.14 3202.66 642.37 962.84 1421.77 2239.82 0
ynao_sd_19820626_0115_wang 113 92 21 9 0 1916.92 3747.09 579.05 1084.9 1337.87 2662.19 0
ynao_sd_19820627_0130_hong 41 34 7 6 0 447.59 1230.21 220.74 452.41 226.85 777.8 0
ynao_sd_19820628_0600_li 10 8 2 1 0 151.49 169.25 72.77 86.99 78.72 82.26 0
ynao_sd_19820629_0950_li 13 10 3 1 0 137.79 153.88 68.28 80.21 69.51 73.67 0
ynao_sd_19820630_0400_li 18 17 1 1 0 148.94 187.68 98.47 131.17 50.47 56.51 0
ynao_sd_19820701_0125_li 23 23 0 0 0 116.63 157.88 116.63 157.88 0 0 0
ynao_sd_19820704_0100_li 19 19 0 0 0 109.15 148.1 109.15 148.1 0 0 0
ynao_sd_19820705_0645_wang 41 37 4 0 0 187.22 253.51 207.12 273.59 -19.9 -20.08 0
ynao_sd_19820706_0205_wang 27 26 1 3 0 1087.01 1294.53 142.9 194.08 944.11 1100.45 0
ynao_sd_19820707_0220_wang 33 28 5 3 0 308.07 543.23 177.62 362.73 130.45 180.5 0
ynao_sd_19820710_0040_wang 93 59 34 6 0 3376.91 6786.07 700.46 1501.93 2676.45 5284.14 0
ynao_sd_19820711_0305_wang 115 61 54 13 0 4271.6 6972.04 927.49 1487.93 3344.11 5484.11 0
ynao_sd_19820712_0330_li 108 60 48 18 0 4422.95 5920.56 824.04 1153.54 3598.91 4767.02 0
ynao_sd_19820713_0100_li 152 97 55 15 0 4610.65 5548.88 1198.45 1536.02 3412.2 4012.86 0
ynao_sd_19820714_0500_li 147 82 65 21 0 4876.96 5447.57 1205.12 1404.35 3671.84 4043.22 0
ynao_sd_19820715_0140_li 199 134 65 21 0 5656.91 6162.98 1414.42 1598.14 4242.49 4564.84 0
ynao_sd_19820716_0140_li 196 142 54 21 0 5367.72 5849.21 1391.74 1553.05 3975.98 4296.16 0
ynao_sd_19820717_0100_li 220 157 63 27 0 5319.99 6108.91 1524.13 1759.08 3795.86 4349.83 0
ynao_sd_19820718_0415_li 220 171 49 23 0 3789.61 4724.46 1307.61 1603.49 2482.0 3120.97 0
ynao_sd_19820719_0220_wang 294 237 57 36 0 4693.78 7307.73 1435.22 1819.04 3258.56 5488.69 0
ynao_sd_19820720_0115_wang 219 184 35 21 1 2940.73 4850.64 1122.12 1695.7 1818.61 3154.94 20.4
ynao_sd_19820721_0210_wang 140 116 24 13 0 2265.5 5220.56 766.16 1283.8 1499.34 3936.76 0
ynao_sd_19820722_0200_wang 54 44 10 7 0 1184.44 1797.02 303.21 586.57 881.23 1210.45 0
ynao_sd_19820723_0300_wang 25 22 3 3 0 1068.79 1913.32 169.48 381.72 899.31 1531.6 0
ynao_sd_19820725_0430_wang 24 22 2 3 0 1334.66 1862.65 266.51 460.11 1068.15 1402.54 0
ynao_sd_19820726_0550_li 10 10 0 0 0 50.75 95.56 50.75 95.56 0 0 0
ynao_sd_19820727_0200_li 9 9 0 0 0 53.19 73.5 53.19 73.5 0 0 0
ynao_sd_19820728_0710_li 13 11 2 1 0 120.65 149.64 71.2 90.33 49.45 59.31 0
ynao_sd_19820729_0835_li 8 7 1 1 0 73.27 88.08 43.6 56.67 29.67 31.41 0
ynao_sd_19820730_0020_li 13 12 1 1 0 181.99 243.38 111.31 171.37 70.68 72.01 0
ynao_sd_19820731_0105_li 21 17 4 2 0 294.95 472.76 176.59 313.97 118.36 158.79 0
ynao_sd_19820801_0140_li 31 25 6 3 0 385.52 508.16 206.89 286.34 178.63 221.82 0
ynao_sd_19820802_0030_wang 59 49 10 6 0 1661.7 4360.93 375.32 580.21 1286.38 3780.72 0
ynao_sd_19820803_0045_wang 61 41 20 9 0 1052.9 1303.63 348.99 508.25 703.91 795.38 0
ynao_sd_19820804_0210_wang 65 45 20 7 0 1680.23 2542.1 387.75 709.24 1292.48 1832.86 0
ynao_sd_19820806_0235_wang 192 153 39 15 0 2976.05 4349.47 1225.18 1724.92 1750.87 2624.55 0
ynao_sd_19820807_0100_wan 193 170 23 15 0 2993.83 4125.93 1066.18 1485.06 1927.65 2640.87 0
ynao_sd_19820808_0110_wang 183 156 27 16 0 3306.87 4181.42 1096.84 1438.86 2210.03 2742.56 0
ynao_sd_19820809_0050_wang 197 163 34 20 0 3049.06 3688.52 1084.34 1301.85 1964.72 2386.67 0
ynao_sd_19820810_0540_li 130 113 17 7 0 1931.67 2193.05 800.7 939.02 1130.97 1254.03 0
ynao_sd_19820811_0030_li 120 102 18 13 0 2700.7 3216.16 767.71 899.41 1932.99 2316.75 0
ynao_sd_19820812_0215_li 116 106 10 9 0 1736.67 2018.64 790.39 967.27 946.28 1051.37 0
ynao_sd_19820813_0730_li 97 88 9 8 0 1420.32 1770.62 671.54 827.65 748.78 942.97 0
ynao_sd_19820814_0020_li 92 81 11 7 0 1381.39 1837.29 577.12 751.1 804.27 1086.19 0
ynao_sd_19820815_0030_li 72 60 12 6 0 1323.2 1796.66 451.34 588.81 871.86 1207.85 0
ynao_sd_19820816_0040_hong 80 50 30 12 0 1974.12 2362.42 539.4 727.64 1434.72 1634.78 0
ynao_sd_19820817_0820_hong 89 75 14 5 0 2164.89 2658.29 774.2 1005.57 1390.69 1652.72 0
ynao_sd_19820818_0335_hong 86 65 21 9 0 2494.24 3554.27 825.51 1171.72 1668.73 2382.55 0
ynao_sd_19820819_0105_hong 96 66 30 11 0 3001.29 4871.12 771.67 1268.38 2229.62 3602.74 0
ynao_sd_19820820_0535_hong 57 41 16 13 0 1841.21 3447.29 502.7 911.44 1338.51 2535.85 0
ynao_sd_19820821_0340_hong 77 60 17 8 0 1679.7 3134.41 606.94 1121.01 1072.76 2013.4 0
ynao_sd_19821028_0030_wang 103 78 25 9 0 2780.69 3015.01 772.81 869.13 2007.88 2145.88 0
ynao_sd_19821029_0040_wang 89 72 17 5 0 2288.86 2618.13 639.36 816.91 1649.5 1801.22 0
ynao_sd_19821030_0055_wang 64 51 13 7 0 1709.25 2168.37 468.87 625.05 1240.38 1543.32 0
ynao_sd_19821031_0035_wang 52 37 15 7 0 1643.08 2196.9 414.34 611.28 1228.74 1585.62 0
ynao_sd_19821101_0150_li 40 32 8 6 0 783.81 1286.48 246.18 372.46 537.63 914.02 0
ynao_sd_19821103_0150_li 35 28 7 3 0 396.21 627.69 187.48 319.08 208.73 308.61 0
ynao_sd_19821104_0130_li 33 29 4 3 0 389.45 603.48 202.99 344.79 186.46 258.69 0
ynao_sd_19821105_0110_li 44 42 2 1 0 400.34 588.11 255.32 426.58 145.02 161.53 0
ynao_sd_19821106_0420_li 38 36 2 1 0 365.16 471.44 249.74 350.37 115.42 121.07 0
ynao_sd_19821107_0200_li 46 44 2 2 0 514.62 655.64 259.0 368.3 255.62 287.34 0
ynao_sd_19821108_0300_hong 61 51 10 5 0 851.67 1178.06 347.41 470.28 504.26 707.78 0
ynao_sd_19821109_0340_hong 42 27 15 8 0 926.84 1707.27 248.14 407.57 678.7 1299.7 0
ynao_sd_19821110_0320_hong 52 33 19 8 0 1314.15 2562.1 378.67 672.52 935.48 1889.58 0
ynao_sd_19821111_0830_hong 54 30 24 12 0 1904.49 2906.13 402.65 578.88 1501.84 2327.25 0
ynao_sd_19821112_0040_hong 62 30 32 10 1 2099.58 2912.97 492.5 668.08 1607.08 2244.89 33.55
ynao_sd_19821113_0740_hong 74 42 32 9 0 2820.8 3243.64 531.45 629.09 2289.35 2614.55 0
ynao_sd_19821114_0140_hong 100 53 47 12 0 2652.24 3078.19 641.64 771.36 2010.6 2306.83 0
ynao_sd_19821115_0140_wang 119 65 54 12 0 3000.8 3342.75 666.24 776.97 2334.56 2565.78 0
ynao_sd_19821116_0100_wang 98 70 28 13 0 3863.93 4700.56 593.86 788.61 3270.07 3911.95 0
ynao_sd_19821117_0130_wang 119 79 40 16 1 2354.2 2754.32 725.5 865.4 1628.7 1888.92 17.43
ynao_sd_19821118_0100_wang 108 86 22 9 0 1622.94 2657.21 638.88 1115.41 984.06 1541.8 0
ynao_sd_19821119_0210_wang 104 81 23 16 0 2693.28 4568.58 638.81 918.13 2054.47 3650.45 0
ynao_sd_19821120_0050_wang 99 66 33 14 1 3191.77 4126.83 676.9 884.5 2514.87 3242.33 33.33
ynao_sd_19821121_0100_wang 136 95 41 7 0 4252.72 4970.23 957.71 1313.89 3295.01 3656.34 0
ynao_sd_19821122_0050_li 85 56 29 8 0 3649.6 4311.92 877.99 1103.04 2771.61 3208.88 0
ynao_sd_19821123_0140_li 91 63 28 8 0 3412.19 4883.58 844.97 1454.73 2567.22 3428.85 0
ynao_sd_19821124_0800_li 59 36 23 5 0 2270.35 3726.81 490.55 823.37 1779.8 2903.44 0
ynao_sd_19821125_0320_li 51 34 17 5 0 1633.36 3028.8 390.64 776.36 1242.72 2252.44 0
ynao_sd_19821126_0545_li 39 34 5 4 0 924.91 1679.54 305.12 825.2 619.79 854.34 0
ynao_sd_19821127_0310_li 8 4 4 1 0 344.74 968.95 57.65 165.78 287.09 803.17 0
ynao_sd_19821128_0045_li 32 24 8 4 0 1147.47 2016.03 257.27 411.47 890.2 1604.56 0
ynao_sd_19821129_0240_hong 59 36 23 9 1 1959.35 2982.84 532.0 780.99 1427.35 2201.85 26.15
ynao_sd_19821130_0050_hong 65 42 23 12 0 2043.56 3137.38 605.32 830.81 1438.24 2306.57 0
ynao_sd_19821201_0040_hong 53 33 20 10 0 2055.99 2362.6 583.37 701.18 1472.62 1661.42 0
ynao_sd_19821202_0050_hong 77 58 19 10 1 2346.95 2824.44 674.35 894.07 1672.6 1930.37 20.34
ynao_sd_19821203_0045_hong 123 92 31 18 0 2767.64 3273.92 880.59 1093.5 1887.05 2180.42 0
ynao_sd_19821204_0100_hong 122 83 39 21 0 3052.68 3628.67 921.2 1105.51 2131.48 2523.16 0
ynao_sd_19821205_0240_hong 150 109 41 21 1 4912.97 5912.91 1119.3 1400.87 3793.67 4512.04 28.21
ynao_sd_19821206_0705_wang 116 80 36 13 0 2900.51 4506.78 776.88 1057.71 2123.63 3449.07 0
ynao_sd_19821207_0050_wang 135 111 24 11 0 3229.3 5359.03 887.88 1346.92 2341.42 4012.11 0
ynao_sd_19821208_0050_wang 142 94 48 19 0 4009.71 7075.86 858.47 1548.43 3151.24 5527.43 0
ynao_sd_19821209_0105_wang 150 103 47 15 0 6040.05 12941.68 1005.82 1656.47 5034.23 11285.21 0
ynao_sd_19821210_0100_wang 154 109 45 18 0 4399.27 6754.16 1024.71 1511.02 3374.56 5243.14 0
ynao_sd_19821212_0700_wang 142 96 46 21 0 5466.03 7870.15 1147.98 1616.64 4318.05 6253.51 0
ynao_sd_19821215_0120_li 178 138 40 12 0 3640.82 4075.93 1067.36 1217.89 2573.46 2858.04 0
ynao_sd_19821217_0910_li 99 75 24 11 0 2868.12 3854.35 696.13 887.87 2171.99 2966.48 0
ynao_sd_19821221_0320_hong 39 27 12 6 0 684.35 1120.84 239.41 353.91 444.94 766.93 0
ynao_sd_19821222_0110_hong 47 38 9 8 0 876.33 1843.45 364.36 723.23 511.97 1120.22 0
ynao_sd_19821223_0100_hong 82 68 14 9 0 1192.3 2284.16 447.77 721.56 744.53 1562.6 0
ynao_sd_19821224_0050_hong 77 58 19 11 0 1596.08 2520.65 552.25 796.79 1043.83 1723.86 0
ynao_sd_19821226_0300_hong 78 47 31 13 0 2354.42 2907.86 570.05 692.16 1784.37 2215.7 0
ynao_sd_19821227_0120_li 88 68 20 8 0 2188.35 2623.86 621.95 763.75 1566.4 1860.11 0
ynao_sd_19821228_0130_li 93 69 24 11 0 2047.72 2936.03 633.51 858.65 1414.21 2077.38 0
ynao_sd_19821229_0120_li 76 55 21 6 0 1492.54 2125.64 447.72 592.44 1044.82 1533.2 0
ynao_sd_19821230_0115_li 77 60 17 6 0 1367.36 1780.13 508.72 654.71 858.64 1125.42 0
ynao_sd_19821231_0130_li 63 50 13 6 0 1070.9 1397.01 398.13 530.57 672.77 866.44 0
