ynao_sd_19830101_0150_li 27 24 3 2 0 711.05 950.88 270.75 390.85 440.3 560.03 0
ynao_sd_19830102_0230_wang 30 27 3 3 0 1564.68 1850.7 227.32 324.01 1337.36 1526.69 0
ynao_sd_19830103_0440_wang 32 29 3 3 0 1343.18 3316.56 210.67 270.11 1132.51 3046.45 0
ynao_sd_19830104_0200_wang 35 32 3 3 0 822.8 1051.89 273.61 323.88 549.19 728.01 0
ynao_sd_19830105_0315_wang 52 47 5 5 0 1028.02 1338.6 399.53 510.93 628.49 827.67 0
ynao_sd_19830106_0045_wang 52 34 18 9 0 1416.76 1881.72 345.19 446.94 1071.57 1434.78 0
ynao_sd_19830107_0050_li 54 38 16 11 0 1442.13 1906.57 362.85 457.94 1079.28 1448.63 0
ynao_sd_19830109_0100_wang 84 71 13 7 0 1529.02 2441.53 523.44 818.79 1005.58 1622.74 0
ynao_sd_19830110_0110_hong 78 63 15 11 0 1271.71 1976.11 440.66 618.84 831.05 1357.27 0
ynao_sd_19830111_0120_hong 58 45 13 8 0 891.22 1526.54 300.21 498.81 591.01 1027.73 0
ynao_sd_19830112_0320_hong 39 30 9 6 0 700.15 912.64 248.47 320.98 451.68 591.66 0
ynao_sd_19830113_0120_hong 52 40 12 7 0 1400.4 4056.94 267.32 429.65 1133.08 3627.29 0
ynao_sd_19830114_0100_hong 37 25 12 7 0 958.26 1817.4 283.14 494.37 675.12 1323.03 0
ynao_sd_19830115_0050_hong 50 39 11 7 0 1171.6 1950.34 414.65 696.58 756.95 1253.76 0
ynao_sd_19830116_0110_hong 54 40 14 9 0 1422.17 2008.12 426.35 589.77 995.82 1418.35 0
ynao_sd_19830117_0200_li 46 31 15 7 0 1360.93 1728.47 284.22 377.78 1076.71 1350.69 0
ynao_sd_19830118_0150_li 58 42 16 8 0 1597.67 1798.2 360.32 402.79 1237.35 1395.41 0
ynao_sd_19830122_0310_li 34 23 11 5 0 888.57 1141.79 215.84 270.12 672.73 871.67 0
ynao_sd_19830123_0650_li 20 12 8 6 0 596.98 1008.57 155.6 268.91 441.38 739.66 0
ynao_sd_19830124_0535_wang 25 19 6 6 0 566.78 1456.25 145.98 329.66 420.8 1126.59 0
ynao_sd_19830126_0340_wang 40 34 6 6 0 1160.32 1576.23 310.72 504.71 849.6 1071.52 0
ynao_sd_19830126_0435_wang 23 21 2 2 0 354.29 906.43 167.44 432.55 186.85 473.88 0
ynao_sd_19830127_0115_wang 50 40 10 5 0 1560.49 1857.88 455.15 623.68 1105.34 1234.2 0
ynao_sd_19830128_0050_wang 73 59 14 7 0 1673.5 1914.93 468.06 568.89 1205.44 1346.04 0
ynao_sd_19830129_0115_wang 85 71 14 9 0 2508.53 4442.92 542.56 634.12 1965.97 3808.8 0
ynao_sd_19830130_0120_wang 88 76 12 10 0 1878.03 2173.02 622.43 739.98 1255.6 1433.04 0
ynao_sd_19830201_0050_hong 102 67 35 11 0 2727.21 3317.5 686.42 840.24 2040.79 2477.26 0
ynao_sd_19830202_0045_hong 58 29 29 7 1 2767.52 3297.24 463.52 543.73 2304.0 2753.51 41.61
ynao_sd_19830203_0350_hong 66 46 20 7 0 2418.8 3038.54 517.51 649.32 1901.29 2389.22 0
ynao_sd_19830204_0100_hong 59 33 26 4 0 2157.87 2474.28 481.49 554.62 1676.38 1919.66 0
ynao_sd_19830205_0050_hong 82 48 34 5 0 2465.21 2973.36 622.89 746.32 1842.32 2227.04 0
ynao_sd_19830206_0200_hong 59 38 21 7 0 2535.17 3042.09 592.17 702.48 1943.0 2339.61 0
ynao_sd_19830207_0140_li 59 31 28 8 0 2180.25 2774.21 468.49 573.61 1711.76 2200.6 0
ynao_sd_19830208_0200_li 49 30 19 5 0 1740.76 2386.36 396.79 534.77 1343.97 1851.59 0
ynao_sd_19830209_0110_li 24 10 14 3 0 1037.88 1564.63 185.63 270.26 852.25 1294.37 0
ynao_sd_19830210_0115_li 14 7 7 2 0 739.96 1207.49 172.2 277.32 567.76 930.17 0
ynao_sd_19830211_0150_li 10 8 2 2 0 181.91 402.69 69.26 140.28 112.65 262.41 0
ynao_sd_19830212_0130_li 7 7 0 0 0 50.81 133.47 50.81 133.47 0 0 0
ynao_sd_19830213_0700_li 6 6 0 0 0 29.9 32.91 29.9 32.91 0 0 0
ynao_sd_19830214_0130_hong 5 5 0 0 0 33.71 35.45 33.71 35.45 0 0 0
ynao_sd_19830215_0050_wang 8 7 1 1 0 553.84 1154.06 38.5 45.23 515.34 1108.83 0
ynao_sd_19830216_0040_wang 8 8 0 0 0 35.22 57.04 35.22 57.04 0 0 0
ynao_sd_19830217_0040_wang 7 6 1 1 0 80.24 176.86 52.83 90.44 27.41 86.42 0
ynao_sd_19830218_0050_wang 16 14 2 2 0 200.66 507.27 87.23 139.92 113.43 367.35 0
ynao_sd_19830219_0105_wang 14 12 2 2 0 259.87 445.05 107.86 154.32 152.01 290.73 0
ynao_sd_19830220_0150_wang 11 9 2 2 0 290.11 400.02 77.21 93.44 212.9 306.58 0
ynao_sd_19830221_0050_hong 19 17 2 2 0 397.79 523.31 141.31 208.85 256.48 314.46 0
ynao_sd_19830222_0220_hong 8 5 3 3 0 395.97 487.4 110.87 134.85 285.1 352.55 0
ynao_sd_19830223_0100_hong 14 10 4 3 0 420.05 651.61 106.4 160.58 313.65 491.03 0
ynao_sd_19830224_0150_hong 22 14 8 5 0 1669.8 4845.84 219.36 642.03 1450.44 4203.81 0
ynao_sd_19830225_0040_hong 27 18 9 7 0 840.88 1411.38 202.78 294.77 638.1 1116.61 0
ynao_sd_19830226_0110_hong 41 35 6 4 0 996.68 1409.85 354.83 484.17 641.85 925.68 0
ynao_sd_19830227_0620_hong 46 41 5 4 0 1209.92 1857.31 435.37 579.61 774.55 1277.7 0
ynao_sd_19830228_0215_wang 63 56 7 6 0 1507.32 2285.92 450.44 660.66 1056.88 1625.26 0
ynao_sd_19830301_0045_wang 47 40 7 6 0 1514.29 2203.67 432.66 689.91 1081.63 1513.76 0
ynao_sd_19830302_0130_wang 44 28 16 9 0 1784.51 2424.49 420.1 593.76 1364.41 1830.73 0
ynao_sd_19830303_0040_wang 71 58 13 5 0 1760.88 2049.77 439.2 543.71 1321.68 1506.06 0
ynao_sd_19830306_0215_wang 61 42 19 8 0 2017.83 2215.72 388.59 448.44 1629.24 1767.28 0
ynao_sd_19830307_0120_hong 64 41 23 8 0 1879.47 2313.97 537.58 683.94 1341.89 1630.03 0
ynao_sd_19830308_0040_wang 32 19 13 9 0 1404.33 1963.6 216.32 288.63 1188.01 1674.97 0
ynao_sd_19830309_0040_hong 54 44 10 8 0 1095.51 1887.67 383.3 576.01 712.21 1311.66 0
ynao_sd_19830310_0040_hong 34 24 10 5 0 854.98 1429.95 265.5 444.79 589.48 985.16 0
ynao_sd_19830311_0050_hong 35 27 8 6 0 613.26 1176.97 221.8 387.76 391.46 789.21 0
ynao_sd_19830312_0050_hong 27 24 3 3 0 258.33 590.68 144.42 262.24 113.91 328.44 0
ynao_sd_19830313_0820_hong 5 4 1 1 0 51.84 106.71 30.03 47.9 21.81 58.81 0
ynao_sd_19830314_0620_hong 9 8 1 1 0 92.69 347.43 53.81 135.09 38.88 212.34 0
ynao_sd_19830315_0220_wang 25 23 2 2 0 275.0 579.49 138.36 291.07 136.64 288.42 0
ynao_sd_19830318_0225_wang 72 58 14 7 0 1387.03 1656.32 472.0 666.74 915.03 989.58 0
ynao_sd_19830319_0045_wang 67 53 14 8 0 1411.97 1530.26 423.69 453.66 988.28 1076.6 0
ynao_sd_19830320_0100_wang 54 36 18 7 0 1871.55 1978.36 416.94 483.13 1454.61 1495.23 0
ynao_sd_19830321_0100_hong 81 62 19 7 0 1641.49 1788.92 480.54 524.07 1160.95 1264.85 0
ynao_sd_19830322_0120_hong 53 40 13 4 0 1350.78 1626.03 414.81 480.41 935.97 1145.62 0
ynao_sd_19830323_0100_hong 58 49 9 2 0 1059.24 1477.69 358.62 453.25 700.62 1024.44 0
ynao_sd_19830324_0040_hong 44 34 10 4 0 896.19 1612.09 256.43 378.03 639.76 1234.06 0
ynao_sd_19830325_0050_hong 31 28 3 2 0 457.43 1025.8 221.28 408.01 236.15 617.79 0
ynao_sd_19830326_0030_hong 37 33 4 2 0 390.25 1017.96 269.77 701.64 120.48 316.32 0
ynao_sd_19830327_0100_hong 30 28 2 2 0 305.57 714.06 208.64 494.14 96.93 219.92 0
ynao_sd_19830328_0100_wang 21 19 2 2 0 273.15 531.41 161.19 338.68 111.96 192.73 0
ynao_sd_19830329_0105_wang 15 13 2 2 0 238.51 324.81 97.37 134.37 141.14 190.44 0
ynao_sd_19830330_0030_wang 15 14 1 1 0 227.64 264.98 104.57 116.79 123.07 148.19 0
ynao_sd_19830331_0030_wang 15 13 2 2 0 286.37 317.7 114.88 133.31 171.49 184.39 0
ynao_sd_19830401_0040_wang 22 17 5 3 0 357.41 368.54 112.66 117.96 244.75 250.58 0
ynao_sd_19830402_0035_wang 30 27 3 2 0 428.65 489.3 194.89 250.27 233.76 239.03 0
ynao_sd_19830403_0040_wang 36 31 5 3 0 424.23 552.81 219.98 326.28 204.25 226.53 0
ynao_sd_19830404_0220_hong 34 30 4 3 0 370.92 513.34 206.53 288.24 164.39 225.1 0
ynao_sd_19830405_0300_hong 32 28 4 3 0 294.67 419.86 171.65 243.0 123.02 176.86 0
ynao_sd_19830406_0030_hong 34 32 2 2 0 273.89 412.47 197.34 273.97 76.55 138.5 0
ynao_sd_19830407_0150_hong 51 46 5 2 0 271.58 391.36 245.38 334.3 26.2 57.06 0
ynao_sd_19830408_0030_hong 57 51 6 3 0 422.92 537.84 291.15 346.58 131.77 191.26 0
ynao_sd_19830409_0040_hong 47 40 7 3 0 529.48 598.92 282.39 311.1 247.09 287.82 0
ynao_sd_19830410_0100_hong 54 50 4 4 0 643.54 689.59 305.23 331.7 338.31 357.89 0
ynao_sd_19830411_0050_li 32 31 1 1 1 394.53 451.32 228.61 283.21 165.92 168.11 22.64
ynao_sd_19830412_0100_li 24 22 2 1 0 365.02 426.71 183.13 238.22 181.89 188.49 0
ynao_sd_19830413_0100_li 20 19 1 1 0 269.92 370.66 177.79 267.88 92.13 102.78 0
ynao_sd_19830414_0100_li 28 27 1 1 0 248.95 326.05 198.75 262.11 50.2 63.94 0
ynao_sd_19830415_0040_li 33 32 1 1 0 223.05 337.01 206.72 319.63 16.33 17.38 0
ynao_sd_19830416_0130_li 25 24 1 1 0 172.26 305.89 123.77 202.9 48.49 102.99 0
ynao_sd_19830417_0040_li 39 36 3 3 0 306.08 418.37 210.1 285.06 95.98 133.31 0
ynao_sd_19830418_0100_li 43 32 11 5 0 931.2 1263.98 217.19 259.42 714.01 1004.56 0
ynao_sd_19830419_0030_li 47 37 10 6 0 950.2 1698.71 340.33 496.97 609.87 1201.74 0
ynao_sd_19830420_0030_li 32 26 6 4 0 569.55 1136.59 203.84 313.86 365.71 822.73 0
ynao_sd_19830421_0130_li 27 24 3 1 0 552.95 864.4 196.8 268.43 356.15 595.97 0
ynao_sd_19830422_0030_li 37 29 8 2 0 707.52 1477.04 275.19 700.07 432.33 776.97 0
ynao_sd_19830423_0040_li 36 25 11 5 0 952.03 1596.5 233.22 335.27 718.81 1261.23 0
ynao_sd_19830424_0145_li 32 19 13 6 0 788.2 1044.49 202.24 255.09 585.96 789.4 0
ynao_sd_19830425_0130_chai 67 51 16 10 0 1645.9 2339.79 532.43 760.12 1113.47 1579.67 0
ynao_sd_19830426_0045_chai 56 41 15 10 0 1693.61 2199.66 524.19 692.91 1169.42 1506.75 0
ynao_sd_19830427_0240_chai 50 38 12 10 0 1688.63 2089.46 498.93 588.06 1189.7 1501.4 0
ynao_sd_19830428_0040_chai 87 77 10 6 0 1645.23 1813.91 668.04 734.04 977.19 1079.87 0
ynao_sd_19830429_0115_chai 72 54 18 12 0 1854.63 2259.39 640.41 1011.47 1214.22 1247.92 0
ynao_sd_19830430_0025_chai 64 52 12 8 0 1838.66 2445.91 613.44 831.49 1225.22 1614.42 0
ynao_sd_19830501_0030_chai 71 54 17 10 0 1986.73 2644.77 690.49 912.62 1296.24 1732.15 0
ynao_sd_19830502_0010_wang 67 50 17 10 0 1784.46 2289.29 471.53 607.8 1312.93 1681.49 0
ynao_sd_19830503_0155_wang 71 56 15 5 0 1537.53 2156.09 462.11 640.08 1075.42 1516.01 0
ynao_sd_19830504_0120_hong 54 38 16 6 1 1292.43 2161.72 341.16 527.91 951.27 1633.81 16.09
ynao_sd_19830505_0020_wang 47 38 9 8 0 784.46 1749.25 265.46 392.52 519.0 1356.73 0
ynao_sd_19830506_0050_wang 52 45 7 5 0 1156.04 1544.95 278.74 368.64 877.3 1176.31 0
ynao_sd_19830507_0050_wang 59 56 3 2 0 718.39 1629.15 445.56 906.48 272.83 722.67 0
ynao_sd_19830508_0030_wang 60 52 8 6 0 949.42 1834.62 354.4 557.19 595.02 1277.43 0
ynao_sd_19830509_0100_hong 81 64 17 12 0 1360.88 2160.91 476.88 716.96 884.0 1443.95 0
ynao_sd_19830510_0050_hong 130 112 18 9 0 1522.12 2074.44 690.83 961.86 831.29 1112.58 0
ynao_sd_19830511_0100_hong 79 44 35 14 0 2658.49 3070.48 631.4 765.82 2027.09 2304.66 0
ynao_sd_19830512_0100_hong 119 80 39 11 0 3476.3 4326.0 981.28 1267.51 2495.02 3058.49 0
ynao_sd_19830513_0050_hong 99 70 29 13 0 3174.04 4448.4 939.17 1292.5 2234.87 3155.9 0
ynao_sd_19830514_0100_hong 88 63 25 16 0 2948.11 4886.43 791.67 1216.98 2156.44 3669.45 0
ynao_sd_19830515_0110_hong 85 56 29 18 0 2298.44 4591.7 619.07 1065.68 1679.37 3526.02 0
ynao_sd_19830516_0150_chai 66 45 21 11 0 1415.21 2296.88 518.44 849.43 896.77 1447.45 0
ynao_sd_19830517_0040_chai 62 48 14 11 0 1487.07 2314.97 527.03 783.03 960.04 1531.94 0
ynao_sd_19830518_0040_chai 55 41 14 8 0 1286.7 2442.75 528.36 927.92 758.34 1514.83 0
ynao_sd_19830519_0030_chai 57 43 14 7 0 1483.38 2783.13 535.16 948.22 948.22 1834.91 0
ynao_sd_19830520_0025_chai 53 35 18 10 0 1732.03 2561.9 493.43 707.15 1238.6 1854.75 0
ynao_sd_19830521_0045_chai 84 63 21 14 0 2728.45 4523.74 656.23 945.06 2072.22 3578.68 0
ynao_sd_19830522_0020_chai 86 72 14 12 0 2106.56 2606.99 765.26 976.82 1341.3 1630.17 0
ynao_sd_19830523_0015_chai 90 79 11 10 0 1814.3 2260.14 765.62 1038.2 1048.68 1221.94 0
ynao_sd_19830524_0030_li 74 65 9 5 0 1352.32 1615.37 487.85 599.14 864.47 1016.23 0
ynao_sd_19830525_0030_chai 80 71 9 7 0 1564.2 1933.59 576.06 730.51 988.14 1203.08 0
ynao_sd_19830526_0005_chai 74 68 6 6 0 1492.59 1848.91 618.14 751.81 874.45 1097.1 0
ynao_sd_19830527_0335_chai 39 32 7 6 0 993.31 1520.83 441.76 670.29 551.55 850.54 0
ynao_sd_19830528_0210_chai 44 38 6 6 0 812.07 1206.96 370.27 495.54 441.8 711.42 0
ynao_sd_19830529_0345_chai 59 54 5 5 0 800.95 1770.63 481.9 808.55 319.05 962.08 0
ynao_sd_19830530_0140_hong 47 30 17 10 0 880.42 1813.74 303.01 567.77 577.41 1245.97 0
ynao_sd_19830531_0030_hong 77 62 15 10 0 1122.72 2307.3 415.79 796.28 706.93 1511.02 0
ynao_sd_19830601_0120_hong 67 51 16 10 1 1258.39 2153.22 424.19 752.93 834.2 1400.29 69.1
ynao_sd_19830602_0040_hong 66 54 12 8 0 1452.17 1874.01 470.57 634.23 981.6 1239.78 0
ynao_sd_19830603_0050_hong 72 55 17 5 0 1662.73 1880.0 583.08 668.22 1079.65 1211.78 0
ynao_sd_19830604_0040_hong 84 66 18 8 0 1775.91 1892.56 596.1 657.33 1179.81 1235.23 0
ynao_sd_19830605_0310_hong 63 37 26 11 0 2450.83 4073.98 515.85 744.43 1934.98 3329.55 0
ynao_sd_19830609_0803_chai 103 68 35 14 0 3404.1 4811.51 959.09 1312.39 2445.01 3499.12 0
ynao_sd_19830610_0404_chai 95 59 36 13 0 2885.25 4613.15 861.04 1363.93 2024.21 3249.22 0
ynao_sd_19830611_0820_chai 58 37 21 11 0 1845.75 3149.19 548.08 905.74 1297.67 2243.45 0
ynao_sd_19830612_0255_chai 65 53 12 8 0 1180.01 1310.56 474.18 571.42 705.83 739.14 0
ynao_sd_19830613_0915_chai 57 46 11 7 0 997.03 1198.5 393.84 456.68 603.19 741.82 0
ynao_sd_19830614_0105_chai 68 60 8 8 0 978.66 1675.12 464.09 714.07 514.57 961.05 0
ynao_sd_19830615_0020_chai 55 43 12 8 0 887.91 1564.4 365.14 632.95 522.77 931.45 0
ynao_sd_19830616_0120_chai (1) 42 35 7 4 0 669.12 1115.34 333.29 530.79 335.83 584.55 0
ynao_sd_19830616_0120_chai 42 35 7 4 0 669.12 1115.34 333.29 530.79 335.83 584.55 0
ynao_sd_19830617_0010_chai 76 69 7 4 0 1063.03 1374.58 478.71 617.11 584.32 757.47 0
ynao_sd_19830618_0030_chai 70 53 17 8 0 1284.29 1814.89 473.6 537.62 810.69 1277.27 0
ynao_sd_19830619_0105_chai 72 62 10 6 0 1047.56 1131.54 484.0 543.97 563.56 587.57 0
ynao_sd_19830620_0030_li 65 55 10 4 0 800.95 953.0 316.15 444.38 484.8 508.62 0
ynao_sd_19830621_0030_li 66 59 7 5 0 695.15 884.46 333.93 491.24 361.22 393.22 0
ynao_sd_19830622_0630_li 80 67 13 5 0 881.15 1069.26 452.51 573.37 428.64 495.89 0
ynao_sd_19830623_0530_li 83 66 17 11 0 1159.94 1303.59 454.12 519.74 705.82 783.85 0
ynao_sd_19830624_0540_li 68 52 16 8 0 1215.3 1397.33 431.83 510.39 783.47 886.94 0
ynao_sd_19830625_0140_li 56 48 8 3 0 985.48 1176.43 376.72 478.98 608.76 697.45 0
ynao_sd_19830626_0110_li 43 34 9 4 0 862.17 1412.78 312.14 689.82 550.03 722.96 0
ynao_sd_19830627_0050_wang 71 56 15 6 0 1279.19 2291.49 390.76 631.37 888.43 1660.12 0
ynao_sd_19830628_0215_wang 61 52 9 5 0 911.65 1783.35 290.2 510.63 621.45 1272.72 0
ynao_sd_19830629_0115_wang 54 40 14 7 0 868.88 1580.24 290.78 519.42 578.1 1060.82 0
ynao_sd_19830630_0055_wang 64 51 13 5 0 940.5 1398.97 342.02 480.82 598.48 918.15 0
ynao_sd_19830701_0020_wang 43 34 9 5 0 917.91 1237.12 293.4 420.25 624.51 816.87 0
ynao_sd_19830702_0010_wang 27 23 4 3 0 802.18 1147.62 240.26 547.3 561.92 600.32 0
ynao_sd_19830703_0030_wang 42 36 6 5 0 819.54 1293.88 260.46 442.42 559.08 851.46 0
ynao_sd_19830704_0030_chai 51 44 7 4 0 905.56 1308.6 330.06 509.68 575.5 798.92 0
ynao_sd_19830705_0230_chai 75 67 8 4 0 1135.43 1508.64 418.77 588.72 716.66 919.92 0
ynao_sd_19830706_0020_chai 76 65 11 6 0 1271.0 1876.0 520.29 737.25 750.71 1138.75 0
ynao_sd_19830707_0040_chai 71 62 9 7 0 1297.92 2143.68 499.76 722.99 798.16 1420.69 0
ynao_sd_19830708_0100_chai 54 45 9 6 0 1381.16 2006.81 460.91 625.42 920.25 1381.39 0
ynao_sd_19830709_0040_chai 56 52 4 3 0 1407.34 1892.31 435.77 651.75 971.57 1240.56 0
ynao_sd_19830710_0150_chai 47 40 7 3 0 1291.59 1648.59 371.49 474.08 920.1 1174.51 0
ynao_sd_19830711_0120_chai 31 22 9 4 0 1049.94 1382.88 288.14 382.19 761.8 1000.69 0
ynao_sd_19830712_0215_chai 31 18 13 8 0 1991.62 2921.77 282.98 448.09 1708.64 2473.68 0
ynao_sd_19830713_0850_chai 24 14 10 4 0 848.38 1617.31 236.63 449.07 611.75 1168.24 0
ynao_sd_19830714_0350_chai 30 19 11 5 0 883.46 1497.17 227.11 404.87 656.35 1092.3 0
ynao_sd_19830716_0740_chai 44 33 11 7 0 842.03 1080.22 328.37 412.97 513.66 667.25 0
ynao_sd_19830718_0100_hong 57 46 11 5 0 716.15 1013.22 372.45 478.64 343.7 534.58 0
ynao_sd_19830719_0420_hong 43 39 4 2 0 474.67 514.52 251.4 278.49 223.27 236.03 0
ynao_sd_19830720_0650_hong 69 63 6 3 0 673.59 759.01 396.78 458.74 276.81 300.27 0
ynao_sd_19830721_0040_hong 82 72 10 7 0 825.04 975.12 456.02 558.93 369.02 416.19 0
ynao_sd_19830721_0110_hong 72 51 21 9 0 1081.74 1353.74 366.4 472.56 715.34 881.18 0
ynao_sd_19830724_0110_hong 73 66 7 7 0 851.27 1178.63 448.21 661.76 403.06 516.87 0
ynao_sd_19830725_0110_li 55 46 9 5 0 863.95 1250.85 358.91 494.16 505.04 756.69 0
ynao_sd_19830726_0050_li 38 31 7 4 0 663.99 1286.47 257.24 454.5 406.75 831.97 0
ynao_sd_19830727_0210_li 19 17 2 2 0 215.75 522.27 134.17 265.0 81.58 257.27 0
ynao_sd_19830728_0110_li 12 9 3 3 0 232.16 918.79 113.05 303.79 119.11 615.0 0
ynao_sd_19830729_0830_li 22 17 5 4 0 996.16 2359.65 202.69 427.49 793.47 1932.16 0
ynao_sd_19830803_0650_chai 82 74 8 5 0 1516.35 1660.65 690.14 779.0 826.21 881.65 0
ynao_sd_19830804_1005_chai 75 69 6 5 0 1362.58 1642.46 546.36 676.89 816.22 965.57 0
ynao_sd_19830805_0230_chai 55 50 5 3 0 1156.57 1397.64 458.51 606.95 698.06 790.69 0
ynao_sd_19830806_0140_chai 28 24 4 4 0 873.03 1127.8 243.81 320.89 629.22 806.91 0
ynao_sd_19830807_0020_li 22 19 3 3 0 616.12 941.11 220.74 329.83 395.38 611.28 0
ynao_sd_19830808_0040_hong 49 42 7 7 0 834.77 2405.17 335.86 891.88 498.91 1513.29 0
ynao_sd_19830809_0640_hong 42 26 16 9 0 939.65 2071.45 264.93 560.59 674.72 1510.86 0
ynao_sd_19830812_0140_hong 84 70 14 8 0 1404.71 1663.88 473.04 584.99 931.67 1078.89 0
ynao_sd_19830813_0210_hong 88 70 18 9 0 1455.47 1630.15 533.67 634.37 921.8 995.78 0
ynao_sd_19830814_0120_hong 64 48 16 7 0 1267.71 1387.49 403.43 437.67 864.28 949.82 0
ynao_sd_19830815_0650_li 51 40 11 7 0 807.4 922.68 282.4 319.08 525.0 603.6 0
ynao_sd_19830816_0150_li 35 27 8 7 0 538.51 656.9 194.87 232.79 343.64 424.11 0
ynao_sd_19830817_0115_li 32 27 5 5 0 437.92 600.12 231.66 307.47 206.26 292.65 0
ynao_sd_19830818_0345_li 30 26 4 3 0 303.56 544.92 220.87 384.75 82.69 160.17 0
ynao_sd_19830819_0230_li 36 35 1 1 0 266.69 421.21 231.94 344.68 34.75 76.53 0
ynao_sd_19830821_0100_li 16 15 1 1 0 122.64 188.32 99.08 152.53 23.56 35.79 0
ynao_sd_19830822_0100_hong 21 21 0 0 0 153.09 213.16 153.09 213.16 0 0 0
ynao_sd_19830824_0050_hong 17 15 2 3 0 167.99 378.79 89.46 148.16 78.53 230.63 0
ynao_sd_19830826_0030_hong 22 21 1 1 0 225.46 410.74 131.96 185.04 93.5 225.7 0
ynao_sd_19830827_0300_hong 20 19 1 1 0 282.2 398.39 138.65 169.14 143.55 229.25 0
ynao_sd_19830829_0450_chai 14 13 1 1 0 301.58 346.63 122.35 145.52 179.23 201.11 0
ynao_sd_19830831_0600_chai 9 7 2 2 0 344.42 479.66 87.78 131.67 256.64 347.99 0
ynao_sd_19830901_0005_chai 19 14 5 3 0 999.9 3579.94 134.0 268.39 865.9 3311.55 0
ynao_sd_19830902_0810_wang 22 16 6 4 0 495.09 1140.36 155.81 280.92 339.28 859.44 0
ynao_sd_19830903_0020_chai 30 28 2 2 0 355.38 587.12 192.88 372.75 162.5 214.37 0
ynao_sd_19830904_0030_chai 20 17 3 3 0 307.96 702.21 174.99 500.05 132.97 202.16 0
ynao_sd_19830905_0735_chai 35 30 5 5 0 550.72 936.14 195.08 290.06 355.64 646.08 0
ynao_sd_19830906_0630_chai 43 35 8 6 0 699.42 1111.13 247.42 333.65 452.0 777.48 0
ynao_sd_19830907_0605_chai 29 17 12 5 0 594.2 751.88 217.06 273.64 377.14 478.24 0
ynao_sd_19830908_0330_chai 37 31 6 5 0 532.51 699.67 239.67 304.49 292.84 395.18 0
ynao_sd_19830909_0530_chai 52 46 6 4 0 582.89 904.16 287.25 393.81 295.64 510.35 0
ynao_sd_19830911_0005_chai 14 13 1 1 0 140.19 157.98 93.14 108.21 47.05 49.77 0
ynao_sd_19830912_0140_li 9 9 0 0 0 51.96 64.14 51.96 64.14 0 0 0
ynao_sd_19830913_0145_li 13 13 0 0 0 74.2 94.86 74.2 94.86 0 0 0
ynao_sd_19830915_0400_li 16 13 3 3 0 244.59 297.95 80.9 111.88 163.69 186.07 0
ynao_sd_19830916_0310_li 27 19 8 4 0 314.87 349.74 138.47 161.05 176.4 188.69 0
ynao_sd_19830918_0950_wang 47 43 4 3 0 387.41 597.3 210.24 286.51 177.17 310.79 0
ynao_sd_19830919_0330_hong 27 24 3 2 0 302.91 491.83 169.21 288.63 133.7 203.2 0
ynao_sd_19830920_0430_hong 12 8 4 3 0 208.22 297.57 70.49 99.46 137.73 198.11 0
ynao_sd_19830921_0410_hong 16 13 3 2 0 213.04 300.32 117.96 186.97 95.08 113.35 0
ynao_sd_19830922_0140_hong 13 8 5 3 0 271.22 1084.03 107.02 306.66 164.2 777.37 0
ynao_sd_19830923_0130_hong 26 20 6 3 1 650.7 2356.07 202.74 575.72 447.96 1780.35 229.82
ynao_sd_19830924_0030_hong 32 22 10 6 0 1107.14 2389.02 264.0 526.14 843.14 1862.88 0
ynao_sd_19830925_0100_hong 32 17 15 4 0 1000.43 1552.69 255.88 390.48 744.55 1162.21 0
ynao_sd_19830926_0200_chai 39 23 16 5 0 1327.07 1742.66 344.45 456.4 982.62 1286.26 0
ynao_sd_19830927_0650_chai 50 33 17 8 0 1544.29 2073.5 476.01 781.24 1068.28 1292.26 0
ynao_sd_19830929_0340_chai 48 41 7 5 0 1291.32 1490.11 417.29 514.96 874.03 975.15 0
ynao_sd_19830930_0240_chai 34 22 12 4 0 1206.16 1427.14 274.76 324.97 931.4 1102.17 0
ynao_sd_19831001_0040_li 21 12 9 4 0 893.54 1178.34 170.77 216.26 722.77 962.08 0
ynao_sd_19831002_0710_cai 25 12 13 5 0 913.06 2106.89 191.63 593.34 721.43 1513.55 0
ynao_sd_19831003_0250_cai 40 19 21 10 0 1197.71 3393.78 261.19 688.78 936.52 2705.0 0
ynao_sd_19831004_0630_cai 43 26 17 7 0 1242.95 3030.38 326.12 770.4 916.83 2259.98 0
ynao_sd_19831005_0710_li 28 12 16 7 0 1238.9 1821.04 188.99 267.97 1049.91 1553.07 0
ynao_sd_19831006_0330_li 42 29 13 6 0 1283.9 1600.13 310.05 386.4 973.85 1213.73 0
ynao_sd_19831008_0125_li 59 43 16 7 0 1636.08 1743.09 432.3 463.92 1203.78 1279.17 0
ynao_sd_19831009_0105_li 76 65 11 6 0 1825.0 1905.4 452.69 496.75 1372.31 1408.65 0
ynao_sd_19831010_0040_cai 112 101 11 6 0 1747.1 1908.76 735.05 810.95 1012.05 1097.81 0
ynao_sd_19831011_0110_cai 92 79 13 9 0 1672.04 2107.45 663.7 817.58 1008.34 1289.87 0
ynao_sd_19831012_0130_cai 96 77 19 9 0 1679.14 2507.18 642.6 930.85 1036.54 1576.33 0
ynao_sd_19831013_0120_cai 61 45 16 10 0 1403.36 2290.12 460.17 725.6 943.19 1564.52 0
ynao_sd_19831014_0150_cai 39 25 14 9 0 1374.29 2085.97 350.78 530.91 1023.51 1555.06 0
ynao_sd_19831015_0200_cai 50 33 17 11 0 1557.37 2082.7 421.25 636.27 1136.12 1446.43 0
ynao_sd_19831017_0110_hong 42 25 17 7 0 1027.56 1419.37 371.71 547.09 655.85 872.28 0
ynao_sd_19831018_0120_hong 52 37 15 4 0 1145.38 2038.25 382.76 610.46 762.62 1427.79 0
ynao_sd_19831019_0140_hong 28 23 5 4 0 609.92 1665.09 199.99 403.79 409.93 1261.3 0
ynao_sd_19831020_0150_hong 13 11 2 1 0 189.66 231.76 77.15 94.3 112.51 137.46 0
ynao_sd_19831021_0230_hong 9 8 1 1 0 118.37 211.91 59.55 124.47 58.82 87.44 0
ynao_sd_19831022_0410_hong 5 5 0 0 0 35.86 54.4 35.86 54.4 0 0 0
ynao_sd_19831023_0200_hong 6 6 0 0 0 37.3 56.97 37.3 56.97 0 0 0
ynao_sd_19831024_0110_li 3 3 0 0 0 13.59 17.75 13.59 17.75 0 0 0
ynao_sd_19831025_0030_li 3 3 0 0 0 25.79 36.77 25.79 36.77 0 0 0
ynao_sd_19831026_0635_li 6 6 0 0 0 31.53 60.64 31.53 60.64 0 0 0
ynao_sd_19831027_0450_li 13 13 0 0 0 212.95 238.28 212.95 238.28 0 0 0
ynao_sd_19831028_0510_li 2 2 0 0 0 19.12 22.15 19.12 22.15 0 0 0
ynao_sd_19831030_0720_li 3 3 0 0 0 16.61 24.5 16.61 24.5 0 0 0
ynao_sd_19831031_0105_cai 11 11 0 0 0 53.96 66.52 53.96 66.52 0 0 0
ynao_sd_19831101_0130_cai 14 14 0 0 0 65.31 84.44 65.31 84.44 0 0 0
ynao_sd_19831102_0240_cai 8 8 0 0 0 88.6 302.64 88.6 302.64 0 0 0
ynao_sd_19831103_0605_cai 11 8 3 3 0 284.49 810.14 103.5 257.5 180.99 552.64 0
ynao_sd_19831105_0250_cai 39 34 5 5 0 1153.88 3138.3 301.88 548.2 852.0 2590.1 0
ynao_sd_19831106_0010_cai 40 34 6 5 0 660.86 883.45 359.34 503.66 301.52 379.79 0
ynao_sd_19831107_0530_cai 24 20 4 4 0 439.07 498.78 162.57 188.29 276.5 310.49 0
ynao_sd_19831112_0100_cai 14 7 7 2 0 208.88 326.06 96.79 142.33 112.09 183.73 0
ynao_sd_19831113_0150_cai 5 0 5 1 0 946.78 1998.12 58.7 108.98 888.08 1889.14 0
ynao_sd_19831114_0050_cai 33 28 5 3 0 389.71 778.13 180.7 385.04 209.01 393.09 0
ynao_sd_19831115_0140_hong 14 14 0 0 0 96.49 112.58 96.49 112.58 0 0 0
ynao_sd_19831116_0120_hong 47 47 0 0 0 273.58 310.1 273.58 310.1 0 0 0
ynao_sd_19831117_0220_hong 24 20 4 4 0 257.44 304.04 126.17 153.82 131.27 150.22 0
ynao_sd_19831118_0200_hong 29 27 2 2 0 230.18 293.02 166.42 201.08 63.76 91.94 0
ynao_sd_19831119_0050_hong 20 19 1 1 0 177.17 271.38 134.55 183.09 42.62 88.29 0
ynao_sd_19831120_0030_hong 8 8 0 0 0 56.99 124.7 56.99 124.7 0 0 0
ynao_sd_19831121_0130_li 1 1 0 0 0 6.17 6.72 6.17 6.72 0 0 0
ynao_sd_19831122_0040_li 6 6 0 0 0 59.84 122.66 59.84 122.66 0 0 0
ynao_sd_19831123_0100_li 3 3 0 0 0 41.99 74.46 41.99 74.46 0 0 0
ynao_sd_19831125_0230_li 6 6 0 0 0 35.9 45.8 35.9 45.8 0 0 0
ynao_sd_19831126_0400_li 0 0 0 0 0 0 0 0 0 0 0 0
ynao_sd_19831127_0110_wang 0 0 0 0 0 0 0 0 0 0 0 0
ynao_sd_19831128_0145_wang 10 10 0 0 0 45.77 137.06 45.77 137.06 0 0 0
ynao_sd_19831129_0030_wang 9 9 0 0 0 77.14 155.19 77.14 155.19 0 0 0
ynao_sd_19831130_0040_wang 19 19 0 0 0 90.33 158.41 90.33 158.41 0 0 0
ynao_sd_19831201_0050_wang 18 18 0 0 0 87.44 119.04 87.44 119.04 0 0 0
ynao_sd_19831202_0100_wang 19 19 0 1 0 788.79 828.73 82.75 98.38 706.04 730.35 0
ynao_sd_19831203_0100_wang 10 10 0 0 0 46.01 48.52 46.01 48.52 0 0 0
ynao_sd_19831204_0100_wang 10 10 0 0 0 47.5 56.43 47.5 56.43 0 0 0
ynao_sd_19831205_0120_cai 9 8 1 2 0 390.19 528.67 60.04 156.2 330.15 372.47 0
ynao_sd_19831206_0550_li 18 17 1 1 0 170.64 314.6 152.23 270.25 18.41 44.35 0
ynao_sd_19831207_0540_li 24 22 2 1 0 188.03 288.7 146.29 217.26 41.74 71.44 0
ynao_sd_19831208_0540_li 28 24 4 3 0 262.07 339.6 153.84 196.34 108.23 143.26 0
ynao_sd_19831209_0440_li 38 33 5 4 0 295.32 398.67 198.58 243.19 96.74 155.48 0
ynao_sd_19831210_0035_li 56 47 9 5 0 459.85 555.29 301.19 357.69 158.66 197.6 0
ynao_sd_19831211_0520_li 46 44 2 2 0 409.68 495.03 302.01 351.92 107.67 143.11 0
ynao_sd_19831212_0230_hong 67 61 6 5 0 548.06 691.36 350.91 430.59 197.15 260.77 0
ynao_sd_19831213_0105_hong 60 58 2 2 0 397.75 514.09 301.25 412.43 96.5 101.66 0
ynao_sd_19831214_0050_hong 39 36 3 3 0 330.27 414.34 212.02 280.49 118.25 133.85 0
ynao_sd_19831215_0105_hong 39 37 2 1 0 239.73 310.37 184.85 254.25 54.88 56.12 0
ynao_sd_19831216_0100_hong 39 38 1 1 0 253.63 359.28 226.1 329.04 27.53 30.24 0
ynao_sd_19831217_0110_hong 29 23 6 6 0 422.59 545.91 166.11 202.22 256.48 343.69 0
ynao_sd_19831218_0120_hong 31 29 2 4 0 449.45 615.41 201.59 251.54 247.86 363.87 0
ynao_sd_19831219_0050_cai 29 25 4 2 0 1172.22 2021.68 232.73 289.0 939.49 1732.68 0
ynao_sd_19831220_0050_cai 21 19 2 2 0 386.34 419.99 166.93 195.61 219.41 224.38 0
ynao_sd_19831221_0030_cai 21 20 1 1 0 344.16 373.94 173.88 186.78 170.28 187.16 0
ynao_sd_19831222_0040_cai 14 13 1 1 0 256.02 318.81 100.14 121.04 155.88 197.77 0
ynao_sd_19831223_0235_cai 13 10 3 2 0 764.28 1648.0 86.44 138.04 677.84 1509.96 0
ynao_sd_19831225_0720_cai 7 7 0 0 0 42.27 90.57 42.27 90.57 0 0 0
ynao_sd_19831229_0450_wang 5 5 0 0 0 26.08 30.42 26.08 30.42 0 0 0
ynao_sd_19831230_0200_wang 8 8 0 0 0 45.46 48.26 45.46 48.26 0 0 0
ynao_sd_19831231_0205_wang 2 2 0 0 0 10.69 11.06 10.69 11.06 0 0 0
