ynao_sd_19850101_0140_chai 3 2 1 1 0 580.62 803.46 25.64 31.02 554.98 772.44 0
ynao_sd_19850102_0130_chai 1 1 0 0 0 2.21 15.56 2.21 15.56 0 0 0
ynao_sd_19850103_0910_li 0 0 0 0 0 0 0 0 0 0 0 0
ynao_sd_19850104_0100_chai 0 0 0 0 0 0 0 0 0 0 0 0
ynao_sd_19850105_0100_chai 0 0 0 0 0 0 0 0 0 0 0 0
ynao_sd_19850106_0100_chai 0 0 0 0 0 0 0 0 0 0 0 0
ynao_sd_19850107_0100_hong 0 0 0 0 0 0 0 0 0 0 0 0
ynao_sd_19850108_0110_hong 0 0 0 0 0 0 0 0 0 0 0 0
ynao_sd_19850109_0105_hong 3 3 0 0 0 19.3 25.82 19.3 25.82 0 0 0
ynao_sd_19850110_0220_hong 3 3 0 0 0 11.61 16.34 11.61 16.34 0 0 0
ynao_sd_19850111_0100_hong 0 0 0 0 0 0 0 0 0 0 0 0
ynao_sd_19850112_0120_hong 2 2 0 0 0 32.12 67.7 32.12 67.7 0 0 0
ynao_sd_19850113_0220_hong 8 8 0 0 0 45.4 57.15 45.4 57.15 0 0 0
ynao_sd_19850114_0110_li 15 13 2 1 0 190.63 191.78 113.24 113.87 77.39 77.91 0
ynao_sd_19850115_0150_li 10 8 2 1 0 168.41 170.92 93.87 95.3 74.54 75.62 0
ynao_sd_19850116_0120_li 18 16 2 1 0 190.06 204.6 128.48 138.55 61.58 66.05 0
ynao_sd_19850117_0120_li 26 22 4 3 0 274.64 372.03 183.14 260.76 91.5 111.27 0
ynao_sd_19850118_0050_li 20 16 4 2 0 208.15 306.56 106.87 160.3 101.28 146.26 0
ynao_sd_19850119_0145_li 19 19 0 0 0 155.36 308.54 155.36 308.54 0 0 0
ynao_sd_19850120_0105_li 28 24 4 1 0 312.06 434.28 205.59 323.29 106.47 110.99 0
ynao_sd_19850121_0100_wang 33 19 14 4 0 1194.69 1348.64 234.88 269.68 959.81 1078.96 0
ynao_sd_19850122_0100_wang 31 20 11 3 0 1072.87 1394.26 263.64 330.94 809.23 1063.32 0
ynao_sd_19850123_0045_wang 22 12 10 4 0 593.82 964.98 149.09 230.08 444.73 734.9 0
ynao_sd_19850124_0120_wang 19 12 7 2 0 362.13 830.49 123.86 246.62 238.27 583.87 0
ynao_sd_19850125_0140_wang 6 4 2 2 0 157.79 655.78 50.42 154.42 107.37 501.36 0
ynao_sd_19850126_0200_wang 1 1 0 0 0 6.6 9.33 6.6 9.33 0 0 0
ynao_sd_19850127_0100_wang 1 1 0 0 0 6.24 7.1 6.24 7.1 0 0 0
ynao_sd_19850128_0100_chai 1 1 0 0 0 4.92 5.13 4.92 5.13 0 0 0
ynao_sd_19850130_0510_chai 1 1 0 0 0 10.05 12.69 10.05 12.69 0 0 0
ynao_sd_19850131_0100_chai 3 3 0 0 0 29.74 61.42 29.74 61.42 0 0 0
ynao_sd_19850201_0100_chai 6 6 0 0 0 31.01 33.73 31.01 33.73 0 0 0
ynao_sd_19850202_0120_chai 10 9 1 2 0 239.73 277.78 63.17 79.32 176.56 198.46 0
ynao_sd_19850203_0430_chai 16 12 4 3 0 287.76 366.97 118.14 154.27 169.62 212.7 0
ynao_sd_19850204_0105_hong 14 10 4 2 0 170.47 244.84 74.6 102.98 95.87 141.86 0
ynao_sd_19850205_0050_hong 7 5 2 2 0 107.14 200.66 41.92 76.6 65.22 124.06 0
ynao_sd_19850206_0120_hong 5 5 0 0 0 38.95 87.08 38.95 87.08 0 0 0
ynao_sd_19850207_0105_hong 1 1 0 0 0 12.12 52.46 12.12 52.46 0 0 0
ynao_sd_19850208_0050_hong 3 3 0 0 0 16.2 26.48 16.2 26.48 0 0 0
ynao_sd_19850209_0045_hong 4 3 1 1 0 52.18 149.16 29.35 54.96 22.83 94.2 0
ynao_sd_19850210_0120_hong 11 10 1 1 0 114.91 203.85 80.96 127.39 33.95 76.46 0
ynao_sd_19850211_0120_wang 6 5 1 1 0 76.16 112.78 31.97 43.77 44.19 69.01 0
ynao_sd_19850212_0105_wang 2 1 1 1 0 77.98 97.62 14.14 17.66 63.84 79.96 0
ynao_sd_19850213_0105_wang 4 3 1 1 0 63.8 70.07 22.29 24.58 41.51 45.49 0
ynao_sd_19850214_0050_wang 5 4 1 1 0 74.69 96.8 30.14 51.27 44.55 45.53 0
ynao_sd_19850215_0100_wang 6 6 0 0 0 44.75 44.86 44.75 44.86 0 0 0
ynao_sd_19850216_0430_wang 1 1 0 0 0 4.76 4.99 4.76 4.99 0 0 0
ynao_sd_19850217_0610_wang 2 2 0 0 0 12.08 15.03 12.08 15.03 0 0 0
ynao_sd_19850218_0120_chai 2 2 0 0 0 12.87 16.98 12.87 16.98 0 0 0
ynao_sd_19850219_0120_chai 3 3 0 0 0 14.92 14.94 14.92 14.94 0 0 0
ynao_sd_19850220_0420_chai 11 7 4 3 0 279.67 729.88 113.29 240.88 166.38 489.0 0
ynao_sd_19850221_0800_chai 12 6 6 4 0 541.26 1007.35 154.13 273.2 387.13 734.15 0
ynao_sd_19850222_0130_chai 12 9 3 2 0 325.47 477.9 159.12 237.8 166.35 240.1 0
ynao_sd_19850223_0120_hong 14 12 2 1 0 297.18 362.12 105.61 134.18 191.57 227.94 0
ynao_sd_19850224_0040_chai 9 6 3 1 0 223.1 239.79 67.43 73.07 155.67 166.72 0
ynao_sd_19850225_0120_chai 7 6 1 1 0 184.96 190.66 75.28 78.79 109.68 111.87 0
ynao_sd_19850226_0130_hong 8 6 2 1 0 160.02 163.48 56.62 57.6 103.4 105.88 0
ynao_sd_19850309_0100_li 3 3 0 0 0 21.64 32.8 21.64 32.8 0 0 0
ynao_sd_19850310_0150_li 3 3 0 0 0 19.47 29.73 19.47 29.73 0 0 0
ynao_sd_19850311_0830_hong 7 7 0 0 0 34.55 43.02 34.55 43.02 0 0 0
ynao_sd_19850312_0350_hong 4 4 0 0 0 26.73 38.34 26.73 38.34 0 0 0
ynao_sd_19850316_0530_hong 0 0 0 0 0 0 0 0 0 0 0 0
ynao_sd_19850317_0200_hong 5 5 0 0 0 27.9 37.8 27.9 37.8 0 0 0
ynao_sd_19850318_0350_wang 15 15 0 0 0 100.06 122.78 100.06 122.78 0 0 0
ynao_sd_19850320_0345_wang 9 9 0 0 0 50.57 51.85 50.57 51.85 0 0 0
ynao_sd_19850321_0615_wang 3 3 0 0 0 20.36 22.74 20.36 22.74 0 0 0
ynao_sd_19850322_0050_wang 2 2 0 0 0 11.78 13.18 11.78 13.18 0 0 0
ynao_sd_19850323_0105_wang 7 4 3 1 0 223.74 731.02 52.14 175.07 171.6 555.95 0
ynao_sd_19850324_0150_hong 13 6 7 2 0 381.77 744.78 91.56 168.87 290.21 575.91 0
ynao_sd_19850325_0040_li 12 8 4 2 0 480.73 711.75 82.87 120.66 397.86 591.09 0
ynao_sd_19850326_0040_li 12 9 3 1 0 557.32 680.54 100.49 126.17 456.83 554.37 0
ynao_sd_19850327_0040_li 13 8 5 1 0 522.5 569.01 90.46 100.3 432.04 468.71 0
ynao_sd_19850328_0040_li 14 10 4 1 0 410.36 423.31 104.44 108.78 305.92 314.53 0
ynao_sd_19850329_0055_li 12 7 5 2 0 343.41 374.28 99.26 123.05 244.15 251.23 0
ynao_sd_19850331_0750_li 5 3 2 2 0 237.93 328.93 71.5 119.11 166.43 209.82 0
ynao_sd_19850401_0100_hong 12 10 2 2 0 237.62 347.01 82.68 120.26 154.94 226.75 0
ynao_sd_19850402_0050_hong 7 5 2 2 0 186.95 358.48 51.05 96.59 135.9 261.89 0
ynao_sd_19850403_0050_hong 9 8 1 1 0 118.5 298.06 60.2 113.41 58.3 184.65 0
ynao_sd_19850404_0040_hong 9 9 0 0 0 65.85 100.33 65.85 100.33 0 0 0
ynao_sd_19850405_0040_hong 11 11 0 0 0 110.94 143.83 110.94 143.83 0 0 0
ynao_sd_19850406_0000_hong 9 9 0 0 0 64.05 73.67 64.05 73.67 0 0 0
ynao_sd_19850407_0003_hong 8 8 0 0 0 47.48 50.63 47.48 50.63 0 0 0
ynao_sd_19850408_0020_wang 1 1 0 0 0 18.27 41.13 18.27 41.13 0 0 0
ynao_sd_19850409_0010_wang 1 1 0 0 0 7.84 8.03 7.84 8.03 0 0 0
ynao_sd_19850410_0010_wang 0 0 0 0 0 0 0 0 0 0 0 0
ynao_sd_19850411_0120_wang 6 6 0 0 0 48.49 95.01 48.49 95.01 0 0 0
ynao_sd_19850412_0010_wang 1 1 0 0 0 14.75 20.24 14.75 20.24 0 0 0
ynao_sd_19850413_0040_wang 0 0 0 0 0 0 0 0 0 0 0 0
ynao_sd_19850414_0710_hong 2 2 0 0 0 42.62 87.43 42.62 87.43 0 0 0
ynao_sd_19850415_0640_hong 0 0 0 0 0 0 0 0 0 0 0 0
ynao_sd_19850416_0120_hong 2 2 0 0 0 32.79 65.54 32.79 65.54 0 0 0
ynao_sd_19850417_0110_hong 0 0 0 0 0 0 0 0 0 0 0 0
ynao_sd_19850418_0810_hong 2 2 0 0 0 20.22 52.55 20.22 52.55 0 0 0
ynao_sd_19850419_0040_hong 6 6 0 0 0 34.97 59.15 34.97 59.15 0 0 0
ynao_sd_19850420_0040_hong 4 4 0 0 0 44.51 84.52 44.51 84.52 0 0 0
ynao_sd_19850421_0200_hong 7 7 0 0 0 47.06 108.76 47.06 108.76 0 0 0
ynao_sd_19850422_0330_wang 33 27 6 3 0 599.22 1020.64 229.16 405.74 370.06 614.9 0
ynao_sd_19850423_0140_wang 32 21 11 4 0 1046.63 1389.57 263.41 350.94 783.22 1038.63 0
ynao_sd_19850424_0920_wang 38 20 18 3 0 1965.11 2172.9 471.25 524.01 1493.86 1648.89 0
ynao_sd_19850425_0110_wang 27 14 13 2 0 1621.54 1692.75 299.62 313.41 1321.92 1379.34 0
ynao_sd_19850426_0925_wang 34 11 23 4 0 1652.57 1755.93 354.2 438.38 1298.37 1317.55 0
ynao_sd_19850427_0305_wang 36 18 18 3 0 1446.83 1509.74 300.36 313.49 1146.47 1196.25 0
ynao_sd_19850428_0805_hong 19 10 9 2 0 1071.6 1225.27 192.49 220.33 879.11 1004.94 0
ynao_sd_19850429_0200_hong 27 18 9 2 0 820.89 1078.3 197.56 259.28 623.33 819.02 0
ynao_sd_19850430_0150_hong 27 19 8 4 0 660.53 1067.5 184.73 304.88 475.8 762.62 0
ynao_sd_19850501_0105_hong 11 5 6 2 0 496.3 1138.15 95.15 188.61 401.15 949.54 0
ynao_sd_19850502_0040_hong 9 5 4 2 0 220.82 908.63 56.75 220.52 164.07 688.11 0
ynao_sd_19850503_0040_hong 4 4 0 0 0 24.67 54.68 24.67 54.68 0 0 0
ynao_sd_19850504_0030_hong 6 6 0 0 0 49.96 76.18 49.96 76.18 0 0 0
ynao_sd_19850505_0120_hong 5 5 0 0 0 37.55 46.11 37.55 46.11 0 0 0
ynao_sd_19850506_0050_li 4 4 0 0 0 25.25 28.69 25.25 28.69 0 0 0
ynao_sd_19850507_0100_li 4 4 0 0 0 59.12 232.88 59.12 232.88 0 0 0
ynao_sd_19850508_0130_li 25 20 5 2 0 591.27 1565.44 234.55 436.58 356.72 1128.86 0
ynao_sd_19850509_0250_li 20 15 5 2 0 751.23 1334.68 176.89 285.5 574.34 1049.18 0
ynao_sd_19850510_0040_li 16 9 7 3 0 865.35 1294.99 176.63 266.84 688.72 1028.15 0
ynao_sd_19850511_0210_li 25 19 6 3 0 1011.78 1247.29 253.75 331.9 758.03 915.39 0
ynao_sd_19850512_0040_li 26 20 6 3 0 1045.56 1137.7 258.87 283.89 786.69 853.81 0
ynao_sd_19850513_0020_wang 35 31 4 2 0 999.4 1024.0 252.48 259.97 746.92 764.03 0
ynao_sd_19850514_0040_wang 35 33 2 2 0 1003.42 1021.24 279.69 285.33 723.73 735.91 0
ynao_sd_19850515_0040_wang 19 18 1 2 0 921.15 1278.05 331.04 650.14 590.11 627.91 0
ynao_sd_19850516_0010_wang 21 18 3 2 0 753.92 995.79 197.81 246.28 556.11 749.51 0
ynao_sd_19850517_0100_wang 13 10 3 3 0 736.8 1536.75 111.51 187.46 625.29 1349.29 0
ynao_sd_19850518_0105_wang 16 11 5 3 0 714.2 1361.49 176.73 352.09 537.47 1009.4 0
ynao_sd_19850519_0240_li 10 5 5 4 0 474.03 894.43 161.2 286.19 312.83 608.24 0
ynao_sd_19850525_0845_hong 2 1 1 1 0 89.27 148.78 23.73 35.67 65.54 113.11 0
ynao_sd_19850526_0950_hong 1 0 1 1 0 37.65 96.85 8.16 21.07 29.49 75.78 0
ynao_sd_19850527_0200_li 2 2 0 0 0 15.6 45.19 15.6 45.19 0 0 0
ynao_sd_19850528_0030_li 0 0 0 0 0 0 0 0 0 0 0 0
ynao_sd_19850529_0015_li 0 0 0 0 0 0 0 0 0 0 0 0
ynao_sd_19850530_0100_li 6 6 0 0 0 38.96 48.68 38.96 48.68 0 0 0
ynao_sd_19850531_0035_li 2 2 0 0 0 11.62 17.2 11.62 17.2 0 0 0
ynao_sd_19850601_0045_li 0 0 0 0 0 0 0 0 0 0 0 0
ynao_sd_19850602_0150_li 2 2 0 0 0 34.55 40.43 34.55 40.43 0 0 0
ynao_sd_19850603_0100_wang 1 1 0 0 0 6.19 24.64 6.19 24.64 0 0 0
ynao_sd_19850604_0110_wang 8 5 3 2 0 152.67 577.39 44.34 149.33 108.33 428.06 0
ynao_sd_19850605_0240_wang 20 18 2 2 0 343.67 751.71 116.87 258.89 226.8 492.82 0
ynao_sd_19850607_0850_wang 23 17 6 3 0 688.16 1025.7 183.4 288.66 504.76 737.04 0
ynao_sd_19850608_0340_wang 22 18 4 3 0 808.19 1059.98 223.4 298.34 584.79 761.64 0
ynao_sd_19850609_0050_li 23 19 4 2 0 749.14 865.98 225.74 266.7 523.4 599.28 0
ynao_sd_19850610_0300_hong 29 26 3 2 0 914.37 988.15 313.34 344.42 601.03 643.73 0
ynao_sd_19850611_0200_hong 52 50 2 2 0 977.49 1049.66 416.76 457.75 560.73 591.91 0
ynao_sd_19850612_0210_hong 32 29 3 2 0 835.33 927.49 274.33 310.86 561.0 616.63 0
ynao_sd_19850614_0810_hong 13 11 2 2 0 529.79 785.7 145.42 224.11 384.37 561.59 0
ynao_sd_19850619_0200_li 1 1 0 0 0 5.0 6.07 5.0 6.07 0 0 0
ynao_sd_19850620_0250_li 3 3 0 0 0 20.07 21.74 20.07 21.74 0 0 0
ynao_sd_19850621_0520_li 2 2 0 0 0 17.16 21.46 17.16 21.46 0 0 0
ynao_sd_19850622_0140_li 3 3 0 0 0 42.16 61.98 42.16 61.98 0 0 0
ynao_sd_19850623_0035_li 2 2 0 0 0 9.84 19.77 9.84 19.77 0 0 0
ynao_sd_19850624_0320_li 4 4 0 0 0 38.38 41.21 38.38 41.21 0 0 0
ynao_sd_19850625_0845_wang 6 6 0 0 0 29.21 33.85 29.21 33.85 0 0 0
ynao_sd_19850627_0720_li 7 7 0 0 0 81.18 157.2 81.18 157.2 0 0 0
ynao_sd_19850629_0635_li 2 1 1 1 0 54.36 178.2 13.95 35.01 40.41 143.19 0
ynao_sd_19850630_0640_li 3 2 1 1 0 83.82 173.35 26.86 55.76 56.96 117.59 0
ynao_sd_19850701_0050_li 6 4 2 2 0 182.3 438.25 58.76 111.89 123.54 326.36 0
ynao_sd_19850703_0150_hong 21 16 5 3 0 543.5 763.0 164.11 232.58 379.39 530.42 0
ynao_sd_19850704_0300_wang 21 19 2 2 0 439.57 529.83 153.7 194.49 285.87 335.34 0
ynao_sd_19850705_0740_li 21 18 3 3 0 452.0 501.55 177.28 202.63 274.72 298.92 0
ynao_sd_19850707_0615_wang 51 33 18 5 0 1339.6 1451.28 369.22 398.46 970.38 1052.82 0
ynao_sd_19850708_0840_wang 61 45 16 7 0 1442.52 1648.55 364.47 416.63 1078.05 1231.92 0
ynao_sd_19850709_0330_wang 77 46 31 9 0 1954.28 2417.72 456.2 550.16 1498.08 1867.56 0
ynao_sd_19850710_0230_wang 78 55 23 10 0 1654.52 2347.94 446.36 610.49 1208.16 1737.45 0
ynao_sd_19850711_0140_wang 60 42 18 6 0 1589.64 2761.74 366.11 659.45 1223.53 2102.29 0
ynao_sd_19850712_0455_wang 37 24 13 7 0 874.68 2238.8 228.57 486.97 646.11 1751.83 0
ynao_sd_19850713_0400_wang 12 7 5 2 0 266.81 893.36 88.71 287.5 178.1 605.86 0
ynao_sd_19850714_0020_wang 0 0 0 0 0 0 0 0 0 0 0 0
ynao_sd_19850715_0045_wang 0 0 0 0 0 0 0 0 0 0 0 0
ynao_sd_19850716_0150_wang 0 0 0 1 0 56.72 301.6 0 0 56.72 301.6 0
ynao_sd_19850717_0050_wang 3 2 1 1 0 84.61 213.81 22.29 55.31 62.32 158.5 0
ynao_sd_19850718_0040_wang 3 1 2 1 0 109.68 191.17 22.19 39.16 87.49 152.01 0
ynao_sd_19850719_0050_wang 3 2 1 1 0 147.9 201.2 24.2 32.75 123.7 168.45 0
ynao_sd_19850720_0355_wang 10 8 2 1 0 87.56 101.74 46.49 54.16 41.07 47.58 0
ynao_sd_19850721_0640_wang 8 6 2 1 0 72.63 125.86 42.95 94.08 29.68 31.78 0
ynao_sd_19850722_0940_hong 3 3 0 1 0 63.98 110.7 41.04 86.54 22.94 24.16 0
ynao_sd_19850725_0250_hong 1 1 0 0 0 6.17 7.12 6.17 7.12 0 0 0
ynao_sd_19850726_0310_hong 3 3 0 0 0 44.23 80.79 44.23 80.79 0 0 0
ynao_sd_19850727_0125_hong 3 2 1 1 0 95.67 315.58 43.46 103.15 52.21 212.43 0
ynao_sd_19850728_0205_hong 9 3 6 3 0 175.38 664.63 58.22 197.41 117.16 467.22 0
ynao_sd_19850729_0030_hong 15 10 5 4 0 299.2 639.58 79.52 155.86 219.68 483.72 0
ynao_sd_19850730_0130_hong 25 20 5 3 0 454.61 765.32 151.47 270.04 303.14 495.28 0
ynao_sd_19850731_0530_hong 26 21 5 2 0 440.52 585.07 186.87 251.01 253.65 334.06 0
ynao_sd_19850801_0540_hong 20 16 4 2 0 337.95 384.55 123.23 135.12 214.72 249.43 0
ynao_sd_19850802_0050_hong 21 18 3 1 0 354.26 413.79 153.91 193.72 200.35 220.07 0
ynao_sd_19850803_0310_hong 16 14 2 1 0 322.91 345.23 125.74 136.02 197.17 209.21 0
ynao_sd_19850804_0130_hong 12 9 3 1 0 326.84 386.42 127.56 170.08 199.28 216.34 0
ynao_sd_19850805_0100_wang 18 14 4 1 0 210.76 253.23 83.2 104.72 127.56 148.51 0
ynao_sd_19850806_0055_wang 15 13 2 1 0 176.29 236.09 72.98 97.89 103.31 138.2 0
ynao_sd_19850807_0905_wang 7 6 1 1 0 126.93 241.31 63.09 124.96 63.84 116.35 0
ynao_sd_19850808_0040_wang 11 10 1 1 0 112.78 281.0 69.39 178.18 43.39 102.82 0
ynao_sd_19850809_0015_wang 10 10 0 0 0 73.81 242.54 73.81 242.54 0 0 0
ynao_sd_19850810_0100_wang 6 6 0 0 0 27.47 35.78 27.47 35.78 0 0 0
ynao_sd_19850811_0045_wang 3 3 0 0 0 15.34 34.22 15.34 34.22 0 0 0
ynao_sd_19850812_0510_chai 2 2 0 0 0 25.68 98.3 25.68 98.3 0 0 0
ynao_sd_19850813_0420_li 5 5 0 0 0 49.3 81.54 49.3 81.54 0 0 0
ynao_sd_19850814_0120_chai 3 3 0 0 0 19.01 23.21 19.01 23.21 0 0 0
ynao_sd_19850815_0150_chai 2 2 0 0 0 11.97 16.15 11.97 16.15 0 0 0
ynao_sd_19850816_0100_chai 1 1 0 0 0 3.6 7.71 3.6 7.71 0 0 0
ynao_sd_19850817_0130_chai 2 2 0 0 0 7.35 9.63 7.35 9.63 0 0 0
ynao_sd_19850818_0110_chai 3 3 0 0 0 14.62 15.39 14.62 15.39 0 0 0
ynao_sd_19850819_0150_li 0 0 0 0 0 0 0 0 0 0 0 0
ynao_sd_19850820_0540_li 3 3 0 0 0 18.72 32.91 18.72 32.91 0 0 0
ynao_sd_19850821_0110_li 3 3 0 0 0 42.66 92.16 42.66 92.16 0 0 0
ynao_sd_19850822_0200_li 0 0 0 0 0 0 0 0 0 0 0 0
ynao_sd_19850823_0055_li 0 0 0 0 0 0 0 0 0 0 0 0
ynao_sd_19850824_0030_li 0 0 0 0 0 0 0 0 0 0 0 0
ynao_sd_19850825_0030_wang 1 1 0 0 0 5.93 7.39 5.93 7.39 0 0 0
ynao_sd_19850826_0330_wang 3 3 0 0 0 14.11 24.57 14.11 24.57 0 0 0
ynao_sd_19850827_0230_li 3 3 0 0 0 43.31 85.34 43.31 85.34 0 0 0
ynao_sd_19850828_0150_li 0 0 0 0 0 0 0 0 0 0 0 0
ynao_sd_19850829_0010_li 1 1 0 0 0 5.52 7.73 5.52 7.73 0 0 0
ynao_sd_19850830_0500_li 0 0 0 0 0 0 0 0 0 0 0 0
ynao_sd_19850831_0040_li 3 3 0 0 0 42.6 73.26 42.6 73.26 0 0 0
ynao_sd_19850901_0200_li 3 3 0 0 0 15.36 15.8 15.36 15.8 0 0 0
ynao_sd_19850902_0415_hong 1 1 0 0 0 21.09 45.44 21.09 45.44 0 0 0
ynao_sd_19850903_0530_hong 0 0 0 0 0 0 0 0 0 0 0 0
ynao_sd_19850904_0330_hong 0 0 0 0 0 0 0 0 0 0 0 0
ynao_sd_19850905_0320_hong 0 0 0 0 0 0 0 0 0 0 0 0
ynao_sd_19850906_0230_hong 1 1 0 0 0 7.63 7.98 7.63 7.98 0 0 0
ynao_sd_19850907_0800_hong 2 2 0 0 0 27.65 53.21 27.65 53.21 0 0 0
ynao_sd_19850908_0420_hong 0 0 0 0 0 0 0 0 0 0 0 0
ynao_sd_19850910_0040_li 0 0 0 0 0 0 0 0 0 0 0 0
ynao_sd_19850911_0230_wang 2 2 0 0 0 11.81 15.89 11.81 15.89 0 0 0
ynao_sd_19850912_0330_wang 1 1 0 0 0 3.82 18.2 3.82 18.2 0 0 0
ynao_sd_19850913_0330_wang 2 2 0 0 0 10.48 41.97 10.48 41.97 0 0 0
ynao_sd_19850914_0330_wang 5 3 2 1 0 92.08 207.91 58.16 130.39 33.92 77.52 0
ynao_sd_19850915_0140_wang 4 3 1 1 0 103.16 173.78 45.93 81.73 57.23 92.05 0
ynao_sd_19850916_0255_wang 2 1 1 1 0 128.2 185.86 35.12 67.51 93.08 118.35 0
ynao_sd_19850917_0040_hong 2 1 1 1 0 155.16 202.7 50.47 84.53 104.69 118.17 0
ynao_sd_19850918_0110_hong 5 4 1 1 0 176.23 187.1 74.14 79.09 102.09 108.01 0
ynao_sd_19850919_0040_hong 9 8 1 1 0 118.28 124.81 47.3 49.77 70.98 75.04 0
ynao_sd_19850920_0020_hong 3 2 1 1 0 35.8 39.93 13.4 14.91 22.4 25.02 0
ynao_sd_19850921_0240_hong 2 2 0 0 0 15.53 19.57 15.53 19.57 0 0 0
ynao_sd_19850922_0330_hong 1 1 0 0 0 5.79 7.22 5.79 7.22 0 0 0
ynao_sd_19850924_0200_hong 0 0 0 0 0 0 0 0 0 0 0 0
ynao_sd_19850925_0020_li 2 2 0 0 0 35.69 69.53 35.69 69.53 0 0 0
ynao_sd_19850926_0300_li 1 1 0 0 0 28.44 58.99 28.44 58.99 0 0 0
ynao_sd_19850928_0310_li 0 0 0 0 0 0 0 0 0 0 0 0
ynao_sd_19850929_0025_li 1 1 0 0 0 27.84 59.61 27.84 59.61 0 0 0
ynao_sd_19850930_0300_li 2 2 0 0 0 12.56 13.55 12.56 13.55 0 0 0
ynao_sd_19851003_0310_wang 0 0 0 0 0 0 0 0 0 0 0 0
ynao_sd_19851004_0030_wang 1 1 0 0 0 4.25 6.27 4.25 6.27 0 0 0
ynao_sd_19851005_0030_wang 0 0 0 0 0 0 0 0 0 0 0 0
ynao_sd_19851006_0100_wang 0 0 0 0 0 0 0 0 0 0 0 0
ynao_sd_19851007_0015_li 0 0 0 0 0 0 0 0 0 0 0 0
ynao_sd_19851008_0030_hong 0 0 0 0 0 0 0 0 0 0 0 0
ynao_sd_19851009_0040_hong 2 2 0 0 0 29.48 58.06 29.48 58.06 0 0 0
ynao_sd_19851010_0110_hong 0 0 0 0 0 0 0 0 0 0 0 0
ynao_sd_19851011_0110_hong 0 0 0 0 0 0 0 0 0 0 0 0
ynao_sd_19851012_0030_hong 0 0 0 0 0 0 0 0 0 0 0 0
ynao_sd_19851013_0510_hong 1 1 0 0 0 18.19 38.69 18.19 38.69 0 0 0
ynao_sd_19851014_0200_wang 3 3 0 0 0 16.6 17.9 16.6 17.9 0 0 0
ynao_sd_19851015_0050_wang 9 9 0 0 0 36.44 39.49 36.44 39.49 0 0 0
ynao_sd_19851016_0030_wang 8 6 2 1 0 145.99 585.81 50.96 186.84 95.03 398.97 0
ynao_sd_19851017_0140_wang 15 12 3 1 0 295.1 652.66 102.98 242.45 192.12 410.21 0
ynao_sd_19851018_0805_wang 14 11 3 1 0 411.04 609.75 126.44 206.36 284.6 403.39 0
ynao_sd_19851019_0340_wang 16 13 3 1 0 558.83 691.21 144.8 190.53 414.03 500.68 0
ynao_sd_19851024_0730_li 57 51 6 3 0 901.48 1043.0 370.66 444.5 530.82 598.5 0
ynao_sd_19851025_0105_li 45 41 4 3 0 705.91 895.84 320.98 411.14 384.93 484.7 0
ynao_sd_19851026_0030_li 20 16 4 3 0 380.26 578.88 140.33 200.81 239.93 378.07 0
ynao_sd_19851027_0150_li 10 7 3 2 0 210.21 449.68 77.03 153.51 133.18 296.17 0
ynao_sd_19851028_0040_hong 4 1 3 2 0 118.97 458.94 22.29 77.87 96.68 381.07 0
ynao_sd_19851029_0030_hong 2 2 0 1 0 81.95 418.89 42.26 204.99 39.69 213.9 0
ynao_sd_19851030_0030_hong 1 1 0 0 0 4.49 11.11 4.49 11.11 0 0 0
ynao_sd_19851031_0200_hong 1 1 0 0 0 3.97 14.09 3.97 14.09 0 0 0
ynao_sd_19851101_0035_hong 1 1 0 0 0 4.84 6.16 4.84 6.16 0 0 0
ynao_sd_19851102_0710_hong 0 0 0 0 0 0 0 0 0 0 0 0
ynao_sd_19851103_0310_hong 0 0 0 0 0 0 0 0 0 0 0 0
ynao_sd_19851104_0030_li 1 1 0 0 0 6.83 8.43 6.83 8.43 0 0 0
ynao_sd_19851105_0105_li 5 5 0 0 0 46.69 100.0 46.69 100.0 0 0 0
ynao_sd_19851106_0100_li 11 11 0 0 0 92.16 105.3 92.16 105.3 0 0 0
ynao_sd_19851107_0045_li 10 10 0 0 0 78.73 106.04 78.73 106.04 0 0 0
ynao_sd_19851108_0045_li 10 9 1 1 0 86.5 147.04 52.98 91.88 33.52 55.16 0
ynao_sd_19851109_0135_li 4 3 1 1 0 87.08 285.02 61.25 180.96 25.83 104.06 0
ynao_sd_19851110_0115_li 6 4 2 1 0 116.12 278.05 68.18 173.2 47.94 104.85 0
ynao_sd_19851111_0040_hong 9 7 2 1 0 152.73 259.15 63.96 120.02 88.77 139.13 0
ynao_sd_19851113_0100_li 8 6 2 2 0 84.82 105.99 42.84 58.95 41.98 47.04 0
ynao_sd_19851115_0410_hong 32 24 8 3 0 510.88 680.69 194.25 267.93 316.63 412.76 0
ynao_sd_19851116_0040_hong 24 18 6 4 0 655.87 745.18 195.81 225.72 460.06 519.46 0
ynao_sd_19851117_0310_hong 29 25 4 2 0 542.38 573.0 194.02 211.49 348.36 361.51 0
ynao_sd_19851118_0105_li 28 27 1 1 0 364.41 377.02 202.01 210.31 162.4 166.71 0
ynao_sd_19851119_0115_li 15 13 2 1 0 241.27 257.55 101.29 106.34 139.98 151.21 0
ynao_sd_19851121_0030_li 8 7 1 1 0 135.68 212.32 79.82 130.42 55.86 81.9 0
ynao_sd_19851122_0115_li 3 3 0 0 0 33.15 65.49 33.15 65.49 0 0 0
ynao_sd_19851123_0115_li 2 2 0 0 0 38.87 94.37 38.87 94.37 0 0 0
ynao_sd_19851125_0220_hong 0 0 0 0 0 0 0 0 0 0 0 0
ynao_sd_19851126_0030_hong 2 2 0 0 0 8.69 21.4 8.69 21.4 0 0 0
ynao_sd_19851127_0035_hong 0 0 0 0 0 0 0 0 0 0 0 0
ynao_sd_19851128_0050_hong 0 0 0 0 0 0 0 0 0 0 0 0
ynao_sd_19851129_0040_hong 0 0 0 0 0 0 0 0 0 0 0 0
ynao_sd_19851130_0340_hong 3 3 0 0 0 39.87 82.27 39.87 82.27 0 0 0
ynao_sd_19851201_0430_hong 0 0 0 0 0 0 0 0 0 0 0 0
ynao_sd_19851202_0155_li 0 0 0 0 0 0 0 0 0 0 0 0
ynao_sd_19851203_0100_li 2 2 0 0 0 15.26 15.61 15.26 15.61 0 0 0
ynao_sd_19851204_0155_li 0 0 0 0 0 0 0 0 0 0 0 0
ynao_sd_19851205_0100_li 3 3 0 0 0 16.23 36.98 16.23 36.98 0 0 0
ynao_sd_19851206_0055_li 6 6 0 0 0 47.19 58.37 47.19 58.37 0 0 0
ynao_sd_19851207_0040_li 5 5 0 0 0 33.81 49.89 33.81 49.89 0 0 0
ynao_sd_19851208_0100_li 1 1 0 0 0 27.1 58.47 27.1 58.47 0 0 0
ynao_sd_19851209_0040_hong 0 0 0 0 0 0 0 0 0 0 0 0
ynao_sd_19851210_0050_hong 5 5 0 0 0 27.33 72.35 27.33 72.35 0 0 0
ynao_sd_19851211_0210_hong 7 5 2 1 0 69.8 140.39 43.57 89.15 26.23 51.24 0
ynao_sd_19851212_0310_hong 3 3 0 0 0 59.63 88.7 59.63 88.7 0 0 0
ynao_sd_19851213_0100_hong 4 3 1 1 0 92.05 109.77 35.99 42.6 56.06 67.17 0
ynao_sd_19851215_0910_hong 16 14 2 1 0 151.34 158.42 121.33 128.29 30.01 30.13 0
ynao_sd_19851216_0645_li 33 31 2 1 0 211.06 216.0 197.76 201.94 13.3 14.06 0
ynao_sd_19851217_0520_li 35 33 2 2 0 318.81 344.41 265.23 290.18 53.58 54.23 0
ynao_sd_19851218_0320_li 30 27 3 2 0 245.76 265.64 187.02 205.71 58.74 59.93 0
ynao_sd_19851219_0330_li 20 20 0 0 0 118.87 136.56 118.87 136.56 0 0 0
ynao_sd_19851220_0225_li 12 12 0 0 0 82.6 109.89 82.6 109.89 0 0 0
ynao_sd_19851221_0100_li 4 4 0 0 0 26.99 42.21 26.99 42.21 0 0 0
ynao_sd_19851222_0245_li 3 3 0 0 0 19.17 43.57 19.17 43.57 0 0 0
ynao_sd_19851223_0050_li 0 0 0 0 0 0 0 0 0 0 0 0
ynao_sd_19851224_0100_li 0 0 0 0 0 0 0 0 0 0 0 0
ynao_sd_19851225_0100_li 2 2 0 0 0 9.81 10.19 9.81 10.19 0 0 0
ynao_sd_19851226_0050_li 4 4 0 0 0 20.38 21.29 20.38 21.29 0 0 0
ynao_sd_19851227_0050_li 3 3 0 0 0 10.98 12.82 10.98 12.82 0 0 0
ynao_sd_19851228_0055_li 1 1 0 0 0 6.07 8.78 6.07 8.78 0 0 0
ynao_sd_19851229_0150_li 0 0 0 0 0 0 0 0 0 0 0 0
ynao_sd_19851230_0150_li 4 4 0 0 0 20.52 26.12 20.52 26.12 0 0 0
