ynao_sd_19860101_0400_li 1 1 0 0 0 6.77 12.65 6.77 12.65 0 0 0
ynao_sd_19860102_0150_li 0 0 0 0 0 0 0 0 0 0 0 0
ynao_sd_19860106_0250_hong 1 1 0 0 0 4.12 9.33 4.12 9.33 0 0 0
ynao_sd_19860107_0230_hong 1 1 0 0 0 8.16 10.15 8.16 10.15 0 0 0
ynao_sd_19860108_0820_hong 0 0 0 0 0 0 0 0 0 0 0 0
ynao_sd_19860109_0705_hong 1 1 0 0 0 6.18 22.81 6.18 22.81 0 0 0
ynao_sd_19860110_0320_hong 1 1 0 0 0 5.21 8.49 5.21 8.49 0 0 0
ynao_sd_19860111_0120_hong 1 1 0 0 0 6.34 6.39 6.34 6.39 0 0 0
ynao_sd_19860112_0430_hong 0 0 0 0 0 0 0 0 0 0 0 0
ynao_sd_19860113_0740_li 9 9 0 0 0 59.42 78.81 59.42 78.81 0 0 0
ynao_sd_19860114_0120_li 10 9 1 1 0 101.71 164.46 65.58 104.23 36.13 60.23 0
ynao_sd_19860115_0140_li 6 5 1 1 0 79.33 186.01 37.5 84.92 41.83 101.09 0
ynao_sd_19860116_0040_li 2 2 0 0 0 33.58 144.47 33.58 144.47 0 0 0
ynao_sd_19860117_0040_li 0 0 0 0 0 0 0 0 0 0 0 0
ynao_sd_19860118_0100_li 0 0 0 0 0 0 0 0 0 0 0 0
ynao_sd_19860119_0100_li 1 1 0 0 0 4.7 5.42 4.7 5.42 0 0 0
ynao_sd_19860120_0105_hong 2 2 0 0 0 12.32 22.32 12.32 22.32 0 0 0
ynao_sd_19860121_0210_hong 0 0 0 0 0 0 0 0 0 0 0 0
ynao_sd_19860122_0100_hong 2 2 0 0 0 13.64 41.74 13.64 41.74 0 0 0
ynao_sd_19860123_0100_hong 0 0 0 0 0 0 0 0 0 0 0 0
ynao_sd_19860124_0040_hong 2 2 0 0 0 40.94 67.67 40.94 67.67 0 0 0
ynao_sd_19860125_0630_hong 1 1 0 0 0 4.42 6.39 4.42 6.39 0 0 0
ynao_sd_19860126_0320_li 1 1 0 0 0 3.15 3.98 3.15 3.98 0 0 0
ynao_sd_19860127_0150_li 1 1 0 0 0 11.98 14.34 11.98 14.34 0 0 0
ynao_sd_19860128_0120_li 1 1 0 0 0 8.6 9.9 8.6 9.9 0 0 0
ynao_sd_19860129_0110_hong 0 0 0 0 0 0 0 0 0 0 0 0
ynao_sd_19860131_0100_li 5 3 2 1 0 150.45 472.67 61.34 150.31 89.11 322.36 0
ynao_sd_19860201_0135_li 7 4 3 1 0 348.42 716.31 65.7 127.3 282.72 589.01 0
ynao_sd_19860203_0100_hong 38 23 15 3 0 1247.43 1591.85 312.15 434.58 935.28 1157.27 0
ynao_sd_19860205_0100_hong 36 10 26 7 0 1558.34 1851.3 278.74 356.77 1279.6 1494.53 0
ynao_sd_19860206_0110_hong 43 21 22 7 0 1293.19 1372.84 316.12 354.79 977.07 1018.05 0
ynao_sd_19860207_0120_wang 39 19 20 9 0 939.16 994.95 248.04 264.06 691.12 730.89 0
ynao_sd_19860208_0220_wang 42 33 9 8 0 720.47 816.52 307.02 344.95 413.45 471.57 0
ynao_sd_19860209_0120_wang 52 41 11 4 0 737.05 815.05 269.27 320.48 467.78 494.57 0
ynao_sd_19860210_0500_wang 35 24 11 3 0 768.81 843.76 212.65 252.51 556.16 591.25 0
ynao_sd_19860211_0220_li 21 7 14 2 0 824.19 981.45 193.57 243.52 630.62 737.93 0
ynao_sd_19860213_0100_wang 23 10 13 4 0 865.83 1640.08 197.04 369.44 668.79 1270.64 0
ynao_sd_19860214_0100_wang 17 9 8 2 0 557.41 1615.64 136.26 365.8 421.15 1249.84 0
ynao_sd_19860215_0050_hong 28 7 21 4 0 1133.24 1617.06 189.3 269.5 943.94 1347.56 0
ynao_sd_19860215_0100_wang 0 0 0 1 0 125.9 674.78 0 0 125.9 674.78 0
ynao_sd_19860216_0030_wang 1 1 0 0 0 7.1 25.11 7.1 25.11 0 0 0
ynao_sd_19860217_0040_li 2 2 0 0 0 9.3 12.13 9.3 12.13 0 0 0
ynao_sd_19860218_0100_li 0 0 0 0 0 0 0 0 0 0 0 0
ynao_sd_19860219_0100_li 0 0 0 0 0 0 0 0 0 0 0 0
ynao_sd_19860220_0100_li 1 1 0 0 0 12.4 27.35 12.4 27.35 0 0 0
ynao_sd_19860222_0100_li 1 1 0 0 0 10.15 15.72 10.15 15.72 0 0 0
ynao_sd_19860223_0100_hong 2 2 0 0 0 15.26 26.32 15.26 26.32 0 0 0
ynao_sd_19860224_0050_hong 2 2 0 0 0 36.02 50.96 36.02 50.96 0 0 0
ynao_sd_19860225_0110_hong 1 1 0 0 0 3.38 3.58 3.38 3.58 0 0 0
ynao_sd_19860226_0110_hong 1 1 0 0 0 8.29 8.33 8.29 8.33 0 0 0
ynao_sd_19860227_0520_hong 7 6 1 1 0 65.69 67.01 41.12 41.84 24.57 25.17 0
ynao_sd_19860228_0300_hong 1 1 0 0 0 7.19 7.72 7.19 7.72 0 0 0
ynao_sd_19860304_0050_wang 21 12 9 3 0 687.35 889.96 184.34 239.16 503.01 650.8 0
ynao_sd_19860305_0050_wang 31 25 6 2 0 754.32 852.17 261.2 296.68 493.12 555.49 0
ynao_sd_19860306_0100_wang 28 20 8 2 0 740.18 766.04 210.09 217.95 530.09 548.09 0
ynao_sd_19860307_0100_wang 34 30 4 1 0 670.16 675.51 220.52 222.75 449.64 452.76 0
ynao_sd_19860308_0100_wang 28 24 4 1 0 572.68 590.18 137.02 141.63 435.66 448.55 0
ynao_sd_19860309_0030_wang 13 10 3 2 0 448.52 496.74 101.86 113.05 346.66 383.69 0
ynao_sd_19860310_0120_li 12 7 5 4 0 252.98 324.7 70.29 92.32 182.69 232.38 0
ynao_sd_19860311_0055_li 6 5 1 1 0 89.28 135.98 51.42 77.3 37.86 58.68 0
ynao_sd_19860312_0110_li 4 4 0 0 0 70.72 139.7 70.72 139.7 0 0 0
ynao_sd_19860313_0005_li 1 1 0 0 0 27.78 42.08 27.78 42.08 0 0 0
ynao_sd_19860314_0040_li 3 3 0 0 0 16.22 19.2 16.22 19.2 0 0 0
ynao_sd_19860315_0035_li 2 2 0 0 0 17.57 17.84 17.57 17.84 0 0 0
ynao_sd_19860316_0110_li 1 1 0 0 0 5.15 5.53 5.15 5.53 0 0 0
ynao_sd_19860321_0220_hong 4 4 0 0 0 16.36 18.3 16.36 18.3 0 0 0
ynao_sd_19860322_0030_hong 3 3 0 0 0 15.06 20.57 15.06 20.57 0 0 0
ynao_sd_19860323_0110_hong 2 2 0 0 0 9.02 14.86 9.02 14.86 0 0 0
ynao_sd_19860324_0020_wang 5 5 0 0 0 36.8 72.98 36.8 72.98 0 0 0
ynao_sd_19860325_0040_wang 1 1 0 0 0 6.66 11.56 6.66 11.56 0 0 0
ynao_sd_19860326_0020_wang 0 0 0 0 0 0 0 0 0 0 0 0
ynao_sd_19860327_0300_hong 1 1 0 0 0 17.28 26.38 17.28 26.38 0 0 0
ynao_sd_19860328_0050_wang 2 2 0 0 0 10.82 11.59 10.82 11.59 0 0 0
ynao_sd_19860329_0050_wang 5 5 0 0 0 42.75 61.51 42.75 61.51 0 0 0
ynao_sd_19860330_0410_wang 4 4 0 0 0 20.22 21.3 20.22 21.3 0 0 0
ynao_sd_19860331_0100_li 0 0 0 0 0 0 0 0 0 0 0 0
ynao_sd_19860401_0030_hong 5 5 0 0 0 39.52 51.18 39.52 51.18 0 0 0
ynao_sd_19860402_0030_hong 1 1 0 0 0 3.45 3.49 3.45 3.49 0 0 0
ynao_sd_19860403_0040_hong 2 2 0 0 0 8.51 8.59 8.51 8.59 0 0 0
ynao_sd_19860404_0030_hong 1 1 0 0 0 4.34 4.56 4.34 4.56 0 0 0
ynao_sd_19860405_0020_hong 0 0 0 0 0 0 0 0 0 0 0 0
ynao_sd_19860406_0540_wang 0 0 0 0 0 0 0 0 0 0 0 0
ynao_sd_19860407_0100_wang 1 1 0 0 0 6.39 8.4 6.39 8.4 0 0 0
ynao_sd_19860408_0020_wang 1 1 0 0 0 7.8 7.81 7.8 7.81 0 0 0
ynao_sd_19860409_0020_wang 3 3 0 0 0 39.64 60.66 39.64 60.66 0 0 0
ynao_sd_19860410_0020_wang 0 0 0 0 0 0 0 0 0 0 0 0
ynao_sd_19860411_0020_wang 3 3 0 0 0 11.19 16.56 11.19 16.56 0 0 0
ynao_sd_19860412_0020_wang 9 9 0 0 0 38.61 46.2 38.61 46.2 0 0 0
ynao_sd_19860413_0530_wang 8 8 0 0 0 35.45 38.64 35.45 38.64 0 0 0
ynao_sd_19860414_0030_hong 5 5 0 0 0 26.68 47.69 26.68 47.69 0 0 0
ynao_sd_19860415_0710_hong 6 4 2 1 0 143.06 366.06 45.88 98.33 97.18 267.73 0
ynao_sd_19860416_0250_hong 5 3 2 1 0 164.15 284.69 36.71 60.26 127.44 224.43 0
ynao_sd_19860417_0030_hong 5 3 2 1 0 190.17 261.19 41.26 57.35 148.91 203.84 0
ynao_sd_19860418_0035_hong 9 7 2 1 0 264.2 308.56 96.64 115.37 167.56 193.19 0
ynao_sd_19860419_0035_wang 7 4 3 1 0 284.85 322.12 66.42 91.93 218.43 230.19 0
ynao_sd_19860420_0010_hong 6 3 3 1 0 158.99 160.29 36.22 36.56 122.77 123.73 0
ynao_sd_19860421_0010_wang 8 5 3 1 0 192.01 206.14 75.08 87.45 116.93 118.69 0
ynao_sd_19860422_0150_wang 6 4 2 2 0 104.28 112.61 32.77 35.09 71.51 77.52 0
ynao_sd_19860423_0010_wang 24 23 1 1 0 193.04 221.6 167.41 190.33 25.63 31.27 0
ynao_sd_19860424_0040_wang 43 34 9 3 0 770.06 798.48 291.35 312.99 478.71 485.49 0
ynao_sd_19860425_0010_wang 35 17 18 4 0 1152.5 1178.09 280.79 291.84 871.71 886.25 0
ynao_sd_19860426_0025_wang 36 29 7 3 0 888.16 959.96 219.62 238.2 668.54 721.76 0
ynao_sd_19860427_0010_wang 40 24 16 4 0 1098.76 1316.22 280.59 341.34 818.17 974.88 0
ynao_sd_19860428_0040_li 12 6 6 2 0 592.22 857.78 140.98 197.6 451.24 660.18 0
ynao_sd_19860429_0040_li 10 7 3 3 0 315.83 581.43 93.06 152.45 222.77 428.98 0
ynao_sd_19860430_0140_li 12 12 0 0 0 129.45 353.45 129.45 353.45 0 0 0
ynao_sd_19860501_0500_li 3 3 0 0 0 48.87 77.49 48.87 77.49 0 0 0
ynao_sd_19860502_0715_li 5 5 0 0 0 102.91 228.89 102.91 228.89 0 0 0
ynao_sd_19860503_0120_li 5 5 0 0 0 47.49 151.52 47.49 151.52 0 0 0
ynao_sd_19860504_0030_li 3 3 0 0 0 25.91 68.8 25.91 68.8 0 0 0
ynao_sd_19860505_0305_hong 0 0 0 0 0 0 0 0 0 0 0 0
ynao_sd_19860510_0140_hong 0 0 0 0 0 0 0 0 0 0 0 0
ynao_sd_19860511_0140_hong 1 1 0 0 0 3.52 6.48 3.52 6.48 0 0 0
ynao_sd_19860512_0001_wang 1 1 0 0 0 4.62 18.0 4.62 18.0 0 0 0
ynao_sd_19860513_0001_wang 2 2 0 0 0 21.77 33.07 21.77 33.07 0 0 0
ynao_sd_19860514_0110_wang 0 0 0 0 0 0 0 0 0 0 0 0
ynao_sd_19860515_0130_wang 3 3 0 0 0 17.0 74.9 17.0 74.9 0 0 0
ynao_sd_19860516_0100_wang 6 6 0 0 0 36.21 88.4 36.21 88.4 0 0 0
ynao_sd_19860517_0120_wang 4 4 0 0 0 36.96 58.88 36.96 58.88 0 0 0
ynao_sd_19860518_0010_li 10 10 0 0 0 66.6 100.06 66.6 100.06 0 0 0
ynao_sd_19860519_0010_li 8 8 0 0 0 51.13 61.95 51.13 61.95 0 0 0
ynao_sd_19860520_0040_li 15 15 0 0 0 131.47 236.08 131.47 236.08 0 0 0
ynao_sd_19860521_0700_li 11 11 0 0 0 75.86 103.88 75.86 103.88 0 0 0
ynao_sd_19860522_0510_li 16 16 0 0 0 106.8 131.39 106.8 131.39 0 0 0
ynao_sd_19860523_0325_li 22 22 0 0 0 121.98 134.21 121.98 134.21 0 0 0
ynao_sd_19860524_0300_li 19 19 0 0 0 84.7 87.19 84.7 87.19 0 0 0
ynao_sd_19860525_0350_hong 20 20 0 0 0 131.79 134.1 131.79 134.1 0 0 0
ynao_sd_19860528_0010_hong 6 6 0 1 0 75.78 104.43 31.34 40.72 44.44 63.71 0
ynao_sd_19860529_0020_hong 3 3 0 0 0 32.17 42.68 32.17 42.68 0 0 0
ynao_sd_19860530_0010_hong 5 5 0 0 0 57.03 81.24 57.03 81.24 0 0 0
ynao_sd_19860531_0010_hong 4 4 0 0 0 59.23 124.48 59.23 124.48 0 0 0
ynao_sd_19860601_0005_hong 5 5 0 0 0 27.41 72.99 27.41 72.99 0 0 0
ynao_sd_19860602_0001_wang 1 1 0 0 0 4.4 4.79 4.4 4.79 0 0 0
ynao_sd_19860603_0030_wang 0 0 0 0 0 0 0 0 0 0 0 0
ynao_sd_19860604_0001_wang 1 1 0 0 0 14.03 17.29 14.03 17.29 0 0 0
ynao_sd_19860605_0020_hong 0 0 0 0 0 0 0 0 0 0 0 0
ynao_sd_19860606_0005_wang 0 0 0 0 0 0 0 0 0 0 0 0
ynao_sd_19860607_0310_wang 2 2 0 0 0 22.97 33.4 22.97 33.4 0 0 0
ynao_sd_19860608_0040_wang 1 1 0 0 0 3.53 4.45 3.53 4.45 0 0 0
ynao_sd_19860609_0100_li 0 0 0 0 0 0 0 0 0 0 0 0
ynao_sd_19860610_0140_li 1 1 0 0 0 6.03 7.43 6.03 7.43 0 0 0
ynao_sd_19860612_0001_li 0 0 0 0 0 0 0 0 0 0 0 0
ynao_sd_19860613_0105_li 1 1 0 0 0 25.16 34.94 25.16 34.94 0 0 0
ynao_sd_19860614_0245_li 6 6 0 0 0 30.96 34.6 30.96 34.6 0 0 0
ynao_sd_19860615_0830_li 1 1 0 0 0 20.67 34.37 20.67 34.37 0 0 0
ynao_sd_19860616_0440_hong 0 0 0 0 0 0 0 0 0 0 0 0
ynao_sd_19860617_0250_hong 1 1 0 0 0 17.9 30.02 17.9 30.02 0 0 0
ynao_sd_19860620_0150_hong 0 0 0 0 0 0 0 0 0 0 0 0
ynao_sd_19860621_0220_hong 2 2 0 0 0 23.71 32.58 23.71 32.58 0 0 0
ynao_sd_19860622_0150_hong 0 0 0 0 0 0 0 0 0 0 0 0
ynao_sd_19860623_0005_li 2 2 0 0 0 11.28 13.39 11.28 13.39 0 0 0
ynao_sd_19860624_0230_li 1 1 0 0 0 4.35 8.47 4.35 8.47 0 0 0
ynao_sd_19860625_0050_li 2 2 0 0 0 18.56 19.63 18.56 19.63 0 0 0
ynao_sd_19860626_0520_li 1 0 1 1 0 27.5 31.2 4.72 5.36 22.78 25.84 0
ynao_sd_19860627_0210_li 1 1 0 0 0 19.96 33.12 19.96 33.12 0 0 0
ynao_sd_19860628_0350_li 1 1 0 0 0 6.32 6.34 6.32 6.34 0 0 0
ynao_sd_19860629_0050_hong 2 1 1 0 0 6.17 6.22 12.41 12.53 -6.24 -6.31 0
ynao_sd_19860630_0120_hong 1 1 0 0 0 34.28 47.38 34.28 47.38 0 0 0
ynao_sd_19860701_0005_hong 1 1 0 0 0 8.96 15.02 8.96 15.02 0 0 0
ynao_sd_19860702_0100_hong 0 0 0 0 0 0 0 0 0 0 0 0
ynao_sd_19860703_0850_hong 3 3 0 0 0 32.04 70.81 32.04 70.81 0 0 0
ynao_sd_19860706_0630_wang 11 10 1 1 0 89.81 160.84 55.05 112.74 34.76 48.1 0
ynao_sd_19860707_0430_wang 10 6 4 3 0 229.55 451.06 74.68 137.21 154.87 313.85 0
ynao_sd_19860708_0350_wang 15 10 5 2 0 288.44 451.66 91.79 153.11 196.65 298.55 0
ynao_sd_19860709_0110_wang 11 7 4 2 0 273.51 341.36 72.86 90.6 200.65 250.76 0
ynao_sd_19860710_0620_wang 18 15 3 2 0 306.44 356.1 137.37 166.91 169.07 189.19 0
ynao_sd_19860711_0020_wang 37 30 7 3 0 469.32 597.29 218.26 263.45 251.06 333.84 0
ynao_sd_19860712_0005_wang 14 9 5 3 0 362.74 606.73 91.62 145.8 271.12 460.93 0
ynao_sd_19860713_0100_wang 19 15 4 3 0 244.66 502.29 106.02 222.33 138.64 279.96 0
ynao_sd_19860714_0830_wang 6 5 1 1 0 92.72 110.84 38.53 45.46 54.19 65.38 0
ynao_sd_19860715_0020_wang 8 6 2 1 0 100.97 167.32 77.77 135.1 23.2 32.22 0
ynao_sd_19860716_0350_wang 10 8 2 2 0 150.01 325.9 94.77 182.86 55.24 143.04 0
ynao_sd_19860718_0030_wang 6 6 0 1 0 65.07 85.12 24.28 31.96 40.79 53.16 0
ynao_sd_19860719_0115_wang 6 6 0 0 0 30.87 37.84 30.87 37.84 0 0 0
ynao_sd_19860721_0003_li 3 3 0 0 0 22.54 28.58 22.54 28.58 0 0 0
ynao_sd_19860722_0045_li 9 9 0 0 0 59.36 66.91 59.36 66.91 0 0 0
ynao_sd_19860724_0630_li 1 1 0 0 0 6.09 9.11 6.09 9.11 0 0 0
ynao_sd_19860726_0120_li 2 2 0 0 0 8.68 14.97 8.68 14.97 0 0 0
ynao_sd_19860727_0120_li 0 0 0 0 0 0 0 0 0 0 0 0
ynao_sd_19860728_0740_hong 2 0 2 1 0 145.07 423.09 19.24 55.88 125.83 367.21 0
ynao_sd_19860729_0720_hong 8 5 3 2 0 306.58 562.04 93.11 168.68 213.47 393.36 0
ynao_sd_19860730_0340_hong 11 8 3 2 0 368.93 531.87 101.67 150.36 267.26 381.51 0
ynao_sd_19860731_0240_hong 10 8 2 2 0 379.89 453.51 115.53 140.67 264.36 312.84 0
ynao_sd_19860801_0220_hong 8 5 3 2 0 402.52 437.25 100.95 118.1 301.57 319.15 0
ynao_sd_19860802_0110_hong 5 3 2 2 0 356.03 360.02 60.06 61.5 295.97 298.52 0
ynao_sd_19860803_0640_hong 7 6 1 1 0 385.23 393.42 118.75 122.96 266.48 270.46 0
ynao_sd_19860804_0600_wang 7 6 1 1 0 339.0 364.08 81.79 87.57 257.21 276.51 0
ynao_sd_19860805_0200_wang 7 6 1 1 0 344.49 416.05 103.1 127.71 241.39 288.34 0
ynao_sd_19860806_0001_wang 3 2 1 1 0 222.37 311.98 53.59 74.74 168.78 237.24 0
ynao_sd_19860807_0010_wang 3 2 1 1 0 152.37 281.29 34.35 58.31 118.02 222.98 0
ynao_sd_19860808_0010_wang 1 0 1 1 0 89.57 258.51 16.47 47.53 73.1 210.98 0
ynao_sd_19860809_0030_li 0 0 0 1 0 29.0 188.26 0 0 29.0 188.26 0
ynao_sd_19860810_0010_li 0 0 0 0 0 0 0 0 0 0 0 0
ynao_sd_19860811_0220_li 3 3 0 0 0 22.01 22.02 22.01 22.02 0 0 0
ynao_sd_19860812_0005_li 0 0 0 0 0 0 0 0 0 0 0 0
ynao_sd_19860813_0550_li 0 0 0 0 0 0 0 0 0 0 0 0
ynao_sd_19860815_0600_li 2 2 0 0 0 16.57 18.36 16.57 18.36 0 0 0
ynao_sd_19860816_0155_li 3 3 0 0 0 17.4 17.96 17.4 17.96 0 0 0
ynao_sd_19860818_0250_hong 2 2 0 0 0 10.44 11.94 10.44 11.94 0 0 0
ynao_sd_19860821_0340_hong 8 8 0 0 0 45.67 70.61 45.67 70.61 0 0 0
ynao_sd_19860822_0400_li 8 8 0 0 0 48.95 52.44 48.95 52.44 0 0 0
ynao_sd_19860823_0120_li 9 9 0 0 0 49.11 51.4 49.11 51.4 0 0 0
ynao_sd_19860824_0200_hong 3 2 1 1 0 93.75 252.84 24.97 54.19 68.78 198.65 0
ynao_sd_19860825_0140_li 4 3 1 1 0 118.97 214.93 39.29 65.57 79.68 149.36 0
ynao_sd_19860826_0720_li 3 2 1 1 0 158.55 232.85 46.18 83.03 112.37 149.82 0
ynao_sd_19860827_0015_li 1 0 1 1 0 150.83 178.6 41.38 48.98 109.45 129.62 0
ynao_sd_19860828_0610_li 2 0 2 1 0 155.46 161.85 33.62 34.99 121.84 126.86 0
ynao_sd_19860829_0200_li 1 0 1 1 0 164.5 165.33 27.78 27.92 136.72 137.41 0
ynao_sd_19860830_0720_li 1 0 1 1 0 130.38 132.51 30.08 30.57 100.3 101.94 0
ynao_sd_19860831_0740_li 1 0 1 1 0 102.02 111.34 19.16 20.91 82.86 90.43 0
ynao_sd_19860902_0610_hong 1 0 1 1 0 134.15 203.69 18.22 27.63 115.93 176.06 0
ynao_sd_19860903_0150_hong 1 0 1 1 0 100.58 195.55 12.07 23.4 88.51 172.15 0
ynao_sd_19860905_0720_hong 3 3 0 0 0 34.61 43.06 34.61 43.06 0 0 0
ynao_sd_19860906_0410_hong 0 0 0 0 0 0 0 0 0 0 0 0
ynao_sd_19860907_0450_hong 13 12 1 1 0 87.9 111.76 56.62 71.25 31.28 40.51 0
ynao_sd_19860908_0055_li 6 6 0 0 0 52.51 60.86 52.51 60.86 0 0 0
ynao_sd_19860909_0130_li 9 9 0 0 0 66.95 75.57 66.95 75.57 0 0 0
ynao_sd_19860910_0035_li 4 4 0 0 0 27.47 38.96 27.47 38.96 0 0 0
ynao_sd_19860911_0305_li 3 3 0 0 0 17.76 19.51 17.76 19.51 0 0 0
ynao_sd_19860912_0500_li 2 2 0 0 0 8.96 12.06 8.96 12.06 0 0 0
ynao_sd_19860913_0240_li 2 2 0 0 0 12.53 17.05 12.53 17.05 0 0 0
ynao_sd_19860914_0150_li 0 0 0 0 0 0 0 0 0 0 0 0
ynao_sd_19860915_0330_hong 0 0 0 0 0 0 0 0 0 0 0 0
ynao_sd_19860916_0410_hong 2 2 0 0 0 8.38 54.09 8.38 54.09 0 0 0
ynao_sd_19860917_0130_hong 0 0 0 0 0 0 0 0 0 0 0 0
ynao_sd_19860919_0740_hong 0 0 0 0 0 0 0 0 0 0 0 0
ynao_sd_19860920_0050_hong 1 1 0 0 0 4.2 5.05 4.2 5.05 0 0 0
ynao_sd_19860921_0510_li 1 1 0 0 0 7.89 10.61 7.89 10.61 0 0 0
ynao_sd_19860922_0110_li 3 3 0 0 0 16.22 18.25 16.22 18.25 0 0 0
ynao_sd_19860923_0140_li 2 2 0 0 0 15.19 43.66 15.19 43.66 0 0 0
ynao_sd_19860924_0040_li 2 2 0 0 0 10.0 11.28 10.0 11.28 0 0 0
ynao_sd_19860925_0040_li 0 0 0 0 0 0 0 0 0 0 0 0
ynao_sd_19860926_0150_li 2 2 0 0 0 9.21 9.32 9.21 9.32 0 0 0
ynao_sd_19860927_0620_li 7 7 0 0 0 44.5 57.15 44.5 57.15 0 0 0
ynao_sd_19860929_0430_hong 2 2 0 1 0 54.29 342.67 11.02 15.11 43.27 327.56 0
ynao_sd_19861001_0220_hong 2 0 2 1 0 107.8 201.1 19.38 36.17 88.42 164.93 0
ynao_sd_19861003_0630_hong 6 4 2 1 0 168.64 198.9 42.76 56.29 125.88 142.61 0
ynao_sd_19861004_0740_hong 9 5 4 2 0 131.68 145.89 67.93 79.6 63.75 66.29 0
ynao_sd_19861012_0510_hong 11 11 0 0 0 80.57 165.94 80.57 165.94 0 0 0
ynao_sd_19861013_0200_wang 10 9 1 1 0 115.32 512.32 91.98 394.1 23.34 118.22 0
ynao_sd_19861014_0020_wang 0 0 0 0 0 0 0 0 0 0 0 0
ynao_sd_19861015_0100_wang 0 0 0 0 0 0 0 0 0 0 0 0
ynao_sd_19861016_0035_wang 0 0 0 0 0 0 0 0 0 0 0 0
ynao_sd_19861017_0035_wang 4 3 1 0 0 42.17 238.83 46.73 268.6 -4.56 -29.77 0
ynao_sd_19861018_0045_wang 16 9 7 4 0 390.86 1108.54 116.71 352.59 274.15 755.95 0
ynao_sd_19861019_0045_wang 33 26 7 3 0 753.6 1384.69 242.96 445.89 510.64 938.8 0
ynao_sd_19861020_0050_li 33 27 6 3 0 662.54 961.8 274.6 398.68 387.94 563.12 0
ynao_sd_19861021_0100_wang 33 25 8 5 0 921.13 1122.21 256.62 313.44 664.51 808.77 0
ynao_sd_19861022_0050_wang 38 30 8 5 0 850.76 963.33 248.77 295.78 601.99 667.55 0
ynao_sd_19861023_0040_wang 59 51 8 4 0 985.71 1212.31 381.72 479.29 603.99 733.02 0
ynao_sd_19861026_0055_wang 44 39 5 3 1 752.35 918.6 301.1 388.14 451.25 530.46 24.07
ynao_sd_19861027_0120_li 23 17 6 2 0 453.07 790.45 225.93 495.59 227.14 294.86 0
ynao_sd_19861028_0105_li 25 19 6 3 0 650.61 1211.4 241.23 398.07 409.38 813.33 0
ynao_sd_19861030_0055_li 15 11 4 2 0 533.42 746.2 148.63 206.28 384.79 539.92 0
ynao_sd_19861031_0105_li 25 19 6 3 0 693.26 866.49 194.36 247.57 498.9 618.92 0
ynao_sd_19861101_0055_li 20 11 9 3 0 743.38 852.83 179.04 246.23 564.34 606.6 0
ynao_sd_19861102_0045_li 26 18 8 3 0 727.08 737.12 170.35 174.03 556.73 563.09 0
ynao_sd_19861103_0050_hong 21 13 8 4 0 576.34 585.37 138.78 140.19 437.56 445.18 0
ynao_sd_19861104_0130_hong 22 20 2 2 0 510.73 553.34 189.54 200.23 321.19 353.11 0
ynao_sd_19861105_0120_hong 25 21 4 2 0 426.28 500.59 168.29 189.76 257.99 310.83 0
ynao_sd_19861106_0320_hong 26 21 5 2 0 427.5 569.51 169.05 217.09 258.45 352.42 0
ynao_sd_19861107_0050_hong 14 8 6 2 0 259.61 443.19 87.59 140.92 172.02 302.27 0
ynao_sd_19861108_0130_hong 6 4 2 2 0 115.02 289.54 41.63 83.33 73.39 206.21 0
ynao_sd_19861111_0440_wang 4 4 0 0 0 21.05 23.41 21.05 23.41 0 0 0
ynao_sd_19861112_0240_wang 0 0 0 0 0 0 0 0 0 0 0 0
ynao_sd_19861113_0700_wang 2 2 0 0 0 9.99 14.76 9.99 14.76 0 0 0
ynao_sd_19861114_0100_wang 1 1 0 0 0 14.81 101.99 14.81 101.99 0 0 0
ynao_sd_19861115_0130_wang 2 2 0 0 0 50.52 155.22 50.52 155.22 0 0 0
ynao_sd_19861116_0040_wang 0 0 0 1 0 37.87 75.98 0 0 37.87 75.98 0
ynao_sd_19861117_0300_hong 2 0 2 2 0 68.4 102.15 17.85 26.74 50.55 75.41 0
ynao_sd_19861118_0050_hong 5 5 0 0 0 54.89 68.27 54.89 68.27 0 0 0
ynao_sd_19861119_0050_hong 6 6 0 0 0 88.81 112.73 88.81 112.73 0 0 0
ynao_sd_19861120_0040_hong 4 4 0 0 0 36.7 41.39 36.7 41.39 0 0 0
ynao_sd_19861121_0200_hong 2 2 0 0 0 17.79 21.24 17.79 21.24 0 0 0
ynao_sd_19861122_0050_hong 0 0 0 0 0 0 0 0 0 0 0 0
ynao_sd_19861123_0250_hong 3 3 0 0 0 18.3 25.73 18.3 25.73 0 0 0
ynao_sd_19861124_0100_wang 4 4 0 0 0 29.47 101.34 29.47 101.34 0 0 0
ynao_sd_19861125_0350_wang 0 0 0 0 0 0 0 0 0 0 0 0
ynao_sd_19861126_0350_wang 0 0 0 0 0 0 0 0 0 0 0 0
ynao_sd_19861127_0100_wang 1 1 0 0 0 4.85 5.24 4.85 5.24 0 0 0
ynao_sd_19861128_0100_wang 2 2 0 0 0 22.06 35.75 22.06 35.75 0 0 0
ynao_sd_19861129_0320_wang 0 0 0 0 0 0 0 0 0 0 0 0
ynao_sd_19861130_0120_wang 0 0 0 0 0 0 0 0 0 0 0 0
ynao_sd_19861201_0040_wang 2 2 0 0 0 21.83 31.31 21.83 31.31 0 0 0
ynao_sd_19861202_0100_wang 0 0 0 0 0 0 0 0 0 0 0 0
ynao_sd_19861203_0350_wang 0 0 0 0 0 0 0 0 0 0 0 0
ynao_sd_19861204_0500_wang 1 1 0 0 0 4.48 5.32 4.48 5.32 0 0 0
ynao_sd_19861205_0100_wang 1 1 0 0 0 25.36 37.66 25.36 37.66 0 0 0
ynao_sd_19861206_0100_wang 1 1 0 0 0 20.04 29.51 20.04 29.51 0 0 0
ynao_sd_19861207_0020_wang 0 0 0 0 0 0 0 0 0 0 0 0
ynao_sd_19861208_0100_hong 0 0 0 0 0 0 0 0 0 0 0 0
ynao_sd_19861209_0210_hong 1 1 0 0 0 6.35 6.93 6.35 6.93 0 0 0
ynao_sd_19861210_0300_hong 5 4 1 1 0 61.55 82.34 40.71 53.76 20.84 28.58 0
ynao_sd_19861211_0200_wang 8 7 1 1 0 68.9 132.79 45.2 69.49 23.7 63.3 0
ynao_sd_19861212_0100_hong 6 6 0 0 0 39.39 53.02 39.39 53.02 0 0 0
ynao_sd_19861213_0105_hong 8 8 0 1 0 85.13 122.84 63.99 91.12 21.14 31.72 0
ynao_sd_19861214_0120_hong 4 4 0 0 0 21.15 26.03 21.15 26.03 0 0 0
ynao_sd_19861215_0100_hong 3 3 0 0 0 17.08 20.82 17.08 20.82 0 0 0
ynao_sd_19861216_0050_hong 1 1 0 0 0 85.62 94.0 85.62 94.0 0 0 0
ynao_sd_19861217_0105_wang 1 1 0 0 0 5.0 5.84 5.0 5.84 0 0 0
ynao_sd_19861218_0100_hong 0 0 0 0 0 0 0 0 0 0 0 0
ynao_sd_19861219_0105_hong 1 1 0 0 0 5.21 11.29 5.21 11.29 0 0 0
ynao_sd_19861220_0050_hong 1 1 0 0 0 5.14 8.14 5.14 8.14 0 0 0
ynao_sd_19861221_0510_hong 2 2 0 0 0 11.77 17.46 11.77 17.46 0 0 0
ynao_sd_19861222_0120_wang 7 7 0 0 0 50.85 62.65 50.85 62.65 0 0 0
ynao_sd_19861223_0120_wang 5 4 1 1 0 108.2 123.96 41.61 47.13 66.59 76.83 0
ynao_sd_19861224_0100_wang 3 2 1 1 0 49.69 54.98 18.82 20.73 30.87 34.25 0
ynao_sd_19861225_0100_wang 2 2 0 0 0 15.65 17.42 15.65 17.42 0 0 0
ynao_sd_19861226_0200_wang 3 3 0 0 0 29.3 40.15 29.3 40.15 0 0 0
ynao_sd_19861227_0720_wang 0 0 0 0 0 0 0 0 0 0 0 0
ynao_sd_19861228_0450_wang 0 0 0 0 0 0 0 0 0 0 0 0
ynao_sd_19861229_0950_wang 0 0 0 0 0 0 0 0 0 0 0 0
ynao_sd_19861230_0100_wang 2 2 0 0 0 8.7 13.45 8.7 13.45 0 0 0
