ynao_sd_19870101_0055_hong 12 12 0 0 0 70.25 76.42 70.25 76.42 0 0 0
ynao_sd_19870102_0100_hong 19 17 2 1 0 168.9 184.44 108.3 122.7 60.6 61.74 0
ynao_sd_19870103_0120_hong 9 6 3 1 0 125.44 127.48 48.81 49.55 76.63 77.93 0
ynao_sd_19870104_0550_hong 6 5 1 1 0 106.37 131.87 58.23 79.69 48.14 52.18 0
ynao_sd_19870105_0300_wang 3 3 0 0 0 58.75 84.8 58.75 84.8 0 0 0
ynao_sd_19870106_0120_wang 1 1 0 0 0 16.02 22.59 16.02 22.59 0 0 0
ynao_sd_19870107_0100_wang 1 1 0 0 0 10.14 21.83 10.14 21.83 0 0 0
ynao_sd_19870110_0120_wang 0 0 0 0 0 0 0 0 0 0 0 0
ynao_sd_19870111_0100_wang 0 0 0 0 0 0 0 0 0 0 0 0
ynao_sd_19870118_0110_wang 2 2 0 0 0 15.76 23.19 15.76 23.19 0 0 0
ynao_sd_19870119_0740_wang 2 2 0 0 0 11.83 24.84 11.83 24.84 0 0 0
ynao_sd_19870120_0130_wang 3 3 0 0 0 31.91 47.25 31.91 47.25 0 0 0
ynao_sd_19870121_0130_wang 7 7 0 0 0 34.0 38.47 34.0 38.47 0 0 0
ynao_sd_19870122_0120_wang 11 10 1 1 0 110.53 118.36 70.89 75.78 39.64 42.58 0
ynao_sd_19870123_0130_wang 14 13 1 1 0 114.93 129.0 78.87 87.66 36.06 41.34 0
ynao_sd_19870124_0135_wang 12 12 0 0 0 54.46 76.84 54.46 76.84 0 0 0
ynao_sd_19870127_0900_li 2 2 0 0 0 12.83 18.51 12.83 18.51 0 0 0
ynao_sd_19870128_0200_li 6 6 0 0 0 30.48 42.06 30.48 42.06 0 0 0
ynao_sd_19870129_0140_li 7 7 0 0 0 56.92 90.72 56.92 90.72 0 0 0
ynao_sd_19870130_0120_li 1 1 0 0 0 6.82 7.28 6.82 7.28 0 0 0
ynao_sd_19870131_0300_li 3 3 0 0 0 28.85 38.87 28.85 38.87 0 0 0
ynao_sd_19870210_0100_hong 2 2 0 0 0 21.69 27.33 21.69 27.33 0 0 0
ynao_sd_19870211_0050_hong 3 3 0 0 0 22.41 31.9 22.41 31.9 0 0 0
ynao_sd_19870212_0100_hong 2 2 0 0 0 14.31 16.26 14.31 16.26 0 0 0
ynao_sd_19870221_0120_wang 0 0 0 0 0 0 0 0 0 0 0 0
ynao_sd_19870222_0050_wang 1 1 0 0 0 3.67 4.24 3.67 4.24 0 0 0
ynao_sd_19870223_0115_li 0 0 0 0 0 0 0 0 0 0 0 0
ynao_sd_19870224_0140_li 1 1 0 0 0 4.69 12.05 4.69 12.05 0 0 0
ynao_sd_19870225_0130_li 2 2 0 0 0 12.04 16.71 12.04 16.71 0 0 0
ynao_sd_19870228_0340_li 3 3 0 0 0 15.72 17.98 15.72 17.98 0 0 0
ynao_sd_19870304_0040_hong 1 0 1 1 0 51.01 71.88 4.92 6.92 46.09 64.96 0
ynao_sd_19870305_0110_hong 4 4 0 0 0 33.66 51.01 33.66 51.01 0 0 0
ynao_sd_19870306_0120_wang 16 14 2 1 0 149.8 157.5 92.46 96.73 57.34 60.77 0
ynao_sd_19870307_0200_wang 21 20 1 1 0 152.94 182.15 108.78 130.0 44.16 52.15 0
ynao_sd_19870308_0130_wang 15 12 3 3 0 235.12 325.14 116.28 157.29 118.84 167.85 0
ynao_sd_19870309_0150_wang 12 9 3 1 0 250.92 458.61 70.42 122.88 180.5 335.73 0
ynao_sd_19870310_0130_wang 3 2 1 1 0 121.26 356.61 21.76 59.88 99.5 296.73 0
ynao_sd_19870311_0140_wang 5 4 1 1 0 77.33 347.15 33.27 84.47 44.06 262.68 0
ynao_sd_19870316_0040_li 1 1 0 0 0 19.92 44.49 19.92 44.49 0 0 0
ynao_sd_19870317_0100_li 4 4 0 0 0 36.9 49.23 36.9 49.23 0 0 0
ynao_sd_19870318_0050_li 4 4 0 0 0 32.03 37.45 32.03 37.45 0 0 0
ynao_sd_19870319_0105_li 3 3 0 0 0 25.1 30.0 25.1 30.0 0 0 0
ynao_sd_19870320_0100_li 3 3 0 0 0 15.4 16.19 15.4 16.19 0 0 0
ynao_sd_19870321_0100_li 9 9 0 0 0 45.19 75.24 45.19 75.24 0 0 0
ynao_sd_19870322_0100_li 6 6 0 1 0 69.93 84.48 34.12 40.8 35.81 43.68 0
ynao_sd_19870323_0050_hong 10 9 1 1 0 146.05 201.08 55.58 75.02 90.47 126.06 0
ynao_sd_19870324_0100_hong 16 15 1 2 0 152.15 234.57 81.77 119.33 70.38 115.24 0
ynao_sd_19870325_0100_hong 8 7 1 1 0 73.68 164.67 51.38 111.11 22.3 53.56 0
ynao_sd_19870401_0140_wang 6 4 2 1 0 390.12 400.76 78.17 81.64 311.95 319.12 0
ynao_sd_19870402_0325_wang 3 1 2 1 0 324.33 350.2 79.93 86.34 244.4 263.86 0
ynao_sd_19870403_0050_wang 5 4 1 1 0 337.72 418.3 96.85 126.8 240.87 291.5 0
ynao_sd_19870404_0020_wang 2 1 1 1 0 262.46 378.16 43.9 62.77 218.56 315.39 0
ynao_sd_19870405_0025_hong 10 9 1 1 0 215.1 398.46 80.87 146.49 134.23 251.97 0
ynao_sd_19870406_0110_hong 15 14 1 2 0 248.06 533.98 129.28 218.09 118.78 315.89 0
ynao_sd_19870408_0110_hong 36 25 11 7 0 1414.52 2151.16 364.56 533.7 1049.96 1617.46 0
ynao_sd_19870409_0040_hong 45 28 17 9 0 1743.08 2431.53 397.66 573.54 1345.42 1857.99 0
ynao_sd_19870410_0050_hong 56 29 27 15 0 1945.33 2456.74 407.65 520.3 1537.68 1936.44 0
ynao_sd_19870411_0105_hong 59 36 23 12 0 1998.31 2350.33 500.33 588.93 1497.98 1761.4 0
ynao_sd_19870412_0050_wang 50 29 21 8 0 1799.4 2075.89 470.58 538.76 1328.82 1537.13 0
ynao_sd_19870413_0050_wang 44 35 9 6 0 1497.48 1812.04 327.2 379.71 1170.28 1432.33 0
ynao_sd_19870414_0005_wang 37 26 11 5 0 1498.13 1877.98 329.77 394.28 1168.36 1483.7 0
ynao_sd_19870415_0005_wang 44 31 13 6 0 1342.0 1788.97 338.98 428.67 1003.02 1360.3 0
ynao_sd_19870416_0020_wang 40 36 4 2 0 1023.84 1329.69 283.57 371.9 740.27 957.79 0
ynao_sd_19870417_0020_wang 27 24 3 3 0 769.29 1194.26 248.14 387.46 521.15 806.8 0
ynao_sd_19870418_0025_wang 10 7 3 2 0 354.41 700.05 88.77 157.22 265.64 542.83 0
ynao_sd_19870419_0005_hong 1 0 1 1 0 64.49 202.88 6.53 20.44 57.96 182.44 0
ynao_sd_19870420_0005_hong 4 4 0 0 0 17.14 29.73 17.14 29.73 0 0 0
ynao_sd_19870421_0020_hong 9 9 0 0 0 55.52 75.67 55.52 75.67 0 0 0
ynao_sd_19870422_0630_hong 5 4 1 1 0 54.52 150.49 24.62 59.31 29.9 91.18 0
ynao_sd_19870427_0130_li 2 2 0 0 0 23.27 23.76 23.27 23.76 0 0 0
ynao_sd_19870428_0200_li 2 2 0 0 0 24.65 25.01 24.65 25.01 0 0 0
ynao_sd_19870501_0005_li 11 10 1 1 0 123.56 215.85 99.71 182.2 23.85 33.65 0
ynao_sd_19870502_0035_li 9 8 1 1 0 103.8 186.0 71.93 119.89 31.87 66.11 0
ynao_sd_19870503_0015_wang 7 6 1 1 0 111.55 166.71 43.6 62.37 67.95 104.34 0
ynao_sd_19870504_0045_wang 2 1 1 1 0 114.13 143.19 20.99 24.96 93.14 118.23 0
ynao_sd_19870505_0200_wang 9 7 2 2 0 282.36 830.76 107.29 421.72 175.07 409.04 0
ynao_sd_19870506_0050_wang 9 5 4 3 0 372.42 807.62 88.44 208.14 283.98 599.48 0
ynao_sd_19870507_0030_wang 18 11 7 3 0 460.12 763.17 127.23 211.34 332.89 551.83 0
ynao_sd_19870508_0010_wang 17 13 4 2 0 416.01 606.32 107.9 153.16 308.11 453.16 0
ynao_sd_19870509_0025_wang 18 14 4 2 0 463.66 589.5 132.02 165.96 331.64 423.54 0
ynao_sd_19870510_0020_wang 22 18 4 2 0 386.3 452.49 123.85 143.87 262.45 308.62 0
ynao_sd_19870511_0010_hong 17 14 3 2 0 357.2 405.54 126.01 145.96 231.19 259.58 0
ynao_sd_19870512_0030_hong 11 10 1 1 0 317.46 358.58 90.85 103.5 226.61 255.08 0
ynao_sd_19870513_0030_hong 13 12 1 1 0 309.23 364.35 108.47 129.2 200.76 235.15 0
ynao_sd_19870514_0010_hong 6 5 1 1 0 265.24 341.57 83.92 108.96 181.32 232.61 0
ynao_sd_19870515_0010_hong 7 2 5 3 0 372.26 1011.86 72.62 192.82 299.64 819.04 0
ynao_sd_19870516_0020_hong 15 8 7 4 0 601.19 1489.39 169.0 432.09 432.19 1057.3 0
ynao_sd_19870517_0505_li 25 13 12 5 0 892.15 1699.29 237.24 443.29 654.91 1256.0 0
ynao_sd_19870518_0140_li 32 18 14 7 0 879.97 1340.04 235.11 372.22 644.86 967.82 0
ynao_sd_19870519_0100_li 41 38 3 2 0 797.19 1095.94 328.91 483.37 468.28 612.57 0
ynao_sd_19870520_0045_li 36 30 6 3 0 961.85 1167.33 273.68 338.1 688.17 829.23 0
ynao_sd_19870521_0030_li 49 44 5 2 0 1027.97 1192.46 347.77 408.98 680.2 783.48 0
ynao_sd_19870522_0045_li 35 24 11 4 0 1231.32 1426.69 235.11 275.45 996.21 1151.24 0
ynao_sd_19870523_0020_li 50 36 14 6 0 1301.76 1568.28 343.62 416.87 958.14 1151.41 0
ynao_sd_19870524_0045_li 36 24 12 3 0 871.86 1155.34 279.17 370.24 592.69 785.1 0
ynao_sd_19870525_0030_wang 37 30 7 3 0 990.59 1536.81 228.57 358.77 762.02 1178.04 0
ynao_sd_19870526_0110_wang 35 29 6 5 0 797.27 1570.66 210.15 404.53 587.12 1166.13 0
ynao_sd_19870527_0035_wang 25 23 2 2 0 409.31 1133.87 193.46 487.28 215.85 646.59 0
ynao_sd_19870528_0100_wang 18 14 4 2 0 328.06 691.56 114.58 169.95 213.48 521.61 0
ynao_sd_19870529_0300_wang 9 8 1 1 0 276.02 305.31 87.5 100.33 188.52 204.98 0
ynao_sd_19870530_0220_wang 8 7 1 1 0 199.29 230.06 47.65 57.86 151.64 172.2 0
ynao_sd_19870531_0040_wang 6 4 2 1 0 128.77 160.54 33.88 43.41 94.89 117.13 0
ynao_sd_19870601_0010_hong 9 8 1 1 0 126.15 177.54 64.84 89.39 61.31 88.15 0
ynao_sd_19870602_0630_hong 4 4 0 0 0 32.04 84.54 32.04 84.54 0 0 0
ynao_sd_19870603_0850_hong 1 1 0 0 0 7.35 11.62 7.35 11.62 0 0 0
ynao_sd_19870604_0130_hong 1 1 0 0 0 27.46 38.47 27.46 38.47 0 0 0
ynao_sd_19870605_0125_hong 1 1 0 0 0 10.57 11.92 10.57 11.92 0 0 0
ynao_sd_19870606_0230_hong 0 0 0 0 0 0 0 0 0 0 0 0
ynao_sd_19870608_0010_li 7 7 0 0 0 55.32 67.75 55.32 67.75 0 0 0
ynao_sd_19870609_0230_li 3 3 0 0 0 29.06 36.34 29.06 36.34 0 0 0
ynao_sd_19870610_0610_li 0 0 0 0 0 0 0 0 0 0 0 0
ynao_sd_19870611_0235_li 0 0 0 0 0 0 0 0 0 0 0 0
ynao_sd_19870612_0110_li 5 5 0 0 0 41.37 43.14 41.37 43.14 0 0 0
ynao_sd_19870613_0040_li 5 5 0 0 0 28.1 44.08 28.1 44.08 0 0 0
ynao_sd_19870614_0010_wang 1 1 0 0 0 4.91 6.1 4.91 6.1 0 0 0
ynao_sd_19870616_0530_wang 2 2 0 0 0 22.21 31.9 22.21 31.9 0 0 0
ynao_sd_19870617_0125_wang 1 1 0 0 0 24.41 34.11 24.41 34.11 0 0 0
ynao_sd_19870619_0450_wang 8 6 2 1 0 119.53 285.28 44.18 82.79 75.35 202.49 0
ynao_sd_19870620_0050_wang 5 3 2 1 0 177.84 340.14 50.86 83.32 126.98 256.82 0
ynao_sd_19870621_0040_hong 10 7 3 2 0 181.5 276.37 50.77 70.49 130.73 205.88 0
ynao_sd_19870622_0030_hong 21 12 9 4 0 467.84 574.29 140.18 170.4 327.66 403.89 0
ynao_sd_19870623_0130_hong 32 22 10 3 0 646.08 718.22 200.71 227.87 445.37 490.35 0
ynao_sd_19870624_0210_hong 30 21 9 3 0 626.53 670.54 194.37 205.53 432.16 465.01 0
ynao_sd_19870625_0340_hong 13 8 5 2 0 441.96 499.76 110.67 128.95 331.29 370.81 0
ynao_sd_19870626_0140_hong 17 12 5 3 0 436.19 660.79 133.41 227.08 302.78 433.71 0
ynao_sd_19870627_0200_hong 18 13 5 3 0 403.52 645.75 141.0 211.45 262.52 434.3 0
ynao_sd_19870628_0140_hong 15 12 3 2 0 328.82 578.34 135.35 228.58 193.47 349.76 0
ynao_sd_19870630_0020_wang 3 2 1 1 0 65.59 277.99 16.37 40.14 49.22 237.85 0
ynao_sd_19870701_0050_wang 0 0 0 0 0 0 0 0 0 0 0 0
ynao_sd_19870702_0230_wang 1 1 0 0 0 3.37 3.49 3.37 3.49 0 0 0
ynao_sd_19870703_0700_wang 1 1 0 0 0 4.76 12.63 4.76 12.63 0 0 0
ynao_sd_19870705_0435_hong 0 0 0 0 0 0 0 0 0 0 0 0
ynao_sd_19870706_0920_hong 1 1 0 0 0 4.11 4.46 4.11 4.46 0 0 0
ynao_sd_19870707_0330_hong 3 3 0 0 0 17.67 20.35 17.67 20.35 0 0 0
ynao_sd_19870708_0220_hong 3 3 0 0 0 21.27 29.39 21.27 29.39 0 0 0
ynao_sd_19870710_0240_hong 8 8 0 0 0 38.18 100.78 38.18 100.78 0 0 0
ynao_sd_19870711_0630_hong 0 0 0 0 0 0 0 0 0 0 0 0
ynao_sd_19870712_0140_hong 0 0 0 0 0 0 0 0 0 0 0 0
ynao_sd_19870715_0545_li 1 1 0 0 0 5.28 7.03 5.28 7.03 0 0 0
ynao_sd_19870716_0310_li 4 4 0 0 0 26.27 76.69 26.27 76.69 0 0 0
ynao_sd_19870717_0220_li 2 0 2 1 0 100.5 342.13 14.48 50.06 86.02 292.07 0
ynao_sd_19870718_0305_li 10 8 2 2 0 150.53 305.55 55.86 93.8 94.67 211.75 0
ynao_sd_19870719_0505_wang 5 3 2 2 0 127.44 206.78 30.52 45.86 96.92 160.92 0
ynao_sd_19870720_0415_wang 18 13 5 1 0 263.74 364.37 96.41 126.81 167.33 237.56 0
ynao_sd_19870723_0500_wang 60 45 15 10 0 1051.88 1701.12 342.76 477.26 709.12 1223.86 0
ynao_sd_19870725_0620_wang 67 47 20 12 0 1329.16 2152.03 352.33 530.13 976.83 1621.9 0
ynao_sd_19870726_0003_wang 77 63 14 10 0 1256.75 2115.56 406.4 639.03 850.35 1476.53 0
ynao_sd_19870727_0110_hong 66 51 15 8 0 1075.41 2088.03 368.11 591.72 707.3 1496.31 0
ynao_sd_19870730_0105_hong 42 40 2 2 0 351.5 424.5 241.27 291.82 110.23 132.68 0
ynao_sd_19870731_0020_hong 51 49 2 3 0 414.92 533.3 268.41 355.9 146.51 177.4 0
ynao_sd_19870801_0120_hong 33 29 4 2 0 475.58 573.0 198.58 269.5 277.0 303.5 0
ynao_sd_19870802_0510_hong 20 18 2 1 0 425.12 511.27 176.25 238.87 248.87 272.4 0
ynao_sd_19870805_0630_li 6 5 1 1 0 120.53 222.78 45.08 65.59 75.45 157.19 0
ynao_sd_19870806_0150_li 20 17 3 2 0 157.45 277.06 85.73 115.88 71.72 161.18 0
ynao_sd_19870808_0520_li 39 30 9 3 0 716.6 895.91 242.45 301.74 474.15 594.17 0
ynao_sd_19870809_0115_li 28 15 13 4 0 744.59 1044.63 196.21 272.33 548.38 772.3 0
ynao_sd_19870810_0240_wang 20 10 10 3 0 786.19 1782.39 162.38 314.8 623.81 1467.59 0
ynao_sd_19870812_0340_wang 16 10 6 3 0 443.08 1015.2 128.35 382.43 314.73 632.77 0
ynao_sd_19870813_0100_wang 24 18 6 3 0 813.16 2004.95 172.06 414.22 641.1 1590.73 0
ynao_sd_19870814_0355_wang 26 13 13 6 0 1154.89 2229.03 222.96 409.27 931.93 1819.76 0
ynao_sd_19870816_0120_wang 45 34 11 6 0 1631.43 2267.57 380.27 535.63 1251.16 1731.94 0
ynao_sd_19870817_0340_hong 31 22 9 7 0 1493.71 1922.0 330.1 427.16 1163.61 1494.84 0
ynao_sd_19870818_0200_hong 23 13 10 5 0 1366.33 1731.16 328.15 413.43 1038.18 1317.73 0
ynao_sd_19870819_0310_hong 18 9 9 7 0 1149.78 1515.4 265.33 342.38 884.45 1173.02 0
ynao_sd_19870820_0240_hong 28 21 7 4 0 971.17 1460.49 248.94 358.49 722.23 1102.0 0
ynao_sd_19870821_0100_hong 28 20 8 5 0 960.0 1757.47 280.03 476.07 679.97 1281.4 0
ynao_sd_19870822_0520_hong 13 7 6 4 0 695.16 1365.64 147.47 272.78 547.69 1092.86 0
ynao_sd_19870823_0050_hong 14 8 6 5 0 616.38 1429.57 133.13 298.0 483.25 1131.57 0
ynao_sd_19870824_0040_li 16 15 1 1 0 246.71 678.73 111.04 232.17 135.67 446.56 0
ynao_sd_19870825_0205_li 16 16 0 0 0 129.12 171.4 129.12 171.4 0 0 0
ynao_sd_19870826_0300_li 20 14 6 2 0 296.94 558.48 124.86 206.15 172.08 352.33 0
ynao_sd_19870827_0735_li 12 11 1 1 0 93.43 280.74 56.0 122.67 37.43 158.07 0
ynao_sd_19870828_0005_li 8 8 0 0 0 36.68 53.76 36.68 53.76 0 0 0
ynao_sd_19870829_0430_li 3 3 0 0 0 18.4 30.3 18.4 30.3 0 0 0
ynao_sd_19870830_0025_li 4 4 0 0 0 21.72 28.6 21.72 28.6 0 0 0
ynao_sd_19870831_0010_wang 3 3 0 0 0 31.92 80.01 31.92 80.01 0 0 0
ynao_sd_19870901_0610_wang 8 8 0 1 0 122.67 418.47 46.3 70.41 76.37 348.06 0
ynao_sd_19870902_0040_wang 15 11 4 2 0 208.94 713.64 68.53 212.48 140.41 501.16 0
ynao_sd_19870903_0450_wang 29 24 5 2 0 321.65 624.08 174.92 338.7 146.73 285.38 0
ynao_sd_19870904_0625_wang 40 37 3 1 0 347.59 503.29 178.89 269.18 168.7 234.11 0
ynao_sd_19870905_0240_wang 41 38 3 1 0 359.65 463.07 222.28 292.58 137.37 170.49 0
ynao_sd_19870909_0020_hong 45 30 15 6 0 920.75 1228.13 310.24 403.38 610.51 824.75 0
ynao_sd_19870910_0220_hong 27 20 7 6 0 496.03 683.83 173.06 240.21 322.97 443.62 0
ynao_sd_19870911_0240_hong 32 26 6 5 0 396.26 632.16 193.77 299.56 202.49 332.6 0
ynao_sd_19870912_0630_hong 17 13 4 3 0 195.81 430.52 85.94 167.38 109.87 263.14 0
ynao_sd_19870913_0930_hong 4 0 4 2 0 199.34 384.68 34.23 66.1 165.11 318.58 0
ynao_sd_19870914_0250_li 10 7 3 1 0 124.66 175.38 64.12 90.61 60.54 84.77 0
ynao_sd_19870915_0135_li 11 8 3 1 0 112.19 144.2 46.64 59.01 65.55 85.19 0
ynao_sd_19870916_0025_li 10 9 1 1 0 125.04 162.33 74.42 98.24 50.62 64.09 0
ynao_sd_19870917_0230_li 9 8 1 1 0 87.47 162.35 46.62 109.52 40.85 52.83 0
ynao_sd_19870920_0900_wang 10 9 1 1 0 149.16 206.34 68.8 104.1 80.36 102.24 0
ynao_sd_19870921_0545_wang 10 8 2 2 0 291.08 382.01 71.18 110.02 219.9 271.99 0
ynao_sd_19870922_0220_wang 10 8 2 2 0 301.87 447.3 81.5 173.95 220.37 273.35 0
ynao_sd_19870923_0235_wang 7 4 3 2 0 241.19 342.85 46.32 80.13 194.87 262.72 0
ynao_sd_19870924_0430_wang 5 2 3 2 0 202.1 323.44 44.89 63.82 157.21 259.62 0
ynao_sd_19870928_0130_hong 1 1 0 0 0 22.8 44.93 22.8 44.93 0 0 0
ynao_sd_19870929_0650_hong 4 3 1 1 0 84.73 294.95 32.86 121.57 51.87 173.38 0
ynao_sd_19870930_0410_hong 5 4 1 1 0 141.65 336.11 39.38 100.82 102.27 235.29 0
ynao_sd_19871001_0210_hong 16 13 3 1 0 250.31 426.69 111.74 192.31 138.57 234.38 0
ynao_sd_19871002_0810_hong 12 8 4 3 0 330.55 488.94 78.83 151.31 251.72 337.63 0
ynao_sd_19871003_0320_hong 16 11 5 3 0 390.45 488.77 103.48 138.12 286.97 350.65 0
ynao_sd_19871004_0110_hong 27 22 5 3 0 367.56 429.2 151.63 183.92 215.93 245.28 0
ynao_sd_19871005_0050_li 39 35 4 2 0 435.1 485.76 183.56 211.21 251.54 274.55 0
ynao_sd_19871006_0020_li 32 27 5 2 0 384.56 426.0 172.84 193.48 211.72 232.52 0
ynao_sd_19871008_0840_li 16 13 3 2 0 212.88 280.97 110.1 142.52 102.78 138.45 0
ynao_sd_19871009_0240_li 15 12 3 2 0 158.02 264.73 86.35 153.03 71.67 111.7 0
ynao_sd_19871010_0130_li 15 11 4 3 0 335.02 1014.65 108.03 264.3 226.99 750.35 0
ynao_sd_19871011_0300_li 28 26 2 1 0 448.61 896.41 214.5 415.56 234.11 480.85 0
ynao_sd_19871012_0020_wang 26 21 5 1 0 671.39 1069.24 179.44 289.55 491.95 779.69 0
ynao_sd_19871013_0115_wang 36 26 10 2 0 830.8 1068.06 234.02 305.16 596.78 762.9 0
ynao_sd_19871014_0110_wang 62 47 15 4 0 1196.03 1450.9 354.55 423.77 841.48 1027.13 0
ynao_sd_19871015_0115_wang 75 55 20 5 0 1517.44 1736.98 458.79 532.29 1058.65 1204.69 0
ynao_sd_19871016_0050_wang 76 61 15 9 0 1566.71 1812.42 516.7 587.75 1050.01 1224.67 0
ynao_sd_19871017_0115_wang 61 48 13 9 0 1507.27 1803.56 417.05 537.44 1090.22 1266.12 0
ynao_sd_19871018_0100_wang 53 38 15 8 0 1155.29 1560.56 313.7 447.54 841.59 1113.02 0
ynao_sd_19871019_0410_hong 42 29 13 9 0 843.47 1395.94 273.19 442.11 570.28 953.83 0
ynao_sd_19871020_0040_hong 23 17 6 5 0 372.84 727.88 144.85 280.26 227.99 447.62 0
ynao_sd_19871021_0050_hong 24 19 5 4 0 321.54 699.81 158.02 359.67 163.52 340.14 0
ynao_sd_19871023_0220_hong 19 19 0 0 0 109.64 152.83 109.64 152.83 0 0 0
ynao_sd_19871024_0210_hong 7 6 1 1 0 79.47 309.27 38.49 77.85 40.98 231.42 0
ynao_sd_19871025_0525_hong 14 7 7 3 0 255.07 809.76 85.16 249.77 169.91 559.99 0
ynao_sd_19871026_0345_li 15 11 4 3 0 305.79 605.21 103.12 188.0 202.67 417.21 0
ynao_sd_19871027_0250_li 41 36 5 3 0 418.74 642.28 193.91 305.08 224.83 337.2 0
ynao_sd_19871029_0040_li 54 43 11 9 0 667.69 798.16 274.63 334.6 393.06 463.56 0
ynao_sd_19871030_0105_li 56 44 12 7 0 799.06 985.69 284.37 339.96 514.69 645.73 0
ynao_sd_19871031_0100_li 70 63 7 4 0 596.48 758.52 310.66 364.88 285.82 393.64 0
ynao_sd_19871101_0100_li 42 39 3 2 0 476.87 732.5 219.82 277.48 257.05 455.02 0
ynao_sd_19871102_0130_wang 38 31 7 4 0 650.29 1143.77 208.53 372.65 441.76 771.12 0
ynao_sd_19871103_0730_wang 33 25 8 6 0 516.31 870.03 217.93 363.66 298.38 506.37 0
ynao_sd_19871104_0140_wang 31 19 12 8 0 492.68 874.49 171.02 299.03 321.66 575.46 0
ynao_sd_19871106_0145_wang 13 11 2 2 0 238.96 287.88 84.76 102.14 154.2 185.74 0
ynao_sd_19871107_0300_wang 15 14 1 1 0 218.09 248.51 91.39 107.05 126.7 141.46 0
ynao_sd_19871108_0110_hong 20 19 1 1 0 309.64 481.98 160.87 317.23 148.77 164.75 0
ynao_sd_19871109_0110_hong 14 12 2 2 0 255.73 354.43 107.1 132.1 148.63 222.33 0
ynao_sd_19871110_0040_hong 10 8 2 1 0 132.47 173.09 65.13 87.51 67.34 85.58 0
ynao_sd_19871111_0110_hong 4 4 0 1 0 54.6 78.95 27.63 39.57 26.97 39.38 0
ynao_sd_19871112_0410_hong 9 3 6 1 0 287.75 1291.19 68.86 252.32 218.89 1038.87 0
ynao_sd_19871113_0100_hong 8 2 6 1 0 472.15 1163.89 95.68 211.37 376.47 952.52 0
ynao_sd_19871116_0720_li 19 11 8 1 0 768.59 925.66 163.4 199.24 605.19 726.42 0
ynao_sd_19871117_0220_li 22 10 12 3 0 984.81 1221.14 155.84 198.89 828.97 1022.25 0
ynao_sd_19871118_0200_li 24 14 10 3 0 831.89 1013.94 165.22 198.15 666.67 815.79 0
ynao_sd_19871119_0240_li 22 15 7 6 0 823.59 1033.47 179.9 224.38 643.69 809.09 0
ynao_sd_19871120_0140_hong 43 28 15 7 0 982.7 1239.1 310.69 390.81 672.01 848.29 0
ynao_sd_19871121_0640_hong 43 23 20 8 0 1401.18 1875.01 363.21 472.35 1037.97 1402.66 0
ynao_sd_19871122_0800_hong 64 48 16 11 0 1102.39 1647.17 355.01 489.75 747.38 1157.42 0
ynao_sd_19871123_0120_hong 79 68 11 7 0 987.04 1641.15 476.18 646.51 510.86 994.64 0
ynao_sd_19871124_0110_hong 63 53 10 7 0 706.22 1505.43 362.85 571.33 343.37 934.1 0
ynao_sd_19871125_0135_hong 27 5 22 11 0 672.37 981.74 143.58 207.22 528.79 774.52 0
ynao_sd_19871126_0130_hong 26 20 6 4 0 412.04 832.31 150.26 262.27 261.78 570.04 0
ynao_sd_19871127_0230_hong 25 19 6 3 0 336.44 939.18 161.55 308.68 174.89 630.5 0
ynao_sd_19871128_0210_hong 13 11 2 2 0 133.25 418.48 66.99 117.58 66.26 300.9 0
ynao_sd_19871129_0130_hong 7 7 0 0 0 72.1 108.4 72.1 108.4 0 0 0
ynao_sd_19871202_0510_li 3 3 0 0 0 18.14 21.7 18.14 21.7 0 0 0
ynao_sd_19871203_0130_li 6 6 0 0 0 27.83 36.08 27.83 36.08 0 0 0
ynao_sd_19871208_0710_wang 16 14 2 2 0 187.69 230.75 98.98 122.46 88.71 108.29 0
ynao_sd_19871209_0540_wang 19 13 6 4 0 248.92 413.59 86.65 144.31 162.27 269.28 0
ynao_sd_19871210_0130_wang 13 10 3 2 0 181.46 346.69 92.71 190.99 88.75 155.7 0
ynao_sd_19871211_0720_wang 9 8 1 1 0 80.41 218.61 45.41 114.96 35.0 103.65 0
ynao_sd_19871213_0800_wang 4 3 1 1 0 123.98 445.79 34.88 93.83 89.1 351.96 0
ynao_sd_19871214_0640_hong 10 8 2 2 0 430.73 585.78 96.65 142.26 334.08 443.52 0
ynao_sd_19871216_0620_hong 24 21 3 1 0 487.12 718.73 200.82 291.32 286.3 427.41 0
ynao_sd_19871217_0740_hong 19 18 1 1 0 467.02 610.36 161.32 214.67 305.7 395.69 0
ynao_sd_19871219_0205_hong 13 11 2 2 0 435.4 551.63 143.09 185.91 292.31 365.72 0
ynao_sd_19871220_0530_hong 7 4 3 2 0 354.35 428.11 82.9 100.82 271.45 327.29 0
ynao_sd_19871221_0525_li 4 3 1 1 0 260.62 328.57 57.21 71.07 203.41 257.5 0
ynao_sd_19871222_0130_li 6 5 1 1 0 191.34 262.46 68.64 92.52 122.7 169.94 0
ynao_sd_19871223_0130_li 4 3 1 1 0 173.54 274.18 59.26 87.34 114.28 186.84 0
ynao_sd_19871224_0215_li 1 0 1 1 0 110.63 234.69 11.96 25.36 98.67 209.33 0
ynao_sd_19871225_0240_li 7 6 1 1 0 126.84 320.7 58.54 105.51 68.3 215.19 0
ynao_sd_19871226_0110_li 17 16 1 2 0 282.35 953.41 126.82 434.59 155.53 518.82 0
ynao_sd_19871227_0210_li 16 13 3 3 0 505.07 1105.18 142.67 331.52 362.4 773.66 0
ynao_sd_19871228_0220_wang 40 28 12 3 0 808.37 1355.49 244.36 419.47 564.01 936.02 0
ynao_sd_19871229_0150_wang 32 25 7 2 0 884.61 1263.04 214.91 310.46 669.7 952.58 0
ynao_sd_19871230_0210_wang 35 32 3 3 0 923.78 1143.63 295.56 367.15 628.22 776.48 0
ynao_sd_19871231_0200_wang 27 21 6 3 0 838.45 1026.86 245.68 316.04 592.77 710.82 0
