ynao_sd_19880101_0420_wang 36 31 5 2 0 855.86 1025.97 276.88 359.06 578.98 666.91 0
ynao_sd_19880102_0240_wang 22 18 4 1 0 682.82 834.41 181.09 233.99 501.73 600.42 0
ynao_sd_19880103_0420_wang 14 7 7 1 0 464.98 630.28 97.04 146.77 367.94 483.51 0
ynao_sd_19880106_0230_hong 19 17 2 2 0 274.29 610.23 172.54 362.84 101.75 247.39 0
ynao_sd_19880107_0120_hong 30 26 4 2 0 236.76 532.89 179.5 343.34 57.26 189.55 0
ynao_sd_19880108_0120_hong 50 45 5 5 0 525.61 753.47 284.38 395.32 241.23 358.15 0
ynao_sd_19880109_0210_hong 28 22 6 5 0 530.68 683.18 234.66 295.19 296.02 387.99 0
ynao_sd_19880110_0550_hong 30 24 6 6 0 471.56 594.42 207.83 254.57 263.73 339.85 0
ynao_sd_19880111_0310_wang 43 41 2 2 0 427.01 536.47 306.87 399.71 120.14 136.76 0
ynao_sd_19880112_0240_wang 32 25 7 5 0 512.36 708.02 199.08 320.09 313.28 387.93 0
ynao_sd_19880113_0150_wang 35 28 7 5 0 469.82 1055.1 228.47 436.24 241.35 618.86 0
ynao_sd_19880114_0210_wang 52 46 6 5 0 651.31 1489.98 344.44 681.98 306.87 808.0 0
ynao_sd_19880115_0210_wang 58 45 13 4 0 866.01 1592.97 371.37 695.66 494.64 897.31 0
ynao_sd_19880116_0150_wang 58 55 3 4 0 1045.15 1475.3 410.87 581.97 634.28 893.33 0
ynao_sd_19880117_0415_wang 61 50 11 7 0 1156.56 1441.19 357.02 472.09 799.54 969.1 0
ynao_sd_19880119_0220_hong 48 42 6 4 0 1045.88 1158.02 406.25 461.0 639.63 697.02 0
ynao_sd_19880120_0140_li 35 27 8 4 0 1146.24 1251.74 271.55 300.83 874.69 950.91 0
ynao_sd_19880121_0115_li 40 32 8 5 0 1152.27 1267.89 301.34 345.01 850.93 922.88 0
ynao_sd_19880122_0120_li 64 56 8 4 0 1055.31 1252.65 400.22 494.09 655.09 758.56 0
ynao_sd_19880123_0110_li 30 27 3 2 0 751.05 1000.56 214.62 292.09 536.43 708.47 0
ynao_sd_19880124_0130_li 14 10 4 2 0 460.21 783.08 100.8 177.86 359.41 605.22 0
ynao_sd_19880125_0140_hong 18 14 4 3 0 443.09 946.53 149.77 311.6 293.32 634.93 0
ynao_sd_19880126_0130_hong 14 11 3 3 0 228.38 655.33 90.32 175.72 138.06 479.61 0
ynao_sd_19880127_0140_hong 34 32 2 1 0 269.66 476.45 207.53 308.86 62.13 167.59 0
ynao_sd_19880128_0140_hong 24 17 7 6 0 427.58 1021.4 177.45 364.37 250.13 657.03 0
ynao_sd_19880129_0150_hong 30 26 4 6 0 504.43 1882.42 227.39 646.23 277.04 1236.19 0
ynao_sd_19880130_0130_hong 17 14 3 3 0 299.93 781.2 132.76 244.82 167.17 536.38 0
ynao_sd_19880131_0150_hong 19 13 6 4 0 486.94 911.55 141.76 260.45 345.18 651.1 0
ynao_sd_19880201_0110_wang 26 16 10 5 0 735.43 997.36 175.94 242.27 559.49 755.09 0
ynao_sd_19880202_0130_wang 30 22 8 5 0 829.77 1068.13 200.7 284.3 629.07 783.83 0
ynao_sd_19880203_0130_wang 21 12 9 5 0 777.71 1008.23 186.57 249.24 591.14 758.99 0
ynao_sd_19880204_0200_wang 25 17 8 5 0 1696.21 2325.58 185.74 252.04 1510.47 2073.54 0
ynao_sd_19880205_0130_wang 19 13 6 4 0 643.69 856.11 168.27 222.59 475.42 633.52 0
ynao_sd_19880206_0200_wang 15 12 3 3 0 492.28 589.25 137.78 167.79 354.5 421.46 0
ynao_sd_19880207_0345_wang 16 13 3 3 0 476.39 632.72 116.38 157.85 360.01 474.87 0
ynao_sd_19880208_0110_hong 15 13 2 2 0 364.25 551.12 148.79 204.87 215.46 346.25 0
ynao_sd_19880209_0130_hong 19 17 2 2 0 310.03 636.39 159.93 309.85 150.1 326.54 0
ynao_sd_19880210_0120_hong 17 16 1 1 0 178.39 418.56 103.33 218.57 75.06 199.99 0
ynao_sd_19880211_0190_hong 3 3 0 0 0 22.48 49.77 22.48 49.77 0 0 0
ynao_sd_19880212_0110_hong 5 5 0 0 0 44.17 84.73 44.17 84.73 0 0 0
ynao_sd_19880213_0130_hong 5 5 0 0 0 154.8 701.54 154.8 701.54 0 0 0
ynao_sd_19880214_0140_hong 10 9 1 1 0 473.34 1474.13 159.42 517.98 313.92 956.15 0
ynao_sd_19880215_0115_li 6 5 1 1 0 646.68 1327.3 143.79 329.55 502.89 997.75 0
ynao_sd_19880216_0115_li 15 13 2 2 0 873.77 1349.18 147.03 219.25 726.74 1129.93 0
ynao_sd_19880219_0230_wang 31 25 6 4 0 1372.43 1702.11 327.28 411.54 1045.15 1290.57 0
ynao_sd_19880220_0150_hong 17 15 2 2 0 1107.13 1426.46 312.13 409.33 795.0 1017.13 0
ynao_sd_19880221_0125_li 16 15 1 1 0 983.43 1202.57 218.63 266.54 764.8 936.03 0
ynao_sd_19880222_0140_wang 8 7 1 1 0 743.49 1030.63 153.24 208.8 590.25 821.83 0
ynao_sd_19880223_0130_wang 1 0 1 1 0 604.43 1024.24 113.44 192.11 490.99 832.13 0
ynao_sd_19880224_0210_wang 3 2 1 1 0 422.69 982.35 92.06 202.58 330.63 779.77 0
ynao_sd_19880225_0340_wang 5 4 1 1 0 238.88 894.37 47.34 155.17 191.54 739.2 0
ynao_sd_19880226_0210_wang 1 1 0 0 0 3.17 6.82 3.17 6.82 0 0 0
ynao_sd_19880227_0100_wang 1 1 0 0 0 8.43 35.52 8.43 35.52 0 0 0
ynao_sd_19880228_0120_wang 12 9 3 2 0 132.08 367.72 56.59 142.29 75.49 225.43 0
ynao_sd_19880229_0130_hong 24 22 2 2 0 358.78 611.56 221.71 346.5 137.07 265.06 0
ynao_sd_19880301_0130_hong 39 21 18 7 0 1018.84 1269.41 249.79 310.53 769.05 958.88 0
ynao_sd_19880302_0140_hong 47 35 12 5 0 1045.19 1199.73 338.61 431.83 706.58 767.9 0
ynao_sd_19880303_0150_hong 27 18 9 6 0 908.75 980.71 209.65 246.53 699.1 734.18 0
ynao_sd_19880304_0130_hong 46 37 9 4 0 1039.5 1118.99 368.91 404.3 670.59 714.69 0
ynao_sd_19880305_0240_hong 37 24 13 6 0 854.0 983.89 256.3 300.05 597.7 683.84 0
ynao_sd_19880306_0130_hong 46 35 11 4 0 872.68 1096.72 350.06 429.26 522.62 667.46 0
ynao_sd_19880307_0830_li 45 42 3 3 0 439.93 655.6 254.37 366.1 185.56 289.5 0
ynao_sd_19880308_0210_li 32 30 2 2 0 301.43 497.16 226.16 395.2 75.27 101.96 0
ynao_sd_19880309_0200_li 25 24 1 2 0 179.83 327.11 148.15 274.63 31.68 52.48 0
ynao_sd_19880310_0115_li 18 18 0 0 0 105.38 160.33 105.38 160.33 0 0 0
ynao_sd_19880311_0120_li 20 20 0 0 0 101.21 155.12 101.21 155.12 0 0 0
ynao_sd_19880312_0120_li 19 17 2 1 0 175.52 699.19 106.9 347.97 68.62 351.22 0
ynao_sd_19880313_0110_li 24 21 3 2 0 449.22 1261.73 166.1 423.17 283.12 838.56 0
ynao_sd_19880314_0120_li 40 31 9 5 0 964.12 1887.29 242.88 442.39 721.24 1444.9 0
ynao_sd_19880315_0130_wang 41 24 17 4 0 1449.58 2220.04 336.94 499.58 1112.64 1720.46 0
ynao_sd_19880316_0115_wang 44 27 17 5 0 1534.47 1973.81 343.79 434.95 1190.68 1538.86 0
ynao_sd_19880317_0110_wang 56 36 20 5 0 1784.36 2053.9 428.88 485.13 1355.48 1568.77 0
ynao_sd_19880318_0300_wang 64 44 20 11 0 1805.18 1994.1 451.77 499.86 1353.41 1494.24 0
ynao_sd_19880319_0110_wang 82 55 27 8 0 1667.27 1934.56 499.66 633.87 1167.61 1300.69 0
ynao_sd_19880320_0050_wang 80 65 15 5 0 1921.48 2262.11 542.58 686.44 1378.9 1575.67 0
ynao_sd_19880321_0120_li 59 46 13 5 0 1263.46 1605.77 387.49 546.47 875.97 1059.3 0
ynao_sd_19880322_0100_li 53 40 13 8 0 910.37 1265.94 281.19 402.89 629.18 863.05 0
ynao_sd_19880323_0120_li 50 37 13 7 0 913.92 1433.77 300.42 504.07 613.5 929.7 0
ynao_sd_19880324_0105_li 53 45 8 4 0 945.01 1644.71 370.94 761.43 574.07 883.28 0
ynao_sd_19880325_0100_li 46 35 11 4 0 825.95 1563.92 308.86 720.65 517.09 843.27 0
ynao_sd_19880326_0120_li 58 38 20 6 0 1220.96 2154.62 354.79 646.66 866.17 1507.96 0
ynao_sd_19880327_0115_li 82 68 14 7 0 1263.75 1934.14 417.11 630.48 846.64 1303.66 0
ynao_sd_19880328_0100_wang 90 69 21 11 0 1834.06 2587.96 576.84 801.66 1257.22 1786.3 0
ynao_sd_19880329_0050_wang 73 48 25 14 0 1797.1 2286.43 497.94 643.63 1299.16 1642.8 0
ynao_sd_19880330_0120_wang 69 47 22 16 0 1802.38 2072.56 445.23 524.78 1357.15 1547.78 0
ynao_sd_19880331_0110_wang 105 76 29 10 0 1884.07 2126.35 647.61 753.18 1236.46 1373.17 0
ynao_sd_19880401_0150_wang 108 79 29 15 0 1818.13 2137.15 648.59 767.65 1169.54 1369.5 0
ynao_sd_19880402_0130_wang 70 60 10 9 1 1323.66 1614.1 473.53 603.98 850.13 1010.12 20.78
ynao_sd_19880403_0040_wang 71 56 15 9 0 1655.51 2584.96 492.17 752.41 1163.34 1832.55 0
ynao_sd_19880404_0115_li 59 50 9 7 0 1012.44 1903.03 340.87 647.68 671.57 1255.35 0
ynao_sd_19880405_0040_li 33 26 7 4 0 835.65 1592.94 205.67 396.02 629.98 1196.92 0
ynao_sd_19880406_0010_li 36 31 5 5 0 832.23 1430.94 230.49 484.77 601.74 946.17 0
ynao_sd_19880407_0405_li 34 26 8 4 0 701.33 1074.22 246.11 408.48 455.22 665.74 0
ynao_sd_19880408_0730_li 35 29 6 3 0 695.3 913.13 259.8 401.33 435.5 511.8 0
ynao_sd_19880409_0140_li 60 49 11 5 0 1044.85 1597.08 388.73 667.61 656.12 929.47 0
ynao_sd_19880410_0105_li 48 36 12 7 0 1176.53 1601.7 363.5 537.49 813.03 1064.21 0
ynao_sd_19880411_0330_wang 66 53 13 6 0 1460.52 1918.27 492.3 684.78 968.22 1233.49 0
ynao_sd_19880412_0910_wang 42 23 19 11 0 1455.93 1996.06 321.3 454.98 1134.63 1541.08 0
ynao_sd_19880413_0430_wang 61 40 21 12 0 1596.77 2267.35 424.69 632.4 1172.08 1634.95 0
ynao_sd_19880415_0310_wang 117 79 38 12 0 2354.44 2920.53 719.95 891.3 1634.49 2029.23 0
ynao_sd_19880416_0100_wang 90 56 34 12 0 2773.91 3557.83 609.32 807.64 2164.59 2750.19 0
ynao_sd_19880417_0050_wang 110 68 42 16 0 3067.49 3875.09 740.64 964.16 2326.85 2910.93 0
ynao_sd_19880418_0700_wang 107 77 30 11 0 2529.16 3190.41 733.45 923.72 1795.71 2266.69 0
ynao_sd_19880419_0100_wang 88 56 32 14 0 2378.83 3118.58 539.23 683.3 1839.6 2435.28 0
ynao_sd_19880420_0030_wang 76 60 16 7 0 1500.99 1909.65 445.67 567.45 1055.32 1342.2 0
ynao_sd_19880421_0030_wang 65 53 12 6 0 1248.45 1766.65 417.21 611.57 831.24 1155.08 0
ynao_sd_19880422_0040_wang 37 30 7 4 0 713.57 1190.23 246.55 384.08 467.02 806.15 0
ynao_sd_19880423_0200_wang 18 14 4 2 0 402.86 957.46 145.96 361.84 256.9 595.62 0
ynao_sd_19880424_0015_wang 8 6 2 2 0 256.94 581.62 54.42 106.55 202.52 475.07 0
ynao_sd_19880425_0015_wang 10 7 3 2 0 298.82 604.14 96.46 271.31 202.36 332.83 0
ynao_sd_19880426_0015_wang 26 17 9 4 0 556.04 909.04 157.57 274.69 398.47 634.35 0
ynao_sd_19880427_0005_wang 39 27 12 3 0 867.32 1153.25 225.66 308.56 641.66 844.69 0
ynao_sd_19880428_0300_wang 22 16 6 3 0 781.18 889.72 164.9 189.39 616.28 700.33 0
ynao_sd_19880429_0250_wang 25 21 4 2 0 739.59 783.72 187.33 202.52 552.26 581.2 0
ynao_sd_19880430_0002_wang 25 21 4 2 0 717.15 749.8 201.6 212.65 515.55 537.15 0
ynao_sd_19880501_0001_wang 39 35 4 2 0 789.93 921.39 245.43 339.6 544.5 581.79 0
ynao_sd_19880502_0001_wang 53 47 6 3 0 878.14 1111.39 347.56 498.57 530.58 612.82 0
ynao_sd_19880503_0115_li 37 28 9 6 0 472.48 660.9 225.11 314.99 247.37 345.91 0
ynao_sd_19880504_0030_li 50 47 3 4 0 453.73 724.78 292.75 463.0 160.98 261.78 0
ynao_sd_19880505_0040_li 35 32 3 3 0 398.37 865.75 287.26 627.07 111.11 238.68 0
ynao_sd_19880506_0040_li 29 23 6 3 0 330.16 817.94 181.38 440.03 148.78 377.91 0
ynao_sd_19880507_0050_li 17 16 1 1 0 152.89 255.23 132.56 232.34 20.33 22.89 0
ynao_sd_19880508_0020_li 18 17 1 1 0 126.38 156.9 101.56 123.34 24.82 33.56 0
ynao_sd_19880509_0003_li 40 34 6 3 0 405.12 492.09 222.75 271.07 182.37 221.02 0
ynao_sd_19880510_0110_li 44 40 4 2 0 454.04 511.86 221.25 261.31 232.79 250.55 0
ynao_sd_19880511_0030_li 36 33 3 1 0 430.54 470.28 207.69 241.47 222.85 228.81 0
ynao_sd_19880512_0002_li 36 31 5 2 0 307.6 342.97 164.23 194.27 143.37 148.7 0
ynao_sd_19880513_0030_li 20 20 0 0 0 107.33 144.76 107.33 144.76 0 0 0
ynao_sd_19880514_0135_li 19 19 0 0 0 83.93 110.81 83.93 110.81 0 0 0
ynao_sd_19880516_0030_wang 30 30 0 0 0 175.71 249.04 175.71 249.04 0 0 0
ynao_sd_19880517_0300_wang 37 32 5 3 0 371.15 544.08 189.98 252.97 181.17 291.11 0
ynao_sd_19880518_0150_wang 28 27 1 2 0 304.53 471.28 157.06 256.98 147.47 214.3 0
ynao_sd_19880519_0120_wang 13 12 1 1 0 182.55 322.86 108.45 180.45 74.1 142.41 0
ynao_sd_19880520_0210_wang 9 8 1 1 0 100.2 273.54 54.34 135.97 45.86 137.57 0
ynao_sd_19880521_0130_wang 8 8 0 0 0 60.95 231.63 60.95 231.63 0 0 0
ynao_sd_19880522_0210_li 22 18 4 1 0 962.32 2660.08 173.74 781.12 788.58 1878.96 0
ynao_sd_19880523_0045_li 20 19 1 1 0 155.0 383.53 123.32 287.89 31.68 95.64 0
ynao_sd_19880524_0015_li 56 47 9 6 0 601.74 960.01 275.4 414.29 326.34 545.72 0
ynao_sd_19880525_0045_li 48 35 13 5 0 888.12 1195.13 229.67 309.08 658.45 886.05 0
ynao_sd_19880526_0040_li 80 67 13 6 0 1040.51 1248.15 455.66 543.74 584.85 704.41 0
ynao_sd_19880527_0050_li 90 81 9 5 0 1088.26 1214.1 481.76 536.97 606.5 677.13 0
ynao_sd_19880528_0020_li 102 88 14 4 0 1094.27 1197.35 477.69 530.23 616.58 667.12 0
ynao_sd_19880529_0020_li 94 81 13 6 0 898.42 1000.23 434.93 482.82 463.49 517.41 0
ynao_sd_19880530_0010_li 76 68 8 3 0 916.1 1458.0 418.04 632.37 498.06 825.63 0
ynao_sd_19880601_0120_li 53 40 13 8 0 1101.5 1862.24 338.63 581.95 762.87 1280.29 0
ynao_sd_19880602_0110_li 59 44 15 7 0 1359.41 2111.14 414.05 695.56 945.36 1415.58 0
ynao_sd_19880603_0100_li 67 47 20 9 0 1752.2 2749.23 479.45 738.18 1272.75 2011.05 0
ynao_sd_19880604_0140_li 73 63 10 6 0 1385.64 1636.59 491.76 579.4 893.88 1057.19 0
ynao_sd_19880605_0150_li 59 52 7 4 0 1239.88 1404.73 411.48 476.92 828.4 927.81 0
ynao_sd_19880606_0115_li 84 72 12 7 0 1665.27 2555.67 530.55 680.37 1134.72 1875.3 0
ynao_sd_19880607_0340_wang 113 93 20 9 0 2263.55 3227.04 734.55 1010.2 1529.0 2216.84 0
ynao_sd_19880608_0020_wang 125 89 36 13 0 2614.31 3923.89 791.16 1097.9 1823.15 2825.99 0
ynao_sd_19880609_0150_wang 148 121 27 19 0 2476.66 3795.69 912.72 1393.77 1563.94 2401.92 0
ynao_sd_19880610_0050_wang 131 110 21 11 0 2017.56 3509.53 763.38 1229.6 1254.18 2279.93 0
ynao_sd_19880611_0020_wang 92 82 10 6 0 1157.2 2005.69 519.93 825.42 637.27 1180.27 0
ynao_sd_19880612_0020_wang 73 67 6 5 0 879.87 1131.45 417.11 518.03 462.76 613.42 0
ynao_sd_19880613_0220_wang 40 33 7 3 0 661.82 757.33 232.15 298.26 429.67 459.07 0
ynao_sd_19880614_0050_wang 19 11 8 3 0 536.19 629.3 121.43 186.68 414.76 442.62 0
ynao_sd_19880615_0630_wang 26 19 7 6 0 840.98 1802.16 220.55 403.72 620.43 1398.44 0
ynao_sd_19880616_0220_wang 51 41 10 6 0 1074.9 1946.14 300.93 499.62 773.97 1446.52 0
ynao_sd_19880617_0130_wang 65 60 5 5 0 1151.72 1774.26 426.25 641.69 725.47 1132.57 0
ynao_sd_19880618_0040_wang 43 36 7 5 0 1176.81 1623.98 326.58 468.86 850.23 1155.12 0
ynao_sd_19880620_0325_wang 53 47 6 4 0 1280.17 1503.57 400.74 480.16 879.43 1023.41 0
ynao_sd_19880621_0250_wang 52 44 8 6 0 1466.58 1661.2 398.01 460.8 1068.57 1200.4 0
ynao_sd_19880622_0020_wang 86 71 15 8 0 1699.29 1976.56 538.97 625.42 1160.32 1351.14 0
ynao_sd_19880623_0620_wang 59 32 27 8 0 1941.22 2500.31 440.44 561.11 1500.78 1939.2 0
ynao_sd_19880624_0020_wang 51 16 35 8 0 2001.81 3110.6 383.22 580.62 1618.59 2529.98 0
ynao_sd_19880625_0150_wang 59 35 24 6 0 1626.41 3102.67 417.36 734.4 1209.05 2368.27 0
ynao_sd_19880626_0400_wang 43 22 21 5 0 1866.76 6599.28 371.11 1427.04 1495.65 5172.24 0
ynao_sd_19880627_0835_li 57 39 18 4 0 2709.86 5781.91 619.68 1356.88 2090.18 4425.03 0
ynao_sd_19880628_0025_li 77 48 29 5 0 3850.37 6657.16 677.13 1171.45 3173.24 5485.71 0
ynao_sd_19880629_0050_li 106 64 42 8 0 5449.07 7422.17 971.18 1316.27 4477.89 6105.9 0
ynao_sd_19880630_0110_li 133 78 55 12 1 6713.95 7945.11 1062.62 1256.4 5651.33 6688.71 15.24
ynao_sd_19880701_0800_li 75 37 38 9 0 6167.33 6697.88 849.96 921.29 5317.37 5776.59 0
ynao_sd_19880704_0810_wang 37 5 32 3 0 3899.49 4871.23 393.16 491.01 3506.33 4380.22 0
ynao_sd_19880705_0840_wang 109 55 54 7 0 4034.66 6016.39 772.65 1190.31 3262.01 4826.08 0
ynao_sd_19880706_0510_wang 73 37 36 7 0 2907.07 5361.13 525.6 972.6 2381.47 4388.53 0
ynao_sd_19880707_0205_wang 54 29 25 11 0 1946.8 4809.72 387.68 1013.17 1559.12 3796.55 0
ynao_sd_19880708_0340_wang 46 31 15 6 0 1235.96 2806.6 343.17 866.28 892.79 1940.32 0
ynao_sd_19880709_0105_wang 41 25 16 7 0 1248.8 1693.53 256.4 348.06 992.4 1345.47 0
ynao_sd_19880710_0140_wang 50 39 11 7 0 1456.43 1675.62 322.2 376.93 1134.23 1298.69 0
ynao_sd_19880711_0500_li 67 53 14 8 0 1162.11 1484.7 402.81 481.92 759.3 1002.78 0
ynao_sd_19880712_0140_li 74 52 22 11 0 1969.44 4517.36 464.06 708.48 1505.38 3808.88 0
ynao_sd_19880713_0020_li 66 37 29 13 1 1829.29 3266.14 419.66 713.12 1409.63 2553.02 56.84
ynao_sd_19880714_0120_li 87 63 24 12 0 2120.84 3447.75 606.31 903.29 1514.53 2544.46 0
ynao_sd_19880715_0515_li 106 79 27 10 0 2482.67 3431.5 673.95 904.07 1808.72 2527.43 0
ynao_sd_19880716_0250_li 100 79 21 8 1 2583.96 3179.92 684.87 889.48 1899.09 2290.44 34.28
ynao_sd_19880717_0220_li 102 79 23 8 0 2562.32 2917.57 641.87 762.68 1920.45 2154.89 0
ynao_sd_19880718_0150_li 102 83 19 6 0 2493.0 2830.61 669.17 821.07 1823.83 2009.54 0
ynao_sd_19880719_0055_li 99 76 23 6 0 1838.31 2138.42 711.74 840.66 1126.57 1297.76 0
ynao_sd_19880720_0005_li 50 38 12 8 0 1588.23 2007.59 353.48 452.93 1234.75 1554.66 0
ynao_sd_19880721_0210_li 65 55 10 10 0 1366.71 2076.19 409.12 603.5 957.59 1472.69 0
ynao_sd_19880722_0220_li 47 38 9 6 0 963.24 1904.31 352.42 657.85 610.82 1246.46 0
ynao_sd_19880725_0910_wang 30 25 5 3 0 670.73 1019.48 203.77 331.99 466.96 687.49 0
ynao_sd_19880726_0010_wang 40 29 11 4 0 990.68 1416.43 240.12 370.22 750.56 1046.21 0
ynao_sd_19880727_0045_wang 53 36 17 6 0 1848.62 3271.95 381.74 654.61 1466.88 2617.34 0
ynao_sd_19880728_0240_wang 66 45 21 10 0 2324.22 4148.78 443.45 768.01 1880.77 3380.77 0
ynao_sd_19880731_0300_wang 114 64 50 13 0 3942.57 4743.81 762.02 922.13 3180.55 3821.68 0
ynao_sd_19880801_0020_wang 140 90 50 11 0 3869.71 4684.83 786.85 944.97 3082.86 3739.86 0
ynao_sd_19880802_0040_wang 157 103 54 13 0 3540.57 4542.68 886.13 1117.5 2654.44 3425.18 0
ynao_sd_19880803_0100_wang 143 92 51 18 1 2699.79 3679.41 747.63 1034.27 1952.16 2645.14 95.21
ynao_sd_19880804_0130_wang 98 67 31 19 0 2027.43 3639.89 549.85 1083.54 1477.58 2556.35 0
ynao_sd_19880805_0950_wang 82 60 22 11 0 1716.9 2506.4 490.58 787.12 1226.32 1719.28 0
ynao_sd_19880806_0610_wang 96 76 20 13 0 1520.2 2355.66 538.8 961.14 981.4 1394.52 0
ynao_sd_19880807_0800_wang 110 74 36 19 0 2136.61 3755.77 718.64 1097.36 1417.97 2658.41 0
ynao_sd_19880808_0050_li 102 76 26 16 0 1697.59 2982.38 535.78 843.89 1161.81 2138.49 0
ynao_sd_19880809_0110_wang 135 89 46 19 0 3413.37 6131.66 966.33 1815.5 2447.04 4316.16 0
ynao_sd_19880810_0925_wang 156 102 54 13 0 4234.54 6632.51 1038.22 1702.89 3196.32 4929.62 0
ynao_sd_19880811_0040_wang 106 54 52 12 1 4985.71 6976.8 894.98 1224.45 4090.73 5752.35 22.71
ynao_sd_19880812_0300_li 86 39 47 14 0 4023.1 4720.68 589.47 675.44 3433.63 4045.24 0
ynao_sd_19880813_0345_li 101 66 35 11 0 3319.43 3762.11 688.22 788.45 2631.21 2973.66 0
ynao_sd_19880814_0310_li 87 58 29 10 0 2873.62 3398.67 581.28 691.31 2292.34 2707.36 0
ynao_sd_19880815_0040_li 68 49 19 9 0 2378.68 3006.48 511.9 625.07 1866.78 2381.41 0
ynao_sd_19880816_0540_li 63 50 13 6 0 1608.63 2234.39 457.72 649.49 1150.91 1584.9 0
ynao_sd_19880817_0620_li 32 28 4 5 0 1186.43 1771.43 245.22 350.17 941.21 1421.26 0
ynao_sd_19880818_0800_li 14 10 4 3 0 641.72 1300.22 128.24 236.79 513.48 1063.43 0
ynao_sd_19880819_0700_li 11 6 5 4 0 464.61 1384.22 92.02 255.05 372.59 1129.17 0
ynao_sd_19880825_0830_wang 37 24 13 5 0 1070.68 1929.88 247.98 417.35 822.7 1512.53 0
ynao_sd_19880826_0800_wang 46 29 17 6 0 1478.15 2372.29 337.91 587.74 1140.24 1784.55 0
ynao_sd_19880827_0730_wang 81 58 23 11 0 2157.53 4452.16 565.28 982.56 1592.25 3469.6 0
ynao_sd_19880828_0750_wang 85 55 30 13 0 2362.12 4643.56 539.76 994.72 1822.36 3648.84 0
ynao_sd_19880829_0900_li 102 69 33 18 0 2366.38 3968.0 586.66 958.49 1779.72 3009.51 0
ynao_sd_19880830_0540_li 117 75 42 15 0 3090.27 4543.81 694.37 989.56 2395.9 3554.25 0
ynao_sd_19880901_0040_li 118 71 47 12 1 4324.89 5036.7 835.87 966.85 3489.02 4069.85 23.5
ynao_sd_19880902_0800_li 91 50 41 13 0 3225.65 3720.62 599.6 689.97 2626.05 3030.65 0
ynao_sd_19880903_0720_li 92 61 31 13 0 3018.0 3671.02 670.6 826.3 2347.4 2844.72 0
ynao_sd_19880904_0430_li 119 91 28 10 1 2339.06 3124.61 677.85 885.64 1661.21 2238.97 21.93
ynao_sd_19880906_0605_wang 41 26 15 3 0 1323.38 2331.42 323.66 537.37 999.72 1794.05 0
ynao_sd_19880907_0430_wang 51 39 12 5 0 1124.21 2446.59 327.34 593.91 796.87 1852.68 0
ynao_sd_19880908_0345_wang 25 19 6 6 0 683.22 1897.97 178.54 450.94 504.68 1447.03 0
ynao_sd_19880909_0210_wang 27 21 6 5 0 457.14 1045.1 138.63 302.17 318.51 742.93 0
ynao_sd_19880910_0245_wang 35 30 5 3 0 445.42 617.68 195.92 276.93 249.5 340.75 0
ynao_sd_19880911_0930_wang 27 21 6 5 0 581.12 1086.64 184.07 416.45 397.05 670.19 0
ynao_sd_19880912_0215_li 30 25 5 3 0 530.29 923.62 178.66 300.21 351.63 623.41 0
ynao_sd_19880913_0545_li 49 38 11 4 0 985.62 1427.16 282.01 361.52 703.61 1065.64 0
ynao_sd_19880915_0140_li 33 22 11 7 0 986.17 1313.13 224.97 323.58 761.2 989.55 0
ynao_sd_19880916_0035_li 41 29 12 5 0 825.56 1082.3 263.21 366.14 562.35 716.16 0
ynao_sd_19880917_0100_li 47 40 7 4 0 857.44 1216.85 334.24 513.76 523.2 703.09 0
ynao_sd_19880918_0120_li 50 44 6 4 0 828.05 1087.5 258.39 352.14 569.66 735.36 0
ynao_sd_19880919_0410_wang 45 40 5 3 0 886.73 1280.36 291.65 511.84 595.08 768.52 0
ynao_sd_19880920_0530_wang 51 45 6 4 0 927.53 1391.68 331.59 588.82 595.94 802.86 0
ynao_sd_19880921_1040_wang 30 24 6 4 0 696.39 905.13 188.82 235.89 507.57 669.24 0
ynao_sd_19880922_0310_wang 111 97 14 7 0 1679.87 2306.13 650.45 855.17 1029.42 1450.96 0
ynao_sd_19880923_0055_li 146 131 15 5 0 1596.1 2085.7 762.47 973.08 833.63 1112.62 0
ynao_sd_19880924_0250_li 133 111 22 10 0 1657.09 2340.05 662.94 892.52 994.15 1447.53 0
ynao_sd_19880925_0045_wang 25 18 7 3 0 638.26 859.33 157.25 203.49 481.01 655.84 0
ynao_sd_19880930_0730_li 105 92 13 6 1 1708.63 2188.88 639.39 779.08 1069.24 1409.8 52.71
ynao_sd_19881001_0550_wang 73 56 17 8 0 1993.78 2783.65 488.81 607.34 1504.97 2176.31 0
ynao_sd_19881003_0840_wang 106 74 32 12 0 3365.05 5772.12 753.99 1195.15 2611.06 4576.97 0
ynao_sd_19881006_0740_li 95 68 27 6 0 3037.86 4240.74 728.92 1219.07 2308.94 3021.67 0
ynao_sd_19881007_0100_li 113 99 14 5 0 3293.1 4282.93 821.58 1035.35 2471.52 3247.58 0
ynao_sd_19881009_0640_wang 87 64 23 7 0 3423.38 4140.1 804.52 974.09 2618.86 3166.01 0
ynao_sd_19881010_0540_li 100 80 20 10 0 2912.62 3758.42 729.12 937.0 2183.5 2821.42 0
ynao_sd_19881011_0440_li 70 46 24 9 0 3294.0 7015.7 580.09 933.35 2713.91 6082.35 0
ynao_sd_19881014_0105_li 57 51 6 5 0 1275.84 3394.57 304.33 453.17 971.51 2941.4 0
ynao_sd_19881016_0130_wang 58 54 4 3 0 567.94 885.07 307.11 594.4 260.83 290.67 0
ynao_sd_19881020_0300_hong 68 42 26 12 0 2116.25 3544.56 543.92 926.76 1572.33 2617.8 0
ynao_sd_19881021_0240_hong 87 57 30 14 1 2468.99 3358.41 638.95 922.4 1830.04 2436.01 29.77
ynao_sd_19881022_0520_hong 89 49 40 14 0 2712.19 3253.93 688.54 887.19 2023.65 2366.74 0
ynao_sd_19881023_0140_wang 106 54 52 14 0 3023.72 3272.31 711.49 767.2 2312.23 2505.11 0
ynao_sd_19881024_0810_li 136 90 46 22 1 2466.4 2622.93 676.63 709.64 1789.77 1913.29 17.4
ynao_sd_19881025_0050_li 136 95 41 14 0 2607.31 2812.54 651.12 696.3 1956.19 2116.24 0
ynao_sd_19881026_0045_li 109 76 33 14 1 2409.19 2867.59 524.66 625.24 1884.53 2242.35 42.87
ynao_sd_19881027_0100_li 85 55 30 17 1 1737.25 2373.8 494.1 743.66 1243.15 1630.14 34.12
ynao_sd_19881028_0100_li 115 100 15 14 0 1398.69 2159.2 658.52 1046.04 740.17 1113.16 0
ynao_sd_19881029_0115_li 63 50 13 11 0 1161.7 2515.43 342.86 756.38 818.84 1759.05 0
ynao_sd_19881030_0130_li 59 50 9 7 0 968.69 1908.67 317.26 556.78 651.43 1351.89 0
ynao_sd_19881031_0100_hong 65 54 11 6 0 1322.16 2219.43 469.78 692.5 852.38 1526.93 0
ynao_sd_19881101_0140_hong 76 54 22 12 0 1876.12 3131.34 587.83 938.19 1288.29 2193.15 0
ynao_sd_19881102_0110_hong 60 46 14 9 0 1964.95 3097.79 671.44 993.31 1293.51 2104.48 0
ynao_sd_19881103_0410_hong 65 45 20 10 0 2717.0 3783.81 790.32 1069.54 1926.68 2714.27 0
ynao_sd_19881105_0210_hong 72 53 19 6 0 3329.12 3792.64 885.67 1022.26 2443.45 2770.38 0
ynao_sd_19881106_0540_hong 79 56 23 9 0 3622.66 4185.21 789.32 930.87 2833.34 3254.34 0
ynao_sd_19881107_0115_wang 102 79 23 6 0 3174.07 3827.96 779.17 942.12 2394.9 2885.84 0
ynao_sd_19881108_0115_wang 68 42 26 9 0 2675.4 3607.67 588.02 781.89 2087.38 2825.78 0
ynao_sd_19881109_0100_wang 42 24 18 6 0 2085.34 3176.35 456.03 837.11 1629.31 2339.24 0
ynao_sd_19881110_0110_wang 60 39 21 10 0 2013.08 4248.88 490.43 946.85 1522.65 3302.03 0
ynao_sd_19881111_0910_wang 79 47 32 15 0 2001.32 3858.93 559.26 1123.75 1442.06 2735.18 0
ynao_sd_19881112_0500_wang 119 85 34 13 0 2160.08 3675.92 705.55 1090.6 1454.53 2585.32 0
ynao_sd_19881113_0100_wang 103 75 28 12 0 2262.32 3456.99 696.35 980.38 1565.97 2476.61 0
ynao_sd_19881114_0240_hong 82 57 25 11 0 2231.9 2763.93 649.28 822.19 1582.62 1941.74 0
ynao_sd_19881115_0110_hong 106 84 22 15 0 2300.92 3016.33 733.9 996.68 1567.02 2019.65 0
ynao_sd_19881116_0220_hong 103 77 26 15 0 2454.55 3327.94 776.39 1078.41 1678.16 2249.53 0
ynao_sd_19881117_0210_hong 124 100 24 17 0 2425.24 3606.72 947.68 1422.6 1477.56 2184.12 0
ynao_sd_19881120_0550_hong 77 63 14 10 0 1089.22 1431.51 471.84 602.74 617.38 828.77 0
ynao_sd_19881121_0200_hong 81 67 14 9 0 1081.87 1478.56 461.55 644.57 620.32 833.99 0
ynao_sd_19881122_0520_wang 82 67 15 9 0 1387.05 2117.29 510.32 748.97 876.73 1368.32 0
ynao_sd_19881123_0120_wang 89 74 15 8 0 1274.69 2081.28 511.8 863.53 762.89 1217.75 0
ynao_sd_19881125_0130_wang 38 27 11 7 0 721.38 1820.28 242.91 734.34 478.47 1085.94 0
ynao_sd_19881126_0330_wang 27 18 9 7 0 738.0 1576.03 185.98 391.64 552.02 1184.39 0
ynao_sd_19881129_0840_li 63 58 5 4 0 995.98 1243.11 366.6 463.94 629.38 779.17 0
ynao_sd_19881130_0830_li 73 66 7 4 0 1070.51 1269.69 432.63 555.02 637.88 714.67 0
ynao_sd_19881202_0820_li 90 80 10 7 0 1738.41 2018.74 539.01 663.22 1199.4 1355.52 0
ynao_sd_19881203_0520_li 91 78 13 9 0 2519.08 3090.43 573.53 721.8 1945.55 2368.63 0
ynao_sd_19881204_0830_li 82 68 14 8 0 1549.21 2104.21 465.63 588.68 1083.58 1515.53 0
ynao_sd_19881205_0340_hong 77 62 15 11 0 1863.28 3322.37 661.15 1062.68 1202.13 2259.69 0
ynao_sd_19881206_0350_hong 77 63 14 13 0 1862.91 3440.16 640.49 1134.21 1222.42 2305.95 0
ynao_sd_19881207_0120_hong 79 68 11 8 0 1512.23 2583.09 626.4 1029.08 885.83 1554.01 0
ynao_sd_19881208_0140_hong 55 46 9 5 0 1176.27 1746.69 429.35 686.48 746.92 1060.21 0
ynao_sd_19881210_0705_hong 65 47 18 14 0 1416.61 2221.39 443.91 708.48 972.7 1512.91 0
ynao_sd_19881211_0710_hong 102 82 20 15 0 1884.65 2903.65 709.42 1071.51 1175.23 1832.14 0
ynao_sd_19881212_0330_wang 106 85 21 13 0 1955.79 2666.64 615.02 879.6 1340.77 1787.04 0
ynao_sd_19881214_0945_wang 93 47 46 25 0 3212.41 5360.73 726.71 1223.25 2485.7 4137.48 0
ynao_sd_19881215_0640_wang 134 97 37 23 1 6958.95 9904.53 1066.6 1729.86 5892.35 8174.67 41.36
ynao_sd_19881216_0350_wang 168 128 40 22 0 4505.45 6030.8 1186.54 1595.28 3318.91 4435.52 0
ynao_sd_19881217_0500_wang 194 129 65 23 0 5534.14 7048.53 1258.99 1649.41 4275.15 5399.12 0
ynao_sd_19881218_0200_wang 185 118 67 23 0 6252.8 8132.18 1466.98 1950.98 4785.82 6181.2 0
ynao_sd_19881219_0110_hong 217 152 65 25 0 5575.71 7575.59 1688.89 2423.3 3886.82 5152.29 0
ynao_sd_19881220_0120_hong 223 152 71 38 0 6013.86 8564.12 1652.35 2301.95 4361.51 6262.17 0
ynao_sd_19881221_0110_hong 181 124 57 26 0 5676.05 7738.33 1529.42 2044.94 4146.63 5693.39 0
ynao_sd_19881222_0120_hong 204 139 65 28 0 5516.7 8861.58 1576.88 2596.62 3939.82 6264.96 0
ynao_sd_19881223_0110_hong 202 119 83 36 1 5774.68 9248.75 1431.38 2386.06 4343.3 6862.69 154.51
ynao_sd_19881224_0115_hong 146 92 54 24 0 4882.74 7656.0 1209.24 1897.53 3673.5 5758.47 0
ynao_sd_19881225_0110_hong 146 92 54 23 0 4732.07 8858.91 1125.39 1830.17 3606.68 7028.74 0
ynao_sd_19881226_0120_wang 137 98 39 15 1 3636.84 5009.19 1012.42 1547.99 2624.42 3461.2 27.54
ynao_sd_19881227_0200_wang 135 91 44 21 0 3762.93 4464.46 846.41 1008.99 2916.52 3455.47 0
ynao_sd_19881228_0135_wang 146 94 52 23 1 4762.04 5707.76 1120.62 1353.67 3641.42 4354.09 73.07
ynao_sd_19881229_0710_wang 176 139 37 21 0 3767.37 5034.14 1085.64 1519.68 2681.73 3514.46 0
ynao_sd_19881230_0140_wang 158 126 32 21 0 3171.93 4395.01 1012.47 1412.17 2159.46 2982.84 0
ynao_sd_19881231_0105_wang 142 110 32 17 0 2580.13 3685.38 799.74 1035.93 1780.39 2649.45 0
