ynao_sd_19890101_0230_wang 107 84 23 19 0 2065.34 3133.53 742.06 1129.09 1323.28 2004.44
ynao_sd_19890102_0130_li 127 108 19 7 0 1553.27 2525.24 737.86 1438.29 815.41 1086.95
ynao_sd_19890103_0130_li 77 56 21 8 0 1173.91 2090.14 441.65 859.38 732.26 1230.76
ynao_sd_19890104_0500_li 53 38 15 13 0 1252.42 2523.54 357.41 717.19 895.01 1806.35
ynao_sd_19890105_0130_li 79 59 20 13 0 1784.47 3354.7 519.23 977.03 1265.24 2377.67
ynao_sd_19890106_0120_li 68 47 21 12 0 2549.59 5620.94 439.05 817.75 2110.54 4803.19
ynao_sd_19890107_0130_li 98 76 22 11 0 3371.7 7340.12 742.41 1505.92 2629.29 5834.2
ynao_sd_19890108_0125_wang 151 99 52 17 0 4035.76 7147.42 992.59 1648.59 3043.17 5498.83
ynao_sd_19890109_0120_hong 154 105 49 20 0 4340.91 6172.58 1263.14 1744.24 3077.77 4428.34
ynao_sd_19890110_0130_hong 161 103 58 18 0 5992.06 8397.72 1448.22 2219.44 4543.84 6178.28
ynao_sd_19890111_0130_hong 172 114 58 16 0 5044.87 6584.47 1523.8 1987.41 3521.07 4597.06
ynao_sd_19890112_0130_hong 142 87 55 15 1 5452.66 7582.83 1505.41 2028.75 3947.25 5554.08
ynao_sd_19890115_0410_hong 140 82 58 15 1 6420.5 8579.04 1530.58 2038.73 4889.92 6540.31
ynao_sd_19890116_0410_wang 129 71 58 14 0 6728.15 8916.03 1329.06 1704.58 5399.09 7211.45
ynao_sd_19890117_0300_wang 111 49 62 11 2 7038.3 9542.61 1061.83 1427.71 5976.47 8114.9
ynao_sd_19890118_0300_wang 142 72 70 12 1 5880.9 8727.41 1188.09 1815.03 4692.81 6912.38
ynao_sd_19890119_0110_wang 102 51 51 16 0 4918.98 8089.56 898.46 1584.89 4020.52 6504.67
ynao_sd_19890120_0130_wang 88 52 36 13 0 3877.39 7554.79 653.11 1136.79 3224.28 6418.0
ynao_sd_19890121_0120_wang 46 26 20 12 0 2391.01 5002.66 407.01 918.55 1984.0 4084.11
ynao_sd_19890122_0340_wang 61 37 24 13 0 2238.81 5154.13 496.86 1143.3 1741.95 4010.83
ynao_sd_19890123_0150_li 100 76 24 13 1 3399.87 7256.55 639.55 1273.5 2760.32 5983.05
ynao_sd_19890124_0130_li 118 89 29 13 0 3166.35 4801.15 808.25 1222.82 2358.1 3578.33
ynao_sd_19890125_0240_li 111 83 28 18 0 3110.05 4059.3 761.45 987.41 2348.6 3071.89
ynao_sd_19890126_0105_li 110 82 28 17 0 2888.65 3776.28 737.35 1092.48 2151.3 2683.8
ynao_sd_19890127_0200_li 171 132 39 20 0 2804.02 3535.43 937.58 1180.7 1866.44 2354.73
ynao_sd_19890128_0120_li 197 162 35 17 0 2839.44 3305.18 919.38 1073.07 1920.06 2232.11
ynao_sd_19890129_0110_li 203 168 35 15 0 2566.06 3071.05 1007.91 1172.59 1558.15 1898.46
ynao_sd_19890130_0120_hong 157 122 35 18 0 3142.23 4081.86 1135.48 1382.49 2006.75 2699.37
ynao_sd_19890131_0130_hong 133 103 30 19 0 2249.98 3377.38 836.42 1169.24 1413.56 2208.14
ynao_sd_19890201_0800_hong 97 81 16 13 0 1279.39 2284.0 561.75 1000.17 717.64 1283.83
ynao_sd_19890203_0750_hong 79 69 10 6 0 1138.27 1743.24 520.38 792.07 617.89 951.17
ynao_sd_19890204_0830_hong 51 40 11 9 0 1037.68 1633.66 398.52 624.42 639.16 1009.24
ynao_sd_19890206_0200_li 70 50 20 6 0 1400.64 3490.5 449.49 980.86 951.15 2509.64
ynao_sd_19890207_0200_wang 63 27 36 7 0 2358.73 4615.58 398.55 760.88 1960.18 3854.7
ynao_sd_19890208_0250_wang 60 32 28 11 2 3040.42 5737.89 526.99 1129.94 2513.43 4607.95
ynao_sd_19890209_0120_wang 82 41 41 21 2 3802.63 6440.93 604.27 992.2 3198.36 5448.73
ynao_sd_19890210_0520_wang 113 59 54 17 1 4789.81 6733.49 887.75 1246.01 3902.06 5487.48
ynao_sd_19890211_0850_wang 116 70 46 19 0 5466.32 7275.52 953.81 1359.26 4512.51 5916.26
ynao_sd_19890212_0240_wang 120 70 50 18 1 5780.83 7885.1 966.27 1321.27 4814.56 6563.83
ynao_sd_19890213_0130_li 165 116 49 19 1 4496.39 6161.75 1155.69 1516.08 3340.7 4645.67
ynao_sd_19890214_0105_li 161 100 61 17 0 4478.31 5824.64 1027.58 1271.85 3450.73 4552.79
ynao_sd_19890215_0545_li 121 70 51 16 0 4218.79 5556.24 859.02 1132.06 3359.77 4424.18
ynao_sd_19890216_0200_li 124 76 48 17 1 3502.31 4933.14 826.08 1189.57 2676.23 3743.57
ynao_sd_19890217_0105_li 126 88 38 19 0 2981.85 4733.98 774.99 1152.52 2206.86 3581.46
ynao_sd_19890218_0110_li 126 106 20 12 0 1782.16 2597.76 750.88 1067.31 1031.28 1530.45
ynao_sd_19890219_0115_li 126 106 20 6 0 1409.28 1975.92 765.02 1090.58 644.26 885.34
ynao_sd_19890220_0120_hong 120 102 18 8 0 1912.5 2471.0 857.54 1219.54 1054.96 1251.46
ynao_sd_19890221_0110_hong 136 109 27 8 1 2775.98 3234.41 1010.1 1274.4 1765.88 1960.01
ynao_sd_19890222_0120_hong 134 102 32 12 0 3423.31 3865.8 1050.09 1239.73 2373.22 2626.07
ynao_sd_19890223_0110_hong 116 85 31 13 0 3782.85 4454.38 1062.57 1262.54 2720.28 3191.84
ynao_sd_19890224_0110_hong 107 75 32 12 0 4119.2 5653.15 1116.41 1657.53 3002.79 3995.62
ynao_sd_19890225_0105_hong 114 91 23 11 1 3202.95 5151.77 1121.17 1702.49 2081.78 3449.28
ynao_sd_19890226_0530_hong 85 66 19 13 0 2397.74 4073.37 829.41 1302.16 1568.33 2771.21
ynao_sd_19890227_0115_wang 109 93 16 10 0 1739.94 3044.45 652.04 1033.59 1087.9 2010.86
ynao_sd_19890228_0105_wang 60 50 10 7 0 1117.05 2171.77 415.58 659.05 701.47 1512.72
ynao_sd_19890301_0120_wang 70 64 6 6 0 1250.61 2042.86 399.81 551.31 850.8 1491.55
ynao_sd_19890302_0120_wang 70 55 15 8 0 1578.16 2369.37 516.89 641.74 1061.27 1727.63
ynao_sd_19890303_0125_wang 64 38 26 8 0 2082.87 2586.85 502.25 628.8 1580.62 1958.05
ynao_sd_19890304_0130_wang 35 17 18 8 0 1665.81 2262.13 309.4 425.66 1356.41 1836.47
ynao_sd_19890305_0610_wang 34 20 14 7 0 1410.67 2214.33 281.6 461.68 1129.07 1752.65
ynao_sd_19890306_0535_li 27 13 14 7 0 894.1 1611.78 177.0 314.57 717.1 1297.21
ynao_sd_19890308_0740_li 29 23 6 3 0 365.65 541.29 186.49 296.57 179.16 244.72
ynao_sd_19890309_0250_li 55 44 11 7 0 556.77 862.97 289.55 440.23 267.22 422.74
ynao_sd_19890310_0125_li 82 60 22 9 0 2537.41 3754.09 635.22 968.0 1902.19 2786.09
ynao_sd_19890311_0115_li 133 92 41 7 0 4778.55 6501.01 998.81 1339.36 3779.74 5161.65
ynao_sd_19890312_0015_li 84 33 51 5 1 4639.98 5942.87 908.95 1159.41 3731.03 4783.46
ynao_sd_19890313_0200_hong 120 57 63 7 2 6626.53 8782.76 1402.9 1817.41 5223.63 6965.35
ynao_sd_19890314_0110_hong 134 76 58 7 1 1528.13 2072.83 1177.06 1581.37 351.07 491.46
ynao_sd_19890315_0130_hong 155 89 66 10 0 4332.27 6079.41 1428.05 1969.25 2904.22 4110.16
ynao_sd_19890316_0120_hong 140 92 48 10 2 4701.48 7559.42 1262.11 2051.85 3439.37 5507.57
ynao_sd_19890317_0110_hong 139 86 53 13 1 2740.9 5080.14 1138.73 2014.81 1602.17 3065.33
ynao_sd_19890318_0130_hong 116 82 34 11 0 3682.71 8065.27 987.34 1865.49 2695.37 6199.78
ynao_sd_19890319_0410_hong 85 61 24 11 0 2241.96 3762.55 652.86 1278.42 1589.1 2484.13
ynao_sd_19890320_0120_wang 121 100 21 6 0 2389.19 2934.85 780.49 1021.98 1608.7 1912.87
ynao_sd_19890322_0100_wang 115 68 47 15 1 4346.72 5922.21 753.04 1000.63 3593.68 4921.58
ynao_sd_19890324_0150_wang 107 67 40 15 0 3443.22 4630.81 739.51 991.2 2703.71 3639.61
ynao_sd_19890325_0120_wang 79 49 30 11 0 2892.13 3996.51 593.54 814.74 2298.59 3181.77
ynao_sd_19890326_0100_wang 64 41 23 12 0 2238.21 3335.5 433.66 652.8 1804.55 2682.7
ynao_sd_19890327_0620_li 77 63 14 8 0 1195.68 1591.74 432.12 650.75 763.56 940.99
ynao_sd_19890328_0500_li 56 42 14 5 0 1061.84 1194.44 301.37 357.47 760.47 836.97
ynao_sd_19890329_0120_li 37 27 10 5 0 778.67 962.23 242.37 340.82 536.3 621.41
ynao_sd_19890330_0120_li 40 35 5 3 0 918.75 2018.07 301.01 693.95 617.74 1324.12
ynao_sd_19890331_0045_li 33 21 12 5 0 1358.93 2663.25 252.24 464.13 1106.69 2199.12
ynao_sd_19890401_0040_li 52 34 18 8 0 1614.35 2556.64 396.07 621.68 1218.28 1934.96
ynao_sd_19890402_0100_li 71 47 24 7 0 1922.79 2612.87 483.62 768.63 1439.17 1844.24
ynao_sd_19890403_0110_hong 97 63 34 9 0 2620.82 3433.76 685.51 1038.06 1935.31 2395.7
ynao_sd_19890404_0115_hong 84 52 32 11 0 2981.01 3561.88 768.36 1004.85 2212.65 2557.03
ynao_sd_19890405_0110_hong 84 63 21 11 1 2673.33 2999.78 777.2 929.59 1896.13 2070.19
ynao_sd_19890406_0120_hong 86 66 20 7 0 2724.92 2971.1 840.6 918.82 1884.32 2052.28
ynao_sd_19890407_0110_hong 106 90 16 8 0 2742.68 3215.18 824.89 1015.77 1917.79 2199.41
ynao_sd_19890408_0140_hong 85 67 18 12 0 2264.8 3179.83 717.67 1019.08 1547.13 2160.75
ynao_sd_19890409_0710_hong 80 58 22 12 0 1962.34 3337.05 623.15 987.4 1339.19 2349.65
ynao_sd_19890410_0235_wang 72 51 21 8 0 1514.73 2669.02 407.26 631.34 1107.47 2037.68
ynao_sd_19890411_0300_wang 52 45 7 4 0 660.83 859.32 315.32 485.32 345.51 374.0
ynao_sd_19890412_0150_wang 53 43 10 5 0 553.15 947.32 274.01 406.03 279.14 541.29
ynao_sd_19890413_0230_wang 50 41 9 5 0 848.77 1738.03 372.31 786.37 476.46 951.66
ynao_sd_19890414_0100_wang 36 20 16 6 0 1685.11 3168.0 346.06 624.39 1339.05 2543.61
ynao_sd_19890415_0050_wang 78 56 22 10 0 2572.28 3712.15 633.74 861.03 1938.54 2851.12
ynao_sd_19890416_0210_wang 74 49 25 9 0 3020.92 4197.78 682.47 1183.77 2338.45 3014.01
ynao_sd_19890417_0105_li 116 89 27 11 0 3096.43 3987.7 828.68 1457.46 2267.75 2530.24
ynao_sd_19890418_0055_li 140 99 41 14 0 3515.46 4639.48 926.4 1260.89 2589.06 3378.59
ynao_sd_19890419_0020_li 124 95 29 13 0 3032.3 3848.81 790.31 1007.95 2241.99 2840.86
ynao_sd_19890420_0150_li 131 109 22 12 0 2815.26 3634.99 895.79 1144.98 1919.47 2490.01
ynao_sd_19890421_0050_li 146 125 21 12 0 2803.08 3803.48 910.69 1213.9 1892.39 2589.58
ynao_sd_19890422_0120_li 82 65 17 11 0 2066.52 3092.93 551.94 761.96 1514.58 2330.97
ynao_sd_19890423_0055_li 86 68 18 9 1 2107.6 2788.88 600.14 812.72 1507.46 1976.16
ynao_sd_19890424_0420_hong 94 76 18 10 0 1991.31 2870.24 720.8 1030.92 1270.51 1839.32
ynao_sd_19890425_0410_hong 86 69 17 10 0 2108.59 2876.87 694.04 1033.27 1414.55 1843.6
ynao_sd_19890426_0105_hong 95 77 18 13 0 2266.84 3611.94 751.83 1158.86 1515.01 2453.08
ynao_sd_19890427_0110_hong 101 78 23 12 0 2134.69 3361.53 787.29 1204.66 1347.4 2156.87
ynao_sd_19890428_0105_hong 109 91 18 13 0 2297.4 3595.42 849.17 1298.89 1448.23 2296.53
ynao_sd_19890429_0120_hong 98 84 14 8 0 1965.65 3233.78 664.29 996.08 1301.36 2237.7
ynao_sd_19890430_0420_hong 76 67 9 6 0 1704.75 2419.74 693.01 969.91 1011.74 1449.83
ynao_sd_19890501_0001_wang 52 47 5 4 0 1334.42 1835.29 425.83 599.58 908.59 1235.71
ynao_sd_19890502_0100_wang 59 42 17 5 0 1841.79 2528.83 479.54 642.98 1362.25 1885.85
ynao_sd_19890503_0300_wang 70 56 14 7 0 2038.53 2586.36 637.93 812.82 1400.6 1773.54
ynao_sd_19890504_0800_wang 83 49 34 5 0 2631.69 3306.02 594.37 778.65 2037.32 2527.37
ynao_sd_19890505_0740_wang 72 40 32 9 0 2656.59 3439.04 577.74 761.94 2078.85 2677.1
ynao_sd_19890506_0050_wang 68 38 30 8 0 2676.28 3739.48 498.06 707.92 2178.22 3031.56
ynao_sd_19890507_0005_wang 83 59 24 10 0 2076.04 3528.99 526.84 785.46 1549.2 2743.53
ynao_sd_19890508_0025_li 139 121 18 9 0 1626.48 3093.36 737.32 1255.41 889.16 1837.95
ynao_sd_19890509_0010_li 153 138 15 7 0 1557.95 2404.64 816.66 1175.54 741.29 1229.1
ynao_sd_19890510_0035_li 109 96 13 6 0 1474.36 2156.54 628.77 884.06 845.59 1272.48
ynao_sd_19890511_0045_li 93 77 16 6 0 1391.75 1871.37 519.34 647.32 872.41 1224.05
ynao_sd_19890512_0030_li 74 63 11 6 0 1338.62 1769.26 446.39 688.37 892.23 1080.89
ynao_sd_19890516_0150_hong 108 82 26 17 1 2112.05 2928.21 713.94 1001.52 1398.11 1926.69
ynao_sd_19890517_0100_hong 112 90 22 11 0 2152.57 2813.51 805.14 1032.24 1347.43 1781.27
ynao_sd_19890518_0105_hong 124 104 20 10 0 2204.22 2897.36 890.82 1137.86 1313.4 1759.5
ynao_sd_19890519_0050_hong 116 93 23 16 0 2261.9 3123.92 771.56 1040.39 1490.34 2083.53
ynao_sd_19890520_0830_hong 130 91 39 18 0 2819.5 3401.45 895.73 1117.74 1923.77 2283.71
ynao_sd_19890521_0530_hong 132 91 41 21 0 3135.02 3804.04 999.17 1232.33 2135.85 2571.71
ynao_sd_19890522_0120_wang 166 110 56 19 0 3468.18 4445.87 994.84 1281.42 2473.34 3164.45
ynao_sd_19890526_0020_li 135 85 50 20 2 3257.37 5066.91 880.4 1440.34 2376.97 3626.57
ynao_sd_19890527_0035_wang 129 95 34 15 0 3179.71 4989.43 899.66 1381.33 2280.05 3608.1
ynao_sd_19890528_0040_wang 86 63 23 11 0 2774.84 4376.78 667.94 1160.99 2106.9 3215.79
ynao_sd_19890531_0020_li 96 82 14 7 0 2157.68 2543.66 638.97 761.17 1518.71 1782.49
ynao_sd_19890602_0940_li 28 23 5 5 0 688.03 986.1 178.7 267.27 509.33 718.83
ynao_sd_19890603_0030_li 137 97 40 12 0 2690.05 4063.79 733.81 1234.14 1956.24 2829.65
ynao_sd_19890604_0440_li 110 74 36 12 0 2221.62 4889.2 666.79 1271.74 1554.83 3617.46
ynao_sd_19890605_0320_hong 128 87 41 18 1 2711.93 5936.48 796.23 1424.43 1915.7 4512.05
ynao_sd_19890606_0100_hong 121 91 30 11 0 2270.66 3893.52 809.97 1194.08 1460.69 2699.44
ynao_sd_19890607_0050_hong 89 76 13 7 0 1929.38 2456.09 706.24 877.22 1223.14 1578.87
ynao_sd_19890608_0100_hong 117 91 26 11 0 1911.43 2929.08 700.79 1252.92 1210.64 1676.16
ynao_sd_19890609_0910_hong 107 70 37 12 0 3134.98 6402.0 790.33 1334.98 2344.65 5067.02
ynao_sd_19890610_0110_hong 140 95 45 19 0 3847.27 7024.54 1098.24 1955.4 2749.03 5069.14
ynao_sd_19890611_0100_hong 188 118 70 25 0 5635.03 8895.3 1428.48 2143.08 4206.55 6752.22
ynao_sd_19890612_0050_wang 229 147 82 24 1 7425.3 10186.75 1447.63 1966.47 5977.67 8220.28
ynao_sd_19890613_0025_wang 238 153 85 22 4 7542.44 9477.73 1556.06 2022.2 5986.38 7455.53
ynao_sd_19890614_0820_wang 249 154 95 25 0 8570.09 10441.62 1795.99 2308.44 6774.1 8133.18
ynao_sd_19890615_0600_wang 232 130 102 29 3 5587.9 7260.2 1530.69 2047.28 4057.21 5212.92
ynao_sd_19890616_0340_wang 220 119 101 25 3 10408.93 12482.52 1562.74 2033.27 8846.19 10449.25
ynao_sd_19890617_0020_wang 212 123 89 32 1 8376.66 10633.06 1508.5 2040.94 6868.16 8592.12
ynao_sd_19890618_0200_wang 189 130 59 22 1 6486.45 9214.88 1421.3 1908.0 5065.15 7306.88
ynao_sd_19890619_0130_li 139 95 44 24 0 4200.04 6919.32 857.78 1301.24 3342.26 5618.08
ynao_sd_19890620_0210_li 128 96 32 17 1 3242.83 6724.56 876.9 1752.83 2365.93 4971.73
ynao_sd_19890621_0200_li 102 68 34 13 0 2104.49 3987.08 675.13 1369.56 1429.36 2617.52
ynao_sd_19890622_0405_li 112 72 40 22 0 3056.05 5161.93 731.69 1295.72 2324.36 3866.21
ynao_sd_19890623_0800_li 108 71 37 18 0 3636.35 5075.25 819.59 1130.82 2816.76 3944.43
ynao_sd_19890624_0105_li 138 94 44 25 0 3994.7 5226.27 1013.73 1366.14 2980.97 3860.13
ynao_sd_19890625_0110_li 158 110 48 23 0 4162.28 4996.82 1006.48 1222.7 3155.8 3774.12
ynao_sd_19890626_0210_hong 216 170 46 25 0 4867.29 5734.16 1528.76 1799.18 3338.53 3934.98
ynao_sd_19890627_0200_hong 208 162 46 25 0 4426.76 5185.0 1440.03 1698.78 2986.73 3486.22
ynao_sd_19890628_0550_hong 180 130 50 29 0 4792.96 5353.26 1321.44 1525.19 3471.52 3828.07
ynao_sd_19890629_0710_hong 131 87 44 24 0 3705.41 4424.26 932.68 1085.88 2772.73 3338.38
ynao_sd_19890701_0705_hong 73 44 29 16 0 2301.25 4037.6 530.87 950.7 1770.38 3086.9
ynao_sd_19890702_0830_hong 77 48 29 17 0 1735.73 3620.58 508.99 985.12 1226.74 2635.46
ynao_sd_19890705_0345_wang 71 55 16 7 0 1106.35 1812.7 418.13 750.01 688.22 1062.69
ynao_sd_19890706_0005_wang 87 75 12 8 0 1144.38 1799.02 493.67 816.81 650.71 982.21
ynao_sd_19890707_0120_wang 118 92 26 16 0 1756.91 2678.4 649.32 887.62 1107.59 1790.78
ynao_sd_19890708_0530_wang 84 70 14 13 0 1395.91 1966.85 497.12 684.36 898.79 1282.49
ynao_sd_19890709_0415_wang 72 58 14 9 0 1473.46 1937.4 484.39 605.26 989.07 1332.14
ynao_sd_19890710_0410_hong 86 74 12 7 0 1475.77 1790.06 591.43 720.55 884.34 1069.51
ynao_sd_19890711_0140_hong 73 64 9 8 0 1683.91 2674.11 617.0 977.72 1066.91 1696.39
ynao_sd_19890713_0200_hong 68 57 11 7 0 1809.89 2582.49 602.72 779.04 1207.17 1803.45
ynao_sd_19890714_0120_hong 79 68 11 5 0 1829.15 2458.56 713.09 917.48 1116.06 1541.08
ynao_sd_19890715_0405_hong 73 63 10 5 0 1789.53 2197.16 571.41 751.58 1218.12 1445.58
ynao_sd_19890716_0240_hong 53 38 15 7 0 1788.71 2668.26 470.17 868.82 1318.54 1799.44
ynao_sd_19890717_0520_li 66 48 18 8 0 1397.57 2310.54 410.68 612.86 986.89 1697.68
ynao_sd_19890718_0030_li 83 66 17 9 0 1417.91 2488.49 408.96 645.66 1008.95 1842.83
ynao_sd_19890720_0620_li 107 91 16 7 0 1828.6 2421.09 586.76 790.79 1241.84 1630.3
ynao_sd_19890721_0050_li 160 143 17 7 0 2070.02 2571.75 882.08 1112.09 1187.94 1459.66
ynao_sd_19890722_0015_li 186 169 17 12 0 2307.2 2752.25 922.41 1104.8 1384.79 1647.45
ynao_sd_19890723_0030_li 168 147 21 12 0 2341.9 2931.78 909.12 1152.02 1432.78 1779.76
ynao_sd_19890724_0100_wang 159 133 26 16 0 3033.74 4022.57 975.36 1294.47 2058.38 2728.1
ynao_sd_19890725_0045_wang 131 112 19 12 1 2615.76 3867.63 825.38 1242.17 1790.38 2625.46
ynao_sd_19890729_0600_wang 37 28 9 4 0 1215.77 2440.03 316.0 635.16 899.77 1804.87
ynao_sd_19890801_0410_hong 105 85 20 10 0 2398.34 3525.43 841.97 1210.99 1556.37 2314.44
ynao_sd_19890802_0520_hong 84 63 21 10 0 2399.09 3425.15 757.38 1057.82 1641.71 2367.33
ynao_sd_19890804_0110_hong 125 97 28 11 0 3277.87 5697.03 1026.61 1605.57 2251.26 4091.46
ynao_sd_19890805_0110_hong 148 127 21 11 0 3539.02 5656.89 1267.61 1925.41 2271.41 3731.48
ynao_sd_19890806_0120_hong 158 129 29 16 0 4364.78 6494.18 1306.05 1944.94 3058.73 4549.24
ynao_sd_19890808_0100_li 157 105 52 19 0 4547.43 6364.42 1041.97 1466.26 3505.46 4898.16
ynao_sd_19890809_0115_li 133 79 54 20 0 4666.93 5988.85 930.08 1311.17 3736.85 4677.68
ynao_sd_19890810_0040_li 159 106 53 15 0 4470.65 5560.51 1032.09 1283.24 3438.56 4277.27
ynao_sd_19890811_0015_li 129 86 43 16 1 4044.03 5044.59 967.0 1302.06 3077.03 3742.53
ynao_sd_19890812_0050_li 119 78 41 14 0 3577.37 5275.17 805.3 1168.89 2772.07 4106.28
ynao_sd_19890813_0335_wang 125 79 46 16 1 4664.22 8647.1 983.77 1648.75 3680.45 6998.35
ynao_sd_19890814_0550_wang 173 105 68 12 4 5987.19 10843.58 1175.71 2175.13 4811.48 8668.45
ynao_sd_19890815_0045_wang 159 100 59 12 0 6379.65 10423.05 1113.52 1787.02 5266.13 8636.03
ynao_sd_19890816_0250_wang 150 82 68 11 4 6404.86 8009.93 1026.11 1385.53 5378.75 6624.4
ynao_sd_19890817_0010_wang 171 93 78 12 6 6929.18 7896.19 1156.35 1347.46 5772.83 6548.73
ynao_sd_19890818_0110_wang 181 115 66 11 4 6415.19 6950.31 1283.94 1480.63 5131.25 5469.68
ynao_sd_19890819_0240_wang 175 114 61 17 0 4719.21 5326.93 1145.92 1348.29 3573.29 3978.64
ynao_sd_19890820_0440_wang 167 121 46 15 1 4723.76 5694.11 1101.63 1419.59 3622.13 4274.52
ynao_sd_19890821_0100_hong 177 144 33 13 0 3861.18 5059.0 1294.15 1683.5 2567.03 3375.5
ynao_sd_19890822_0100_hong 146 128 18 10 1 2792.06 4539.77 1113.46 1740.62 1678.6 2799.15
ynao_sd_19890823_0105_hong 95 79 16 10 0 2092.62 4016.29 772.35 1356.87 1320.27 2659.42
ynao_sd_19890824_0110_hong 74 63 11 8 0 1474.04 3778.25 628.67 1368.93 845.37 2409.32
ynao_sd_19890825_0200_hong 44 37 7 6 0 773.28 1890.0 304.1 540.46 469.18 1349.54
ynao_sd_19890826_0230_hong 26 23 3 3 0 474.06 851.14 195.22 306.94 278.84 544.2
ynao_sd_19890827_0140_hong 26 21 5 3 0 651.47 841.76 214.56 301.09 436.91 540.67
ynao_sd_19890828_0620_wang 33 30 3 3 0 671.38 893.81 213.45 325.98 457.93 567.83
ynao_sd_19890829_0200_wang 25 19 6 5 0 650.95 1139.54 147.93 237.32 503.02 902.22
ynao_sd_19890830_0230_wang 51 26 25 7 0 2065.18 5957.66 401.23 1007.49 1663.95 4950.17
ynao_sd_19890831_0520_wang 70 38 32 9 0 3769.82 8034.31 556.63 1015.4 3213.19 7018.91
ynao_sd_19890901_0340_wang 80 34 46 8 0 4687.22 7922.3 670.87 1100.23 4016.35 6822.07
ynao_sd_19890902_0230_wang 151 76 75 9 1 6405.99 9062.08 1181.32 1683.59 5224.67 7378.49
ynao_sd_19890903_0440_wang 156 66 90 10 0 6974.32 8667.05 1266.93 1621.15 5707.39 7045.9
ynao_sd_19890906_0230_li 166 101 65 21 0 6464.69 7945.77 1255.92 1577.26 5208.77 6368.51
ynao_sd_19890907_0040_li 188 114 74 18 0 6952.33 10717.83 1252.93 1700.15 5699.4 9017.68
ynao_sd_19890908_0140_li 162 98 64 22 2 5793.9 8125.07 1161.01 1570.6 4632.89 6554.47
ynao_sd_19890909_0025_li 208 146 62 24 0 5406.47 8302.63 1417.66 2180.32 3988.81 6122.31
ynao_sd_19890910_0020_li 238 180 58 22 0 4922.38 7460.08 1429.94 2155.89 3492.44 5304.19
ynao_sd_19890911_0100_hong 250 185 65 32 0 6450.19 8764.77 1870.03 2490.3 4580.16 6274.47
ynao_sd_19890912_0540_hong 237 185 52 25 0 5121.57 6237.54 1742.94 2348.31 3378.63 3889.23
ynao_sd_19890913_0920_hong 236 186 50 24 0 4744.91 5980.58 1599.58 1972.13 3145.33 4008.45
ynao_sd_19890916_0130_hong 150 108 42 27 0 4854.83 8217.12 1105.35 1568.81 3749.48 6648.31
ynao_sd_19890917_0220_hong 109 73 36 17 0 3214.61 5566.66 885.99 1397.2 2328.62 4169.46
ynao_sd_19890918_0850_duan 59 29 30 10 0 2468.68 4241.03 491.16 814.66 1977.52 3426.37
ynao_sd_19890919_0540_duan 103 65 38 15 0 2859.4 4927.7 758.73 1262.8 2100.67 3664.9
ynao_sd_19890920_0640_duan 97 52 45 15 0 2538.25 3705.1 811.98 1150.91 1726.27 2554.19
ynao_sd_19890921_0105_duan 79 47 32 6 0 2760.77 3552.82 708.9 1011.58 2051.87 2541.24
ynao_sd_19890922_0040_duan 69 40 29 8 0 2731.73 3442.31 603.71 775.07 2128.02 2667.24
ynao_sd_19890923_0050_duan 113 71 42 3 0 2607.62 3364.08 887.23 1274.25 1720.39 2089.83
ynao_sd_19890924_0040_duan 79 60 19 3 0 2358.73 3075.66 721.14 953.66 1637.59 2122.0
ynao_sd_19890925_0020_duan 76 52 24 3 0 2028.33 2957.12 705.92 1032.05 1322.41 1925.07
ynao_sd_19890926_0120_duan 66 50 16 4 0 1970.5 3574.84 591.33 1106.57 1379.17 2468.27
ynao_sd_19890927_0120_duan 66 47 19 3 0 1824.05 4361.27 576.94 1413.83 1247.11 2947.44
ynao_sd_19890928_0150_duan 100 83 17 8 0 1599.3 4108.73 697.68 1482.2 901.62 2626.53
ynao_sd_19890929_0300_duan 80 58 22 8 0 1520.64 2989.07 591.5 1062.48 929.14 1926.59
ynao_sd_19890930_0200_duan 120 95 25 11 0 1963.46 3444.26 782.17 1324.45 1181.29 2119.81
ynao_sd_19891001_0410_ru 98 81 17 11 0 2082.79 2965.94 750.79 1069.25 1332.0 1896.69
ynao_sd_19891003_0750_li 112 91 21 10 0 1903.87 2790.87 636.87 940.26 1267.0 1850.61
ynao_sd_19891004_0340_li 77 62 15 8 0 1909.8 2599.11 564.92 817.36 1344.88 1781.75
ynao_sd_19891005_0230_li 83 64 19 11 0 2071.94 2718.04 587.34 821.26 1484.6 1896.78
ynao_sd_19891006_0300_li 93 69 24 11 0 2242.78 2984.28 594.7 811.22 1648.08 2173.06
ynao_sd_19891007_0305_li 89 64 25 11 0 2115.86 2705.74 601.18 757.27 1514.68 1948.47
ynao_sd_19891011_0830_hong 66 56 10 9 0 1376.62 2068.0 518.57 725.37 858.05 1342.63
ynao_sd_19891012_0210_hong 103 84 19 12 0 1993.2 3038.45 751.94 1120.3 1241.26 1918.15
ynao_sd_19891013_0050_hong 106 83 23 9 0 2594.0 3531.67 867.58 1181.83 1726.42 2349.84
ynao_sd_19891015_0840_hong 128 104 24 16 0 3055.28 4055.63 933.22 1207.6 2122.06 2848.03
ynao_sd_19891016_0100_hong 134 98 36 17 0 3014.08 3919.3 980.33 1243.73 2033.75 2675.57
ynao_sd_19891018_0310_ru 153 120 33 14 1 4086.66 5855.69 1205.13 1645.53 2881.53 4210.16
ynao_sd_19891021_0550_hong 116 92 24 11 0 2697.13 3824.06 985.27 1428.42 1711.86 2395.64
ynao_sd_19891022_0040_ru 108 86 22 10 1 2644.73 3829.02 841.53 1250.19 1803.2 2578.83
ynao_sd_19891024_0410_ru 114 97 17 12 0 2814.41 4556.94 1158.63 1830.56 1655.78 2726.38
ynao_sd_19891025_0230_ru 118 100 18 10 0 1996.97 3810.48 917.06 1621.42 1079.91 2189.06
ynao_sd_19891026_0230_ru 80 72 8 4 0 1415.68 2731.56 726.6 1309.83 689.08 1421.73
ynao_sd_19891027_0530_ru 73 68 5 3 0 1050.67 1371.19 543.03 778.58 507.64 592.61
ynao_sd_19891028_0050_ru 56 41 15 6 0 1110.05 1458.08 387.15 500.72 722.9 957.36
ynao_sd_19891029_0050_ru 108 96 12 5 0 1488.13 2435.89 840.08 1457.48 648.05 978.41
ynao_sd_19891030_0200_ru 85 69 16 11 0 1818.18 3057.32 750.93 1400.79 1067.25 1656.53
ynao_sd_19891031_0100_ru 81 59 22 14 0 2146.39 3687.49 689.13 1129.37 1457.26 2558.12
ynao_sd_19891101_0300_ru 124 86 38 14 1 2956.1 4208.25 1031.75 1406.14 1924.35 2802.11
ynao_sd_19891102_0220_ru 114 81 33 19 1 2964.48 4337.07 1054.87 1568.98 1909.61 2768.09
ynao_sd_19891103_0050_ru 141 111 30 16 0 3204.69 4575.17 1231.0 1706.24 1973.69 2868.93
ynao_sd_19891104_0110_ru 128 98 30 20 0 3372.4 5067.3 1364.12 2029.72 2008.28 3037.58
ynao_sd_19891105_0050_ru 179 115 64 20 0 4184.97 5948.38 1281.57 1739.81 2903.4 4208.57
ynao_sd_19891106_0120_wang 201 150 51 25 0 3665.6 4748.83 1140.27 1480.38 2525.33 3268.45
ynao_sd_19891107_0150_wang 209 137 72 31 0 4841.34 6502.18 1184.59 1582.91 3656.75 4919.27
ynao_sd_19891108_0140_wang 229 154 75 33 1 4716.19 6403.14 1285.07 1833.2 3431.12 4569.94
ynao_sd_19891109_0140_wang 198 135 63 23 0 4217.67 5227.34 1140.95 1529.44 3076.72 3697.9
ynao_sd_19891110_0340_wang 188 110 78 18 1 4434.8 5735.75 1188.53 1973.45 3246.27 3762.3
ynao_sd_19891111_0125_wang 187 132 55 15 2 4081.19 5449.59 1073.16 1458.19 3008.03 3991.4
ynao_sd_19891112_0200_wang 178 121 57 17 1 4097.67 5752.36 1121.91 1563.86 2975.76 4188.5
ynao_sd_19891113_0130_hong 171 141 30 19 0 3213.52 4796.57 1169.1 1630.93 2044.42 3165.64
ynao_sd_19891114_0530_hong 118 85 33 14 0 3328.63 5132.73 974.98 1452.13 2353.65 3680.6
ynao_sd_19891115_0100_hong 118 92 26 12 0 2973.51 4490.92 952.79 1374.11 2020.72 3116.81
ynao_sd_19891117_0110_hong 89 69 20 11 0 3078.96 6051.35 620.62 896.58 2458.34 5154.77
ynao_sd_19891118_0650_hong 87 71 16 13 1 1703.51 2667.5 642.68 953.93 1060.83 1713.57
ynao_sd_19891119_0250_hong 111 81 30 12 0 2515.13 3543.6 783.45 1087.5 1731.68 2456.1
ynao_sd_19891120_0150_ru 117 87 30 11 0 2914.8 4384.72 942.11 1383.68 1972.69 3001.04
ynao_sd_19891121_0050_ru 103 72 31 12 0 2557.32 4099.52 796.07 1238.85 1761.25 2860.67
ynao_sd_19891122_0130_ru 111 82 29 7 0 3386.57 4690.52 1046.32 1548.92 2340.25 3141.6
ynao_sd_19891123_0050_ru 122 85 37 10 0 3460.3 4619.96 1101.64 1498.58 2358.66 3121.38
ynao_sd_19891124_0310_ru 93 68 25 9 0 3271.9 4314.25 1029.52 1363.78 2242.38 2950.47
ynao_sd_19891125_0130_ru 96 75 21 12 0 2862.05 3712.31 921.24 1192.23 1940.81 2520.08
ynao_sd_19891126_0150_ru 148 112 36 13 0 4759.96 6201.86 1396.71 1864.39 3363.25 4337.47
ynao_sd_19891127_0110_ru 138 93 45 14 0 5723.91 7532.93 1799.98 2454.8 3923.93 5078.13
ynao_sd_19891130_0210_ru 86 52 34 13 1 3378.62 4678.89 1187.23 1727.08 2191.39 2951.81
ynao_sd_19891202_0100_li 82 66 16 10 0 2524.27 3783.52 655.8 1032.74 1868.47 2750.78
ynao_sd_19891203_0100_ru 110 78 32 11 0 3238.37 5084.95 1138.53 1701.28 2099.84 3383.67
ynao_sd_19891204_0105_li 78 51 27 13 0 3153.35 4588.49 608.21 821.83 2545.14 3766.66
ynao_sd_19891205_0130_li 108 81 27 12 1 2674.61 3934.37 723.07 1105.82 1951.54 2828.55
ynao_sd_19891207_0120_li 100 78 22 11 0 2192.23 2750.65 652.86 879.38 1539.37 1871.27
ynao_sd_19891208_0140_li 123 100 23 13 0 1929.0 2532.18 753.17 1037.55 1175.83 1494.63
ynao_sd_19891209_0230_li 83 66 17 11 0 1642.65 2296.04 537.9 811.87 1104.75 1484.17
ynao_sd_19891210_0150_li 67 55 12 8 0 1226.01 1812.89 396.16 608.12 829.85 1204.77
ynao_sd_19891211_0300_wang 66 56 10 5 0 1096.05 1637.7 403.8 573.68 692.25 1064.02
ynao_sd_19891212_0120_wang 55 45 10 5 0 852.6 1643.58 315.71 605.43 536.89 1038.15
ynao_sd_19891213_0220_wang 42 34 8 8 0 834.44 2069.94 262.07 568.32 572.37 1501.62
ynao_sd_19891215_0120_wang 38 29 9 8 0 986.36 1596.58 275.8 420.99 710.56 1175.59
ynao_sd_19891216_0200_wang 40 32 8 6 0 1166.35 1935.58 294.86 461.23 871.49 1474.35
ynao_sd_19891217_0930_wang 55 43 12 10 0 1619.33 2276.28 541.55 716.28 1077.78 1560.0
ynao_sd_19891218_0530_hong 88 66 22 11 0 2148.0 2865.64 649.28 854.08 1498.72 2011.56
ynao_sd_19891219_0520_hong 77 56 21 12 0 2363.04 3584.7 676.87 1065.83 1686.17 2518.87
ynao_sd_19891220_0910_hong 42 26 16 13 0 2361.52 3661.74 488.41 753.55 1873.11 2908.19
ynao_sd_19891221_0130_hong 69 53 16 11 0 2052.21 3207.47 558.7 890.47 1493.51 2317.0
ynao_sd_19891222_0140_hong 69 48 21 11 0 2158.26 2971.21 603.69 878.06 1554.57 2093.15
ynao_sd_19891223_0550_hong 107 72 35 17 0 3821.51 9015.56 901.0 1638.65 2920.51 7376.91
ynao_sd_19891224_0150_hong 117 81 36 22 0 3053.92 6025.02 888.5 1584.33 2165.42 4440.69
ynao_sd_19891225_0110_ru 99 49 50 24 1 4370.05 7205.07 1202.27 1926.18 3167.78 5278.89
ynao_sd_19891226_0120_ru 131 79 52 15 0 5153.24 7374.99 1577.8 2352.0 3575.44 5022.99
ynao_sd_19891227_0110_ru 158 99 59 13 0 5459.17 7053.93 1862.75 2570.39 3596.42 4483.54
ynao_sd_19891228_0120_ru 148 88 60 15 0 6022.83 7429.37 1852.14 2806.36 4170.69 4623.01
ynao_sd_19891229_0110_ru 142 92 50 19 2 5403.09 6720.54 1631.97 2136.38 3771.12 4584.16
ynao_sd_19891230_0200_ru 123 54 69 19 0 5305.29 6946.07 1538.9 2146.2 3766.39 4799.87
ynao_sd_19891231_0230_ru 85 34 51 18 0 5522.16 7435.23 1332.09 1739.61 4190.07 5695.62
