ynao_sd_19900101_0150_li 105 62 43 19 0 3908.44 5844.05 787.69 1121.65 3120.75 4722.4 0
ynao_sd_19900102_0220_li 82 64 18 14 0 2860.46 4651.14 667.84 958.49 2192.62 3692.65 0
ynao_sd_19900103_0120_li 89 64 25 10 0 2117.76 3210.37 617.44 944.62 1500.32 2265.75 0
ynao_sd_19900104_0150_li 60 50 10 7 0 1531.72 2072.78 453.9 755.96 1077.82 1316.82 0
ynao_sd_19900106_0130_li 54 43 11 7 0 1924.82 2729.28 441.41 597.29 1483.41 2131.99 0
ynao_sd_19900107_0140_li 67 48 19 10 0 1806.12 2719.82 428.01 596.68 1378.11 2123.14 0
ynao_sd_19900108_0140_li 48 29 19 14 0 1919.68 3116.13 409.18 604.49 1510.5 2511.64 0
ynao_sd_19900109_0210_wang 50 25 25 12 0 1882.54 2788.49 446.77 699.87 1435.77 2088.62 0
ynao_sd_19900110_0130_wang 63 41 22 11 0 3452.79 7839.02 461.23 683.47 2991.56 7155.55 0
ynao_sd_19900111_0140_wang 89 61 28 14 0 3133.19 5270.14 644.21 1027.96 2488.98 4242.18 0
ynao_sd_19900112_0140_wang 86 54 32 14 0 2106.93 3655.11 554.18 1027.2 1552.75 2627.91 0
ynao_sd_19900113_0130_wang 69 46 23 14 0 1750.76 3407.83 504.3 1008.62 1246.46 2399.21 0
ynao_sd_19900114_0220_wang 59 42 17 11 0 1368.17 2284.5 397.78 687.63 970.39 1596.87 0
ynao_sd_19900115_0120_hong 57 36 21 17 0 1422.49 2218.29 408.77 696.91 1013.72 1521.38 0
ynao_sd_19900116_0530_hong 102 78 24 16 0 1451.21 2152.91 672.53 981.11 778.68 1171.8 0
ynao_sd_19900117_0130_hong 105 82 23 14 0 1647.6 2357.02 702.05 949.84 945.55 1407.18 0
ynao_sd_19900118_0150_hong 97 67 30 20 0 2027.8 3109.09 682.79 1026.34 1345.01 2082.75 0
ynao_sd_19900120_0120_hong 182 149 33 24 0 3862.56 6414.33 1204.91 1785.55 2657.65 4628.78 0
ynao_sd_19900121_0150_hong 156 130 26 23 0 2831.75 4788.01 1161.87 1830.22 1669.88 2957.79 0
ynao_sd_19900124_0520_li 139 110 29 7 0 3062.51 4237.56 1015.26 1354.57 2047.25 2882.99 0
ynao_sd_19900125_0640_li 143 120 23 8 0 3257.99 4044.87 981.85 1192.06 2276.14 2852.81 0
ynao_sd_19900126_0105_li 139 115 24 7 0 3723.88 4321.71 1055.08 1260.49 2668.8 3061.22 0
ynao_sd_19900127_0120_li 125 106 19 7 0 3772.02 4245.86 924.43 1117.38 2847.59 3128.48 0
ynao_sd_19900128_0140_wang 145 120 25 11 1 4252.38 4969.75 1196.28 1475.45 3056.1 3494.3 34.93
ynao_sd_19900129_0220_wang 120 86 34 11 1 4636.9 5297.08 1117.02 1319.14 3519.88 3977.94 29.67
ynao_sd_19900130_0130_hong 166 138 28 13 0 5235.62 7666.09 1331.85 1654.69 3903.77 6011.4 0
ynao_sd_19900201_0440_wang 91 64 27 15 0 3106.6 4906.9 740.86 1244.85 2365.74 3662.05 0
ynao_sd_19900202_0140_wang 94 73 21 12 0 2668.17 4551.99 790.37 1289.32 1877.8 3262.67 0
ynao_sd_19900203_0130_wang 71 53 18 10 0 2051.87 3674.25 568.84 887.08 1483.03 2787.17 0
ynao_sd_19900204_0050_wang 55 41 14 10 0 1529.57 2391.18 411.07 743.94 1118.5 1647.24 0
ynao_sd_19900205_0130_wang 61 52 9 6 0 1119.23 1459.75 416.98 598.15 702.25 861.6 0
ynao_sd_19900206_0130_wang 58 48 10 6 0 959.5 1295.69 380.84 483.84 578.66 811.85 0
ynao_sd_19900207_0815_wang 33 23 10 7 0 622.16 1142.6 199.46 348.63 422.7 793.97 0
ynao_sd_19900208_0840_wang 39 32 7 4 0 761.94 1990.88 385.41 946.48 376.53 1044.4 0
ynao_sd_19900209_0100_wang 28 22 6 5 0 741.12 1709.3 288.63 625.96 452.49 1083.34 0
ynao_sd_19900210_0105_wang 38 29 9 5 0 893.12 1464.97 247.98 413.08 645.14 1051.89 0
ynao_sd_19900211_0205_wang 21 14 7 4 0 2237.0 2979.25 195.29 277.17 2041.71 2702.08 0
ynao_sd_19900212_0110_hong 51 49 2 3 0 1058.42 1265.15 416.98 494.11 641.44 771.04 0
ynao_sd_19900213_0115_hong 60 57 3 2 0 1232.02 1379.58 533.11 590.86 698.91 788.72 0
ynao_sd_19900214_0820_hong 45 41 4 4 0 1201.37 1388.03 447.07 525.6 754.3 862.43 0
ynao_sd_19900215_0210_hong 48 42 6 3 0 1032.15 1262.12 380.65 472.63 651.5 789.49 0
ynao_sd_19900216_0310_hong 42 38 4 3 0 1027.74 1370.13 413.86 571.51 613.88 798.62 0
ynao_sd_19900217_0120_hong 34 29 5 3 0 868.28 1590.21 282.06 484.42 586.22 1105.79 0
ynao_sd_19900218_0240_hong 16 9 7 4 0 2550.66 8394.09 178.28 423.47 2372.38 7970.62 0
ynao_sd_19900219_0110_duan 30 25 5 3 0 2033.89 6221.19 342.26 881.04 1691.63 5340.15 0
ynao_sd_19900220_0130_duan 45 32 13 11 0 1315.08 3286.08 497.72 1100.26 817.36 2185.82 0
ynao_sd_19900221_0110_duan 73 54 19 14 0 2159.49 3745.87 702.8 1057.53 1456.69 2688.34 0
ynao_sd_19900222_0240_duan 94 64 30 17 0 3300.15 4287.01 1054.61 1403.44 2245.54 2883.57 0
ynao_sd_19900223_0140_duan 150 115 35 13 0 3735.51 4573.83 1573.6 2039.05 2161.91 2534.78 0
ynao_sd_19900224_0120_duan 197 139 58 21 0 5097.71 6227.22 1929.84 2399.29 3167.87 3827.93 0
ynao_sd_19900225_0110_duan 110 72 38 18 0 4645.87 5518.55 1437.04 1708.13 3208.83 3810.42 0
ynao_sd_19900227_0420_hong 126 86 40 21 0 3681.92 4520.73 972.79 1228.61 2709.13 3292.12 0
ynao_sd_19900228_0120_hong 117 94 23 18 0 3325.6 4128.08 998.89 1307.39 2326.71 2820.69 0
ynao_sd_19900301_0110_hong 102 63 39 27 1 3475.08 4799.79 867.94 1179.19 2607.14 3620.6 23.27
ynao_sd_19900302_0200_hong 91 63 28 14 0 2532.68 3748.74 755.41 1067.2 1777.27 2681.54 0
ynao_sd_19900304_0230_hong 66 45 21 12 0 1760.37 3407.1 510.37 960.89 1250.0 2446.21 0
ynao_sd_19900306_0430_duan 68 53 15 6 0 2020.21 2397.23 734.46 897.3 1285.75 1499.93 0
ynao_sd_19900307_0400_duan 75 56 19 9 0 2089.06 2387.65 814.77 962.82 1274.29 1424.83 0
ynao_sd_19900309_0220_duan 52 40 12 10 0 2084.44 2804.68 652.22 895.9 1432.22 1908.78 0
ynao_sd_19900310_0130_duan 47 39 8 5 0 1558.42 2195.33 538.55 752.69 1019.87 1442.64 0
ynao_sd_19900311_0250_duan 36 26 10 4 0 1149.8 1590.17 324.98 452.63 824.82 1137.54 0
ynao_sd_19900312_0105_duan 28 20 8 4 0 978.81 1413.56 324.23 452.75 654.58 960.81 0
ynao_sd_19900313_0220_duan 45 38 7 4 0 825.25 1278.72 388.92 656.02 436.33 622.7 0
ynao_sd_19900314_0130_duan 50 40 10 4 0 1319.86 2171.97 515.37 1034.24 804.49 1137.73 0
ynao_sd_19900315_0130_duan 37 28 9 6 0 1382.9 2111.75 482.14 873.17 900.76 1238.58 0
ynao_sd_19900316_0135_duan 51 30 21 12 0 1641.02 2464.02 548.23 911.02 1092.79 1553.0 0
ynao_sd_19900317_0130_duan 42 28 14 10 0 1624.43 2330.06 429.46 664.91 1194.97 1665.15 0
ynao_sd_19900318_0225_duan 74 59 15 7 0 1992.28 2967.66 728.81 1124.23 1263.47 1843.43 0
ynao_sd_19900319_0115_hong 142 117 25 16 0 2264.52 4189.28 963.32 1705.11 1301.2 2484.17 0
ynao_sd_19900320_0110_hong 163 132 31 17 0 2806.38 5249.7 1137.91 1888.17 1668.47 3361.53 0
ynao_sd_19900321_0105_hong 152 120 32 18 0 3210.38 4931.24 1122.17 1635.33 2088.21 3295.91 0
ynao_sd_19900322_0100_hong 147 117 30 14 0 3135.75 4078.03 1026.19 1334.77 2109.56 2743.26 0
ynao_sd_19900323_0110_hong 188 151 37 21 0 3478.38 4218.57 1307.58 1560.41 2170.8 2658.16 0
ynao_sd_19900324_0110_hong 211 178 33 23 0 3427.87 4185.19 1443.28 1755.93 1984.59 2429.26 0
ynao_sd_19900325_0120_hong 183 143 40 21 0 3675.99 4110.55 1346.34 1604.71 2329.65 2505.84 0
ynao_sd_19900326_0120_li 145 119 26 16 0 3787.26 4690.62 881.03 991.67 2906.23 3698.95 0
ynao_sd_19900327_0210_li 90 61 29 9 0 2258.38 2817.57 649.19 819.11 1609.19 1998.46 0
ynao_sd_19900329_0630_li 51 33 18 8 0 1431.08 2712.79 379.12 867.9 1051.96 1844.89 0
ynao_sd_19900330_0025_li 41 30 11 6 0 792.76 1425.25 300.97 541.64 491.79 883.61 0
ynao_sd_19900331_0020_li 35 20 15 11 0 1085.95 2225.41 260.11 486.49 825.84 1738.92 0
ynao_sd_19900401_0030_li 29 21 8 7 0 1053.86 1802.02 238.21 384.71 815.65 1417.31 0
ynao_sd_19900402_0100_wang 56 39 17 13 0 2054.06 3093.64 441.95 688.47 1612.11 2405.17 0
ynao_sd_19900403_0040_wang 60 41 19 12 0 1987.83 2716.52 465.32 664.84 1522.51 2051.68 0
ynao_sd_19900405_0100_wang 63 48 15 11 0 1610.15 2067.56 454.33 635.55 1155.82 1432.01 0
ynao_sd_19900406_0105_wang 76 60 16 13 0 1640.35 2123.47 565.1 769.74 1075.25 1353.73 0
ynao_sd_19900407_0100_wang 72 55 17 8 0 1414.95 1832.55 460.81 627.44 954.14 1205.11 0
ynao_sd_19900408_0230_wang 57 42 15 11 0 1231.36 1848.41 370.32 538.6 861.04 1309.81 0
ynao_sd_19900409_0100_hong 67 55 12 7 0 992.8 1577.45 489.85 790.81 502.95 786.64 0
ynao_sd_19900410_0105_hong 40 31 9 7 0 802.09 1468.0 332.07 603.35 470.02 864.65 0
ynao_sd_19900411_0120_hong 55 52 3 2 0 695.12 1264.55 460.15 760.88 234.97 503.67 0
ynao_sd_19900416_0745_wang 105 79 26 13 0 1864.06 2515.28 771.75 1001.46 1092.31 1513.82 0
ynao_sd_19900417_0005_wang 151 127 24 13 0 3224.38 4377.89 1057.41 1388.16 2166.97 2989.73 0
ynao_sd_19900418_0620_wang 153 120 33 19 0 3854.63 4799.64 1213.26 1501.82 2641.37 3297.82 0
ynao_sd_19900419_0040_wang 181 130 51 18 1 5373.51 9185.19 1329.14 1829.41 4044.37 7355.78 56.39
ynao_sd_19900420_0100_wang 153 117 36 21 0 3856.85 5028.49 1166.11 1473.73 2690.74 3554.76 0
ynao_sd_19900421_0020_wang 152 127 25 17 0 3181.32 4097.5 1072.33 1385.75 2108.99 2711.75 0
ynao_sd_19900422_0010_wang 150 120 30 14 0 3186.07 4101.05 1034.83 1317.78 2151.24 2783.27 0
ynao_sd_19900423_0030_hong 166 142 24 12 0 2723.82 4148.82 1124.44 1672.8 1599.38 2476.02 0
ynao_sd_19900424_0020_hong 146 115 31 14 0 3657.83 6913.88 1002.21 1519.72 2655.62 5394.16 0
ynao_sd_19900425_0100_hong 119 86 33 13 0 2100.07 4051.84 791.65 1375.41 1308.42 2676.43 0
ynao_sd_19900426_0410_hong 57 39 18 11 0 1731.57 2867.92 540.07 1020.41 1191.5 1847.51 0
ynao_sd_19900427_0140_hong 79 63 16 10 0 1621.91 2427.51 560.59 749.53 1061.32 1677.98 0
ynao_sd_19900428_0130_hong 86 68 18 9 0 1748.72 2273.71 790.98 1033.03 957.74 1240.68 0
ynao_sd_19900429_0130_hong 62 47 15 9 0 1413.24 1882.34 487.62 649.78 925.62 1232.56 0
ynao_sd_19900430_0120_wang 31 23 8 8 0 2414.22 3749.08 254.87 390.93 2159.35 3358.15 0
ynao_sd_19900501_0001_wang 16 8 8 4 0 821.95 1193.93 147.39 243.99 674.56 949.94 0
ynao_sd_19900502_0110_hong 25 16 9 5 0 1972.8 4221.07 248.68 401.84 1724.12 3819.23 0
ynao_sd_19900503_0050_wang 14 7 7 4 0 856.21 1418.26 188.52 454.17 667.69 964.09 0
ynao_sd_19900504_0810_wang 27 18 9 6 0 1034.45 1863.13 197.7 399.66 836.75 1463.47 0
ynao_sd_19900505_0050_wang 32 21 11 6 0 1096.09 1808.11 302.31 567.39 793.78 1240.72 0
ynao_sd_19900506_0100_wang 55 36 19 7 0 1455.95 2065.73 387.67 537.65 1068.28 1528.08 0
ynao_sd_19900507_0120_li 81 64 17 8 0 1224.98 1595.54 479.28 653.19 745.7 942.35 0
ynao_sd_19900508_0055_li 80 65 15 10 0 1201.22 1475.08 556.62 738.13 644.6 736.95 0
ynao_sd_19900509_0220_li 96 86 10 7 0 1162.65 1458.81 607.71 812.83 554.94 645.98 0
ynao_sd_19900511_0610_li 53 48 5 6 0 639.71 892.44 366.54 449.54 273.17 442.9 0
ynao_sd_19900512_0020_li 61 57 4 3 0 636.56 959.94 409.02 564.11 227.54 395.83 0
ynao_sd_19900513_0010_li 59 53 6 4 0 708.4 1133.59 389.06 569.11 319.34 564.48 0
ynao_sd_19900517_0340_hong 154 94 60 18 0 6618.65 8454.03 1407.44 1708.79 5211.21 6745.24 0
ynao_sd_19900518_0045_hong 175 110 65 28 0 5196.55 6167.31 1461.91 1814.2 3734.64 4353.11 0
ynao_sd_19900519_0130_hong 177 113 64 20 0 6440.86 7465.51 1604.58 2002.01 4836.28 5463.5 0
ynao_sd_19900520_0050_hong 160 109 51 17 2 6208.51 7483.13 1451.81 1809.06 4756.7 5674.07 50.98
ynao_sd_19900521_0300_hong 176 120 56 15 0 4849.64 6229.86 1229.02 1568.43 3620.62 4661.43 0
ynao_sd_19900522_0540_li 181 138 43 13 0 4186.5 5819.35 1305.94 1775.41 2880.56 4043.94 0
ynao_sd_19900523_0200_li 141 114 27 13 0 3270.73 5065.77 1025.18 1446.36 2245.55 3619.41 0
ynao_sd_19900526_0610_li 86 72 14 6 0 1305.67 1820.37 549.12 827.09 756.55 993.28 0
ynao_sd_19900527_0325_li 73 62 11 5 0 1084.11 1713.39 468.47 807.65 615.64 905.74 0
ynao_sd_19900528_0510_wang 68 50 18 9 1 1902.91 3312.84 416.69 595.41 1486.22 2717.43 44.12
ynao_sd_19900529_0600_wang 71 58 13 7 0 1874.28 2883.3 473.7 664.97 1400.58 2218.33 0
ynao_sd_19900530_0740_wang 51 45 6 6 0 1715.05 2858.33 314.92 384.48 1400.13 2473.85 0
ynao_sd_19900531_0130_wang 50 39 11 7 0 926.49 1279.29 347.88 527.19 578.61 752.1 0
ynao_sd_19900601_0230_wang 53 36 17 9 0 1149.24 1615.93 324.13 486.84 825.11 1129.09 0
ynao_sd_19900604_0240_hong 65 52 13 9 0 1079.09 2206.4 441.41 762.87 637.68 1443.53 0
ynao_sd_19900605_0245_hong 62 51 11 6 0 914.85 1459.0 379.62 564.62 535.23 894.38 0
ynao_sd_19900606_0350_hong 75 63 12 3 0 1194.22 1617.29 503.26 655.85 690.96 961.44 0
ynao_sd_19900607_0305_hong 70 58 12 6 0 1399.98 1940.09 562.32 757.1 837.66 1182.99 0
ynao_sd_19900608_0640_hong 67 53 14 6 0 1536.27 2026.52 554.65 981.34 981.62 1045.18 0
ynao_sd_19900610_0330_hong 95 77 18 10 0 3155.8 4459.35 711.41 915.45 2444.39 3543.9 0
ynao_sd_19900611_0140_wang 93 65 28 7 0 3345.13 4084.07 688.66 966.69 2656.47 3117.38 0
ynao_sd_19900612_0235_wang 92 73 19 8 0 2529.76 3128.36 712.04 909.98 1817.72 2218.38 0
ynao_sd_19900613_0110_wang 65 48 17 8 0 2502.72 3434.33 594.16 849.37 1908.56 2584.96 0
ynao_sd_19900614_0100_wang 71 54 17 11 0 2257.68 3336.72 604.88 936.7 1652.8 2400.02 0
ynao_sd_19900616_0305_wang 75 61 14 11 0 1803.58 2285.74 556.98 741.16 1246.6 1544.58 0
ynao_sd_19900617_0040_wang 66 52 14 9 0 1797.21 2082.54 562.04 643.76 1235.17 1438.78 0
ynao_sd_19900618_0040_wang 49 40 9 8 0 1375.27 1667.29 387.91 473.94 987.36 1193.35 0
ynao_sd_19900619_0350_li 28 24 4 3 0 763.03 1102.4 214.3 294.36 548.73 808.04 0
ynao_sd_19900623_0145_li 23 19 4 4 0 462.92 953.09 176.51 435.68 286.41 517.41 0
ynao_sd_19900624_0330_li 36 29 7 4 0 518.81 1118.36 210.63 439.13 308.18 679.23 0
ynao_sd_19900625_0340_hong 69 56 13 6 1 1186.83 2265.3 488.35 810.99 698.48 1454.31 291.69
ynao_sd_19900626_0510_hong 73 60 13 5 0 1566.81 2220.97 531.08 759.38 1035.73 1461.59 0
ynao_sd_19900627_0350_hong 95 75 20 7 0 1953.45 2894.96 709.83 1125.44 1243.62 1769.52 0
ynao_sd_19900628_0030_hong 135 106 29 14 0 2570.93 3930.13 923.23 1379.26 1647.7 2550.87 0
ynao_sd_19900629_0340_hong 182 142 40 16 0 3566.09 5881.15 1175.17 1728.38 2390.92 4152.77 0
ynao_sd_19900630_0510_hong 144 98 46 23 0 4038.58 5781.47 1066.64 1531.37 2971.94 4250.1 0
ynao_sd_19900701_0520_hong 198 129 69 30 0 5887.32 7787.57 1451.52 1909.71 4435.8 5877.86 0
ynao_sd_19900702_0250_li 220 151 69 19 1 5798.11 7041.65 1462.88 1854.67 4335.23 5186.98 36.74
ynao_sd_19900703_0200_li 242 183 59 23 0 6433.32 7602.82 1644.27 1917.09 4789.05 5685.73 0
ynao_sd_19900704_0710_li 158 111 47 19 0 5189.97 6322.07 1126.4 1406.53 4063.57 4915.54 0
ynao_sd_19900705_0200_li 130 96 34 18 0 4626.7 5716.79 967.87 1195.05 3658.83 4521.74 0
ynao_sd_19900706_0640_wang 96 66 30 19 0 4188.28 5942.29 855.28 1335.22 3333.0 4607.07 0
ynao_sd_19900708_0150_wang 51 27 24 16 0 2733.63 5000.24 435.07 823.36 2298.56 4176.88 0
ynao_sd_19900709_0225_wang 44 24 20 9 0 1845.0 3630.82 350.54 894.93 1494.46 2735.89 0
ynao_sd_19900710_0425_wang 35 22 13 6 0 1085.99 1740.52 261.65 455.41 824.34 1285.11 0
ynao_sd_19900711_0550_wang 53 43 10 5 0 899.62 1526.05 332.76 518.79 566.86 1007.26 0
ynao_sd_19900712_0520_wang 60 44 16 8 0 1056.84 1487.9 366.38 475.63 690.46 1012.27 0
ynao_sd_19900714_0710_wang 53 36 17 7 0 1064.86 1450.69 299.46 406.57 765.4 1044.12 0
ynao_sd_19900715_0440_wang 42 31 11 8 0 1112.46 1712.89 303.52 459.35 808.94 1253.54 0
ynao_sd_19900719_0120_hong 26 17 9 5 0 858.92 1668.25 220.24 422.73 638.68 1245.52 0
ynao_sd_19900720_0340_hong 58 41 17 9 0 1614.77 2676.28 506.25 861.12 1108.52 1815.16 0
ynao_sd_19900721_0640_hong 82 60 22 7 0 2284.13 3192.58 663.72 898.96 1620.41 2293.62 0
ynao_sd_19900722_0520_hong 68 46 22 9 0 2614.86 3512.01 546.49 702.4 2068.37 2809.61 0
ynao_sd_19900723_0240_li 97 75 22 9 0 2951.72 3687.14 828.28 1097.46 2123.44 2589.68 0
ynao_sd_19900724_0050_li 114 88 26 13 0 4045.35 6858.51 893.87 1179.92 3151.48 5678.59 0
ynao_sd_19900725_0810_li 94 69 25 10 0 3385.15 4110.89 825.41 1054.01 2559.74 3056.88 0
ynao_sd_19900727_0010_li 100 81 19 10 0 2725.15 4039.27 778.14 1291.68 1947.01 2747.59 0
ynao_sd_19900728_0415_li 87 71 16 9 0 2228.75 3536.13 620.73 961.33 1608.02 2574.8 0
ynao_sd_19900729_0050_li 75 63 12 8 0 1789.28 2994.45 541.56 793.28 1247.72 2201.17 0
ynao_sd_19900730_0030_wang 37 25 12 9 0 2373.78 3600.94 311.76 478.29 2062.02 3122.65 0
ynao_sd_19900731_0015_wang 56 46 10 7 0 1241.38 2906.97 500.22 1340.47 741.16 1566.5 0
ynao_sd_19900801_0005_wang 67 46 21 12 0 3902.26 7431.48 514.52 985.11 3387.74 6446.37 0
ynao_sd_19900802_0450_wang 65 28 37 16 0 6551.23 14346.94 589.78 1172.01 5961.45 13174.93 0
ynao_sd_19900803_0030_wang 72 43 29 14 0 3300.54 5718.55 613.83 1087.14 2686.71 4631.41 0
ynao_sd_19900804_0140_wang 65 43 22 9 0 2903.43 5022.22 529.93 900.1 2373.5 4122.12 0
ynao_sd_19900805_0005_wang 49 31 18 9 0 2502.16 3345.52 511.85 666.81 1990.31 2678.71 0
ynao_sd_19900806_0030_hong 90 71 19 8 1 2381.03 2787.13 786.47 955.81 1594.56 1831.32 33.88
ynao_sd_19900807_0130_li 63 51 12 5 0 1955.51 2191.79 525.26 699.89 1430.25 1491.9 0
ynao_sd_19900808_0130_li 61 46 15 6 0 2336.35 2744.21 567.11 761.76 1769.24 1982.45 0
ynao_sd_19900809_0130_li 49 31 18 9 0 2095.16 3031.33 446.97 830.03 1648.19 2201.3 0
ynao_sd_19900810_0140_li 57 36 21 10 0 1952.25 3107.03 475.14 860.22 1477.11 2246.81 0
ynao_sd_19900811_0005_li 56 33 23 13 0 1859.01 3162.9 434.71 714.54 1424.3 2448.36 0
ynao_sd_19900812_0230_li 67 51 16 13 0 1550.48 2384.86 472.17 698.91 1078.31 1685.95 0
ynao_sd_19900813_0430_li 79 65 14 12 0 1810.42 2414.79 670.14 1057.64 1140.28 1357.15 0
ynao_sd_19900814_0420_hong 168 136 32 17 0 2961.27 4469.42 1168.82 1551.76 1792.45 2917.66 0
ynao_sd_19900815_0030_hong 165 134 31 14 0 3146.99 4554.18 1200.09 1547.69 1946.9 3006.49 0
ynao_sd_19900816_0100_hong 174 143 31 15 0 3495.99 4561.41 1353.16 1671.55 2142.83 2889.86 0
ynao_sd_19900817_0030_hong 186 153 33 17 0 3771.04 4897.98 1336.14 1757.82 2434.9 3140.16 0
ynao_sd_19900818_0130_hong 123 95 28 22 0 3994.42 6607.3 1149.32 1693.9 2845.1 4913.4 0
ynao_sd_19900819_0340_hong 185 147 38 25 0 5004.1 8069.25 1605.67 2514.29 3398.43 5554.96 0
ynao_sd_19900820_0040_wang 188 148 40 24 1 5842.7 9191.97 1488.6 2490.0 4354.1 6701.97 81.53
ynao_sd_19900821_0130_wang 175 113 62 25 1 7642.97 12117.58 1695.08 2687.5 5947.89 9430.08 18.08
ynao_sd_19900822_0020_wang 208 132 76 26 0 9401.76 13571.4 1881.11 2826.8 7520.65 10744.6 0
ynao_sd_19900823_0020_wang 169 113 56 25 2 10281.4 15090.65 1547.37 2208.07 8734.03 12882.58 69.58
ynao_sd_19900825_0800_wang 173 128 45 24 2 7186.26 10741.02 1473.57 1947.27 5712.69 8793.75 61.64
ynao_sd_19900826_0110_wang 177 132 45 24 2 6447.91 8605.85 1540.73 1945.23 4907.18 6660.62 69.39
ynao_sd_19900827_0310_wang 174 128 46 19 0 5823.53 7352.9 1437.06 1843.45 4386.47 5509.45 0
ynao_sd_19900828_0020_wang 129 84 45 16 0 5362.14 7632.3 1055.6 1506.06 4306.54 6126.24 0
ynao_sd_19900829_0045_wang 119 73 46 16 1 4637.94 7183.25 1028.38 1598.42 3609.56 5584.83 61.59
ynao_sd_19900830_0100_wang 97 63 34 13 1 3655.82 6233.02 749.65 1254.02 2906.17 4979.0 26.4
ynao_sd_19900831_0020_wang 98 63 35 7 0 2874.73 3690.66 664.31 952.26 2210.42 2738.4 0
ynao_sd_19900901_0120_wang 55 19 36 10 0 2566.73 3413.97 396.7 511.44 2170.03 2902.53 0
ynao_sd_19900902_0240_wang 68 46 22 10 0 2135.17 3187.36 596.54 870.83 1538.63 2316.53 0
ynao_sd_19900904_0630_hong 73 55 18 13 0 1851.68 3661.64 526.95 889.31 1324.73 2772.33 0
ynao_sd_19900905_0130_hong 65 53 12 8 0 1483.78 2466.05 460.61 716.62 1023.17 1749.43 0
ynao_sd_19900906_0335_hong 64 54 10 8 0 1562.32 2275.5 553.43 768.87 1008.89 1506.63 0
ynao_sd_19900907_0650_hong 44 30 14 10 0 1531.75 2258.65 407.8 583.18 1123.95 1675.47 0
ynao_sd_19900908_0120_hong 66 53 13 10 0 1570.83 2296.95 506.63 682.63 1064.2 1614.32 0
ynao_sd_19900909_0350_hong 42 30 12 8 0 2645.44 4909.38 449.73 656.81 2195.71 4252.57 0
ynao_sd_19900910_0035_li 42 35 7 5 0 1108.44 1466.32 330.74 486.54 777.7 979.78 0
ynao_sd_19900911_0030_li 30 23 7 6 0 1010.78 1521.12 226.86 327.75 783.92 1193.37 0
ynao_sd_19900912_0140_li 47 36 11 8 0 1422.72 2462.6 371.3 594.05 1051.42 1868.55 0
ynao_sd_19900915_0100_li 72 53 19 10 0 2574.25 3760.55 635.91 891.91 1938.34 2868.64 0
ynao_sd_19900916_0115_li 68 50 18 10 0 2505.23 3491.88 575.27 791.25 1929.96 2700.63 0
ynao_sd_19900918_0250_li 69 54 15 7 0 2391.69 2762.92 617.02 719.76 1774.67 2043.16 0
ynao_sd_19900919_0200_li 85 72 13 7 0 2298.93 2721.93 688.19 825.54 1610.74 1896.39 0
ynao_sd_19900920_0015_li 62 46 16 10 0 2315.11 3229.79 504.7 706.18 1810.41 2523.61 0
ynao_sd_19900921_0040_li 67 45 22 11 0 2191.33 3110.08 549.85 872.78 1641.48 2237.3 0
ynao_sd_19900922_0010_li 67 49 18 12 0 1981.66 3003.13 533.12 846.05 1448.54 2157.08 0
ynao_sd_19900923_0450_li 37 24 13 10 0 1701.44 3118.36 381.19 898.9 1320.25 2219.46 0
ynao_sd_19900925_0130_hong 65 47 18 10 0 2297.45 3289.63 588.93 802.16 1708.52 2487.47 0
ynao_sd_19900926_0750_hong 80 60 20 8 0 2133.04 2761.81 554.14 704.11 1578.9 2057.7 0
ynao_sd_19900928_0840_hong 88 76 12 5 0 1970.41 2361.19 641.24 781.84 1329.17 1579.35 0
ynao_sd_19900929_0140_hong 72 61 11 6 0 1777.59 2249.19 646.26 862.56 1131.33 1386.63 0
ynao_sd_19901002_0440_wang 69 51 18 7 0 2344.9 2909.58 553.58 734.91 1791.32 2174.67 0
ynao_sd_19901003_0700_wang 50 31 19 6 0 1862.84 2053.02 362.54 417.48 1500.3 1635.54 0
ynao_sd_19901004_0240_wang 76 55 21 13 0 2206.73 4410.03 597.16 1368.28 1609.57 3041.75 0
ynao_sd_19901005_0120_wang 89 62 27 12 0 2392.69 3747.23 576.01 861.8 1816.68 2885.43 0
ynao_sd_19901006_0820_wang 73 54 19 10 0 1963.02 3135.17 515.88 730.48 1447.14 2404.69 0
ynao_sd_19901007_0300_wang 62 51 11 7 0 1903.65 3220.8 558.2 1151.19 1345.45 2069.61 0
ynao_sd_19901008_0800_wang 29 21 8 4 0 1319.17 1473.65 222.1 250.87 1097.07 1222.78 0
ynao_sd_19901011_0140_wang 94 67 27 20 0 4604.62 7865.58 765.14 1027.69 3839.48 6837.89 0
ynao_sd_19901012_0300_li 115 88 27 12 0 3541.61 4280.53 902.18 1124.1 2639.43 3156.43 0
ynao_sd_19901014_0240_li 100 65 35 18 0 3475.6 4183.91 817.26 1017.76 2658.34 3166.15 0
ynao_sd_19901015_0230_hong 196 147 49 25 0 5344.98 7595.05 1538.28 1908.49 3806.7 5686.56 0
ynao_sd_19901016_0500_hong 165 130 35 22 0 4110.82 4999.29 1286.95 1605.32 2823.87 3393.97 0
ynao_sd_19901017_0530_hong 131 91 40 22 0 3600.18 4833.26 1068.27 1485.16 2531.91 3348.1 0
ynao_sd_19901018_0130_hong 137 98 39 20 0 3464.67 5138.62 1015.15 1504.57 2449.52 3634.05 0
ynao_sd_19901019_0205_hong 127 95 32 18 0 3189.71 5204.28 988.41 1488.63 2201.3 3715.65 0
ynao_sd_19901020_0110_hong 95 61 34 17 0 2696.77 5021.2 706.37 1289.92 1990.4 3731.28 0
ynao_sd_19901021_0115_hong 76 56 20 14 0 1681.43 2326.43 553.46 794.31 1127.97 1532.12 0
ynao_sd_19901022_0050_wang 99 84 15 10 0 1491.34 1794.55 598.97 752.72 892.37 1041.83 0
ynao_sd_19901023_0200_wang 63 53 10 7 0 1343.84 1633.44 461.18 629.02 882.66 1004.42 0
ynao_sd_19901024_0040_wang 72 57 15 10 0 1626.99 2179.89 558.78 804.43 1068.21 1375.46 0
ynao_sd_19901025_0810_wang 78 64 14 8 0 2934.63 4079.95 601.03 819.64 2333.6 3260.31 0
ynao_sd_19901026_0650_wang 63 46 17 10 0 2928.11 3492.73 476.12 673.16 2451.99 2819.57 0
ynao_sd_19901029_0310_li 53 41 12 8 0 1590.97 2964.95 443.45 848.3 1147.52 2116.65 0
ynao_sd_19901030_0740_li 36 23 13 6 0 1437.64 2135.28 304.98 465.39 1132.66 1669.89 0
ynao_sd_19901031_0050_li 32 18 14 8 0 1311.44 1893.19 318.08 562.58 993.36 1330.61 0
ynao_sd_19901101_0130_li 29 18 11 10 0 1430.65 1844.59 224.05 359.0 1206.6 1485.59 0
ynao_sd_19901102_0150_li 36 25 11 6 0 1355.96 1603.65 314.2 418.07 1041.76 1185.58 0
ynao_sd_19901103_0120_li 44 33 11 9 0 1321.09 1495.12 343.68 387.58 977.41 1107.54 0
ynao_sd_19901104_0100_li 70 65 5 5 0 1174.14 1280.64 505.99 576.59 668.15 704.05 0
ynao_sd_19901105_0105_hong 101 84 17 11 1 3589.43 5616.01 760.68 1158.45 2828.75 4457.56 46.53
ynao_sd_19901106_0540_hong 108 86 22 14 0 2245.71 3242.87 789.48 1132.12 1456.23 2110.75 0
ynao_sd_19901107_0100_hong 121 90 31 18 0 3869.17 5450.63 971.3 1400.28 2897.87 4050.35 0
ynao_sd_19901108_0515_wang 91 44 47 24 0 3905.31 5366.19 795.6 1073.24 3109.71 4292.95 0
ynao_sd_19901110_0230_hong 109 81 28 18 2 3164.83 4227.56 955.96 1229.41 2208.87 2998.15 49.99
ynao_sd_19901111_0120_hong 101 78 23 17 0 3958.94 7950.54 873.17 1156.3 3085.77 6794.24 0
ynao_sd_19901112_0100_hong 113 95 18 10 0 2266.87 2629.94 819.06 957.58 1447.81 1672.36 0
ynao_sd_19901113_0050_wang 56 38 18 12 0 2325.58 4236.04 553.0 1000.82 1772.58 3235.22 0
ynao_sd_19901114_0830_wang 62 40 22 11 1 3277.48 7083.67 707.26 1335.02 2570.22 5748.65 70.59
ynao_sd_19901115_0100_wang 65 35 30 13 0 3982.24 7944.02 700.28 1285.8 3281.96 6658.22 0
ynao_sd_19901116_0050_wang 85 49 36 7 2 5228.82 8931.57 801.71 1296.48 4427.11 7635.09 82.12
ynao_sd_19901117_0100_wang 88 32 56 11 0 6150.18 9233.46 974.59 1386.15 5175.59 7847.31 0
ynao_sd_19901118_0100_wang 82 38 44 9 1 6240.93 7972.38 904.16 1184.23 5336.77 6788.15 51.3
ynao_sd_19901119_0120_li 96 54 42 9 0 5576.66 6075.14 1110.88 1244.18 4465.78 4830.96 0
ynao_sd_19901120_0055_li 104 61 43 8 0 5351.83 5695.33 1029.82 1158.64 4322.01 4536.69 0
ynao_sd_19901121_0220_li 126 78 48 8 0 5273.16 5706.23 1140.44 1248.09 4132.72 4458.14 0
ynao_sd_19901122_0130_li 111 69 42 6 0 4443.09 5225.51 935.65 1135.21 3507.44 4090.3 0
ynao_sd_19901123_0100_li 84 50 34 8 0 3776.88 4973.63 720.91 920.3 3055.97 4053.33 0
ynao_sd_19901124_0310_li 79 60 19 12 0 2725.94 4403.14 670.3 1007.78 2055.64 3395.36 0
ynao_sd_19901125_0100_li 77 58 19 11 0 1966.99 3702.81 575.78 1046.21 1391.21 2656.6 0
ynao_sd_19901126_0205_hong 88 63 25 13 0 2912.23 6293.14 594.01 1229.2 2318.22 5063.94 0
ynao_sd_19901127_0140_hong 80 56 24 13 0 1661.55 2943.88 561.95 932.58 1099.6 2011.3 0
ynao_sd_19901128_0240_hong 75 61 14 11 0 1423.52 2065.47 524.63 696.18 898.89 1369.29 0
ynao_sd_19901129_0140_hong 86 70 16 13 0 1604.95 3224.9 640.2 1015.22 964.75 2209.68 0
ynao_sd_19901204_0845_wang 66 43 23 17 0 3746.28 4943.45 572.56 848.02 3173.72 4095.43 0
ynao_sd_19901205_0250_wang 112 75 37 15 0 2798.13 4119.77 754.63 1089.13 2043.5 3030.64 0
ynao_sd_19901206_0510_wang 110 85 25 18 0 4144.04 5647.43 755.34 1025.14 3388.7 4622.29 0
ynao_sd_19901207_0630_wang 107 83 24 18 0 2538.09 2972.53 707.06 847.8 1831.03 2124.73 0
ynao_sd_19901208_0530_hong 151 119 32 24 0 2919.27 3483.73 1044.64 1229.47 1874.63 2254.26 0
ynao_sd_19901209_0230_wang 139 97 42 19 0 3260.34 4935.32 997.89 1401.13 2262.45 3534.19 0
ynao_sd_19901210_0720_li 132 105 27 12 0 2195.67 3476.46 825.56 1297.8 1370.11 2178.66 0
ynao_sd_19901211_0130_li 78 53 25 13 0 2185.75 4509.11 544.44 1019.1 1641.31 3490.01 0
ynao_sd_19901212_0150_li 69 46 23 10 0 2279.9 4633.29 509.88 946.18 1770.02 3687.11 0
ynao_sd_19901213_0120_li 68 41 27 9 0 2999.78 5406.81 503.89 923.24 2495.89 4483.57 0
ynao_sd_19901214_0140_li 67 36 31 9 0 3108.66 4648.68 526.25 760.7 2582.41 3887.98 0
ynao_sd_19901215_0200_li 72 44 28 9 0 3472.31 4178.93 674.74 799.11 2797.57 3379.82 0
ynao_sd_19901216_0130_li 88 56 32 8 0 3733.74 4133.85 838.74 915.59 2895.0 3218.26 0
ynao_sd_19901217_0120_hong 155 112 43 10 0 4020.24 4306.52 1230.22 1311.93 2790.02 2994.59 0
ynao_sd_19901218_0300_hong 120 75 45 17 0 4885.9 5321.85 1131.7 1248.37 3754.2 4073.48 0
ynao_sd_19901219_0805_hong 113 71 42 21 0 4407.16 5170.34 1042.61 1216.46 3364.55 3953.88 0
ynao_sd_19901220_0505_hong 135 102 33 13 0 3717.66 4888.22 987.07 1308.13 2730.59 3580.09 0
ynao_sd_19901221_0120_hong 94 68 26 13 0 3031.65 5115.96 771.52 1327.47 2260.13 3788.49 0
ynao_sd_19901223_0220_hong 86 52 34 13 0 2249.19 5330.05 636.35 1450.67 1612.84 3879.38 0
ynao_sd_19901224_0120_wang 81 55 26 13 0 2351.26 4740.67 563.45 957.16 1787.81 3783.51 0
ynao_sd_19901225_0120_wang 81 66 15 9 0 1870.29 2324.05 654.03 800.29 1216.26 1523.76 0
ynao_sd_19901226_0300_wang 73 56 17 13 0 2075.29 2741.99 630.1 747.74 1445.19 1994.25 0
ynao_sd_19901227_0125_wang 63 48 15 11 0 1890.79 2257.05 540.46 616.2 1350.33 1640.85 0
ynao_sd_19901228_0100_wang 82 64 18 14 0 2217.16 2568.27 645.43 751.4 1571.73 1816.87 0
ynao_sd_19901229_0150_wang 69 43 26 11 0 2477.59 3122.78 578.79 711.65 1898.8 2411.13 0
ynao_sd_19901230_0115_wang 58 41 17 12 0 3855.12 6859.99 480.27 609.99 3374.85 6250.0 0
ynao_sd_19901231_0115_li 48 34 14 10 0 1455.01 1984.94 382.02 519.48 1072.99 1465.46 0
