ynao_sd_19920101_0115_li 64 48 16 14 0 2641.42 3585.27 722.51 1237.62 1918.91 2347.65 0
ynao_sd_19920102_0500_li 77 48 29 17 0 3026.62 4533.76 866.2 1463.69 2160.42 3070.07 0
ynao_sd_19920103_0055_li 96 60 36 17 0 3166.92 4995.95 769.41 1174.1 2397.51 3821.85 0
ynao_sd_19920104_0230_li 96 66 30 17 1 4237.38 6155.33 917.29 1344.55 3320.09 4810.78 45.24
ynao_sd_19920105_0140_li 112 64 48 20 0 4761.96 6054.77 967.52 1267.25 3794.44 4787.52 0
ynao_sd_19920106_0800_wang 111 52 59 17 0 7155.57 10104.16 940.59 1072.3 6214.98 9031.86 0
ynao_sd_19920109_0800_wang 96 61 35 20 0 4939.17 6908.82 927.59 1270.1 4011.58 5638.72 0
ynao_sd_19920110_0510_wang 99 46 53 20 0 4492.29 6031.67 831.4 1226.52 3660.89 4805.15 0
ynao_sd_19920111_0200_wang 73 47 26 19 0 3083.32 4300.27 603.13 870.78 2480.19 3429.49 0
ynao_sd_19920112_0210_wang 75 50 25 14 0 2478.69 4142.72 755.59 1441.38 1723.1 2701.34 0
ynao_sd_19920114_0350_hong 69 49 20 12 0 3007.57 7305.2 566.42 963.02 2441.15 6342.18 0
ynao_sd_19920115_0850_hong 43 33 10 7 0 1335.33 1945.25 434.2 692.23 901.13 1253.02 0
ynao_sd_19920117_0405_hong 52 46 6 5 0 1258.9 1440.13 547.25 676.34 711.65 763.79 0
ynao_sd_19920118_0130_hong 40 38 2 2 0 924.76 1052.57 408.69 499.09 516.07 553.48 0
ynao_sd_19920119_0440_hong 52 49 3 3 0 1098.31 1754.79 498.91 799.35 599.4 955.44 0
ynao_sd_19920122_0400_li 60 47 13 8 0 3115.12 6755.02 467.98 646.72 2647.14 6108.3 0
ynao_sd_19920124_0750_li 38 32 6 3 0 1303.17 1739.68 369.89 496.85 933.28 1242.83 0
ynao_sd_19920125_0310_wang 35 20 15 7 0 2834.71 4896.7 373.56 613.57 2461.15 4283.13 0
ynao_sd_19920126_0115_li 71 58 13 7 0 2125.52 3304.69 651.04 1067.8 1474.48 2236.89 0
ynao_sd_19920127_0130_wang 93 67 26 12 0 5814.39 9440.61 956.89 1592.02 4857.5 7848.59 0
ynao_sd_19920128_0130_wang 105 88 17 13 1 6592.56 10964.6 1077.96 1355.19 5514.6 9609.41 32.77
ynao_sd_19920129_0130_wang 122 97 25 17 0 4539.4 5593.96 1366.33 1785.34 3173.07 3808.62 0
ynao_sd_19920130_0140_wang 131 92 39 18 0 6250.89 10343.2 1406.95 1937.12 4843.94 8406.08 0
ynao_sd_19920131_0250_wang 144 94 50 22 0 6746.29 8921.01 1423.48 2020.55 5322.81 6900.46 0
ynao_sd_19920201_0130_wang 162 116 46 22 0 8555.16 15063.4 1613.24 2189.06 6941.92 12874.34 0
ynao_sd_19920202_0550_wang 157 107 50 21 1 7006.49 9920.12 1499.9 2017.44 5506.59 7902.68 52.21
ynao_sd_19920203_0140_wang 132 85 47 24 0 7383.92 9283.66 1218.66 1558.56 6165.26 7725.1 0
ynao_sd_19920204_0300_wang 124 79 45 21 0 8529.88 13233.97 1253.22 1643.94 7276.66 11590.03 0
ynao_sd_19920205_0130_li 94 65 29 13 0 3307.26 4776.25 892.99 1246.72 2414.27 3529.53 0
ynao_sd_19920206_0250_li 100 84 16 7 0 2717.31 3439.47 817.86 1110.47 1899.45 2329.0 0
ynao_sd_19920207_0240_hong 120 82 38 15 0 6341.71 11629.27 915.7 1256.68 5426.01 10372.59 0
ynao_sd_19920208_0550_hong 119 82 37 20 1 4257.37 8026.75 976.7 1667.39 3280.67 6359.36 137.31
ynao_sd_19920209_0140_hong 127 89 38 23 0 4626.51 10415.26 960.99 1593.59 3665.52 8821.67 0
ynao_sd_19920210_0130_hong 133 85 48 21 0 3962.34 5801.15 1175.07 1818.87 2787.27 3982.28 0
ynao_sd_19920211_0200_hong 151 99 52 23 0 4588.09 6311.71 1311.23 1840.36 3276.86 4471.35 0
ynao_sd_19920212_0130_hong 115 77 38 16 0 3892.74 4840.79 1062.75 1295.34 2829.99 3545.45 0
ynao_sd_19920213_0200_hong 114 86 28 13 0 3619.44 4625.58 1063.27 1354.07 2556.17 3271.51 0
ynao_sd_19920214_0300_hong 99 79 20 14 0 2822.5 3530.14 979.68 1337.66 1842.82 2192.48 0
ynao_sd_19920215_0230_hong 56 35 21 12 0 2928.71 3309.54 763.85 941.1 2164.86 2368.44 0
ynao_sd_19920216_0240_hong 76 51 25 11 1 2935.7 3880.43 874.27 1182.34 2061.43 2698.09 26.8
ynao_sd_19920217_0120_li 61 38 23 5 0 2088.18 2693.89 555.19 738.8 1532.99 1955.09 0
ynao_sd_19920218_0050_li 44 32 12 8 0 1747.72 2391.68 391.31 551.16 1356.41 1840.52 0
ynao_sd_19920219_0115_li 42 24 18 8 1 1978.73 3188.41 362.38 692.62 1616.35 2495.79 97.62
ynao_sd_19920220_0505_li 34 26 8 5 0 942.51 1972.78 295.04 683.8 647.47 1288.98 0
ynao_sd_19920221_0055_li 54 45 9 6 0 1707.52 3642.11 445.35 1004.12 1262.17 2637.99 0
ynao_sd_19920222_0840_li 59 45 14 6 0 2635.51 3950.94 531.49 739.87 2104.02 3211.07 0
ynao_sd_19920225_0210_wang 95 63 32 17 0 5180.11 6582.25 970.46 1360.8 4209.65 5221.45 0
ynao_sd_19920227_0140_wang 139 99 40 11 1 5116.53 5753.73 1122.19 1272.92 3994.34 4480.81 19.21
ynao_sd_19920228_0140_wang 115 79 36 16 0 6242.08 10405.5 1013.5 1282.39 5228.58 9123.11 0
ynao_sd_19920229_0110_wang 83 56 27 12 0 4465.86 6000.56 713.7 869.75 3752.16 5130.81 0
ynao_sd_19920301_0130_wang 70 48 22 9 0 3548.37 5159.97 676.57 1064.54 2871.8 4095.43 0
ynao_sd_19920302_0120_li 71 63 8 9 0 2411.12 6278.15 523.93 899.22 1887.19 5378.93 0
ynao_sd_19920303_0125_li 16 9 7 6 0 2637.23 5650.46 158.74 344.01 2478.49 5306.45 0
ynao_sd_19920304_0055_li 24 18 6 4 1 1587.19 3577.42 236.69 578.59 1350.5 2998.83 116.8
ynao_sd_19920305_0540_li 23 20 3 3 0 311.69 542.28 191.69 322.23 120.0 220.05 0
ynao_sd_19920306_0140_li 17 15 2 2 0 194.76 466.27 146.74 393.0 48.02 73.27 0
ynao_sd_19920307_0050_li 21 19 2 3 0 370.6 886.5 259.5 719.26 111.1 167.24 0
ynao_sd_19920308_0120_li 36 32 4 4 0 538.16 858.42 313.13 516.7 225.03 341.72 0
ynao_sd_19920309_0120_hong 90 72 18 12 0 1474.77 2247.97 625.6 818.55 849.17 1429.42 0
ynao_sd_19920310_0105_hong 90 68 22 11 0 1517.52 2446.78 715.69 1388.46 801.83 1058.32 0
ynao_sd_19920311_0100_hong 77 66 11 9 1 4168.77 8553.62 660.22 1020.21 3508.55 7533.41 191.0
ynao_sd_19920312_0105_hong 67 55 12 8 0 1210.47 1772.57 528.53 728.86 681.94 1043.71 0
ynao_sd_19920313_0100_hong 82 60 22 10 0 5604.05 9160.49 678.53 916.16 4925.52 8244.33 0
ynao_sd_19920314_0110_hong 93 74 19 8 0 1896.66 2393.39 836.5 1058.55 1060.16 1334.84 0
ynao_sd_19920315_0130_hong 98 78 20 9 0 1861.2 2160.12 743.87 910.5 1117.33 1249.62 0
ynao_sd_19920316_0110_wang 68 51 17 8 0 2883.68 4233.06 469.95 544.26 2413.73 3688.8 0
ynao_sd_19920317_0120_wang 43 29 14 6 0 1081.31 1538.87 263.51 336.31 817.8 1202.56 0
ynao_sd_19920318_0100_wang 42 29 13 6 0 1105.0 1488.92 314.6 474.41 790.4 1014.51 0
ynao_sd_19920320_0100_wang 32 19 13 7 0 1274.24 2021.36 264.9 484.0 1009.34 1537.36 0
ynao_sd_19920321_0050_wang 39 23 16 7 0 2939.14 3990.97 298.8 450.34 2640.34 3540.63 0
ynao_sd_19920322_0210_wang 33 20 13 6 0 2125.52 5095.12 272.51 380.0 1853.01 4715.12 0
ynao_sd_19920323_0130_hong 55 43 12 5 0 1143.92 1386.78 417.35 618.49 726.57 768.29 0
ynao_sd_19920324_0130_hong 69 59 10 8 0 1074.07 1470.06 500.9 697.13 573.17 772.93 0
ynao_sd_19920325_0120_hong 71 57 14 12 0 1683.02 2473.79 596.25 825.62 1086.77 1648.17 0
ynao_sd_19920326_0120_hong 78 59 19 13 0 2454.52 3138.82 736.0 928.5 1718.52 2210.32 0
ynao_sd_19920327_0100_hong 83 57 26 16 0 3072.62 3629.88 822.44 1056.31 2250.18 2573.57 0
ynao_sd_19920328_0150_hong 92 62 30 11 1 4664.08 4947.63 919.08 1053.46 3745.0 3894.17 20.02
ynao_sd_19920329_0520_hong 109 84 25 13 1 4188.99 4339.99 1295.62 1344.32 2893.37 2995.67 16.59
ynao_sd_19920330_0120_wang 76 39 37 6 0 4762.73 5017.31 769.98 813.71 3992.75 4203.6 0
ynao_sd_19920331_0120_wang 89 55 34 9 0 3962.61 4432.57 823.81 924.16 3138.8 3508.41 0
ynao_sd_19920401_0110_wang 72 42 30 9 0 3318.29 4230.39 594.95 756.72 2723.34 3473.67 0
ynao_sd_19920402_0120_wang 57 34 23 11 0 2885.5 4988.6 714.5 1264.57 2171.0 3724.03 0
ynao_sd_19920403_0105_wang 39 21 18 8 0 1714.81 3741.59 338.77 674.18 1376.04 3067.41 0
ynao_sd_19920404_0100_wang 42 28 14 7 0 1444.5 2668.94 413.64 825.24 1030.86 1843.7 0
ynao_sd_19920405_0130_wang 39 28 11 4 0 1284.77 1999.47 299.61 589.32 985.16 1410.15 0
ynao_sd_19920406_0105_hong 49 38 11 5 0 1296.7 2498.93 440.68 797.1 856.02 1701.83 0
ynao_sd_19920407_0100_hong 44 39 5 4 0 1061.08 1839.67 393.78 589.63 667.3 1250.04 0
ynao_sd_19920408_0110_hong 49 42 7 4 0 1169.94 1425.75 440.06 500.49 729.88 925.26 0
ynao_sd_19920409_0105_hong 43 35 8 4 0 1210.85 2100.91 399.89 567.95 810.96 1532.96 0
ynao_sd_19920410_0100_hong 35 27 8 4 0 1358.11 2214.4 384.24 591.19 973.87 1623.21 0
ynao_sd_19920411_0540_hong 39 32 7 5 0 1286.45 1803.4 428.14 668.66 858.31 1134.74 0
ynao_sd_19920412_0130_hong 46 37 9 6 0 1457.13 1909.65 471.18 656.44 985.95 1253.21 0
ynao_sd_19920413_0355_li 30 21 9 5 0 1164.72 1408.26 303.48 381.45 861.24 1026.81 0
ynao_sd_19920416_0445_li 35 29 6 5 0 1354.18 1773.02 378.67 506.69 975.51 1266.33 0
ynao_sd_19920417_0100_li 64 50 14 8 0 1557.39 2131.84 504.57 641.75 1052.82 1490.09 0
ynao_sd_19920418_0050_li 60 45 15 6 0 1700.62 2266.32 548.54 846.02 1152.08 1420.3 0
ynao_sd_19920419_0045_li 82 60 22 12 0 2075.79 3243.23 616.14 1002.91 1459.65 2240.32 0
ynao_sd_19920420_0100_li 101 79 22 11 0 2527.96 3819.98 773.24 1116.5 1754.72 2703.48 0
ynao_sd_19920421_0120_wang 139 108 31 14 0 2915.58 4258.76 968.11 1330.87 1947.47 2927.89 0
ynao_sd_19920422_0105_wang 138 105 33 13 0 3247.75 3999.69 985.54 1237.46 2262.21 2762.23 0
ynao_sd_19920423_0110_wang 123 90 33 16 0 3025.22 3867.02 806.06 951.17 2219.16 2915.85 0
ynao_sd_19920424_0120_wang 127 101 26 13 0 2887.91 3713.75 932.23 1142.84 1955.68 2570.91 0
ynao_sd_19920425_0135_li 84 67 17 5 0 1616.23 2164.89 572.5 790.76 1043.73 1374.13 0
ynao_sd_19920426_0055_li 58 45 13 4 0 1322.39 1714.24 515.58 676.18 806.81 1038.06 0
ynao_sd_19920427_0050_hong 83 70 13 10 0 1279.62 1778.85 550.74 689.16 728.88 1089.69 0
ynao_sd_19920428_0010_hong 76 70 6 3 0 998.51 1437.08 521.64 694.6 476.87 742.48 0
ynao_sd_19920429_0050_hong 78 66 12 5 0 1074.78 1348.4 545.9 701.49 528.88 646.91 0
ynao_sd_19920430_0105_hong 60 48 12 6 0 1296.45 1498.2 462.98 567.57 833.47 930.63 0
ynao_sd_19920501_0110_hong 57 45 12 4 0 1260.22 1411.67 461.55 539.69 798.67 871.98 0
ynao_sd_19920502_0100_hong 51 36 15 5 0 941.96 1140.7 374.58 467.96 567.38 672.74 0
ynao_sd_19920503_0110_hong 52 39 13 7 0 876.22 1883.29 440.39 973.72 435.83 909.57 0
ynao_sd_19920504_0105_li 40 33 7 6 0 596.36 1053.68 251.95 420.33 344.41 633.35 0
ynao_sd_19920505_0045_li 42 30 12 6 0 839.78 1506.0 419.97 751.28 419.81 754.72 0
ynao_sd_19920506_0100_li 34 29 5 5 0 863.73 1394.59 240.87 449.2 622.86 945.39 0
ynao_sd_19920507_0050_li 44 37 7 6 0 1851.91 4644.01 323.93 540.89 1527.98 4103.12 0
ynao_sd_19920508_0035_li 35 28 7 4 0 676.41 925.82 281.32 440.23 395.09 485.59 0
ynao_sd_19920509_0030_li 42 36 6 4 0 733.72 980.07 290.17 323.55 443.55 656.52 0
ynao_sd_19920510_0040_li 22 14 8 4 0 567.13 714.57 148.77 180.62 418.36 533.95 0
ynao_sd_19920511_0110_wang 36 24 12 7 0 1080.74 1341.09 245.91 303.46 834.83 1037.63 0
ynao_sd_19920512_0145_wang 34 26 8 5 0 882.52 1294.85 250.22 448.29 632.3 846.56 0
ynao_sd_19920513_0105_wang 44 38 6 5 0 734.69 1148.27 312.4 522.94 422.29 625.33 0
ynao_sd_19920514_0100_wang 25 18 7 7 0 3080.22 6617.35 194.51 372.32 2885.71 6245.03 0
ynao_sd_19920515_0100_wang 28 24 4 4 0 1993.14 2730.81 223.25 393.59 1769.89 2337.22 0
ynao_sd_19920516_0210_wang 19 15 4 3 0 257.28 309.99 118.82 135.15 138.46 174.84 0
ynao_sd_19920517_0830_wang 4 3 1 1 0 70.14 83.8 35.77 45.43 34.37 38.37 0
ynao_sd_19920518_0610_hong 17 17 0 0 0 146.42 217.8 146.42 217.8 0 0 0
ynao_sd_19920519_0730_hong 32 29 3 3 0 499.1 768.31 259.78 385.15 239.32 383.16 0
ynao_sd_19920521_0550_hong 53 41 12 9 0 1970.65 2620.09 560.17 704.68 1410.48 1915.41 0
ynao_sd_19920522_0100_hong 72 62 10 6 1 2047.21 2526.26 657.14 928.77 1390.07 1597.49 33.65
ynao_sd_19920523_0140_hong 80 67 13 8 0 2169.97 2502.17 786.66 983.84 1383.31 1518.33 0
ynao_sd_19920524_0415_hong 65 53 12 7 0 2027.97 2394.74 660.22 809.8 1367.75 1584.94 0
ynao_sd_19920525_0115_li 48 37 11 4 0 1682.68 2085.49 384.38 515.37 1298.3 1570.12 0
ynao_sd_19920526_0310_li 28 20 8 2 0 1196.47 1667.63 281.14 407.74 915.33 1259.89 0
ynao_sd_19920527_0150_li 24 19 5 3 0 1010.51 1739.53 264.21 464.35 746.3 1275.18 0
ynao_sd_19920528_0115_li 18 16 2 1 0 447.91 1051.68 221.98 500.9 225.93 550.78 0
ynao_sd_19920529_0030_li 12 10 2 1 0 237.6 784.67 103.93 241.14 133.67 543.53 0
ynao_sd_19920530_0005_li 3 3 0 0 0 29.64 34.02 29.64 34.02 0 0 0
ynao_sd_19920531_0003_li 13 12 1 0 0 73.87 94.18 80.7 101.83 -6.83 -7.65 0
ynao_sd_19920601_0105_wang 9 6 3 1 0 156.77 284.79 62.5 86.17 94.27 198.62 0
ynao_sd_19920602_0020_wang 14 9 5 5 0 372.52 984.62 112.97 371.98 259.55 612.64 0
ynao_sd_19920603_0100_wang 31 22 9 5 1 663.38 1370.49 281.61 555.86 381.77 814.63 31.56
ynao_sd_19920604_0740_wang 28 16 12 6 0 1977.93 3543.01 180.02 295.12 1797.91 3247.89 0
ynao_sd_19920605_0140_wang 39 29 10 6 0 732.17 1054.29 254.52 377.34 477.65 676.95 0
ynao_sd_19920606_0150_wang 37 31 6 7 1 1001.45 1291.25 341.84 447.33 659.61 843.92 30.11
ynao_sd_19920608_0120_hong 58 44 14 8 0 1102.75 1186.32 406.31 433.05 696.44 753.27 0
ynao_sd_19920609_0130_hong 52 43 9 6 0 966.01 1011.52 376.29 394.88 589.72 616.64 0
ynao_sd_19920610_0100_hong 67 56 11 8 0 1117.16 1519.49 497.42 627.16 619.74 892.33 0
ynao_sd_19920611_0110_hong 72 62 10 6 0 1117.7 1500.92 498.41 649.51 619.29 851.41 0
ynao_sd_19920612_0105_hong 50 35 15 10 0 908.18 1450.62 361.8 527.21 546.38 923.41 0
ynao_sd_19920613_0110_hong 39 30 9 7 1 2202.47 4738.33 326.17 496.3 1876.3 4242.03 66.34
ynao_sd_19920614_0030_li 13 5 8 5 0 564.18 1005.0 100.71 219.13 463.47 785.87 0
ynao_sd_19920615_0115_li 20 12 8 5 0 2377.59 6562.76 180.39 301.53 2197.2 6261.23 0
ynao_sd_19920616_0450_li 27 23 4 3 0 853.32 1135.1 241.62 359.15 611.7 775.95 0
ynao_sd_19920618_0050_li 28 23 5 3 0 672.39 760.5 229.3 260.72 443.09 499.78 0
ynao_sd_19920619_0200_li 28 24 4 3 0 724.19 809.04 222.66 262.0 501.53 547.04 0
ynao_sd_19920620_0615_li 31 28 3 2 0 629.56 726.48 248.51 303.89 381.05 422.59 0
ynao_sd_19920621_0100_li 21 18 3 2 0 516.51 607.29 143.13 177.15 373.38 430.14 0
ynao_sd_19920622_0325_wang 58 45 13 5 0 1222.34 1527.31 476.94 638.93 745.4 888.38 0
ynao_sd_19920623_0135_wang 45 18 27 5 0 1978.68 2547.34 419.79 565.31 1558.89 1982.03 0
ynao_sd_19920624_0130_wang 46 21 25 3 0 2100.0 3177.62 406.84 632.51 1693.16 2545.11 0
ynao_sd_19920625_0115_wang 34 17 17 2 1 1885.8 3795.51 314.72 577.59 1571.08 3217.92 12.05
ynao_sd_19920626_0130_wang 24 17 7 1 1 1142.16 3566.14 268.35 732.06 873.81 2834.08 165.58
ynao_sd_19920628_0305_wang 20 20 0 0 0 118.93 122.04 118.93 122.04 0 0 0
ynao_sd_19920629_0035_li 25 23 2 1 0 309.29 960.25 153.48 308.68 155.81 651.57 0
ynao_sd_19920630_0610_li 26 16 10 3 0 948.92 2253.58 235.62 492.71 713.3 1760.87 0
ynao_sd_19920701_0725_li 44 38 6 4 0 1461.33 2357.48 389.88 577.71 1071.45 1779.77 0
ynao_sd_19920702_0200_li 51 39 12 4 0 1640.79 2251.15 452.32 592.11 1188.47 1659.04 0
ynao_sd_19920703_0250_li 59 40 19 5 0 1689.59 1968.33 485.33 574.12 1204.26 1394.21 0
ynao_sd_19920704_0240_li 61 44 17 8 0 1764.25 1965.12 475.25 570.8 1289.0 1394.32 0
ynao_sd_19920705_0610_li 49 35 14 7 0 1854.98 1925.4 389.51 426.32 1465.47 1499.08 0
ynao_sd_19920707_0605_hong 79 52 27 10 0 2693.84 3678.55 668.06 951.2 2025.78 2727.35 0
ynao_sd_19920708_0110_hong 84 52 32 9 0 2960.08 4168.38 779.47 1106.2 2180.61 3062.18 0
ynao_sd_19920711_0820_hong 75 39 36 19 0 2866.42 3899.58 625.97 960.37 2240.45 2939.21 0
ynao_sd_19920712_0840_hong 79 38 41 18 0 3458.91 4202.96 651.07 744.85 2807.84 3458.11 0
ynao_sd_19920714_0050_wang 99 59 40 16 0 3740.11 4280.9 799.34 973.49 2940.77 3307.41 0
ynao_sd_19920715_0320_wang 123 102 21 12 0 4624.98 7153.92 979.84 1412.0 3645.14 5741.92 0
ynao_sd_19920716_0130_wang 132 108 24 13 0 2699.7 4005.89 943.18 1312.86 1756.52 2693.03 0
ynao_sd_19920717_0140_wang 84 63 21 13 0 2045.13 3643.86 582.39 924.1 1462.74 2719.76 0
ynao_sd_19920718_0340_hong 41 27 14 7 0 877.59 1725.07 326.05 613.05 551.54 1112.02 0
ynao_sd_19920719_0330_hong 44 39 5 3 0 524.73 716.3 322.51 487.06 202.22 229.24 0
ynao_sd_19920720_0120_hong 36 27 9 4 0 481.57 574.47 226.98 283.85 254.59 290.62 0
ynao_sd_19920721_0540_hong 33 26 7 4 0 447.7 599.23 249.18 317.17 198.52 282.06 0
ynao_sd_19920723_0050_hong 46 39 7 4 0 483.21 836.98 266.71 436.32 216.5 400.66 0
ynao_sd_19920724_0140_hong 11 10 1 1 0 171.47 506.39 102.97 179.01 68.5 327.38 0
ynao_sd_19920725_0410_hong 15 12 3 2 0 301.24 777.65 123.76 277.29 177.48 500.36 0
ynao_sd_19920726_0420_hong 29 26 3 2 0 564.62 1090.93 308.11 542.22 256.51 548.71 0
ynao_sd_19920727_0120_wang 25 20 5 5 0 645.35 1309.81 196.41 366.94 448.94 942.87 0
ynao_sd_19920728_0145_wang 18 15 3 4 0 816.35 1626.7 237.84 569.43 578.51 1057.27 0
ynao_sd_19920729_0130_wang 10 7 3 3 0 743.79 1019.59 121.76 164.66 622.03 854.93 0
ynao_sd_19920730_0030_wang 19 13 6 3 0 894.42 1118.2 184.66 258.26 709.76 859.94 0
ynao_sd_19920731_0130_wang 21 17 4 3 0 951.44 1157.12 215.23 325.28 736.21 831.84 0
ynao_sd_19920801_0150_wang 30 25 5 3 0 1029.18 1187.72 332.15 410.27 697.03 777.45 0
ynao_sd_19920802_0405_wang 36 29 7 6 0 1201.17 2331.34 331.86 615.95 869.31 1715.39 0
ynao_sd_19920803_0240_hong 81 59 22 9 0 2111.66 3407.51 697.32 1096.19 1414.34 2311.32 0
ynao_sd_19920804_0210_hong 68 47 21 12 0 1941.07 2967.61 572.45 826.55 1368.62 2141.06 0
ynao_sd_19920805_0150_hong 77 58 19 12 0 1794.65 2576.48 607.76 840.08 1186.89 1736.4 0
ynao_sd_19920806_0200_hong 84 73 11 5 0 1720.01 2198.69 761.77 997.43 958.24 1201.26 0
ynao_sd_19920807_0100_hong 65 46 19 11 0 1867.48 2275.52 549.1 706.45 1318.38 1569.07 0
ynao_sd_19920808_0130_wang 45 31 14 7 0 1858.73 2396.98 487.21 803.94 1371.52 1593.04 0
ynao_sd_19920809_0200_hong 66 49 17 10 0 1937.82 2592.08 651.74 834.14 1286.08 1757.94 0
ynao_sd_19920810_0105_hong 55 41 14 11 0 1621.32 2352.02 497.78 733.15 1123.54 1618.87 0
ynao_sd_19920811_0320_wang 29 20 9 4 0 1004.76 1673.09 300.29 729.48 704.47 943.61 0
ynao_sd_19920812_0130_wang 25 8 17 5 0 1372.32 3077.28 282.91 759.43 1089.41 2317.85 0
ynao_sd_19920813_0115_wang 26 17 9 7 0 1470.51 3006.53 287.44 565.89 1183.07 2440.64 0
ynao_sd_19920814_0310_wang 46 39 7 6 0 1718.55 2741.34 448.77 669.64 1269.78 2071.7 0
ynao_sd_19920815_0150_wang 38 33 5 5 0 1739.78 2127.02 482.64 593.19 1257.14 1533.83 0
ynao_sd_19920816_0130_wang 83 76 7 2 0 2169.42 2456.86 722.05 875.34 1447.37 1581.52 0
ynao_sd_19920817_0100_li 91 86 5 4 0 2367.84 2590.04 871.98 1038.3 1495.86 1551.74 0
ynao_sd_19920818_0150_li 86 74 12 4 0 2539.91 2708.06 782.35 890.81 1757.56 1817.25 0
ynao_sd_19920819_0130_li 49 35 14 4 0 2682.23 2944.35 583.6 746.76 2098.63 2197.59 0
ynao_sd_19920820_0310_li 50 30 20 6 0 2647.2 3106.65 501.31 608.86 2145.89 2497.79 0
ynao_sd_19920823_0330_li 25 11 14 4 0 1447.37 3355.52 291.93 656.27 1155.44 2699.25 0
ynao_sd_19920824_0540_hong 11 3 8 6 0 667.39 2400.18 130.12 423.45 537.27 1976.73 0
ynao_sd_19920825_0240_hong 5 4 1 1 0 138.63 170.79 59.11 82.55 79.52 88.24 0
ynao_sd_19920826_0205_hong 8 7 1 1 0 104.05 140.41 58.5 88.22 45.55 52.19 0
ynao_sd_19920827_0150_hong 20 20 0 0 0 149.97 174.15 149.97 174.15 0 0 0
ynao_sd_19920828_0120_hong 33 33 0 1 0 250.69 294.93 212.19 255.58 38.5 39.35 0
ynao_sd_19920829_0300_hong 26 25 1 2 0 249.65 391.44 199.9 313.48 49.75 77.96 0
ynao_sd_19920830_0920_hong 14 14 0 0 0 148.58 223.96 148.58 223.96 0 0 0
ynao_sd_19920831_0740_li 18 18 0 0 0 124.08 179.16 124.08 179.16 0 0 0
ynao_sd_19920901_0040_li 15 15 0 1 0 155.01 199.24 124.81 160.77 30.2 38.47 0
ynao_sd_19920902_0120_li 32 30 2 1 0 312.73 386.24 212.2 273.66 100.53 112.58 0
ynao_sd_19920903_0100_li 45 40 5 3 0 590.73 866.65 265.02 347.79 325.71 518.86 0
ynao_sd_19920904_0040_li 49 45 4 2 0 511.38 944.19 316.86 434.12 194.52 510.07 0
ynao_sd_19920905_0040_li 34 34 0 0 0 257.78 443.75 257.78 443.75 0 0 0
ynao_sd_19920906_1030_li 35 25 10 5 1 869.95 1145.55 234.63 302.01 635.32 843.54 53.99
ynao_sd_19920907_0115_wang 32 20 12 5 0 1328.03 2037.88 275.48 426.75 1052.55 1611.13 0
ynao_sd_19920908_0235_wang 25 15 10 5 0 1112.13 2811.55 178.86 407.16 933.27 2404.39 0
ynao_sd_19920909_0230_wang 28 23 5 4 0 774.06 2062.01 169.29 347.67 604.77 1714.34 0
ynao_sd_19920910_0310_wang 28 24 4 4 0 550.84 910.56 230.05 404.18 320.79 506.38 0
ynao_sd_19920911_0150_wang 39 30 9 5 0 619.09 1013.61 233.8 329.55 385.29 684.06 0
ynao_sd_19920912_0230_wang 38 29 9 5 0 509.03 736.97 251.33 349.36 257.7 387.61 0
ynao_sd_19920913_0215_wang 75 67 8 8 0 923.8 1122.91 518.88 621.3 404.92 501.61 0
ynao_sd_19920914_0140_hong 73 63 10 7 0 1056.26 1388.7 502.09 652.85 554.17 735.85 0
ynao_sd_19920915_0130_hong 75 65 10 6 0 1011.14 1766.6 467.25 691.78 543.89 1074.82 0
ynao_sd_19920916_0110_hong 80 72 8 6 0 972.21 1486.78 516.56 660.3 455.65 826.48 0
ynao_sd_19920917_0410_hong 58 41 17 8 0 1438.84 2073.75 464.71 666.03 974.13 1407.72 0
ynao_sd_19920918_0540_hong 47 35 12 5 0 1343.17 2047.34 375.67 545.68 967.5 1501.66 0
ynao_sd_19920919_0140_hong 38 26 12 5 0 998.38 1685.55 313.42 474.96 684.96 1210.59 0
ynao_sd_19920920_0200_hong 31 23 8 5 0 853.81 1911.38 286.41 499.67 567.4 1411.71 0
ynao_sd_19920921_0100_li 17 13 4 2 0 512.16 805.87 131.67 173.9 380.49 631.97 0
ynao_sd_19920922_0330_li 28 19 9 4 0 835.56 1096.86 203.69 235.27 631.87 861.59 0
ynao_sd_19920923_0120_li 46 39 7 4 0 981.66 1323.73 316.51 494.68 665.15 829.05 0
ynao_sd_19920924_0250_li 33 27 6 5 0 1006.09 1556.82 305.62 651.97 700.47 904.85 0
ynao_sd_19920926_0630_li 23 17 6 3 0 1019.32 1413.6 265.32 392.5 754.0 1021.1 0
ynao_sd_19920927_0210_li 40 28 12 5 0 2397.29 6272.37 394.98 705.08 2002.31 5567.29 0
ynao_sd_19920928_0905_li 18 7 11 8 0 1419.42 1761.06 236.13 296.84 1183.29 1464.22 0
ynao_sd_19920930_0420_li 27 17 10 5 0 1460.74 1780.56 322.91 448.5 1137.83 1332.06 0
ynao_sd_19921001_0300_wang 42 32 10 6 0 1637.62 1994.29 465.57 616.97 1172.05 1377.32 0
ynao_sd_19921002_0150_li 41 37 4 4 0 1361.47 1745.87 408.62 665.28 952.85 1080.59 0
ynao_sd_19921003_0100_li 51 47 4 3 0 1144.46 1408.66 435.55 566.78 708.91 841.88 0
ynao_sd_19921004_0420_li 41 40 1 1 0 531.43 814.68 313.85 454.18 217.58 360.5 0
ynao_sd_19921005_0515_wang 84 64 20 10 0 2882.72 3722.95 627.65 829.46 2255.07 2893.49 0
ynao_sd_19921006_0140_wang 93 70 23 6 0 1945.95 2604.71 643.04 796.13 1302.91 1808.58 0
ynao_sd_19921007_0205_wang 84 61 23 11 0 2003.54 2260.59 604.46 710.79 1399.08 1549.8 0
ynao_sd_19921008_0240_wang 95 74 21 8 0 1589.76 1837.01 650.17 796.5 939.59 1040.51 0
ynao_sd_19921009_0255_wang 78 64 14 11 0 1304.73 1668.27 526.54 662.07 778.19 1006.2 0
ynao_sd_19921010_0040_wang 59 46 13 8 0 985.31 1515.18 365.53 503.98 619.78 1011.2 0
ynao_sd_19921011_0740_wang 21 16 5 3 0 607.8 931.12 218.61 419.95 389.19 511.17 0
ynao_sd_19921016_0110_hong 35 35 0 0 0 248.5 356.32 248.5 356.32 0 0 0
ynao_sd_19921017_0420_hong 42 41 1 1 0 375.8 640.24 309.11 404.22 66.69 236.02 0
ynao_sd_19921019_0110_hong 91 84 7 6 0 1212.37 1975.01 664.31 1010.5 548.06 964.51 0
ynao_sd_19921020_0110_hong 76 45 31 12 0 2185.25 2750.15 639.55 813.27 1545.7 1936.88 0
ynao_sd_19921026_0505_wang 80 53 27 10 0 4266.23 6326.11 826.69 1209.43 3439.54 5116.68 0
ynao_sd_19921027_0540_li 73 45 28 12 0 4728.1 7452.35 698.22 1145.33 4029.88 6307.02 0
ynao_sd_19921028_0115_li 64 30 34 11 0 4016.27 5553.97 794.93 1093.19 3221.34 4460.78 0
ynao_sd_19921029_0150_li 84 38 46 11 0 3789.64 5480.04 705.62 1035.16 3084.02 4444.88 0
ynao_sd_19921030_0115_li 74 42 32 7 0 3330.21 5377.64 610.21 888.7 2720.0 4488.94 0
ynao_sd_19921031_0210_li 60 38 22 6 0 2261.81 4371.34 458.97 719.51 1802.84 3651.83 0
ynao_sd_19921101_0520_li 33 27 6 3 0 1046.62 1361.64 277.68 393.8 768.94 967.84 0
ynao_sd_19921102_0520_li 11 10 1 1 0 116.95 297.68 85.11 226.22 31.84 71.46 0
ynao_sd_19921103_0210_li 42 28 14 5 0 1470.85 2138.47 328.62 499.18 1142.23 1639.29 0
ynao_sd_19921104_0520_wang 52 33 19 8 0 1850.96 2700.26 412.14 564.58 1438.82 2135.68 0
ynao_sd_19921105_0205_wang 57 40 17 7 0 1964.62 2472.31 459.58 560.27 1505.04 1912.04 0
ynao_sd_19921106_0110_wang 45 27 18 11 0 2176.99 3685.61 482.82 881.39 1694.17 2804.22 0
ynao_sd_19921107_0110_wang 59 43 16 11 0 2183.77 3420.38 525.7 787.98 1658.07 2632.4 0
ynao_sd_19921108_0140_wang 60 40 20 8 0 2422.6 3294.38 557.59 860.19 1865.01 2434.19 0
ynao_sd_19921109_0550_hong 44 22 22 9 0 2723.41 3224.28 536.79 632.33 2186.62 2591.95 0
ynao_sd_19921110_0130_hong 67 48 19 9 0 2805.93 3331.98 731.89 866.4 2074.04 2465.58 0
ynao_sd_19921111_0120_hong 60 44 16 9 0 2702.78 3598.53 721.53 965.67 1981.25 2632.86 0
ynao_sd_19921112_0130_hong 61 47 14 11 0 1984.87 2657.53 543.87 688.62 1441.0 1968.91 0
ynao_sd_19921113_0120_hong 48 41 7 7 0 1669.7 2170.5 568.16 755.66 1101.54 1414.84 0
ynao_sd_19921114_0110_hong 30 25 5 6 0 1431.66 1811.03 381.1 501.45 1050.56 1309.58 0
ynao_sd_19921115_0210_hong 45 38 7 5 0 1343.7 1866.11 482.91 667.55 860.79 1198.56 0
ynao_sd_19921116_0115_li 37 32 5 3 0 923.84 1592.8 350.14 698.16 573.7 894.64 0
ynao_sd_19921117_0310_li 37 31 6 6 0 808.8 1836.58 328.79 665.88 480.01 1170.7 0
ynao_sd_19921118_0130_li 43 29 14 10 0 1057.91 2275.9 310.98 536.07 746.93 1739.83 0
ynao_sd_19921119_0140_li 49 32 17 11 0 1523.44 2583.71 359.18 528.02 1164.26 2055.69 0
ynao_sd_19921121_0500_li 48 34 14 6 0 1770.25 2224.14 438.27 661.33 1331.98 1562.81 0
ynao_sd_19921122_0200_li 42 29 13 6 0 1577.08 1752.01 370.72 449.62 1206.36 1302.39 0
ynao_sd_19921123_0310_wang 92 72 20 9 0 2451.99 3583.86 803.72 1380.52 1648.27 2203.34 0
ynao_sd_19921124_0210_wang 59 41 18 12 0 2549.45 3566.35 580.89 881.6 1968.56 2684.75 0
ynao_sd_19921128_0110_wang 61 47 14 9 0 2016.46 2693.57 607.26 744.9 1409.2 1948.67 0
ynao_sd_19921129_0220_wang 54 37 17 7 0 1832.4 2404.03 522.16 817.91 1310.24 1586.12 0
ynao_sd_19921130_0120_hong 63 50 13 7 0 1522.03 1870.74 503.95 587.81 1018.08 1282.93 0
ynao_sd_19921201_0220_hong 55 43 12 6 0 1483.68 1768.24 459.49 554.09 1024.19 1214.15 0
ynao_sd_19921202_0140_hong 49 38 11 8 0 1293.0 1812.35 417.2 581.82 875.8 1230.53 0
ynao_sd_19921204_0120_hong 36 26 10 8 0 878.34 2419.35 301.59 742.96 576.75 1676.39 0
ynao_sd_19921205_0130_hong 27 23 4 4 0 508.84 1591.62 205.85 525.79 302.99 1065.83 0
ynao_sd_19921206_0230_hong 21 18 3 1 0 412.66 624.6 191.25 324.06 221.41 300.54 0
ynao_sd_19921207_0130_li 13 10 3 2 0 1048.52 2927.22 104.9 189.09 943.62 2738.13 0
ynao_sd_19921208_0130_li 19 17 2 2 0 312.57 472.88 146.28 293.81 166.29 179.07 0
ynao_sd_19921209_0120_li 48 43 5 3 0 625.5 1052.75 376.08 564.8 249.42 487.95 0
ynao_sd_19921210_0150_li 83 70 13 8 0 1098.3 1448.73 520.82 668.11 577.48 780.62 0
ynao_sd_19921211_0135_li 104 94 10 6 0 1550.58 1761.96 692.7 762.62 857.88 999.34 0
ynao_sd_19921212_0055_li 110 89 21 9 0 3779.5 4319.92 756.58 862.29 3022.92 3457.63 0
ynao_sd_19921213_0120_li 72 53 19 9 0 2355.57 2594.22 567.31 635.41 1788.26 1958.81 0
ynao_sd_19921214_0120_wang 74 52 22 14 0 2736.09 3324.53 648.14 787.38 2087.95 2537.15 0
ynao_sd_19921215_0140_wang 73 52 21 10 0 2552.27 3654.41 636.74 854.47 1915.53 2799.94 0
ynao_sd_19921216_0240_wang 47 32 15 10 0 1686.02 3082.05 409.9 632.94 1276.12 2449.11 0
ynao_sd_19921217_0145_wang 41 30 11 7 0 1148.79 2510.72 414.46 935.95 734.33 1574.77 0
ynao_sd_19921218_0150_wang 45 31 14 8 0 944.41 1507.15 341.72 600.6 602.69 906.55 0
ynao_sd_19921219_0200_wang 42 25 17 10 0 1271.55 2643.2 300.05 501.33 971.5 2141.87 0
ynao_sd_19921220_0130_wang 44 29 15 8 0 1343.34 2363.05 431.04 882.47 912.3 1480.58 0
ynao_sd_19921221_0130_hong 47 27 20 9 0 1588.03 2568.59 431.05 749.38 1156.98 1819.21 0
ynao_sd_19921222_0130_hong 46 31 15 9 0 1490.79 2257.88 444.19 643.61 1046.6 1614.27 0
ynao_sd_19921225_0410_hong 32 26 6 7 0 1133.46 1340.08 305.53 363.26 827.93 976.82 0
ynao_sd_19921226_0140_hong 58 47 11 8 0 2838.37 3255.74 493.79 565.61 2344.58 2690.13 0
ynao_sd_19921227_0500_hong 51 39 12 6 0 2496.73 5372.45 474.71 547.34 2022.02 4825.11 0
ynao_sd_19921228_0120_li 42 34 8 5 0 1103.69 1243.36 329.28 366.09 774.41 877.27 0
ynao_sd_19921229_0130_li 30 23 7 6 0 834.19 1041.23 216.77 262.4 617.42 778.83 0
ynao_sd_19921230_0105_li 31 23 8 5 0 673.95 1048.95 218.31 374.78 455.64 674.17 0
ynao_sd_19921231_0100_li 13 12 1 2 0 405.74 722.76 173.55 412.57 232.19 310.19 0
