ynao_sd_19930101_0120_li 7 5 2 3 0 347.08 1018.92 63.06 136.75 284.02 882.17
ynao_sd_19930102_0050_li 7 5 2 3 0 362.52 920.87 74.45 196.29 288.07 724.58
ynao_sd_19930103_0120_li 12 9 3 2 0 703.7 1288.36 152.5 362.55 551.2 925.81
ynao_sd_19930104_0200_wang 17 13 4 4 0 1000.0 1329.42 186.72 251.63 813.28 1077.79
ynao_sd_19930105_0210_wang 31 21 10 5 0 1310.07 1754.4 240.76 339.32 1069.31 1415.08
ynao_sd_19930106_0150_wang 41 30 11 7 0 1221.36 1569.42 297.72 373.11 923.64 1196.31
ynao_sd_19930107_0135_wang 62 48 14 5 0 1482.67 1752.21 423.87 633.05 1058.8 1119.16
ynao_sd_19930108_0140_wang 63 50 13 5 0 1255.18 1424.95 414.2 491.2 840.98 933.75
ynao_sd_19930109_0230_wang 38 33 5 5 0 906.73 1032.27 267.67 308.21 639.06 724.06
ynao_sd_19930110_0120_wang 56 49 7 4 0 975.17 1165.5 371.08 430.36 604.09 735.14
ynao_sd_19930111_0130_hong 80 72 8 5 0 873.07 1142.56 545.02 665.9 328.05 476.66
ynao_sd_19930112_0120_hong 86 79 7 7 0 979.35 1466.96 577.84 738.42 401.51 728.54
ynao_sd_19930113_0130_hong 86 80 6 6 1 823.59 1501.61 583.34 949.48 240.25 552.13
ynao_sd_19930118_0155_wang 27 22 5 3 0 819.25 1264.23 244.69 415.68 574.56 848.55
ynao_sd_19930119_0310_wang 25 16 9 5 0 844.25 1410.94 252.23 398.63 592.02 1012.31
ynao_sd_19930120_0120_wang 28 22 6 4 0 866.18 1040.66 305.47 395.38 560.71 645.28
ynao_sd_19930121_0450_wang 17 12 5 3 0 778.28 1010.61 184.82 316.91 593.46 693.7
ynao_sd_19930122_0250_wang 13 8 5 3 0 592.54 737.65 123.93 153.8 468.61 583.85
ynao_sd_19930123_0810_hong 11 9 2 2 0 555.36 650.65 122.52 149.78 432.84 500.87
ynao_sd_19930125_0510_hong 10 6 4 3 0 513.29 779.53 129.97 186.55 383.32 592.98
ynao_sd_19930127_0410_hong 6 4 2 2 0 315.11 899.91 76.37 157.62 238.74 742.29
ynao_sd_19930129_0650_li 11 6 5 3 0 333.06 509.1 73.9 112.79 259.16 396.31
ynao_sd_19930130_0230_li 15 10 5 3 0 398.05 959.68 176.66 565.93 221.39 393.75
ynao_sd_19930131_0140_li 13 11 2 2 0 308.24 581.18 116.32 243.71 191.92 337.47
ynao_sd_19930201_0150_li 17 16 1 2 0 227.19 387.04 106.3 150.78 120.89 236.26
ynao_sd_19930202_0120_li 22 18 4 2 0 368.36 1267.92 155.32 444.13 213.04 823.79
ynao_sd_19930203_0050_li 54 49 5 2 0 928.05 2211.7 419.95 961.59 508.1 1250.11
ynao_sd_19930204_0050_li 55 44 11 6 0 1415.95 2596.44 466.56 824.35 949.39 1772.09
ynao_sd_19930205_0130_li 69 48 21 11 0 2258.42 3396.25 567.01 913.19 1691.41 2483.06
ynao_sd_19930206_0120_li 81 53 28 12 0 2866.05 3926.68 655.68 923.92 2210.37 3002.76
ynao_sd_19930207_0120_li 123 96 27 8 0 3434.39 4520.28 944.78 1355.4 2489.61 3164.88
ynao_sd_19930208_0120_hong 121 91 30 14 0 4359.39 5284.3 1153.13 1382.36 3206.26 3901.94
ynao_sd_19930209_0200_hong 128 102 26 11 0 5297.87 8264.48 1212.69 1443.54 4085.18 6820.94
ynao_sd_19930212_0330_li 71 39 32 10 0 3098.14 3780.37 601.4 715.36 2496.74 3065.01
ynao_sd_19930213_0230_li 62 42 20 12 0 2019.59 2831.76 502.93 687.46 1516.66 2144.3
ynao_sd_19930214_0115_li 56 41 15 7 0 1433.72 2178.29 383.34 552.72 1050.38 1625.57
ynao_sd_19930215_0330_li 44 30 14 5 0 1138.24 1945.95 328.9 558.09 809.34 1387.86
ynao_sd_19930216_0210_li 38 35 3 3 0 686.11 1550.27 381.29 872.57 304.82 677.7
ynao_sd_19930217_0715_li 38 33 5 5 0 614.41 897.23 270.08 402.67 344.33 494.56
ynao_sd_19930218_0105_li 43 37 6 4 0 627.01 837.75 274.0 351.67 353.01 486.08
ynao_sd_19930220_0135_li 36 30 6 5 0 1442.56 1868.57 291.85 417.86 1150.71 1450.71
ynao_sd_19930221_0045_li 45 35 10 6 0 1056.47 1543.59 346.02 560.37 710.45 983.22
ynao_sd_19930222_0205_hong 66 49 17 11 0 1878.94 2870.76 518.03 714.21 1360.91 2156.55
ynao_sd_19930223_0130_hong 63 42 21 11 0 2414.53 3207.7 672.18 843.39 1742.35 2364.31
ynao_sd_19930224_0120_hong 69 46 23 15 0 2295.97 2986.87 614.39 769.56 1681.58 2217.31
ynao_sd_19930225_0110_hong 67 54 13 8 0 1846.84 2264.72 564.54 708.51 1282.3 1556.21
ynao_sd_19930226_0120_hong 65 55 10 5 0 1638.3 2091.7 592.18 868.94 1046.12 1222.76
ynao_sd_19930227_0130_hong 62 51 11 6 0 2535.02 3955.32 516.43 666.34 2018.59 3288.98
ynao_sd_19930228_0405_hong 66 51 15 9 0 2705.19 5895.23 537.6 672.31 2167.59 5222.92
ynao_sd_19930301_0230_hong 52 37 15 11 0 1177.9 1585.14 453.94 702.48 723.96 882.66
ynao_sd_19930302_0130_hong 72 64 8 6 0 1159.19 1706.16 535.34 844.67 623.85 861.49
ynao_sd_19930303_0140_hong 48 28 20 10 0 1714.11 3433.01 410.41 697.17 1303.7 2735.84
ynao_sd_19930304_0120_hong 79 51 28 13 0 2159.06 3751.56 606.07 957.16 1552.99 2794.4
ynao_sd_19930305_0120_hong 127 87 40 12 0 2774.82 4098.22 899.15 1273.11 1875.67 2825.11
ynao_sd_19930306_0105_hong 101 77 24 12 0 2514.48 3483.77 772.67 1060.56 1741.81 2423.21
ynao_sd_19930307_0155_li 70 55 15 5 0 1920.43 2206.48 608.07 735.29 1312.36 1471.19
ynao_sd_19930308_0550_li 60 47 13 5 0 2373.09 2479.68 595.46 657.5 1777.63 1822.18
ynao_sd_19930309_0150_li 72 56 16 6 0 2091.17 2128.49 600.88 630.68 1490.29 1497.81
ynao_sd_19930310_0115_li 60 41 19 4 0 2200.18 2266.83 554.6 574.95 1645.58 1691.88
ynao_sd_19930311_0120_li 54 41 13 3 0 1847.66 2082.46 415.58 491.62 1432.08 1590.84
ynao_sd_19930312_0230_li 60 47 13 4 0 1655.01 2352.19 487.65 736.84 1167.36 1615.35
ynao_sd_19930313_0140_li 46 33 13 4 0 1310.33 2156.27 387.71 657.46 922.62 1498.81
ynao_sd_19930314_0120_li 43 33 10 4 0 1154.43 2271.65 333.79 616.81 820.64 1654.84
ynao_sd_19930315_0100_li 38 33 5 3 0 619.04 1496.85 262.6 562.66 356.44 934.19
ynao_sd_19930316_0105_hong 39 34 5 5 0 654.25 862.67 301.62 398.18 352.63 464.49
ynao_sd_19930317_0110_hong 48 39 9 6 0 750.41 1145.16 340.38 508.34 410.03 636.82
ynao_sd_19930318_0330_hong 45 35 10 9 0 934.9 1207.78 352.57 489.44 582.33 718.34
ynao_sd_19930319_0530_hong 38 25 13 7 0 1125.09 1372.24 345.24 437.59 779.85 934.65
ynao_sd_19930320_0110_hong 53 40 13 11 0 1332.99 1669.76 437.34 560.37 895.65 1109.39
ynao_sd_19930321_0210_hong 53 39 14 10 0 994.87 1365.56 428.09 594.51 566.78 771.05
ynao_sd_19930322_0120_hong 56 47 9 6 0 963.6 1524.01 421.65 661.44 541.95 862.57
ynao_sd_19930323_0125_li 32 26 6 4 0 579.09 852.55 249.31 365.8 329.78 486.75
ynao_sd_19930324_0050_li 20 18 2 3 0 375.44 424.09 132.37 148.0 243.07 276.09
ynao_sd_19930325_0130_li 21 19 2 1 0 316.11 399.98 141.58 183.29 174.53 216.69
ynao_sd_19930326_0040_li 17 11 6 3 0 426.45 851.59 116.21 182.86 310.24 668.73
ynao_sd_19930327_0035_li 28 22 6 2 0 1852.03 2761.19 219.43 411.75 1632.6 2349.44
ynao_sd_19930328_0150_li 43 40 3 2 0 591.85 1062.62 288.94 576.22 302.91 486.4
ynao_sd_19930329_0105_hong 32 23 9 3 0 1003.59 1376.05 305.97 413.05 697.62 963.0
ynao_sd_19930330_0100_hong 54 43 11 6 0 1055.78 1564.62 387.05 575.29 668.73 989.33
ynao_sd_19930331_0105_hong 65 55 10 8 0 1267.41 1666.33 457.82 570.62 809.59 1095.71
ynao_sd_19930401_0100_hong 59 49 10 6 0 1449.84 1716.89 525.13 600.09 924.71 1116.8
ynao_sd_19930402_0105_hong 59 51 8 4 0 1367.67 1541.09 529.02 594.91 838.65 946.18
ynao_sd_19930403_0100_hong 63 50 13 7 0 1589.81 1816.95 540.05 657.88 1049.76 1159.07
ynao_sd_19930404_0200_hong 54 42 12 8 0 1388.69 1644.83 435.59 522.63 953.1 1122.2
ynao_sd_19930405_0100_li 42 30 12 5 0 1153.86 1381.67 333.49 417.89 820.37 963.78
ynao_sd_19930406_0050_li 57 50 7 4 0 1194.18 1435.98 459.67 612.67 734.51 823.31
ynao_sd_19930407_0125_li 75 66 9 5 0 1376.64 1600.16 593.1 741.13 783.54 859.03
ynao_sd_19930408_0820_li 73 66 7 4 0 1211.24 1591.24 528.56 668.41 682.68 922.83
ynao_sd_19930409_0510_li 77 63 14 9 0 1511.88 1951.89 523.19 671.58 988.69 1280.31
ynao_sd_19930410_0400_li 66 55 11 9 0 1125.82 1671.33 449.47 695.09 676.35 976.24
ynao_sd_19930411_0100_li 59 45 14 7 0 833.86 1473.28 410.8 766.07 423.06 707.21
ynao_sd_19930412_0105_hong 49 39 10 7 0 814.1 1939.25 322.83 707.34 491.27 1231.91
ynao_sd_19930413_0100_hong 22 21 1 1 0 222.4 813.3 171.05 542.15 51.35 271.15
ynao_sd_19930414_0240_hong 13 13 0 0 0 92.56 141.81 92.56 141.81 0 0
ynao_sd_19930415_0100_hong 16 16 0 0 0 103.32 155.06 103.32 155.06 0 0
ynao_sd_19930416_0100_hong 13 13 0 0 0 85.07 112.29 85.07 112.29 0 0
ynao_sd_19930417_0105_hong 24 23 1 1 0 198.42 481.54 158.61 344.43 39.81 137.11
ynao_sd_19930418_0100_hong 29 23 6 2 0 388.08 905.06 207.36 511.05 180.72 394.01
ynao_sd_19930419_0050_li 21 18 3 4 0 337.99 614.67 161.27 335.04 176.72 279.63
ynao_sd_19930420_0100_li 54 45 9 6 0 824.53 1101.9 353.44 495.08 471.09 606.82
ynao_sd_19930421_0125_li 77 69 8 6 0 984.68 1118.02 452.49 509.6 532.19 608.42
ynao_sd_19930423_0100_li 46 38 8 4 0 831.17 932.72 303.39 317.8 527.78 614.92
ynao_sd_19930424_0100_li 61 57 4 6 0 750.98 870.36 383.06 458.96 367.92 411.4
ynao_sd_19930425_0045_li 50 43 7 4 0 658.92 967.19 350.09 498.39 308.83 468.8
ynao_sd_19930426_0100_wang 43 31 12 8 0 886.33 1530.52 277.44 464.51 608.89 1066.01
ynao_sd_19930427_0100_wang 29 22 7 6 0 679.82 1510.48 209.93 490.98 469.89 1019.5
ynao_sd_19930428_0110_wang 20 15 5 4 0 487.81 820.67 181.36 260.85 306.45 559.82
ynao_sd_19930429_0040_wang 29 23 6 4 0 520.62 739.49 198.06 289.3 322.56 450.19
ynao_sd_19930430_0030_wang 14 9 5 4 0 360.69 426.7 106.32 129.82 254.37 296.88
ynao_sd_19930501_0040_li 13 10 3 2 0 214.97 236.09 101.07 111.4 113.9 124.69
ynao_sd_19930503_0930_li 14 14 0 0 0 113.74 243.89 113.74 243.89 0 0
ynao_sd_19930504_0240_li 22 21 1 1 0 198.23 334.14 155.84 202.51 42.39 131.63
ynao_sd_19930505_0630_li 31 27 4 3 0 466.0 1225.01 201.74 463.89 264.26 761.12
ynao_sd_19930506_0150_li 43 36 7 4 0 652.58 1227.88 315.11 548.85 337.47 679.03
ynao_sd_19930507_0030_li 36 24 12 6 0 1062.42 1770.44 250.8 415.11 811.62 1355.33
ynao_sd_19930508_0045_li 59 43 16 10 0 1506.44 1903.25 387.06 471.43 1119.38 1431.82
ynao_sd_19930509_0040_li 59 44 15 9 0 1720.13 1946.58 416.74 469.9 1303.39 1476.68
ynao_sd_19930511_0100_hong 79 51 28 16 1 2606.01 3119.82 664.09 792.96 1941.92 2326.86
ynao_sd_19930512_0100_hong 89 61 28 20 0 2206.95 2810.83 657.28 845.3 1549.67 1965.53
ynao_sd_19930513_0050_hong 81 65 16 14 0 1740.4 2346.78 595.68 804.29 1144.72 1542.49
ynao_sd_19930514_0050_hong 57 49 8 10 0 2518.3 6549.6 446.41 735.75 2071.89 5813.85
ynao_sd_19930515_0100_hong 30 23 7 4 0 661.9 1203.1 258.78 489.54 403.12 713.56
ynao_sd_19930516_0110_hong 21 18 3 2 0 377.39 606.75 183.31 321.97 194.08 284.78
ynao_sd_19930517_0120_wang 8 5 3 1 0 185.13 224.94 55.85 92.05 129.28 132.89
ynao_sd_19930518_0110_wang 10 7 3 1 0 180.45 194.06 57.62 60.82 122.83 133.24
ynao_sd_19930519_0100_wang 5 2 3 1 0 119.01 144.52 30.34 36.84 88.67 107.68
ynao_sd_19930520_0110_wang 4 2 2 1 0 81.28 137.84 25.21 56.36 56.07 81.48
ynao_sd_19930521_0100_wang 7 6 1 1 0 84.85 151.42 68.06 118.98 16.79 32.44
ynao_sd_19930522_0120_wang 2 2 0 0 0 29.96 59.51 29.96 59.51 0 0
ynao_sd_19930523_0410_wang 4 4 0 0 0 25.05 39.89 25.05 39.89 0 0
ynao_sd_19930524_0100_hong 15 15 0 0 0 122.36 212.75 122.36 212.75 0 0
ynao_sd_19930525_0110_hong 10 10 0 0 0 126.72 355.35 126.72 355.35 0 0
ynao_sd_19930526_0405_hong 24 22 2 1 0 247.36 558.78 186.82 406.23 60.54 152.55
ynao_sd_19930527_0100_hong 44 37 7 5 0 628.36 1146.45 307.61 550.47 320.75 595.98
ynao_sd_19930528_0420_hong 51 38 13 10 0 997.17 1543.14 337.03 461.41 660.14 1081.73
ynao_sd_19930529_0730_hong 85 69 16 11 1 1293.07 1589.23 589.34 741.13 703.73 848.1
ynao_sd_19930530_0410_hong 66 49 17 11 0 1568.55 1773.18 547.31 627.97 1021.24 1145.21
ynao_sd_19930531_0700_wang 61 39 22 10 0 1823.78 1975.45 455.53 521.89 1368.25 1453.56
ynao_sd_19930601_0250_wang 73 53 20 15 0 1881.71 2263.22 507.14 663.6 1374.57 1599.62
ynao_sd_19930602_0100_wang 92 66 26 13 0 3684.39 4304.57 648.54 879.16 3035.85 3425.41
ynao_sd_19930603_0820_wang 56 36 20 9 0 2053.39 2460.86 369.08 438.94 1684.31 2021.92
ynao_sd_19930604_0230_wang 72 47 25 8 0 3009.06 4250.48 445.37 576.7 2563.69 3673.78
ynao_sd_19930605_0210_wang 47 29 18 10 0 1546.3 2127.16 303.95 377.49 1242.35 1749.67
ynao_sd_19930606_0210_wang 53 34 19 9 0 1473.94 2202.86 479.17 777.27 994.77 1425.59
ynao_sd_19930607_0110_hong 71 56 15 6 0 1423.76 1783.55 509.95 644.75 913.81 1138.8
ynao_sd_19930608_0300_li 36 21 15 5 0 1244.59 1636.41 265.83 338.78 978.76 1297.63
ynao_sd_19930609_0100_li 26 14 12 7 0 1021.17 1522.38 204.71 300.81 816.46 1221.57
ynao_sd_19930610_0150_li 35 27 8 5 0 718.86 1262.75 220.0 417.42 498.86 845.33
ynao_sd_19930611_0020_li 22 17 5 3 0 631.18 1464.38 193.62 564.52 437.56 899.86
ynao_sd_19930612_0520_li 2 1 1 1 0 271.86 318.59 32.38 63.19 239.48 255.4
ynao_sd_19930614_0930_hong 2 1 1 1 0 270.99 321.6 38.98 47.93 232.01 273.67
ynao_sd_19930615_0100_hong 3 2 1 1 0 220.08 280.6 56.86 71.92 163.22 208.68
ynao_sd_19930616_0105_hong 4 3 1 1 0 191.17 287.48 47.4 66.85 143.77 220.63
ynao_sd_19930617_0040_hong 1 0 1 1 0 136.05 284.44 21.76 45.58 114.29 238.86
ynao_sd_19930618_0050_hong 2 1 1 1 0 89.77 281.38 19.16 56.37 70.61 225.01
ynao_sd_19930619_0040_hong 3 3 0 0 0 19.57 20.59 19.57 20.59 0 0
ynao_sd_19930620_0140_hong 13 13 0 0 0 96.98 110.18 96.98 110.18 0 0
ynao_sd_19930621_0050_wang 16 15 1 1 0 136.88 157.75 102.31 117.87 34.57 39.88
ynao_sd_19930622_0100_wang 11 10 1 1 0 152.38 214.08 82.13 113.78 70.25 100.3
ynao_sd_19930623_0200_wang 17 15 2 2 0 271.12 755.45 112.43 181.2 158.69 574.25
ynao_sd_19930624_0140_wang 19 14 5 3 0 535.36 875.74 190.45 278.95 344.91 596.79
ynao_sd_19930625_0120_wang 28 20 8 3 0 840.82 1248.09 262.81 480.11 578.01 767.98
ynao_sd_19930626_0220_wang 29 23 6 5 0 1028.39 1640.41 350.07 662.84 678.32 977.57
ynao_sd_19930627_0430_wang 46 35 11 7 0 1256.29 1780.55 421.96 677.0 834.33 1103.55
ynao_sd_19930628_0220_hong 53 41 12 10 0 2706.38 5222.93 406.77 543.36 2299.61 4679.57
ynao_sd_19930629_0130_hong 74 62 12 9 0 1609.33 1936.03 587.39 741.77 1021.94 1194.26
ynao_sd_19930630_0120_hong 81 70 11 8 0 1616.93 1808.52 634.05 759.64 982.88 1048.88
ynao_sd_19930701_0620_hong 58 48 10 9 0 1256.48 1368.21 454.73 488.79 801.75 879.42
ynao_sd_19930702_0240_hong 69 66 3 3 0 1013.91 1223.66 578.55 682.29 435.36 541.37
ynao_sd_19930703_0530_hong 44 39 5 5 0 884.56 1285.07 382.34 500.69 502.22 784.38
ynao_sd_19930704_0805_hong 28 19 9 6 0 786.28 1299.74 225.4 358.37 560.88 941.37
ynao_sd_19930705_0550_li 34 26 8 4 0 623.3 1189.27 280.43 530.27 342.87 659.0
ynao_sd_19930706_0610_li 18 14 4 4 0 386.43 778.84 168.12 287.83 218.31 491.01
ynao_sd_19930708_0120_li 8 7 1 1 0 292.81 386.0 81.07 96.46 211.74 289.54
ynao_sd_19930709_0140_li 18 15 3 1 0 396.06 460.65 114.25 137.48 281.81 323.17
ynao_sd_19930710_0150_li 17 14 3 1 0 377.75 421.49 116.16 148.25 261.59 273.24
ynao_sd_19930711_0120_li 12 10 2 1 0 372.87 388.72 110.69 125.34 262.18 263.38
ynao_sd_19930712_0620_wang 17 14 3 1 0 384.32 413.17 111.25 133.86 273.07 279.31
ynao_sd_19930713_0040_wang 25 22 3 1 0 412.48 446.26 180.79 197.27 231.69 248.99
ynao_sd_19930714_0100_wang 42 37 5 2 0 593.97 669.29 298.57 324.34 295.4 344.95
ynao_sd_19930715_0100_wang 45 36 9 3 0 808.58 933.66 284.67 343.03 523.91 590.63
ynao_sd_19930716_0140_wang 31 22 9 5 0 882.55 1241.35 228.91 309.58 653.64 931.77
ynao_sd_19930717_0310_wang 23 14 9 7 0 734.47 1414.99 152.09 249.46 582.38 1165.53
ynao_sd_19930718_0230_hong 25 19 6 5 0 718.18 1138.84 205.19 305.5 512.99 833.34
ynao_sd_19930720_0905_hong 30 26 4 4 0 835.6 1057.95 294.43 410.95 541.17 647.0
ynao_sd_19930721_0600_hong 36 25 11 6 0 1027.74 1224.83 332.03 443.6 695.71 781.23
ynao_sd_19930722_0530_hong 34 25 9 6 0 873.56 978.27 308.8 384.61 564.76 593.66
ynao_sd_19930723_0420_hong 42 35 7 4 0 984.97 1071.9 397.57 482.57 587.4 589.33
ynao_sd_19930724_0520_hong 27 21 6 4 0 2255.0 4524.18 275.95 355.79 1979.05 4168.39
ynao_sd_19930725_0230_hong 27 23 4 3 0 796.4 1058.69 282.57 374.02 513.83 684.67
ynao_sd_19930728_0830_li 30 26 4 4 0 550.11 769.55 203.59 250.57 346.52 518.98
ynao_sd_19930729_0155_li 30 28 2 2 0 424.24 615.8 219.75 396.38 204.49 219.42
ynao_sd_19930730_0300_li 13 12 1 1 0 219.39 246.53 84.56 96.51 134.83 150.02
ynao_sd_19930802_0630_wang 10 6 4 2 0 272.79 766.75 97.15 253.64 175.64 513.11
ynao_sd_19930803_0530_wang 7 1 6 4 0 394.45 1129.86 91.97 293.76 302.48 836.1
ynao_sd_19930804_0515_wang 10 5 5 4 0 469.46 942.3 113.95 283.28 355.51 659.02
ynao_sd_19930805_0740_wang 7 3 4 3 0 487.98 675.67 89.33 120.78 398.65 554.89
ynao_sd_19930808_0220_wang 17 13 4 2 0 474.09 491.83 147.53 161.8 326.56 330.03
ynao_sd_19930809_0320_hong 43 42 1 2 0 731.96 800.31 405.98 467.71 325.98 332.6
ynao_sd_19930810_0510_hong 37 30 7 6 0 772.4 1111.46 284.23 331.03 488.17 780.43
ynao_sd_19930811_0720_hong 38 30 8 7 0 857.62 1430.39 257.76 414.72 599.86 1015.67
ynao_sd_19930812_0730_hong 41 28 13 9 0 798.13 1417.29 262.89 441.76 535.24 975.53
ynao_sd_19930813_0530_hong 38 29 9 6 0 692.15 1480.58 306.57 630.82 385.58 849.76
ynao_sd_19930814_0130_hong 35 28 7 4 0 635.01 1329.05 262.64 515.0 372.37 814.05
ynao_sd_19930815_0150_hong 28 22 6 3 0 513.03 679.68 198.23 234.1 314.8 445.58
ynao_sd_19930816_0950_li 12 11 1 1 0 273.2 331.21 109.19 118.16 164.01 213.05
ynao_sd_19930817_0520_li 14 13 1 1 0 249.18 282.95 104.79 112.29 144.39 170.66
ynao_sd_19930818_0520_li 15 13 2 2 0 340.24 555.89 102.33 168.36 237.91 387.53
ynao_sd_19930819_0210_li 5 3 2 2 0 363.42 550.68 66.65 110.07 296.77 440.61
ynao_sd_19930822_0150_li 15 10 5 3 0 631.89 799.7 124.59 175.86 507.3 623.84
ynao_sd_19930823_0120_wang 19 14 5 4 0 1791.76 4638.94 171.37 223.26 1620.39 4415.68
ynao_sd_19930824_0600_wang 25 19 6 4 0 706.52 1015.38 176.69 232.29 529.83 783.09
ynao_sd_19930825_0130_wang 12 8 4 3 0 576.13 970.42 209.27 480.61 366.86 489.81
ynao_sd_19930827_0250_wang 22 19 3 3 0 475.03 672.4 191.74 271.52 283.29 400.88
ynao_sd_19930828_0150_wang 24 20 4 4 0 466.12 634.95 153.04 191.26 313.08 443.69
ynao_sd_19930829_0630_wang 20 19 1 1 0 276.79 318.2 141.26 176.71 135.53 141.49
ynao_sd_19930830_0200_wang 20 19 1 1 0 296.34 355.58 153.56 208.85 142.78 146.73
ynao_sd_19930901_0920_hong 5 2 3 2 0 158.1 300.86 34.97 56.31 123.13 244.55
ynao_sd_19930905_0800_hong 10 9 1 1 0 106.9 128.95 75.44 95.7 31.46 33.25
ynao_sd_19930906_0200_hong 14 14 0 0 0 85.06 97.29 85.06 97.29 0 0
ynao_sd_19930907_0120_wang 3 3 0 0 0 16.32 16.38 16.32 16.38 0 0
ynao_sd_19930908_0230_wang 1 1 0 0 0 8.34 8.81 8.34 8.81 0 0
ynao_sd_19930909_0230_wang 4 4 0 0 0 25.47 35.17 25.47 35.17 0 0
ynao_sd_19930910_0130_wang 1 1 0 0 0 6.52 8.87 6.52 8.87 0 0
ynao_sd_19930911_0140_wang 0 0 0 0 0 0 0 0 0 0 0
ynao_sd_19930912_0200_wang 0 0 0 0 0 0 0 0 0 0 0
ynao_sd_19930913_0030_li 2 2 0 0 0 31.21 41.74 31.21 41.74 0 0
ynao_sd_19930914_0140_li 1 1 0 0 0 6.19 6.23 6.19 6.23 0 0
ynao_sd_19930915_0230_li 2 2 0 0 0 27.69 73.58 27.69 73.58 0 0
ynao_sd_19930916_0040_li 8 8 0 0 0 63.42 116.12 63.42 116.12 0 0
ynao_sd_19930917_0015_li 6 6 0 0 0 58.25 81.45 58.25 81.45 0 0
ynao_sd_19930918_0040_li 10 10 0 0 0 83.91 105.93 83.91 105.93 0 0
ynao_sd_19930920_0300_hong 12 12 0 0 0 63.59 68.86 63.59 68.86 0 0
ynao_sd_19930921_0510_hong 5 5 0 0 0 36.11 48.61 36.11 48.61 0 0
ynao_sd_19930922_0140_hong 5 5 0 0 0 32.99 38.18 32.99 38.18 0 0
ynao_sd_19930923_0530_hong 12 12 0 0 0 75.6 85.28 75.6 85.28 0 0
ynao_sd_19930925_0110_hong 45 41 4 2 0 647.12 672.18 306.16 318.94 340.96 353.24
ynao_sd_19930925_0540_hong 24 16 8 3 0 463.33 482.68 177.64 184.78 285.69 297.9
ynao_sd_19930926_0200_wang 41 38 3 3 0 851.34 927.32 352.89 383.09 498.45 544.23
ynao_sd_19930927_0340_wang 36 29 7 3 0 1111.83 2640.99 319.75 525.81 792.08 2115.18
ynao_sd_19930928_0340_wang 28 22 6 3 0 1414.35 3383.01 320.91 817.54 1093.44 2565.47
ynao_sd_19930929_0240_wang 28 18 10 5 0 1630.58 3049.26 361.04 656.0 1269.54 2393.26
ynao_sd_19931001_0525_li 29 20 9 5 0 755.65 1345.54 207.09 336.89 548.56 1008.65
ynao_sd_19931003_0720_wang 49 27 22 8 0 2930.4 3375.34 560.84 630.32 2369.56 2745.02
ynao_sd_19931004_0110_li 30 19 11 4 0 853.99 1161.84 190.45 281.79 663.54 880.05
ynao_sd_19931005_0430_wang 66 44 22 8 0 2909.93 3265.39 639.7 723.99 2270.23 2541.4
ynao_sd_19931006_0120_wang 67 46 21 6 0 2531.83 3081.63 557.87 797.25 1973.96 2284.38
ynao_sd_19931007_0130_li 63 43 20 8 0 1837.13 2358.64 409.21 535.98 1427.92 1822.66
ynao_sd_19931008_0150_li 52 38 14 5 0 1439.16 2239.82 341.49 494.15 1097.67 1745.67
ynao_sd_19931009_0120_li 38 27 11 7 0 947.99 2131.37 298.87 628.23 649.12 1503.14
ynao_sd_19931011_0420_hong 37 24 13 8 0 919.91 1819.79 259.79 494.56 660.12 1325.23
ynao_sd_19931012_0210_hong 41 29 12 5 0 1021.17 1848.7 310.62 557.13 710.55 1291.57
ynao_sd_19931013_0250_hong 22 12 10 4 0 604.84 782.94 161.55 233.48 443.29 549.46
ynao_sd_19931016_0705_hong 30 25 5 4 0 488.88 693.47 220.76 289.94 268.12 403.53
ynao_sd_19931026_0120_li 10 10 0 0 0 104.97 210.72 104.97 210.72 0 0
ynao_sd_19931027_0130_li 15 15 0 0 0 88.54 129.38 88.54 129.38 0 0
ynao_sd_19931028_0050_li 10 10 0 0 0 71.04 130.14 71.04 130.14 0 0
ynao_sd_19931101_0110_hong 10 6 4 3 0 736.96 1276.61 154.58 251.43 582.38 1025.18
ynao_sd_19931102_0120_hong 7 4 3 3 0 972.53 1359.07 219.5 305.71 753.03 1053.36
ynao_sd_19931103_0110_hong 12 9 3 3 0 1227.8 1448.53 259.6 305.22 968.2 1143.31
ynao_sd_19931104_0120_hong 15 9 6 4 0 1345.02 1442.4 277.31 299.89 1067.71 1142.51
ynao_sd_19931105_0200_hong 17 6 11 3 0 1375.23 1451.86 268.49 303.41 1106.74 1148.45
ynao_sd_19931106_0110_hong 21 14 7 3 0 1360.5 1553.13 315.97 403.99 1044.53 1149.14
ynao_sd_19931107_0120_hong 20 15 5 2 0 1176.26 1401.67 310.25 400.25 866.01 1001.42
ynao_sd_19931108_0700_wang 15 8 7 2 0 886.77 1243.6 153.03 210.13 733.74 1033.47
ynao_sd_19931109_0040_wang 8 4 4 2 0 712.5 1208.8 100.23 162.37 612.27 1046.43
ynao_sd_19931110_0150_wang 7 2 5 2 0 458.15 1115.02 69.55 158.77 388.6 956.25
ynao_sd_19931111_0050_wang 4 2 2 1 0 182.01 748.39 37.36 114.45 144.65 633.94
ynao_sd_19931112_0100_wang 1 1 0 0 0 5.81 17.87 5.81 17.87 0 0
ynao_sd_19931113_0055_wang 9 5 4 3 0 262.82 864.21 84.41 290.76 178.41 573.45
ynao_sd_19931114_0210_wang 15 7 8 4 0 529.11 1014.05 98.76 189.07 430.35 824.98
ynao_sd_19931115_0050_li 29 25 4 3 0 782.46 1097.13 222.79 313.61 559.67 783.52
ynao_sd_19931116_0120_li 29 18 11 5 0 1054.86 1295.36 219.1 311.67 835.76 983.69
ynao_sd_19931117_0105_li 41 31 10 5 0 1178.82 1251.44 296.11 316.59 882.71 934.85
ynao_sd_19931118_0505_li 38 24 14 2 0 1516.48 1526.66 300.19 303.23 1216.29 1223.43
ynao_sd_19931119_0210_li 34 17 17 3 0 1666.68 1700.2 320.89 338.87 1345.79 1361.33
ynao_sd_19931120_0120_li 50 34 16 3 0 1460.31 1556.01 311.53 340.04 1148.78 1215.97
ynao_sd_19931122_0240_hong 46 35 11 4 0 960.86 1422.87 324.4 464.04 636.46 958.83
ynao_sd_19931123_0130_hong 51 38 13 6 0 896.54 1498.16 363.73 577.51 532.81 920.65
ynao_sd_19931124_0830_hong 34 27 7 6 0 673.87 1157.03 285.4 382.52 388.47 774.51
ynao_sd_19931125_0145_hong 34 26 8 6 0 711.28 762.84 261.53 286.44 449.75 476.4
ynao_sd_19931126_0200_hong 41 34 7 5 0 706.49 899.88 300.63 352.38 405.86 547.5
ynao_sd_19931127_0120_hong 32 29 3 2 0 550.47 782.24 266.07 355.61 284.4 426.63
ynao_sd_19931128_0210_hong 24 19 5 3 0 424.96 732.6 183.07 278.79 241.89 453.81
ynao_sd_19931129_0115_wang 31 28 3 2 0 405.57 774.43 224.26 299.31 181.31 475.12
ynao_sd_19931130_0115_wang 23 22 1 3 0 353.85 905.83 208.89 215.21 144.96 690.62
ynao_sd_19931201_0050_wang 49 35 14 6 0 873.14 1390.66 403.36 589.86 469.78 800.8
ynao_sd_19931202_0150_wang 56 47 9 7 0 995.79 1347.15 397.43 517.09 598.36 830.06
ynao_sd_19931203_0115_wang 42 37 5 4 0 848.6 1203.53 287.51 416.93 561.09 786.6
ynao_sd_19931204_0220_wang 29 22 7 5 0 749.03 1218.14 231.87 369.73 517.16 848.41
ynao_sd_19931205_0150_wang 37 31 6 6 0 726.31 1130.37 292.46 400.84 433.85 729.53
ynao_sd_19931206_0340_wang 35 29 6 5 0 596.23 676.85 249.15 284.4 347.08 392.45
ynao_sd_19931207_0420_wang 45 36 9 9 0 762.85 837.16 337.06 382.96 425.79 454.2
ynao_sd_19931208_0510_wang 45 37 8 7 0 726.57 762.08 328.6 342.29 397.97 419.79
ynao_sd_19931209_0440_wang 54 51 3 3 0 526.77 616.29 379.78 455.08 146.99 161.21
ynao_sd_19931210_0520_wang 19 14 5 2 0 349.21 451.59 160.8 218.82 188.41 232.77
ynao_sd_19931211_0120_wang 25 22 3 2 0 263.96 383.36 150.52 220.5 113.44 162.86
ynao_sd_19931212_0150_wang 12 10 2 2 0 156.44 290.37 83.39 152.16 73.05 138.21
ynao_sd_19931213_0115_li 4 4 0 0 0 28.1 74.61 28.1 74.61 0 0
ynao_sd_19931214_0045_li 2 2 0 0 0 10.73 13.53 10.73 13.53 0 0
ynao_sd_19931215_0620_li 8 7 1 1 0 73.09 160.95 42.72 63.13 30.37 97.82
ynao_sd_19931218_0830_li 4 3 1 1 0 135.95 165.2 42.93 56.12 93.02 109.08
ynao_sd_19931219_0300_li 3 2 1 1 0 106.08 116.29 24.1 27.93 81.98 88.36
ynao_sd_19931223_0130_hong 41 29 12 8 0 1081.56 1484.01 335.75 460.38 745.81 1023.63
ynao_sd_19931224_0140_hong 60 51 9 4 0 1131.85 1351.54 539.28 647.0 592.57 704.54
ynao_sd_19931225_0620_hong 87 71 16 9 0 1634.06 1722.51 557.82 601.46 1076.24 1121.05
ynao_sd_19931226_0140_wang 79 61 18 9 0 2148.97 2202.62 745.28 769.03 1403.69 1433.59
ynao_sd_19931227_0115_wang 56 43 13 7 0 1997.39 2068.68 452.85 470.66 1544.54 1598.02
ynao_sd_19931228_0130_wang 65 49 16 7 0 1660.05 1858.59 479.08 535.8 1180.97 1322.79
ynao_sd_19931229_0130_wang 49 32 17 6 0 1825.08 3063.25 418.95 722.84 1406.13 2340.41
ynao_sd_19931230_0130_wang 44 22 22 10 0 2483.55 4820.39 413.71 781.67 2069.84 4038.72
ynao_sd_19931231_0215_wang 60 28 32 14 0 2700.96 5125.16 464.07 865.69 2236.89 4259.47
