ynao_sd_19940101_0150_wang 57 28 29 12 0 2953.98 5026.39 494.23 875.31 2459.75 4151.08 0
ynao_sd_19940102_0140_li 81 47 34 13 0 2605.25 3036.43 512.02 653.36 2093.23 2383.07 0
ynao_sd_19940103_0100_li 87 60 27 16 0 2482.3 2594.87 626.05 656.95 1856.25 1937.92 0
ynao_sd_19940104_0115_li 98 67 31 16 0 2337.45 2512.67 693.85 787.21 1643.6 1725.46 0
ynao_sd_19940105_0120_li 101 77 24 13 0 2038.32 2261.66 648.39 730.91 1389.93 1530.75 0
ynao_sd_19940106_0320_li 84 67 17 11 0 1824.56 2210.96 596.93 705.76 1227.63 1505.2 0
ynao_sd_19940107_0050_li 81 56 25 10 0 1845.16 2284.4 526.92 659.8 1318.24 1624.6 0
ynao_sd_19940108_0050_li 53 43 10 7 0 1348.25 1723.13 378.77 484.73 969.48 1238.4 0
ynao_sd_19940109_0050_li 49 40 9 7 0 1017.15 1292.64 356.37 451.97 660.78 840.67 0
ynao_sd_19940110_0050_li 47 36 11 3 0 937.95 1091.18 313.0 437.04 624.95 654.14 0
ynao_sd_19940111_0050_li 44 36 8 3 0 738.85 823.38 318.6 347.39 420.25 475.99 0
ynao_sd_19940112_0050_li 37 29 8 9 0 671.11 853.3 216.66 269.73 454.45 583.57 0
ynao_sd_19940113_0050_li 32 25 7 7 0 547.76 821.5 264.3 354.11 283.46 467.39 0
ynao_sd_19940114_0050_li 28 24 4 2 0 288.13 619.0 219.37 438.27 68.76 180.73 0
ynao_sd_19940115_0050_li 22 21 1 1 0 206.36 808.78 190.3 752.83 16.06 55.95 0
ynao_sd_19940116_0050_li 12 8 4 2 0 1637.55 5144.04 119.06 560.12 1518.49 4583.92 0
ynao_sd_19940117_0050_li 7 1 6 3 0 688.92 1816.71 115.31 322.53 573.61 1494.18 0
ynao_sd_19940118_0050_li 18 5 13 2 0 1143.79 1943.61 202.79 346.15 941.0 1597.46 0
ynao_sd_19940119_0050_li 20 8 12 2 0 1485.55 2011.97 275.15 381.59 1210.4 1630.38 0
ynao_sd_19940120_0050_li 18 8 10 4 0 1176.27 1352.89 226.8 264.11 949.47 1088.78 0
ynao_sd_19940121_0050_li 51 42 9 2 0 1441.23 1525.63 452.16 481.87 989.07 1043.76 0
ynao_sd_19940124_0050_li 39 30 9 3 0 1583.04 1841.93 360.17 444.32 1222.87 1397.61 0
ynao_sd_19940125_0050_li 40 21 19 4 0 1651.93 2090.98 367.78 477.09 1284.15 1613.89 0
ynao_sd_19940126_0050_li 41 22 19 7 0 1656.6 2449.07 287.12 418.86 1369.48 2030.21 0
ynao_sd_19940127_0050_li 48 37 11 4 0 1046.02 2070.05 356.97 643.47 689.05 1426.58 0
ynao_sd_19940128_0050_li 21 14 7 5 0 440.74 1181.29 167.92 323.35 272.82 857.94 0
ynao_sd_19940129_0050_li 32 32 0 0 0 268.71 453.86 268.71 453.86 0 0 0
ynao_sd_19940130_0050_li 24 24 0 0 0 153.55 256.86 153.55 256.86 0 0 0
ynao_sd_19940131_0050_li 26 21 5 3 0 315.82 413.96 161.46 193.17 154.36 220.79 0
ynao_sd_19940201_0050_li 23 22 1 1 0 269.01 424.02 170.18 268.52 98.83 155.5 0
ynao_sd_19940202_0050_li 23 22 1 1 0 278.87 332.1 164.59 187.73 114.28 144.37 0
ynao_sd_19940203_0050_li 18 14 4 3 0 329.79 488.69 133.51 218.4 196.28 270.29 0
ynao_sd_19940204_0050_li 25 23 2 2 0 299.14 402.64 173.46 241.63 125.68 161.01 0
ynao_sd_19940205_0050_li 28 22 6 3 0 475.63 605.0 201.84 275.38 273.79 329.62 0
ynao_sd_19940206_0050_li 32 28 4 2 0 452.5 582.39 236.01 341.84 216.49 240.55 0
ynao_sd_19940207_0050_li 28 25 3 2 0 384.85 441.85 195.53 233.15 189.32 208.7 0
ynao_sd_19940208_0050_li 24 19 5 3 0 460.57 605.17 203.4 284.3 257.17 320.87 0
ynao_sd_19940209_0050_li 24 18 6 5 0 492.3 756.61 144.35 229.83 347.95 526.78 0
ynao_sd_19940210_0050_li 22 14 8 4 0 672.59 989.29 216.87 422.72 455.72 566.57 0
ynao_sd_19940211_0050_li 13 6 7 3 0 585.69 687.55 125.05 147.69 460.64 539.86 0
ynao_sd_19940212_0050_li 14 9 5 4 0 385.54 491.53 107.14 164.9 278.4 326.63 0
ynao_sd_19940213_0050_li 9 4 5 5 0 297.93 417.99 71.52 107.77 226.41 310.22 0
ynao_sd_19940214_0050_li 13 11 2 1 0 218.85 611.54 109.98 182.89 108.87 428.65 0
ynao_sd_19940215_0050_li 25 24 1 1 0 551.92 1114.33 236.79 398.47 315.13 715.86 0
ynao_sd_19940216_0050_li 19 17 2 1 0 671.75 1043.43 216.99 321.66 454.76 721.77 0
ynao_sd_19940217_0050_li 21 19 2 1 0 883.91 1144.94 237.05 308.78 646.86 836.16 0
ynao_sd_19940218_0050_li 28 26 2 1 0 828.34 988.22 321.98 413.96 506.36 574.26 0
ynao_sd_19940219_0050_li 17 14 3 1 0 855.87 914.08 234.84 256.5 621.03 657.58 0
ynao_sd_19940220_0050_li 28 24 4 2 0 894.25 939.75 281.97 301.83 612.28 637.92 0
ynao_sd_19940221_0050_li 23 20 3 2 0 756.07 861.97 234.9 293.6 521.17 568.37 0
ynao_sd_19940222_0050_li 21 14 7 3 0 711.13 918.78 146.02 224.31 565.11 694.47 0
ynao_sd_19940223_0050_li 15 10 5 4 0 615.01 869.39 129.71 187.74 485.3 681.65 0
ynao_sd_19940224_0050_li 21 18 3 2 0 426.26 843.33 152.9 380.35 273.36 462.98 0
ynao_sd_19940225_0050_li 8 5 3 3 0 277.69 697.17 82.09 172.85 195.6 524.32 0
ynao_sd_19940226_0050_li 9 8 1 1 0 176.18 288.22 106.86 153.52 69.32 134.7 0
ynao_sd_19940227_0050_li 13 11 2 2 0 230.46 407.73 109.6 176.89 120.86 230.84 0
ynao_sd_19940228_0050_li 20 17 3 2 0 312.7 477.73 159.08 247.64 153.62 230.09 0
ynao_sd_19940301_0050_li 39 38 1 1 0 354.92 442.94 270.33 353.01 84.59 89.93 0
ynao_sd_19940302_0050_li 37 36 1 2 0 325.2 375.02 258.22 298.55 66.98 76.47 0
ynao_sd_19940303_0050_li 39 39 0 0 0 277.99 346.23 277.99 346.23 0 0 0
ynao_sd_19940304_0050_li 39 38 1 2 0 306.51 382.69 252.9 311.67 53.61 71.02 0
ynao_sd_19940305_0050_li 21 20 1 1 0 170.93 228.7 148.1 188.83 22.83 39.87 0
ynao_sd_19940306_0050_li 29 29 0 0 0 214.26 349.38 214.26 349.38 0 0 0
ynao_sd_19940307_0050_li 46 46 0 0 0 296.28 383.86 296.28 383.86 0 0 0
ynao_sd_19940308_0050_li 38 37 1 1 0 324.35 369.3 292.32 336.98 32.03 32.32 0
ynao_sd_19940309_0050_li 43 42 1 1 0 294.15 409.93 260.36 373.8 33.79 36.13 0
ynao_sd_19940310_0050_li 20 18 2 1 0 199.47 250.31 113.15 144.45 86.32 105.86 0
ynao_sd_19940311_0050_li 21 19 2 1 0 185.03 359.62 132.72 283.3 52.31 76.32 0
ynao_sd_19940312_0050_li 22 22 0 1 0 188.21 333.01 139.26 238.11 48.95 94.9 0
ynao_sd_19940313_0050_li 26 24 2 1 0 287.85 516.8 198.78 382.18 89.07 134.62 0
ynao_sd_19940314_0050_li 12 5 7 1 0 305.25 420.62 82.67 140.96 222.58 279.66 0
ynao_sd_19940315_0050_li 15 11 4 1 0 263.95 315.43 79.77 105.24 184.18 210.19 0
ynao_sd_19940316_0050_li 8 5 3 2 0 227.81 373.85 58.53 79.31 169.28 294.54 0
ynao_sd_19940317_0050_li 12 9 3 2 0 241.35 360.16 63.13 79.36 178.22 280.8 0
ynao_sd_19940318_0050_li 3 2 1 1 0 153.84 218.57 53.32 71.05 100.52 147.52 0
ynao_sd_19940319_0050_li 1 0 1 1 0 109.71 140.32 15.82 20.26 93.89 120.06 0
ynao_sd_19940320_0050_li 3 2 1 1 0 181.64 227.88 81.92 113.77 99.72 114.11 0
ynao_sd_19940321_0050_li 4 2 2 1 0 60.19 67.07 24.87 28.28 35.32 38.79 0
ynao_sd_19940325_0050_li 11 11 0 0 0 77.18 102.87 77.18 102.87 0 0 0
ynao_sd_19940327_0050_li 7 7 0 0 0 52.73 57.95 52.73 57.95 0 0 0
ynao_sd_19940328_0050_li 13 12 1 1 0 121.26 126.7 94.74 99.24 26.52 27.46 0
ynao_sd_19940329_0050_li 16 16 0 0 0 104.75 106.31 104.75 106.31 0 0 0
ynao_sd_19940330_0050_li 21 21 0 0 0 119.49 122.93 119.49 122.93 0 0 0
ynao_sd_19940331_0050_li 25 25 0 0 0 178.03 232.73 178.03 232.73 0 0 0
ynao_sd_19940401_0050_li 9 8 1 1 0 85.91 177.43 56.66 97.59 29.25 79.84 0
ynao_sd_19940402_0050_li 4 4 0 0 0 21.19 22.75 21.19 22.75 0 0 0
ynao_sd_19940403_0050_li 2 2 0 0 0 11.47 14.53 11.47 14.53 0 0 0
ynao_sd_19940404_0050_li 0 0 0 0 0 0 0 0 0 0 0 0
ynao_sd_19940405_0050_li 1 1 0 0 0 5.96 26.41 5.96 26.41 0 0 0
ynao_sd_19940406_0050_li 0 0 0 0 0 0 0 0 0 0 0 0
ynao_sd_19940407_0050_li 1 1 0 0 0 6.56 12.31 6.56 12.31 0 0 0
ynao_sd_19940408_0050_li 0 0 0 0 0 0 0 0 0 0 0 0
ynao_sd_19940409_0050_li 1 1 0 0 0 44.02 141.74 44.02 141.74 0 0 0
ynao_sd_19940410_0050_li 1 0 1 1 0 51.33 98.9 8.02 15.48 43.31 83.42 0
ynao_sd_19940411_0050_li 7 6 1 1 0 80.97 120.87 46.7 70.5 34.27 50.37 0
ynao_sd_19940412_0050_li 7 7 0 0 0 53.93 66.39 53.93 66.39 0 0 0
ynao_sd_19940413_0050_li 18 18 0 0 0 98.14 107.3 98.14 107.3 0 0 0
ynao_sd_19940414_0050_li 11 11 0 0 0 52.84 54.56 52.84 54.56 0 0 0
ynao_sd_19940415_0050_li 15 15 0 0 0 107.6 252.79 107.6 252.79 0 0 0
ynao_sd_19940416_0035_li 6 5 1 2 0 1131.7 3604.87 53.78 106.14 1077.92 3498.73 0
ynao_sd_19940417_0050_li 5 3 2 1 0 170.27 270.52 36.01 56.93 134.26 213.59 0
ynao_sd_19940418_0050_li 7 5 2 1 0 250.41 321.74 70.4 93.83 180.01 227.91 0
ynao_sd_19940419_0050_li 6 3 3 1 0 272.77 306.56 71.15 83.28 201.62 223.28 0
ynao_sd_19940420_0050_li 16 14 2 1 0 371.0 519.4 124.14 263.48 246.86 255.92 0
ynao_sd_19940421_0050_li 17 16 1 1 0 357.37 375.53 147.73 161.95 209.64 213.58 0
ynao_sd_19940422_0050_li 25 23 2 2 0 437.61 497.9 196.18 216.34 241.43 281.56 0
ynao_sd_19940423_0050_li 32 26 6 3 0 615.53 668.52 241.25 255.72 374.28 412.8 0
ynao_sd_19940424_0050_li 20 15 5 2 0 473.8 557.93 176.64 197.54 297.16 360.39 0
ynao_sd_19940425_0050_li 5 2 3 2 0 311.15 421.95 40.73 52.1 270.42 369.85 0
ynao_sd_19940426_0050_li 10 8 2 2 0 288.6 481.27 103.86 155.32 184.74 325.95 0
ynao_sd_19940427_0050_li 10 9 1 1 0 186.13 441.72 109.25 308.39 76.88 133.33 0
ynao_sd_19940428_0050_li 3 2 1 1 0 63.52 140.11 25.61 44.79 37.91 95.32 0
ynao_sd_19940429_0050_li 7 7 0 0 0 57.65 161.46 57.65 161.46 0 0 0
ynao_sd_19940430_0050_li 2 2 0 0 0 16.4 16.76 16.4 16.76 0 0 0
ynao_sd_19940501_0050_li 4 4 0 0 0 25.93 27.06 25.93 27.06 0 0 0
ynao_sd_19940502_0050_li 21 21 0 0 0 128.23 150.85 128.23 150.85 0 0 0
ynao_sd_19940503_0050_li 16 16 0 0 0 90.85 107.15 90.85 107.15 0 0 0
ynao_sd_19940505_0050_li 4 4 0 0 0 28.12 39.18 28.12 39.18 0 0 0
ynao_sd_19940507_0050_li 16 16 0 0 0 86.11 101.64 86.11 101.64 0 0 0
ynao_sd_19940508_0050_li 12 12 0 0 0 73.1 86.0 73.1 86.0 0 0 0
ynao_sd_19940509_0050_li 16 16 0 0 0 117.21 124.16 117.21 124.16 0 0 0
ynao_sd_19940510_0050_li 5 5 0 0 0 35.4 38.53 35.4 38.53 0 0 0
ynao_sd_19940511_0050_li 4 4 0 0 0 31.59 50.61 31.59 50.61 0 0 0
ynao_sd_19940512_0050_li 13 11 2 1 0 237.39 807.6 105.09 268.35 132.3 539.25 0
ynao_sd_19940513_0050_li 24 19 5 3 0 317.69 607.54 184.99 320.02 132.7 287.52 0
ynao_sd_19940514_0050_li 16 11 5 4 0 639.44 956.17 161.5 222.93 477.94 733.24 0
ynao_sd_19940515_0050_li 13 7 6 4 0 770.4 962.2 167.79 206.34 602.61 755.86 0
ynao_sd_19940516_0050_li 12 9 3 1 0 892.73 993.99 194.99 216.91 697.74 777.08 0
ynao_sd_19940517_0050_li 25 21 4 1 0 924.74 1024.96 208.33 291.33 716.41 733.63 0
ynao_sd_19940518_0050_li 23 17 6 1 0 963.44 1084.65 291.96 405.66 671.48 678.99 0
ynao_sd_19940520_0050_li 20 14 6 2 0 855.77 1003.81 171.25 208.41 684.52 795.4 0
ynao_sd_19940521_0050_li 22 17 5 2 0 835.11 1106.49 197.39 247.02 637.72 859.47 0
ynao_sd_19940522_0050_li 11 8 3 1 0 529.46 934.59 114.2 198.36 415.26 736.23 0
ynao_sd_19940523_0050_li 9 5 4 1 0 280.4 647.41 72.36 134.31 208.04 513.1 0
ynao_sd_19940524_0050_li 5 3 2 1 0 99.04 345.02 30.84 70.13 68.2 274.89 0
ynao_sd_19940525_0050_li 1 1 0 0 0 6.77 7.48 6.77 7.48 0 0 0
ynao_sd_19940526_0050_li 1 1 0 0 0 6.84 11.03 6.84 11.03 0 0 0
ynao_sd_19940528_0050_li 0 0 0 0 0 0 0 0 0 0 0 0
ynao_sd_19940530_0050_li 0 0 0 0 0 0 0 0 0 0 0 0
ynao_sd_19940531_0050_li 0 0 0 0 0 0 0 0 0 0 0 0
ynao_sd_19940601_0050_li 0 0 0 0 0 0 0 0 0 0 0 0
ynao_sd_19940602_0050_li 1 1 0 0 0 4.63 4.8 4.63 4.8 0 0 0
ynao_sd_19940603_0050_li 0 0 0 0 0 0 0 0 0 0 0 0
ynao_sd_19940604_0050_li 0 0 0 0 0 0 0 0 0 0 0 0
ynao_sd_19940605_0050_li 0 0 0 0 0 0 0 0 0 0 0 0
ynao_sd_19940606_0050_li 1 1 0 0 0 6.64 10.06 6.64 10.06 0 0 0
ynao_sd_19940607_0050_li 9 7 2 1 0 127.78 241.45 64.89 119.15 62.89 122.3 0
ynao_sd_19940609_0050_li 23 20 3 2 0 411.83 734.02 145.08 236.54 266.75 497.48 0
ynao_sd_19940610_0050_li 31 27 4 2 0 634.85 926.21 235.31 328.95 399.54 597.26 0
ynao_sd_19940611_0050_li 34 30 4 3 0 577.54 705.58 280.39 351.37 297.15 354.21 0
ynao_sd_19940612_0050_li 29 25 4 3 0 468.26 514.58 202.42 228.62 265.84 285.96 0
ynao_sd_19940613_0050_li 23 18 5 4 0 382.93 492.47 163.21 267.85 219.72 224.62 0
ynao_sd_19940614_0050_li 17 15 2 1 0 214.21 257.65 140.23 183.11 73.98 74.54 0
ynao_sd_19940615_0050_li 31 29 2 1 0 306.96 352.12 218.35 259.51 88.61 92.61 0
ynao_sd_19940618_0050_li 13 13 0 0 0 99.33 223.13 99.33 223.13 0 0 0
ynao_sd_19940620_0050_li 3 3 0 0 0 21.69 26.87 21.69 26.87 0 0 0
ynao_sd_19940622_0050_li 10 10 0 0 0 74.85 79.52 74.85 79.52 0 0 0
ynao_sd_19940623_0050_li 12 12 0 0 0 97.67 109.62 97.67 109.62 0 0 0
ynao_sd_19940624_0050_li 19 18 1 1 0 152.88 180.96 122.04 143.14 30.84 37.82 0
ynao_sd_19940625_0050_li 13 13 0 0 0 105.1 138.41 105.1 138.41 0 0 0
ynao_sd_19940627_0050_li 1 1 0 0 0 6.57 7.27 6.57 7.27 0 0 0
ynao_sd_19940628_0050_li 3 2 1 1 0 75.2 186.64 30.23 83.39 44.97 103.25 0
ynao_sd_19940629_0050_li 8 6 2 1 0 310.69 537.21 64.91 125.96 245.78 411.25 0
ynao_sd_19940630_0050_li 15 11 4 1 0 458.59 606.36 137.38 183.8 321.21 422.56 0
ynao_sd_19940701_0050_li 23 18 5 1 0 586.15 666.51 165.55 191.03 420.6 475.48 0
ynao_sd_19940702_0050_li 31 26 5 2 0 559.56 585.2 213.96 227.15 345.6 358.05 0
ynao_sd_19940703_0050_li 36 31 5 4 0 525.28 797.98 207.84 240.89 317.44 557.09 0
ynao_sd_19940704_0050_li 33 29 4 3 0 508.56 713.46 201.98 245.79 306.58 467.67 0
ynao_sd_19940705_0050_li 17 13 4 4 0 545.61 730.3 114.94 150.84 430.67 579.46 0
ynao_sd_19940706_0050_li 12 7 5 3 0 502.07 621.54 107.9 133.03 394.17 488.51 0
ynao_sd_19940707_0050_li 28 23 5 2 0 408.8 462.25 177.84 217.92 230.96 244.33 0
ynao_sd_19940708_0050_li 47 41 6 3 0 552.95 616.79 268.94 324.59 284.01 292.2 0
ynao_sd_19940709_0050_li 40 35 5 4 0 556.68 576.06 239.97 250.82 316.71 325.24 0
ynao_sd_19940710_0050_li 37 33 4 5 0 424.68 472.02 199.74 226.57 224.94 245.45 0
ynao_sd_19940711_0050_li 45 39 6 6 0 577.6 751.24 268.51 357.49 309.09 393.75 0
ynao_sd_19940712_0050_li 24 15 9 6 0 466.06 769.07 174.31 287.14 291.75 481.93 0
ynao_sd_19940713_0050_li 32 31 1 1 0 282.88 541.88 233.02 453.14 49.86 88.74 0
ynao_sd_19940714_0050_li 21 20 1 1 0 166.73 296.88 139.27 222.81 27.46 74.07 0
ynao_sd_19940715_0050_li 27 27 0 0 0 211.46 352.8 211.46 352.8 0 0 0
ynao_sd_19940716_0050_li 31 31 0 0 0 235.16 434.94 235.16 434.94 0 0 0
ynao_sd_19940717_0050_li 35 33 2 2 0 422.33 789.85 289.56 425.06 132.77 364.79 0
ynao_sd_19940718_0050_li 21 19 2 2 0 318.17 602.47 142.72 259.31 175.45 343.16 0
ynao_sd_19940719_0050_li 12 11 1 1 0 300.92 449.38 108.36 180.08 192.56 269.3 0
ynao_sd_19940720_0050_li 12 11 1 1 0 338.19 406.12 97.5 122.86 240.69 283.26 0
ynao_sd_19940721_0050_li 13 12 1 1 0 488.29 521.08 139.87 153.35 348.42 367.73 0
ynao_sd_19940722_0050_li 8 5 3 1 0 436.75 446.0 80.41 86.57 356.34 359.43 0
ynao_sd_19940723_0050_li 8 5 3 1 0 380.43 388.58 71.78 75.45 308.65 313.13 0
ynao_sd_19940724_0050_li 8 5 3 1 0 386.93 415.91 77.03 83.53 309.9 332.38 0
ynao_sd_19940725_0050_li 6 5 1 1 0 285.98 352.6 59.56 72.57 226.42 280.03 0
ynao_sd_19940726_0050_li 3 2 1 1 0 202.02 294.11 38.33 52.84 163.69 241.27 0
ynao_sd_19940727_0050_li 2 1 1 1 0 124.35 228.28 13.24 26.7 111.11 201.58 0
ynao_sd_19940728_0050_li 3 2 1 1 0 61.27 160.94 26.6 65.35 34.67 95.59 0
ynao_sd_19940729_0050_li 5 5 0 0 0 27.95 31.34 27.95 31.34 0 0 0
ynao_sd_19940730_0050_li 1 1 0 0 0 6.02 6.5 6.02 6.5 0 0 0
ynao_sd_19940731_0050_li 4 4 0 0 0 22.79 51.87 22.79 51.87 0 0 0
ynao_sd_19940801_0050_li 2 2 0 0 0 12.82 13.58 12.82 13.58 0 0 0
ynao_sd_19940802_0050_li 1 1 0 0 0 6.47 6.95 6.47 6.95 0 0 0
ynao_sd_19940803_0050_li 8 8 0 0 0 70.47 189.45 70.47 189.45 0 0 0
ynao_sd_19940804_0050_li 8 7 1 1 0 107.05 189.26 58.33 105.66 48.72 83.6 0
ynao_sd_19940805_0050_li 13 12 1 1 0 165.33 221.56 87.89 120.38 77.44 101.18 0
ynao_sd_19940806_0050_li 18 15 3 1 0 204.29 232.89 92.12 107.79 112.17 125.1 0
ynao_sd_19940807_0050_li 9 7 2 1 0 262.98 266.65 61.54 63.02 201.44 203.63 0
ynao_sd_19940809_0050_li 8 6 2 1 0 265.93 273.92 76.96 79.16 188.97 194.76 0
ynao_sd_19940810_0050_li 13 11 2 1 0 278.59 308.62 111.16 121.68 167.43 186.94 0
ynao_sd_19940811_0050_li 9 6 3 2 0 267.9 574.22 79.93 135.36 187.97 438.86 0
ynao_sd_19940813_0050_li 25 20 5 4 0 417.52 616.01 164.92 210.01 252.6 406.0 0
ynao_sd_19940814_0050_li 41 26 15 6 0 919.53 1211.1 330.44 379.7 589.09 831.4 0
ynao_sd_19940815_0050_li 25 15 10 4 0 699.8 776.7 191.08 218.8 508.72 557.9 0
ynao_sd_19940817_0050_li 27 17 10 4 0 597.83 752.44 152.58 189.14 445.25 563.3 0
ynao_sd_19940818_0050_li 12 6 6 4 0 286.62 444.9 82.21 122.51 204.41 322.39 0
ynao_sd_19940819_0050_li 21 20 1 2 0 281.68 447.41 223.18 345.14 58.5 102.27 0
ynao_sd_19940820_0050_li 13 11 2 1 0 176.57 214.22 94.33 127.2 82.24 87.02 0
ynao_sd_19940821_0050_li 7 4 3 1 0 120.33 138.85 35.65 46.26 84.68 92.59 0
ynao_sd_19940822_0050_li 2 2 0 1 0 48.16 60.58 12.76 17.72 35.4 42.86 0
ynao_sd_19940823_0050_li 9 9 0 0 0 68.25 98.99 68.25 98.99 0 0 0
ynao_sd_19940824_0050_li 5 4 1 2 0 105.93 142.05 38.06 53.39 67.87 88.66 0
ynao_sd_19940825_0050_li 8 8 0 0 0 72.96 83.7 72.96 83.7 0 0 0
ynao_sd_19940826_0050_li 9 9 0 0 0 68.84 72.62 68.84 72.62 0 0 0
ynao_sd_19940827_0050_li 7 7 0 0 0 46.7 48.22 46.7 48.22 0 0 0
ynao_sd_19940828_0050_li 6 6 0 0 0 55.45 59.57 55.45 59.57 0 0 0
ynao_sd_19940829_0050_li 4 3 1 1 0 78.37 245.92 21.79 45.6 56.58 200.32 0
ynao_sd_19940830_0050_li 4 3 1 1 0 133.13 246.37 42.24 63.14 90.89 183.23 0
ynao_sd_19940831_0050_li 15 12 3 2 0 395.18 872.25 123.02 275.49 272.16 596.76 0
ynao_sd_19940901_0050_li 23 14 9 4 0 879.85 1627.75 181.94 338.21 697.91 1289.54 0
ynao_sd_19940902_0050_li 29 18 11 6 0 1162.59 1641.41 244.16 357.63 918.43 1283.78 0
ynao_sd_19940903_0050_li 42 30 12 5 0 1358.82 2055.71 325.93 484.95 1032.89 1570.76 0
ynao_sd_19940904_0050_li 34 25 9 6 0 1511.35 1932.38 352.72 442.67 1158.63 1489.71 0
ynao_sd_19940906_0050_li 44 38 6 4 0 1321.36 1496.37 343.9 381.92 977.46 1114.45 0
ynao_sd_19940907_0050_li 46 41 5 5 0 1318.6 1512.58 390.48 434.8 928.12 1077.78 0
ynao_sd_19940910_0050_li 15 12 3 2 0 611.54 868.54 138.41 216.81 473.13 651.73 0
ynao_sd_19940911_0050_li 4 2 2 2 0 460.28 761.53 105.35 257.24 354.93 504.29 0
ynao_sd_19940912_0050_li 3 1 2 1 0 339.14 479.85 64.7 98.69 274.44 381.16 0
ynao_sd_19940913_0050_li 3 2 1 1 0 310.85 511.55 50.68 76.6 260.17 434.95 0
ynao_sd_19940914_0050_li 2 0 2 1 0 170.56 441.71 30.57 79.44 139.99 362.27 0
ynao_sd_19940915_0050_li 3 1 2 1 0 86.93 365.16 28.17 104.83 58.76 260.33 0
ynao_sd_19940916_0050_li 0 0 0 0 0 0 0 0 0 0 0 0
ynao_sd_19940917_0050_li 9 8 1 1 0 76.47 95.39 56.82 74.2 19.65 21.19 0
ynao_sd_19940918_0050_li 7 7 0 0 0 52.95 64.82 52.95 64.82 0 0 0
ynao_sd_19940919_0050_li 4 4 0 0 0 23.09 94.32 23.09 94.32 0 0 0
ynao_sd_19940920_0050_li 0 0 0 0 0 0 0 0 0 0 0 0
ynao_sd_19940921_0050_li 0 0 0 0 0 0 0 0 0 0 0 0
ynao_sd_19940922_0050_li 1 1 0 0 0 7.57 8.14 7.57 8.14 0 0 0
ynao_sd_19940923_0050_li 8 8 0 0 0 67.48 69.76 67.48 69.76 0 0 0
ynao_sd_19940924_0050_li 7 7 0 0 0 72.93 75.82 72.93 75.82 0 0 0
ynao_sd_19940925_0050_li 14 12 2 1 0 172.96 196.59 88.25 100.67 84.71 95.92 0
ynao_sd_19940929_0050_li 4 3 1 1 0 125.33 202.79 40.43 80.5 84.9 122.29 0
ynao_sd_19940930_0050_li 3 2 1 1 0 137.19 286.04 55.47 189.73 81.72 96.31 0
ynao_sd_19941001_0050_li 4 1 3 2 0 194.8 346.37 35.57 77.88 159.23 268.49 0
ynao_sd_19941002_0050_li 3 0 3 2 0 228.4 325.84 32.75 43.14 195.65 282.7 0
ynao_sd_19941003_0050_li 4 1 3 2 0 365.56 497.33 73.97 142.12 291.59 355.21 0
ynao_sd_19941004_0050_li 6 3 3 2 0 337.33 387.4 79.88 90.52 257.45 296.88 0
ynao_sd_19941005_0050_li 17 14 3 2 0 489.81 577.28 172.94 221.71 316.87 355.57 0
ynao_sd_19941006_0050_li 32 29 3 2 0 502.1 667.83 261.0 394.47 241.1 273.36 0
ynao_sd_19941007_0050_li 38 34 4 3 0 505.38 668.84 278.06 386.59 227.32 282.25 0
ynao_sd_19941009_0050_li 29 22 7 4 0 522.38 726.13 231.44 311.54 290.94 414.59 0
ynao_sd_19941010_0050_li 27 16 11 6 0 669.07 1152.86 165.45 272.76 503.62 880.1 0
ynao_sd_19941011_0050_li 18 11 7 4 0 571.94 942.41 147.59 292.55 424.35 649.86 0
ynao_sd_19941012_0050_li 18 7 11 4 0 731.16 1597.32 177.08 408.99 554.08 1188.33 0
ynao_sd_19941013_0050_li 25 16 9 5 1 953.35 1828.85 198.98 400.65 754.37 1428.2 114.98
ynao_sd_19941014_0050_li 40 25 15 7 0 1240.64 1750.47 311.67 422.76 928.97 1327.71 0
ynao_sd_19941015_0050_li 46 39 7 6 0 1168.5 1408.61 328.78 411.63 839.72 996.98 0
ynao_sd_19941016_0050_li 52 40 12 5 0 1259.44 1377.67 365.74 411.44 893.7 966.23 0
ynao_sd_19941017_0050_li 42 37 5 4 0 902.7 945.81 281.82 293.99 620.88 651.82 0
ynao_sd_19941018_0050_li 46 41 5 2 0 815.46 1054.17 351.96 542.67 463.5 511.5 0
ynao_sd_19941019_0050_li 41 36 5 4 0 802.31 1117.16 311.98 463.27 490.33 653.89 0
ynao_sd_19941021_0050_li 26 22 4 3 0 548.69 882.99 220.85 418.61 327.84 464.38 0
ynao_sd_19941022_0050_li 21 17 4 2 0 353.39 537.72 122.55 171.35 230.84 366.37 0
ynao_sd_19941023_0050_li 14 10 4 2 0 183.29 252.75 112.04 139.71 71.25 113.04 0
ynao_sd_19941024_0050_li 18 17 1 3 0 243.34 371.01 136.01 218.13 107.33 152.88 0
ynao_sd_19941025_0050_li 22 21 1 2 0 237.84 526.87 142.39 285.58 95.45 241.29 0
ynao_sd_19941026_0050_li 32 26 6 3 0 340.97 876.7 212.48 497.37 128.49 379.33 0
ynao_sd_19941027_0050_li 33 27 6 4 0 607.65 1119.97 282.46 468.01 325.19 651.96 0
ynao_sd_19941028_0050_li 32 23 9 7 0 717.21 1038.6 255.04 353.73 462.17 684.87 0
ynao_sd_19941029_0050_li 40 34 6 5 0 817.47 981.05 321.05 384.47 496.42 596.58 0
ynao_sd_19941030_0050_li 50 44 6 5 0 959.47 1202.76 365.26 398.17 594.21 804.59 0
ynao_sd_19941031_0050_li 38 26 12 6 0 874.1 1043.92 238.27 269.08 635.83 774.84 0
ynao_sd_19941101_0050_li 40 32 8 4 0 851.36 978.56 288.12 311.61 563.24 666.95 0
ynao_sd_19941102_0050_li 29 24 5 4 0 792.17 927.05 220.1 281.26 572.07 645.79 0
ynao_sd_19941103_0050_li 13 9 4 3 0 537.63 631.73 115.68 162.54 421.95 469.19 0
ynao_sd_19941104_0050_li 17 13 4 3 0 429.92 489.78 112.27 144.97 317.65 344.81 0
ynao_sd_19941105_0050_li 5 4 1 1 0 285.7 332.78 92.82 129.08 192.88 203.7 0
ynao_sd_19941106_0050_li 5 2 3 2 0 276.89 414.0 61.21 125.97 215.68 288.03 0
ynao_sd_19941107_0050_li 4 2 2 2 0 183.41 260.58 45.27 70.31 138.14 190.27 0
ynao_sd_19941108_0050_li 3 1 2 2 0 146.35 202.36 30.24 40.39 116.11 161.97 0
ynao_sd_19941109_0050_li 3 1 2 2 0 121.27 199.99 30.66 66.64 90.61 133.35 0
ynao_sd_19941110_0050_li 5 3 2 1 0 107.23 167.87 50.79 109.32 56.44 58.55 0
ynao_sd_19941111_0050_li 3 1 2 1 0 54.9 58.66 17.54 20.93 37.36 37.73 0
ynao_sd_19941112_0050_li 3 3 0 0 0 32.44 34.87 32.44 34.87 0 0 0
ynao_sd_19941113_0050_li 8 8 0 0 0 45.45 48.34 45.45 48.34 0 0 0
ynao_sd_19941114_0050_li 3 3 0 0 0 25.19 31.32 25.19 31.32 0 0 0
ynao_sd_19941115_0050_li 1 1 0 0 0 5.66 6.57 5.66 6.57 0 0 0
ynao_sd_19941116_0050_li 2 2 0 0 0 20.21 20.54 20.21 20.54 0 0 0
ynao_sd_19941117_0050_li 6 6 0 0 0 35.7 47.02 35.7 47.02 0 0 0
ynao_sd_19941118_0050_li 9 9 0 0 0 84.75 162.38 84.75 162.38 0 0 0
ynao_sd_19941119_0050_li 3 3 0 0 0 31.38 76.7 31.38 76.7 0 0 0
ynao_sd_19941120_0050_li 1 1 0 0 0 11.01 36.73 11.01 36.73 0 0 0
ynao_sd_19941121_0050_li 1 1 0 0 0 11.1 59.17 11.1 59.17 0 0 0
ynao_sd_19941122_0050_li 1 1 0 0 0 18.21 44.25 18.21 44.25 0 0 0
ynao_sd_19941123_0050_li 2 1 1 1 0 38.39 62.45 8.21 11.67 30.18 50.78 0
ynao_sd_19941124_0050_li 2 2 0 0 0 12.58 16.61 12.58 16.61 0 0 0
ynao_sd_19941125_0050_li 6 6 0 0 0 32.66 41.19 32.66 41.19 0 0 0
ynao_sd_19941127_0050_li 26 25 1 1 0 287.24 311.65 188.77 202.73 98.47 108.92 0
ynao_sd_19941128_0050_li 21 20 1 1 0 149.35 173.31 120.34 138.07 29.01 35.24 0
ynao_sd_19941129_0050_li 9 8 1 1 0 93.54 126.8 52.08 67.85 41.46 58.95 0
ynao_sd_19941130_0050_li 1 1 0 1 0 42.49 79.6 7.06 13.17 35.43 66.43 0
ynao_sd_19941201_0050_li 4 2 2 1 0 99.31 256.82 32.88 79.67 66.43 177.15 0
ynao_sd_19941202_0050_li 1 1 0 1 0 114.26 542.79 56.36 267.74 57.9 275.05 0
ynao_sd_19941203_0050_li 4 4 0 0 0 20.58 21.06 20.58 21.06 0 0 0
ynao_sd_19941204_0050_li 3 3 0 0 0 46.84 186.46 46.84 186.46 0 0 0
ynao_sd_19941205_0050_li 4 2 2 1 0 107.03 202.78 50.91 99.01 56.12 103.77 0
ynao_sd_19941206_0050_li 3 2 1 1 0 107.8 161.04 38.54 61.15 69.26 99.89 0
ynao_sd_19941207_0050_li 2 1 1 1 0 107.83 135.04 36.78 48.01 71.05 87.03 0
ynao_sd_19941208_0050_li 6 4 2 1 0 117.83 142.65 49.53 68.47 68.3 74.18 0
ynao_sd_19941209_0050_li 14 13 1 1 0 158.91 249.83 121.92 203.29 36.99 46.54 0
ynao_sd_19941210_0050_li 16 9 7 3 0 461.13 652.22 145.9 182.04 315.23 470.18 0
ynao_sd_19941211_0050_li 31 22 9 6 0 846.49 1030.89 235.45 284.87 611.04 746.02 0
ynao_sd_19941212_0050_li 51 40 11 7 0 1260.23 1367.03 418.75 455.14 841.48 911.89 0
ynao_sd_19941213_0050_li 48 37 11 5 0 1510.55 1561.59 481.28 500.52 1029.27 1061.07 0
ynao_sd_19941214_0050_li 51 36 15 4 0 1574.73 1613.39 383.72 393.33 1191.01 1220.06 0
ynao_sd_19941215_0050_li 37 25 12 6 0 1315.53 1419.95 333.18 362.99 982.35 1056.96 0
ynao_sd_19941216_0050_li 32 22 10 4 0 1127.06 1350.34 306.88 370.42 820.18 979.92 0
ynao_sd_19941217_0050_li 35 23 12 3 0 933.78 1602.85 294.17 690.9 639.61 911.95 0
ynao_sd_19941218_0050_li 25 19 6 4 0 651.34 1358.59 221.41 470.4 429.93 888.19 0
ynao_sd_19941220_0050_li 8 6 2 1 0 285.87 440.16 92.81 189.36 193.06 250.8 0
ynao_sd_19941222_0050_li 16 15 1 1 0 382.86 397.1 118.14 128.06 264.72 269.04 0
ynao_sd_19941223_0050_li 17 15 2 1 0 327.62 336.86 117.3 126.09 210.32 210.77 0
ynao_sd_19941224_0050_li 25 24 1 1 0 322.42 332.16 155.47 158.75 166.95 173.41 0
ynao_sd_19941225_0050_li 13 12 1 1 0 243.35 276.28 98.77 110.7 144.58 165.58 0
ynao_sd_19941226_0050_li 26 25 1 1 0 303.89 386.03 178.84 214.07 125.05 171.96 0
ynao_sd_19941227_0050_li 20 19 1 1 0 232.25 364.51 143.53 201.46 88.72 163.05 0
ynao_sd_19941228_0050_li 4 3 1 1 0 81.33 214.57 30.3 71.97 51.03 142.6 0
ynao_sd_19941229_0050_li 11 11 0 0 0 86.09 155.48 86.09 155.48 0 0 0
ynao_sd_19941230_0050_li 3 3 0 0 0 21.51 27.3 21.51 27.3 0 0 0
ynao_sd_19941231_0050_li 1 1 0 0 0 7.13 8.58 7.13 8.58 0 0 0
