ynao_sd_19950102_0050_li 0 0 0 0 0 0 0 0 0 0 0 0
ynao_sd_19950105_0050_li 7 7 0 0 0 44.49 59.93 44.49 59.93 0 0 0
ynao_sd_19950106_0050_li 5 5 0 0 0 31.35 40.87 31.35 40.87 0 0 0
ynao_sd_19950107_0050_li 5 5 0 0 0 27.8 30.59 27.8 30.59 0 0 0
ynao_sd_19950108_0050_li 3 3 0 0 0 19.33 20.28 19.33 20.28 0 0 0
ynao_sd_19950109_0050_li 0 0 0 0 0 0 0 0 0 0 0 0
ynao_sd_19950110_0050_li 1 1 0 0 0 9.18 9.33 9.18 9.33 0 0 0
ynao_sd_19950111_0050_li 1 1 0 0 0 9.94 9.95 9.94 9.95 0 0 0
ynao_sd_19950112_0050_li 2 2 0 0 0 11.27 11.46 11.27 11.46 0 0 0
ynao_sd_19950113_0050_li 3 3 0 0 0 20.25 76.04 20.25 76.04 0 0 0
ynao_sd_19950114_0050_li 7 7 0 0 0 57.74 122.46 57.74 122.46 0 0 0
ynao_sd_19950115_0050_li 6 2 4 2 0 153.69 234.1 37.81 57.34 115.88 176.76 0
ynao_sd_19950116_0050_li 9 6 3 1 0 227.76 280.17 51.39 63.65 176.37 216.52 0
ynao_sd_19950117_0050_li 10 5 5 3 0 404.87 438.45 88.16 95.61 316.71 342.84 0
ynao_sd_19950118_0050_li 16 8 8 2 0 481.67 687.96 111.69 141.7 369.98 546.26 0
ynao_sd_19950120_0050_li 30 26 4 2 0 532.47 722.7 242.23 366.82 290.24 355.88 0
ynao_sd_19950121_0050_li 39 36 3 2 0 583.69 741.23 323.25 429.0 260.44 312.23 0
ynao_sd_19950122_0050_li 43 37 6 4 0 593.71 741.5 281.19 360.73 312.52 380.77 0
ynao_sd_19950123_0050_li 52 45 7 3 0 628.99 722.26 339.17 412.23 289.82 310.03 0
ynao_sd_19950124_0050_li 37 34 3 2 0 579.05 643.03 310.3 364.47 268.75 278.56 0
ynao_sd_19950125_0050_li 34 31 3 1 0 539.88 630.14 255.32 327.78 284.56 302.36 0
ynao_sd_19950126_0050_li 33 30 3 1 0 433.35 487.2 226.01 248.64 207.34 238.56 0
ynao_sd_19950127_0050_li 25 22 3 1 0 325.45 419.84 159.19 196.98 166.26 222.86 0
ynao_sd_19950128_0050_li 6 5 1 1 0 178.39 331.01 51.58 111.49 126.81 219.52 0
ynao_sd_19950129_0050_li 2 1 1 1 0 125.72 304.61 20.62 50.97 105.1 253.64 0
ynao_sd_19950130_0050_li 7 7 0 0 0 80.31 176.01 80.31 176.01 0 0 0
ynao_sd_19950203_0050_li 19 18 1 1 0 300.22 334.06 144.33 161.44 155.89 172.62 0
ynao_sd_19950205_0050_li 25 24 1 1 0 310.5 324.93 179.61 193.13 130.89 131.8 0
ynao_sd_19950206_0050_li 24 23 1 1 0 310.68 324.86 202.02 212.33 108.66 112.53 0
ynao_sd_19950207_0050_li 20 18 2 2 0 288.78 326.9 167.73 191.85 121.05 135.05 0
ynao_sd_19950210_0050_li 5 3 2 1 0 115.92 259.3 47.6 127.81 68.32 131.49 0
ynao_sd_19950211_0050_li 4 3 1 1 0 168.02 274.43 47.98 80.08 120.04 194.35 0
ynao_sd_19950212_0050_li 2 1 1 1 0 226.83 299.86 31.28 42.9 195.55 256.96 0
ynao_sd_19950213_0050_li 3 2 1 1 0 243.29 278.93 43.39 50.06 199.9 228.87 0
ynao_sd_19950214_0050_li 6 5 1 1 0 279.39 331.88 61.5 100.96 217.89 230.92 0
ynao_sd_19950215_0050_li 7 6 1 1 0 311.51 415.29 99.33 195.37 212.18 219.92 0
ynao_sd_19950216_0050_li 11 9 2 2 0 269.4 336.98 81.97 106.6 187.43 230.38 0
ynao_sd_19950217_0050_li 6 4 2 2 0 215.05 275.2 49.42 66.61 165.63 208.59 0
ynao_sd_19950218_0050_li 17 14 3 2 0 267.36 349.35 124.45 168.67 142.91 180.68 0
ynao_sd_19950219_0050_li 29 27 2 2 0 328.96 417.62 213.2 253.83 115.76 163.79 0
ynao_sd_19950220_0050_li 33 24 9 6 0 679.51 795.55 259.08 289.85 420.43 505.7 0
ynao_sd_19950221_0050_li 30 23 7 4 0 530.95 540.71 262.84 269.98 268.11 270.73 0
ynao_sd_19950222_0050_li 32 28 4 5 0 441.59 708.27 308.28 568.62 133.31 139.65 0
ynao_sd_19950223_0050_li 24 21 3 3 0 295.08 482.68 146.89 182.26 148.19 300.42 0
ynao_sd_19950224_0050_li 16 14 2 1 0 258.25 413.11 137.21 196.71 121.04 216.4 0
ynao_sd_19950225_0050_li 10 7 3 2 0 229.18 313.21 99.06 142.1 130.12 171.11 0
ynao_sd_19950226_0050_li 7 5 2 2 0 136.8 191.72 47.57 88.74 89.23 102.98 0
ynao_sd_19950227_0050_li 19 14 5 3 0 263.68 409.99 117.97 186.36 145.71 223.63 0
ynao_sd_19950228_0050_li 32 24 8 6 0 441.99 593.88 212.84 285.57 229.15 308.31 0
ynao_sd_19950302_0050_li 44 32 12 4 0 1001.52 1063.98 399.58 422.83 601.94 641.15 0
ynao_sd_19950303_0050_li 45 37 8 3 0 1029.61 1060.92 414.02 432.03 615.59 628.89 0
ynao_sd_19950305_0050_li 41 32 9 5 0 805.36 925.53 343.62 391.07 461.74 534.46 0
ynao_sd_19950306_0050_li 24 19 5 3 0 509.12 671.4 184.72 226.5 324.4 444.9 0
ynao_sd_19950308_0050_li 9 7 2 1 0 198.4 492.36 118.22 320.39 80.18 171.97 0
ynao_sd_19950309_0050_li 4 3 1 1 0 72.99 233.61 27.23 67.05 45.76 166.56 0
ynao_sd_19950310_0050_li 5 5 0 0 0 31.91 41.7 31.91 41.7 0 0 0
ynao_sd_19950311_0050_li 1 1 0 0 0 8.95 9.2 8.95 9.2 0 0 0
ynao_sd_19950312_0050_li 1 1 0 0 0 6.24 12.05 6.24 12.05 0 0 0
ynao_sd_19950313_0050_li 1 1 0 0 0 6.82 9.64 6.82 9.64 0 0 0
ynao_sd_19950314_0050_li 0 0 0 0 0 0 0 0 0 0 0 0
ynao_sd_19950315_0050_li 8 6 2 1 0 145.19 425.92 45.32 103.61 99.87 322.31 0
ynao_sd_19950316_0050_li 8 4 4 2 0 277.13 599.32 47.1 105.71 230.03 493.61 0
ynao_sd_19950317_0050_li 8 3 5 3 0 265.05 402.17 42.91 65.47 222.14 336.7 0
ynao_sd_19950319_0050_li 24 20 4 2 0 458.53 543.15 205.31 269.96 253.22 273.19 0
ynao_sd_19950320_0050_li 30 23 7 2 0 492.1 537.17 250.11 288.78 241.99 248.39 0
ynao_sd_19950321_0050_li 42 36 6 4 0 480.53 525.53 255.65 287.96 224.88 237.57 0
ynao_sd_19950322_0050_li 47 41 6 3 0 620.41 682.06 318.24 350.07 302.17 331.99 0
ynao_sd_19950323_0050_li 49 45 4 2 0 691.35 777.81 380.96 424.95 310.39 352.86 0
ynao_sd_19950324_0050_li 43 37 6 4 0 578.27 758.21 298.86 402.55 279.41 355.66 0
ynao_sd_19950326_0050_li 26 19 7 5 0 368.92 631.82 175.64 280.91 193.28 350.91 0
ynao_sd_19950327_0050_li 16 11 5 3 0 249.97 336.43 91.45 151.55 158.52 184.88 0
ynao_sd_19950328_0050_li 15 12 3 2 0 311.41 336.65 107.29 120.9 204.12 215.75 0
ynao_sd_19950329_0050_li 13 7 6 2 0 315.43 319.45 78.98 80.48 236.45 238.97 0
ynao_sd_19950330_0050_li 15 10 5 2 0 322.31 328.62 99.75 101.42 222.56 227.2 0
ynao_sd_19950331_0050_li 16 13 3 1 0 307.17 327.67 138.39 145.08 168.78 182.59 0
ynao_sd_19950401_0050_li 9 6 3 2 0 171.93 207.62 66.32 80.07 105.61 127.55 0
ynao_sd_19950402_0050_li 7 6 1 1 0 70.95 97.07 43.23 56.18 27.72 40.89 0
ynao_sd_19950403_0050_li 14 14 0 0 0 102.22 169.45 102.22 169.45 0 0 0
ynao_sd_19950404_0050_li 6 6 0 0 0 40.34 85.99 40.34 85.99 0 0 0
ynao_sd_19950405_0050_li 3 3 0 0 0 15.05 48.95 15.05 48.95 0 0 0
ynao_sd_19950406_0050_li 0 0 0 0 0 0 0 0 0 0 0 0
ynao_sd_19950407_0050_li 1 1 0 0 0 6.68 6.92 6.68 6.92 0 0 0
ynao_sd_19950408_0050_li 1 1 0 0 0 4.41 18.84 4.41 18.84 0 0 0
ynao_sd_19950409_0050_li 3 3 0 0 0 19.14 19.93 19.14 19.93 0 0 0
ynao_sd_19950410_0050_li 0 0 0 0 0 0 0 0 0 0 0 0
ynao_sd_19950411_0050_li 6 6 0 0 0 59.41 184.87 59.41 184.87 0 0 0
ynao_sd_19950412_0050_li 15 14 1 1 0 200.56 370.21 116.35 227.13 84.21 143.08 0
ynao_sd_19950414_0050_li 37 32 5 3 0 543.5 636.29 257.68 311.76 285.82 324.53 0
ynao_sd_19950415_0050_li 59 51 8 4 0 801.71 848.37 368.25 396.26 433.46 452.11 0
ynao_sd_19950416_0050_li 39 33 6 5 0 760.07 769.83 358.51 365.31 401.56 404.52 0
ynao_sd_19950417_0050_li 62 54 8 4 0 758.89 774.86 362.48 369.86 396.41 405.0 0
ynao_sd_19950418_0050_li 54 49 5 3 0 500.34 545.15 324.11 353.36 176.23 191.79 0
ynao_sd_19950419_0050_li 46 43 3 3 0 371.33 454.38 279.99 342.97 91.34 111.41 0
ynao_sd_19950420_0050_li 26 25 1 1 0 255.56 389.86 183.62 271.5 71.94 118.36 0
ynao_sd_19950421_0050_li 10 9 1 1 0 184.36 400.38 53.1 93.46 131.26 306.92 0
ynao_sd_19950422_0050_li 10 9 1 1 0 112.83 337.54 52.54 107.36 60.29 230.18 0
ynao_sd_19950423_0050_li 0 0 0 0 0 0 0 0 0 0 0 0
ynao_sd_19950424_0050_li 1 1 0 0 0 5.77 9.73 5.77 9.73 0 0 0
ynao_sd_19950425_0050_li 1 1 0 0 0 6.21 6.28 6.21 6.28 0 0 0
ynao_sd_19950426_0050_li 0 0 0 0 0 0 0 0 0 0 0 0
ynao_sd_19950427_0050_li 2 2 0 0 0 12.3 13.13 12.3 13.13 0 0 0
ynao_sd_19950428_0050_li 1 1 0 0 0 6.3 7.85 6.3 7.85 0 0 0
ynao_sd_19950429_0050_li 0 0 0 0 0 0 0 0 0 0 0 0
ynao_sd_19950430_0050_li 0 0 0 0 0 0 0 0 0 0 0 0
ynao_sd_19950501_0050_li 0 0 0 0 0 0 0 0 0 0 0 0
ynao_sd_19950502_0050_li 0 0 0 0 0 0 0 0 0 0 0 0
ynao_sd_19950503_0050_li 0 0 0 0 0 0 0 0 0 0 0 0
ynao_sd_19950504_0050_li 0 0 0 0 0 0 0 0 0 0 0 0
ynao_sd_19950505_0050_li 0 0 0 0 0 0 0 0 0 0 0 0
ynao_sd_19950506_0050_li 0 0 0 0 0 0 0 0 0 0 0 0
ynao_sd_19950507_0050_li 1 0 1 1 0 82.9 311.53 10.71 40.24 72.19 271.29 0
ynao_sd_19950508_0050_li 2 0 2 1 0 168.64 367.44 22.28 48.51 146.36 318.93 0
ynao_sd_19950511_0050_li 6 2 4 2 0 164.4 177.15 39.59 42.67 124.81 134.48 0
ynao_sd_19950512_0050_li 17 16 1 2 0 210.54 219.81 154.74 163.02 55.8 56.79 0
ynao_sd_19950513_0050_li 27 22 5 3 0 362.14 376.36 170.45 175.93 191.69 200.43 0
ynao_sd_19950519_0050_li 36 25 11 4 0 1138.43 1662.96 303.72 459.26 834.71 1203.7 0
ynao_sd_19950520_0050_li 20 16 4 3 0 636.86 1159.74 204.61 426.06 432.25 733.68 0
ynao_sd_19950521_0050_li 10 7 3 2 0 397.84 820.58 114.44 246.49 283.4 574.09 0
ynao_sd_19950522_0050_li 3 2 1 1 0 109.28 387.15 25.2 78.3 84.08 308.85 0
ynao_sd_19950523_0050_li 0 0 0 0 0 0 0 0 0 0 0 0
ynao_sd_19950524_0050_li 0 0 0 0 0 0 0 0 0 0 0 0
ynao_sd_19950525_0050_li 1 1 0 0 0 5.34 6.8 5.34 6.8 0 0 0
ynao_sd_19950526_0050_li 2 2 0 0 0 19.37 22.94 19.37 22.94 0 0 0
ynao_sd_19950527_0050_li 4 4 0 0 0 26.59 30.21 26.59 30.21 0 0 0
ynao_sd_19950528_0050_li 3 3 0 0 0 16.25 23.45 16.25 23.45 0 0 0
ynao_sd_19950529_0050_li 7 7 0 0 0 57.5 71.65 57.5 71.65 0 0 0
ynao_sd_19950530_0050_li 7 7 0 0 0 50.0 55.65 50.0 55.65 0 0 0
ynao_sd_19950531_0050_li 3 3 0 0 0 18.81 19.33 18.81 19.33 0 0 0
ynao_sd_19950601_0050_li 2 2 0 0 0 17.39 18.83 17.39 18.83 0 0 0
ynao_sd_19950602_0050_li 2 2 0 0 0 18.63 42.38 18.63 42.38 0 0 0
ynao_sd_19950603_0050_li 5 5 0 0 0 27.32 34.77 27.32 34.77 0 0 0
ynao_sd_19950604_0050_li 9 9 0 0 0 72.24 79.26 72.24 79.26 0 0 0
ynao_sd_19950605_0050_li 19 17 2 1 0 173.13 203.02 138.73 164.51 34.4 38.51 0
ynao_sd_19950608_0050_li 12 10 2 3 0 264.16 469.18 87.54 140.48 176.62 328.7 0
ynao_sd_19950609_0050_li 28 21 7 4 0 462.6 468.81 165.68 167.85 296.92 300.96 0
ynao_sd_19950610_0050_li 36 34 2 3 0 337.52 356.95 227.14 239.66 110.38 117.29 0
ynao_sd_19950613_0050_li 23 22 1 2 0 225.84 412.34 159.4 281.57 66.44 130.77 0
ynao_sd_19950614_0050_li 5 5 0 0 0 61.66 171.41 61.66 171.41 0 0 0
ynao_sd_19950615_0050_li 0 0 0 0 0 0 0 0 0 0 0 0
ynao_sd_19950616_0050_li 0 0 0 0 0 0 0 0 0 0 0 0
ynao_sd_19950617_0050_li 1 1 0 0 0 6.0 11.77 6.0 11.77 0 0 0
ynao_sd_19950618_0050_li 1 1 0 0 0 23.63 135.02 23.63 135.02 0 0 0
ynao_sd_19950619_0050_li 11 10 1 1 0 163.8 378.19 103.76 233.71 60.04 144.48 0
ynao_sd_19950620_0050_li 7 6 1 1 0 172.41 304.68 72.9 133.91 99.51 170.77 0
ynao_sd_19950621_0050_li 10 9 1 1 0 196.0 267.8 80.09 114.12 115.91 153.68 0
ynao_sd_19950622_0050_li 21 20 1 1 0 238.4 277.78 131.96 157.01 106.44 120.77 0
ynao_sd_19950623_0050_li 15 14 1 1 0 188.63 197.06 94.13 99.33 94.5 97.73 0
ynao_sd_19950624_0050_li 13 12 1 1 0 198.63 198.99 94.63 94.93 104.0 104.06 0
ynao_sd_19950625_0050_li 9 8 1 1 0 154.49 157.72 72.85 74.07 81.64 83.65 0
ynao_sd_19950627_0050_li 5 4 1 1 0 63.18 77.18 23.35 27.54 39.83 49.64 0
ynao_sd_19950628_0050_li 3 3 0 0 0 17.74 23.83 17.74 23.83 0 0 0
ynao_sd_19950629_0050_li 2 2 0 0 0 13.54 43.27 13.54 43.27 0 0 0
ynao_sd_19950630_0050_li 11 11 0 0 0 61.12 74.26 61.12 74.26 0 0 0
ynao_sd_19950701_0050_li 13 11 2 1 0 228.17 670.03 81.35 207.37 146.82 462.66 0
ynao_sd_19950703_0050_li 15 10 5 1 0 423.89 607.98 85.49 124.18 338.4 483.8 0
ynao_sd_19950704_0050_li 10 6 4 1 0 418.23 510.31 61.94 77.52 356.29 432.79 0
ynao_sd_19950705_0050_li 20 14 6 1 0 476.24 607.61 127.09 238.8 349.15 368.81 0
ynao_sd_19950706_0050_li 25 19 6 2 0 466.64 605.69 158.75 217.68 307.89 388.01 0
ynao_sd_19950707_0050_li 21 16 5 2 0 441.3 530.81 135.38 187.49 305.92 343.32 0
ynao_sd_19950709_0050_li 25 24 1 2 0 443.89 527.89 166.41 202.3 277.48 325.59 0
ynao_sd_19950710_0050_li 13 12 1 1 0 306.57 409.95 126.61 152.99 179.96 256.96 0
ynao_sd_19950711_0050_li 16 15 1 1 0 303.24 476.79 125.86 170.46 177.38 306.33 0
ynao_sd_19950712_0050_li 11 10 1 1 0 187.62 422.25 79.59 119.48 108.03 302.77 0
ynao_sd_19950713_0050_li 4 3 1 1 0 74.18 269.27 33.44 68.32 40.74 200.95 0
ynao_sd_19950714_0050_li 8 8 0 0 0 61.73 69.91 61.73 69.91 0 0 0
ynao_sd_19950715_0050_li 15 12 3 3 0 253.79 258.48 107.4 109.6 146.39 148.88 0
ynao_sd_19950716_0050_li 14 9 5 2 0 346.21 346.76 115.02 115.19 231.19 231.57 0
ynao_sd_19950717_0050_li 15 12 3 2 0 250.75 261.89 90.18 93.5 160.57 168.39 0
ynao_sd_19950718_0050_li 7 6 1 1 0 88.26 100.39 39.81 44.51 48.45 55.88 0
ynao_sd_19950719_0050_li 9 9 0 0 0 70.16 87.35 70.16 87.35 0 0 0
ynao_sd_19950720_0050_li 12 12 0 0 0 92.82 103.15 92.82 103.15 0 0 0
ynao_sd_19950721_0050_li 8 8 0 0 0 51.06 52.33 51.06 52.33 0 0 0
ynao_sd_19950722_0050_li 3 3 0 0 0 24.68 25.32 24.68 25.32 0 0 0
ynao_sd_19950723_0050_li 0 0 0 0 0 0 0 0 0 0 0 0
ynao_sd_19950724_0050_li 1 1 0 0 0 28.87 28.98 28.87 28.98 0 0 0
ynao_sd_19950725_0050_li 0 0 0 0 0 0 0 0 0 0 0 0
ynao_sd_19950726_0050_li 0 0 0 0 0 0 0 0 0 0 0 0
ynao_sd_19950727_0050_li 3 3 0 0 0 63.25 72.81 63.25 72.81 0 0 0
ynao_sd_19950728_0050_li 2 2 0 0 0 14.06 15.65 14.06 15.65 0 0 0
ynao_sd_19950729_0050_li 2 2 0 0 0 9.87 10.07 9.87 10.07 0 0 0
ynao_sd_19950730_0050_li 0 0 0 0 0 0 0 0 0 0 0 0
ynao_sd_19950731_0050_li 7 7 0 0 0 45.09 60.27 45.09 60.27 0 0 0
ynao_sd_19950801_0050_li 9 9 0 0 0 69.87 78.54 69.87 78.54 0 0 0
ynao_sd_19950802_0050_li 14 14 0 0 0 93.38 96.3 93.38 96.3 0 0 0
ynao_sd_19950803_0050_li 19 19 0 0 0 125.81 127.08 125.81 127.08 0 0 0
ynao_sd_19950804_0050_li 16 16 0 0 0 104.26 110.35 104.26 110.35 0 0 0
ynao_sd_19950805_0050_li 9 9 0 0 0 59.67 65.96 59.67 65.96 0 0 0
ynao_sd_19950806_0050_li 17 17 0 0 0 107.84 112.52 107.84 112.52 0 0 0
ynao_sd_19950807_0050_li 14 13 1 1 0 120.08 130.93 95.59 104.58 24.49 26.35 0
ynao_sd_19950808_0050_li 13 13 0 0 0 95.18 116.06 95.18 116.06 0 0 0
ynao_sd_19950809_0050_li 2 2 0 0 0 38.82 67.28 38.82 67.28 0 0 0
ynao_sd_19950810_0050_li 0 0 0 0 0 0 0 0 0 0 0 0
ynao_sd_19950814_0050_li 0 0 0 0 0 0 0 0 0 0 0 0
ynao_sd_19950816_0050_li 16 16 0 0 0 88.65 98.62 88.65 98.62 0 0 0
ynao_sd_19950817_0050_li 5 5 0 0 0 28.83 32.68 28.83 32.68 0 0 0
ynao_sd_19950818_0050_li 2 2 0 0 0 10.69 11.09 10.69 11.09 0 0 0
ynao_sd_19950819_0050_li 0 0 0 0 0 0 0 0 0 0 0 0
ynao_sd_19950821_0050_li 0 0 0 0 0 0 0 0 0 0 0 0
ynao_sd_19950822_0050_li 2 2 0 0 0 15.07 19.23 15.07 19.23 0 0 0
ynao_sd_19950823_0050_li 5 5 0 0 0 35.13 36.01 35.13 36.01 0 0 0
ynao_sd_19950824_0050_li 29 29 0 0 0 221.91 230.55 221.91 230.55 0 0 0
ynao_sd_19950825_0050_li 35 30 5 3 0 455.03 510.18 237.25 264.92 217.78 245.26 0
ynao_sd_19950826_0050_li 25 21 4 5 0 433.41 789.82 200.64 297.75 232.77 492.07 0
ynao_sd_19950828_0050_li 14 13 1 1 0 259.35 428.32 101.2 189.74 158.15 238.58 0
ynao_sd_19950829_0050_li 7 6 1 1 0 258.55 314.56 73.6 91.19 184.95 223.37 0
ynao_sd_19950830_0050_li 9 8 1 1 0 238.19 255.86 83.55 91.73 154.64 164.13 0
ynao_sd_19950831_0050_li 3 2 1 1 0 253.03 255.95 60.89 61.61 192.14 194.34 0
ynao_sd_19950901_0050_li 4 3 1 1 0 248.95 251.59 62.6 64.21 186.35 187.38 0
ynao_sd_19950903_0050_li 2 0 2 1 0 203.63 239.93 22.98 27.07 180.65 212.86 0
ynao_sd_19950904_0050_li 2 1 1 1 0 177.33 244.18 35.57 50.34 141.76 193.84 0
ynao_sd_19950905_0050_li 3 2 1 1 0 106.84 226.72 30.17 91.73 76.67 134.99 0
ynao_sd_19950906_0050_li 1 0 1 1 0 49.11 123.44 10.11 25.32 39.0 98.12 0
ynao_sd_19950907_0050_li 1 1 0 0 0 35.32 147.39 35.32 147.39 0 0 0
ynao_sd_19950909_0050_li 0 0 0 0 0 0 0 0 0 0 0 0
ynao_sd_19950910_0050_li 1 1 0 0 0 6.23 19.42 6.23 19.42 0 0 0
ynao_sd_19950911_0050_li 0 0 0 0 0 0 0 0 0 0 0 0
ynao_sd_19950912_0050_li 3 3 0 0 0 17.97 32.27 17.97 32.27 0 0 0
ynao_sd_19950913_0050_li 1 1 0 0 0 6.65 18.41 6.65 18.41 0 0 0
ynao_sd_19950914_0050_li 0 0 0 0 0 0 0 0 0 0 0 0
ynao_sd_19950915_0050_li 1 1 0 0 0 7.77 16.99 7.77 16.99 0 0 0
ynao_sd_19950916_0050_li 4 4 0 0 0 20.06 48.44 20.06 48.44 0 0 0
ynao_sd_19950917_0050_li 0 0 0 0 0 0 0 0 0 0 0 0
ynao_sd_19950918_0050_li 6 6 0 0 0 40.64 41.35 40.64 41.35 0 0 0
ynao_sd_19950920_0050_li 6 5 1 1 0 110.27 297.26 83.93 234.37 26.34 62.89 0
ynao_sd_19950921_0050_li 10 7 3 3 0 168.07 314.76 80.92 141.16 87.15 173.6 0
ynao_sd_19950926_0050_li 9 9 0 0 0 58.45 60.59 58.45 60.59 0 0 0
ynao_sd_19950927_0050_li 9 9 0 0 0 59.72 63.75 59.72 63.75 0 0 0
ynao_sd_19950928_0050_li 3 3 0 0 0 20.56 25.34 20.56 25.34 0 0 0
ynao_sd_19950929_0050_li 2 2 0 0 0 10.19 12.09 10.19 12.09 0 0 0
ynao_sd_19950930_0050_li 1 1 0 0 0 7.98 18.67 7.98 18.67 0 0 0
ynao_sd_19951001_0050_li 0 0 0 0 0 0 0 0 0 0 0 0
ynao_sd_19951002_0050_li 0 0 0 0 0 0 0 0 0 0 0 0
ynao_sd_19951003_0050_li 0 0 0 0 0 0 0 0 0 0 0 0
ynao_sd_19951004_0050_li 0 0 0 0 0 0 0 0 0 0 0 0
ynao_sd_19951005_0050_li 0 0 0 0 0 0 0 0 0 0 0 0
ynao_sd_19951006_0050_li 3 3 0 0 0 228.9 265.42 228.9 265.42 0 0 0
ynao_sd_19951007_0050_li 2 1 1 1 0 72.05 366.1 14.49 44.6 57.56 321.5 0
ynao_sd_19951008_0050_li 3 2 1 1 0 206.94 657.18 37.82 121.77 169.12 535.41 0
ynao_sd_19951010_0050_li 10 8 2 1 0 241.58 326.26 74.25 85.05 167.33 241.21 0
ynao_sd_19951011_0050_li 25 19 6 4 0 557.28 905.55 217.68 323.03 339.6 582.52 0
ynao_sd_19951012_0050_li 42 29 13 5 0 904.73 1351.65 293.9 432.62 610.83 919.03 0
ynao_sd_19951013_0050_li 50 44 6 4 0 924.85 1166.17 361.95 474.6 562.9 691.57 0
ynao_sd_19951014_0050_li 36 33 3 4 0 1087.52 1244.31 368.57 419.78 718.95 824.53 0
ynao_sd_19951015_0050_li 23 21 2 2 0 858.83 924.74 236.6 255.26 622.23 669.48 0
ynao_sd_19951016_0050_li 12 10 2 2 0 787.86 887.22 148.51 177.68 639.35 709.54 0
ynao_sd_19951017_0050_li 17 12 5 3 0 884.1 1066.49 194.39 258.28 689.71 808.21 0
ynao_sd_19951018_0050_li 11 9 2 2 0 704.87 981.66 183.37 280.0 521.5 701.66 0
ynao_sd_19951019_0050_li 14 12 2 2 0 506.1 818.14 125.28 201.08 380.82 617.06 0
ynao_sd_19951020_0050_li 5 4 1 1 0 304.83 559.06 77.11 162.18 227.72 396.88 0
ynao_sd_19951021_0050_li 5 3 2 2 0 286.24 782.92 60.09 156.31 226.15 626.61 0
ynao_sd_19951022_0050_li 15 14 1 1 0 334.52 784.08 180.24 484.93 154.28 299.15 0
ynao_sd_19951023_0050_li 22 19 3 1 0 381.16 535.39 153.47 208.47 227.69 326.92 0
ynao_sd_19951026_0050_li 15 15 0 0 0 112.59 115.59 112.59 115.59 0 0 0
ynao_sd_19951027_0050_li 12 12 0 0 0 103.69 105.41 103.69 105.41 0 0 0
ynao_sd_19951028_0050_li 13 13 0 0 0 73.3 77.44 73.3 77.44 0 0 0
ynao_sd_19951029_0050_li 4 4 0 0 0 36.63 44.04 36.63 44.04 0 0 0
ynao_sd_19951030_0050_li 1 1 0 0 0 5.07 5.82 5.07 5.82 0 0 0
ynao_sd_19951101_0050_li 1 1 0 0 0 440.3 490.1 440.3 490.1 0 0 0
ynao_sd_19951105_0050_li 4 4 0 0 0 25.21 34.08 25.21 34.08 0 0 0
ynao_sd_19951106_0050_li 3 2 1 1 0 71.58 265.8 20.21 47.75 51.37 218.05 0
ynao_sd_19951108_0050_li 1 0 1 1 0 183.73 310.38 24.03 40.47 159.7 269.91 0
ynao_sd_19951109_0050_li 2 1 1 1 0 228.45 302.14 38.41 50.6 190.04 251.54 0
ynao_sd_19951110_0050_li 9 8 1 1 0 297.87 339.32 76.77 86.75 221.1 252.57 0
ynao_sd_19951111_0050_li 8 7 1 1 0 316.5 354.09 84.98 108.66 231.52 245.43 0
ynao_sd_19951114_0050_li 2 1 1 1 0 330.67 377.73 72.71 82.89 257.96 294.84 0
ynao_sd_19951115_0050_li 13 12 1 1 0 373.49 472.22 135.57 159.96 237.92 312.26 0
ynao_sd_19951116_0050_li 9 8 1 1 0 283.08 417.87 99.95 121.6 183.13 296.27 0
ynao_sd_19951117_0050_li 12 10 2 2 0 271.21 575.87 130.01 245.63 141.2 330.24 0
ynao_sd_19951118_0050_li 7 5 2 2 0 204.23 533.46 55.81 116.88 148.42 416.58 0
ynao_sd_19951121_0050_li 4 4 0 0 0 33.99 35.0 33.99 35.0 0 0 0
ynao_sd_19951122_0050_li 3 3 0 0 0 21.89 22.02 21.89 22.02 0 0 0
ynao_sd_19951125_0050_li 0 0 0 0 0 0 0 0 0 0 0 0
ynao_sd_19951126_0050_li 0 0 0 0 0 0 0 0 0 0 0 0
ynao_sd_19951127_0050_li 1 1 0 0 0 5.2 5.75 5.2 5.75 0 0 0
ynao_sd_19951128_0050_li 2 2 0 0 0 12.47 15.18 12.47 15.18 0 0 0
ynao_sd_19951129_0050_li 10 10 0 0 0 77.46 91.9 77.46 91.9 0 0 0
ynao_sd_19951130_0050_li 5 5 0 1 0 68.5 69.59 46.43 47.22 22.07 22.37 0
ynao_sd_19951201_0050_wang 7 6 1 1 0 87.58 89.89 51.08 53.0 36.5 36.89 0
ynao_sd_19951202_0050_wang 5 5 0 0 0 33.01 34.88 33.01 34.88 0 0 0
ynao_sd_19951203_0050_wang 3 2 1 1 0 88.87 240.79 43.81 186.8 45.06 53.99 0
ynao_sd_19951204_0050_wang 4 3 1 1 0 97.79 242.84 40.2 75.84 57.59 167.0 0
ynao_sd_19951205_0050_wang 4 3 1 1 0 133.48 242.75 43.56 76.66 89.92 166.09 0
ynao_sd_19951208_0050_wang 1 0 1 1 0 201.85 214.72 53.56 56.96 148.29 157.76 0
ynao_sd_19951209_0050_wang 6 5 1 1 0 251.48 257.09 88.12 90.53 163.36 166.56 0
ynao_sd_19951210_0050_wang 6 5 1 1 0 234.99 243.43 80.78 84.77 154.21 158.66 0
ynao_sd_19951211_0050_wang 4 3 1 1 0 217.58 237.68 41.27 45.92 176.31 191.76 0
ynao_sd_19951213_0055_wang 8 7 1 1 0 196.54 289.46 74.35 109.96 122.19 179.5 0
ynao_sd_19951214_0100_wang 4 3 1 1 0 123.29 234.24 36.6 67.31 86.69 166.93 0
ynao_sd_19951215_0110_wang 1 0 1 1 0 60.79 185.74 5.87 17.85 54.92 167.89 0
ynao_sd_19951216_0150_wang 0 0 0 0 0 0 0 0 0 0 0 0
ynao_sd_19951217_0120_wang 0 0 0 0 0 0 0 0 0 0 0 0
ynao_sd_19951218_0100_li 1 1 0 0 0 11.48 13.52 11.48 13.52 0 0 0
ynao_sd_19951219_0150_li 0 0 0 0 0 0 0 0 0 0 0 0
ynao_sd_19951220_0230_li 0 0 0 0 0 0 0 0 0 0 0 0
ynao_sd_19951221_0105_li 0 0 0 0 0 0 0 0 0 0 0 0
ynao_sd_19951222_0055_li 5 5 0 0 0 40.96 54.51 40.96 54.51 0 0 0
ynao_sd_19951223_0205_li 1 1 0 0 0 6.54 6.97 6.54 6.97 0 0 0
ynao_sd_19951224_0550_wang 1 1 0 0 0 6.89 8.43 6.89 8.43 0 0 0
ynao_sd_19951225_0130_hong 0 0 0 0 0 0 0 0 0 0 0 0
ynao_sd_19951226_0540_hong 5 5 0 0 0 40.33 43.44 40.33 43.44 0 0 0
ynao_sd_19951227_0200_hong 12 12 0 0 0 113.13 234.18 113.13 234.18 0 0 0
ynao_sd_19951228_0420_hong 4 3 1 1 0 74.5 158.51 51.46 106.56 23.04 51.95 0
ynao_sd_19951229_0150_hong 3 3 0 0 0 41.93 61.74 41.93 61.74 0 0 0
ynao_sd_19951230_0145_hong 1 1 0 0 0 20.71 26.11 20.71 26.11 0 0 0
ynao_sd_19951231_0230_hong 4 4 0 0 0 33.06 36.45 33.06 36.45 0 0 0
