ynao_sd_19970104_0200_hong 0 0 0 0 0 0 0 0 0 0 0
ynao_sd_19970105_0210_hong 8 8 0 0 0 58.04 59.95 58.04 59.95 0 0
ynao_sd_19970106_0100_li 4 4 0 0 0 25.33 26.77 25.33 26.77 0 0
ynao_sd_19970107_0130_li 3 3 0 0 0 22.76 54.14 22.76 54.14 0 0
ynao_sd_19970110_0225_li 4 4 0 0 0 30.32 61.89 30.32 61.89 0 0
ynao_sd_19970111_0350_li 2 2 0 0 0 10.0 25.42 10.0 25.42 0 0
ynao_sd_19970113_0120_li 1 1 0 0 0 7.14 12.11 7.14 12.11 0 0
ynao_sd_19970113_0340_li 5 5 0 0 0 35.75 55.26 35.75 55.26 0 0
ynao_sd_19970115_0130_hong 5 5 0 0 0 35.92 64.97 35.92 64.97 0 0
ynao_sd_19970116_0140_hong 13 13 0 0 0 77.49 103.64 77.49 103.64 0 0
ynao_sd_19970117_0130_hong 3 3 0 0 0 33.41 39.06 33.41 39.06 0 0
ynao_sd_19970118_0120_hong 3 3 0 0 0 20.27 22.48 20.27 22.48 0 0
ynao_sd_19970119_0150_hong 1 1 0 0 0 6.61 7.03 6.61 7.03 0 0
ynao_sd_19970120_0120_li 0 0 0 0 0 0 0 0 0 0 0
ynao_sd_19970121_0120_li 0 0 0 0 0 0 0 0 0 0 0
ynao_sd_19970123_0150_li 0 0 0 0 0 0 0 0 0 0 0
ynao_sd_19970124_0350_li 1 1 0 0 0 7.41 18.09 7.41 18.09 0 0
ynao_sd_19970125_0230_li 1 1 0 0 0 6.17 10.36 6.17 10.36 0 0
ynao_sd_19970126_0440_li 1 1 0 0 0 6.75 8.76 6.75 8.76 0 0
ynao_sd_19970127_0430_hong 0 0 0 0 0 0 0 0 0 0 0
ynao_sd_19970129_0120_hong 2 2 0 0 0 12.63 12.75 12.63 12.75 0 0
ynao_sd_19970130_0130_hong 11 11 0 0 0 75.38 87.8 75.38 87.8 0 0
ynao_sd_19970131_0100_hong 6 6 0 0 0 43.74 46.83 43.74 46.83 0 0
ynao_sd_19970201_0120_hong 5 5 0 0 0 30.2 30.78 30.2 30.78 0 0
ynao_sd_19970202_0205_hong 11 11 0 0 0 79.61 89.75 79.61 89.75 0 0
ynao_sd_19970203_0140_li 21 21 0 3 0 292.38 323.25 153.97 170.62 138.41 152.63
ynao_sd_19970204_0115_li 27 21 6 4 0 318.6 388.48 142.76 169.56 175.84 218.92
ynao_sd_19970205_0150_li 15 13 2 2 0 222.14 316.62 141.84 208.61 80.3 108.01
ynao_sd_19970206_0130_li 3 3 0 0 0 103.25 227.49 103.25 227.49 0 0
ynao_sd_19970207_0130_li 7 5 2 1 0 1871.83 6268.99 62.9 157.5 1808.93 6111.49
ynao_sd_19970208_0230_li 1 1 0 0 0 19.26 28.1 19.26 28.1 0 0
ynao_sd_19970209_0140_li 2 2 0 0 0 41.33 63.01 41.33 63.01 0 0
ynao_sd_19970210_0200_hong 1 1 0 0 0 7.51 20.74 7.51 20.74 0 0
ynao_sd_19970219_0410_li 2 2 0 0 0 17.93 41.87 17.93 41.87 0 0
ynao_sd_19970220_0120_li 1 1 0 0 0 10.08 44.5 10.08 44.5 0 0
ynao_sd_19970224_0140_hong 1 1 0 0 0 15.97 45.42 15.97 45.42 0 0
ynao_sd_19970225_0040_hong 3 3 0 0 0 27.6 54.17 27.6 54.17 0 0
ynao_sd_19970226_0100_hong 1 1 0 0 0 8.73 13.26 8.73 13.26 0 0
ynao_sd_19970307_0050_li 2 1 1 1 0 98.72 305.8 19.01 62.13 79.71 243.67
ynao_sd_19970308_0115_li 3 1 2 1 0 164.28 314.77 23.97 46.6 140.31 268.17
ynao_sd_19970309_0115_li 4 3 1 1 0 177.93 252.17 44.52 63.54 133.41 188.63
ynao_sd_19970310_0055_li 2 2 0 0 0 13.08 16.28 13.08 16.28 0 0
ynao_sd_19970311_0100_hong 9 7 2 2 0 138.79 149.77 57.26 62.55 81.53 87.22
ynao_sd_19970312_0100_hong 14 14 0 0 0 86.65 89.52 86.65 89.52 0 0
ynao_sd_19970312_0600_hong 7 7 0 0 0 57.37 74.42 57.37 74.42 0 0
ynao_sd_19970313_0055_hong 10 10 0 0 0 74.83 77.5 74.83 77.5 0 0
ynao_sd_19970314_0100_hong 8 8 0 0 0 53.53 58.55 53.53 58.55 0 0
ynao_sd_19970315_0055_hong 17 17 0 0 0 133.43 156.82 133.43 156.82 0 0
ynao_sd_19970317_0140_li 9 9 0 0 0 51.8 80.72 51.8 80.72 0 0
ynao_sd_19970320_0055_li 1 1 0 0 0 9.12 14.67 9.12 14.67 0 0
ynao_sd_19970321_0450_li 0 0 0 0 0 0 0 0 0 0 0
ynao_sd_19970322_0200_li 0 0 0 0 0 0 0 0 0 0 0
ynao_sd_19970323_0140_li 0 0 0 0 0 0 0 0 0 0 0
ynao_sd_19970324_0105_hong 2 2 0 0 0 12.54 16.67 12.54 16.67 0 0
ynao_sd_19970325_0100_hong 1 1 0 0 0 7.83 13.26 7.83 13.26 0 0
ynao_sd_19970326_0410_hong 0 0 0 0 0 0 0 0 0 0 0
ynao_sd_19970327_0100_hong 0 0 0 0 0 0 0 0 0 0 0
ynao_sd_19970329_0110_hong 14 12 2 1 0 170.47 311.13 107.0 204.26 63.47 106.87
ynao_sd_19970330_0410_li 15 12 3 2 0 309.72 434.91 103.56 148.57 206.16 286.34
ynao_sd_19970331_0820_li 12 10 2 1 0 164.89 197.74 71.04 82.64 93.85 115.1
ynao_sd_19970401_0200_li 11 9 2 2 0 204.0 226.78 73.51 80.33 130.49 146.45
ynao_sd_19970402_0100_li 17 16 1 1 0 185.26 195.94 91.61 97.07 93.65 98.87
ynao_sd_19970403_0120_li 33 31 2 2 0 301.16 330.8 190.65 215.13 110.51 115.67
ynao_sd_19970404_0100_li 16 13 3 2 0 197.29 288.27 97.01 135.86 100.28 152.41
ynao_sd_19970405_0050_li 13 11 2 1 0 159.92 230.63 107.99 147.06 51.93 83.57
ynao_sd_19970406_0230_li 11 10 1 1 0 125.55 165.57 77.87 103.6 47.68 61.97
ynao_sd_19970407_0120_hong 8 7 1 1 0 100.65 124.48 51.43 67.84 49.22 56.64
ynao_sd_19970408_0100_hong 10 10 0 0 0 69.71 80.12 69.71 80.12 0 0
ynao_sd_19970409_0100_hong 5 5 0 0 0 38.83 41.78 38.83 41.78 0 0
ynao_sd_19970410_0105_hong 17 13 4 3 0 320.37 389.94 153.57 183.68 166.8 206.26
ynao_sd_19970411_0100_hong 14 9 5 2 0 339.29 473.38 133.08 182.1 206.21 291.28
ynao_sd_19970412_0150_hong 10 9 1 2 0 213.05 375.16 108.32 186.78 104.73 188.38
ynao_sd_19970413_0500_hong 14 13 1 1 0 157.07 298.12 126.82 257.43 30.25 40.69
ynao_sd_19970414_0100_hong 11 9 2 2 0 207.86 360.65 88.67 161.22 119.19 199.43
ynao_sd_19970415_0110_hong 13 11 2 0 0 84.85 117.49 100.7 149.54 15.85 32.05
ynao_sd_19970416_0100_hong 17 17 0 0 0 117.09 122.44 117.09 122.44 0 0
ynao_sd_19970417_0115_li 14 14 0 0 0 85.61 90.75 85.61 90.75 0 0
ynao_sd_19970418_0055_li 3 3 0 0 0 28.58 32.6 28.58 32.6 0 0
ynao_sd_19970419_0040_li 1 1 0 0 0 8.78 9.7 8.78 9.7 0 0
ynao_sd_19970420_0140_hong 2 2 0 0 0 12.14 18.9 12.14 18.9 0 0
ynao_sd_19970421_0050_hong 1 1 0 0 0 22.42 32.2 22.42 32.2 0 0
ynao_sd_19970422_0050_hong 1 1 0 0 0 8.23 25.15 8.23 25.15 0 0
ynao_sd_19970423_0100_hong 5 5 0 0 0 55.87 104.54 55.87 104.54 0 0
ynao_sd_19970424_0210_hong 2 2 0 0 0 18.05 28.59 18.05 28.59 0 0
ynao_sd_19970426_0200_hong 10 10 0 0 0 72.58 82.59 72.58 82.59 0 0
ynao_sd_19970427_0205_hong 4 4 0 0 0 32.08 38.23 32.08 38.23 0 0
ynao_sd_19970428_0105_hong 9 8 1 1 0 108.1 174.27 66.11 103.33 41.99 70.94
ynao_sd_19970430_0130_li 0 0 0 0 0 0 0 0 0 0 0
ynao_sd_19970501_0140_li 0 0 0 0 0 0 0 0 0 0 0
ynao_sd_19970502_0150_li 1 1 0 0 0 29.68 42.02 29.68 42.02 0 0
ynao_sd_19970503_0140_li 2 2 0 0 0 36.04 49.56 36.04 49.56 0 0
ynao_sd_19970504_0035_li 1 1 0 0 0 8.16 10.03 8.16 10.03 0 0
ynao_sd_19970505_0120_li 1 1 0 0 0 30.64 175.44 30.64 175.44 0 0
ynao_sd_19970506_0050_li 2 1 1 1 0 71.59 200.92 13.45 28.71 58.14 172.21
ynao_sd_19970507_0045_li 1 0 1 1 0 94.21 183.15 12.31 23.87 81.9 159.28
ynao_sd_19970508_0040_li 1 0 1 1 0 130.96 194.88 25.16 37.29 105.8 157.59
ynao_sd_19970509_0055_li 5 4 1 1 0 168.74 213.38 51.23 65.36 117.51 148.02
ynao_sd_19970510_0050_li 3 1 2 1 0 197.26 226.77 43.56 52.18 153.7 174.59
ynao_sd_19970511_0140_li 5 3 2 1 0 180.24 210.77 42.72 61.43 137.52 149.34
ynao_sd_19970512_0115_li 3 1 2 1 0 157.45 174.58 32.49 37.83 124.96 136.75
ynao_sd_19970513_0035_li 4 2 2 1 0 104.16 119.83 20.51 23.47 83.65 96.36
ynao_sd_19970514_0040_li 7 5 2 1 0 83.53 105.78 39.03 49.23 44.5 56.55
ynao_sd_19970515_0035_li 8 7 1 1 0 86.67 127.04 45.02 64.61 41.65 62.43
ynao_sd_19970516_0040_li 1 1 0 0 0 52.51 55.6 52.51 55.6 0 0
ynao_sd_19970517_0040_hong 8 8 0 0 0 115.98 199.35 115.98 199.35 0 0
ynao_sd_19970518_0140_hong 13 13 0 0 0 107.57 167.02 107.57 167.02 0 0
ynao_sd_19970519_0150_li 20 16 4 1 0 212.54 236.66 100.84 115.15 111.7 121.51
ynao_sd_19970520_0105_li 25 23 2 1 0 342.55 393.31 177.24 225.03 165.31 168.28
ynao_sd_19970521_0040_li 21 19 2 1 0 341.1 414.37 178.08 249.43 163.02 164.94
ynao_sd_19970522_0120_hong 42 37 5 3 0 621.47 877.92 382.38 631.76 239.09 246.16
ynao_sd_19970523_0410_hong 18 14 4 3 0 402.53 539.42 178.64 265.21 223.89 274.21
ynao_sd_19970524_0140_li 10 9 1 1 0 237.93 343.77 97.73 141.71 140.2 202.06
ynao_sd_19970526_0200_hong 9 8 1 1 0 156.41 335.31 101.47 171.17 54.94 164.14
ynao_sd_19970527_0130_li 6 6 0 0 0 51.35 125.78 51.35 125.78 0 0
ynao_sd_19970528_0400_hong 7 7 0 0 0 75.48 162.97 75.48 162.97 0 0
ynao_sd_19970529_0100_hong 9 9 0 0 0 81.11 151.63 81.11 151.63 0 0
ynao_sd_19970530_0100_hong 6 6 0 0 0 63.14 95.44 63.14 95.44 0 0
ynao_sd_19970531_0055_hong 8 8 0 0 0 88.47 122.63 88.47 122.63 0 0
ynao_sd_19970601_0140_hong 19 19 0 0 0 151.34 197.87 151.34 197.87 0 0
ynao_sd_19970602_0040_li 22 20 2 1 0 180.14 226.38 128.84 159.84 51.3 66.54
ynao_sd_19970603_0210_li 14 9 5 2 0 283.51 334.04 101.08 121.36 182.43 212.68
ynao_sd_19970604_0020_li 8 4 4 2 0 319.21 361.33 65.93 75.13 253.28 286.2
ynao_sd_19970605_0025_li 5 1 4 2 0 239.18 276.29 32.63 37.71 206.55 238.58
ynao_sd_19970606_0020_li 3 1 2 2 0 205.25 255.9 28.47 35.52 176.78 220.38
ynao_sd_19970607_0015_li 5 2 3 2 0 112.88 160.84 25.86 36.5 87.02 124.34
ynao_sd_19970608_0135_li 4 4 0 0 0 44.91 89.37 44.91 89.37 0 0
ynao_sd_19970609_0100_hong 5 5 0 0 0 55.11 132.96 55.11 132.96 0 0
ynao_sd_19970610_0705_hong 1 1 0 0 0 25.22 35.28 25.22 35.28 0 0
ynao_sd_19970611_0720_hong 2 2 0 0 0 25.97 32.15 25.97 32.15 0 0
ynao_sd_19970612_0200_hong 0 0 0 0 0 0 0 0 0 0 0
ynao_sd_19970613_0230_hong 13 13 0 0 0 111.88 154.4 111.88 154.4 0 0
ynao_sd_19970614_0200_hong 10 10 0 0 0 88.71 101.44 88.71 101.44 0 0
ynao_sd_19970616_0750_li 18 18 0 0 0 122.66 131.48 122.66 131.48 0 0
ynao_sd_19970618_0230_li 7 7 0 0 0 51.43 65.2 51.43 65.2 0 0
ynao_sd_19970619_0040_li 6 6 0 0 0 48.12 63.06 48.12 63.06 0 0
ynao_sd_19970620_0055_hong 2 2 0 0 0 18.2 21.59 18.2 21.59 0 0
ynao_sd_19970623_0700_hong 2 2 0 0 0 16.32 16.82 16.32 16.82 0 0
ynao_sd_19970624_0830_hong 2 2 0 0 0 15.07 15.78 15.07 15.78 0 0
ynao_sd_19970625_0430_hong 13 13 0 0 0 125.54 144.21 125.54 144.21 0 0
ynao_sd_19970626_0050_hong 18 18 0 0 0 164.07 192.78 164.07 192.78 0 0
ynao_sd_19970627_0330_hong 15 15 0 0 0 103.66 131.04 103.66 131.04 0 0
ynao_sd_19970628_0530_hong 5 5 0 0 0 40.49 63.43 40.49 63.43 0 0
ynao_sd_19970629_0150_hong 3 3 0 0 0 27.24 58.43 27.24 58.43 0 0
ynao_sd_19970630_0240_li 2 2 0 0 0 14.85 16.55 14.85 16.55 0 0
ynao_sd_19970702_0115_li 1 1 0 0 0 5.36 5.87 5.36 5.87 0 0
ynao_sd_19970703_0305_li 1 1 0 0 0 9.14 13.19 9.14 13.19 0 0
ynao_sd_19970705_0045_li 1 1 0 0 0 8.54 10.15 8.54 10.15 0 0
ynao_sd_19970706_0320_li 0 0 0 0 0 0 0 0 0 0 0
ynao_sd_19970708_0110_hong 7 7 0 0 0 49.47 53.97 49.47 53.97 0 0
ynao_sd_19970709_0100_hong 9 9 0 0 0 72.84 74.59 72.84 74.59 0 0
ynao_sd_19970710_0205_hong 6 6 0 0 0 51.9 65.16 51.9 65.16 0 0
ynao_sd_19970712_0740_hong 0 0 0 0 0 0 0 0 0 0 0
ynao_sd_19970713_0430_hong 0 0 0 0 0 0 0 0 0 0 0
ynao_sd_19970714_0430_li 3 3 0 0 0 22.75 25.12 22.75 25.12 0 0
ynao_sd_19970715_0800_li 0 0 0 0 0 0 0 0 0 0 0
ynao_sd_19970717_0030_li 0 0 0 0 0 0 0 0 0 0 0
ynao_sd_19970718_0235_li 1 1 0 0 0 5.87 12.48 5.87 12.48 0 0
ynao_sd_19970719_0730_li 0 0 0 0 0 0 0 0 0 0 0
ynao_sd_19970720_0140_li 2 2 0 0 0 18.03 24.14 18.03 24.14 0 0
ynao_sd_19970721_0050_li 2 2 0 0 0 15.31 18.02 15.31 18.02 0 0
ynao_sd_19970722_0100_li 0 0 0 0 0 0 0 0 0 0 0
ynao_sd_19970723_0440_hong 3 3 0 0 0 30.07 81.83 30.07 81.83 0 0
ynao_sd_19970724_0410_hong 13 13 0 0 0 140.24 205.67 140.24 205.67 0 0
ynao_sd_19970725_0405_hong 30 26 4 2 0 287.54 417.02 204.57 298.94 82.97 118.08
ynao_sd_19970726_0530_hong 19 17 2 2 0 279.97 509.58 184.44 328.0 95.53 181.58
ynao_sd_19970727_0230_hong 22 20 2 1 0 218.62 518.89 172.43 367.94 46.19 150.95
ynao_sd_19970728_0130_li 14 14 0 0 0 94.05 142.14 94.05 142.14 0 0
ynao_sd_19970729_0405_li 1 1 0 0 0 9.13 9.58 9.13 9.58 0 0
ynao_sd_19970730_0630_li 0 0 0 0 0 0 0 0 0 0 0
ynao_sd_19970731_0430_hong 0 0 0 0 0 0 0 0 0 0 0
ynao_sd_19970801_0435_li 0 0 0 0 0 0 0 0 0 0 0
ynao_sd_19970802_0025_li 0 0 0 0 0 0 0 0 0 0 0
ynao_sd_19970803_0140_li 5 5 0 0 0 37.75 57.09 37.75 57.09 0 0
ynao_sd_19970804_0210_hong 9 8 1 1 0 138.7 183.58 96.35 129.69 42.35 53.89
ynao_sd_19970805_0205_hong 5 4 1 1 0 77.18 107.52 46.37 71.94 30.81 35.58
ynao_sd_19970806_0100_hong 22 20 2 2 0 216.06 290.06 148.04 208.41 68.02 81.65
ynao_sd_19970807_0120_hong 23 20 3 1 0 232.47 326.24 169.73 234.99 62.74 91.25
ynao_sd_19970808_0300_hong 18 15 3 3 0 249.21 403.32 148.61 244.77 100.6 158.55
ynao_sd_19970809_0130_hong 27 26 1 1 0 258.16 488.38 227.2 453.25 30.96 35.13
ynao_sd_19970810_0140_hong 20 20 0 0 0 163.29 197.88 163.29 197.88 0 0
ynao_sd_19970811_0130_li 6 6 0 0 0 51.53 65.13 51.53 65.13 0 0
ynao_sd_19970812_0135_li 17 16 1 0 0 177.11 307.85 183.0 325.78 5.89 17.93
ynao_sd_19970813_0310_li 18 14 4 3 0 312.04 500.15 139.72 203.06 172.32 297.09
ynao_sd_19970814_0025_li 10 8 2 1 0 207.07 325.93 133.53 219.25 73.54 106.68
ynao_sd_19970815_0305_li 9 5 4 2 0 217.7 295.18 69.23 115.94 148.47 179.24
ynao_sd_19970816_0040_li 5 3 2 1 0 147.8 163.34 35.96 42.97 111.84 120.37
ynao_sd_19970817_0140_li 4 3 1 1 0 164.94 169.99 47.94 51.07 117.0 118.92
ynao_sd_19970818_0100_hong 8 6 2 1 0 192.96 197.86 60.82 64.19 132.14 133.67
ynao_sd_19970819_0050_hong 6 5 1 1 0 199.45 222.07 78.47 94.28 120.98 127.79
ynao_sd_19970820_0100_hong 1 0 1 1 0 133.72 155.92 24.45 28.48 109.27 127.44
ynao_sd_19970821_0050_hong 3 2 1 1 0 134.81 182.75 38.94 50.31 95.87 132.44
ynao_sd_19970822_0130_hong 2 1 1 1 0 84.39 153.49 16.99 30.99 67.4 122.5
ynao_sd_19970823_0120_hong 1 0 1 1 0 42.74 116.64 5.65 15.34 37.09 101.3
ynao_sd_19970824_0450_hong 1 1 0 0 0 5.95 29.3 5.95 29.3 0 0
ynao_sd_19970825_0140_li 2 2 0 0 0 15.36 41.23 15.36 41.23 0 0
ynao_sd_19970826_0040_li 5 4 1 2 0 159.29 346.47 31.77 60.77 127.52 285.7
ynao_sd_19970827_0440_li 13 12 1 1 0 164.57 252.53 92.86 138.93 71.71 113.6
ynao_sd_19970828_0215_li 25 24 1 1 0 251.27 324.1 167.15 210.37 84.12 113.73
ynao_sd_19970829_0510_li 39 35 4 2 0 376.45 430.14 227.81 259.87 148.64 170.27
ynao_sd_19970830_0515_li 33 30 3 1 0 440.37 470.1 226.97 244.81 213.4 225.29
ynao_sd_19970831_0150_li 43 39 4 2 0 589.01 684.75 285.75 362.12 303.26 322.63
ynao_sd_19970901_0050_hong 63 60 3 2 0 759.0 903.45 457.64 564.74 301.36 338.71
ynao_sd_19970902_0230_hong 48 43 5 2 0 623.65 799.24 341.26 439.28 282.39 359.96
ynao_sd_19970903_0120_hong 46 43 3 2 0 542.39 805.92 337.43 484.81 204.96 321.11
ynao_sd_19970904_0810_hong 15 11 4 3 0 515.66 1000.35 131.97 232.09 383.69 768.26
ynao_sd_19970905_0200_hong 20 12 8 3 0 625.93 1087.92 170.57 277.99 455.36 809.93
ynao_sd_19970906_0110_hong 26 20 6 2 0 802.91 1067.73 291.46 380.98 511.45 686.75
ynao_sd_19970907_0200_hong 33 20 13 5 0 1229.78 1782.4 350.17 466.72 879.61 1315.68
ynao_sd_19970908_0055_li 39 30 9 5 0 1450.06 2149.77 294.87 404.13 1155.19 1745.64
ynao_sd_19970909_0110_hong 75 51 24 8 0 2255.57 3091.62 719.87 971.43 1535.7 2120.19
ynao_sd_19970910_0100_li 73 45 28 8 0 2712.63 3592.57 679.71 890.1 2032.92 2702.47
ynao_sd_19970911_0120_li 66 51 15 6 0 2387.88 3157.31 626.7 814.1 1761.18 2343.21
ynao_sd_19970912_0240_li 75 59 16 8 0 2147.73 2894.27 620.65 788.84 1527.08 2105.43
ynao_sd_19970913_0245_li 49 33 16 6 0 1761.56 2573.69 422.99 609.09 1338.57 1964.6
ynao_sd_19970914_0235_li 31 21 10 5 0 1344.92 1756.53 335.5 432.04 1009.42 1324.49
ynao_sd_19970915_0410_hong 37 24 13 8 0 1324.65 1940.24 378.0 565.77 946.65 1374.47
ynao_sd_19970917_0520_hong 35 27 8 4 0 891.86 1631.38 324.14 651.31 567.72 980.07
ynao_sd_19970918_0305_hong 25 20 5 2 0 610.94 1218.79 213.4 336.32 397.54 882.47
ynao_sd_19970919_0410_hong 13 10 3 1 0 291.31 320.7 119.64 131.24 171.67 189.46
ynao_sd_19970920_0800_hong 11 9 2 1 0 236.4 289.42 111.45 135.2 124.95 154.22
ynao_sd_19970921_0200_hong 11 9 2 1 0 175.34 240.64 84.83 114.7 90.51 125.94
ynao_sd_19970922_0310_li 3 0 3 2 0 121.27 279.51 19.52 42.57 101.75 236.94
ynao_sd_19970923_0430_li 17 15 2 2 1 324.28 502.66 152.95 230.39 171.33 272.27
ynao_sd_19970924_0210_li 31 26 5 2 0 465.65 608.26 171.22 225.7 294.43 382.56
ynao_sd_19970929_0650_li 8 5 3 1 0 261.02 472.53 78.25 139.51 182.77 333.02
ynao_sd_19970930_0050_li 3 1 2 1 0 177.31 392.09 26.04 54.99 151.27 337.1
ynao_sd_19971001_0140_li 0 0 0 0 0 0 0 0 0 0 0
ynao_sd_19971002_0155_li 6 6 0 0 0 53.59 134.97 53.59 134.97 0 0
ynao_sd_19971003_0500_hong 10 7 3 2 0 172.12 287.69 70.78 125.48 101.34 162.21
ynao_sd_19971004_0410_hong 11 9 2 2 0 158.48 221.29 81.52 117.62 76.96 103.67
ynao_sd_19971005_0415_hong 7 7 0 0 0 70.9 84.51 70.9 84.51 0 0
ynao_sd_19971006_0520_hong 7 7 0 0 0 74.57 83.1 74.57 83.1 0 0
ynao_sd_19971007_0550_hong 7 7 0 0 0 69.8 99.06 69.8 99.06 0 0
ynao_sd_19971008_0530_hong 9 9 0 0 0 77.81 125.26 77.81 125.26 0 0
ynao_sd_19971009_0105_hong 9 9 0 0 0 82.78 121.53 82.78 121.53 0 0
ynao_sd_19971010_0430_hong 12 12 0 0 0 135.69 181.96 135.69 181.96 0 0
ynao_sd_19971011_0110_hong 15 15 0 0 0 153.85 178.68 153.85 178.68 0 0
ynao_sd_19971012_0200_hong 19 18 1 1 0 183.84 224.02 162.9 201.01 20.94 23.01
ynao_sd_19971013_0120_hong 31 27 4 3 0 381.1 452.44 244.91 303.24 136.19 149.2
ynao_sd_19971014_0110_hong 21 17 4 2 0 316.21 392.61 164.36 222.68 151.85 169.93
ynao_sd_19971015_0105_hong 19 18 1 1 0 261.55 377.67 158.2 252.05 103.35 125.62
ynao_sd_19971016_0120_li 14 13 1 1 0 204.08 384.02 135.18 287.85 68.9 96.17
ynao_sd_19971017_0050_li 20 18 2 2 0 276.66 461.3 169.1 252.85 107.56 208.45
ynao_sd_19971018_0120_li 10 8 2 2 0 174.99 271.13 86.18 143.79 88.81 127.34
ynao_sd_19971019_0150_li 7 5 2 1 0 129.42 152.55 57.6 62.29 71.82 90.26
ynao_sd_19971020_0200_li 4 3 1 2 0 154.27 165.66 28.76 30.22 125.51 135.44
ynao_sd_19971021_0050_li 6 5 1 1 0 130.76 159.94 65.97 92.96 64.79 66.98
ynao_sd_19971022_0055_li 6 6 0 0 0 47.48 50.97 47.48 50.97 0 0
ynao_sd_19971023_0330_hong 5 5 0 0 0 48.35 71.56 48.35 71.56 0 0
ynao_sd_19971024_0150_hong 2 2 0 0 0 12.35 13.82 12.35 13.82 0 0
ynao_sd_19971025_0100_hong 2 2 0 0 0 45.74 164.64 45.74 164.64 0 0
ynao_sd_19971026_0410_hong 4 3 1 1 0 77.21 161.7 29.71 59.16 47.5 102.54
ynao_sd_19971027_0300_hong 3 3 0 0 0 25.71 37.2 25.71 37.2 0 0
ynao_sd_19971028_0430_hong 20 18 2 2 0 282.44 565.46 163.47 306.99 118.97 258.47
ynao_sd_19971102_0535_li 35 30 5 3 0 460.23 510.72 276.29 309.18 183.94 201.54
ynao_sd_19971103_0140_li 60 56 4 1 0 760.07 856.34 437.15 496.03 322.92 360.31
ynao_sd_19971104_0120_li 48 32 16 5 0 1522.58 1819.83 476.07 573.57 1046.51 1246.26
ynao_sd_19971105_0140_li 45 32 13 6 1 1443.11 1954.68 445.35 586.21 997.76 1368.47
ynao_sd_19971106_0120_li 40 26 14 6 0 1280.13 2115.33 359.65 527.32 920.48 1588.01
ynao_sd_19971107_0140_li 26 21 5 3 0 748.6 1531.08 221.09 417.27 527.51 1113.81
ynao_sd_19971108_0320_li 16 13 3 2 0 266.36 736.48 139.91 355.04 126.45 381.44
ynao_sd_19971109_0220_hong 5 5 0 0 0 59.89 103.1 59.89 103.1 0 0
ynao_sd_19971110_0210_hong 10 8 2 1 0 144.47 264.94 97.08 172.81 47.39 92.13
ynao_sd_19971111_0210_hong 21 18 3 2 0 338.45 819.03 183.21 358.76 155.24 460.27
ynao_sd_19971112_0420_hong 15 14 1 2 0 227.64 632.04 152.23 404.99 75.41 227.05
ynao_sd_19971113_0150_hong 13 13 0 1 0 127.26 214.15 92.54 143.13 34.72 71.02
ynao_sd_19971114_0110_hong 22 21 1 1 0 224.29 681.49 184.35 531.9 39.94 149.59
ynao_sd_19971115_0105_hong 29 24 5 4 0 462.34 1034.37 220.95 494.78 241.39 539.59
ynao_sd_19971116_0200_li 14 9 5 3 0 585.88 971.53 145.16 255.47 440.72 716.06
ynao_sd_19971117_0525_li 24 19 5 1 0 653.5 890.26 209.07 333.53 444.43 556.73
ynao_sd_19971118_0255_li 40 32 8 2 0 677.42 844.34 284.65 402.89 392.77 441.45
ynao_sd_19971119_0100_li 39 32 7 1 0 727.64 794.26 318.4 361.12 409.24 433.14
ynao_sd_19971120_0305_li 28 22 6 2 0 582.93 617.76 257.35 276.96 325.58 340.8
ynao_sd_19971121_0130_li 22 19 3 1 0 523.17 565.84 194.8 209.14 328.37 356.7
ynao_sd_19971122_0140_li 28 20 8 4 0 676.05 785.35 186.8 213.03 489.25 572.32
ynao_sd_19971123_0135_li 24 19 5 5 0 629.8 902.48 224.6 365.94 405.2 536.54
ynao_sd_19971124_0110_hong 38 33 5 5 0 588.19 992.65 309.42 516.78 278.77 475.87
ynao_sd_19971125_0105_hong 23 19 4 4 0 358.5 769.25 195.98 353.62 162.52 415.63
ynao_sd_19971126_0100_hong 14 13 1 2 0 340.01 1329.28 168.46 522.83 171.55 806.45
ynao_sd_19971127_0110_hong 27 17 10 4 0 518.38 1505.66 215.41 608.28 302.97 897.38
ynao_sd_19971128_0105_hong 25 15 10 5 0 961.77 1798.35 238.33 414.42 723.44 1383.93
ynao_sd_19971129_0110_hong 37 22 15 6 0 1351.15 1964.13 373.44 540.27 977.71 1423.86
ynao_sd_19971130_0150_hong 43 22 21 7 0 1431.96 1774.03 371.82 461.76 1060.14 1312.27
ynao_sd_19971201_0115_li 50 38 12 4 0 1222.93 1356.0 423.67 475.61 799.26 880.39
ynao_sd_19971203_0300_hong 53 43 10 5 0 1361.18 1450.23 480.62 510.96 880.56 939.27
ynao_sd_19971204_0140_li 44 40 4 2 0 994.46 1116.59 341.66 378.24 652.8 738.35
ynao_sd_19971205_0100_li 26 23 3 2 0 724.62 907.98 210.96 257.95 513.66 650.03
ynao_sd_19971206_0120_li 9 7 2 1 0 510.82 781.92 101.16 147.38 409.66 634.54
ynao_sd_19971207_0140_li 10 7 3 2 0 520.1 929.12 116.99 200.85 403.11 728.27
ynao_sd_19971210_0410_hong 30 26 4 4 0 575.6 702.57 279.7 337.97 295.9 364.6
ynao_sd_19971211_0430_hong 26 21 5 4 0 661.28 868.14 289.48 355.34 371.8 512.8
ynao_sd_19971212_0140_hong 47 43 4 4 0 694.76 993.95 408.48 535.79 286.28 458.16
ynao_sd_19971213_0120_hong 41 33 8 4 0 809.97 1176.53 369.34 526.71 440.63 649.82
ynao_sd_19971214_0200_hong 21 18 3 3 0 476.72 933.38 189.62 358.54 287.1 574.84
ynao_sd_19971215_0855_li 7 3 4 4 0 299.16 530.07 76.96 134.25 222.2 395.82
ynao_sd_19971216_0120_li 11 6 5 5 0 365.84 641.73 70.07 123.86 295.77 517.87
ynao_sd_19971217_0100_li 13 11 2 2 0 417.29 705.83 206.0 447.39 211.29 258.44
ynao_sd_19971218_0340_li 12 11 1 1 0 280.34 376.89 115.74 199.67 164.6 177.22
ynao_sd_19971219_0120_li 13 11 2 1 0 240.05 253.41 95.24 101.28 144.81 152.13
ynao_sd_19971220_0055_li 5 4 1 1 0 147.42 158.69 38.42 41.56 109.0 117.13
ynao_sd_19971221_0200_li 2 1 1 2 0 111.79 246.4 23.17 62.34 88.62 184.06
ynao_sd_19971222_0120_hong 20 13 7 5 0 404.83 862.11 163.69 385.95 241.14 476.16
ynao_sd_19971223_0410_hong 28 13 15 8 0 774.05 1273.96 234.51 388.01 539.54 885.95
ynao_sd_19971224_0120_hong 30 17 13 6 0 1226.85 2102.78 353.83 549.57 873.02 1553.21
ynao_sd_19971225_0115_hong 37 28 9 5 0 1127.29 1648.3 451.68 633.99 675.61 1014.31
ynao_sd_19971226_0120_hong 33 22 11 5 0 1041.1 1312.5 329.56 394.35 711.54 918.15
ynao_sd_19971227_0130_hong 23 15 8 5 0 1112.38 1325.22 319.47 371.47 792.91 953.75
ynao_sd_19971228_0200_hong 29 19 10 4 0 1159.12 1330.8 305.72 361.13 853.4 969.67
ynao_sd_19971229_0115_li 16 6 10 4 0 811.25 919.0 146.79 171.99 664.46 747.01
ynao_sd_19971230_0120_li 18 10 8 4 0 843.86 986.72 148.92 175.45 694.94 811.27
ynao_sd_19971231_0725_li 13 2 11 5 0 692.73 835.04 98.43 119.88 594.3 715.16
