ynao_sd_19980101_0140_hong 28 22 6 3 0 656.95 852.79 221.92 300.27 435.03 552.52 0
ynao_sd_19980102_0130_hong 17 13 4 2 0 322.16 419.19 134.01 164.92 188.15 254.27 0
ynao_sd_19980103_0140_hong 9 6 3 2 0 158.68 253.5 55.75 82.73 102.93 170.77 0
ynao_sd_19980104_0130_hong 11 9 2 2 0 191.42 403.68 93.99 178.21 97.43 225.47 0
ynao_sd_19980105_0120_hong 2 2 0 0 0 32.18 40.12 32.18 40.12 0 0 0
ynao_sd_19980106_0130_hong 5 5 0 0 0 58.68 149.29 58.68 149.29 0 0 0
ynao_sd_19980107_0120_hong 3 3 0 0 0 30.81 91.92 30.81 91.92 0 0 0
ynao_sd_19980108_0115_hong 2 2 0 0 0 15.78 47.07 15.78 47.07 0 0 0
ynao_sd_19980109_0130_hong 2 2 0 0 0 12.65 31.29 12.65 31.29 0 0 0
ynao_sd_19980110_0130_hong 3 3 0 0 0 21.17 26.39 21.17 26.39 0 0 0
ynao_sd_19980111_0150_li 12 12 0 0 0 103.73 118.9 103.73 118.9 0 0 0
ynao_sd_19980112_0140_li 28 28 0 0 0 182.72 196.73 182.72 196.73 0 0 0
ynao_sd_19980113_0130_li 27 23 4 3 0 357.91 377.5 170.35 179.5 187.56 198.0 0
ynao_sd_19980114_0250_li 17 14 3 3 0 349.22 409.53 175.19 221.59 174.03 187.94 0
ynao_sd_19980115_0130_li 21 13 8 3 0 642.13 752.02 187.65 223.73 454.48 528.29 0
ynao_sd_19980116_0150_li 18 16 2 3 0 687.73 902.37 221.46 276.85 466.27 625.52 0
ynao_sd_19980117_0130_li 16 13 3 3 0 468.52 755.84 191.28 308.35 277.24 447.49 0
ynao_sd_19980118_0200_li 16 14 2 1 0 312.13 653.1 160.27 292.65 151.86 360.45 0
ynao_sd_19980119_0200_hong 22 21 1 1 0 274.82 757.41 199.11 440.8 75.71 316.61 0
ynao_sd_19980120_0140_hong 15 15 0 0 0 127.71 189.89 127.71 189.89 0 0 0
ynao_sd_19980121_0150_hong 9 9 0 0 0 85.81 106.7 85.81 106.7 0 0 0
ynao_sd_19980122_0530_hong 3 3 0 0 0 41.4 85.89 41.4 85.89 0 0 0
ynao_sd_19980123_0140_hong 16 15 1 1 0 156.7 296.83 119.25 201.26 37.45 95.57 0
ynao_sd_19980124_0140_hong 33 28 5 2 0 388.13 706.29 259.78 499.53 128.35 206.76 0
ynao_sd_19980125_0150_hong 51 46 5 3 0 693.78 1038.79 429.2 675.44 264.58 363.35 0
ynao_sd_19980126_0140_li 41 33 8 4 0 695.73 938.37 266.85 366.36 428.88 572.01 0
ynao_sd_19980127_0150_li 34 30 4 3 0 688.41 900.65 277.29 365.43 411.12 535.22 0
ynao_sd_19980130_0140_li 18 15 3 1 0 336.06 408.56 126.41 147.09 209.65 261.47 0
ynao_sd_19980131_0130_li 9 6 3 1 0 252.73 353.47 62.85 79.91 189.88 273.56 0
ynao_sd_19980201_0150_li 4 2 2 1 0 167.88 283.8 36.57 58.28 131.31 225.52 0
ynao_sd_19980202_0150_hong 6 4 2 1 0 189.88 389.28 81.37 136.16 108.51 253.12 0
ynao_sd_19980203_0145_hong 7 5 2 1 0 172.86 520.67 100.88 259.08 71.98 261.59 0
ynao_sd_19980204_0200_hong 12 8 4 2 0 177.23 382.56 75.34 153.43 101.89 229.13 0
ynao_sd_19980205_0830_hong 7 5 2 2 0 151.94 268.12 55.08 95.39 96.86 172.73 0
ynao_sd_19980206_0405_hong 6 5 1 1 0 135.29 206.6 60.24 96.03 75.05 110.57 0
ynao_sd_19980207_0410_hong 9 7 2 1 0 165.73 277.15 84.51 176.41 81.22 100.74 0
ynao_sd_19980208_0430_hong 7 6 1 1 0 171.97 352.32 83.14 253.87 88.83 98.45 0
ynao_sd_19980209_0130_li 6 5 1 1 0 140.9 159.16 50.86 63.83 90.04 95.33 0
ynao_sd_19980210_0140_li 6 5 1 1 0 126.6 163.69 56.81 90.41 69.79 73.28 0
ynao_sd_19980211_0130_li 7 6 1 1 0 99.78 136.07 57.56 90.28 42.22 45.79 0
ynao_sd_19980212_0120_li 16 13 3 2 0 236.18 361.86 120.45 196.89 115.73 164.97 0
ynao_sd_19980213_0100_li 17 11 6 3 0 601.31 806.91 146.02 207.62 455.29 599.29 0
ynao_sd_19980214_0130_li 29 24 5 3 0 879.27 1043.68 262.47 328.85 616.8 714.83 0
ynao_sd_19980215_0210_li 39 29 10 5 0 988.64 1086.92 301.41 348.21 687.23 738.71 0
ynao_sd_19980216_0200_hong 44 32 12 4 0 1286.5 1408.56 439.15 518.6 847.35 889.96 0
ynao_sd_19980217_0130_hong 52 40 12 4 0 1288.31 1407.68 475.01 534.79 813.3 872.89 0
ynao_sd_19980218_0130_hong 42 32 10 3 0 1138.26 1323.02 394.95 462.67 743.31 860.35 0
ynao_sd_19980219_0200_hong 27 20 7 5 0 902.46 1153.79 305.91 372.11 596.55 781.68 0
ynao_sd_19980220_0120_hong 20 15 5 3 0 691.64 1044.37 227.01 319.32 464.63 725.05 0
ynao_sd_19980221_0140_hong 17 15 2 1 0 435.31 922.95 143.29 268.82 292.02 654.13 0
ynao_sd_19980222_0410_hong 10 8 2 1 0 314.91 1062.47 120.45 331.24 194.46 731.23 0
ynao_sd_19980223_0220_li 9 9 0 0 0 81.79 155.39 81.79 155.39 0 0 0
ynao_sd_19980224_0220_li 11 11 0 0 0 95.4 184.06 95.4 184.06 0 0 0
ynao_sd_19980225_0100_li 28 26 2 2 0 323.47 364.53 205.48 237.91 117.99 126.62 0
ynao_sd_19980226_0250_li 29 25 4 3 0 473.68 530.39 194.57 227.11 279.11 303.28 0
ynao_sd_19980227_0140_li 19 14 5 2 0 227.5 263.17 116.74 137.38 110.76 125.79 0
ynao_sd_19980228_0120_li 18 17 1 1 0 170.42 219.61 121.91 155.91 48.51 63.7 0
ynao_sd_19980301_0200_li 26 21 5 3 0 342.93 508.38 163.54 229.46 179.39 278.92 0
ynao_sd_19980302_0120_hong 59 55 4 3 0 714.33 1182.4 415.4 649.95 298.93 532.45 0
ynao_sd_19980303_0140_hong 45 38 7 3 0 787.63 1009.99 349.53 454.91 438.1 555.08 0
ynao_sd_19980304_0205_hong 27 18 9 5 0 919.15 1387.64 282.36 418.55 636.79 969.09 0
ynao_sd_19980305_0120_hong 29 23 6 4 0 843.93 1693.83 281.73 517.66 562.2 1176.17 0
ynao_sd_19980306_0130_hong 14 11 3 4 0 618.06 1812.96 121.93 312.93 496.13 1500.03 0
ynao_sd_19980307_0120_hong 21 20 1 1 0 265.87 804.17 171.57 419.93 94.3 384.24 0
ynao_sd_19980309_0130_li 11 10 1 1 0 121.3 166.89 91.75 135.25 29.55 31.64 0
ynao_sd_19980310_0120_li 19 19 0 0 0 193.75 246.69 193.75 246.69 0 0 0
ynao_sd_19980311_0100_li 20 18 2 2 0 1706.67 4386.56 197.92 267.84 1508.75 4118.72 0
ynao_sd_19980312_0120_li 41 38 3 3 0 477.91 686.83 283.0 377.37 194.91 309.46 0
ynao_sd_19980313_0130_li 28 24 4 2 0 437.61 566.57 234.07 293.83 203.54 272.74 0
ynao_sd_19980314_0120_li 45 42 3 3 0 658.44 772.97 376.63 440.37 281.81 332.6 0
ynao_sd_19980315_0130_li 71 50 21 9 0 1762.26 1898.95 522.56 577.92 1239.7 1321.03 0
ynao_sd_19980317_0130_hong 63 40 23 12 0 1888.49 2077.18 579.54 652.56 1308.95 1424.62 0
ynao_sd_19980318_0120_hong 46 30 16 7 0 1792.14 2172.25 546.87 709.61 1245.27 1462.64 0
ynao_sd_19980319_0130_hong 54 32 22 10 0 1748.18 2529.59 551.87 816.49 1196.31 1713.1 0
ynao_sd_19980320_0120_hong 56 40 16 9 0 1739.38 3036.13 484.42 833.36 1254.96 2202.77 0
ynao_sd_19980321_0110_hong 45 38 7 4 0 1164.91 2601.61 488.91 1024.86 676.0 1576.75 0
ynao_sd_19980322_0230_hong 40 28 12 10 0 919.43 2712.52 346.78 827.3 572.65 1885.22 0
ynao_sd_19980323_0200_hong 44 34 10 7 0 956.05 2047.73 386.91 824.29 569.14 1223.44 0
ynao_sd_19980324_0110_hong 52 36 16 8 0 1270.87 1836.31 458.09 619.11 812.78 1217.2 0
ynao_sd_19980325_0130_hong 47 35 12 6 0 1470.91 1894.45 557.86 690.66 913.05 1203.79 0
ynao_sd_19980326_0540_hong 56 42 14 7 0 1609.26 1976.4 563.95 670.96 1045.31 1305.44 0
ynao_sd_19980327_0120_hong 60 53 7 4 0 1494.98 1815.22 625.26 734.2 869.72 1081.02 0
ynao_sd_19980328_0130_hong 59 55 4 3 0 1444.87 1822.76 663.36 854.42 781.51 968.34 0
ynao_sd_19980329_0200_hong 59 54 5 3 0 1387.31 2340.28 628.38 1142.16 758.93 1198.12 0
ynao_sd_19980330_0140_hong 27 24 3 3 0 1032.72 1346.75 312.43 406.31 720.29 940.44 0
ynao_sd_19980331_0825_li 30 24 6 4 0 1033.55 1392.07 309.94 440.76 723.61 951.31 0
ynao_sd_19980401_0100_li 31 24 7 5 0 1037.91 1501.22 293.03 442.57 744.88 1058.65 0
ynao_sd_19980402_0125_li 28 23 5 4 0 804.18 1274.04 251.16 323.86 553.02 950.18 0
ynao_sd_19980403_0050_li 41 37 4 4 0 669.3 1051.26 287.66 374.47 381.64 676.79 0
ynao_sd_19980404_0040_li 25 22 3 2 0 398.2 673.44 196.77 252.01 201.43 421.43 0
ynao_sd_19980405_0140_li 39 35 4 4 0 671.11 1050.78 298.17 416.44 372.94 634.34 0
ynao_sd_19980406_0050_li 30 24 6 6 0 2284.52 5751.85 283.25 495.79 2001.27 5256.06 0
ynao_sd_19980407_0130_li 41 33 8 5 0 1218.89 1727.51 353.83 499.52 865.06 1227.99 0
ynao_sd_19980408_0520_hong 48 31 17 12 0 1814.95 2572.65 489.41 727.22 1325.54 1845.43 0
ynao_sd_19980409_0050_hong 80 64 16 11 0 2021.73 2639.7 727.5 1032.32 1294.23 1607.38 0
ynao_sd_19980410_0100_hong 86 78 8 6 0 1788.69 2113.63 848.17 1062.22 940.52 1051.41 0
ynao_sd_19980411_0040_hong 70 59 11 9 0 1802.75 2087.66 758.63 900.61 1044.12 1187.05 0
ynao_sd_19980412_0300_hong 65 57 8 6 0 1641.46 1993.25 678.83 832.56 962.63 1160.69 0
ynao_sd_19980413_0130_li 47 41 6 4 0 915.28 1168.63 322.92 390.54 592.36 778.09 0
ynao_sd_19980414_0240_li 33 29 4 3 0 733.34 1019.2 266.92 417.71 466.42 601.49 0
ynao_sd_19980417_0140_li 15 14 1 1 0 193.54 404.55 118.63 182.12 74.91 222.43 0
ynao_sd_19980419_0200_li 8 8 0 0 0 82.89 158.0 82.89 158.0 0 0 0
ynao_sd_19980420_0140_hong 30 30 0 0 0 243.3 308.63 243.3 308.63 0 0 0
ynao_sd_19980421_0530_hong 25 23 2 2 0 317.39 454.91 213.98 304.31 103.41 150.6 0
ynao_sd_19980422_0050_hong 19 17 2 2 0 293.27 550.03 151.42 279.16 141.85 270.87 0
ynao_sd_19980423_0050_hong 17 16 1 1 0 204.86 547.98 150.55 374.08 54.31 173.9 0
ynao_sd_19980424_0100_hong 10 10 0 0 0 90.28 198.16 90.28 198.16 0 0 0
ynao_sd_19980425_0050_hong 16 15 1 1 0 240.26 1034.48 125.58 364.88 114.68 669.6 0
ynao_sd_19980426_0200_li 13 12 1 1 0 290.76 698.5 117.88 264.23 172.88 434.27 0
ynao_sd_19980427_0100_li 7 6 1 1 0 353.17 629.0 83.95 148.56 269.22 480.44 0
ynao_sd_19980428_0040_li 8 7 1 1 0 469.96 652.07 76.83 103.56 393.13 548.51 0
ynao_sd_19980429_0115_li 14 12 2 1 0 496.0 586.04 119.05 141.33 376.95 444.71 0
ynao_sd_19980430_0045_li 21 19 2 1 0 654.76 748.89 199.68 260.33 455.08 488.56 0
ynao_sd_19980501_0140_li 31 25 6 3 0 914.61 1012.03 220.14 274.08 694.47 737.95 0
ynao_sd_19980502_0120_li 44 36 8 3 0 1540.52 1697.33 384.1 450.98 1156.42 1246.35 0
ynao_sd_19980503_0200_li 72 62 10 6 0 1479.9 1772.21 538.02 644.44 941.88 1127.77 0
ynao_sd_19980504_0110_hong 75 56 19 8 0 2011.79 2430.33 648.73 771.38 1363.06 1658.95 0
ynao_sd_19980505_0105_hong 83 63 20 8 0 2226.68 2878.54 785.57 984.49 1441.11 1894.05 0
ynao_sd_19980506_0100_hong 75 60 15 9 0 2110.37 3115.6 743.87 1065.92 1366.5 2049.68 0
ynao_sd_19980507_0100_hong 49 35 14 10 0 1682.95 3079.68 486.66 887.67 1196.29 2192.01 0
ynao_sd_19980508_0050_hong 51 40 11 7 0 1352.27 2836.29 557.24 1096.8 795.03 1739.49 0
ynao_sd_19980509_0100_hong 47 37 10 6 0 1317.64 2528.6 459.71 872.26 857.93 1656.34 0
ynao_sd_19980510_0140_hong 34 26 8 5 0 1006.14 1859.66 328.19 546.09 677.95 1313.57 0
ynao_sd_19980511_0100_li 22 19 3 4 0 603.37 672.55 177.91 200.06 425.46 472.49 0
ynao_sd_19980512_0040_li 28 24 4 6 0 1804.43 5215.47 237.28 401.81 1567.15 4813.66 0
ynao_sd_19980513_0030_li 42 34 8 6 0 784.25 1123.69 298.14 411.51 486.11 712.18 0
ynao_sd_19980514_0045_li 59 50 9 5 0 868.4 1203.51 397.19 567.8 471.21 635.71 0
ynao_sd_19980515_0030_li 64 56 8 5 0 968.81 1255.78 409.44 525.62 559.37 730.16 0
ynao_sd_19980516_0040_li 69 62 7 4 0 804.46 1061.9 442.98 553.81 361.48 508.09 0
ynao_sd_19980517_0220_li 53 45 8 7 0 838.21 1215.0 367.54 477.82 470.67 737.18 0
ynao_sd_19980518_0240_hong 79 72 7 5 0 979.12 1640.04 626.04 836.52 353.08 803.52 0
ynao_sd_19980519_0100_hong 50 43 7 2 0 678.98 899.99 417.76 603.42 261.22 296.57 0
ynao_sd_19980520_0220_hong 25 22 3 2 0 459.31 587.47 233.74 308.18 225.57 279.29 0
ynao_sd_19980521_0420_hong 10 9 1 1 0 201.82 299.28 135.62 203.77 66.2 95.51 0
ynao_sd_19980522_0220_hong 9 7 2 1 0 136.88 256.32 73.63 136.59 63.25 119.73 0
ynao_sd_19980523_0230_hong 9 9 0 0 0 90.81 264.22 90.81 264.22 0 0 0
ynao_sd_19980525_0100_li 22 16 6 2 0 653.7 776.96 174.33 212.23 479.37 564.73 0
ynao_sd_19980526_0025_li 17 12 5 5 0 763.21 1419.0 179.78 300.94 583.43 1118.06 0
ynao_sd_19980530_0705_li 17 13 4 2 0 409.28 512.82 120.9 179.43 288.38 333.39 0
ynao_sd_19980531_0150_li 29 25 4 2 0 458.82 581.72 205.92 299.46 252.9 282.26 0
ynao_sd_19980601_0140_hong 36 32 4 2 0 597.58 742.39 330.95 446.5 266.63 295.89 0
ynao_sd_19980602_0050_hong 33 23 10 6 0 944.52 1595.68 321.72 470.46 622.8 1125.22 0
ynao_sd_19980603_0420_hong 34 22 12 5 0 1016.38 1722.62 356.8 596.56 659.58 1126.06 0
ynao_sd_19980604_0430_hong 47 36 11 6 0 1228.84 1878.74 462.56 758.86 766.28 1119.88 0
ynao_sd_19980606_0550_hong 43 37 6 3 0 1211.69 1482.02 543.68 692.34 668.01 789.68 0
ynao_sd_19980607_0130_hong 53 50 3 2 0 1261.25 1549.51 576.15 760.12 685.1 789.39 0
ynao_sd_19980608_0140_li 27 25 2 3 0 1008.87 1171.36 282.72 334.85 726.15 836.51 0
ynao_sd_19980609_0640_li 27 24 3 3 0 983.21 1242.53 278.37 358.7 704.84 883.83 0
ynao_sd_19980610_0530_li 46 42 4 3 0 1087.15 1507.38 408.52 579.28 678.63 928.1 0
ynao_sd_19980611_0240_li 30 27 3 2 0 849.55 1234.68 285.94 403.85 563.61 830.83 0
ynao_sd_19980612_0020_li 34 29 5 3 0 814.0 1556.96 311.3 552.97 502.7 1003.99 0
ynao_sd_19980613_0050_li 23 18 5 4 0 685.98 1569.77 203.04 392.6 482.94 1177.17 0
ynao_sd_19980614_0240_li 17 13 4 3 0 460.94 969.37 147.95 259.82 312.99 709.55 0
ynao_sd_19980615_0110_hong 32 30 2 2 0 549.45 799.99 264.91 370.1 284.54 429.89 0
ynao_sd_19980616_0140_hong 21 18 3 2 0 561.78 842.81 225.74 294.11 336.04 548.7 0
ynao_sd_19980618_0300_hong 28 26 2 2 0 743.96 884.24 329.68 393.92 414.28 490.32 0
ynao_sd_19980620_0510_hong 24 22 2 2 0 716.31 829.48 348.18 419.09 368.13 410.39 0
ynao_sd_19980622_0250_li 23 21 2 3 0 569.39 776.0 213.24 306.95 356.15 469.05 0
ynao_sd_19980627_0550_li 41 35 6 4 0 1767.09 2827.35 285.72 430.22 1481.37 2397.13 0
ynao_sd_19980628_0230_li 34 30 4 6 0 2574.28 7256.88 321.36 664.28 2252.92 6592.6 0
ynao_sd_19980629_0540_hong 31 17 14 8 0 2212.42 6162.01 303.52 517.93 1908.9 5644.08 0
ynao_sd_19980702_0020_hong 42 33 9 8 0 1236.41 1951.33 394.63 577.74 841.78 1373.59 0
ynao_sd_19980703_0430_hong 43 34 9 6 0 1359.82 1936.84 470.37 627.44 889.45 1309.4 0
ynao_sd_19980704_0410_hong 59 47 12 7 0 1350.49 1864.3 511.2 685.72 839.29 1178.58 0
ynao_sd_19980705_0415_hong 41 35 6 4 0 1087.94 1406.92 415.69 546.9 672.25 860.02 0
ynao_sd_19980707_0700_li 15 10 5 2 0 704.02 795.53 156.33 201.68 547.69 593.85 0
ynao_sd_19980711_0240_li 17 15 2 2 0 254.99 536.39 114.7 245.48 140.29 290.91 0
ynao_sd_19980712_0550_li 19 18 1 1 0 258.45 565.58 205.34 472.83 53.11 92.75 0
ynao_sd_19980713_0750_hong 18 18 0 2 0 389.36 518.35 234.13 310.23 155.23 208.12 0
ynao_sd_19980714_0530_hong 26 25 1 1 0 321.58 384.44 220.04 262.04 101.54 122.4 0
ynao_sd_19980717_0540_hong 34 29 5 3 0 665.39 781.8 324.49 406.93 340.9 374.87 0
ynao_sd_19980718_0410_hong 28 24 4 2 0 487.32 563.47 266.14 317.48 221.18 245.99 0
ynao_sd_19980719_0300_hong 16 13 3 1 0 358.51 443.21 193.36 242.52 165.15 200.69 0
ynao_sd_19980720_0320_li 17 12 5 5 0 2670.38 5222.79 128.03 211.14 2542.35 5011.65 0
ynao_sd_19980721_0350_li 33 29 4 3 0 410.32 668.39 204.94 315.66 205.38 352.73 0
ynao_sd_19980724_0620_li 25 20 5 6 0 2298.52 2909.73 243.79 439.84 2054.73 2469.89 0
ynao_sd_19980725_0420_li 35 27 8 7 0 1093.51 1473.95 320.99 415.73 772.52 1058.22 0
ynao_sd_19980726_0240_li 33 18 15 6 0 1768.87 2168.59 326.85 398.32 1442.02 1770.27 0
ynao_sd_19980727_0330_hong 39 26 13 7 0 2032.87 2473.36 544.43 658.42 1488.44 1814.94 0
ynao_sd_19980728_0730_hong 34 25 9 6 0 1834.75 2162.18 449.79 528.62 1384.96 1633.56 0
ynao_sd_19980729_0410_hong 39 31 8 5 0 1653.63 2001.75 523.18 630.75 1130.45 1371.0 0
ynao_sd_19980730_0830_hong 17 9 8 7 0 1373.33 1887.27 314.44 422.13 1058.89 1465.14 0
ynao_sd_19980731_0400_li 16 10 6 3 0 985.01 1446.22 235.14 371.22 749.87 1075.0 0
ynao_sd_19980803_0820_li 15 12 3 3 0 301.01 770.42 157.21 395.48 143.8 374.94 0
ynao_sd_19980805_0620_li 33 28 5 3 0 576.48 880.92 302.79 461.15 273.69 419.77 0
ynao_sd_19980806_0405_li 45 35 10 7 0 1946.69 2913.53 308.44 468.47 1638.25 2445.06 0
ynao_sd_19980807_0210_li 43 21 22 9 0 3488.09 5297.2 345.33 503.9 3142.76 4793.3 0
ynao_sd_19980808_0310_li 51 30 21 11 0 2333.93 4533.37 425.77 634.9 1908.16 3898.47 0
ynao_sd_19980810_0400_hong 92 71 21 13 0 2944.13 4143.41 985.71 1286.94 1958.42 2856.47 0
ynao_sd_19980812_0830_hong 46 36 10 9 0 2485.75 3084.02 615.62 770.28 1870.13 2313.74 0
ynao_sd_19980813_0250_hong 63 48 15 8 0 2764.26 3538.39 770.82 1061.45 1993.44 2476.94 0
ynao_sd_19980814_0200_hong 65 47 18 9 0 2743.68 3404.88 816.72 1157.81 1926.96 2247.07 0
ynao_sd_19980815_0410_hong 36 25 11 5 0 2440.37 3000.35 701.11 1051.83 1739.26 1948.52 0
ynao_sd_19980816_0220_hong 48 37 11 8 0 2223.29 3054.37 625.87 826.95 1597.42 2227.42 0
ynao_sd_19980817_0330_li 34 26 8 7 0 1539.41 2312.03 327.02 490.1 1212.39 1821.93 0
ynao_sd_19980818_0100_li 19 10 9 6 0 1211.4 2129.84 225.33 385.59 986.07 1744.25 0
ynao_sd_19980819_0105_li 24 15 9 8 0 912.78 2447.55 188.58 430.85 724.2 2016.7 0
ynao_sd_19980820_0220_li 20 11 9 6 0 801.47 1876.23 204.01 429.82 597.46 1446.41 0
ynao_sd_19980821_0025_li 24 16 8 4 0 852.98 1541.32 206.07 316.15 646.91 1225.17 0
ynao_sd_19980822_0100_li 26 15 11 3 0 1577.07 2305.17 703.31 1095.59 873.76 1209.58 0
ynao_sd_19980822_0120_li 22 11 11 5 0 1181.55 1764.66 252.17 418.52 929.38 1346.14 0
ynao_sd_19980823_0210_li 29 18 11 5 0 2217.25 2962.62 280.58 366.44 1936.67 2596.18 0
ynao_sd_19980824_0200_hong 46 36 10 4 0 1453.2 1779.73 485.78 625.04 967.42 1154.69 0
ynao_sd_19980825_0540_hong 43 32 11 8 0 1309.36 1567.48 375.2 448.57 934.16 1118.91 0
ynao_sd_19980826_0240_hong 39 27 12 8 0 1190.01 1540.14 361.47 464.09 828.54 1076.05 0
ynao_sd_19980830_0305_hong 72 46 26 13 0 2226.61 4025.36 635.04 1028.45 1591.57 2996.91 0
ynao_sd_19980831_0340_li 81 46 35 7 0 2801.82 4522.99 708.56 1080.71 2093.26 3442.28 0
ynao_sd_19980902_0310_li 64 30 34 9 0 3422.74 5314.93 511.23 791.05 2911.51 4523.88 0
ynao_sd_19980903_0820_li 54 27 27 3 0 3847.57 7709.2 557.87 1121.07 3289.7 6588.13 0
ynao_sd_19980904_0115_li 38 11 27 7 0 5358.16 11934.86 425.98 613.85 4932.18 11321.01 0
ynao_sd_19980905_0150_li 52 27 25 6 0 2607.04 3341.14 560.21 854.96 2046.83 2486.18 0
ynao_sd_19980906_0155_li 58 38 20 7 0 4469.3 6262.11 483.44 667.22 3985.86 5594.89 0
ynao_sd_19980907_0050_li 78 56 22 7 0 3492.85 4778.94 542.21 775.58 2950.64 4003.36 0
ynao_sd_19980908_0500_hong 83 56 27 13 0 2623.52 4041.06 840.49 1211.47 1783.03 2829.59 0
ynao_sd_19980909_0115_hong 98 77 21 14 0 2308.22 3381.43 891.78 1281.39 1416.44 2100.04 0
ynao_sd_19980910_0120_hong 89 76 13 13 0 1906.35 2699.83 763.97 1080.01 1142.38 1619.82 0
ynao_sd_19980911_0130_li 67 55 12 7 0 1346.51 1509.07 462.2 536.03 884.31 973.04 0
ynao_sd_19980912_0120_hong 65 48 17 11 0 1664.47 2185.85 532.49 728.13 1131.98 1457.72 0
ynao_sd_19980913_0200_hong 61 45 16 13 0 1772.02 2909.26 532.99 784.27 1239.03 2124.99 0
ynao_sd_19980914_0320_li 39 29 10 9 0 1529.3 4229.85 295.81 522.75 1233.49 3707.1 0
ynao_sd_19980915_0450_li 24 19 5 5 0 528.23 915.73 240.82 406.37 287.41 509.36 0
ynao_sd_19980916_0130_li 15 11 4 3 0 378.29 640.26 123.36 219.26 254.93 421.0 0
ynao_sd_19980917_0400_li 13 10 3 2 0 261.9 414.09 99.8 227.04 162.1 187.05 0
ynao_sd_19980918_0115_li 14 8 6 5 0 488.98 1178.3 112.55 254.1 376.43 924.2 0
ynao_sd_19980919_0100_li 43 35 8 5 0 963.06 1644.06 337.49 521.24 625.57 1122.82 0
ynao_sd_19980920_0210_li 49 40 9 5 0 1086.49 1526.66 414.82 563.97 671.67 962.69 0
ynao_sd_19980921_0230_hong 107 93 14 10 0 1850.75 2296.49 806.57 1035.92 1044.18 1260.57 0
ynao_sd_19980922_0440_hong 114 98 16 8 0 2126.89 2477.15 963.5 1155.76 1163.39 1321.39 0
ynao_sd_19980923_0310_li 82 71 11 7 0 1910.93 2100.07 688.44 816.93 1222.49 1283.14 0
ynao_sd_19980924_0420_hong 73 62 11 8 0 1926.96 2145.31 723.99 845.6 1202.97 1299.71 0
ynao_sd_19980925_0230_hong 79 69 10 6 0 3333.22 6674.27 766.62 979.29 2566.6 5694.98 0
ynao_sd_19980927_0240_hong 56 45 11 6 0 1466.2 2323.21 506.71 779.7 959.49 1543.51 0
ynao_sd_19980928_0010_li 34 32 2 2 0 830.18 1377.4 343.15 555.74 487.03 821.66 0
ynao_sd_19980929_0040_li 14 12 2 2 0 428.78 926.23 125.42 234.38 303.36 691.85 0
ynao_sd_19980930_0030_li 9 7 2 1 0 181.16 570.25 82.75 196.31 98.41 373.94 0
ynao_sd_19981001_0150_li 9 9 0 0 0 60.09 114.57 60.09 114.57 0 0 0
ynao_sd_19981002_0130_li 9 8 1 1 0 164.6 515.33 88.41 252.8 76.19 262.53 0
ynao_sd_19981003_0050_li 6 3 3 2 0 289.83 635.01 56.52 105.1 233.31 529.91 0
ynao_sd_19981004_0140_li 17 13 4 2 0 441.25 696.0 135.28 212.76 305.97 483.24 0
ynao_sd_19981005_0050_li 17 13 4 2 0 584.34 751.21 138.19 177.94 446.15 573.27 0
ynao_sd_19981006_0205_li 17 12 5 3 0 506.41 590.21 146.53 187.32 359.88 402.89 0
ynao_sd_19981007_0515_hong 35 28 7 4 0 660.73 947.84 300.73 512.34 360.0 435.5 0
ynao_sd_19981008_0420_hong 61 52 9 6 0 995.69 1522.2 456.13 624.86 539.56 897.34 0
ynao_sd_19981009_0240_hong 67 55 12 7 0 1125.2 1551.88 508.34 709.56 616.86 842.32 0
ynao_sd_19981010_0300_hong 61 55 6 4 0 822.72 1020.66 445.44 541.94 377.28 478.72 0
ynao_sd_19981011_0230_hong 46 40 6 4 0 813.16 1015.72 339.46 415.58 473.7 600.14 0
ynao_sd_19981012_0245_hong 35 30 5 4 0 679.71 905.62 299.77 397.95 379.94 507.67 0
ynao_sd_19981013_0240_hong 35 31 4 4 0 516.82 736.58 263.75 356.0 253.07 380.58 0
ynao_sd_19981015_0300_hong 50 42 8 5 0 874.74 1231.4 404.14 506.3 470.6 725.1 0
ynao_sd_19981016_0200_hong 63 53 10 6 0 1394.05 1859.32 557.09 743.45 836.96 1115.87 0
ynao_sd_19981021_0640_li 25 23 2 1 0 318.72 395.18 240.59 291.73 78.13 103.45 0
ynao_sd_19981023_0550_li 22 18 4 2 0 520.15 898.41 202.04 292.02 318.11 606.39 0
ynao_sd_19981025_0420_li 22 21 1 1 0 303.49 668.54 190.23 357.15 113.26 311.39 0
ynao_sd_19981026_0410_hong 22 17 5 2 0 267.05 512.55 170.63 341.07 96.42 171.48 0
ynao_sd_19981027_0120_hong 10 9 1 1 0 138.43 214.5 88.81 148.49 49.62 66.01 0
ynao_sd_19981028_0105_hong 20 18 2 1 0 201.09 255.06 139.86 185.25 61.23 69.81 0
ynao_sd_19981029_0130_li 15 13 2 2 0 208.68 554.81 113.05 216.94 95.63 337.87 0
ynao_sd_19981030_0130_li 21 18 3 3 0 1387.85 3293.85 146.14 254.9 1241.71 3038.95 0
ynao_sd_19981031_0730_li 4 2 2 1 0 364.04 593.58 58.41 92.73 305.63 500.85 0
ynao_sd_19981103_0055_li 22 18 4 2 0 656.23 813.99 188.3 219.51 467.93 594.48 0
ynao_sd_19981104_0200_li 51 44 7 3 0 1042.18 1441.84 386.16 467.1 656.02 974.74 0
ynao_sd_19981105_0140_hong 87 76 11 7 0 1572.93 1995.53 650.05 823.55 922.88 1171.98 0
ynao_sd_19981106_0115_hong 110 94 16 11 0 1935.07 2373.61 788.97 970.99 1146.1 1402.62 0
ynao_sd_19981107_0110_hong 64 49 15 10 0 1968.1 2521.2 626.42 836.94 1341.68 1684.26 0
ynao_sd_19981108_0200_hong 59 44 15 10 0 1951.34 2746.15 601.44 884.71 1349.9 1861.44 0
ynao_sd_19981109_0120_hong 58 39 19 11 0 1876.72 3480.21 503.31 944.05 1373.41 2536.16 0
ynao_sd_19981110_0115_hong 40 26 14 7 0 1648.58 4137.75 384.49 954.39 1264.09 3183.36 0
ynao_sd_19981111_0115_hong 41 32 9 6 0 1671.25 3366.23 453.79 773.07 1217.46 2593.16 0
ynao_sd_19981112_0700_hong 45 30 15 6 0 1799.07 2730.26 574.55 883.36 1224.52 1846.9 0
ynao_sd_19981113_0130_hong 56 41 15 10 0 1950.17 2808.27 559.91 813.72 1390.26 1994.55 0
ynao_sd_19981114_0110_hong 56 43 13 9 0 1909.07 2807.0 556.02 833.14 1353.05 1973.86 0
ynao_sd_19981115_0150_li 46 34 12 8 0 1467.34 1961.61 395.08 576.65 1072.26 1384.96 0
ynao_sd_19981116_0120_li 37 31 6 4 0 1265.76 1734.72 388.48 599.93 877.28 1134.79 0
ynao_sd_19981117_0120_li 25 21 4 2 0 1108.53 1310.4 302.84 359.96 805.69 950.44 0
ynao_sd_19981118_0050_li 38 35 3 3 0 989.93 1260.53 353.21 447.91 636.72 812.62 0
ynao_sd_19981119_0100_li 10 7 3 2 0 612.64 896.1 127.06 199.85 485.58 696.25 0
ynao_sd_19981120_0405_li 25 24 1 1 0 549.79 935.98 233.7 376.57 316.09 559.41 0
ynao_sd_19981122_0150_li 24 21 3 2 0 522.85 1223.73 242.42 473.52 280.43 750.21 0
ynao_sd_19981125_0530_hong 55 39 16 10 0 2796.25 7866.71 538.94 1210.19 2257.31 6656.52 0
ynao_sd_19981126_0115_hong 70 50 20 10 0 1774.43 3543.77 714.7 1710.4 1059.73 1833.37 0
ynao_sd_19981127_0230_hong 82 57 25 15 0 1992.18 3191.44 653.65 1006.42 1338.53 2185.02 0
ynao_sd_19981128_0220_hong 80 55 25 17 0 3268.23 5505.64 639.68 893.87 2628.55 4611.77 0
ynao_sd_19981129_0210_hong 84 62 22 14 0 2199.85 3065.5 784.68 1121.2 1415.17 1944.3 0
ynao_sd_19981130_0130_li 61 50 11 8 0 1645.12 2346.22 548.41 873.53 1096.71 1472.69 0
ynao_sd_19981201_0100_li 59 41 18 12 0 2947.96 6524.18 458.79 692.46 2489.17 5831.72 0
ynao_sd_19981202_0120_li 53 37 16 10 0 2962.1 6420.46 527.64 847.29 2434.46 5573.17 0
ynao_sd_19981203_0310_li 40 26 14 9 0 2189.0 3039.32 402.57 499.15 1786.43 2540.17 0
ynao_sd_19981204_0120_li 43 30 13 10 0 4465.42 6043.01 359.74 452.14 4105.68 5590.87 0
ynao_sd_19981205_0130_li 27 13 14 7 0 1493.34 1808.08 311.98 442.01 1181.36 1366.07 0
ynao_sd_19981206_0150_li 24 9 15 8 0 2620.24 6135.11 227.63 315.06 2392.61 5820.05 0
ynao_sd_19981208_0500_hong 60 28 32 22 0 2437.83 3900.45 560.72 872.48 1877.11 3027.97 0
ynao_sd_19981212_0550_hong 61 51 10 9 0 1612.72 2887.37 605.18 942.43 1007.54 1944.94 0
ynao_sd_19981213_0240_hong 65 48 17 11 0 1716.0 2599.4 614.98 987.73 1101.02 1611.67 0
ynao_sd_19981214_0150_li 48 34 14 10 0 1184.58 1407.67 370.06 462.88 814.52 944.79 0
ynao_sd_19981215_0120_li 39 30 9 7 0 1092.21 1294.15 335.12 399.06 757.09 895.09 0
ynao_sd_19981216_0130_li 42 29 13 8 0 975.37 1247.42 331.96 430.61 643.41 816.81 0
ynao_sd_19981217_0340_li 30 22 8 7 0 808.0 1169.98 233.14 336.64 574.86 833.34 0
ynao_sd_19981218_0130_li 21 19 2 4 0 525.58 1061.04 239.44 617.8 286.14 443.24 0
ynao_sd_19981219_0310_li 30 24 6 4 0 456.25 1049.36 275.79 717.45 180.46 331.91 0
ynao_sd_19981220_0320_li 18 11 7 6 0 1583.06 5474.23 168.82 508.54 1414.24 4965.69 0
ynao_sd_19981221_0130_hong 34 28 6 5 0 563.2 1165.63 277.28 492.31 285.92 673.32 0
ynao_sd_19981222_0140_hong 33 27 6 3 0 482.28 700.93 260.11 384.17 222.17 316.76 0
ynao_sd_19981223_0130_hong 28 23 5 3 0 399.43 558.03 248.66 368.33 150.77 189.7 0
ynao_sd_19981224_0240_hong 35 34 1 1 0 347.62 722.7 321.72 692.17 25.9 30.53 0
ynao_sd_19981225_0130_hong 48 41 7 5 0 731.32 1643.42 407.07 713.86 324.25 929.56 0
ynao_sd_19981226_0300_hong 69 60 9 8 0 1243.66 2097.32 603.56 904.29 640.1 1193.03 0
ynao_sd_19981227_0205_hong 77 58 19 14 0 1665.94 2318.79 573.98 782.16 1091.96 1536.63 0
ynao_sd_19981228_0150_li 98 76 22 12 0 2850.98 3444.68 706.17 893.58 2144.81 2551.1 0
ynao_sd_19981229_0440_li 86 59 27 11 0 2073.99 2655.05 701.01 904.54 1372.98 1750.51 0
ynao_sd_19981230_0140_li 76 52 24 11 0 2574.95 3320.82 615.39 840.03 1959.56 2480.79 0
ynao_sd_19981231_0130_li 85 63 22 11 0 3656.42 4750.1 598.08 876.05 3058.34 3874.05 0
