ynao_sd_19990101_0150_li 60 38 22 10 0 1790.06 2483.35 440.34 655.67 1349.72 1827.68
ynao_sd_19990103_0210_li 42 33 9 6 0 786.04 1446.07 341.19 607.42 444.85 838.65
ynao_sd_19990105_0240_hong 46 37 9 7 0 950.3 1913.29 376.44 630.69 573.86 1282.6
ynao_sd_19990106_0140_hong 24 18 6 5 0 2110.31 5333.33 221.74 300.31 1888.57 5033.02
ynao_sd_19990107_0410_hong 31 27 4 2 0 483.72 652.4 260.75 396.46 222.97 255.94
ynao_sd_19990108_0120_hong 18 15 3 2 0 236.7 310.59 127.15 168.44 109.55 142.15
ynao_sd_19990109_0130_hong 29 28 1 1 0 349.53 485.84 237.43 312.95 112.1 172.89
ynao_sd_19990113_0340_li 13 9 4 4 0 414.91 970.94 107.82 167.65 307.09 803.29
ynao_sd_19990116_0440_li 57 47 10 9 1 1033.24 1326.42 476.16 625.21 557.08 701.21
ynao_sd_19990117_0410_li 85 77 8 6 0 1289.97 1515.31 795.11 934.48 494.86 580.83
ynao_sd_19990118_0150_hong 104 87 17 12 0 1813.38 2044.89 833.25 955.25 980.13 1089.64
ynao_sd_19990119_0130_hong 98 73 25 18 0 2128.04 2430.28 828.6 979.1 1299.44 1451.18
ynao_sd_19990120_0220_hong 94 73 21 11 0 2183.02 2567.21 884.9 1043.0 1298.12 1524.21
ynao_sd_19990121_0150_hong 94 74 20 11 0 2151.72 2841.74 824.59 1066.2 1327.13 1775.54
ynao_sd_19990122_0120_hong 66 51 15 14 0 1904.45 2957.55 669.56 996.76 1234.89 1960.79
ynao_sd_19990123_0150_hong 72 58 14 10 0 1652.44 2975.13 635.83 1055.87 1016.61 1919.26
ynao_sd_19990125_0130_li 31 29 2 1 0 318.4 588.46 258.26 505.97 60.14 82.49
ynao_sd_19990126_0200_li 8 8 0 0 0 68.42 108.63 68.42 108.63 0 0
ynao_sd_19990127_0140_li 9 8 1 0 0 53.14 97.85 57.75 103.71 4.61 5.86
ynao_sd_19990128_0120_li 15 15 0 2 0 1695.34 2095.46 127.35 202.16 1567.99 1893.3
ynao_sd_19990129_0130_li 8 7 1 1 0 853.28 1035.65 49.9 70.61 803.38 965.04
ynao_sd_19990130_0140_li 16 14 2 2 0 1606.92 3669.94 156.86 256.16 1450.06 3413.78
ynao_sd_19990131_0130_li 10 7 3 1 0 276.47 594.7 84.39 224.75 192.08 369.95
ynao_sd_19990201_0125_li 9 8 1 1 0 168.43 435.69 84.81 203.88 83.62 231.81
ynao_sd_19990202_0145_ye 21 21 0 0 0 193.75 470.46 193.75 470.46 0 0
ynao_sd_19990203_0610_li 12 12 0 0 0 107.71 141.56 107.71 141.56 0 0
ynao_sd_19990204_0155_ye 28 26 2 0 0 177.61 206.98 190.0 221.54 12.39 14.56
ynao_sd_19990205_0130_ye 12 11 1 1 0 185.99 203.29 119.28 130.48 66.71 72.81
ynao_sd_19990206_0130_ye 34 33 1 1 0 274.05 301.69 231.2 256.25 42.85 45.44
ynao_sd_19990207_0130_ye 45 43 2 1 0 344.8 454.32 304.66 411.01 40.14 43.31
ynao_sd_19990208_0140_ye 41 40 1 0 0 288.16 468.39 293.28 473.85 5.12 5.46
ynao_sd_19990209_0130_ye 74 70 4 3 0 978.08 2361.96 683.67 1379.7 294.41 982.26
ynao_sd_19990210_0130_ye 73 61 12 5 0 1318.41 2678.45 619.8 1244.13 698.61 1434.32
ynao_sd_19990211_0150_ye 94 77 17 9 0 2282.51 3480.59 811.95 1289.23 1470.56 2191.36
ynao_sd_19990212_0215_ye 96 72 24 13 0 8964.34 15608.85 1229.23 1845.44 7735.11 13763.41
ynao_sd_19990213_0145_ye 134 90 44 15 0 8814.51 12526.46 1573.12 2007.43 7241.39 10519.03
ynao_sd_19990214_0145_li 131 90 41 13 0 6183.62 7946.83 1452.3 1672.95 4731.32 6273.88
ynao_sd_19990215_0120_li 148 123 25 11 0 7332.08 8403.77 1926.36 2149.98 5405.72 6253.79
ynao_sd_19990216_0200_li 90 70 20 12 0 4570.46 6862.99 978.51 1241.95 3591.95 5621.04
ynao_sd_19990217_0130_li 61 42 19 14 0 3713.24 4512.02 675.87 803.36 3037.37 3708.66
ynao_sd_19990219_0140_li 31 17 14 8 0 1859.38 2887.82 332.13 535.43 1527.25 2352.39
ynao_sd_19990220_0310_li 36 25 11 6 0 1239.06 2437.45 393.75 829.8 845.31 1607.65
ynao_sd_19990221_0320_li 18 14 4 3 0 757.35 1873.51 234.57 538.51 522.78 1335.0
ynao_sd_19990222_0120_li 23 19 4 4 0 1428.99 2851.45 191.32 457.15 1237.67 2394.3
ynao_sd_19990223_0130_li 17 15 2 2 0 1510.73 1775.34 123.85 253.81 1386.88 1521.53
ynao_sd_19990224_0120_li 5 4 1 1 0 116.96 199.6 78.63 154.46 38.33 45.14
ynao_sd_19990225_0100_li 14 14 0 1 0 171.19 248.17 137.29 202.63 33.9 45.54
ynao_sd_19990226_0050_li 25 24 1 1 0 214.22 293.28 168.12 239.83 46.1 53.45
ynao_sd_19990227_0045_li 13 13 0 0 0 145.36 191.23 145.36 191.23 0 0
ynao_sd_19990228_0150_li 41 39 2 1 0 351.26 425.74 273.68 331.66 77.58 94.08
ynao_sd_19990301_0140_ye 47 41 6 5 0 3688.64 10417.22 378.02 641.49 3310.62 9775.73
ynao_sd_19990302_0120_ye 60 55 5 4 0 3835.45 8621.68 506.83 726.22 3328.62 7895.46
ynao_sd_19990303_0145_ye 77 59 18 9 0 4323.23 7072.75 622.25 864.78 3700.98 6207.97
ynao_sd_19990304_0120_ye 80 67 13 8 0 3605.65 5241.94 695.25 946.64 2910.4 4295.3
ynao_sd_19990305_0115_ye 107 91 16 7 0 2737.81 5557.02 815.76 1127.39 1922.05 4429.63
ynao_sd_19990306_0125_ye 63 56 7 3 0 1142.46 1720.05 588.93 853.48 553.53 866.57
ynao_sd_19990307_0140_ye 66 60 6 3 0 2630.59 5904.33 534.93 819.62 2095.66 5084.71
ynao_sd_19990308_0130_li 25 21 4 3 0 498.22 794.49 201.25 281.16 296.97 513.33
ynao_sd_19990309_0130_li 34 29 5 3 0 574.81 1115.9 271.37 491.28 303.44 624.62
ynao_sd_19990310_0130_li 30 24 6 5 0 2250.49 3097.08 311.91 534.44 1938.58 2562.64
ynao_sd_19990311_0140_li 46 36 10 5 0 1120.42 1761.55 409.38 664.42 711.04 1097.13
ynao_sd_19990312_0130_li 52 40 12 7 0 1198.86 1918.7 479.21 843.99 719.65 1074.71
ynao_sd_19990313_0140_ye 54 43 11 6 0 1215.28 1673.6 405.39 533.68 809.89 1139.92
ynao_sd_19990314_0140_ye 72 55 17 5 0 1889.89 2208.98 518.62 625.99 1371.27 1582.99
ynao_sd_19990315_0055_ye 103 83 20 8 0 2961.02 3764.03 794.99 925.69 2166.03 2838.34
ynao_sd_19990316_0055_ye 99 81 18 7 0 2044.34 2513.05 864.77 1043.47 1179.57 1469.58
ynao_sd_19990317_0105_li 88 76 12 5 0 1533.84 2091.91 648.92 852.65 884.92 1239.26
ynao_sd_19990318_0120_li 65 57 8 5 0 1214.38 1930.09 474.18 687.21 740.2 1242.88
ynao_sd_19990319_0050_li 49 42 7 6 0 711.1 1213.49 331.96 528.37 379.14 685.12
ynao_sd_19990320_0130_li 46 41 5 3 0 549.15 795.63 315.95 467.72 233.2 327.91
ynao_sd_19990321_0150_li 35 33 2 2 0 388.09 549.58 284.0 368.77 104.09 180.81
ynao_sd_19990322_0140_ye 45 41 4 1 0 388.69 599.94 363.17 587.2 25.52 12.74
ynao_sd_19990323_0145_ye 45 40 5 3 0 3602.06 4826.8 364.39 730.66 3237.67 4096.14
ynao_sd_19990324_0205_ye 19 18 1 1 0 181.46 331.82 126.59 186.95 54.87 144.87
ynao_sd_19990325_0110_ye 16 12 4 3 0 345.59 582.66 129.0 244.56 216.59 338.1
ynao_sd_19990326_0045_ye 15 12 3 2 0 297.29 437.77 115.36 184.5 181.93 253.27
ynao_sd_19990327_0130_li 6 4 2 2 0 1583.3 1970.92 64.91 78.48 1518.39 1892.44
ynao_sd_19990328_0145_ye 25 20 5 2 0 343.1 401.04 205.57 240.43 137.53 160.61
ynao_sd_19990329_0200_li 4 1 3 2 0 203.36 462.58 69.18 332.21 134.18 130.37
ynao_sd_19990330_0100_li 13 9 4 4 0 359.86 660.03 117.78 201.11 242.08 458.92
ynao_sd_19990331_0120_li 7 4 3 2 0 240.41 414.86 79.77 117.26 160.64 297.6
ynao_sd_19990401_0130_li 10 5 5 4 0 282.85 472.34 77.96 145.2 204.89 327.14
ynao_sd_19990402_0120_li 7 4 3 2 0 167.3 221.71 58.29 81.69 109.01 140.02
ynao_sd_19990403_0050_li 18 15 3 2 0 193.28 271.75 120.2 187.38 73.08 84.37
ynao_sd_19990404_0140_li 33 32 1 1 0 309.65 447.28 277.85 412.58 31.8 34.7
ynao_sd_19990405_0250_li 43 35 8 6 0 863.44 1215.08 377.64 568.95 485.8 646.13
ynao_sd_19990406_0240_li 51 44 7 3 0 803.61 1132.16 391.54 590.47 412.07 541.69
ynao_sd_19990407_0130_li 66 54 12 6 0 960.5 1369.9 445.11 574.59 515.39 795.31
ynao_sd_19990408_0210_li 40 34 6 6 0 705.13 993.93 300.66 378.21 404.47 615.72
ynao_sd_19990409_0130_li 59 52 7 5 0 1565.29 1885.99 423.42 512.05 1141.87 1373.94
ynao_sd_19990410_0100_ye 69 65 4 4 0 767.07 891.32 520.61 625.23 246.46 266.09
ynao_sd_19990411_0140_ye 75 70 5 4 0 900.86 1031.62 629.76 735.5 271.1 296.12
ynao_sd_19990412_0045_ye 99 91 8 2 0 1757.2 1995.15 706.01 829.71 1051.19 1165.44
ynao_sd_19990413_0045_ye 73 69 4 2 0 664.82 758.59 546.15 632.07 118.67 126.52
ynao_sd_19990414_0050_ye 51 47 4 1 0 1729.52 2936.44 443.81 577.91 1285.71 2358.53
ynao_sd_19990415_0135_ye 69 69 0 0 0 517.48 706.44 517.48 706.44 0 0
ynao_sd_19990416_0030_ye 42 38 4 3 0 4694.7 6993.24 378.13 511.3 4316.57 6481.94
ynao_sd_19990417_0030_ye 50 47 3 1 0 504.72 787.82 408.99 662.99 95.73 124.83
ynao_sd_19990418_0100_ye 41 36 5 2 0 504.59 795.1 320.43 500.94 184.16 294.16
ynao_sd_19990419_0045_ye 38 32 6 3 0 541.58 782.51 282.74 417.0 258.84 365.51
ynao_sd_19990420_0050_ye 53 44 9 3 0 679.64 931.63 412.98 578.17 266.66 353.46
ynao_sd_19990421_0120_ye 29 23 6 4 0 566.88 718.6 253.86 294.55 313.02 424.05
ynao_sd_19990422_0120_ye 30 25 5 3 0 477.38 528.62 252.33 290.45 225.05 238.17
ynao_sd_19990423_0110_ye 41 36 5 2 0 603.35 733.34 346.04 465.72 257.31 267.62
ynao_sd_19990424_0050_li 26 23 3 1 0 371.86 454.74 180.76 256.52 191.1 198.22
ynao_sd_19990425_0045_li 22 19 3 2 0 380.37 521.61 210.55 301.87 169.82 219.74
ynao_sd_19990426_0220_li 13 9 4 4 0 620.71 834.56 161.54 216.94 459.17 617.62
ynao_sd_19990428_0620_li 27 21 6 3 0 559.45 725.19 241.74 294.19 317.71 431.0
ynao_sd_19990503_0240_ye 62 59 3 3 0 898.36 1225.17 575.55 819.19 322.81 405.98
ynao_sd_19990511_0220_li 69 57 12 8 1 4797.56 10740.71 658.49 1013.58 4139.07 9727.13
ynao_sd_19990512_0120_li 52 46 6 6 0 1126.84 1311.1 457.95 526.05 668.89 785.05
ynao_sd_19990513_0420_li 64 57 7 6 0 1199.49 1367.93 511.46 572.02 688.03 795.91
ynao_sd_19990514_0120_li 42 33 9 4 0 1156.11 1417.66 412.75 519.73 743.36 897.93
ynao_sd_19990515_0030_li 44 38 6 4 0 1076.26 1450.06 396.03 538.74 680.23 911.32
ynao_sd_19990517_0045_ye 64 50 14 9 0 2708.74 4240.64 624.05 1005.8 2084.69 3234.84
ynao_sd_19990518_0320_ye 64 52 12 6 0 1514.01 2533.85 596.85 948.66 917.16 1585.19
ynao_sd_19990519_0120_li 56 48 8 5 0 2298.45 4125.24 512.07 768.26 1786.38 3356.98
ynao_sd_19990520_0240_li 40 32 8 7 0 1350.54 1888.65 342.14 494.27 1008.4 1394.38
ynao_sd_19990522_0130_ye 64 47 17 8 0 3049.85 5534.36 695.68 1068.14 2354.17 4466.22
ynao_sd_19990524_0555_ye 38 29 9 6 0 1441.86 2873.13 614.12 1246.98 827.74 1626.15
ynao_sd_19990525_0250_ye 39 29 10 7 0 1365.87 2589.56 387.98 715.16 977.89 1874.4
ynao_sd_19990531_0145_ye 64 48 16 9 0 3507.13 7096.47 775.43 1015.53 2731.7 6080.94
ynao_sd_19990601_0320_li 73 50 23 12 1 2509.07 3039.35 715.01 947.69 1794.06 2091.66
ynao_sd_19990602_0140_ye 120 89 31 10 0 3351.55 4066.85 1085.64 1386.03 2265.91 2680.82
ynao_sd_19990603_0125_ye 93 60 33 12 0 4308.11 5297.66 1007.94 1344.32 3300.17 3953.34
ynao_sd_19990604_0100_ye 90 62 28 10 0 4739.71 9753.01 979.75 1819.19 3759.96 7933.82
ynao_sd_19990605_0100_ye 72 49 23 12 0 5425.55 12011.41 689.35 1063.87 4736.2 10947.54
ynao_sd_19990606_0020_ye 90 61 29 14 0 9672.75 14756.64 827.59 1273.44 8845.16 13483.2
ynao_sd_19990607_0525_ye 75 55 20 10 0 2957.06 4350.46 623.78 931.4 2333.28 3419.06
ynao_sd_19990608_0040_ye 110 87 23 12 0 5599.6 7701.95 915.37 1322.89 4684.23 6379.06
ynao_sd_19990609_0100_ye 100 82 18 8 0 1876.93 2962.52 854.15 1305.58 1022.78 1656.94
ynao_sd_19990610_0405_ye 83 53 30 16 0 5775.67 6790.74 653.96 796.95 5121.71 5993.79
ynao_sd_19990611_0230_ye 133 103 30 17 0 7653.31 8763.92 1033.76 1237.82 6619.55 7526.1
ynao_sd_19990614_0100_ye 104 77 27 13 0 3426.47 5375.17 861.31 1332.65 2565.16 4042.52
ynao_sd_19990615_0020_ye 110 78 32 14 0 6976.31 14013.44 900.31 1355.69 6076.0 12657.75
ynao_sd_19990616_0015_ye 70 54 16 9 0 2751.54 3652.93 570.26 780.95 2181.28 2871.98
ynao_sd_19990617_0250_ye 45 37 8 6 0 1186.51 1479.67 337.25 426.24 849.26 1053.43
ynao_sd_19990618_0155_ye 72 64 8 2 0 1253.48 1633.56 745.36 969.82 508.12 663.74
ynao_sd_19990619_0055_ye 63 58 5 3 0 1104.27 1550.89 529.83 769.83 574.44 781.06
ynao_sd_19990620_0045_ye 23 17 6 3 0 570.45 968.4 232.44 447.43 338.01 520.97
ynao_sd_19990621_0430_ye 41 27 14 5 0 1929.71 5609.76 613.67 1612.87 1316.04 3996.89
ynao_sd_19990622_0530_ye 37 30 7 5 1 1157.7 2125.5 436.86 829.6 720.84 1295.9
ynao_sd_19990624_0710_ye 71 50 21 13 0 1704.97 2643.35 658.09 1167.61 1046.88 1475.74
ynao_sd_19990625_0730_ye 135 101 34 17 0 2909.32 4085.36 1086.85 1627.85 1822.47 2457.51
ynao_sd_19990626_0630_ye 137 89 48 24 0 7170.59 12030.53 1124.71 1529.53 6045.88 10501.0
ynao_sd_19990628_0230_ye 140 107 33 20 1 3233.93 3613.14 985.49 1166.1 2248.44 2447.04
ynao_sd_19990629_0300_ye 174 140 34 16 0 7650.4 9234.42 1135.17 1308.45 6515.23 7925.97
ynao_sd_19990630_0545_ye 87 71 16 10 0 4409.91 6171.31 686.68 872.68 3723.23 5298.63
ynao_sd_19990701_0310_ye 113 92 21 9 0 4789.82 8226.32 956.08 1298.53 3833.74 6927.79
ynao_sd_19990705_0125_ye 100 72 28 14 0 6030.26 9858.35 1016.09 1528.95 5014.17 8329.4
ynao_sd_19990706_0400_ye 71 47 24 10 0 6733.34 10292.02 716.23 1012.57 6017.11 9279.45
ynao_sd_19990707_0145_ye 75 55 20 7 0 2420.53 3626.03 807.57 1309.53 1612.96 2316.5
ynao_sd_19990708_0405_ye 57 41 16 9 0 1953.47 2845.25 588.39 1098.0 1365.08 1747.25
ynao_sd_19990713_0100_li 71 58 13 6 0 1396.15 2189.54 543.07 935.26 853.08 1254.28
ynao_sd_19990714_0340_ye 59 46 13 6 0 1285.15 1629.18 490.52 630.59 794.63 998.59
ynao_sd_19990715_0500_ye 69 54 15 5 0 1189.62 1404.09 530.13 658.32 659.49 745.77
ynao_sd_19990717_0200_ye 83 68 15 8 0 2335.16 3199.4 604.76 1032.23 1730.4 2167.17
ynao_sd_19990719_0155_ye 60 46 14 7 0 1677.21 3428.06 476.49 780.58 1200.72 2647.48
ynao_sd_19990720_0040_ye 73 57 16 10 0 1620.83 2141.83 730.9 956.52 889.93 1185.31
ynao_sd_19990721_0410_ye 51 40 11 5 0 1244.4 1824.68 507.82 771.19 736.58 1053.49
ynao_sd_19990723_0220_ye 125 95 30 10 0 5267.94 8218.29 939.97 1257.9 4327.97 6960.39
ynao_sd_19990724_0100_ye 105 89 16 8 0 4173.55 5667.86 1038.69 1420.92 3134.86 4246.94
ynao_sd_19990727_0030_ye 86 59 27 11 0 2721.62 4182.04 971.22 1510.94 1750.4 2671.1
ynao_sd_19990728_0100_ye 104 77 27 14 0 2863.74 4562.94 1014.75 1618.53 1848.99 2944.41
ynao_sd_19990730_0125_ye 158 128 30 13 0 3211.56 4309.06 1353.92 1961.42 1857.64 2347.64
ynao_sd_19990731_0055_ye 144 113 31 17 0 3637.22 4517.27 1429.38 1772.95 2207.84 2744.32
ynao_sd_19990802_0030_ye 177 106 71 12 0 4573.99 5542.78 1530.7 1903.43 3043.29 3639.35
ynao_sd_19990803_0730_ye 110 65 45 15 0 6924.21 9649.39 1297.57 1791.15 5626.64 7858.24
ynao_sd_19990804_0120_ye 136 81 55 20 0 9208.15 14387.21 1354.38 2068.01 7853.77 12319.2
ynao_sd_19990805_0100_ye 130 89 41 15 0 4423.72 7182.14 1223.64 2210.03 3200.08 4972.11
ynao_sd_19990806_0220_ye 113 90 23 10 0 2804.87 4476.41 1192.67 2184.69 1612.2 2291.72
ynao_sd_19990807_0015_ye 79 56 23 10 0 3119.78 4353.88 779.07 1189.2 2340.71 3164.68
ynao_sd_19990808_0200_ye 116 106 10 6 0 2721.96 3982.9 1049.57 1739.5 1672.39 2243.4
ynao_sd_19990809_0205_ye 59 54 5 6 0 2142.99 5976.2 527.14 973.42 1615.85 5002.78
ynao_sd_19990810_0545_ye 72 56 16 7 0 4002.11 9078.22 625.32 947.35 3376.79 8130.87
ynao_sd_19990811_0105_ye 59 50 9 5 0 945.05 1118.7 448.5 555.91 496.55 562.79
ynao_sd_19990813_0355_ye 56 51 5 3 0 765.43 1091.55 469.46 661.45 295.97 430.1
ynao_sd_19990814_0630_ye 36 31 5 3 0 638.25 1334.49 276.95 439.49 361.3 895.0
ynao_sd_19990816_0415_ye 34 30 4 1 0 1019.85 1564.69 441.68 680.07 578.17 884.62
ynao_sd_19990819_0315_ye 97 93 4 2 0 1483.86 1689.27 906.37 1085.97 577.49 603.3
ynao_sd_19990820_0635_ye 38 31 7 4 0 1289.23 2667.26 553.67 1291.18 735.56 1376.08
ynao_sd_19990821_0555_ye 23 16 7 4 0 1148.95 2183.34 330.69 729.06 818.26 1454.28
ynao_sd_19990823_0205_ye 104 81 23 10 0 2584.71 4048.49 990.16 1558.39 1594.55 2490.1
ynao_sd_19990827_0610_ye 138 102 36 12 0 3798.78 4629.84 1436.17 1812.87 2362.61 2816.97
ynao_sd_19990829_0640_li 118 89 29 11 0 2351.18 3077.83 803.21 1038.03 1547.97 2039.8
ynao_sd_19990830_0650_li 110 92 18 15 0 2035.19 2750.88 840.69 1110.28 1194.5 1640.6
ynao_sd_19990902_0400_li 34 28 6 3 0 612.35 928.53 279.11 476.66 333.24 451.87
ynao_sd_19990904_0240_li 16 13 3 2 0 287.9 607.71 116.76 159.36 171.14 448.35
ynao_sd_19990905_0100_li 34 31 3 1 0 295.7 552.11 246.08 457.08 49.62 95.03
ynao_sd_19990906_0100_li 33 33 0 1 0 276.54 416.53 243.18 370.53 33.36 46.0
ynao_sd_19990907_0130_ye 28 27 1 1 0 336.13 613.01 262.25 387.88 73.88 225.13
ynao_sd_19990908_0230_ye 47 43 4 2 0 544.96 1307.03 386.44 891.95 158.52 415.08
ynao_sd_19990909_0020_ye 49 45 4 2 0 608.45 1196.3 348.51 631.23 259.94 565.07
ynao_sd_19990910_0040_ye 55 44 11 4 0 2170.7 3363.01 429.56 767.63 1741.14 2595.38
ynao_sd_19990911_0045_ye 73 59 14 9 0 1197.44 1694.72 529.75 739.05 667.69 955.67
ynao_sd_19990913_0140_li 80 66 14 8 0 1355.64 1681.37 613.76 856.04 741.88 825.33
ynao_sd_19990914_0155_li 73 55 18 12 0 1719.94 2194.03 597.95 817.01 1121.99 1377.02
ynao_sd_19990915_0720_li 66 44 22 14 0 1767.41 2174.03 537.06 682.24 1230.35 1491.79
ynao_sd_19990916_0210_li 86 63 23 18 0 2029.67 2708.83 602.52 800.29 1427.15 1908.54
ynao_sd_19990917_0320_li 52 37 15 12 0 1356.04 2263.77 451.47 715.37 904.57 1548.4
ynao_sd_19990918_0055_li 66 61 5 5 0 925.36 1685.0 571.03 993.93 354.33 691.07
ynao_sd_19990920_0230_ye 42 38 4 4 0 668.63 1157.32 345.51 464.69 323.12 692.63
ynao_sd_19990921_0055_ye 49 47 2 2 0 816.07 1191.68 422.25 613.64 393.82 578.04
ynao_sd_19990923_0740_li 30 28 2 2 0 647.96 832.74 279.36 407.22 368.6 425.52
ynao_sd_19990925_0040_li 49 45 4 2 0 869.82 1105.32 445.28 614.8 424.54 490.52
ynao_sd_19990927_0200_li 4 2 2 2 0 352.82 536.52 75.52 145.65 277.3 390.87
ynao_sd_19990928_0120_li 16 13 3 3 0 375.57 627.02 160.74 264.03 214.83 362.99
ynao_sd_19990929_0120_li 11 10 1 1 0 240.12 412.87 155.08 300.34 85.04 112.53
ynao_sd_19990930_0250_li 18 15 3 2 0 257.96 430.51 139.73 208.86 118.23 221.65
ynao_sd_19991001_0420_li 8 7 1 1 0 160.42 263.29 131.47 192.87 28.95 70.42
ynao_sd_19991002_0200_li 8 6 2 1 0 201.0 569.92 119.88 240.87 81.12 329.05
ynao_sd_19991003_0140_li 15 13 2 2 0 373.43 795.63 127.17 222.74 246.26 572.89
ynao_sd_19991004_0110_ye 56 47 9 6 0 5740.46 8497.67 545.62 933.09 5194.84 7564.58
ynao_sd_19991005_0225_ye 59 48 11 5 0 1167.71 1615.92 557.94 780.41 609.77 835.51
ynao_sd_19991006_0325_ye 85 68 17 8 0 1687.39 2007.51 871.9 1070.57 815.49 936.94
ynao_sd_19991007_0205_ye 73 58 15 10 0 3029.92 3634.38 838.54 994.61 2191.38 2639.77
ynao_sd_19991008_0310_li 55 48 7 5 0 1136.75 1309.0 453.95 563.93 682.8 745.07
ynao_sd_19991009_0030_li 63 57 6 5 0 1030.99 1313.02 453.87 583.26 577.12 729.76
ynao_sd_19991010_0050_li 46 33 13 6 0 1913.68 5041.44 425.66 748.95 1488.02 4292.49
ynao_sd_19991011_0625_ye 110 96 14 6 0 2163.83 3204.01 1011.84 1472.42 1151.99 1731.59
ynao_sd_19991012_0640_ye 90 66 24 11 0 2432.85 3475.94 776.12 1156.31 1656.73 2319.63
ynao_sd_19991013_0315_ye 97 77 20 13 0 2463.47 3147.2 996.81 1244.39 1466.66 1902.81
ynao_sd_19991014_0425_ye 112 79 33 15 0 3288.15 3919.07 1093.84 1273.48 2194.31 2645.59
ynao_sd_19991015_0300_ye 121 80 41 11 0 4163.56 4487.27 1098.05 1195.77 3065.51 3291.5
ynao_sd_19991016_0050_li 106 75 31 12 0 3423.24 3556.76 932.37 979.0 2490.87 2577.76
ynao_sd_19991019_0120_li 83 65 18 11 0 2325.95 2866.14 677.43 850.79 1648.52 2015.35
ynao_sd_19991020_0115_li 69 51 18 11 1 1709.07 2496.32 682.07 956.63 1027.0 1539.69
ynao_sd_19991021_0230_li 60 51 9 6 0 901.73 1719.2 528.8 1084.46 372.93 634.74
ynao_sd_19991022_0330_li 50 30 20 7 0 1179.24 1805.42 416.57 740.66 762.67 1064.76
ynao_sd_19991023_0205_li 46 29 17 7 0 1425.74 1974.51 401.34 653.64 1024.4 1320.87
ynao_sd_19991024_0240_li 62 42 20 10 0 1884.31 2809.38 525.81 749.6 1358.5 2059.78
ynao_sd_19991025_0030_ye 109 87 22 12 0 2594.01 4004.41 1010.2 1518.9 1583.81 2485.51
ynao_sd_19991105_0240_li 45 34 11 6 0 874.65 1405.66 366.61 725.62 508.04 680.04
ynao_sd_19991106_0410_li 39 31 8 7 0 671.82 1183.2 289.5 431.29 382.32 751.91
ynao_sd_19991107_0230_li 53 46 7 7 0 1010.52 2120.11 528.71 1180.29 481.81 939.82
ynao_sd_19991108_0250_ye 112 85 27 14 0 4491.53 7916.51 1064.39 2044.98 3427.14 5871.53
ynao_sd_19991109_0300_ye 180 144 36 14 0 3455.92 5174.89 1496.32 2105.63 1959.6 3069.26
ynao_sd_19991110_0415_ye 185 140 45 23 0 4917.53 7337.45 1677.93 2086.68 3239.6 5250.77
ynao_sd_19991111_0055_ye 195 147 48 27 0 4453.06 5486.87 1789.52 2482.01 2663.54 3004.86
ynao_sd_19991112_0100_ye 191 146 45 21 0 5233.04 6545.5 1779.21 2321.64 3453.83 4223.86
ynao_sd_19991113_0110_ye 162 118 44 23 0 4285.41 5829.07 1609.42 2230.36 2675.99 3598.71
ynao_sd_19991114_0150_ye 146 114 32 20 0 6160.31 8630.04 1429.68 1939.62 4730.63 6690.42
ynao_sd_19991115_0330_li 85 57 28 17 0 3557.4 4818.97 859.76 1153.14 2697.64 3665.83
ynao_sd_19991116_0120_li 92 52 40 14 0 4117.45 5264.91 926.96 1275.16 3190.49 3989.75
ynao_sd_19991117_0300_li 97 58 39 17 0 5213.06 8853.41 958.39 1338.47 4254.67 7514.94
ynao_sd_19991118_0150_li 85 43 42 13 0 4055.08 4527.2 778.6 948.82 3276.48 3578.38
ynao_sd_19991119_0205_ye 116 79 37 14 0 3986.75 4774.98 1414.46 1900.12 2572.29 2874.86
ynao_sd_19991120_0100_ye 105 60 45 13 0 3797.56 4798.26 1053.43 1409.79 2744.13 3388.47
ynao_sd_19991121_0200_li 78 59 19 11 0 2254.65 3145.46 676.17 912.05 1578.48 2233.41
ynao_sd_19991122_0050_li 82 71 11 7 0 1847.76 2966.09 710.45 972.35 1137.31 1993.74
ynao_sd_19991123_0120_li 64 49 15 7 0 1859.37 2658.85 480.9 678.13 1378.47 1980.72
ynao_sd_19991124_0115_ye 72 53 19 7 0 4615.92 6027.06 827.55 1429.55 3788.37 4597.51
ynao_sd_19991125_0130_ye 76 57 19 5 0 3393.47 4271.09 981.16 1345.29 2412.31 2925.8
ynao_sd_19991126_0125_ye 63 50 13 6 0 3491.21 4889.96 709.4 1090.14 2781.81 3799.82
ynao_sd_19991127_0155_ye 103 89 14 7 0 1715.6 3074.25 822.9 1234.24 892.7 1840.01
ynao_sd_19991130_0210_li 50 38 12 7 0 1142.77 1358.94 369.21 459.59 773.56 899.35
ynao_sd_19991201_0340_li 57 46 11 6 0 1489.37 1990.51 472.26 658.2 1017.11 1332.31
ynao_sd_19991202_0310_ye 42 30 12 9 0 1232.64 2145.56 399.6 864.71 833.04 1280.85
ynao_sd_19991203_0200_ye 31 21 10 6 0 1024.6 2432.14 345.9 732.3 678.7 1699.84
ynao_sd_19991204_0230_ye 29 15 14 6 0 1278.76 2674.15 326.64 673.91 952.12 2000.24
ynao_sd_19991207_0700_ye 29 23 6 3 0 1777.92 1963.22 551.02 621.43 1226.9 1341.79
ynao_sd_19991208_0205_ye 50 41 9 4 0 2016.04 2362.32 756.47 1047.24 1259.57 1315.08
ynao_sd_19991209_0320_ye 38 26 12 6 0 1860.15 2235.77 516.91 604.7 1343.24 1631.07
ynao_sd_19991210_0140_li 51 40 11 4 0 1705.61 1977.51 530.15 620.58 1175.46 1356.93
ynao_sd_19991211_0640_li 40 33 7 6 0 1483.67 1808.0 477.22 558.15 1006.45 1249.85
ynao_sd_19991212_0140_li 31 19 12 7 0 1155.07 1563.31 315.38 397.37 839.69 1165.94
ynao_sd_19991213_0200_ye 53 46 7 4 0 912.41 1460.54 494.76 763.26 417.65 697.28
ynao_sd_19991215_0350_ye 54 47 7 5 0 2719.48 4814.12 352.05 513.13 2367.43 4300.99
ynao_sd_19991216_0100_ye 88 73 15 9 0 3920.85 4566.63 674.07 888.0 3246.78 3678.63
ynao_sd_19991217_0535_li 77 56 21 10 0 4373.95 5919.48 837.34 1011.46 3536.61 4908.02
ynao_sd_19991218_0240_li 59 42 17 11 0 3849.78 7901.93 524.71 743.15 3325.07 7158.78
ynao_sd_19991222_0150_li 75 39 36 16 0 5291.77 6155.42 860.11 1010.01 4431.66 5145.41
ynao_sd_19991223_0140_li 73 50 23 11 0 3781.92 4345.08 844.29 1031.07 2937.63 3314.01
ynao_sd_19991224_0200_li 62 42 20 6 0 3478.92 4175.11 772.76 1006.23 2706.16 3168.88
ynao_sd_19991225_0205_li 71 47 24 7 0 2903.96 3826.86 700.5 1009.19 2203.46 2817.67
ynao_sd_19991226_0210_li 47 33 14 8 0 2486.6 3814.07 592.09 1005.87 1894.51 2808.2
ynao_sd_19991227_0135_ye 70 54 16 9 0 2456.24 4131.3 796.57 1283.69 1659.67 2847.61
ynao_sd_19991228_0130_ye 61 47 14 8 0 1981.7 3846.6 640.25 1177.03 1341.45 2669.57
ynao_sd_19991229_0220_ye 40 32 8 5 0 1503.5 3305.37 418.14 886.51 1085.36 2418.86
ynao_sd_19991230_0150_ye 38 26 12 4 0 1134.58 2158.33 309.52 471.26 825.06 1687.07
ynao_sd_19991231_0145_ye 32 26 6 4 0 809.21 1197.96 275.78 402.29 533.43 795.67
