ynao_sd_20000101_0155_ye 38 29 9 3 0 986.42 1339.27 343.56 482.95 642.86 856.32 0
ynao_sd_20000102_0140_ye 58 49 9 4 0 1103.6 1398.54 429.94 561.8 673.66 836.74 0
ynao_sd_20000103_0130_li 38 31 7 4 0 933.65 1111.95 314.95 369.15 618.7 742.8 0
ynao_sd_20000104_0140_li 31 23 8 5 0 877.93 1036.1 268.71 311.3 609.22 724.8 0
ynao_sd_20000105_0115_li 40 33 7 5 0 815.5 1037.72 329.8 426.76 485.7 610.96 0
ynao_sd_20000106_0120_li 37 32 5 3 0 690.49 937.98 323.25 499.8 367.24 438.18 0
ynao_sd_20000108_0115_li 25 21 4 5 0 436.86 806.53 173.96 260.5 262.9 546.03 0
ynao_sd_20000109_0150_li 24 21 3 2 0 368.81 608.8 173.95 287.7 194.86 321.1 0
ynao_sd_20000110_0130_ye 50 44 6 6 0 787.54 1587.07 339.77 723.47 447.77 863.6 0
ynao_sd_20000111_0115_ye 71 67 4 2 0 1010.57 1686.2 644.44 1068.69 366.13 617.51 0
ynao_sd_20000112_0125_ye 127 116 11 9 0 1600.87 2326.71 977.45 1381.46 623.42 945.25 0
ynao_sd_20000113_0120_ye 238 217 21 12 0 2487.97 3175.86 1607.16 2020.86 880.81 1155.0 0
ynao_sd_20000114_0125_ye 204 172 32 13 0 3049.63 4059.49 1425.44 1821.37 1624.19 2238.12 0
ynao_sd_20000115_0125_ye 186 158 28 14 0 2879.16 3839.93 1397.83 1786.4 1481.33 2053.53 0
ynao_sd_20000116_0130_ye 161 132 29 18 1 3030.46 3958.34 1345.45 1762.13 1685.01 2196.21 96.62
ynao_sd_20000117_0125_ye 180 150 30 15 0 3123.94 3783.92 1371.87 1705.61 1752.07 2078.31 0
ynao_sd_20000118_0135_ye 125 101 24 11 0 2533.86 3109.79 1070.64 1377.79 1463.22 1732.0 0
ynao_sd_20000119_0720_li 93 81 12 8 0 1592.87 1964.57 708.3 931.2 884.57 1033.37 0
ynao_sd_20000121_0410_li 56 45 11 6 0 1584.86 2212.62 450.55 579.89 1134.31 1632.73 0
ynao_sd_20000122_0150_li 54 46 8 5 0 1298.82 2138.24 450.63 645.32 848.19 1492.92 0
ynao_sd_20000123_0140_li 35 30 5 3 0 685.43 1024.26 314.82 456.77 370.61 567.49 0
ynao_sd_20000124_0140_li 39 35 4 3 0 671.91 1013.45 293.16 387.03 378.75 626.42 0
ynao_sd_20000125_0720_li 39 35 4 4 0 713.93 1000.34 309.46 445.5 404.47 554.84 0
ynao_sd_20000128_0120_ye 50 40 10 8 0 1211.74 1845.91 406.97 583.01 804.77 1262.9 0
ynao_sd_20000129_0120_ye 49 43 6 5 0 875.25 1402.07 417.32 767.24 457.93 634.83 0
ynao_sd_20000203_0115_ye 49 43 6 5 0 1375.73 4084.36 395.79 609.0 979.94 3475.36 0
ynao_sd_20000204_0210_li 38 32 6 6 1 2768.23 7447.61 341.17 572.86 2427.06 6874.75 111.63
ynao_sd_20000205_0135_ye 76 67 9 5 0 937.54 1597.98 624.99 1134.97 312.55 463.01 0
ynao_sd_20000206_0120_ye 72 62 10 6 0 2166.23 3090.36 561.69 813.53 1604.54 2276.83 0
ynao_sd_20000207_0135_ye 110 91 19 11 0 2846.8 3843.19 805.7 1201.18 2041.1 2642.01 0
ynao_sd_20000209_0135_ye 111 100 11 7 0 3277.77 4422.03 994.78 1406.24 2282.99 3015.79 0
ynao_sd_20000210_0120_ye 84 74 10 7 0 1525.87 2488.89 683.66 1019.36 842.21 1469.53 0
ynao_sd_20000211_0120_ye 84 76 8 6 0 1248.17 1905.34 700.57 1097.32 547.6 808.02 0
ynao_sd_20000212_0050_ye 65 51 14 10 0 2123.76 2806.78 562.02 790.51 1561.74 2016.27 0
ynao_sd_20000213_0140_li 43 39 4 5 0 3824.76 7085.26 425.88 621.83 3398.88 6463.43 0
ynao_sd_20000214_0040_li 61 59 2 2 0 953.77 1229.07 600.46 815.19 353.31 413.88 0
ynao_sd_20000215_0055_li 37 33 4 4 0 1654.9 2133.22 356.79 541.04 1298.11 1592.18 0
ynao_sd_20000216_0050_li 54 51 3 5 0 1833.73 2724.86 471.61 656.82 1362.12 2068.04 0
ynao_sd_20000217_0045_li 57 51 6 7 0 3787.93 5187.98 491.06 690.36 3296.87 4497.62 0
ynao_sd_20000218_0050_li 50 42 8 5 0 2242.28 4828.25 717.52 1149.09 1524.76 3679.16 0
ynao_sd_20000219_0045_ye 41 33 8 4 0 731.08 1220.22 379.72 594.89 351.36 625.33 0
ynao_sd_20000220_0140_li 49 37 12 7 0 1275.64 1905.81 411.65 580.03 863.99 1325.78 0
ynao_sd_20000221_0045_ye 68 52 16 7 0 1902.78 3214.44 739.44 1301.58 1163.34 1912.86 0
ynao_sd_20000222_0045_ye 75 63 12 6 0 1598.37 3058.06 790.08 1543.55 808.29 1514.51 0
ynao_sd_20000223_0040_ye 70 59 11 5 0 1774.18 2880.64 809.15 1461.17 965.03 1419.47 0
ynao_sd_20000224_0040_ye 78 61 17 8 0 2162.59 3136.78 800.38 1145.13 1362.21 1991.65 0
ynao_sd_20000225_0130_ye 64 44 20 14 0 2603.21 4294.11 803.63 1687.27 1799.58 2606.84 0
ynao_sd_20000228_0140_li 77 46 31 15 0 5049.56 6371.2 895.3 1190.9 4154.26 5180.3 0
ynao_sd_20000301_0250_li 95 64 31 11 0 5339.92 6406.89 1204.64 1715.33 4135.28 4691.56 0
ynao_sd_20000302_0850_li 95 74 21 9 0 4140.6 5190.35 1006.36 1363.75 3134.24 3826.6 0
ynao_sd_20000303_0610_li 80 58 22 10 0 4315.85 6882.13 811.78 1165.28 3504.07 5716.85 0
ynao_sd_20000304_0130_li 76 58 18 10 0 2742.81 3615.37 712.04 926.46 2030.77 2688.91 0
ynao_sd_20000305_0200_li 82 65 17 11 0 2251.86 2946.28 738.2 1037.33 1513.66 1908.95 0
ynao_sd_20000306_0120_li 80 67 13 8 0 2339.9 3072.77 864.38 1161.38 1475.52 1911.39 0
ynao_sd_20000307_0055_li 81 64 17 8 0 2512.61 3376.25 796.44 1112.0 1716.17 2264.25 0
ynao_sd_20000308_0120_li 104 87 17 8 0 3427.72 5632.08 847.6 1181.46 2580.12 4450.62 0
ynao_sd_20000309_0220_li 127 110 17 8 0 4089.0 5899.36 1034.15 1473.29 3054.85 4426.07 0
ynao_sd_20000310_0130_ye 93 78 15 6 0 3740.43 6323.68 899.42 1225.47 2841.01 5098.21 0
ynao_sd_20000311_0310_ye 86 67 19 8 0 4976.82 6685.47 936.15 1383.13 4040.67 5302.34 0
ynao_sd_20000312_0150_ye 94 65 29 9 0 4417.82 5588.53 850.9 1168.37 3566.92 4420.16 0
ynao_sd_20000313_0430_ye 148 118 30 11 0 3651.75 5099.47 1310.15 1761.28 2341.6 3338.19 0
ynao_sd_20000314_0040_ye 95 71 24 9 0 3050.87 4209.82 955.61 1450.99 2095.26 2758.83 0
ynao_sd_20000315_0040_ye 109 80 29 5 0 3266.53 3784.92 986.07 1180.18 2280.46 2604.74 0
ynao_sd_20000316_0045_ye 124 105 19 7 0 2375.48 2775.71 1098.33 1309.25 1277.15 1466.46 0
ynao_sd_20000317_0050_ye 94 67 27 12 0 3734.86 6876.48 827.32 1097.54 2907.54 5778.94 0
ynao_sd_20000318_0030_ye 105 80 25 14 0 2733.96 4110.43 922.27 1317.61 1811.69 2792.82 0
ynao_sd_20000319_0130_ye 124 94 30 17 0 3114.35 4517.64 1010.53 1393.36 2103.82 3124.28 0
ynao_sd_20000320_0100_ye 176 138 38 17 0 4692.57 6688.41 1349.56 1787.18 3343.01 4901.23 0
ynao_sd_20000321_0100_ye 183 144 39 17 0 4178.24 5481.34 1606.36 2170.7 2571.88 3310.64 0
ynao_sd_20000322_0055_ye 147 104 43 18 0 4558.36 6696.65 1364.49 1945.65 3193.87 4751.0 0
ynao_sd_20000323_0055_ye 158 121 37 20 0 3768.55 6110.43 1330.79 1990.91 2437.76 4119.52 0
ynao_sd_20000324_0110_ye 160 129 31 22 0 3453.39 5714.8 1352.51 2012.48 2100.88 3702.32 0
ynao_sd_20000325_0225_ye 124 93 31 19 0 3237.58 4530.3 847.26 1365.35 2390.32 3164.95 0
ynao_sd_20000327_0630_li 106 87 19 14 0 3392.39 4308.66 865.55 1155.59 2526.84 3153.07 0
ynao_sd_20000401_0200_li 114 91 23 12 0 1998.18 2600.26 924.18 1226.4 1074.0 1373.86 0
ynao_sd_20000402_0200_li 149 123 26 15 0 2078.84 2711.64 969.27 1206.01 1109.57 1505.63 0
ynao_sd_20000403_0120_li 113 93 20 13 0 1975.31 2732.55 945.71 1304.53 1029.6 1428.02 0
ynao_sd_20000404_0100_ye 114 95 19 15 0 2219.54 3443.64 990.59 1425.7 1228.95 2017.94 0
ynao_sd_20000405_0200_ye 106 81 25 14 0 1971.94 3302.07 840.87 1380.28 1131.07 1921.79 0
ynao_sd_20000409_0140_ye 89 73 16 9 0 2240.31 3438.83 710.89 1005.14 1529.42 2433.69 0
ynao_sd_20000410_0510_li 64 57 7 5 0 982.96 1244.74 442.34 574.61 540.62 670.13 0
ynao_sd_20000413_0210_li 61 43 18 10 1 2989.63 3583.36 478.71 627.15 2510.92 2956.21 24.58
ynao_sd_20000414_0120_li 48 32 16 9 0 1359.35 1783.15 379.72 581.85 979.63 1201.3 0
ynao_sd_20000416_0150_li 49 43 6 5 0 1143.11 1323.52 389.25 459.53 753.86 863.99 0
ynao_sd_20000417_0520_li 47 42 5 4 0 2270.91 2918.9 450.28 659.23 1820.63 2259.67 0
ynao_sd_20000418_0045_ye 59 51 8 7 0 1442.1 1781.87 565.2 730.18 876.9 1051.69 0
ynao_sd_20000419_0050_ye 50 35 15 9 0 3435.49 6818.63 573.26 948.59 2862.23 5870.04 0
ynao_sd_20000420_0050_ye 78 63 15 9 0 1381.68 1952.36 543.62 746.75 838.06 1205.61 0
ynao_sd_20000421_0050_ye 82 65 17 12 0 2171.08 4714.75 626.24 1127.82 1544.84 3586.93 0
ynao_sd_20000422_0135_ye 99 73 26 13 0 3512.64 7221.33 977.58 1866.14 2535.06 5355.19 0
ynao_sd_20000423_0030_ye 121 79 42 12 0 4536.95 7132.33 1170.33 1755.0 3366.62 5377.33 0
ynao_sd_20000424_0200_li 109 72 37 17 0 5011.38 6608.98 1126.72 1478.91 3884.66 5130.07 0
ynao_sd_20000425_0130_li 120 81 39 17 0 5081.32 6141.56 1141.81 1395.44 3939.51 4746.12 0
ynao_sd_20000426_0055_li 104 78 26 12 0 4666.97 5389.68 1030.97 1231.11 3636.0 4158.57 0
ynao_sd_20000427_0710_li 76 57 19 7 0 4057.77 4534.26 906.56 1214.68 3151.21 3319.58 0
ynao_sd_20000428_0050_li 83 61 22 8 0 3707.07 4155.45 820.04 1034.86 2887.03 3120.59 0
ynao_sd_20000429_0420_li 84 65 19 7 0 4082.05 4874.17 864.31 1063.64 3217.74 3810.53 0
ynao_sd_20000430_0100_li 46 33 13 5 0 2667.84 3466.17 546.77 747.93 2121.07 2718.24 0
ynao_sd_20000501_0140_ye 67 54 13 8 0 3873.95 5611.06 835.67 1202.43 3038.28 4408.63 0
ynao_sd_20000502_0510_ye 26 20 6 5 0 1255.81 2524.38 382.46 684.14 873.35 1840.24 0
ynao_sd_20000504_0415_ye 39 38 1 0 0 235.34 349.68 240.15 354.63 -4.81 -4.95 0
ynao_sd_20000505_0345_ye 30 30 0 0 0 217.24 457.56 217.24 457.56 0 0 0
ynao_sd_20000506_0240_li 17 17 0 0 0 139.4 178.04 139.4 178.04 0 0 0
ynao_sd_20000507_0310_li 32 32 0 0 0 192.73 233.5 192.73 233.5 0 0 0
ynao_sd_20000508_0040_li 39 37 2 1 0 297.49 406.89 249.7 345.55 47.79 61.34 0
ynao_sd_20000509_0150_ye 72 63 9 3 0 865.61 1127.65 520.73 725.38 344.88 402.27 0
ynao_sd_20000510_0110_ye 56 51 5 3 0 942.37 1373.29 498.97 685.76 443.4 687.53 0
ynao_sd_20000511_0045_ye 103 92 11 7 0 1701.28 2023.08 868.08 1024.11 833.2 998.97 0
ynao_sd_20000512_0715_ye 70 44 26 10 0 2793.44 4150.3 852.67 1509.89 1940.77 2640.41 0
ynao_sd_20000513_0140_ye 124 89 35 12 0 4001.74 6859.76 1169.44 1864.22 2832.3 4995.54 0
ynao_sd_20000514_0140_ye 152 115 37 16 0 3892.76 6236.95 1318.26 2133.36 2574.5 4103.59 0
ynao_sd_20000515_0340_li 109 84 25 16 0 3913.75 6392.47 1135.29 1862.38 2778.46 4530.09 0
ynao_sd_20000516_0310_li 137 105 32 12 0 4296.99 6380.72 1276.05 2060.07 3020.94 4320.65 0
ynao_sd_20000521_0205_li 153 123 30 18 0 5233.73 6134.5 1307.41 1535.26 3926.32 4599.24 0
ynao_sd_20000522_0640_ye 80 48 32 14 0 3746.23 4545.05 931.62 1130.69 2814.61 3414.36 0
ynao_sd_20000526_0455_ye 32 25 7 7 0 1328.24 2591.25 388.43 731.85 939.81 1859.4 0
ynao_sd_20000527_0400_ye 84 71 13 5 0 1933.63 3031.43 842.36 1434.99 1091.27 1596.44 0
ynao_sd_20000528_0145_ye 89 69 20 7 0 2219.34 3036.55 822.44 1146.19 1396.9 1890.36 0
ynao_sd_20000529_0100_li 81 63 18 10 0 4542.56 7463.99 638.2 903.97 3904.36 6560.02 0
ynao_sd_20000530_0120_li 54 45 9 2 0 1681.17 1888.22 536.17 700.84 1145.0 1187.38 0
ynao_sd_20000531_0355_li 66 57 9 2 0 1885.55 2088.86 661.43 833.58 1224.12 1255.28 0
ynao_sd_20000601_0120_li 68 62 6 2 0 1616.9 1812.81 551.74 687.52 1065.16 1125.29 0
ynao_sd_20000602_0240_li 42 32 10 4 0 2825.81 6112.08 399.63 607.05 2426.18 5505.03 0
ynao_sd_20000603_0200_li 57 47 10 5 0 1905.5 3084.28 554.33 847.63 1351.17 2236.65 0
ynao_sd_20000604_0155_li 56 44 12 6 0 2627.18 4262.3 518.83 769.39 2108.35 3492.91 0
ynao_sd_20000605_0100_ye 69 48 21 6 0 3996.05 5830.77 768.25 1120.87 3227.8 4709.9 0
ynao_sd_20000606_0410_ye 87 64 23 11 0 3278.37 4924.05 796.92 1284.34 2481.45 3639.71 0
ynao_sd_20000607_0055_ye 74 57 17 9 0 2183.29 3064.03 824.46 1227.36 1358.83 1836.67 0
ynao_sd_20000608_0605_ye 108 91 17 8 0 2120.23 3177.05 963.64 1659.13 1156.59 1517.92 0
ynao_sd_20000609_0525_ye 69 51 18 11 0 2294.03 3146.43 704.38 970.25 1589.65 2176.18 0
ynao_sd_20000616_0800_li 95 68 27 14 0 4410.82 8853.76 742.0 1220.37 3668.82 7633.39 0
ynao_sd_20000617_0120_li 81 57 24 8 0 2343.31 3423.5 834.64 1440.87 1508.67 1982.63 0
ynao_sd_20000619_0430_ye 117 96 21 9 0 2355.64 2889.03 854.63 1035.11 1501.01 1853.92 0
ynao_sd_20000620_0800_ye 122 110 12 9 0 2062.83 2754.77 991.82 1278.86 1071.01 1475.91 0
ynao_sd_20000625_0140_ye 60 50 10 8 0 1829.08 2419.12 726.62 913.94 1102.46 1505.18 0
ynao_sd_20000627_0410_li 90 72 18 10 0 2643.85 3608.9 790.63 1148.32 1853.22 2460.58 0
ynao_sd_20000628_0230_li 90 68 22 10 0 2771.32 3648.54 674.42 930.88 2096.9 2717.66 0
ynao_sd_20000629_0510_li 62 51 11 9 0 2214.86 2645.37 537.88 689.35 1676.98 1956.02 0
ynao_sd_20000630_0740_li 65 51 14 9 0 2193.17 3124.51 636.37 1000.2 1556.8 2124.31 0
ynao_sd_20000701_0150_li 72 54 18 12 0 5851.55 12675.44 669.08 1083.16 5182.47 11592.28 0
ynao_sd_20000702_0420_li 63 51 12 10 0 5202.87 10468.15 596.19 1142.84 4606.68 9325.31 0
ynao_sd_20000705_0035_ye 94 79 15 9 0 1912.25 2416.56 854.16 1094.48 1058.09 1322.08 0
ynao_sd_20000706_0250_ye 135 115 20 12 0 3278.0 3848.72 1112.2 1371.96 2165.8 2476.76 0
ynao_sd_20000707_0110_ye 124 112 12 8 0 2175.85 2573.92 933.17 1218.69 1242.68 1355.23 0
ynao_sd_20000709_0450_ye 116 87 29 20 0 2984.06 4651.33 1072.12 1636.64 1911.94 3014.69 0
ynao_sd_20000712_0330_li 141 101 40 20 0 5563.01 8425.53 1128.32 1802.72 4434.69 6622.81 0
ynao_sd_20000713_0620_li 122 84 38 15 0 3367.32 5493.06 946.66 1524.72 2420.66 3968.34 0
ynao_sd_20000715_0200_li 128 107 21 10 0 2223.35 2846.45 913.86 1152.58 1309.49 1693.87 0
ynao_sd_20000717_0050_ye 212 171 41 17 0 4950.94 6560.66 1773.25 2447.27 3177.69 4113.39 0
ynao_sd_20000719_0345_ye 162 120 42 22 0 3937.28 5665.23 1377.89 1901.83 2559.39 3763.4 0
ynao_sd_20000720_0605_ye 183 133 50 23 0 4800.8 6589.94 1771.97 2380.65 3028.83 4209.29 0
ynao_sd_20000722_0650_ye 181 138 43 21 0 4686.91 5765.15 1680.55 2141.04 3006.36 3624.11 0
ynao_sd_20000723_0430_ye 197 156 41 20 0 4532.21 5823.16 1706.38 2343.34 2825.83 3479.82 0
ynao_sd_20000724_0200_li 133 108 25 16 0 3366.66 4464.72 1028.1 1424.53 2338.56 3040.19 0
ynao_sd_20000725_0115_ye 182 145 37 20 0 3636.86 4903.01 1496.01 2143.36 2140.85 2759.65 0
ynao_sd_20000726_0200_ye 117 96 21 12 0 2610.5 3596.25 1093.62 1709.95 1516.88 1886.3 0
ynao_sd_20000727_0035_ye 82 70 12 9 0 1914.62 2882.75 816.91 1229.14 1097.71 1653.61 0
ynao_sd_20000728_0205_ye 106 96 10 7 0 1578.25 2625.21 809.9 1309.02 768.35 1316.19 0
ynao_sd_20000729_0140_ye 52 41 11 8 0 1232.84 1980.63 472.79 755.64 760.05 1224.99 0
ynao_sd_20000730_0215_ye 50 40 10 8 0 1395.78 2267.15 571.32 1042.16 824.46 1224.99 0
ynao_sd_20000731_0150_li 39 29 10 7 0 2401.78 3164.46 307.7 476.99 2094.08 2687.47 0
ynao_sd_20000801_0115_li 44 38 6 6 0 1032.67 1432.87 400.6 617.57 632.07 815.3 0
ynao_sd_20000802_0250_li 48 41 7 5 0 870.14 1132.83 378.64 539.82 491.5 593.01 0
ynao_sd_20000804_0450_li 29 20 9 7 0 2048.66 5782.4 285.06 560.1 1763.6 5222.3 0
ynao_sd_20000805_0605_li 74 63 11 6 0 994.18 1454.08 485.35 684.7 508.83 769.38 0
ynao_sd_20000806_0320_li 53 41 12 8 0 2723.59 5284.98 435.5 559.91 2288.09 4725.07 0
ynao_sd_20000807_0140_ye 96 87 9 6 0 1497.58 1954.6 874.08 1181.35 623.5 773.25 0
ynao_sd_20000808_0240_ye 81 71 10 9 0 1611.64 1889.03 700.81 831.87 910.83 1057.16 0
ynao_sd_20000809_0320_ye 67 55 12 5 0 1432.08 1725.35 659.71 897.29 772.37 828.06 0
ynao_sd_20000810_0040_ye 66 55 11 8 0 1949.93 2434.27 769.1 1105.63 1180.83 1328.64 0
ynao_sd_20000811_0300_ye 66 57 9 6 0 1761.54 2281.43 710.78 1065.82 1050.76 1215.61 0
ynao_sd_20000812_0200_ye 83 74 9 6 1 1694.78 2368.34 831.67 1276.01 863.11 1092.33 43.93
ynao_sd_20000813_0130_ye 70 62 8 6 0 1204.78 2101.29 653.95 1142.48 550.83 958.81 0
ynao_sd_20000814_0200_li 115 103 12 11 0 5098.83 11084.96 727.04 1102.02 4371.79 9982.94 0
ynao_sd_20000815_0220_li 124 110 14 10 0 3027.36 3660.71 817.84 1153.15 2209.52 2507.56 0
ynao_sd_20000816_0120_ye 179 165 14 11 0 2277.67 2794.76 1348.47 1558.3 929.2 1236.46 0
ynao_sd_20000817_0115_li 133 124 9 8 0 1720.84 2028.98 891.8 1042.84 829.04 986.14 0
ynao_sd_20000820_0220_li 66 61 5 3 0 924.89 1246.76 485.35 753.08 439.54 493.68 0
ynao_sd_20000821_0220_ye 47 38 9 5 0 1043.73 1371.08 413.35 602.33 630.38 768.75 0
ynao_sd_20000822_0445_ye 25 21 4 3 0 808.38 1116.54 311.82 527.38 496.56 589.16 0
ynao_sd_20000823_0040_ye 52 44 8 5 0 928.94 1179.97 450.62 603.23 478.32 576.74 0
ynao_sd_20000824_0055_ye 38 32 6 4 0 765.15 1234.13 340.85 632.88 424.3 601.25 0
ynao_sd_20000825_0140_ye 28 24 4 5 0 761.44 1510.27 318.76 644.17 442.68 866.1 0
ynao_sd_20000826_0210_ye 53 47 6 4 0 866.44 1308.1 483.71 648.65 382.73 659.45 0
ynao_sd_20000828_0710_li 70 58 12 8 0 1363.45 2190.85 570.61 981.93 792.84 1208.92 0
ynao_sd_20000831_0800_li 83 63 20 12 0 1518.09 2020.0 581.57 807.32 936.52 1212.68 0
ynao_sd_20000901_0830_li 74 60 14 9 0 2691.17 3272.05 549.55 775.57 2141.62 2496.48 0
ynao_sd_20000902_0705_li 64 56 8 4 0 1280.74 1510.6 608.88 825.35 671.86 685.25 0
ynao_sd_20000903_0210_li 70 60 10 8 0 1164.18 1345.47 513.0 667.75 651.18 677.72 0
ynao_sd_20000904_0100_ye 116 101 15 7 0 1384.99 1581.14 809.93 968.81 575.06 612.33 0
ynao_sd_20000905_0550_ye 127 113 14 6 0 1861.85 2140.93 1044.38 1229.85 817.47 911.08 0
ynao_sd_20000906_0115_ye 96 79 17 11 0 2203.24 2599.98 939.0 1131.83 1264.24 1468.15 0
ynao_sd_20000907_0100_ye 76 63 13 11 0 1768.03 2528.6 758.53 1200.65 1009.5 1327.95 0
ynao_sd_20000909_0045_ye 53 45 8 5 0 878.7 1661.78 455.07 843.67 423.63 818.11 0
ynao_sd_20000910_0320_ye 33 30 3 3 0 380.72 780.68 241.26 417.59 139.46 363.09 0
ynao_sd_20000912_0040_li 26 26 0 0 0 150.04 192.06 150.04 192.06 0 0 0
ynao_sd_20000913_0250_li 21 15 6 4 0 3172.99 3749.47 148.71 181.71 3024.28 3567.76 0
ynao_sd_20000914_0300_li 30 28 2 1 0 1331.09 1565.02 242.54 339.91 1088.55 1225.11 0
ynao_sd_20000915_0120_li 38 31 7 4 0 1350.98 1888.79 367.44 702.51 983.54 1186.28 0
ynao_sd_20000916_0300_li 63 51 12 7 0 1149.52 1528.62 505.11 766.2 644.41 762.42 0
ynao_sd_20000917_0210_li 73 64 9 8 0 2494.69 6069.08 697.35 1080.95 1797.34 4988.13 0
ynao_sd_20000920_0055_ye 179 119 60 15 0 5290.69 7961.47 1473.07 2121.36 3817.62 5840.11 0
ynao_sd_20000921_0220_ye 214 169 45 13 0 5767.96 7296.27 1664.84 2170.52 4103.12 5125.75 0
ynao_sd_20000922_0130_ye 173 131 42 11 0 6107.21 6881.22 1897.24 2175.88 4209.97 4705.34 0
ynao_sd_20000923_0530_ye 215 173 42 20 0 5371.11 5811.34 1822.42 2023.89 3548.69 3787.45 0
ynao_sd_20000924_0140_ye 201 150 51 16 0 5437.13 5871.66 1817.77 2057.41 3619.36 3814.25 0
ynao_sd_20000925_0130_li 156 125 31 10 0 5052.63 5797.66 1308.57 1687.62 3744.06 4110.04 0
ynao_sd_20000926_0430_li 124 100 24 11 0 3672.3 4917.03 1037.05 1443.18 2635.25 3473.85 0
ynao_sd_20000927_0050_li 121 97 24 10 0 3072.64 4112.42 928.28 1445.68 2144.36 2666.74 0
ynao_sd_20000928_0220_li 124 104 20 9 0 3989.11 8587.61 951.12 1631.48 3037.99 6956.13 0
ynao_sd_20000929_0405_li 78 59 19 9 0 1637.6 2782.61 600.86 1032.48 1036.74 1750.13 0
ynao_sd_20000930_0140_li 88 74 14 9 0 1929.34 3025.84 658.37 1002.62 1270.97 2023.22 0
ynao_sd_20001001_0200_li 84 72 12 7 0 1867.01 2159.36 692.27 824.96 1174.74 1334.4 0
ynao_sd_20001002_0130_ye 113 97 16 9 0 2378.1 2817.81 985.84 1234.84 1392.26 1582.97 0
ynao_sd_20001003_0245_ye 146 125 21 12 0 2797.03 3715.26 1126.58 1513.38 1670.45 2201.88 0
ynao_sd_20001004_0215_ye 144 125 19 11 0 2404.88 3285.79 1069.12 1465.09 1335.76 1820.7 0
ynao_sd_20001005_0455_ye 123 110 13 9 0 2027.28 2858.05 1006.34 1432.76 1020.94 1425.29 0
ynao_sd_20001006_0135_ye 100 92 8 7 0 1542.04 2305.27 831.48 1205.17 710.56 1100.1 0
ynao_sd_20001007_0210_ye 60 50 10 6 0 1173.58 1801.03 497.94 772.14 675.64 1028.89 0
ynao_sd_20001008_0340_ye 54 48 6 7 0 1047.16 1788.72 436.22 697.71 610.94 1091.01 0
ynao_sd_20001009_0130_li 27 23 4 4 0 1690.12 4775.0 283.29 629.18 1406.83 4145.82 0
ynao_sd_20001010_0210_li 47 42 5 3 0 646.22 860.48 351.28 440.06 294.94 420.42 0
ynao_sd_20001011_0105_li 43 34 9 5 0 997.77 1303.28 346.59 445.05 651.18 858.23 0
ynao_sd_20001012_0120_li 56 46 10 7 0 1103.28 1667.94 423.36 626.13 679.92 1041.81 0
ynao_sd_20001015_0200_li 29 25 4 5 0 580.44 813.69 254.05 376.08 326.39 437.61 0
ynao_sd_20001019_0435_ye 85 83 2 2 0 711.17 977.0 582.64 802.5 128.53 174.5 0
ynao_sd_20001020_0300_ye 105 102 3 3 0 876.14 1032.76 641.19 743.35 234.95 289.41 0
ynao_sd_20001021_0140_li 112 109 3 4 0 1029.57 1157.65 733.99 806.9 295.58 350.75 0
ynao_sd_20001022_0150_li 82 71 11 6 0 1040.3 1154.84 549.81 608.81 490.49 546.03 0
ynao_sd_20001023_0200_li 64 54 10 9 0 872.39 1074.24 425.27 533.86 447.12 540.38 0
ynao_sd_20001024_0040_ye 73 65 8 5 0 895.68 1352.78 540.49 829.36 355.19 523.42 0
ynao_sd_20001025_0200_ye 40 32 8 8 0 606.04 1048.18 304.99 453.97 301.05 594.21 0
ynao_sd_20001027_0035_ye 50 47 3 4 0 694.17 1226.08 467.29 774.42 226.88 451.66 0
ynao_sd_20001028_0400_li 33 27 6 6 0 780.49 2181.48 403.78 1053.61 376.71 1127.87 0
ynao_sd_20001030_0045_ye 55 42 13 9 0 1174.33 1721.34 432.28 604.01 742.05 1117.33 0
ynao_sd_20001031_0150_ye 68 54 14 7 0 1625.92 2053.57 617.43 777.38 1008.49 1276.19 0
ynao_sd_20001101_0040_ye 76 62 14 7 0 1968.2 2269.49 782.86 918.76 1185.34 1350.73 0
ynao_sd_20001102_0040_ye 116 98 18 11 0 2110.36 2527.29 859.59 1050.86 1250.77 1476.43 0
ynao_sd_20001103_0040_ye 111 92 19 7 0 2349.49 2732.31 975.98 1145.06 1373.51 1587.25 0
ynao_sd_20001104_0040_ye 93 76 17 9 0 4545.13 5344.73 1011.56 1197.56 3533.57 4147.17 0
ynao_sd_20001105_0115_ye 102 87 15 9 0 2317.03 3006.94 862.2 1205.65 1454.83 1801.29 0
ynao_sd_20001106_0140_li 61 49 12 9 0 2755.9 5477.23 594.92 950.66 2160.98 4526.57 0
ynao_sd_20001107_0140_li 28 17 11 10 0 2219.71 3229.61 260.53 359.77 1959.18 2869.84 0
ynao_sd_20001108_0120_li 50 43 7 6 0 3365.89 7985.98 516.49 915.33 2849.4 7070.65 0
ynao_sd_20001109_0100_li 42 35 7 7 0 979.0 1341.23 325.73 454.7 653.27 886.53 0
ynao_sd_20001110_0200_li 29 22 7 6 0 1602.57 2999.09 344.87 608.06 1257.7 2391.03 0
ynao_sd_20001111_0105_li 38 32 6 8 0 3521.68 6547.69 323.36 480.21 3198.32 6067.48 0
ynao_sd_20001113_0130_ye 65 54 11 7 0 1242.31 1866.87 570.08 946.61 672.23 920.26 0
ynao_sd_20001114_0040_ye 56 45 11 8 0 1373.46 2082.23 532.05 926.62 841.41 1155.61 0
ynao_sd_20001115_0100_ye 81 68 13 7 0 1453.05 2217.43 617.58 1018.25 835.47 1199.18 0
ynao_sd_20001116_0100_ye 62 49 13 8 0 1092.43 1606.72 427.61 670.66 664.82 936.06 0
ynao_sd_20001117_0250_ye 86 67 19 11 0 1584.47 2282.5 667.08 936.1 917.39 1346.4 0
ynao_sd_20001118_0040_ye 102 85 17 13 0 1699.58 2633.22 841.22 1268.47 858.36 1364.75 0
ynao_sd_20001119_0145_ye 180 159 21 11 0 2210.9 3043.89 1249.18 1662.51 961.72 1381.38 0
ynao_sd_20001121_0310_li 71 60 11 7 0 2034.39 2548.35 681.28 823.29 1353.11 1725.06 0
ynao_sd_20001122_0140_li 78 65 13 10 0 3105.63 4191.63 579.69 868.55 2525.94 3323.08 0
ynao_sd_20001123_0130_li 56 46 10 7 0 1995.57 2942.95 589.31 879.18 1406.26 2063.77 0
ynao_sd_20001124_0120_li 54 44 10 7 0 1942.72 2808.91 553.98 783.6 1388.74 2025.31 0
ynao_sd_20001125_0140_li 35 24 11 7 0 3078.9 5053.05 464.26 733.48 2614.64 4319.57 0
ynao_sd_20001126_0140_li 54 39 15 4 0 2315.21 2795.15 519.94 685.54 1795.27 2109.61 0
ynao_sd_20001127_0100_ye 98 86 12 3 0 2420.97 3011.94 810.03 1037.77 1610.94 1974.17 0
ynao_sd_20001128_0100_ye 112 94 18 8 0 2562.92 3374.71 1008.34 1287.48 1554.58 2087.23 0
ynao_sd_20001130_0110_ye 97 86 11 8 0 1910.93 2566.45 804.82 1018.98 1106.11 1547.47 0
ynao_sd_20001201_0105_ye 108 96 12 7 0 1678.73 2061.23 764.84 990.86 913.89 1070.37 0
ynao_sd_20001202_0105_ye 92 84 8 7 0 1440.13 1788.98 685.08 868.86 755.05 920.12 0
ynao_sd_20001204_0205_li 30 25 5 3 0 566.42 1024.63 231.77 399.83 334.65 624.8 0
ynao_sd_20001205_0140_li 25 21 4 3 0 1226.51 2113.55 158.28 259.11 1068.23 1854.44 0
ynao_sd_20001206_0200_li 19 15 4 3 0 415.64 661.83 205.22 388.66 210.42 273.17 0
ynao_sd_20001207_0130_li 18 15 3 3 0 700.17 1137.43 177.12 272.63 523.05 864.8 0
ynao_sd_20001208_0305_li 30 25 5 3 0 502.56 795.08 248.44 536.29 254.12 258.79 0
ynao_sd_20001209_0140_li 28 26 2 1 0 420.51 591.58 237.01 404.45 183.5 187.13 0
ynao_sd_20001210_0140_li 24 21 3 2 0 417.36 755.27 225.44 512.8 191.92 242.47 0
ynao_sd_20001211_0150_ye 39 36 3 4 0 416.98 622.48 279.25 385.77 137.73 236.71 0
ynao_sd_20001212_0350_ye 69 67 2 3 0 607.02 826.12 488.21 650.35 118.81 175.77 0
ynao_sd_20001213_0450_ye 98 90 8 3 0 1064.63 1256.46 684.46 822.67 380.17 433.79 0
ynao_sd_20001215_0110_ye 199 183 16 9 0 3036.94 3862.34 1479.84 1830.76 1557.1 2031.58 0
ynao_sd_20001216_0110_ye 157 146 11 7 0 2806.3 3370.39 1198.16 1538.0 1608.14 1832.39 0
ynao_sd_20001217_0130_ye 133 121 12 9 0 1815.4 2311.9 1019.17 1352.92 796.23 958.98 0
ynao_sd_20001218_0140_li 60 53 7 6 0 1062.35 1470.4 497.82 774.89 564.53 695.51 0
ynao_sd_20001219_0230_li 53 46 7 6 0 1007.18 1675.86 424.55 801.1 582.63 874.76 0
ynao_sd_20001222_0130_li 68 57 11 8 0 2961.06 5616.21 650.19 998.84 2310.87 4617.37 0
ynao_sd_20001223_0410_li 46 35 11 7 0 1829.24 2359.29 453.79 580.07 1375.45 1779.22 0
ynao_sd_20001224_0340_li 58 44 14 9 0 1879.95 2338.28 471.35 617.41 1408.6 1720.87 0
ynao_sd_20001225_0300_ye 128 110 18 8 0 2301.21 2801.52 980.21 1233.73 1321.0 1567.79 0
ynao_sd_20001226_0540_ye 96 78 18 8 0 2056.21 2368.0 888.97 1043.25 1167.24 1324.75 0
ynao_sd_20001227_0130_ye 147 130 17 9 0 2273.33 2933.06 1098.45 1390.11 1174.88 1542.95 0
ynao_sd_20001228_0205_ye 122 98 24 10 0 2695.22 4082.0 985.01 1363.09 1710.21 2718.91 0
ynao_sd_20001229_0115_ye 96 78 18 11 0 2490.45 3598.56 849.1 1153.62 1641.35 2444.94 0
ynao_sd_20001230_0430_ye 101 76 25 10 0 2951.27 3864.71 1013.31 1290.69 1937.96 2574.02 0
