ynao_sd_20050103_0140_ye 22 21 1 2 0 222.18 235.6 167.29 180.0 54.89 55.6
ynao_sd_20050104_0150_ye 18 18 0 1 0 152.74 156.9 123.41 127.08 29.33 29.82
ynao_sd_20050105_0130_li 9 9 0 0 0 100.12 118.04 100.12 118.04 0 0
ynao_sd_20050106_0230_ye 10 10 0 0 0 91.64 118.76 91.64 118.76 0 0
ynao_sd_20050107_0135_ye 5 4 1 1 0 1570.41 2255.74 43.97 62.79 1526.44 2192.95
ynao_sd_20050108_0140_ye 1 1 0 0 0 9.37 44.29 9.37 44.29 0 0
ynao_sd_20050109_0140_ye 10 6 4 1 0 1510.77 3687.01 107.29 345.4 1403.48 3341.61
ynao_sd_20050110_0805_li 6 3 3 3 0 210.15 332.41 59.25 96.57 150.9 235.84
ynao_sd_20050111_0130_li 12 8 4 3 0 262.91 395.47 100.2 178.05 162.71 217.42
ynao_sd_20050112_0810_li 19 12 7 4 0 565.51 721.95 190.05 252.28 375.46 469.67
ynao_sd_20050113_0250_li 25 11 14 2 1 1874.37 2312.84 375.03 464.51 1499.34 1848.33
ynao_sd_20050117_0130_ye 49 27 22 4 0 3771.26 4202.67 833.52 947.35 2937.74 3255.32
ynao_sd_20050118_0140_ye 45 16 29 7 0 3468.0 4454.59 866.92 1121.26 2601.08 3333.33
ynao_sd_20050119_0130_ye 49 30 19 7 0 2639.06 3948.48 697.38 1014.04 1941.68 2934.44
ynao_sd_20050120_0140_ye 30 19 11 5 0 1605.29 3000.31 455.16 922.14 1150.13 2078.17
ynao_sd_20050121_0130_ye 35 29 6 3 0 1000.8 2403.02 450.58 1005.3 550.22 1397.72
ynao_sd_20050122_0220_ye 26 23 3 3 0 695.23 1104.36 249.69 367.36 445.54 737.0
ynao_sd_20050123_0140_ye 18 15 3 2 0 612.29 807.63 219.37 281.33 392.92 526.3
ynao_sd_20050124_0130_ye 5 4 1 2 0 1714.13 1912.54 57.9 115.68 1656.23 1796.86
ynao_sd_20050125_0130_ye 25 21 4 4 0 1482.87 2432.65 225.65 339.44 1257.22 2093.21
ynao_sd_20050126_0120_ye 17 13 4 3 0 359.37 428.74 143.7 184.93 215.67 243.81
ynao_sd_20050127_0130_ye 14 11 3 2 0 250.45 312.01 114.8 142.8 135.65 169.21
ynao_sd_20050128_0240_ye 10 9 1 1 0 127.39 184.79 73.03 84.62 54.36 100.17
ynao_sd_20050129_0200_ye 16 16 0 0 0 133.92 202.14 133.92 202.14 0 0
ynao_sd_20050130_0145_ye 18 15 3 1 0 316.49 369.86 159.67 191.51 156.82 178.35
ynao_sd_20050131_0140_ye 21 19 2 3 0 3535.74 3829.62 210.62 251.21 3325.12 3578.41
ynao_sd_20050201_0120_li 11 8 3 2 0 198.11 274.5 78.52 98.33 119.59 176.17
ynao_sd_20050202_0140_li 6 5 1 0 0 121.34 210.53 130.3 219.52 8.96 8.99
ynao_sd_20050203_0055_li 3 2 1 2 0 1272.72 4580.54 49.36 159.02 1223.36 4421.52
ynao_sd_20050204_0115_li 2 2 0 0 0 50.84 56.84 50.84 56.84 0 0
ynao_sd_20050205_0055_li 2 2 0 0 0 55.02 123.42 55.02 123.42 0 0
ynao_sd_20050206_0130_li 8 7 1 2 0 805.72 3299.1 64.03 169.24 741.69 3129.86
ynao_sd_20050207_0055_li 10 8 2 1 0 1356.09 3338.57 75.54 146.25 1280.55 3192.32
ynao_sd_20050208_0100_ye 17 16 1 1 0 179.78 237.09 127.15 174.82 52.63 62.27
ynao_sd_20050209_0130_ye 17 14 3 2 0 555.62 1177.2 236.92 562.58 318.7 614.62
ynao_sd_20050210_0100_ye 41 37 4 1 0 805.79 1314.01 430.86 729.8 374.93 584.21
ynao_sd_20050211_0130_ye 32 23 9 4 0 2357.81 4055.83 460.0 809.59 1897.81 3246.24
ynao_sd_20050212_0150_li 31 25 6 3 0 1340.86 1852.91 360.77 487.75 980.09 1365.16
ynao_sd_20050213_0100_ye 27 20 7 3 0 1599.72 1928.14 403.0 480.44 1196.72 1447.7
ynao_sd_20050214_0150_ye 33 24 9 3 0 1676.17 1861.51 462.08 528.0 1214.09 1333.51
ynao_sd_20050215_0230_ye 34 24 10 4 0 1454.78 1518.0 368.29 385.34 1086.49 1132.66
ynao_sd_20050216_0100_ye 49 41 8 4 0 1598.51 1776.45 455.81 597.92 1142.7 1178.53
ynao_sd_20050217_0110_ye 35 31 4 3 0 1252.91 1322.73 326.15 362.8 926.76 959.93
ynao_sd_20050218_0110_ye 27 20 7 3 0 2581.18 3688.51 365.99 441.14 2215.19 3247.37
ynao_sd_20050219_0155_ye 31 29 2 1 0 1029.13 1313.34 473.54 658.91 555.59 654.43
ynao_sd_20050220_0330_ye 23 21 2 2 0 1997.02 3724.45 306.27 538.14 1690.75 3186.31
ynao_sd_20050221_0100_li 14 12 2 2 0 571.01 1032.99 170.58 310.25 400.43 722.74
ynao_sd_20050222_0140_li 9 6 3 2 0 341.0 864.9 118.61 258.99 222.39 605.91
ynao_sd_20050223_0045_li 3 3 0 0 0 50.75 240.05 50.75 240.05 0 0
ynao_sd_20050224_0040_li 9 9 0 0 0 78.75 92.76 78.75 92.76 0 0
ynao_sd_20050225_0055_li 2 2 0 0 0 20.2 27.03 20.2 27.03 0 0
ynao_sd_20050226_0140_li 6 6 0 0 0 35.95 66.49 35.95 66.49 0 0
ynao_sd_20050227_0150_li 5 5 0 0 0 35.05 75.23 35.05 75.23 0 0
ynao_sd_20050228_0535_ye 2 2 0 0 0 15.22 16.0 15.22 16.0 0 0
ynao_sd_20050301_0300_ye 3 3 0 0 0 18.67 45.39 18.67 45.39 0 0
ynao_sd_20050305_0225_ye 0 0 0 0 0 0 0 0 0 0 0
ynao_sd_20050306_0445_ye 2 0 2 1 0 140.94 241.65 17.99 30.45 122.95 211.2
ynao_sd_20050307_0050_li 4 4 0 0 0 81.14 155.8 81.14 155.8 0 0
ynao_sd_20050308_0055_li 17 17 0 1 0 174.67 316.55 144.63 281.18 30.04 35.37
ynao_sd_20050309_0055_li 19 14 5 4 0 255.45 411.54 129.94 216.74 125.51 194.8
ynao_sd_20050310_0120_li 18 14 4 4 0 383.1 736.86 235.03 549.06 148.07 187.8
ynao_sd_20050311_0100_li 31 25 6 6 0 600.57 903.96 225.75 297.68 374.82 606.28
ynao_sd_20050312_0150_ye 33 26 7 4 0 773.31 982.52 289.71 360.98 483.6 621.54
ynao_sd_20050313_0525_ye 26 19 7 5 0 1004.68 1101.38 209.55 231.14 795.13 870.24
ynao_sd_20050314_0150_ye 31 22 9 6 0 1131.33 1233.93 343.11 383.99 788.22 849.94
ynao_sd_20050315_0245_ye 16 13 3 3 0 1025.31 1116.45 266.0 313.42 759.31 803.03
ynao_sd_20050316_0045_ye 22 17 5 3 0 945.92 1074.24 340.57 384.05 605.35 690.19
ynao_sd_20050317_0055_ye 21 16 5 2 0 1045.12 1313.7 319.22 398.21 725.9 915.49
ynao_sd_20050318_0055_ye 20 15 5 3 0 1911.41 2616.42 327.56 457.4 1583.85 2159.02
ynao_sd_20050319_0130_ye 17 14 3 2 0 690.46 1053.18 238.28 441.43 452.18 611.75
ynao_sd_20050320_0140_ye 17 15 2 3 0 579.21 914.1 239.17 353.28 340.04 560.82
ynao_sd_20050321_0100_li 19 17 2 2 0 299.95 596.82 138.61 222.65 161.34 374.17
ynao_sd_20050322_0050_li 19 19 0 0 0 235.29 527.18 235.29 527.18 0 0
ynao_sd_20050323_0300_li 21 19 2 2 0 204.76 269.92 132.94 183.55 71.82 86.37
ynao_sd_20050326_0200_li 15 13 2 1 0 226.82 246.55 113.22 127.06 113.6 119.49
ynao_sd_20050327_0140_li 11 8 3 1 0 184.59 212.37 81.14 99.26 103.45 113.11
ynao_sd_20050328_0030_ye 9 9 0 0 0 211.59 330.55 211.59 330.55 0 0
ynao_sd_20050329_0035_ye 15 15 0 0 0 104.12 190.8 104.12 190.8 0 0
ynao_sd_20050330_0030_ye 12 11 1 0 0 84.84 174.04 93.14 198.07 8.3 24.03
ynao_sd_20050331_0040_ye 12 12 0 0 0 95.58 218.92 95.58 218.92 0 0
ynao_sd_20050401_0045_ye 4 4 0 0 0 44.03 104.09 44.03 104.09 0 0
ynao_sd_20050402_0200_ye 5 5 0 0 0 65.77 90.34 65.77 90.34 0 0
ynao_sd_20050405_0140_li 15 14 1 1 0 183.16 225.67 135.15 170.34 48.01 55.33
ynao_sd_20050406_0040_ye 11 10 1 1 0 1761.94 5634.58 272.82 646.96 1489.12 4987.62
ynao_sd_20050407_0045_ye 16 14 2 2 0 2873.44 4604.99 156.21 289.79 2717.23 4315.2
ynao_sd_20050408_0055_ye 17 15 2 1 0 329.19 557.28 189.77 343.85 139.42 213.43
ynao_sd_20050411_0045_ye 12 11 1 1 0 222.94 243.55 111.18 130.19 111.76 113.36
ynao_sd_20050412_0035_ye 17 16 1 1 0 216.48 316.62 135.0 235.04 81.48 81.58
ynao_sd_20050413_0435_ye 15 13 2 2 0 245.53 390.22 132.47 199.52 113.06 190.7
ynao_sd_20050414_0030_ye 29 27 2 2 0 310.53 418.51 227.23 287.21 83.3 131.3
ynao_sd_20050415_0115_ye 20 18 2 1 0 419.14 538.64 288.48 376.42 130.66 162.22
ynao_sd_20050416_0140_ye 27 24 3 1 0 545.64 634.33 270.26 335.15 275.38 299.18
ynao_sd_20050418_0030_ye 29 26 3 1 0 466.18 692.29 251.89 475.97 214.29 216.32
ynao_sd_20050419_0035_ye 22 19 3 1 0 438.07 538.04 195.6 282.92 242.47 255.12
ynao_sd_20050420_0210_ye 22 20 2 1 0 338.17 398.13 211.81 250.07 126.36 148.06
ynao_sd_20050421_0055_ye 12 11 1 1 0 224.63 292.63 129.94 163.45 94.69 129.18
ynao_sd_20050422_0030_ye 9 8 1 1 0 161.49 270.79 63.94 97.34 97.55 173.45
ynao_sd_20050425_0110_ye 3 2 1 1 0 161.76 710.54 63.95 231.36 97.81 479.18
ynao_sd_20050426_0325_ye 6 5 1 1 0 370.67 858.1 131.84 300.28 238.83 557.82
ynao_sd_20050427_0040_ye 9 5 4 2 0 741.38 1236.52 197.32 323.07 544.06 913.45
ynao_sd_20050428_0110_ye 25 15 10 2 0 1658.96 2119.95 418.73 526.9 1240.23 1593.05
ynao_sd_20050429_0040_ye 27 14 13 1 0 1927.73 2159.32 438.92 487.58 1488.81 1671.74
ynao_sd_20050430_0025_ye 31 18 13 1 1 2213.38 2292.19 488.02 505.89 1725.36 1786.3
ynao_sd_20050509_0025_ye 64 60 4 5 0 1678.44 3778.05 586.23 839.52 1092.21 2938.53
ynao_sd_20050510_0035_ye 51 44 7 6 0 1391.35 1937.7 566.28 726.89 825.07 1210.81
ynao_sd_20050511_0030_ye 62 50 12 7 0 1770.26 2448.47 728.28 1043.71 1041.98 1404.76
ynao_sd_20050512_0030_ye 58 44 14 10 0 4486.56 5804.42 714.42 1143.16 3772.14 4661.26
ynao_sd_20050513_0030_ye 58 48 10 5 0 1815.81 2987.61 793.59 1237.28 1022.22 1750.33
ynao_sd_20050516_0030_ye 34 30 4 3 0 2363.62 2573.76 466.38 537.91 1897.24 2035.85
ynao_sd_20050518_0030_ye 19 18 1 1 0 475.08 720.1 255.83 371.49 219.25 348.61
ynao_sd_20050519_0030_ye 11 10 1 1 0 283.77 587.1 171.31 343.59 112.46 243.51
ynao_sd_20050520_0030_ye 8 8 0 1 0 173.01 441.97 71.21 100.11 101.8 341.86
ynao_sd_20050523_0030_ye 13 13 0 0 0 192.73 390.78 192.73 390.78 0 0
ynao_sd_20050524_0050_ye 15 14 1 2 0 231.29 366.08 149.97 235.46 81.32 130.62
ynao_sd_20050525_0035_ye 26 23 3 2 0 304.39 379.99 212.7 263.51 91.69 116.48
ynao_sd_20050526_0125_ye 30 27 3 3 0 1116.81 1175.15 297.66 333.22 819.15 841.93
ynao_sd_20050527_0020_ye 45 42 3 4 0 595.33 639.34 410.72 450.5 184.61 188.84
ynao_sd_20050528_0020_ye 49 47 2 2 0 748.05 812.48 492.29 552.91 255.76 259.57
ynao_sd_20050530_0140_ye 32 30 2 2 0 456.66 557.53 352.26 435.58 104.4 121.95
ynao_sd_20050531_0225_ye 36 34 2 2 0 522.16 766.0 367.83 539.78 154.33 226.22
ynao_sd_20050601_0225_ye 32 26 6 4 0 2471.62 3232.26 300.24 452.62 2171.38 2779.64
ynao_sd_20050602_0535_ye 27 26 1 1 0 390.85 800.4 343.58 646.16 47.27 154.24
ynao_sd_20050603_0120_ye 28 22 6 4 0 1478.83 1705.91 243.24 342.58 1235.59 1363.33
ynao_sd_20050605_0335_ye 42 35 7 6 0 750.71 1195.13 386.66 561.24 364.05 633.89
ynao_sd_20050606_0420_ye 32 25 7 5 0 1049.85 1762.33 416.92 587.51 632.93 1174.82
ynao_sd_20050607_0800_ye 49 40 9 7 0 1500.42 2098.77 575.78 761.3 924.64 1337.47
ynao_sd_20050608_0410_ye 57 40 17 8 0 2126.71 2672.8 679.63 873.5 1447.08 1799.3
ynao_sd_20050609_0130_ye 90 73 17 8 0 3899.06 5387.21 950.08 1191.47 2948.98 4195.74
ynao_sd_20050611_0350_ye 60 48 12 5 0 2018.95 2151.57 759.85 854.28 1259.1 1297.29
ynao_sd_20050612_0115_ye 67 57 10 3 0 2994.32 3964.54 727.69 811.2 2266.63 3153.34
ynao_sd_20050613_0140_ye 58 50 8 2 0 1516.43 1736.79 649.44 773.56 866.99 963.23
ynao_sd_20050615_0655_ye 38 28 10 5 0 2736.65 5112.08 396.25 615.85 2340.4 4496.23
ynao_sd_20050616_0405_ye 27 17 10 4 0 915.76 1491.33 263.57 399.4 652.19 1091.93
ynao_sd_20050617_0320_ye 41 34 7 4 0 994.73 1501.82 435.01 619.96 559.72 881.86
ynao_sd_20050622_0330_ye 23 23 0 1 0 239.02 450.85 180.17 296.53 58.85 154.32
ynao_sd_20050627_0025_ye 4 4 0 0 0 30.23 34.32 30.23 34.32 0 0
ynao_sd_20050628_0245_ye 4 4 0 0 0 33.11 45.68 33.11 45.68 0 0
ynao_sd_20050629_0350_ye 7 7 0 1 0 111.64 231.33 55.89 121.11 55.75 110.22
ynao_sd_20050630_0305_ye 25 23 2 2 0 375.16 571.14 268.03 426.49 107.13 144.65
ynao_sd_20050701_0210_ye 50 42 8 4 0 2306.69 2869.03 482.07 612.2 1824.62 2256.83
ynao_sd_20050702_0210_ye 99 79 20 8 0 1897.7 2439.09 864.14 1171.23 1033.56 1267.86
ynao_sd_20050705_0155_ye 122 102 20 13 0 2750.66 3461.88 1143.8 1509.9 1606.86 1951.98
ynao_sd_20050706_0240_ye 124 90 34 11 0 2835.05 3532.61 1004.69 1223.26 1830.36 2309.35
ynao_sd_20050707_0210_ye 121 90 31 8 0 2739.4 3196.5 1025.81 1235.46 1713.59 1961.04
ynao_sd_20050708_0125_ye 72 53 19 9 0 1918.32 2378.11 646.87 847.11 1271.45 1531.0
ynao_sd_20050715_0355_ye 16 15 1 1 0 206.19 356.45 158.65 260.61 47.54 95.84
ynao_sd_20050718_0140_ye 2 2 0 0 0 11.42 22.15 11.42 22.15 0 0
ynao_sd_20050720_0200_ye 1 1 0 0 0 9.03 10.47 9.03 10.47 0 0
ynao_sd_20050721_0130_ye 0 0 0 0 0 0 0 0 0 0 0
ynao_sd_20050722_0300_ye 1 1 0 0 0 7.72 8.01 7.72 8.01 0 0
ynao_sd_20050725_0430_ye 11 10 1 1 0 272.74 315.07 139.03 161.56 133.71 153.51
ynao_sd_20050726_0015_ye 19 18 1 1 0 388.23 414.51 169.72 182.76 218.51 231.75
ynao_sd_20050727_0140_ye 12 11 1 1 0 328.94 334.16 173.73 176.71 155.21 157.45
ynao_sd_20050728_0210_ye 16 13 3 1 0 361.08 377.03 149.03 160.75 212.05 216.28
ynao_sd_20050729_0050_ye 43 41 2 2 0 615.07 1219.68 387.85 676.48 227.22 543.2
ynao_sd_20050730_0240_ye 65 54 11 6 0 1219.88 1930.66 526.39 704.21 693.49 1226.45
ynao_sd_20050801_0105_ye 74 55 19 8 0 1405.24 2137.84 592.83 817.9 812.41 1319.94
ynao_sd_20050802_0100_ye 78 69 9 7 0 1310.87 2016.82 645.74 919.86 665.13 1096.96
ynao_sd_20050803_0130_ye 70 64 6 4 0 1131.91 1480.41 551.86 713.56 580.05 766.85
ynao_sd_20050804_0045_ye 61 50 11 4 0 2519.78 3724.37 543.37 614.8 1976.41 3109.57
ynao_sd_20050805_0345_ye 48 40 8 3 0 1182.78 1268.64 465.9 501.42 716.88 767.22
ynao_sd_20050808_0150_ye 27 23 4 3 0 830.67 1040.68 357.03 479.83 473.64 560.85
ynao_sd_20050810_0350_ye 3 0 3 1 0 313.7 511.84 46.28 75.4 267.42 436.44
ynao_sd_20050811_0045_ye 12 11 1 2 0 271.15 553.04 116.01 235.15 155.14 317.89
ynao_sd_20050812_0145_ye 16 15 1 1 0 210.79 540.41 136.14 277.26 74.65 263.15
ynao_sd_20050815_0410_ye 17 14 3 2 0 322.82 360.96 155.71 180.24 167.11 180.72
ynao_sd_20050816_0050_ye 18 15 3 1 0 353.01 380.23 152.6 166.83 200.41 213.4
ynao_sd_20050817_0445_ye 25 23 2 1 0 381.49 433.83 197.94 231.4 183.55 202.43
ynao_sd_20050818_0125_ye 23 21 2 1 0 319.83 370.52 173.87 195.75 145.96 174.77
ynao_sd_20050819_0110_ye 32 30 2 2 0 426.05 559.23 264.43 352.84 161.62 206.39
ynao_sd_20050822_0500_ye 50 42 8 2 0 1409.51 2224.14 472.66 694.55 936.85 1529.59
ynao_sd_20050826_0640_ye 26 19 7 5 0 482.27 777.19 187.37 306.8 294.9 470.39
ynao_sd_20050829_0205_ye 17 16 1 1 0 219.88 340.48 179.06 257.47 40.82 83.01
ynao_sd_20050830_0500_ye 29 29 0 0 0 245.0 331.66 245.0 331.66 0 0
ynao_sd_20050831_0055_ye 40 38 2 2 0 382.25 475.02 290.18 361.14 92.07 113.88
ynao_sd_20050901_0050_ye 14 12 2 1 0 249.1 280.34 119.88 136.69 129.22 143.65
ynao_sd_20050902_0050_ye 34 33 1 1 0 337.79 361.33 260.99 280.54 76.8 80.79
ynao_sd_20050905_0320_ye 17 14 3 1 0 164.57 210.8 123.4 157.64 41.17 53.16
ynao_sd_20050908_0230_ye 10 9 1 1 0 207.78 943.1 149.4 644.75 58.38 298.35
ynao_sd_20050909_0030_ye 24 13 11 4 0 4054.29 7571.41 366.81 890.51 3687.48 6680.9
ynao_sd_20050910_0105_ye 36 17 19 2 0 1813.91 3360.3 527.27 953.55 1286.64 2406.75
ynao_sd_20050913_0140_ye 104 94 10 5 0 2289.32 2506.04 1073.75 1180.89 1215.57 1325.15
ynao_sd_20050914_0630_ye 73 62 11 7 0 2176.06 2311.01 712.67 772.21 1463.39 1538.8
ynao_sd_20050915_0130_ye 59 51 8 4 0 2044.5 2198.28 761.74 819.81 1282.76 1378.47
ynao_sd_20050916_0015_ye 51 37 14 4 0 1766.16 2024.61 635.73 724.2 1130.43 1300.41
ynao_sd_20050918_0115_ye 49 43 6 2 0 726.48 1506.56 422.83 916.67 303.65 589.89
ynao_sd_20050919_0805_li 11 6 5 2 0 345.17 725.93 103.28 212.18 241.89 513.75
ynao_sd_20050920_0050_ye 15 12 3 2 0 431.81 820.55 212.67 395.13 219.14 425.42
ynao_sd_20050921_0225_ye 13 11 2 1 0 411.72 499.87 176.17 230.0 235.55 269.87
ynao_sd_20050922_0825_ye 10 8 2 1 0 476.01 488.78 165.67 170.63 310.34 318.15
ynao_sd_20050923_0525_ye 9 7 2 1 0 478.84 479.16 151.71 151.92 327.13 327.24
ynao_sd_20050927_0020_ye 8 6 2 1 0 432.93 614.92 140.86 192.19 292.07 422.73
ynao_sd_20050928_0800_ye 4 3 1 1 0 1724.2 3805.34 72.06 133.44 1652.14 3671.9
ynao_sd_20050930_0250_ye 2 2 0 0 0 11.92 20.97 11.92 20.97 0 0
ynao_sd_20051009_0015_ye 8 8 0 0 0 56.07 62.53 56.07 62.53 0 0
ynao_sd_20051010_0045_ye 12 12 0 0 0 87.42 97.52 87.42 97.52 0 0
ynao_sd_20051011_0035_ye 28 28 0 0 0 208.35 245.53 208.35 245.53 0 0
ynao_sd_20051012_0210_ye 17 17 0 0 0 114.12 144.76 114.12 144.76 0 0
ynao_sd_20051013_0050_ye 20 20 0 0 0 137.15 185.18 137.15 185.18 0 0
ynao_sd_20051014_0300_ye 1 1 0 0 0 24.74 138.31 24.74 138.31 0 0
ynao_sd_20051017_0450_ye 8 7 1 1 0 110.62 141.37 61.65 75.92 48.97 65.45
ynao_sd_20051018_0300_ye 10 9 1 1 0 125.72 141.16 70.8 78.06 54.92 63.1
ynao_sd_20051019_0120_li 2 1 1 1 0 58.18 61.6 15.96 17.25 42.22 44.35
ynao_sd_20051020_0420_li 1 1 0 0 0 5.4 10.22 5.4 10.22 0 0
ynao_sd_20051021_0115_li 7 6 1 1 0 1621.14 1638.6 67.36 75.85 1553.78 1562.75
ynao_sd_20051025_0055_li 2 2 0 0 0 13.49 40.15 13.49 40.15 0 0
ynao_sd_20051027_0050_ye 1 1 0 0 0 6.27 19.21 6.27 19.21 0 0
ynao_sd_20051028_0250_ye 2 2 0 0 0 15.08 19.22 15.08 19.22 0 0
ynao_sd_20051101_0610_ye 13 13 0 0 0 100.67 113.24 100.67 113.24 0 0
ynao_sd_20051102_0115_li 10 10 0 0 0 74.14 91.19 74.14 91.19 0 0
ynao_sd_20051103_0130_ye 18 18 0 0 0 122.5 125.82 122.5 125.82 0 0
ynao_sd_20051104_0120_ye 11 11 0 0 0 68.98 100.94 68.98 100.94 0 0
ynao_sd_20051107_0050_ye 18 18 0 0 0 153.32 217.14 153.32 217.14 0 0
ynao_sd_20051110_0050_ye 1 1 0 0 0 5.17 7.02 5.17 7.02 0 0
ynao_sd_20051111_0100_ye 2 2 0 0 0 23.81 31.98 23.81 31.98 0 0
ynao_sd_20051114_0130_ye 19 16 3 3 0 699.96 1682.19 327.9 781.13 372.06 901.06
ynao_sd_20051115_0045_li 29 24 5 3 0 1033.27 1671.78 220.84 383.63 812.43 1288.15
ynao_sd_20051116_0140_li 24 17 7 3 0 1114.01 1418.75 272.2 350.62 841.81 1068.13
ynao_sd_20051117_0050_ye 34 27 7 4 0 1652.15 1834.63 471.04 525.75 1181.11 1308.88
ynao_sd_20051118_0400_ye 40 35 5 2 0 1633.27 1696.01 578.02 613.78 1055.25 1082.23
ynao_sd_20051122_0410_ye 30 25 5 5 0 1013.6 1498.52 399.81 611.31 613.79 887.21
ynao_sd_20051124_0145_ye 21 20 1 2 0 538.17 1183.77 148.72 225.52 389.45 958.25
ynao_sd_20051125_0050_ye 13 12 1 1 0 237.13 293.58 117.14 164.62 119.99 128.96
ynao_sd_20051128_0340_ye 9 8 1 1 0 159.93 207.2 76.45 112.67 83.48 94.53
ynao_sd_20051129_0110_ye 12 9 3 2 0 1691.64 3271.45 89.03 152.69 1602.61 3118.76
ynao_sd_20051130_0100_ye 12 11 1 1 0 129.87 198.26 88.88 134.22 40.99 64.04
ynao_sd_20051201_0100_ye 32 24 8 7 1 2682.43 4953.57 209.99 271.57 2472.44 4682.0
ynao_sd_20051202_0055_ye 43 26 17 5 0 3773.13 6099.87 514.74 615.43 3258.39 5484.44
ynao_sd_20051203_0130_ye 60 48 12 6 0 1348.63 1518.2 656.96 839.99 691.67 678.21
ynao_sd_20051205_0050_ye 57 54 3 2 0 827.22 1003.58 524.95 625.1 302.27 378.48
ynao_sd_20051206_0707_ye 29 27 2 2 0 553.56 685.35 293.9 347.8 259.66 337.55
ynao_sd_20051207_0400_li 11 6 5 2 0 1222.12 1439.5 325.51 385.2 896.61 1054.3
ynao_sd_20051208_0110_ye 10 7 3 2 0 250.99 414.44 86.92 175.5 164.07 238.94
ynao_sd_20051209_0200_ye 8 5 3 2 0 191.36 436.9 99.33 210.96 92.03 225.94
ynao_sd_20051212_0415_ye 13 11 2 3 0 457.41 705.91 128.37 210.32 329.04 495.59
ynao_sd_20051213_0420_ye 30 25 5 3 0 737.1 972.61 336.68 474.2 400.42 498.41
ynao_sd_20051216_0345_ye 27 21 6 3 0 692.6 884.57 300.22 432.33 392.38 452.24
ynao_sd_20051219_0545_ye 22 17 5 3 0 643.93 797.65 301.68 355.0 342.25 442.65
ynao_sd_20051220_0330_ye 14 10 4 3 0 618.73 766.59 282.31 361.64 336.42 404.95
ynao_sd_20051222_0230_ye 26 25 1 1 0 372.12 635.51 248.76 476.95 123.36 158.56
ynao_sd_20051223_0150_ye 28 25 3 2 0 457.36 619.76 293.47 388.69 163.89 231.07
ynao_sd_20051227_0635_ye 21 17 4 3 0 674.97 921.52 321.94 465.33 353.03 456.19
ynao_sd_20051228_0340_li 16 12 4 4 0 610.29 756.19 125.1 158.49 485.19 597.7
ynao_sd_20051229_0230_ye 16 14 2 3 0 590.94 712.81 246.73 335.15 344.21 377.66
ynao_sd_20051230_0110_ye 20 17 3 2 0 729.56 833.69 363.8 456.03 365.76 377.66
ynao_sd_20051231_0205_ye 19 13 6 4 0 2327.62 2655.72 332.42 517.64 1995.2 2138.08
