ynao_sd_20090107_0130_ye 6 6 0 0 0 45.1 77.98 45.1 77.98 0 0 0
ynao_sd_20090108_0115_ye 1 1 0 0 0 8.74 26.06 8.74 26.06 0 0 0
ynao_sd_20090129_0150_ye 3 3 0 0 0 34.53 40.07 34.53 40.07 0 0 0
ynao_sd_20090130_0100_ye 2 2 0 0 0 33.21 43.26 33.21 43.26 0 0 0
ynao_sd_20090131_0350_ye 0 0 0 0 0 0 0 0 0 0 0 0
ynao_sd_20090201_0110_ye 1 1 0 0 0 6.71 7.3 6.71 7.3 0 0 0
ynao_sd_20090209_0120_ye 6 5 1 1 0 367.24 504.52 75.75 142.98 291.49 361.54 0
ynao_sd_20090210_0200_ye 1 1 0 0 0 7.29 22.86 7.29 22.86 0 0 0
ynao_sd_20090217_0100_ye 5 5 0 0 0 75.02 96.55 75.02 96.55 0 0 0
ynao_sd_20090225_0128_ye 4 4 0 0 0 30.33 37.99 30.33 37.99 0 0 0
ynao_sd_20090226_0130_ye 2 2 0 0 0 19.02 24.33 19.02 24.33 0 0 0
ynao_sd_20090302_0120_ye 1 1 0 0 0 11.95 18.27 11.95 18.27 0 0 0
ynao_sd_20090306_0200_ye 2 2 0 0 0 14.95 21.97 14.95 21.97 0 0 0
ynao_sd_20090311_0130_ye 0 0 0 0 0 0 0 0 0 0 0 0
ynao_sd_20090313_0100_ye 2 2 0 0 0 12.45 25.23 12.45 25.23 0 0 0
ynao_sd_20090319_0100_ye 0 0 0 0 0 0 0 0 0 0 0 0
ynao_sd_20090324_0100_ye 1 1 0 0 0 6.71 9.34 6.71 9.34 0 0 0
ynao_sd_20090330_0140_ye 2 2 0 0 0 18.01 26.07 18.01 26.07 0 0 0
ynao_sd_20090331_0100_ye 0 0 0 0 0 0 0 0 0 0 0 0
ynao_sd_20090403_0130_ye 2 2 0 0 0 17.19 45.16 17.19 45.16 0 0 0
ynao_sd_20090408_0210_ye 3 3 0 0 0 32.68 64.48 32.68 64.48 0 0 0
ynao_sd_20090409_0130_ye 0 0 0 0 0 0 0 0 0 0 0 0
ynao_sd_20090410_0130_ye 1 1 0 0 0 6.55 6.62 6.55 6.62 0 0 0
ynao_sd_20090414_0110_ye 3 3 0 0 0 24.55 37.19 24.55 37.19 0 0 0
ynao_sd_20090417_0040_ye 3 3 0 0 0 42.44 64.69 42.44 64.69 0 0 0
ynao_sd_20090419_0150_ye 3 3 0 0 0 23.09 33.66 23.09 33.66 0 0 0
ynao_sd_20090422_0120_ye 2 2 0 1 0 263.0 852.77 40.38 78.28 222.62 774.49 0
ynao_sd_20090427_0120_ye 3 3 0 0 0 29.94 40.13 29.94 40.13 0 0 0
ynao_sd_20090430_0050_ye 4 4 0 0 0 39.84 85.09 39.84 85.09 0 0 0
ynao_sd_20090504_0420_ye 0 0 0 0 0 0 0 0 0 0 0 0
ynao_sd_20090507_0110_ye 2 2 0 0 0 29.76 43.85 29.76 43.85 0 0 0
ynao_sd_20090511_0110_ye 1 1 0 0 0 7.07 12.43 7.07 12.43 0 0 0
ynao_sd_20090513_0050_ye 3 3 0 0 0 25.16 70.82 25.16 70.82 0 0 0
ynao_sd_20090518_0425_ye 9 9 0 0 0 75.22 100.89 75.22 100.89 0 0 0
ynao_sd_20090520_0050_ye 1 1 0 0 0 4.52 5.17 4.52 5.17 0 0 0
ynao_sd_20090925_0133_ye 7 7 0 0 0 120.25 147.76 120.25 147.76 0 0 0
ynao_sd_20090928_0037_ye 5 5 0 0 0 52.81 65.16 52.81 65.16 0 0 0
ynao_sd_20090929_0057_ye 9 8 1 0 0 97.03 129.61 104.62 141.65 -7.59 -12.04 0
ynao_sd_20090930_0055_ye 6 6 0 0 0 49.75 84.47 49.75 84.47 0 0 0
ynao_sd_20091002_0050_ye 1 1 0 0 0 5.9 9.66 5.9 9.66 0 0 0
ynao_sd_20091003_0320_ye 2 2 0 0 0 24.7 41.16 24.7 41.16 0 0 0
ynao_sd_20091007_0210_ye 1 1 0 0 0 8.8 13.19 8.8 13.19 0 0 0
ynao_sd_20091012_0158_ye 0 0 0 0 0 0 0 0 0 0 0 0
ynao_sd_20091013_0200_ye 1 1 0 0 0 5.17 7.99 5.17 7.99 0 0 0
ynao_sd_20091019_0240_ye 0 0 0 0 0 0 0 0 0 0 0 0
ynao_sd_20091021_0120_ye 2 2 0 0 0 11.22 18.31 11.22 18.31 0 0 0
ynao_sd_20091023_0210_ye 1 1 0 0 0 7.82 7.85 7.82 7.85 0 0 0
ynao_sd_20091026_0030_ye 30 30 0 0 0 235.38 288.12 235.38 288.12 0 0 0
ynao_sd_20091027_0140_ye 25 22 3 2 0 532.8 680.75 224.34 300.88 308.46 379.87 0
ynao_sd_20091028_0045_ye 26 22 4 1 0 562.02 839.05 247.38 364.64 314.64 474.41 0
ynao_sd_20091029_0100_ye 25 23 2 2 0 342.97 671.52 208.22 399.03 134.75 272.49 0
ynao_sd_20091030_0100_ye 14 13 1 1 0 205.18 605.54 102.84 280.38 102.34 325.16 0
ynao_sd_20091102_0300_ye 0 0 0 0 0 0 0 0 0 0 0 0
ynao_sd_20091103_0100_ye 1 1 0 0 0 6.78 13.64 6.78 13.64 0 0 0
ynao_sd_20091104_0100_ye 0 0 0 0 0 0 0 0 0 0 0 0
ynao_sd_20091109_0100_ye 1 1 0 0 0 5.91 5.95 5.91 5.95 0 0 0
ynao_sd_20091110_0100_ye 4 4 0 0 0 39.96 63.74 39.96 63.74 0 0 0
ynao_sd_20091111_0100_ye 5 5 0 0 0 36.94 79.29 36.94 79.29 0 0 0
ynao_sd_20091112_0100_ye 8 8 0 0 0 102.91 192.31 102.91 192.31 0 0 0
ynao_sd_20091116_0440_ye 2 2 0 0 0 35.29 56.65 35.29 56.65 0 0 0
ynao_sd_20091130_0110_ye 4 4 0 0 0 29.73 67.57 29.73 67.57 0 0 0
ynao_sd_20091201_0110_ye 0 0 0 0 0 0 0 0 0 0 0 0
ynao_sd_20091203_0720_ye 2 2 0 0 0 22.44 28.63 22.44 28.63 0 0 0
ynao_sd_20091204_0230_ye 1 1 0 0 0 8.38 24.35 8.38 24.35 0 0 0
ynao_sd_20091206_0200_ye 0 0 0 0 0 0 0 0 0 0 0 0
ynao_sd_20091207_0350_ye 0 0 0 0 0 0 0 0 0 0 0 0
ynao_sd_20091210_0110_ye 4 4 0 0 0 40.61 129.13 40.61 129.13 0 0 0
ynao_sd_20091211_0100_ye 3 3 0 0 0 31.05 55.76 31.05 55.76 0 0 0
ynao_sd_20091213_0140_ye 8 8 0 0 0 111.65 151.74 111.65 151.74 0 0 0
ynao_sd_20091214_0130_ye 12 12 0 0 0 116.51 148.89 116.51 148.89 0 0 0
ynao_sd_20091215_0110_ye 17 16 1 1 0 245.3 281.74 192.35 219.24 52.95 62.5 0
ynao_sd_20091216_0110_ye 32 30 2 2 0 347.19 411.1 264.31 313.55 82.88 97.55 0
ynao_sd_20091217_0345_ye 28 21 7 3 0 530.38 658.76 252.76 315.23 277.62 343.53 0
ynao_sd_20091218_0130_ye 16 7 9 2 0 836.16 1172.06 220.96 317.43 615.2 854.63 0
ynao_sd_20091221_0135_ye 23 22 1 1 0 298.34 672.96 264.01 627.24 34.33 45.72 0
ynao_sd_20091222_0120_ye 12 11 1 1 0 152.36 252.12 107.57 185.26 44.79 66.86 0
ynao_sd_20091223_0140_ye 13 13 0 0 0 135.8 245.84 135.8 245.84 0 0 0
ynao_sd_20091225_0120_ye 8 8 0 0 0 57.84 136.78 57.84 136.78 0 0 0
ynao_sd_20091229_0300_ye 6 4 2 1 0 128.92 146.57 82.37 94.48 46.55 52.09 0
ynao_sd_20091230_0130_ye 5 4 1 2 0 157.03 172.79 51.13 56.52 105.9 116.27 0
ynao_sd_20091231_0112_ye 11 7 4 1 0 279.84 318.86 135.42 158.21 144.42 160.65 0
