ynao_sd_20100101_0335_ye 14 12 2 2 0 354.51 427.54 162.28 193.75 192.23 233.79 0
ynao_sd_20100102_0315_ye 14 10 4 2 0 355.69 491.32 120.25 163.26 235.44 328.06 0
ynao_sd_20100103_0150_ye 11 8 3 2 0 189.85 320.48 87.92 145.89 101.93 174.59 0
ynao_sd_20100104_0115_ye 5 4 1 1 0 115.78 249.46 68.19 137.56 47.59 111.9 0
ynao_sd_20100105_0110_ye 4 4 0 1 0 87.53 334.09 35.45 110.66 52.08 223.43 0
ynao_sd_20100106_0110_ye 0 0 0 0 0 0 0 0 0 0 0 0
ynao_sd_20100107_0140_ye 5 5 0 0 0 38.87 79.42 38.87 79.42 0 0 0
ynao_sd_20100108_0115_ye 12 12 0 0 0 89.32 153.54 89.32 153.54 0 0 0
ynao_sd_20100111_0120_ye 28 27 1 1 0 277.11 359.57 238.5 312.03 38.61 47.54 0
ynao_sd_20100114_0345_ye 35 21 14 3 0 851.18 1051.22 288.64 355.15 562.54 696.07 0
ynao_sd_20100115_0115_ye 28 20 8 3 0 808.02 1117.6 251.01 340.07 557.01 777.53 0
ynao_sd_20100116_0358_ye 20 15 5 2 0 351.47 598.85 139.41 225.12 212.06 373.73 0
ynao_sd_20100118_0152_ye 10 9 1 1 0 148.73 515.12 113.71 388.69 35.02 126.43 0
ynao_sd_20100119_0130_ye 1 1 0 0 0 10.13 51.08 10.13 51.08 0 0 0
ynao_sd_20100120_0418_ye 5 5 0 0 0 88.37 181.61 88.37 181.61 0 0 0
ynao_sd_20100121_0120_ye 14 14 0 0 0 156.46 450.32 156.46 450.32 0 0 0
ynao_sd_20100122_0125_ye 16 14 2 1 0 284.37 549.5 146.03 302.21 138.34 247.29 0
ynao_sd_20100123_0140_ye 35 29 6 2 0 489.5 683.28 266.71 374.91 222.79 308.37 0
ynao_sd_20100125_0123_ye 24 20 4 2 0 309.26 453.3 184.36 258.9 124.9 194.4 0
ynao_sd_20100127_0103_ye 14 12 2 1 0 147.31 159.87 93.02 102.14 54.29 57.73 0
ynao_sd_20100128_0108_ye 12 11 1 1 0 131.48 144.32 90.55 98.7 40.93 45.62 0
ynao_sd_20100201_0110_ye 10 10 0 0 0 96.89 133.23 96.89 133.23 0 0 0
ynao_sd_20100202_0105_ye 8 6 2 1 0 98.74 113.38 47.15 54.57 51.59 58.81 0
ynao_sd_20100204_0125_ye 5 5 0 1 0 68.91 84.61 32.02 38.98 36.89 45.63 0
ynao_sd_20100205_0105_ye 4 4 0 0 0 54.78 75.63 54.78 75.63 0 0 0
ynao_sd_20100208_0115_ye 57 49 8 3 0 672.36 895.89 406.87 593.41 265.49 302.48 0
ynao_sd_20100209_0110_ye 43 39 4 3 0 572.32 723.62 345.7 456.96 226.62 266.66 0
ynao_sd_20100210_0110_ye 46 43 3 2 0 499.99 689.47 352.72 496.8 147.27 192.67 0
ynao_sd_20100211_0105_ye 55 54 1 1 0 538.24 768.44 421.95 571.65 116.29 196.79 0
ynao_sd_20100220_0125_ye 11 11 0 0 0 87.41 108.84 87.41 108.84 0 0 0
ynao_sd_20100222_0108_ye 15 15 0 0 0 144.14 221.23 144.14 221.23 0 0 0
ynao_sd_20100223_0100_ye 7 7 0 0 0 80.11 183.87 80.11 183.87 0 0 0
ynao_sd_20100224_0100_ye 14 14 0 0 0 170.3 441.69 170.3 441.69 0 0 0
ynao_sd_20100226_0115_ye 24 24 0 0 0 259.45 411.9 259.45 411.9 0 0 0
ynao_sd_20100302_0105_ye 10 10 0 0 0 79.28 96.05 79.28 96.05 0 0 0
ynao_sd_20100303_0100_ye 11 11 0 0 0 107.67 143.79 107.67 143.79 0 0 0
ynao_sd_20100304_0215_ye 16 16 0 0 0 117.67 207.49 117.67 207.49 0 0 0
ynao_sd_20100305_0110_ye 13 13 0 0 0 96.33 217.97 96.33 217.97 0 0 0
ynao_sd_20100308_0107_ye 2 2 0 0 0 16.19 18.51 16.19 18.51 0 0 0
ynao_sd_20100311_0220_ye 13 13 0 0 0 132.27 180.05 132.27 180.05 0 0 0
ynao_sd_20100312_0105_ye 23 19 4 2 0 272.58 375.19 154.77 208.74 117.81 166.45 0
ynao_sd_20100315_0150_ye 19 13 6 2 0 429.07 459.47 137.81 147.59 291.26 311.88 0
ynao_sd_20100316_0220_ye 24 21 3 2 0 425.32 549.68 209.16 306.38 216.16 243.3 0
ynao_sd_20100318_0140_ye 22 22 0 0 0 161.22 279.55 161.22 279.55 0 0 0
ynao_sd_20100319_0105_ye 14 14 0 0 0 107.04 182.52 107.04 182.52 0 0 0
ynao_sd_20100322_0110_ye 16 15 1 1 0 167.44 200.02 110.77 136.87 56.67 63.15 0
ynao_sd_20100323_0200_ye 13 13 0 0 0 108.89 156.2 108.89 156.2 0 0 0
ynao_sd_20100324_0125_ye 9 6 3 2 0 170.09 432.95 65.49 133.9 104.6 299.05 0
ynao_sd_20100325_0755_ye 10 6 4 2 0 642.43 1083.91 166.07 267.7 476.36 816.21 0
ynao_sd_20100326_0125_ye 19 14 5 2 0 659.53 967.94 170.02 265.57 489.51 702.37 0
ynao_sd_20100329_0120_ye 25 20 5 3 0 770.86 908.57 290.37 331.51 480.49 577.06 0
ynao_sd_20100330_0050_ye 21 16 5 3 0 948.63 1155.79 337.53 410.75 611.1 745.04 0
ynao_sd_20100331_0045_ye 17 13 4 2 0 688.06 807.93 259.2 302.43 428.86 505.5 0
ynao_sd_20100401_0130_ye 10 4 6 2 0 495.9 607.0 109.94 132.33 385.96 474.67 0
ynao_sd_20100405_0110_ye 12 12 0 0 0 108.77 170.83 108.77 170.83 0 0 0
ynao_sd_20100406_0135_ye 23 22 1 1 0 232.54 323.34 203.66 292.33 28.88 31.01 0
ynao_sd_20100407_0115_ye 20 17 3 2 0 242.37 292.54 155.58 190.13 86.79 102.41 0
ynao_sd_20100408_0050_ye 18 17 1 1 0 200.96 294.36 147.13 218.52 53.83 75.84 0
ynao_sd_20100412_0100_ye 8 8 0 0 0 68.79 74.83 68.79 74.83 0 0 0
ynao_sd_20100413_0120_ye 7 7 0 0 0 49.55 51.0 49.55 51.0 0 0 0
ynao_sd_20100414_0210_ye 6 6 0 0 0 43.65 54.34 43.65 54.34 0 0 0
ynao_sd_20100416_0100_ye 2 2 0 0 0 13.69 20.14 13.69 20.14 0 0 0
ynao_sd_20100419_0100_ye 2 2 0 0 0 17.06 33.42 17.06 33.42 0 0 0
ynao_sd_20100420_0200_ye 0 0 0 0 0 0 0 0 0 0 0 0
ynao_sd_20100421_0130_ye 2 2 0 0 0 15.33 53.02 15.33 53.02 0 0 0
ynao_sd_20100422_0100_ye 6 6 0 0 0 39.53 69.93 39.53 69.93 0 0 0
ynao_sd_20100426_0345_ye 1 1 0 0 0 9.54 21.91 9.54 21.91 0 0 0
ynao_sd_20100427_0200_ye 6 6 0 0 0 36.01 46.89 36.01 46.89 0 0 0
ynao_sd_20100428_0115_ye 3 3 0 0 0 19.38 25.36 19.38 25.36 0 0 0
ynao_sd_20100429_0110_ye 4 4 0 0 0 26.08 55.35 26.08 55.35 0 0 0
ynao_sd_20100430_0100_ye 0 0 0 0 0 0 0 0 0 0 0 0
ynao_sd_20100504_0120_ye 19 19 0 0 0 142.54 222.77 142.54 222.77 0 0 0
ynao_sd_20100505_0050_ye 23 23 0 0 0 186.67 276.13 186.67 276.13 0 0 0
ynao_sd_20100506_0105_ye 31 31 0 0 0 281.72 430.97 281.72 430.97 0 0 0
ynao_sd_20100507_0050_ye 23 23 0 0 0 157.28 246.69 157.28 246.69 0 0 0
ynao_sd_20100510_0200_ye 0 0 0 0 0 0 0 0 0 0 0 0
ynao_sd_20100511_0500_ye 2 2 0 0 0 18.35 18.78 18.35 18.78 0 0 0
ynao_sd_20100512_0100_ye 2 2 0 0 0 24.71 41.75 24.71 41.75 0 0 0
ynao_sd_20100513_0200_ye 1 1 0 0 0 5.25 13.8 5.25 13.8 0 0 0
ynao_sd_20100514_0130_ye 5 5 0 0 0 47.47 53.09 47.47 53.09 0 0 0
ynao_sd_20100515_0050_ye 1 1 0 0 0 5.17 5.69 5.17 5.69 0 0 0
ynao_sd_20100517_0130_ye 1 1 0 0 0 11.59 13.64 11.59 13.64 0 0 0
ynao_sd_20100518_0100_ye 0 0 0 0 0 0 0 0 0 0 0 0
ynao_sd_20100519_0100_ye 0 0 0 0 0 0 0 0 0 0 0 0
ynao_sd_20100520_0330_ye 0 0 0 0 0 0 0 0 0 0 0 0
ynao_sd_20100521_0050_ye 7 7 0 0 0 51.74 64.61 51.74 64.61 0 0 0
ynao_sd_20100526_0730_ye 10 9 1 1 0 193.2 259.5 68.82 87.99 124.38 171.51 0
ynao_sd_20100527_0120_ye 6 5 1 1 0 128.34 204.22 55.9 85.42 72.44 118.8 0
ynao_sd_20100528_0410_ye 5 5 0 0 0 58.94 132.99 58.94 132.99 0 0 0
ynao_sd_20100531_0115_ye 17 17 0 0 0 141.38 156.11 141.38 156.11 0 0 0
ynao_sd_20100601_0230_ye 12 12 0 0 0 94.8 100.64 94.8 100.64 0 0 0
ynao_sd_20100607_0020_ye 4 4 0 0 0 38.37 103.44 38.37 103.44 0 0 0
ynao_sd_20100608_0050_ye 9 9 0 0 0 69.89 87.17 69.89 87.17 0 0 0
ynao_sd_20100609_0100_ye 16 16 0 0 0 174.55 253.13 174.55 253.13 0 0 0
ynao_sd_20100611_0225_ye 17 16 1 1 0 195.98 422.76 159.51 371.73 36.47 51.03 0
ynao_sd_20100612_0110_ye 29 29 0 0 0 238.48 391.0 238.48 391.0 0 0 0
ynao_sd_20100613_0015_ye 23 23 0 0 0 180.54 428.31 180.54 428.31 0 0 0
ynao_sd_20100617_0340_ye 1 1 0 0 0 5.32 14.99 5.32 14.99 0 0 0
ynao_sd_20100618_0230_ye 8 8 0 0 0 59.66 79.82 59.66 79.82 0 0 0
ynao_sd_20100623_0710_ye 9 9 0 0 0 91.16 137.73 91.16 137.73 0 0 0
ynao_sd_20100625_0135_ye 6 6 0 0 0 57.74 130.22 57.74 130.22 0 0 0
ynao_sd_20100702_0045_ye 6 5 1 1 0 315.44 342.08 94.15 103.73 221.29 238.35 0
ynao_sd_20100705_0150_ye 6 4 2 1 0 252.83 324.8 78.29 101.61 174.54 223.19 0
ynao_sd_20100706_0700_ye 4 3 1 1 0 171.61 267.3 74.61 111.41 97.0 155.89 0
ynao_sd_20100709_0240_ye 0 0 0 0 0 0 0 0 0 0 0 0
ynao_sd_20100712_0130_ye 9 8 1 1 0 215.36 304.94 100.24 141.45 115.12 163.49 0
ynao_sd_20100713_0220_ye 15 13 2 1 0 210.06 248.98 152.59 180.81 57.47 68.17 0
ynao_sd_20100714_0230_ye 11 9 2 1 0 198.82 214.27 96.24 103.25 102.58 111.02 0
ynao_sd_20100715_0100_ye 18 16 2 1 0 240.56 250.2 132.19 137.48 108.37 112.72 0
ynao_sd_20100716_0310_ye 12 11 1 1 0 170.74 195.11 95.32 115.63 75.42 79.48 0
ynao_sd_20100721_0605_ye 20 18 2 3 0 289.95 654.69 162.37 387.23 127.58 267.46 0
ynao_sd_20100722_0505_ye 23 21 2 2 0 390.62 599.9 243.49 365.04 147.13 234.86 0
ynao_sd_20100723_0040_ye 35 31 4 2 0 481.25 645.1 267.6 359.2 213.65 285.9 0
ynao_sd_20100727_0110_ye 8 7 1 1 0 161.55 197.09 75.82 92.04 85.73 105.05 0
ynao_sd_20100730_0505_ye 10 8 2 1 0 503.9 944.03 223.19 445.12 280.71 498.91 0
ynao_sd_20100802_0225_ye 7 5 2 1 0 513.26 557.51 150.93 175.13 362.33 382.38 0
ynao_sd_20100803_0225_ye 5 3 2 1 0 488.48 500.46 153.04 162.03 335.44 338.43 0
ynao_sd_20100804_0215_ye 9 8 1 1 0 499.26 680.3 200.93 377.46 298.33 302.84 0
ynao_sd_20100805_0100_ye 18 14 4 2 0 681.21 966.55 277.41 418.95 403.8 547.6 0
ynao_sd_20100806_0030_ye 17 12 5 3 0 722.83 1023.99 253.48 369.44 469.35 654.55 0
ynao_sd_20100809_0150_ye 18 16 2 2 0 489.06 719.45 227.84 288.55 261.22 430.9 0
ynao_sd_20100810_0045_ye 20 18 2 1 0 503.05 575.76 253.71 325.82 249.34 249.94 0
ynao_sd_20100811_0045_ye 15 13 2 1 0 412.65 460.0 176.01 217.75 236.64 242.25 0
ynao_sd_20100812_0120_ye 24 19 5 2 0 1294.16 1460.23 223.86 287.47 1070.3 1172.76 0
ynao_sd_20100817_0450_ye 9 9 0 0 0 72.04 107.77 72.04 107.77 0 0 0
ynao_sd_20100818_0640_ye 6 6 0 0 0 40.46 70.96 40.46 70.96 0 0 0
ynao_sd_20100822_0250_ye 2 2 0 0 0 14.77 19.12 14.77 19.12 0 0 0
ynao_sd_20100823_0140_ye 2 2 0 0 0 15.76 25.27 15.76 25.27 0 0 0
ynao_sd_20100824_0220_ye 1 1 0 0 0 6.31 8.37 6.31 8.37 0 0 0
ynao_sd_20100825_0025_ye 4 2 2 1 0 132.13 412.42 31.97 84.21 100.16 328.21 0
ynao_sd_20100830_0055_ye 12 11 1 1 0 369.45 407.27 182.96 218.31 186.49 188.96 0
ynao_sd_20100831_0230_ye 13 10 3 2 0 414.5 456.78 157.32 189.01 257.18 267.77 0
ynao_sd_20100901_0120_ye 12 10 2 2 0 431.24 485.92 155.0 181.89 276.24 304.03 0
ynao_sd_20100906_0120_ye 18 18 0 0 0 188.4 319.54 188.4 319.54 0 0 0
ynao_sd_20100907_0135_ye 6 6 0 0 0 92.3 165.3 92.3 165.3 0 0 0
ynao_sd_20100908_0330_ye 0 0 0 0 0 0 0 0 0 0 0 0
ynao_sd_20100909_0510_ye 2 2 0 0 0 18.98 21.45 18.98 21.45 0 0 0
ynao_sd_20100910_0515_ye 2 2 0 0 0 14.2 15.08 14.2 15.08 0 0 0
ynao_sd_20100913_0230_ye 10 9 1 1 0 148.14 275.46 81.36 161.84 66.78 113.62 0
ynao_sd_20100914_0115_ye 13 11 2 1 0 158.22 244.89 97.71 160.6 60.51 84.29 0
ynao_sd_20100916_0130_ye 28 27 1 1 0 246.77 297.89 200.77 245.92 46.0 51.97 0
ynao_sd_20100917_0050_ye 35 34 1 1 0 271.31 326.0 230.26 280.13 41.05 45.87 0
ynao_sd_20100919_0130_ye 12 10 2 1 0 111.16 149.54 84.66 118.5 26.5 31.04 0
ynao_sd_20100920_0045_ye 16 11 5 2 0 640.68 904.52 189.74 268.55 450.94 635.97 0
ynao_sd_20100925_0355_ye 20 14 6 3 0 1058.43 1475.23 359.07 506.47 699.36 968.76 0
ynao_sd_20100926_0445_ye 23 18 5 3 0 842.0 1122.55 278.28 348.67 563.72 773.88 0
ynao_sd_20100930_0620_ye 15 12 3 1 0 602.5 715.0 210.26 256.32 392.24 458.68 0
ynao_sd_20101011_0438_ye 2 1 1 1 0 60.24 100.84 14.5 21.63 45.74 79.21 0
ynao_sd_20101012_0140_ye 4 4 0 0 0 50.81 112.46 50.81 112.46 0 0 0
ynao_sd_20101013_0050_ye 4 4 0 0 0 25.38 66.88 25.38 66.88 0 0 0
ynao_sd_20101014_0712_ye 5 4 1 1 0 136.12 328.91 63.72 114.93 72.4 213.98 0
ynao_sd_20101020_0045_ye 13 6 7 3 0 773.39 1166.32 227.18 384.7 546.21 781.62 0
ynao_sd_20101021_0045_ye 7 1 6 3 0 697.05 869.49 146.41 186.09 550.64 683.4 0
ynao_sd_20101022_0045_ye 6 1 5 3 0 665.86 840.59 127.27 167.31 538.59 673.28 0
ynao_sd_20101101_0100_ye 11 10 1 2 0 219.2 823.43 108.07 311.92 111.13 511.51 0
ynao_sd_20101104_0113_ye 5 5 0 0 0 45.51 53.7 45.51 53.7 0 0 0
ynao_sd_20101108_0320_ye 16 16 0 0 0 166.95 233.86 166.95 233.86 0 0 0
ynao_sd_20101109_0335_ye 14 14 0 0 0 132.84 183.34 132.84 183.34 0 0 0
ynao_sd_20101110_0140_ye 19 19 0 0 0 157.58 211.84 157.58 211.84 0 0 0
ynao_sd_20101112_0150_ye 30 30 0 0 0 269.77 322.69 269.77 322.69 0 0 0
ynao_sd_20101115_0515_ye 36 26 10 3 0 745.98 912.53 310.27 440.99 435.71 471.54 0
ynao_sd_20101117_0140_ye 22 13 9 3 0 805.18 1276.7 285.17 429.29 520.01 847.41 0
ynao_sd_20101118_0045_ye 21 14 7 4 0 630.7 1121.56 227.06 372.26 403.64 749.3 0
ynao_sd_20101122_0310_ye 7 5 2 1 0 179.41 225.6 77.43 116.27 101.98 109.33 0
ynao_sd_20101123_0100_ye 19 17 2 1 0 283.25 356.3 163.58 226.45 119.67 129.85 0
ynao_sd_20101129_0312_ye 20 19 1 1 0 188.03 233.89 137.71 182.74 50.32 51.15 0
ynao_sd_20101201_0100_ye 23 17 6 2 0 603.73 697.47 205.54 234.07 398.19 463.4 0
ynao_sd_20101203_0422_ye 13 10 3 2 0 625.97 1414.51 215.76 440.9 410.21 973.61 0
ynao_sd_20101206_0450_ye 9 7 2 2 0 904.35 1239.6 258.1 338.09 646.25 901.51 0
ynao_sd_20101210_0135_ye 4 1 3 2 0 984.96 1189.34 253.13 306.94 731.83 882.4 0
ynao_sd_20101213_0050_ye 11 8 3 2 0 665.92 1263.48 201.48 368.02 464.44 895.46 0
ynao_sd_20101214_0140_ye 10 8 2 2 0 375.45 1020.2 128.12 270.8 247.33 749.4 0
ynao_sd_20101217_0450_ye 4 4 0 0 0 34.91 41.1 34.91 41.1 0 0 0
ynao_sd_20101220_0130_ye 2 2 0 0 0 12.98 18.86 12.98 18.86 0 0 0
ynao_sd_20101221_0150_ye 1 1 0 0 0 7.0 12.51 7.0 12.51 0 0 0
ynao_sd_20101222_0130_ye 3 3 0 0 0 18.31 29.96 18.31 29.96 0 0 0
ynao_sd_20101223_0150_ye 2 2 0 0 0 12.33 15.62 12.33 15.62 0 0 0
ynao_sd_20101224_0130_ye 8 8 0 0 0 66.84 113.24 66.84 113.24 0 0 0
ynao_sd_20101227_0225_ye 9 9 0 0 0 61.92 84.04 61.92 84.04 0 0 0
ynao_sd_20101228_0200_ye 15 15 0 0 0 144.88 157.27 144.88 157.27 0 0 0
ynao_sd_20101229_0130_ye 7 7 0 0 0 57.82 66.56 57.82 66.56 0 0 0
ynao_sd_20101231_0140_ye 11 10 1 1 0 179.42 537.8 108.81 199.52 70.61 338.28 0
