ynao_sd_20110104_0200_ye 30 28 2 2 0 771.28 990.69 427.94 544.4 343.34 446.29
ynao_sd_20110105_0120_ye 24 23 1 1 0 611.47 765.42 307.52 389.82 303.95 375.6
ynao_sd_20110106_0135_ye 14 13 1 1 0 471.54 556.11 192.57 218.15 278.97 337.96
ynao_sd_20110113_0330_ye 6 6 0 0 0 47.9 65.12 47.9 65.12 0 0
ynao_sd_20110114_0135_ye 4 4 0 0 0 26.83 47.66 26.83 47.66 0 0
ynao_sd_20110118_0130_ye 8 6 2 1 0 162.58 236.91 72.83 100.3 89.75 136.61
ynao_sd_20110119_0130_ye 15 12 3 1 0 328.11 440.29 147.42 205.24 180.69 235.05
ynao_sd_20110121_0220_ye 20 18 2 1 0 411.32 475.17 160.99 191.3 250.33 283.87
ynao_sd_20110124_0330_ye 20 17 3 2 0 1501.01 2106.67 226.55 306.57 1274.46 1800.1
ynao_sd_20110126_0115_ye 9 7 2 2 0 219.74 488.18 75.46 159.5 144.28 328.68
ynao_sd_20110127_0123_ye 7 6 1 1 0 157.61 559.09 114.53 401.23 43.08 157.86
ynao_sd_20110130_0330_ye 18 18 0 0 0 119.19 206.68 119.19 206.68 0 0
ynao_sd_20110131_0120_ye 15 15 0 0 0 120.16 153.07 120.16 153.07 0 0
ynao_sd_20110218_0140_ye 78 71 7 5 0 1239.21 1672.09 686.62 899.76 552.59 772.33
ynao_sd_20110221_0100_ye 41 32 9 3 0 875.86 1106.14 379.18 479.01 496.68 627.13
ynao_sd_20110222_0100_ye 22 19 3 3 0 595.24 920.69 239.7 374.85 355.54 545.84
ynao_sd_20110223_0110_ye 16 12 4 3 0 341.23 711.76 134.05 275.15 207.18 436.61
ynao_sd_20110224_0125_ye 13 12 1 0 0 125.41 377.08 135.03 416.64 9.62 39.56
ynao_sd_20110228_0100_ye 21 21 0 0 0 264.91 466.13 264.91 466.13 0 0
ynao_sd_20110302_0240_ye 61 49 12 3 0 1348.75 1652.29 493.5 593.19 855.25 1059.1
ynao_sd_20110303_0100_ye 39 28 11 4 0 1420.92 2161.07 409.68 553.67 1011.24 1607.4
ynao_sd_20110304_0140_ye 75 66 9 5 0 1746.35 2664.88 726.27 1058.22 1020.08 1606.66
ynao_sd_20110309_0245_ye 63 42 21 11 0 2471.58 4082.86 664.62 936.39 1806.96 3146.47
ynao_sd_20110901_0120_ye 60 53 7 5 0 940.17 1283.54 520.96 727.03 419.21 556.51
ynao_sd_20110902_0350_ye 73 62 11 5 0 1211.42 1535.34 613.74 791.07 597.68 744.27
ynao_sd_20110907_0110_ye 50 37 13 3 0 1192.9 1908.79 435.43 620.61 757.47 1288.18
ynao_sd_20110908_0115_ye 32 24 8 4 0 1101.07 1780.69 381.43 652.34 719.64 1128.35
ynao_sd_20110914_0120_ye 93 87 6 4 0 1738.19 2363.0 1021.36 1474.78 716.83 888.22
ynao_sd_20110915_0205_ye 75 62 13 5 0 1779.54 2440.39 766.16 1103.15 1013.38 1337.24
ynao_sd_20110919_0300_ye 90 84 6 5 0 1402.5 2356.27 847.3 1342.99 555.2 1013.28
ynao_sd_20110928_0130_ye 52 36 16 5 0 2833.28 3001.35 773.23 865.4 2060.05 2135.95
ynao_sd_20110929_0710_ye 34 14 20 5 0 2394.6 2532.17 519.46 590.59 1875.14 1941.58
ynao_sd_20111008_0355_ye 19 11 8 5 0 967.85 1186.24 255.31 321.66 712.54 864.58
ynao_sd_20111009_0420_ye 8 3 5 5 0 851.38 961.9 256.5 287.1 594.88 674.8
ynao_sd_20111010_0210_ye 23 18 5 5 0 1303.57 2047.83 441.83 668.88 861.74 1378.95
ynao_sd_20111012_0155_ye 51 41 10 6 0 1911.83 2506.2 655.35 884.38 1256.48 1621.82
ynao_sd_20111013_0125_ye 64 54 10 7 0 2272.03 2920.85 779.58 984.2 1492.45 1936.65
ynao_sd_20111024_0045_ye 113 99 14 6 0 1910.62 2768.19 910.12 1236.04 1000.5 1532.15
ynao_sd_20111026_0045_ye 57 47 10 4 0 1572.9 1877.9 671.41 810.54 901.49 1067.36
ynao_sd_20111027_0100_ye 47 36 11 5 0 1395.17 1574.88 471.27 524.68 923.9 1050.2
ynao_sd_20111031_0240_ye 48 43 5 2 0 1244.38 1577.31 642.23 785.5 602.15 791.81
ynao_sd_20111102_0020_ye 55 48 7 4 0 1200.08 3092.39 563.72 1329.22 636.36 1763.17
ynao_sd_20111103_0110_ye 73 58 15 6 0 2019.19 4779.44 716.09 1690.67 1303.1 3088.77
ynao_sd_20111104_0155_ye 67 46 21 6 0 2621.49 4162.64 765.44 1196.38 1856.05 2966.26
ynao_sd_20111109_0410_ye 106 85 21 10 0 3676.63 4174.8 1108.09 1258.99 2568.54 2915.81
ynao_sd_20111110_0100_ye 98 75 23 9 0 3489.66 3996.84 1059.68 1200.46 2429.98 2796.38
ynao_sd_20111111_0040_ye 92 73 19 11 0 3441.42 4179.16 1036.84 1242.42 2404.58 2936.74
ynao_sd_20111113_0110_ye 62 48 14 7 0 1624.85 2553.73 598.93 1128.52 1025.92 1425.21
ynao_sd_20111114_0110_ye 57 48 9 7 0 1361.0 2464.83 520.97 1006.21 840.03 1458.62
ynao_sd_20111116_0210_ye 36 27 9 6 0 976.81 1746.81 453.49 865.86 523.32 880.95
ynao_sd_20111117_0105_ye 29 22 7 5 0 716.39 1372.53 319.48 602.71 396.91 769.82
ynao_sd_20111118_0100_ye 68 62 6 5 0 898.53 1605.48 609.99 1083.97 288.54 521.51
ynao_sd_20111121_0110_ye 43 36 7 6 0 1098.72 1874.46 515.88 800.07 582.84 1074.39
ynao_sd_20111124_0225_ye 66 57 9 7 0 1813.37 2375.96 836.34 1133.73 977.03 1242.23
ynao_sd_20111125_0420_ye 66 56 10 6 0 1600.33 2062.39 771.77 1107.81 828.56 954.58
ynao_sd_20111128_0100_ye 57 51 6 5 0 1190.07 1535.66 600.25 854.28 589.82 681.38
ynao_sd_20111130_0120_ye 48 41 7 7 0 973.77 1624.59 433.93 740.38 539.84 884.21
ynao_sd_20111205_0630_ye 79 61 18 11 0 2373.76 2798.84 815.39 1018.41 1558.37 1780.43
ynao_sd_20111207_0220_ye 58 49 9 5 0 1421.25 1682.36 595.85 710.72 825.4 971.64
ynao_sd_20111213_0310_ye 18 14 4 4 0 816.24 1143.48 323.38 581.3 492.86 562.18
ynao_sd_20111214_0305_ye 28 25 3 3 0 671.17 872.98 319.9 507.67 351.27 365.31
ynao_sd_20111219_0050_ye 58 56 2 2 0 610.29 861.57 502.64 647.58 107.65 213.99
ynao_sd_20111221_0245_ye 74 66 8 4 0 1198.83 1682.99 678.03 990.75 520.8 692.24
ynao_sd_20111222_0340_ye 71 53 18 6 0 1929.59 3032.95 711.3 992.8 1218.29 2040.15
ynao_sd_20111223_0300_ye 53 44 9 8 0 3492.45 5529.6 720.62 1145.56 2771.83 4384.04
ynao_sd_20111229_0130_ye 52 44 8 6 0 1627.05 3126.16 678.76 1351.21 948.29 1774.95
ynao_sd_20111230_0130_ye 52 43 9 5 0 1379.12 2304.05 561.07 943.74 818.05 1360.31
