ynao_sd_20130104_0120_ye 72 57 15 5 0 1643.99 2352.18 700.86 1133.57 943.13 1218.61
ynao_sd_20130108_0258_ye 70 56 14 8 0 1648.37 2943.01 626.14 1045.22 1022.23 1897.79
ynao_sd_20130118_0445_ye 36 28 8 3 0 1165.04 1839.82 363.37 540.15 801.67 1299.67
ynao_sd_20130121_0125_ye 28 27 1 1 0 387.81 488.41 248.96 324.58 138.85 163.83
ynao_sd_20130125_0120_ye 19 14 5 3 0 550.17 1042.39 174.1 295.39 376.07 747.0
ynao_sd_20130127_0345_ye 48 46 2 1 0 496.19 665.49 402.55 544.26 93.64 121.23
ynao_sd_20130128_0135_ye 44 40 4 2 0 587.99 699.79 355.88 428.94 232.11 270.85
ynao_sd_20130131_0125_ye 21 14 7 3 0 699.61 928.95 198.53 253.44 501.08 675.51
ynao_sd_20130204_0205_ye 20 13 7 4 0 960.02 1211.61 273.91 353.25 686.11 858.36
ynao_sd_20130207_0115_ye 19 17 2 2 0 614.96 802.95 166.66 208.78 448.3 594.17
ynao_sd_20130209_0125_ye 44 37 7 3 0 815.85 1259.7 436.92 678.58 378.93 581.12
ynao_sd_20130210_0125_ye 37 31 6 3 0 875.87 1359.64 395.14 798.03 480.73 561.61
ynao_sd_20130211_0140_ye 54 48 6 4 0 992.1 1447.04 439.95 601.59 552.15 845.45
ynao_sd_20130212_0125_ye 31 25 6 3 0 804.7 1208.72 313.07 497.75 491.63 710.97
ynao_sd_20130225_0130_ye 15 15 0 0 0 168.11 398.46 168.11 398.46 0 0
ynao_sd_20130228_0200_ye 35 31 4 3 0 527.88 1133.05 302.72 543.59 225.16 589.46
ynao_sd_20130301_0050_ye 31 21 10 4 0 796.3 1130.25 246.89 407.26 549.41 722.99
ynao_sd_20130304_0700_ye 31 29 2 2 0 459.53 817.87 332.55 538.75 126.98 279.12
ynao_sd_20130307_0345_ye 18 18 0 1 0 268.27 456.19 216.46 309.91 51.81 146.28
ynao_sd_20130308_0040_ye 39 39 0 0 0 420.48 526.02 420.48 526.02 0 0
ynao_sd_20130309_0155_ye 39 35 4 2 0 503.74 614.53 341.51 444.77 162.23 169.76
ynao_sd_20130311_0115_ye 56 51 5 3 0 971.91 1403.85 463.73 556.32 508.18 847.53
ynao_sd_20130314_0110_ye 53 40 13 6 0 2684.88 3135.74 543.63 626.95 2141.25 2508.79
ynao_sd_20130315_0045_ye 55 40 15 6 0 1887.57 2190.46 582.72 694.21 1304.85 1496.25
ynao_sd_20130318_0100_ye 61 55 6 4 0 1462.12 2157.33 674.64 1219.87 787.48 937.46
ynao_sd_20130321_0105_ye 21 17 4 2 0 512.24 1030.91 197.15 447.36 315.09 583.55
ynao_sd_20130322_0115_ye 20 18 2 1 0 263.96 617.47 177.65 427.2 86.31 190.27
ynao_sd_20130325_0120_ye 14 12 2 1 0 269.52 510.14 159.59 290.64 109.93 219.5
ynao_sd_20130329_0200_ye 26 23 3 2 0 426.29 667.22 236.04 370.91 190.25 296.31
ynao_sd_20130513_0100_ye 110 95 15 5 0 1978.47 3015.7 928.86 1363.28 1049.61 1652.42
ynao_sd_20130518_0140_ye 93 83 10 4 0 1766.07 2089.21 915.01 1153.7 851.06 935.51
ynao_sd_20130519_0055_ye 83 77 6 2 0 1332.5 1706.59 823.17 1100.21 509.33 606.38
ynao_sd_20130526_0300_ye 93 84 9 5 0 1299.19 1498.61 738.1 800.56 561.09 698.05
ynao_sd_20130527_0055_ye 62 57 5 3 0 944.86 1133.18 543.88 640.1 400.98 493.08
ynao_sd_20130603_0118_ye 67 56 11 4 0 1215.66 1402.55 604.47 685.63 611.19 716.92
ynao_sd_20130606_0115_ye 48 44 4 3 0 721.64 1231.19 433.23 695.9 288.41 535.29
ynao_sd_20130613_0055_ye 22 20 2 1 0 287.95 524.42 186.29 413.35 101.66 111.07
ynao_sd_20130614_0050_ye 29 24 5 3 0 534.09 1010.93 330.62 687.81 203.47 323.12
ynao_sd_20130720_0255_ye 73 68 5 3 0 1105.82 1455.06 781.09 1083.57 324.73 371.49
ynao_sd_20130721_0255_ye 93 74 19 9 0 1784.98 2213.52 815.74 961.74 969.24 1251.78
ynao_sd_20130725_0055_ye 33 29 4 4 0 1662.53 2715.58 324.64 394.01 1337.89 2321.57
ynao_sd_20130801_0208_ye 42 39 3 3 0 799.05 1248.23 452.75 729.92 346.3 518.31
ynao_sd_20130815_0120_ye 62 55 7 3 0 1356.38 1711.63 678.47 980.06 677.91 731.57
ynao_sd_20130816_0100_ye 59 48 11 3 0 1598.18 2041.13 686.92 1010.32 911.26 1030.81
ynao_sd_20130829_0305_ye 29 21 8 2 0 973.69 1230.89 275.37 327.58 698.32 903.31
ynao_sd_20130912_0100_ye 21 21 0 0 0 216.19 332.2 216.19 332.2 0 0
ynao_sd_20130913_0130_ye 26 26 0 0 0 259.47 407.8 259.47 407.8 0 0
ynao_sd_20131010_0115_ye 70 58 12 4 0 1219.65 1798.74 577.65 790.71 642.0 1008.03
ynao_sd_20131017_0540_ye 57 47 10 6 0 1066.72 2218.83 568.77 1105.31 497.95 1113.52
ynao_sd_20131024_0120_ye 115 98 17 5 0 2789.04 2970.05 1121.08 1198.64 1667.96 1771.41
ynao_sd_20131031_0145_ye 87 68 19 6 0 2091.84 2605.47 811.9 997.13 1279.94 1608.34
ynao_sd_20131107_0120_ye 136 117 19 7 0 2461.34 3031.03 1228.22 1506.89 1233.12 1524.14
ynao_sd_20131114_0125_ye 119 113 6 9 0 4041.66 5751.07 1234.34 2035.55 2807.32 3715.52
ynao_sd_20131121_0200_ye 39 33 6 3 0 1868.96 2363.75 576.72 772.68 1292.24 1591.07
ynao_sd_20131205_0145_ye 64 55 9 4 0 1153.06 1719.48 624.41 819.68 528.65 899.8
ynao_sd_20131212_0135_ye 86 69 17 7 0 2555.82 3537.8 858.7 1319.88 1697.12 2217.92
ynao_sd_20131219_0125_ye 70 56 14 9 0 2021.49 3132.02 724.07 987.54 1297.42 2144.48
