ynao_sd_20140109_0140_ye 84 55 29 9 0 4056.1 4530.25 1301.2 1412.19 2754.9 3118.06
ynao_sd_20140116_0115_ye 21 15 6 4 0 698.09 975.56 324.91 553.62 373.18 421.94
ynao_sd_20140123_0145_ye 76 66 10 5 0 1610.9 1981.62 703.91 939.99 906.99 1041.63
ynao_sd_20140124_0115_ye 48 40 8 4 0 1566.71 1834.34 645.85 849.29 920.86 985.05
ynao_sd_20140128_0110_ye 28 20 8 5 0 837.22 2078.44 263.31 784.7 573.91 1293.74
ynao_sd_20140207_0140_ye 111 89 22 10 0 3072.41 4801.34 1153.11 1836.27 1919.3 2965.07
ynao_sd_20140208_0255_ye 83 68 15 9 0 2513.32 4500.35 863.97 1452.32 1649.35 3048.03
ynao_sd_20140213_0400_ye 96 78 18 8 0 2781.45 3289.0 1124.75 1390.1 1656.7 1898.9
ynao_sd_20140220_0140_ye 98 80 18 5 0 1968.5 2929.87 903.48 1348.4 1065.02 1581.47
ynao_sd_20140227_0140_ye 112 105 7 7 0 1865.0 2816.59 1111.79 1630.58 753.21 1186.01
ynao_sd_20140306_0115_ye 58 55 3 2 0 815.1 1010.46 544.04 675.55 271.06 334.91
ynao_sd_20140309_0110_ye 63 61 2 2 0 664.35 1120.58 474.05 721.96 190.3 398.62
ynao_sd_20140312_0110_ye 75 60 15 7 0 1557.99 2057.91 699.93 958.02 858.06 1099.89
ynao_sd_20140313_0100_ye 58 46 12 8 0 1306.17 1996.82 522.66 831.63 783.51 1165.19
ynao_sd_20140319_0100_ye 76 75 1 1 0 1123.42 1581.66 826.31 1265.78 297.11 315.88
ynao_sd_20140320_0100_ye 63 53 10 6 0 1366.71 2048.68 671.7 1149.28 695.01 899.4
ynao_sd_20140327_0100_ye 82 77 5 4 0 1156.34 1333.22 745.67 882.44 410.67 450.78
ynao_sd_20140328_0100_ye 52 48 4 3 0 898.5 1129.4 485.74 638.13 412.76 491.27
ynao_sd_20140402_0025_ye 56 41 15 4 0 1658.25 2244.91 602.26 909.17 1055.99 1335.74
ynao_sd_20140403_0030_ye 75 57 18 7 0 1905.29 2315.87 699.18 911.26 1206.11 1404.61
ynao_sd_20140409_0040_ye 51 48 3 2 0 976.46 1747.83 629.46 1184.34 347.0 563.49
ynao_sd_20140410_0015_ye 12 10 2 4 0 661.23 1150.39 163.33 306.38 497.9 844.01
ynao_sd_20140413_0030_ye 40 29 11 5 0 1551.58 2199.74 551.51 856.51 1000.07 1343.23
ynao_sd_20140416_0310_ye 110 91 19 10 0 3150.46 3431.21 1161.21 1331.42 1989.25 2099.79
ynao_sd_20140418_0035_ye 116 91 25 13 0 3225.94 4016.37 1135.02 1402.25 2090.92 2614.12
ynao_sd_20140423_0025_ye 40 33 7 4 0 1035.72 1569.39 492.18 823.99 543.54 745.4
ynao_sd_20140424_0035_ye 34 32 2 3 0 953.82 1338.46 400.2 667.12 553.62 671.34
ynao_sd_20140430_0430_ye 39 32 7 5 0 1270.54 1776.71 469.72 673.7 800.82 1103.01
ynao_sd_20140507_0040_ye 33 27 6 5 0 1751.21 3920.42 569.1 1384.78 1182.11 2535.64
ynao_sd_20140508_0005_ye 31 17 14 7 0 1880.24 3281.1 582.83 898.96 1297.41 2382.14
ynao_sd_20140514_0010_ye 73 59 14 9 0 2258.97 2754.76 815.27 956.35 1443.7 1798.41
ynao_sd_20140515_0055_ye 72 54 18 8 0 2192.3 2875.61 901.49 1167.3 1290.81 1708.31
ynao_sd_20140521_0100_ye 22 19 3 3 0 502.49 1068.65 300.83 683.79 201.66 384.86
ynao_sd_20140522_0035_ye 20 18 2 3 0 442.32 746.0 188.34 288.17 253.98 457.83
ynao_sd_20140528_0335_ye 28 27 1 1 0 383.81 416.08 283.35 306.12 100.46 109.96
ynao_sd_20140529_0055_ye 16 15 1 1 0 238.05 253.81 163.28 176.84 74.77 76.97
ynao_sd_20140605_0430_ye 32 28 4 2 0 691.86 819.21 348.27 451.35 343.59 367.86
ynao_sd_20140606_0445_ye 54 48 6 4 0 992.66 1183.45 557.89 710.72 434.77 472.73
ynao_sd_20140613_0410_ye 106 96 10 8 0 2185.15 4137.99 1036.44 1743.26 1148.71 2394.73
ynao_sd_20140619_0725_ye 25 21 4 3 0 799.73 1140.39 395.85 610.9 403.88 529.49
ynao_sd_20140625_0025_ye 12 10 2 1 0 325.58 437.05 157.77 204.38 167.81 232.67
ynao_sd_20140626_0240_ye 16 15 1 1 0 392.89 498.49 239.49 324.35 153.4 174.14
ynao_sd_20140703_0350_ye 96 72 24 9 0 2851.31 4253.14 1151.45 1624.16 1699.86 2628.98
ynao_sd_20140704_0515_ye 94 73 21 10 0 3448.71 4488.91 1128.13 1449.93 2320.58 3038.98
ynao_sd_20140709_0145_ye 79 61 18 11 0 4321.07 5230.72 1427.73 1811.71 2893.34 3419.01
ynao_sd_20140710_0020_ye 115 100 15 10 0 3720.32 4791.53 1536.76 1984.76 2183.56 2806.77
ynao_sd_20140723_0555_ye 17 14 3 1 0 337.66 645.0 200.07 336.85 137.59 308.15
ynao_sd_20140724_0005_ye 30 24 6 2 0 544.99 940.62 299.04 517.61 245.95 423.01
ynao_sd_20140725_0020_ye 39 34 5 1 0 586.76 796.53 374.14 516.11 212.62 280.42
ynao_sd_20140730_0050_ye 57 46 11 5 0 1494.31 2442.89 645.35 1023.81 848.96 1419.08
ynao_sd_20140804_0150_ye 105 98 7 3 0 1539.02 1870.76 1023.69 1200.68 515.33 670.08
ynao_sd_20140806_0030_ye 91 86 5 2 0 1177.43 1378.87 788.26 934.88 389.17 443.99
ynao_sd_20140827_0215_ye 64 55 9 4 0 1587.74 2029.95 613.65 754.16 974.09 1275.79
ynao_sd_20140828_0045_ye 49 41 8 4 0 1389.0 1783.63 576.81 726.86 812.19 1056.77
ynao_sd_20140903_0245_ye 65 58 7 5 0 1120.15 1514.96 631.01 857.57 489.14 657.39
ynao_sd_20140904_0310_ye 54 49 5 5 0 1158.7 2066.65 690.19 1369.04 468.51 697.61
ynao_sd_20141022_0116_ye 123 90 33 6 0 6578.31 7629.6 1915.31 2241.62 4663.0 5387.98
ynao_sd_20141023_0055_ye 139 98 41 10 0 5545.93 6463.52 1820.76 2165.12 3725.17 4298.4
ynao_sd_20141030_0050_ye 47 41 6 3 0 2910.01 5530.35 563.24 1132.4 2346.77 4397.95
ynao_sd_20141105_0035_ye 66 60 6 5 0 2338.14 3046.64 590.81 1002.8 1747.33 2043.84
ynao_sd_20141112_0315_ye 54 48 6 3 0 875.04 1068.7 570.07 708.01 304.97 360.69
ynao_sd_20141119_0135_ye 76 64 12 2 1 3243.83 3572.95 1052.77 1214.76 2191.06 2358.19
ynao_sd_20141120_0115_ye 78 62 16 3 0 3073.58 4116.2 1079.29 1493.06 1994.29 2623.14
ynao_sd_20141127_0040_ye 121 108 13 6 0 2400.16 3229.12 1191.25 1792.29 1208.91 1436.83
ynao_sd_20141203_0140_ye 78 67 11 5 0 2412.29 3091.26 985.89 1186.63 1426.4 1904.63
ynao_sd_20141210_0245_ye 56 50 6 5 0 1048.91 1459.0 630.81 759.0 418.1 700.0
ynao_sd_20141211_0100_ye 74 69 5 4 0 1189.66 1730.85 731.87 1064.49 457.79 666.36
ynao_sd_20141224_0115_ye 41 38 3 3 0 1056.71 2240.86 503.16 883.33 553.55 1357.53
ynao_sd_20141225_0105_ye 47 44 3 3 0 862.02 1376.34 517.99 650.67 344.03 725.67
ynao_sd_20141231_0115_ye 68 57 11 5 0 1398.45 1938.72 683.57 1093.66 714.88 845.06
