ynao_sd_19590101_0510_chen 58 39 19 9 0 1409.37 2536.71 538.22 964.46 871.15 1572.25
ynao_sd_19590102_0520_chen 70 35 35 19 0 5588.5 11162.3 762.54 1593.79 4825.96 9568.51
ynao_sd_19590103_0520_chen 65 31 34 14 0 3084.59 5302.75 763.58 1300.45 2321.01 4002.3
ynao_sd_19590105_0530_chen 82 45 37 18 0 4790.78 8500.19 914.29 1575.49 3876.49 6924.7
ynao_sd_19590106_0600_gong 84 45 39 20 0 6968.15 11831.59 1327.73 2091.72 5640.42 9739.87
ynao_sd_19590107_0530_gong 85 45 40 20 0 7735.29 10283.02 1348.41 1742.6 6386.88 8540.42
ynao_sd_19590108_0530_chen 72 44 28 16 0 7433.63 9933.17 1458.99 1867.84 5974.64 8065.33
ynao_sd_19590109_0600_chen 62 26 36 19 1 6891.19 7988.92 1269.18 1480.37 5622.01 6508.55
ynao_sd_19590111_0750_chen 62 29 33 12 1 6930.5 9879.96 1024.94 1290.65 5905.56 8589.31
ynao_sd_19590112_0630_chen 70 36 34 10 0 7889.12 12851.18 1127.58 1742.52 6761.54 11108.66
ynao_sd_19590113_0530_gong 49 33 16 5 0 4331.99 7552.73 990.55 1591.69 3341.44 5961.04
ynao_sd_19590115_0410_chen 51 27 24 9 0 4711.35 13197.07 608.59 1344.58 4102.76 11852.49
ynao_sd_19590118_0330_chen 51 26 25 12 0 2715.35 5599.85 453.99 759.6 2261.36 4840.25
ynao_sd_19590119_0710_chen 73 47 26 16 0 3847.56 6051.03 917.4 1435.68 2930.16 4615.35
ynao_sd_19590120_0800_gong 124 41 83 19 0 10338.75 15858.56 1450.01 2381.58 8888.74 13476.98
ynao_sd_19590125_0510_chen 112 58 54 24 0 6741.81 8241.82 1556.94 1954.77 5184.87 6287.05
ynao_sd_19590126_0730_chen 88 39 49 26 0 8606.63 12054.04 1424.11 2042.04 7182.52 10012.0
ynao_sd_19590129_0610_chen 84 58 26 10 0 2374.33 4442.76 786.81 1522.46 1587.52 2920.3
ynao_sd_19590130_0550_chen 31 17 14 7 0 1284.99 2295.58 358.91 635.16 926.08 1660.42
ynao_sd_19590202_0430_chen 27 21 6 8 0 4834.27 6333.98 430.07 673.65 4404.2 5660.33
ynao_sd_19590203_0530_niu 58 49 9 8 0 1176.94 1394.23 577.65 723.91 599.29 670.32
ynao_sd_19590204_0310_xu 33 30 3 3 0 1207.47 1381.65 349.57 414.49 857.9 967.16
ynao_sd_19590205_0510_xu 22 18 4 4 0 2653.15 5566.54 471.81 799.09 2181.34 4767.45
ynao_sd_19590206_0640_chen 28 18 10 7 0 2950.18 4140.32 347.94 537.01 2602.24 3603.31
ynao_sd_19590207_0530_chen 33 25 8 5 0 2311.04 3152.36 435.39 633.38 1875.65 2518.98
ynao_sd_19590208_0530_chen 20 11 9 7 0 1853.44 3262.0 337.13 571.85 1516.31 2690.15
ynao_sd_19590209_0730_chen 22 13 9 4 0 1496.72 1788.23 231.27 291.8 1265.45 1496.43
ynao_sd_19590210_0420_niu 29 17 12 8 0 1584.39 3800.75 230.85 409.38 1353.54 3391.37
ynao_sd_19590211_0550_gong 39 25 14 4 1 1540.68 2440.09 501.13 696.37 1039.55 1743.72
ynao_sd_19590212_0520_chen 28 15 13 5 0 2423.2 3340.36 416.87 583.63 2006.33 2756.73
ynao_sd_19590213_0310_chen 19 11 8 6 0 2279.14 3031.74 357.12 481.45 1922.02 2550.29
ynao_sd_19590214_0520_chen 38 15 23 9 0 4026.53 6944.47 492.44 849.75 3534.09 6094.72
ynao_sd_19590216_0820_chen 39 20 19 11 0 3751.49 5952.89 541.39 738.21 3210.1 5214.68
ynao_sd_19590217_0500_gong 50 29 21 12 0 4565.35 6264.43 692.32 977.07 3873.03 5287.36
ynao_sd_19590219_0510_gong 49 29 20 12 0 5345.21 6826.94 981.21 1258.04 4364.0 5568.9
ynao_sd_19590220_0440_gong 50 19 31 9 0 4860.85 6043.67 966.05 1202.56 3894.8 4841.11
ynao_sd_19590302_0520_gong 35 19 16 8 0 2508.13 3896.52 284.45 433.05 2223.68 3463.47
ynao_sd_19590303_0510_gong 61 39 22 8 0 1691.61 2762.74 368.71 671.39 1322.9 2091.35
ynao_sd_19590306_0250_chen 53 44 9 4 0 1842.86 2581.46 472.61 622.36 1370.25 1959.1
ynao_sd_19590307_0240_chen 38 23 15 6 0 2409.87 3854.04 399.48 544.84 2010.39 3309.2
ynao_sd_19590308_0610_gong 49 41 8 7 0 3535.28 6967.42 520.21 837.87 3015.07 6129.55
ynao_sd_19590309_0630_gong 47 37 10 9 0 1952.97 2763.38 498.45 714.71 1454.52 2048.67
ynao_sd_19590310_0450_gong 34 21 13 11 1 1846.78 2761.25 429.71 676.85 1417.07 2084.4
ynao_sd_19590312_0500_gong 33 18 15 12 0 2202.58 4118.16 357.68 775.2 1844.9 3342.96
ynao_sd_19590313_0450_gong 40 15 25 13 0 3946.57 6404.49 383.27 679.63 3563.3 5724.86
ynao_sd_19590314_0530_chen 52 21 31 11 0 3824.89 5654.09 404.67 589.34 3420.22 5064.75
ynao_sd_19590315_0520_gong 65 33 32 10 0 4236.33 6552.09 670.48 1087.36 3565.85 5464.73
ynao_sd_19590316_0540_gong 93 42 51 10 2 6588.41 8877.58 955.15 1273.01 5633.26 7604.57
ynao_sd_19590317_0500_gong 80 32 48 14 1 6123.59 7583.87 946.02 1184.2 5177.57 6399.67
ynao_sd_19590318_0540_chen 79 33 46 14 0 6524.43 7674.08 1055.89 1259.78 5468.54 6414.3
ynao_sd_19590319_0720_xu 91 59 32 8 0 5068.28 6197.4 1449.25 2037.76 3619.03 4159.64
ynao_sd_19590320_0440_chen 76 21 55 11 0 9780.81 12298.26 1138.2 1506.52 8642.61 10791.74
ynao_sd_19590321_0510_chen 98 38 60 20 0 6436.97 9052.36 1107.79 1512.7 5329.18 7539.66
ynao_sd_19590322_0500_chen 98 45 53 15 0 5979.44 9714.06 1059.77 1642.54 4919.67 8071.52
ynao_sd_19590323_0550_xu 51 26 25 10 0 4123.92 5552.55 1027.67 1772.22 3096.25 3780.33
ynao_sd_19590324_0500_chen 75 48 27 14 0 3107.61 5620.73 790.27 1437.63 2317.34 4183.1
ynao_sd_19590325_0540_chen 57 28 29 13 0 3295.08 6014.56 793.38 1196.99 2501.7 4817.57
ynao_sd_19590326_0700_xu 30 14 16 10 0 4259.26 6481.09 671.24 926.27 3588.02 5554.82
ynao_sd_19590328_0600_chen 77 40 37 16 0 4537.09 5859.47 966.85 1338.42 3570.24 4521.05
ynao_sd_19590329_0700_chen 75 41 34 16 0 5453.47 6756.47 1011.57 1267.38 4441.9 5489.09
ynao_sd_19590330_0450_chen 79 36 43 18 0 4952.45 5942.5 950.4 1120.42 4002.05 4822.08
ynao_sd_19590331_0920_chen 99 55 44 15 0 7037.27 8823.63 982.33 1216.13 6054.94 7607.5
ynao_sd_19590401_0210_chen 84 41 43 14 0 4889.92 5842.15 900.86 1117.52 3989.06 4724.63
ynao_sd_19590402_0320_xu 40 33 7 5 0 3364.36 4544.49 858.37 1214.8 2505.99 3329.69
ynao_sd_19590403_0340_chen 38 19 19 11 0 3164.63 4836.78 598.54 933.1 2566.09 3903.68
ynao_sd_19590404_0510_chen 60 32 28 8 0 2177.7 4015.32 454.72 774.09 1722.98 3241.23
ynao_sd_19590405_0520_chen 40 23 17 8 0 970.35 2027.08 297.67 664.66 672.68 1362.42
ynao_sd_19590406_0520_chen 41 26 15 8 0 912.35 1797.06 287.4 630.7 624.95 1166.36
ynao_sd_19590407_0550_xu 23 12 11 7 0 1890.62 2434.37 363.29 464.05 1527.33 1970.32
ynao_sd_19590408_0610_chen 57 33 24 9 0 1965.51 2706.19 391.14 596.91 1574.37 2109.28
ynao_sd_19590409_0450_chen 60 26 34 15 0 2334.61 3104.04 538.78 765.9 1795.83 2338.14
ynao_sd_19590410_0600_chen 52 23 29 16 0 3724.08 7063.3 552.22 851.84 3171.86 6211.46
ynao_sd_19590411_0350_chen 61 27 34 16 0 2823.2 3850.08 565.93 767.91 2257.27 3082.17
ynao_sd_19590412_0600_chen 66 29 37 17 0 2789.82 3525.65 638.78 781.54 2151.04 2744.11
ynao_sd_19590417_0910_chen 43 22 21 9 0 2495.13 5302.99 396.3 588.52 2098.83 4714.47
ynao_sd_19590418_0550_chen 56 33 23 10 0 2108.05 4576.73 433.51 696.9 1674.54 3879.83
ynao_sd_19590419_0240_chen 46 31 15 7 0 1909.28 3960.41 413.14 727.06 1496.14 3233.35
ynao_sd_19590420_0740_chen 46 29 17 11 0 1089.67 1827.49 341.62 600.07 748.05 1227.42
ynao_sd_19590421_0300_chen 39 17 22 14 0 1239.88 1832.94 292.72 420.1 947.16 1412.84
ynao_sd_19590423_0350_xu 30 24 6 1 0 560.67 1515.29 409.27 671.37 151.4 843.92
ynao_sd_19590424_0320_chen 52 30 22 10 0 3569.49 5231.73 409.27 627.65 3160.22 4604.08
ynao_sd_19590428_0600_xu 36 19 17 6 0 3170.3 3625.61 490.89 611.47 2679.41 3014.14
ynao_sd_19590429_0330_chen 57 34 23 8 0 1464.04 1816.02 545.69 790.48 918.35 1025.54
ynao_sd_19590502_0650_chen 40 31 9 9 0 981.22 1266.39 354.59 450.63 626.63 815.76
ynao_sd_19590503_1000_chen 51 36 15 7 0 1891.53 2657.75 363.2 579.17 1528.33 2078.58
ynao_sd_19590504_0530_chen 39 33 6 4 0 930.81 1840.01 285.93 458.57 644.88 1381.44
ynao_sd_19590505_0450_chen 18 10 8 5 0 1438.71 4491.98 203.01 519.23 1235.7 3972.75
ynao_sd_19590507_0230_chen 39 28 11 7 0 3183.25 4615.5 522.27 859.8 2660.98 3755.7
ynao_sd_19590508_0310_chen 31 18 13 5 0 1680.01 2003.37 459.12 616.27 1220.89 1387.1
ynao_sd_19590509_0410_chen 72 28 44 23 0 5008.32 10018.75 658.97 1187.09 4349.35 8831.66
ynao_sd_19590510_0500_chen 98 48 50 21 0 5636.48 9218.47 1012.36 1372.29 4624.12 7846.18
ynao_sd_19590513_0550_chen 96 51 45 17 0 5131.75 6210.88 826.83 1021.53 4304.92 5189.35
ynao_sd_19590514_0840_chen 60 40 20 5 0 2730.0 4024.72 870.22 1172.38 1859.78 2852.34
ynao_sd_19590515_0200_chen 47 26 21 10 0 3625.32 5331.02 635.39 950.79 2989.93 4380.23
ynao_sd_19590516_0400_chen 60 29 31 17 0 2675.75 5212.66 449.8 696.57 2225.95 4516.09
ynao_sd_19590517_0400_chen 64 39 25 15 0 2298.69 4361.59 482.1 708.84 1816.59 3652.75
ynao_sd_19590518_0510_chen 72 46 26 18 0 3615.16 5703.84 459.6 703.68 3155.56 5000.16
ynao_sd_19590519_0420_chen 56 32 24 13 0 1844.35 2918.29 449.58 818.86 1394.77 2099.43
ynao_sd_19590520_0330_chen 44 21 23 13 0 1344.88 1912.12 315.69 518.75 1029.19 1393.37
ynao_sd_19590521_0320_chen 52 30 22 9 0 2239.73 2863.42 471.08 817.54 1768.65 2045.88
ynao_sd_19590523_0620_chen 54 31 23 9 0 2630.25 3645.83 440.27 592.86 2189.98 3052.97
ynao_sd_19590601_0700_chen 60 31 29 14 0 3843.75 6455.18 412.79 733.22 3430.96 5721.96
ynao_sd_19590602_0930_chen 57 32 25 9 0 1783.8 2716.92 417.9 732.4 1365.9 1984.52
ynao_sd_19590603_0650_chen 56 26 30 21 0 8832.3 13118.45 733.22 1042.41 8099.08 12076.04
ynao_sd_19590605_0250_gong 61 46 15 12 0 4078.31 6837.34 706.71 954.17 3371.6 5883.17
ynao_sd_19590606_0430_chen 81 57 24 21 0 4813.26 6621.52 691.79 855.95 4121.47 5765.57
ynao_sd_19590608_0600_chen 100 66 34 20 1 5935.57 8946.46 948.36 1341.39 4987.21 7605.07
ynao_sd_19590609_0810_chen 91 54 37 18 0 6189.49 8387.28 731.49 1034.42 5458.0 7352.86
ynao_sd_19590610_0750_chen 67 24 43 23 0 6084.01 9528.38 684.5 1044.12 5399.51 8484.26
ynao_sd_19590611_0900_gong 71 39 32 15 0 4635.15 6410.5 683.01 1058.39 3952.14 5352.11
ynao_sd_19590612_0530_chen 73 53 20 16 1 5679.39 9767.27 647.25 972.05 5032.14 8795.22
ynao_sd_19590614_0930_chen 72 37 35 23 0 6662.87 10202.11 822.55 1048.94 5840.32 9153.17
ynao_sd_19590615_0540_chen 36 21 15 11 0 3984.02 5791.2 505.01 687.4 3479.01 5103.8
ynao_sd_19590616_0330_chen 53 22 31 12 0 5157.96 9594.62 581.87 899.55 4576.09 8695.07
ynao_sd_19590619_0630_xu 66 36 30 13 0 5735.23 7477.11 1066.83 1402.49 4668.4 6074.62
ynao_sd_19590623_0400_chen 44 28 16 11 0 4332.25 7481.02 774.36 1074.67 3557.89 6406.35
ynao_sd_19590624_0600_chen 78 46 32 12 0 4001.45 4850.92 858.29 1029.59 3143.16 3821.33
ynao_sd_19590625_0820_chen 69 38 31 13 0 5911.84 7835.49 866.2 1275.1 5045.64 6560.39
ynao_sd_19590626_0650_chen 54 32 22 12 0 4110.38 5566.88 833.23 1131.56 3277.15 4435.32
ynao_sd_19590628_0620_chen 55 31 24 16 0 3131.67 4837.49 535.75 780.5 2595.92 4056.99
ynao_sd_19590629_0630_chen 55 34 21 12 0 2075.74 3128.27 445.59 594.55 1630.15 2533.72
ynao_sd_19590630_0630_chen 53 30 23 14 0 3919.03 5988.75 447.67 608.47 3471.36 5380.28
ynao_sd_19590704_0420_chen 50 29 21 12 0 2517.95 4321.0 365.39 559.69 2152.56 3761.31
ynao_sd_19590705_0330_chen 47 31 16 9 0 1567.87 1797.03 440.73 485.03 1127.14 1312.0
ynao_sd_19590708_0100_xu 36 18 18 9 0 1538.14 2268.35 324.61 525.66 1213.53 1742.69
ynao_sd_19590709_0610_xu 28 16 12 5 0 2714.17 4793.99 421.6 842.6 2292.57 3951.39
ynao_sd_19590710_0450_chen 23 10 13 6 0 1939.97 3235.62 311.64 604.36 1628.33 2631.26
ynao_sd_19590712_0330_chen 38 20 18 10 0 2747.4 3482.72 658.27 906.63 2089.13 2576.09
ynao_sd_19590713_0120_chen 46 21 25 9 0 3847.41 4769.5 585.07 867.58 3262.34 3901.92
ynao_sd_19590714_0150_chen 51 24 27 10 0 4136.08 5366.0 790.92 982.34 3345.16 4383.66
ynao_sd_19590715_0200_chen 54 25 29 10 1 4135.23 5218.1 955.93 1160.51 3179.3 4057.59
ynao_sd_19590717_0150_chen 81 46 35 17 0 4239.52 5265.87 932.06 1138.41 3307.46 4127.46
ynao_sd_19590718_0430_chen 82 49 33 13 0 3340.78 4327.99 835.62 1156.14 2505.16 3171.85
ynao_sd_19590721_0740_chen 26 14 12 8 0 1349.11 1626.78 309.07 385.66 1040.04 1241.12
ynao_sd_19590725_0420_chen 20 6 14 9 0 2154.93 5957.1 248.14 494.48 1906.79 5462.62
ynao_sd_19590726_0240_chen 40 19 21 11 0 2587.93 5183.27 404.56 818.54 2183.37 4364.73
ynao_sd_19590727_0620_chen 58 31 27 12 0 3273.24 4813.85 546.69 780.59 2726.55 4033.26
ynao_sd_19590730_0920_chen 72 27 45 15 0 4402.01 5075.68 628.81 715.72 3773.2 4359.96
ynao_sd_19590802_0630_chen 81 46 35 12 1 3450.98 3834.69 535.18 616.76 2915.8 3217.93
ynao_sd_19590803_0150_chen 103 70 33 15 0 3244.53 4369.94 741.75 930.97 2502.78 3438.97
ynao_sd_19590804_0630_chen 61 34 27 14 0 3393.01 5260.71 501.82 831.28 2891.19 4429.43
ynao_sd_19590805_0630_chen 59 36 23 14 0 3353.41 7665.27 522.72 931.59 2830.69 6733.68
ynao_sd_19590807_0830_chen 54 33 21 9 0 2809.84 3532.31 471.16 552.59 2338.68 2979.72
ynao_sd_19590808_0520_chen 61 39 22 10 0 3058.29 3798.97 591.41 716.75 2466.88 3082.22
ynao_sd_19590809_0530_chen 44 23 21 14 0 3100.48 3460.02 433.42 492.75 2667.06 2967.27
ynao_sd_19590816_0530_chen 44 22 22 11 0 1896.2 2845.04 449.2 646.36 1447.0 2198.68
ynao_sd_19590817_0520_chen 73 48 25 14 0 4032.92 5112.37 632.98 802.18 3399.94 4310.19
ynao_sd_19590819_0600_chen 44 28 16 7 0 2681.89 4584.75 547.64 866.42 2134.25 3718.33
ynao_sd_19590820_0300_xu 41 27 14 19 0 6011.72 8093.07 647.13 988.02 5364.59 7105.05
ynao_sd_19590821_0150_chen 64 43 21 22 0 5237.09 7808.29 560.88 839.63 4676.21 6968.66
ynao_sd_19590822_0140_chen 83 57 26 17 0 5106.22 7458.34 760.38 1143.39 4345.84 6314.95
ynao_sd_19590823_0140_chen 110 66 44 17 0 4827.27 6676.67 960.98 1588.18 3866.29 5088.49
ynao_sd_19590824_0120_chen 100 49 51 18 0 3213.6 4287.9 682.99 935.06 2530.61 3352.84
ynao_sd_19590825_0300_chen 89 50 39 14 0 3108.01 4040.48 728.7 1037.81 2379.31 3002.67
ynao_sd_19590828_0540_chen 145 72 73 24 0 6059.61 7834.99 1278.21 1617.22 4781.4 6217.77
ynao_sd_19590829_0100_chen 136 54 82 22 0 7767.6 9205.63 1404.41 1700.79 6363.19 7504.84
ynao_sd_19590830_0130_chen 158 76 82 28 0 8945.57 10991.17 1636.67 2005.77 7308.9 8985.4
ynao_sd_19590831_0900_chen 148 67 81 24 1 8661.56 11283.43 1331.07 1837.49 7330.49 9445.94
ynao_sd_19590901_0650_chen 116 42 74 25 0 10348.21 14229.55 1080.53 1527.68 9267.68 12701.87
ynao_sd_19590902_0210_chen 78 38 40 15 0 5797.95 8812.05 866.69 1308.36 4931.26 7503.69
ynao_sd_19590904_0930_chen 49 29 20 11 0 3710.86 4783.18 674.41 921.24 3036.45 3861.94
ynao_sd_19590905_0840_chen 29 9 20 12 0 2660.77 4584.21 537.33 838.79 2123.44 3745.42
ynao_sd_19590908_0620_chen 42 22 20 13 0 1961.9 3036.7 422.78 630.78 1539.12 2405.92
ynao_sd_19590909_0740_xu 32 14 18 14 0 3824.52 5040.89 500.64 744.07 3323.88 4296.82
ynao_sd_19590910_0540_xu 42 18 24 11 0 5073.77 6123.54 732.85 920.97 4340.92 5202.57
ynao_sd_19590911_0350_chen 47 20 27 10 0 3895.79 4352.28 622.63 703.76 3273.16 3648.52
ynao_sd_19590912_0450_chen 61 35 26 18 0 4571.86 5283.27 717.65 807.19 3854.21 4476.08
ynao_sd_19590913_0350_chen 47 25 22 11 0 3628.19 4205.35 634.87 751.57 2993.32 3453.78
ynao_sd_19590915_0040_chen 57 35 22 11 0 3384.08 4949.57 514.04 849.13 2870.04 4100.44
ynao_sd_19590916_0200_chen 37 13 24 12 0 1761.61 3265.13 316.59 570.49 1445.02 2694.64
ynao_sd_19590917_0230_xu 20 7 13 8 0 1675.35 3340.74 442.66 979.89 1232.69 2360.85
ynao_sd_19590922_0340_chen 49 35 14 8 0 2088.27 4168.08 389.75 534.76 1698.52 3633.32
ynao_sd_19590925_0810_chen 37 18 19 10 0 1568.53 2668.07 292.46 436.8 1276.07 2231.27
ynao_sd_19590927_0030_chen 30 21 9 7 0 801.88 1058.75 226.86 309.43 575.02 749.32
ynao_sd_19591004_0330_chen 39 30 9 5 0 646.93 959.85 212.3 304.61 434.63 655.24
ynao_sd_19591007_0200_chen 62 47 15 9 0 1410.16 1731.53 472.36 619.89 937.8 1111.64
ynao_sd_19591008_0500_xu 49 38 11 4 0 1437.11 1562.4 423.69 473.62 1013.42 1088.78
ynao_sd_19591010_0510_chen 59 31 28 8 0 1839.73 2187.23 334.54 393.49 1505.19 1793.74
ynao_sd_19591011_0800_chen 38 18 20 9 0 1961.05 3629.22 272.84 636.81 1688.21 2992.41
ynao_sd_19591013_0600_chen 41 25 16 8 0 1308.19 2066.31 236.58 385.1 1071.61 1681.21
ynao_sd_19591019_0720_chen 35 20 15 8 0 2361.67 2818.55 473.31 567.57 1888.36 2250.98
ynao_sd_19591020_0150_chen 41 24 17 9 0 2535.0 3306.69 407.57 526.07 2127.43 2780.62
ynao_sd_19591021_0050_chen 22 7 15 8 0 1881.59 2524.15 313.83 464.43 1567.76 2059.72
ynao_sd_19591022_0540_gong 39 24 15 9 0 2600.47 3883.69 548.99 863.28 2051.48 3020.41
ynao_sd_19591024_0620_chen 70 42 28 12 0 3120.69 3861.0 684.18 845.53 2436.51 3015.47
ynao_sd_19591026_0510_chen 75 37 38 16 0 3439.97 4174.97 768.72 996.25 2671.25 3178.72
ynao_sd_19591027_0310_chen 62 35 27 10 0 2504.44 2813.78 489.04 580.5 2015.4 2233.28
ynao_sd_19591031_0530_chen 46 29 17 9 0 1431.16 2228.09 300.79 450.39 1130.37 1777.7
ynao_sd_19591101_0310_chen 55 38 17 9 0 2096.08 2972.88 341.73 500.29 1754.35 2472.59
ynao_sd_19591102_0450_gong 59 50 9 6 0 2781.66 5004.11 334.14 452.07 2447.52 4552.04
ynao_sd_19591103_0230_chen 53 45 8 6 0 2528.64 3242.54 405.79 592.75 2122.85 2649.79
ynao_sd_19591104_0050_chen 37 25 12 7 0 1637.2 3523.13 286.93 743.76 1350.27 2779.37
ynao_sd_19591105_0710_gong 45 41 4 3 0 836.21 1265.74 328.15 531.17 508.06 734.57
ynao_sd_19591106_0200_chen 31 23 8 5 0 636.59 1318.89 232.95 422.86 403.64 896.03
ynao_sd_19591107_0130_chen 31 19 12 9 0 1061.24 2527.21 234.5 495.33 826.74 2031.88
ynao_sd_19591108_0110_chen 37 16 21 14 0 2143.06 4420.84 341.94 708.1 1801.12 3712.74
ynao_sd_19591109_0200_chen 64 40 24 14 0 3088.03 4579.59 592.6 841.5 2495.43 3738.09
ynao_sd_19591110_0450_chen 65 36 29 13 0 4182.58 5703.0 634.88 773.23 3547.7 4929.77
ynao_sd_19591111_0500_xu 68 36 32 15 0 4396.73 4918.49 948.46 1139.98 3448.27 3778.51
ynao_sd_19591112_0640_chen 53 24 29 14 0 3759.24 4075.45 765.92 832.88 2993.32 3242.57
ynao_sd_19591113_0610_chen 78 46 32 12 0 3647.46 4327.5 706.95 825.03 2940.51 3502.47
ynao_sd_19591114_0410_chen 72 40 32 11 0 3609.26 4424.22 768.13 907.84 2841.13 3516.38
ynao_sd_19591115_0220_chen 67 39 28 13 0 2708.0 3836.68 553.25 730.31 2154.75 3106.37
ynao_sd_19591116_0610_chen 44 34 10 9 0 1668.47 3289.56 428.64 805.36 1239.83 2484.2
ynao_sd_19591117_0340_chen 14 4 10 8 0 1053.9 2288.36 191.23 405.02 862.67 1883.34
ynao_sd_19591118_0140_chen 19 11 8 6 0 693.77 1493.42 171.81 294.12 521.96 1199.3
ynao_sd_19591119_0200_chen 8 2 6 4 0 365.5 739.47 78.32 229.44 287.18 510.03
ynao_sd_19591120_0100_chen 14 5 9 3 0 911.48 3152.41 180.82 552.83 730.66 2599.58
ynao_sd_19591121_0610_gong 16 11 5 1 0 1414.64 2638.97 227.76 382.29 1186.88 2256.68
ynao_sd_19591122_0150_chen 33 27 6 1 0 1680.95 2487.89 325.02 453.73 1355.93 2034.16
ynao_sd_19591123_0120_chen 51 32 19 7 0 2733.93 4514.72 408.87 613.28 2325.06 3901.44
ynao_sd_19591124_0120_chen 67 41 26 13 0 2544.9 3160.57 587.18 756.12 1957.72 2404.45
ynao_sd_19591125_0120_chen 63 37 26 10 0 3088.55 4080.01 620.71 798.81 2467.84 3281.2
ynao_sd_19591126_0130_chen 63 37 26 12 0 4204.16 7957.7 665.85 997.62 3538.31 6960.08
ynao_sd_19591127_0640_chen 62 26 36 15 0 3751.87 5372.37 719.26 1029.59 3032.61 4342.78
ynao_sd_19591128_0600_chen 76 41 35 14 0 3930.43 5110.6 786.29 1012.13 3144.14 4098.47
ynao_sd_19591129_0610_chen 89 39 50 16 0 4098.09 5131.96 690.19 861.19 3407.9 4270.77
ynao_sd_19591130_0120_chen 75 34 41 10 1 5220.06 6684.55 763.91 981.83 4456.15 5702.72
ynao_sd_19591201_0140_chen 98 44 54 16 0 5896.78 8997.88 922.82 1176.18 4973.96 7821.7
ynao_sd_19591202_0800_chen 95 49 46 20 0 4902.45 7419.3 699.62 801.04 4202.83 6618.26
ynao_sd_19591203_0300_chen 91 47 44 16 1 3932.92 5168.02 767.49 1016.97 3165.43 4151.05
ynao_sd_19591204_0110_chen 73 44 29 16 0 4086.0 5179.96 770.16 956.5 3315.84 4223.46
ynao_sd_19591205_0320_gong 90 44 46 9 0 4180.84 5233.26 730.39 906.53 3450.45 4326.73
ynao_sd_19591206_0200_chen 86 37 49 17 0 3845.63 4844.72 623.77 797.06 3221.86 4047.66
ynao_sd_19591208_0120_chen 63 34 29 15 0 3810.46 4716.81 399.27 474.49 3411.19 4242.32
ynao_sd_19591209_0130_chen 51 32 19 6 0 1325.38 1777.44 345.8 527.87 979.58 1249.57
ynao_sd_19591210_0230_niu 39 25 14 7 0 2364.58 3858.38 356.78 695.9 2007.8 3162.48
ynao_sd_19591211_0150_chen 22 13 9 6 0 1888.98 3794.66 394.67 720.79 1494.31 3073.87
ynao_sd_19591212_0100_chen 31 22 9 5 0 2375.41 3608.2 447.7 677.86 1927.71 2930.34
ynao_sd_19591213_0140_chen 31 17 14 6 0 2522.66 3325.88 475.57 615.36 2047.09 2710.52
ynao_sd_19591214_0220_chen 32 24 8 5 0 2597.79 3143.41 601.47 733.25 1996.32 2410.16
ynao_sd_19591215_0210_gong 31 19 12 7 0 2870.44 3332.27 576.0 663.87 2294.44 2668.4
ynao_sd_19591216_0500_gong 33 26 7 6 0 3054.89 3532.41 629.5 775.67 2425.39 2756.74
ynao_sd_19591217_0250_gong 46 35 11 7 0 3429.81 4304.69 637.44 792.4 2792.37 3512.29
ynao_sd_19591218_0250_gong 42 32 10 7 0 2576.43 3556.92 548.56 715.93 2027.87 2840.99
ynao_sd_19591219_0230_gong 60 36 24 12 0 3192.63 4547.49 694.81 971.22 2497.82 3576.27
ynao_sd_19591221_0240_gong 71 45 26 12 0 2785.1 3951.96 699.75 934.28 2085.35 3017.68
ynao_sd_19591222_0240_gong 48 30 18 13 0 2244.17 2773.53 566.08 711.97 1678.09 2061.56
ynao_sd_19591223_0220_gong 43 31 12 9 0 1880.7 2059.16 477.19 571.98 1403.51 1487.18
ynao_sd_19591226_0240_chen 46 29 17 10 0 1130.34 1932.04 374.41 550.51 755.93 1381.53
ynao_sd_19591227_0340_gong 64 48 16 10 0 1535.71 2582.89 458.11 717.88 1077.6 1865.01
ynao_sd_19591228_0300_gong 53 34 19 6 0 1786.0 2522.48 456.45 646.55 1329.55 1875.93
ynao_sd_19591229_0240_gong 51 36 15 6 0 2333.99 3625.52 527.99 849.52 1806.0 2776.0
ynao_sd_19591230_0230_gong 38 23 15 9 0 1958.94 2918.7 375.51 524.57 1583.43 2394.13
