ynao_sd_19620101_0747_gong 5 4 1 1 0 116.98 230.8 42.48 97.05 74.5 133.75
ynao_sd_19620103_0520_li 6 5 1 1 0 84.31 325.76 61.92 268.06 22.39 57.7
ynao_sd_19620104_0240_li 5 4 1 1 0 69.04 124.58 27.34 49.89 41.7 74.69
ynao_sd_19620105_0240_li 5 4 1 1 0 75.9 101.14 26.74 33.02 49.16 68.12
ynao_sd_19620107_0210_li 5 5 0 0 0 61.07 78.89 61.07 78.89 0 0
ynao_sd_19620108_0500_li 1 1 0 0 0 12.12 12.84 12.12 12.84 0 0
ynao_sd_19620109_0440_li 2 2 0 0 0 10.3 15.86 10.3 15.86 0 0
ynao_sd_19620110_0600_li 5 5 0 0 0 86.57 102.01 86.57 102.01 0 0
ynao_sd_19620111_0110_li 3 3 0 0 0 12.56 15.38 12.56 15.38 0 0
ynao_sd_19620112_0125_li 0 0 0 0 0 0 0 0 0 0 0
ynao_sd_19620113_0115_li 7 7 0 1 0 1117.41 1889.99 53.57 166.55 1063.84 1723.44
ynao_sd_19620114_0410_li 10 9 1 0 0 107.83 219.99 113.18 233.36 5.35 13.37
ynao_sd_19620115_0115_chen 2 2 0 1 0 56.36 109.38 16.42 29.7 39.94 79.68
ynao_sd_19620116_0730_chen 7 6 1 0 0 85.91 162.98 110.08 284.01 24.17 121.03
ynao_sd_19620118_0340_chen 4 4 0 0 0 24.93 29.11 24.93 29.11 0 0
ynao_sd_19620121_0450_chen 23 7 16 2 0 1721.99 2332.72 386.76 527.57 1335.23 1805.15
ynao_sd_19620123_0610_chen 19 7 12 4 0 2031.78 2154.91 377.41 401.06 1654.37 1753.85
ynao_sd_19620124_0300_li 39 18 21 10 0 2187.31 2858.69 371.48 474.31 1815.83 2384.38
ynao_sd_19620125_0300_li 28 15 13 6 0 2326.8 2838.52 379.18 471.86 1947.62 2366.66
ynao_sd_19620127_0715_gong 32 24 8 6 0 1701.71 2260.82 347.67 454.9 1354.04 1805.92
ynao_sd_19620131_0800_chen 35 25 10 6 0 2815.29 5449.14 286.89 482.5 2528.4 4966.64
ynao_sd_19620201_0240_li 46 17 29 6 0 1789.75 2246.0 407.64 594.95 1382.11 1651.05
ynao_sd_19620202_0210_li 32 15 17 6 0 1540.26 2144.29 315.94 432.87 1224.32 1711.42
ynao_sd_19620203_0700_chen 30 21 9 5 0 1099.75 1930.23 296.5 469.0 803.25 1461.23
ynao_sd_19620204_0420_li 16 7 9 4 0 630.57 1507.34 117.27 253.39 513.3 1253.95
ynao_sd_19620205_0210_chen 9 8 1 1 0 308.22 1200.8 80.03 192.3 228.19 1008.5
ynao_sd_19620206_0440_li 15 15 0 0 0 121.93 141.55 121.93 141.55 0 0
ynao_sd_19620207_0210_li 7 7 0 0 0 57.14 61.73 57.14 61.73 0 0
ynao_sd_19620208_0110_li 9 9 0 0 0 51.29 64.79 51.29 64.79 0 0
ynao_sd_19620210_0100_li 8 7 1 1 0 84.09 176.79 57.54 118.99 26.55 57.8
ynao_sd_19620211_0140_chen 4 4 0 0 0 33.02 87.87 33.02 87.87 0 0
ynao_sd_19620212_0130_li 2 2 0 0 0 24.44 26.5 24.44 26.5 0 0
ynao_sd_19620213_0120_li 5 5 0 1 0 951.22 2079.81 30.01 93.1 921.21 1986.71
ynao_sd_19620216_0550_li 6 3 3 2 0 293.06 443.2 39.16 57.89 253.9 385.31
ynao_sd_19620217_0320_li 3 0 3 2 0 250.65 317.76 27.33 34.58 223.32 283.18
ynao_sd_19620218_0800_li 8 5 3 2 0 309.31 360.73 61.52 90.09 247.79 270.64
ynao_sd_19620220_0120_li 14 9 5 3 0 509.98 885.98 209.49 477.26 300.49 408.72
ynao_sd_19620221_0100_li 23 11 12 7 0 1158.71 2421.32 259.05 501.43 899.66 1919.89
ynao_sd_19620222_0135_li 27 10 17 8 0 1749.08 2752.86 309.52 463.4 1439.56 2289.46
ynao_sd_19620223_0520_li 39 18 21 11 0 2266.98 2871.12 407.16 527.98 1859.82 2343.14
ynao_sd_19620224_0110_li 51 21 30 7 0 2545.72 2880.87 525.66 603.54 2020.06 2277.33
ynao_sd_19620225_0200_chen 35 15 20 10 0 2467.21 2599.12 443.5 505.3 2023.71 2093.82
ynao_sd_19620226_0110_chen 32 19 13 8 0 2350.82 2421.52 458.39 487.32 1892.43 1934.2
ynao_sd_19620227_0150_li 44 30 14 8 0 2102.08 2383.62 501.09 679.58 1600.99 1704.04
ynao_sd_19620228_0600_li 36 17 19 8 0 1964.18 2474.12 336.17 407.81 1628.01 2066.31
ynao_sd_19620301_0720_li 29 17 12 5 0 1573.58 2298.04 265.54 377.47 1308.04 1920.57
ynao_sd_19620303_0420_li 17 9 8 6 0 691.57 1646.9 162.25 368.42 529.32 1278.48
ynao_sd_19620304_0230_chen 7 4 3 3 0 1463.57 1793.98 163.45 232.49 1300.12 1561.49
ynao_sd_19620305_0150_li 7 6 1 1 0 198.93 224.15 132.74 155.82 66.19 68.33
ynao_sd_19620306_0120_li 13 13 0 0 0 111.92 124.98 111.92 124.98 0 0
ynao_sd_19620307_0100_li 12 12 0 0 0 117.88 133.78 117.88 133.78 0 0
ynao_sd_19620308_0100_li 10 10 0 0 0 58.89 70.66 58.89 70.66 0 0
ynao_sd_19620309_0110_li 6 6 0 0 0 43.7 55.81 43.7 55.81 0 0
ynao_sd_19620310_0130_li 5 4 1 1 0 536.75 1547.75 30.35 62.42 506.4 1485.33
ynao_sd_19620311_0100_gong 3 3 0 0 0 16.28 18.54 16.28 18.54 0 0
ynao_sd_19620312_0120_li 4 4 0 0 0 126.32 196.89 126.32 196.89 0 0
ynao_sd_19620313_0120_li 8 7 1 0 0 64.22 150.44 68.22 163.68 4.0 13.24
ynao_sd_19620314_0100_li 3 1 2 1 0 181.02 357.82 22.73 45.64 158.29 312.18
ynao_sd_19620315_0105_li 7 6 1 1 0 100.86 158.14 49.8 95.93 51.06 62.21
ynao_sd_19620317_0130_li 5 4 1 1 0 131.87 149.52 89.86 103.22 42.01 46.3
ynao_sd_19620318_0130_chen 8 7 1 1 0 86.8 295.07 72.23 279.77 14.57 15.3
ynao_sd_19620319_0120_li 13 12 1 1 0 234.03 686.13 193.75 562.5 40.28 123.63
ynao_sd_19620320_0620_li 16 11 5 3 0 786.46 2184.49 155.03 358.64 631.43 1825.85
ynao_sd_19620321_0115_li 20 9 11 5 0 1257.65 2455.78 288.35 513.35 969.3 1942.43
ynao_sd_19620322_0150_li 45 37 8 3 0 1592.97 2384.35 455.17 661.85 1137.8 1722.5
ynao_sd_19620323_0220_chen 36 26 10 6 0 2340.8 2845.19 381.54 501.75 1959.26 2343.44
ynao_sd_19620325_0730_chen 25 15 10 4 0 1647.26 1773.49 317.93 381.33 1329.33 1392.16
ynao_sd_19620326_0810_chen 37 30 7 3 0 1554.72 1678.53 414.03 466.51 1140.69 1212.02
ynao_sd_19620327_0300_chen 24 12 12 4 0 2017.27 2317.68 219.68 269.06 1797.59 2048.62
ynao_sd_19620329_0250_li 15 9 6 4 0 706.39 1071.49 160.93 224.32 545.46 847.17
ynao_sd_19620330_0510_li 11 6 5 4 0 430.32 974.65 120.86 247.19 309.46 727.46
ynao_sd_19620331_0550_li 10 10 0 0 0 141.41 319.73 141.41 319.73 0 0
ynao_sd_19620401_0120_li 15 15 0 0 0 115.88 160.29 115.88 160.29 0 0
ynao_sd_19620402_0100_li 12 10 2 1 0 170.02 223.81 128.4 179.42 41.62 44.39
ynao_sd_19620403_0210_li 14 11 3 2 0 315.95 372.74 137.28 157.1 178.67 215.64
ynao_sd_19620404_0120_li 15 10 5 3 0 305.12 430.57 133.67 213.81 171.45 216.76
ynao_sd_19620405_0105_li 5 4 1 1 0 99.54 144.07 59.17 99.15 40.37 44.92
ynao_sd_19620406_0130_li 5 4 1 0 0 112.82 125.34 121.54 136.49 8.72 11.15
ynao_sd_19620407_0100_li 9 9 0 0 0 71.72 115.86 71.72 115.86 0 0
ynao_sd_19620408_0220_chen 11 11 0 0 0 63.12 106.33 63.12 106.33 0 0
ynao_sd_19620409_0120_li 10 9 1 1 0 117.09 216.28 85.67 138.49 31.42 77.79
ynao_sd_19620410_0100_li 10 10 0 0 0 129.21 305.78 129.21 305.78 0 0
ynao_sd_19620411_0820_li 3 3 0 0 0 66.48 308.17 66.48 308.17 0 0
ynao_sd_19620412_0120_li 9 7 2 2 0 216.44 441.63 114.69 154.37 101.75 287.26
ynao_sd_19620414_0300_li 25 15 10 7 0 939.86 1287.9 256.85 410.66 683.01 877.24
ynao_sd_19620415_0150_chen 31 16 15 8 0 918.95 1239.88 202.92 317.26 716.03 922.62
ynao_sd_19620416_0120_li 31 19 12 7 0 1356.48 1690.0 385.06 532.63 971.42 1157.37
ynao_sd_19620417_0110_li 29 14 15 8 0 1103.7 1311.43 264.56 316.49 839.14 994.94
ynao_sd_19620418_0340_li 41 28 13 7 0 1147.27 1417.83 293.15 355.46 854.12 1062.37
ynao_sd_19620419_0110_li 24 16 8 5 0 1062.57 1219.33 235.72 277.87 826.85 941.46
ynao_sd_19620420_0220_li 20 10 10 5 0 876.85 1085.12 186.88 221.36 689.97 863.76
ynao_sd_19620421_0115_li 17 9 8 3 0 790.42 922.55 197.26 227.12 593.16 695.43
ynao_sd_19620422_0700_chen 28 21 7 5 0 1328.17 2138.39 254.0 340.42 1074.17 1797.97
ynao_sd_19620423_0130_li 16 12 4 2 0 305.83 543.19 117.96 186.27 187.87 356.92
ynao_sd_19620424_0650_li 13 13 0 0 0 138.84 201.77 138.84 201.77 0 0
ynao_sd_19620425_0100_li 7 5 2 1 0 202.79 897.05 52.64 177.18 150.15 719.87
ynao_sd_19620426_0120_li 7 5 2 2 0 499.79 1161.8 109.56 243.02 390.23 918.78
ynao_sd_19620427_0130_li 11 7 4 4 0 1376.05 2790.28 199.11 311.97 1176.94 2478.31
ynao_sd_19620428_0740_li 10 6 4 2 0 1020.41 1277.1 191.12 240.76 829.29 1036.34
ynao_sd_19620430_0420_li 12 8 4 3 0 982.56 1052.28 205.17 245.42 777.39 806.86
ynao_sd_19620501_0530_chen 18 15 3 3 0 1088.3 1179.07 279.17 350.87 809.13 828.2
ynao_sd_19620502_0130_chen 21 17 4 2 0 929.2 1080.87 242.03 299.29 687.17 781.58
ynao_sd_19620503_0100_chen 21 12 9 5 0 907.46 1077.2 198.57 248.74 708.89 828.46
ynao_sd_19620504_0120_li 18 13 5 3 0 1459.48 2863.58 153.42 215.91 1306.06 2647.67
ynao_sd_19620505_0100_li 11 6 5 2 0 497.4 775.12 131.43 176.47 365.97 598.65
ynao_sd_19620506_0140_chen 10 6 4 1 0 293.63 594.02 128.01 195.75 165.62 398.27
ynao_sd_19620507_0120_li 8 7 1 1 0 1113.25 1421.59 129.39 344.14 983.86 1077.45
ynao_sd_19620508_0140_li 3 1 2 2 0 642.81 680.83 18.91 24.3 623.9 656.53
ynao_sd_19620509_0120_li 7 6 1 1 0 128.36 319.41 59.89 87.43 68.47 231.98
ynao_sd_19620510_0100_li 9 8 1 1 0 278.71 487.21 132.76 184.74 145.95 302.47
ynao_sd_19620511_0130_li 16 10 6 2 0 606.44 892.81 178.7 241.42 427.74 651.39
ynao_sd_19620514_0300_li 9 7 2 1 0 393.35 408.82 113.98 125.23 279.37 283.59
ynao_sd_19620515_0120_li 7 5 2 1 0 272.83 278.61 56.4 60.18 216.43 218.43
ynao_sd_19620516_0120_li 4 2 2 1 0 189.12 199.65 35.72 37.59 153.4 162.06
ynao_sd_19620517_0120_li 5 3 2 1 0 310.33 450.94 113.28 220.95 197.05 229.99
ynao_sd_19620519_0910_li 11 10 1 1 0 235.88 372.21 163.99 227.26 71.89 144.95
ynao_sd_19620520_0630_chen 3 2 1 1 0 59.66 154.17 19.59 33.55 40.07 120.62
ynao_sd_19620521_0130_li 8 3 5 2 0 132.53 279.61 67.52 108.79 65.01 170.82
ynao_sd_19620522_0000_li 14 7 7 4 0 585.65 1381.27 110.6 182.66 475.05 1198.61
ynao_sd_19620524_0820_li 16 8 8 6 0 1134.32 1535.23 212.34 267.16 921.98 1268.07
ynao_sd_19620526_0050_li 25 18 7 4 0 1072.56 1162.84 230.74 255.09 841.82 907.75
ynao_sd_19620527_0200_li 17 7 10 7 0 1228.77 1263.02 209.79 223.21 1018.98 1039.81
ynao_sd_19620528_0050_li 15 12 3 1 0 1136.46 1156.0 235.45 245.96 901.01 910.04
ynao_sd_19620529_0040_li 15 11 4 2 0 1093.57 1184.7 246.9 290.54 846.67 894.16
ynao_sd_19620530_0120_li 23 18 5 2 0 1069.03 1302.32 236.22 316.39 832.81 985.93
ynao_sd_19620531_0100_li 11 4 7 4 0 910.11 1390.02 143.09 213.64 767.02 1176.38
ynao_sd_19620601_0210_li 11 8 3 1 0 475.5 812.3 133.62 209.54 341.88 602.76
ynao_sd_19620602_0005_li 11 9 2 1 0 400.62 940.93 116.44 240.74 284.18 700.19
ynao_sd_19620603_0200_chen 2 1 1 1 0 126.31 593.87 25.1 91.61 101.21 502.26
ynao_sd_19620605_0410_li 3 3 0 0 0 54.12 128.87 54.12 128.87 0 0
ynao_sd_19620606_0220_li 13 13 0 0 0 121.47 206.79 121.47 206.79 0 0
ynao_sd_19620613_0750_li 11 11 0 0 0 53.3 63.92 53.3 63.92 0 0
ynao_sd_19620614_0810_li 16 15 1 0 0 104.56 109.37 109.86 116.58 5.3 7.21
ynao_sd_19620615_0305_li 20 18 2 2 0 1964.22 2654.68 118.73 132.55 1845.49 2522.13
ynao_sd_19620618_0150_li 11 9 2 1 0 1097.09 4347.06 104.96 169.33 992.13 4177.73
ynao_sd_19620619_0700_li 24 21 3 2 0 962.3 1888.8 117.56 207.65 844.74 1681.15
ynao_sd_19620620_0320_li 10 9 1 1 0 146.28 263.76 81.54 182.98 64.74 80.78
ynao_sd_19620621_0705_li 14 14 0 0 0 102.32 123.48 102.32 123.48 0 0
ynao_sd_19620622_0920_li 21 19 2 1 0 841.15 915.46 220.75 269.69 620.4 645.77
ynao_sd_19620623_0400_li 11 11 0 0 0 73.36 80.92 73.36 80.92 0 0
ynao_sd_19620625_0820_li 9 7 2 2 0 461.3 1039.6 86.02 173.81 375.28 865.79
ynao_sd_19620626_0625_li 9 5 4 3 0 666.84 1173.56 117.75 206.31 549.09 967.25
ynao_sd_19620627_0800_li 14 7 7 3 0 931.41 1275.49 171.93 243.01 759.48 1032.48
ynao_sd_19620628_0830_li 7 2 5 3 0 1151.33 1321.02 146.0 169.63 1005.33 1151.39
ynao_sd_19620629_0830_li 17 12 5 3 0 1158.28 1220.59 158.03 167.29 1000.25 1053.3
ynao_sd_19620630_0430_li 16 10 6 4 0 1054.16 1080.93 154.11 161.79 900.05 919.14
ynao_sd_19620703_0350_li 10 8 2 2 0 572.32 750.13 119.5 179.74 452.82 570.39
ynao_sd_19620705_0730_li 6 3 3 2 0 281.83 660.73 50.51 113.28 231.32 547.45
ynao_sd_19620706_0210_li 5 4 1 2 0 1176.05 2833.11 39.73 81.8 1136.32 2751.31
ynao_sd_19620707_0010_li 6 5 1 2 0 1383.57 1811.59 61.01 105.23 1322.56 1706.36
ynao_sd_19620709_0240_li 5 4 1 1 0 443.33 631.81 121.41 171.25 321.92 460.56
ynao_sd_19620710_0130_li 2 1 1 1 0 453.8 544.62 58.48 69.34 395.32 475.28
ynao_sd_19620711_0330_li 7 6 1 1 0 443.15 471.99 74.54 80.67 368.61 391.32
ynao_sd_19620712_0540_li 6 5 1 1 0 527.97 542.51 128.04 139.36 399.93 403.15
ynao_sd_19620713_0210_chen 10 8 2 1 0 530.06 539.48 129.7 135.09 400.36 404.39
ynao_sd_19620714_0440_li 6 5 1 1 0 545.38 607.76 119.73 154.3 425.65 453.46
ynao_sd_19620715_0230_chen 6 3 3 1 0 505.99 618.72 104.37 146.97 401.62 471.75
ynao_sd_19620716_0210_li 4 2 2 1 0 337.45 487.06 49.56 83.86 287.89 403.2
ynao_sd_19620717_0250_li 7 5 2 1 0 224.7 413.36 49.3 92.34 175.4 321.02
ynao_sd_19620718_0030_li 10 5 5 1 0 226.45 517.48 104.28 180.1 122.17 337.38
ynao_sd_19620719_0030_li 5 3 2 1 0 737.67 980.17 39.12 45.5 698.55 934.67
ynao_sd_19620720_0440_gong 2 2 0 0 0 17.31 19.35 17.31 19.35 0 0
ynao_sd_19620721_0630_li 5 5 0 0 0 68.6 160.86 68.6 160.86 0 0
ynao_sd_19620724_0050_li 7 7 0 0 0 104.47 133.24 104.47 133.24 0 0
ynao_sd_19620725_0120_li 6 6 0 0 0 105.33 139.78 105.33 139.78 0 0
ynao_sd_19620726_0120_li 10 9 1 1 0 810.53 1289.04 76.6 106.95 733.93 1182.09
ynao_sd_19620728_0750_li 8 8 0 0 0 113.83 135.08 113.83 135.08 0 0
ynao_sd_19620729_0250_chen 4 4 0 0 0 23.13 25.04 23.13 25.04 0 0
ynao_sd_19620730_0040_li 3 3 0 0 0 38.72 47.79 38.72 47.79 0 0
ynao_sd_19620803_0140_li 2 2 0 0 0 10.08 12.81 10.08 12.81 0 0
ynao_sd_19620804_0740_chen 3 3 0 0 0 18.97 24.55 18.97 24.55 0 0
ynao_sd_19620806_0630_li 3 3 0 0 0 22.49 27.79 22.49 27.79 0 0
ynao_sd_19620807_0520_li 4 3 1 0 0 19.73 20.74 55.72 56.74 35.99 36.0
ynao_sd_19620808_0240_li 3 3 0 0 0 18.69 25.39 18.69 25.39 0 0
ynao_sd_19620812_0735_gong 2 2 0 0 0 12.18 12.49 12.18 12.49 0 0
ynao_sd_19620813_0500_li 12 12 0 0 0 158.13 182.57 158.13 182.57 0 0
ynao_sd_19620814_0720_li 18 18 0 1 0 137.76 263.22 113.47 186.01 24.29 77.21
ynao_sd_19620816_0550_li 21 18 3 3 0 416.65 542.85 161.85 216.2 254.8 326.65
ynao_sd_19620821_0250_li 15 12 3 2 0 153.78 173.27 98.02 115.03 55.76 58.24
ynao_sd_19620822_0640_li 8 8 0 0 0 109.42 137.6 109.42 137.6 0 0
ynao_sd_19620823_0250_li 12 11 1 1 0 112.18 154.53 54.44 74.18 57.74 80.35
ynao_sd_19620824_0100_li 9 9 0 0 0 82.24 197.86 82.24 197.86 0 0
ynao_sd_19620825_0135_gong 4 4 0 0 0 71.82 122.66 71.82 122.66 0 0
ynao_sd_19620829_0350_li 5 5 0 0 0 46.98 102.17 46.98 102.17 0 0
ynao_sd_19620830_0740_li 6 6 0 0 0 119.99 205.67 119.99 205.67 0 0
ynao_sd_19620831_0002_li 9 9 0 0 0 76.86 89.95 76.86 89.95 0 0
ynao_sd_19620901_0120_gong 7 7 0 0 0 35.49 37.96 35.49 37.96 0 0
ynao_sd_19620902_0107_li 19 12 7 4 0 411.74 766.48 186.6 282.69 225.14 483.79
ynao_sd_19620903_0210_li 28 20 8 3 0 639.79 945.05 235.88 292.16 403.91 652.89
ynao_sd_19620904_0030_li 37 18 19 10 0 1328.86 1794.55 304.94 426.85 1023.92 1367.7
ynao_sd_19620905_0800_li 30 16 14 5 0 2155.68 2702.65 353.92 458.31 1801.76 2244.34
ynao_sd_19620906_0115_gong 17 8 9 4 0 2031.11 2584.47 343.19 438.5 1687.92 2145.97
ynao_sd_19620907_0120_li 20 12 8 4 0 1468.68 1930.87 207.77 278.5 1260.91 1652.37
ynao_sd_19620908_0115_li 31 23 8 4 0 1200.3 1551.65 285.04 397.98 915.26 1153.67
ynao_sd_19620909_0020_li 23 17 6 3 0 1140.79 1400.5 248.52 350.18 892.27 1050.32
ynao_sd_19620910_0030_li 23 15 8 3 0 2051.49 3564.44 224.36 279.48 1827.13 3284.96
ynao_sd_19620911_0050_li 10 6 4 2 0 697.84 897.52 95.37 130.42 602.47 767.1
ynao_sd_19620912_0340_cheng 18 10 8 4 0 717.01 1189.62 143.03 248.4 573.98 941.22
ynao_sd_19620913_0610_cheng 21 13 8 6 0 624.96 1215.99 140.52 237.6 484.44 978.39
ynao_sd_19620914_0720_cheng 20 10 10 4 0 463.65 643.87 109.93 146.35 353.72 497.52
ynao_sd_19620915_0600_li 20 13 7 4 0 1282.59 1652.71 138.39 241.91 1144.2 1410.8
ynao_sd_19620917_0830_cheng 23 15 8 4 0 413.42 429.06 119.98 124.14 293.44 304.92
ynao_sd_19620918_0230_cheng 21 15 6 2 0 387.8 419.98 124.66 138.66 263.14 281.32
ynao_sd_19620919_0620_cheng 17 12 5 2 0 285.14 347.24 105.33 131.18 179.81 216.06
ynao_sd_19620920_0600_li 9 7 2 2 0 104.91 147.46 37.82 53.27 67.09 94.19
ynao_sd_19620921_0030_li 9 7 2 2 0 98.07 152.78 51.16 74.74 46.91 78.04
ynao_sd_19620922_0020_li 6 6 0 0 0 84.19 176.3 84.19 176.3 0 0
ynao_sd_19620926_0700_li 27 25 2 1 0 313.15 323.13 153.85 163.64 159.3 159.49
ynao_sd_19620927_0120_li 18 16 2 1 0 316.03 343.16 199.37 225.02 116.66 118.14
ynao_sd_19620930_0320_li 7 4 3 3 0 735.54 920.69 42.63 83.71 692.91 836.98
ynao_sd_19621001_0110_cheng 21 12 9 5 0 547.08 846.66 184.19 264.15 362.89 582.51
ynao_sd_19621002_0100_cheng 17 10 7 4 0 393.72 526.58 122.98 179.4 270.74 347.18
ynao_sd_19621003_0130_cheng 14 10 4 3 0 335.39 368.0 110.68 121.16 224.71 246.84
ynao_sd_19621005_0120_cheng 6 4 2 1 0 234.88 237.22 86.74 89.09 148.14 148.13
ynao_sd_19621007_0440_li 6 5 1 1 0 191.43 217.9 81.78 95.31 109.65 122.59
ynao_sd_19621009_0520_li 10 4 6 3 0 243.57 556.82 49.37 91.23 194.2 465.59
ynao_sd_19621011_0440_li 17 11 6 4 0 610.01 785.28 174.33 230.85 435.68 554.43
ynao_sd_19621013_0030_li 23 20 3 3 0 545.11 619.77 219.08 258.24 326.03 361.53
ynao_sd_19621017_0755_li 24 22 2 2 0 245.76 459.94 162.82 365.11 82.94 94.83
ynao_sd_19621018_0955_li 9 9 0 0 0 64.17 81.06 64.17 81.06 0 0
ynao_sd_19621021_0350_cheng 14 10 4 2 0 296.66 616.19 83.74 179.69 212.92 436.5
ynao_sd_19621022_0210_li 7 4 3 2 0 389.39 604.67 90.0 162.67 299.39 442.0
ynao_sd_19621023_0145_li 7 4 3 2 0 400.22 515.04 83.11 116.42 317.11 398.62
ynao_sd_19621024_0155_li 12 10 2 1 0 483.5 539.9 110.83 127.25 372.67 412.65
ynao_sd_19621025_0100_cheng 11 7 4 2 0 332.96 364.85 64.94 89.18 268.02 275.67
ynao_sd_19621026_0240_cheng 7 5 2 2 0 412.08 449.44 83.27 119.4 328.81 330.04
ynao_sd_19621027_0440_li 13 11 2 2 0 300.29 407.42 116.49 216.6 183.8 190.82
ynao_sd_19621029_0240_cheng 5 2 3 2 0 218.52 288.19 47.1 62.11 171.42 226.08
ynao_sd_19621101_0135_li 6 6 0 0 0 63.5 107.16 63.5 107.16 0 0
ynao_sd_19621102_0050_li 9 9 0 0 0 43.57 49.68 43.57 49.68 0 0
ynao_sd_19621103_0210_li 10 10 0 0 0 53.96 63.48 53.96 63.48 0 0
ynao_sd_19621104_0630_li 8 8 0 0 0 63.14 87.92 63.14 87.92 0 0
ynao_sd_19621105_0450_li 1 1 0 0 0 5.23 22.85 5.23 22.85 0 0
ynao_sd_19621106_0050_li 2 2 0 0 0 92.85 96.65 92.85 96.65 0 0
ynao_sd_19621107_0100_li 7 5 2 1 0 295.15 791.87 96.26 176.35 198.89 615.52
ynao_sd_19621108_0050_li 1 0 1 1 0 310.56 592.79 41.35 78.57 269.21 514.22
ynao_sd_19621109_0350_li 4 3 1 1 0 514.3 724.39 103.83 148.65 410.47 575.74
ynao_sd_19621110_0430_li 4 3 1 1 0 595.82 728.68 128.16 179.46 467.66 549.22
ynao_sd_19621111_0150_cheng 5 4 1 1 0 658.91 720.04 158.12 175.39 500.79 544.65
ynao_sd_19621112_0050_li 6 5 1 1 0 712.05 791.93 144.97 197.92 567.08 594.01
ynao_sd_19621113_0050_li 18 17 1 1 0 685.54 743.84 183.36 213.48 502.18 530.36
ynao_sd_19621114_0010_li 31 26 5 4 0 808.62 975.98 261.65 365.54 546.97 610.44
ynao_sd_19621115_0215_li 26 25 1 1 0 657.52 815.67 238.51 284.0 419.01 531.67
ynao_sd_19621116_0240_li 32 29 3 2 0 644.28 901.12 251.56 313.93 392.72 587.19
ynao_sd_19621117_0120_li 35 31 4 3 0 657.04 949.84 227.02 292.83 430.02 657.01
ynao_sd_19621118_0140_cheng 21 18 3 2 0 434.55 772.2 148.18 213.42 286.37 558.78
ynao_sd_19621119_0115_li 21 19 2 1 0 338.31 575.2 169.95 383.61 168.36 191.59
ynao_sd_19621120_0110_li 8 7 1 1 0 298.15 368.21 172.91 201.1 125.24 167.11
ynao_sd_19621121_0130_cheng 4 2 2 1 0 107.35 166.71 50.23 68.53 57.12 98.18
ynao_sd_19621122_0520_cheng 2 1 1 1 0 80.38 215.35 12.95 30.82 67.43 184.53
ynao_sd_19621123_0140_cheng 3 3 0 0 0 31.96 93.29 31.96 93.29 0 0
ynao_sd_19621124_0550_li 2 2 0 0 0 177.22 371.07 177.22 371.07 0 0
ynao_sd_19621125_0150_cheng 9 9 0 0 0 66.3 73.85 66.3 73.85 0 0
ynao_sd_19621126_0120_cheng 11 10 1 1 0 172.21 325.56 99.4 125.8 72.81 199.76
ynao_sd_19621127_0630_cheng 2 1 1 1 0 122.94 199.53 18.59 29.19 104.35 170.34
ynao_sd_19621202_0600_li 10 5 5 3 0 476.13 536.31 159.35 205.13 316.78 331.18
ynao_sd_19621203_0415_li 7 2 5 4 0 416.85 447.19 116.0 126.0 300.85 321.19
ynao_sd_19621205_0640_li 8 4 4 2 0 275.91 466.82 83.16 114.11 192.75 352.71
ynao_sd_19621206_0415_li 9 7 2 2 0 353.45 545.3 102.6 159.79 250.85 385.51
ynao_sd_19621207_0115_li 8 5 3 2 0 1006.43 1599.19 58.35 143.4 948.08 1455.79
ynao_sd_19621208_0710_li 5 3 2 1 0 186.59 202.27 40.77 46.4 145.82 155.87
ynao_sd_19621209_0250_cheng 10 8 2 2 0 138.58 208.23 53.47 120.48 85.11 87.75
ynao_sd_19621210_0200_li 8 6 2 2 0 267.87 347.57 213.77 291.81 54.1 55.76
ynao_sd_19621211_0050_li 4 4 0 0 0 51.18 54.54 51.18 54.54 0 0
ynao_sd_19621212_0120_li 5 5 0 0 0 21.66 31.53 21.66 31.53 0 0
ynao_sd_19621213_0105_li 4 4 0 0 0 27.15 61.44 27.15 61.44 0 0
ynao_sd_19621214_0050_cheng 6 6 0 0 0 41.46 48.47 41.46 48.47 0 0
ynao_sd_19621215_0110_li 4 4 0 0 0 28.88 30.84 28.88 30.84 0 0
ynao_sd_19621217_0050_li 10 10 0 0 0 132.17 219.45 132.17 219.45 0 0
ynao_sd_19621218_0050_li 10 10 0 0 0 63.31 93.59 63.31 93.59 0 0
ynao_sd_19621219_0640_cheng 16 14 2 2 0 150.59 160.36 91.49 99.87 59.1 60.49
ynao_sd_19621220_0840_cheng 11 10 1 1 0 132.81 146.27 74.43 80.82 58.38 65.45
ynao_sd_19621221_0720_li 17 16 1 1 0 223.83 279.33 117.73 143.25 106.1 136.08
ynao_sd_19621223_0750_cheng 3 2 1 1 0 73.49 175.31 22.8 49.88 50.69 125.43
ynao_sd_19621224_0100_cheng 10 8 2 2 0 1318.69 2063.12 69.86 150.18 1248.83 1912.94
ynao_sd_19621225_0210_cheng 8 8 0 0 0 88.38 172.12 88.38 172.12 0 0
ynao_sd_19621226_0210_cheng 4 4 0 0 0 72.06 104.99 72.06 104.99 0 0
ynao_sd_19621227_0200_cheng 3 3 0 0 0 13.77 18.35 13.77 18.35 0 0
ynao_sd_19621228_0830_li 2 2 0 0 0 29.54 32.59 29.54 32.59 0 0
ynao_sd_19621229_0140_li 0 0 0 0 0 0 0 0 0 0 0
