ynao_sd_19630110_0320_li 2 2 0 1 0 813.16 864.36 16.05 50.49 797.11 813.87
ynao_sd_19630115_0600_chen 19 14 5 3 0 890.45 934.34 199.22 216.63 691.23 717.71
ynao_sd_19630117_0710_chen 15 9 6 3 0 584.33 630.69 133.69 147.27 450.64 483.42
ynao_sd_19630118_0340_chen 10 6 4 3 0 523.48 612.98 99.63 119.61 423.85 493.37
ynao_sd_19630119_0240_gong 10 6 4 3 0 423.76 571.57 96.91 127.41 326.85 444.16
ynao_sd_19630120_0230_chen 5 2 3 2 0 273.57 462.13 76.3 116.63 197.27 345.5
ynao_sd_19630121_0210_chen 6 5 1 1 0 131.86 321.1 49.0 90.27 82.86 230.83
ynao_sd_19630122_0250_chen 2 1 1 0 0 5.82 7.59 13.55 46.6 7.73 39.01
ynao_sd_19630123_0710_chen 8 8 0 0 0 46.43 65.24 46.43 65.24 0 0
ynao_sd_19630128_0600_chen 12 12 0 0 0 71.59 88.41 71.59 88.41 0 0
ynao_sd_19630129_0215_huang 13 8 5 3 0 338.64 448.54 164.06 227.4 174.58 221.14
ynao_sd_19630130_0632_gong 14 6 8 2 0 493.96 773.97 152.59 200.73 341.37 573.24
ynao_sd_19630131_0505_gong 8 4 4 2 0 485.19 1088.43 128.79 217.97 356.4 870.46
ynao_sd_19630201_0240_chen 9 6 3 1 0 352.19 1224.41 125.93 417.1 226.26 807.31
ynao_sd_19630202_0130_chen 15 13 2 1 0 170.25 300.81 81.49 150.67 88.76 150.14
ynao_sd_19630203_0140_chen 19 11 8 4 0 327.14 511.81 99.58 196.63 227.56 315.18
ynao_sd_19630204_0140_chen 19 10 9 6 0 380.48 480.41 93.05 142.98 287.43 337.43
ynao_sd_19630205_0140_chen 30 26 4 4 0 336.23 371.16 224.47 252.95 111.76 118.21
ynao_sd_19630206_0135_li 21 15 6 2 0 283.87 408.09 157.83 284.68 126.04 123.41
ynao_sd_19630208_0810_huang 19 15 4 2 0 407.73 591.0 192.69 296.41 215.04 294.59
ynao_sd_19630209_0213_li 10 9 1 1 0 156.26 241.04 79.96 138.52 76.3 102.52
ynao_sd_19630210_0230_chen 10 8 2 1 0 212.16 280.35 91.46 140.67 120.7 139.68
ynao_sd_19630211_0133_li 6 4 2 1 0 116.47 140.79 38.03 57.28 78.44 83.51
ynao_sd_19630212_0120_li 3 1 2 1 0 108.82 112.47 35.04 36.0 73.78 76.47
ynao_sd_19630213_0220_li 2 1 1 1 0 99.69 106.23 15.01 16.18 84.68 90.05
ynao_sd_19630214_0108_li 3 2 1 1 0 108.22 129.96 33.51 44.57 74.71 85.39
ynao_sd_19630215_0140_li 3 2 1 1 0 116.4 175.51 61.67 103.83 54.73 71.68
ynao_sd_19630216_0130_li 5 3 2 1 0 132.56 227.51 79.82 147.2 52.74 80.31
ynao_sd_19630217_0130_li 8 7 1 1 0 119.28 250.84 89.22 179.53 30.06 71.31
ynao_sd_19630218_0150_li 7 4 3 1 0 131.53 263.41 58.14 136.58 73.39 126.83
ynao_sd_19630219_0120_li 4 2 2 1 0 86.36 115.2 18.43 23.29 67.93 91.91
ynao_sd_19630220_0100_li 5 4 1 1 0 125.05 159.33 38.87 59.18 86.18 100.15
ynao_sd_19630221_0525_li 9 9 0 0 0 78.08 81.95 78.08 81.95 0 0
ynao_sd_19630222_0120_li 7 7 0 0 0 58.71 67.48 58.71 67.48 0 0
ynao_sd_19630224_0130_chen 5 5 0 0 0 22.73 26.5 22.73 26.5 0 0
ynao_sd_19630225_0210_chen 3 2 1 0 0 14.3 18.61 21.82 28.53 7.52 9.92
ynao_sd_19630226_0710_li 6 6 0 0 0 149.58 263.35 149.58 263.35 0 0
ynao_sd_19630227_0800_li 4 4 0 0 0 24.4 31.67 24.4 31.67 0 0
ynao_sd_19630228_0240_li 3 3 0 0 0 316.74 346.46 316.74 346.46 0 0
ynao_sd_19630303_0130_chen 2 2 0 0 0 52.46 74.24 52.46 74.24 0 0
ynao_sd_19630304_0230_li 7 4 3 1 0 125.33 342.92 61.04 104.86 64.29 238.06
ynao_sd_19630306_0107_li 9 6 3 2 0 195.04 285.3 81.35 107.8 113.69 177.5
ynao_sd_19630307_0100_li 6 4 2 2 0 187.51 237.33 63.58 79.56 123.93 157.77
ynao_sd_19630308_0120_li 9 8 1 1 0 172.24 192.56 80.28 89.19 91.96 103.37
ynao_sd_19630309_0120_li 9 8 1 1 0 141.95 154.21 99.16 108.82 42.79 45.39
ynao_sd_19630310_0120_chen 13 13 0 0 0 70.48 84.52 70.48 84.52 0 0
ynao_sd_19630311_0130_li 4 4 0 0 0 35.14 45.2 35.14 45.2 0 0
ynao_sd_19630312_0305_li 6 6 0 0 0 58.59 70.34 58.59 70.34 0 0
ynao_sd_19630313_0020_li 5 5 0 0 0 30.82 40.46 30.82 40.46 0 0
ynao_sd_19630314_0050_li 4 4 0 0 0 32.7 45.93 32.7 45.93 0 0
ynao_sd_19630315_0340_li 4 4 0 0 0 21.45 25.32 21.45 25.32 0 0
ynao_sd_19630316_0340_li 3 2 1 1 0 92.54 263.25 22.1 40.03 70.44 223.22
ynao_sd_19630317_0220_chen 2 1 1 1 0 165.97 294.7 60.62 79.55 105.35 215.15
ynao_sd_19630318_0330_li 4 3 1 1 0 169.22 250.55 38.94 57.98 130.28 192.57
ynao_sd_19630319_0240_li 3 1 2 1 0 220.09 272.61 27.65 34.43 192.44 238.18
ynao_sd_19630320_0210_li 6 4 2 1 0 224.28 253.01 45.65 54.09 178.63 198.92
ynao_sd_19630321_0100_li 4 3 1 1 0 257.9 277.89 36.29 43.2 221.61 234.69
ynao_sd_19630322_0105_li 2 1 1 1 0 239.84 252.52 33.88 35.6 205.96 216.92
ynao_sd_19630323_0105_li 3 2 1 1 0 215.93 238.1 30.71 33.6 185.22 204.5
ynao_sd_19630324_0110_chen 2 1 1 1 0 218.91 267.29 28.49 33.72 190.42 233.57
ynao_sd_19630325_0105_li 2 1 1 1 0 186.82 309.41 35.42 85.28 151.4 224.13
ynao_sd_19630326_0220_li 4 3 1 1 0 175.08 327.11 55.53 85.61 119.55 241.5
ynao_sd_19630327_0105_li 2 1 1 1 0 71.46 214.41 9.07 18.04 62.39 196.37
ynao_sd_19630330_0115_li 9 8 1 1 0 131.55 151.68 67.03 78.12 64.52 73.56
ynao_sd_19630331_0320_chen 10 8 2 1 0 206.43 214.98 64.83 68.8 141.6 146.18
ynao_sd_19630401_0130_li 8 6 2 1 0 214.29 215.87 86.87 88.35 127.42 127.52
ynao_sd_19630402_0120_li 3 1 2 1 0 148.91 150.96 56.07 56.4 92.84 94.56
ynao_sd_19630403_0210_li 11 9 2 2 0 551.57 744.93 61.23 68.45 490.34 676.48
ynao_sd_19630404_0140_li 3 3 0 0 0 32.45 40.43 32.45 40.43 0 0
ynao_sd_19630405_0130_li 3 3 0 0 0 73.02 93.97 73.02 93.97 0 0
ynao_sd_19630406_0030_li 7 7 0 1 0 747.95 1590.05 62.39 75.92 685.56 1514.13
ynao_sd_19630407_0120_chen 18 9 9 5 0 364.56 390.54 89.14 96.59 275.42 293.95
ynao_sd_19630409_0745_li 12 10 2 2 0 182.11 393.38 139.16 332.68 42.95 60.7
ynao_sd_19630410_0820_li 21 17 4 3 0 408.94 693.96 219.81 340.49 189.13 353.47
ynao_sd_19630411_0300_li 16 11 5 4 0 486.47 727.22 156.2 238.84 330.27 488.38
ynao_sd_19630412_0045_li 18 9 9 4 0 542.93 710.95 131.8 182.19 411.13 528.76
ynao_sd_19630413_0150_li 15 10 5 4 0 584.62 716.13 127.15 217.61 457.47 498.52
ynao_sd_19630414_0130_li 14 10 4 3 0 529.68 581.53 145.11 187.6 384.57 393.93
ynao_sd_19630415_0130_li 20 16 4 3 0 738.24 744.55 172.79 175.07 565.45 569.48
ynao_sd_19630416_0210_li 20 15 5 2 0 743.33 771.34 205.58 214.26 537.75 557.08
ynao_sd_19630419_0100_li 13 7 6 2 0 412.19 677.94 103.99 182.31 308.2 495.63
ynao_sd_19630420_0105_li 12 7 5 4 0 294.26 643.55 128.85 271.81 165.41 371.74
ynao_sd_19630421_0120_chen 5 4 1 1 0 185.44 506.63 91.46 148.33 93.98 358.3
ynao_sd_19630424_0830_li 0 0 0 0 0 0 0 0 0 0 0
ynao_sd_19630429_0040_li 0 0 0 0 0 0 0 0 0 0 0
ynao_sd_19630430_0050_chen 7 4 3 1 0 288.94 624.23 45.64 84.57 243.3 539.66
ynao_sd_19630501_0100_chen 9 3 6 1 0 338.67 542.04 78.32 124.41 260.35 417.63
ynao_sd_19630502_0120_li 9 6 3 1 0 472.21 578.66 163.57 179.31 308.64 399.35
ynao_sd_19630503_0110_li 7 4 3 2 0 340.89 399.36 63.82 82.77 277.07 316.59
ynao_sd_19630504_0130_chen 8 4 4 1 0 219.34 264.46 60.22 94.2 159.12 170.26
ynao_sd_19630505_0150_li 10 7 3 2 0 183.75 209.48 66.75 85.11 117.0 124.37
ynao_sd_19630506_0120_li 18 17 1 1 0 291.32 369.25 231.05 302.52 60.27 66.73
ynao_sd_19630507_0800_li 16 14 2 2 0 289.04 315.73 97.0 104.23 192.04 211.5
ynao_sd_19630508_0320_li 12 10 2 2 0 353.26 390.04 77.79 87.45 275.47 302.59
ynao_sd_19630509_0033_li 8 5 3 3 0 352.45 658.76 90.82 151.28 261.63 507.48
ynao_sd_19630510_0100_li 10 7 3 3 0 332.55 587.32 70.74 105.61 261.81 481.71
ynao_sd_19630511_0120_li 6 4 2 2 0 339.18 501.37 62.24 86.42 276.94 414.95
ynao_sd_19630512_0130_chen 22 17 5 2 0 525.98 689.26 191.66 236.67 334.32 452.59
ynao_sd_19630513_0100_li 19 18 1 1 0 444.22 538.86 152.9 220.76 291.32 318.1
ynao_sd_19630514_0150_li 19 17 2 1 0 470.5 662.01 199.33 386.03 271.17 275.98
ynao_sd_19630515_0040_li 29 17 12 4 0 948.26 1508.29 229.54 399.42 718.72 1108.87
ynao_sd_19630516_0120_li 27 17 10 5 0 1353.32 1796.37 284.42 377.72 1068.9 1418.65
ynao_sd_19630517_0115_li 33 27 6 5 0 1322.96 1613.46 308.23 381.5 1014.73 1231.96
ynao_sd_19630518_0045_li 38 30 8 5 0 1248.56 1432.04 316.53 371.87 932.03 1060.17
ynao_sd_19630519_0210_chen 31 20 11 4 0 1103.52 1290.08 250.45 343.54 853.07 946.54
ynao_sd_19630520_0130_li 9 5 4 4 0 944.83 1143.53 166.02 199.76 778.81 943.77
ynao_sd_19630521_0140_li 14 10 4 2 0 731.66 990.16 145.29 302.49 586.37 687.67
ynao_sd_19630522_0115_li 11 9 2 1 0 690.24 829.97 171.9 207.41 518.34 622.56
ynao_sd_19630523_0115_li 6 5 1 1 0 620.85 911.19 120.8 185.22 500.05 725.97
ynao_sd_19630524_0010_li 5 1 4 2 0 514.88 1049.14 74.45 155.45 440.43 893.69
ynao_sd_19630525_0050_li 4 2 2 1 0 318.79 909.33 65.91 137.79 252.88 771.54
ynao_sd_19630526_0150_chen 2 2 0 0 0 18.33 21.82 18.33 21.82 0 0
ynao_sd_19630527_0130_li 2 2 0 0 0 22.6 30.0 22.6 30.0 0 0
ynao_sd_19630528_0300_li 11 11 0 0 0 108.68 134.73 108.68 134.73 0 0
ynao_sd_19630530_0040_li 6 5 1 1 0 113.02 126.07 72.77 84.11 40.25 41.96
ynao_sd_19630530_0100_chen 17 14 3 1 0 189.89 236.23 112.31 140.85 77.58 95.38
ynao_sd_19630602_0050_li 10 9 1 1 0 88.0 155.21 68.19 115.25 19.81 39.96
ynao_sd_19630603_0205_li 6 6 0 0 0 125.85 140.1 125.85 140.1 0 0
ynao_sd_19630604_0030_li 3 3 0 0 0 21.27 35.93 21.27 35.93 0 0
ynao_sd_19630605_0130_li 3 3 0 0 0 41.01 43.98 41.01 43.98 0 0
ynao_sd_19630606_0005_li 3 3 0 0 0 12.71 18.26 12.71 18.26 0 0
ynao_sd_19630607_0030_li 3 2 1 1 0 69.12 112.86 25.9 45.0 43.22 67.86
ynao_sd_19630615_0005_li 22 13 9 2 0 1033.22 1314.64 274.82 341.68 758.4 972.96
ynao_sd_19630616_0400_chen 12 4 8 2 0 588.29 930.09 115.8 173.17 472.49 756.92
ynao_sd_19630617_0150_li 8 3 5 3 0 306.01 666.73 55.34 115.51 250.67 551.22
ynao_sd_19630618_0205_li 5 4 1 1 0 76.55 107.2 38.23 61.77 38.32 45.43
ynao_sd_19630619_0715_li 6 6 0 0 0 95.16 126.0 95.16 126.0 0 0
ynao_sd_19630620_0600_li 1 1 0 0 0 5.91 8.47 5.91 8.47 0 0
ynao_sd_19630621_0750_chen 8 8 0 0 0 43.86 84.29 43.86 84.29 0 0
ynao_sd_19630622_0115_li 4 4 0 0 0 46.42 47.43 46.42 47.43 0 0
ynao_sd_19630623_0140_chen 3 3 0 0 0 15.04 22.8 15.04 22.8 0 0
ynao_sd_19630624_0350_chen 13 13 0 0 0 86.95 106.7 86.95 106.7 0 0
ynao_sd_19630625_0750_chen 7 7 0 0 0 52.25 74.9 52.25 74.9 0 0
ynao_sd_19630626_0030_chen 12 8 4 2 0 247.18 353.01 79.94 161.3 167.24 191.71
ynao_sd_19630628_0510_li 10 9 1 1 0 109.6 123.47 78.5 81.13 31.1 42.34
ynao_sd_19630629_0220_li 14 14 0 0 0 99.39 197.16 99.39 197.16 0 0
ynao_sd_19630701_0520_chen 13 13 0 0 0 61.51 73.74 61.51 73.74 0 0
ynao_sd_19630704_0850_li 3 2 1 1 0 143.03 323.97 30.8 96.84 112.23 227.13
ynao_sd_19630705_0205_li 8 7 1 1 0 261.07 407.74 76.74 107.45 184.33 300.29
ynao_sd_19630706_0510_li 1 0 1 1 0 231.99 296.37 36.34 46.41 195.65 249.96
ynao_sd_19630710_0440_li 5 4 1 1 0 289.9 332.04 63.15 97.62 226.75 234.42
ynao_sd_19630712_0650_li 3 2 1 1 0 213.44 270.18 46.61 52.67 166.83 217.51
ynao_sd_19630713_0510_li 7 5 2 1 0 193.98 294.32 56.86 72.68 137.12 221.64
ynao_sd_19630714_0200_chen 8 6 2 1 0 154.08 284.14 50.77 64.07 103.31 220.07
ynao_sd_19630715_0520_chen 8 7 1 1 0 164.49 459.78 91.84 162.64 72.65 297.14
ynao_sd_19630716_0040_li 8 8 0 0 0 63.43 71.07 63.43 71.07 0 0
ynao_sd_19630717_0130_li 9 9 0 0 0 69.97 85.22 69.97 85.22 0 0
ynao_sd_19630719_0915_li 1 1 0 0 0 8.34 23.82 8.34 23.82 0 0
ynao_sd_19630720_0500_li 5 5 0 0 0 50.93 77.05 50.93 77.05 0 0
ynao_sd_19630721_0700_chen 7 7 0 0 0 60.85 79.31 60.85 79.31 0 0
ynao_sd_19630723_0450_li 6 5 1 0 0 22.97 24.16 30.93 32.53 7.96 8.37
ynao_sd_19630724_0110_chen 7 7 0 0 0 47.7 48.34 47.7 48.34 0 0
ynao_sd_19630725_0710_li 5 5 0 0 0 25.56 45.4 25.56 45.4 0 0
ynao_sd_19630726_0430_chen 10 10 0 0 0 69.62 74.47 69.62 74.47 0 0
ynao_sd_19630727_0120_li 2 2 0 0 0 30.46 40.85 30.46 40.85 0 0
ynao_sd_19630729_0730_li 6 6 0 0 0 121.45 175.35 121.45 175.35 0 0
ynao_sd_19630730_0110_li 27 25 2 2 0 262.3 420.62 173.0 261.45 89.3 159.17
ynao_sd_19630801_0810_li 27 21 6 4 0 827.05 1112.32 210.61 278.63 616.44 833.69
ynao_sd_19630802_0640_li 16 13 3 3 0 671.58 830.06 188.0 245.23 483.58 584.83
ynao_sd_19630803_0100_li 23 18 5 2 0 668.62 789.37 211.14 315.64 457.48 473.73
ynao_sd_19630804_0940_chen 24 19 5 3 0 901.42 912.74 224.26 227.99 677.16 684.75
ynao_sd_19630805_0650_chen 34 28 6 2 0 999.92 1096.39 263.45 338.54 736.47 757.85
ynao_sd_19630806_0730_li 18 15 3 3 0 1280.09 1433.91 134.91 144.69 1145.18 1289.22
ynao_sd_19630807_0510_li 10 8 2 2 0 669.8 817.03 126.86 146.75 542.94 670.28
ynao_sd_19630808_0430_li 6 4 2 2 0 554.21 776.97 152.87 186.71 401.34 590.26
ynao_sd_19630809_0005_li 9 5 4 2 0 404.59 735.18 93.11 144.27 311.48 590.91
ynao_sd_19630810_0010_li 5 3 2 2 0 221.67 553.69 58.31 108.56 163.36 445.13
ynao_sd_19630811_0730_chen 3 2 1 1 0 761.4 3298.77 79.81 327.6 681.59 2971.17
ynao_sd_19630813_0005_li 3 3 0 0 0 20.67 46.3 20.67 46.3 0 0
ynao_sd_19630814_0020_li 7 7 0 0 0 48.93 68.83 48.93 68.83 0 0
ynao_sd_19630815_0640_li 4 4 0 0 0 65.86 82.52 65.86 82.52 0 0
ynao_sd_19630816_0220_li 15 15 0 0 0 97.53 116.15 97.53 116.15 0 0
ynao_sd_19630817_0210_li 8 4 4 2 0 236.89 255.84 73.52 78.31 163.37 177.53
ynao_sd_19630819_0840_li 10 6 4 3 0 370.5 642.56 103.27 170.64 267.23 471.92
ynao_sd_19630820_0240_li 7 4 3 3 0 320.44 453.52 73.55 92.43 246.89 361.09
ynao_sd_19630823_1010_li 34 25 9 5 0 451.17 602.38 182.92 238.91 268.25 363.47
ynao_sd_19630824_0005_li 27 19 8 5 0 376.83 564.96 160.17 223.64 216.66 341.32
ynao_sd_19630825_0840_chen 15 13 2 2 0 160.66 560.44 77.78 247.76 82.88 312.68
ynao_sd_19630826_0450_li 6 5 1 1 0 91.49 242.98 57.95 90.04 33.54 152.94
ynao_sd_19630827_0320_chen 4 3 1 1 0 127.85 237.1 59.94 76.95 67.91 160.15
ynao_sd_19630828_0210_li 3 2 1 1 0 157.4 245.66 43.4 55.67 114.0 189.99
ynao_sd_19630829_0430_li 4 3 1 1 0 173.21 217.57 43.39 54.09 129.82 163.48
ynao_sd_19630830_0120_chen 7 4 3 1 0 188.95 207.15 57.44 61.12 131.51 146.03
ynao_sd_19630831_0110_li 6 5 1 1 0 198.19 239.3 73.59 111.3 124.6 128.0
ynao_sd_19630901_0710_chen 11 9 2 1 0 165.95 172.81 73.09 79.72 92.86 93.09
ynao_sd_19630902_0150_li 14 12 2 1 0 164.79 170.12 91.22 94.44 73.57 75.68
ynao_sd_19630903_0120_li 8 6 2 1 0 99.75 107.42 51.5 53.67 48.25 53.75
ynao_sd_19630904_0010_li 11 11 0 0 0 140.56 153.71 140.56 153.71 0 0
ynao_sd_19630905_0140_li 20 18 2 1 0 230.98 246.47 133.96 146.18 97.02 100.29
ynao_sd_19630906_0100_li 20 19 1 1 0 195.5 259.55 109.9 162.24 85.6 97.31
ynao_sd_19630907_0210_li 5 4 1 1 0 89.01 117.16 31.62 39.06 57.39 78.1
ynao_sd_19630908_0100_li 5 4 1 1 0 92.42 149.15 49.19 69.8 43.23 79.35
ynao_sd_19630909_0540_li 9 9 0 0 0 172.07 304.3 172.07 304.3 0 0
ynao_sd_19630910_0010_li 5 4 1 1 0 90.74 172.45 58.68 80.55 32.06 91.9
ynao_sd_19630911_0130_chen 7 5 2 2 0 934.52 1888.46 62.64 96.45 871.88 1792.01
ynao_sd_19630912_0005_li 6 5 1 1 0 132.76 175.41 58.17 72.1 74.59 103.31
ynao_sd_19630913_0050_li 21 12 9 4 0 402.9 556.64 147.11 200.12 255.79 356.52
ynao_sd_19630914_0040_li 20 14 6 5 0 631.82 756.63 140.38 162.89 491.44 593.74
ynao_sd_19630915_0130_chen 50 33 17 3 0 1087.51 2882.68 304.93 593.55 782.58 2289.13
ynao_sd_19630916_0820_li 39 21 18 4 0 1948.06 3032.4 343.19 450.63 1604.87 2581.77
ynao_sd_19630917_0450_chen 42 22 20 4 0 2579.8 3470.19 419.57 536.46 2160.23 2933.73
ynao_sd_19630918_0130_li 36 16 20 4 0 2302.5 2743.99 337.35 398.94 1965.15 2345.05
ynao_sd_19630921_0600_li 47 16 31 3 0 2694.21 2889.44 455.0 474.74 2239.21 2414.7
ynao_sd_19630922_0250_li 29 12 17 3 0 2333.75 2501.34 372.49 398.08 1961.26 2103.26
ynao_sd_19630923_0220_li 45 28 17 4 0 1613.71 2002.96 321.69 447.17 1292.02 1555.79
ynao_sd_19630926_0750_chen 8 6 2 0 0 60.06 155.01 84.95 257.69 24.89 102.68
ynao_sd_19630928_0930_li 5 5 0 0 0 44.28 60.13 44.28 60.13 0 0
ynao_sd_19630929_0330_li 3 3 0 0 0 80.18 91.84 80.18 91.84 0 0
ynao_sd_19631003_0105_li 5 5 0 0 0 54.43 69.58 54.43 69.58 0 0
ynao_sd_19631004_0530_li 6 6 0 0 0 64.51 78.46 64.51 78.46 0 0
ynao_sd_19631009_0420_li 19 13 6 3 0 507.73 645.43 123.91 155.18 383.82 490.25
ynao_sd_19631010_0020_li 10 6 4 2 0 469.35 541.43 98.41 116.8 370.94 424.63
ynao_sd_19631011_0030_li 10 6 4 2 0 507.43 550.88 116.21 133.21 391.22 417.67
ynao_sd_19631012_0040_li 9 6 3 3 0 1294.01 3025.35 152.66 302.12 1141.35 2723.23
ynao_sd_19631013_0430_chen 11 6 5 3 0 518.67 681.03 117.01 196.08 401.66 484.95
ynao_sd_19631014_0100_li 8 3 5 3 0 399.11 478.18 75.13 84.61 323.98 393.57
ynao_sd_19631015_0440_li 18 12 6 4 0 503.9 605.26 130.01 151.07 373.89 454.19
ynao_sd_19631023_0610_li 26 18 8 5 0 1150.7 1433.52 231.75 298.44 918.95 1135.08
ynao_sd_19631028_0740_li 8 4 4 3 0 547.5 638.49 102.69 117.99 444.81 520.5
ynao_sd_19631029_0205_li 13 11 2 2 0 493.01 655.51 139.26 178.42 353.75 477.09
ynao_sd_19631030_0150_chen 25 22 3 3 0 591.26 970.73 178.7 230.09 412.56 740.64
ynao_sd_19631031_0630_chen 21 19 2 2 0 477.12 708.76 134.79 170.38 342.33 538.38
ynao_sd_19631101_0210_li 17 14 3 1 0 437.93 647.8 139.14 324.32 298.79 323.48
ynao_sd_19631102_0205_li 16 12 4 2 0 469.75 686.57 149.34 296.2 320.41 390.37
ynao_sd_19631103_0140_li 19 13 6 4 0 405.98 629.09 125.58 184.81 280.4 444.28
ynao_sd_19631104_0030_li 14 10 4 4 0 341.37 637.72 66.73 117.6 274.64 520.12
ynao_sd_19631105_0200_li 14 12 2 2 0 184.51 431.62 136.41 253.05 48.1 178.57
ynao_sd_19631107_0145_li 6 5 1 1 0 118.6 125.53 94.32 100.57 24.28 24.96
ynao_sd_19631108_0040_li 3 1 2 1 0 30.49 30.57 11.03 11.08 19.46 19.49
ynao_sd_19631109_0200_li 4 4 0 0 0 46.18 49.6 46.18 49.6 0 0
ynao_sd_19631111_0200_li 1 1 0 0 0 7.28 8.54 7.28 8.54 0 0
ynao_sd_19631112_0050_li 2 2 0 0 0 42.04 44.09 42.04 44.09 0 0
ynao_sd_19631113_0035_li 1 1 0 0 0 5.85 5.96 5.85 5.96 0 0
ynao_sd_19631115_0450_li 5 5 0 0 0 49.64 55.29 49.64 55.29 0 0
ynao_sd_19631116_0050_li 2 2 0 1 0 47.36 147.57 20.0 38.85 27.36 108.72
ynao_sd_19631117_0120_chen 6 4 2 2 0 158.01 429.68 62.76 102.54 95.25 327.14
ynao_sd_19631118_0130_li 9 6 3 2 0 193.21 333.32 72.15 95.22 121.06 238.1
ynao_sd_19631119_0105_li 11 9 2 1 0 175.39 239.9 98.54 120.18 76.85 119.72
ynao_sd_19631120_0200_li 15 11 4 2 0 163.41 194.43 81.6 93.4 81.81 101.03
ynao_sd_19631121_0130_li 9 6 3 2 0 290.2 622.75 86.79 144.45 203.41 478.3
ynao_sd_19631122_0100_li 6 2 4 3 0 341.87 633.01 35.21 63.47 306.66 569.54
ynao_sd_19631123_0120_li 13 9 4 3 0 417.45 587.9 100.02 133.96 317.43 453.94
ynao_sd_19631124_0800_chen 8 5 3 2 0 372.22 443.99 68.84 81.54 303.38 362.45
ynao_sd_19631125_0840_chen 14 9 5 2 0 364.95 400.5 117.68 138.32 247.27 262.18
ynao_sd_19631126_0230_li 19 18 1 1 0 332.79 356.2 161.4 183.16 171.39 173.04
ynao_sd_19631127_0810_li 8 7 1 1 0 313.53 321.87 113.04 118.66 200.49 203.21
ynao_sd_19631128_0130_chen 15 14 1 1 0 350.83 367.08 125.82 131.86 225.01 235.22
ynao_sd_19631129_0120_li 8 7 1 1 0 202.57 230.57 70.5 77.66 132.07 152.91
ynao_sd_19631130_0100_li 7 6 1 1 0 163.06 205.89 74.37 86.98 88.69 118.91
ynao_sd_19631201_0330_chen 5 3 2 2 0 183.84 439.76 52.45 92.8 131.39 346.96
ynao_sd_19631202_0100_li 2 1 1 1 0 133.62 285.17 25.84 59.35 107.78 225.82
ynao_sd_19631203_0650_li 8 7 1 1 0 199.11 264.79 77.15 91.23 121.96 173.56
ynao_sd_19631204_0240_li 11 10 1 1 0 224.16 268.94 83.11 95.97 141.05 172.97
ynao_sd_19631205_0200_li 8 7 1 1 0 252.22 351.2 87.71 172.34 164.51 178.86
ynao_sd_19631206_0140_li 8 7 1 1 0 238.56 244.89 73.23 74.84 165.33 170.05
ynao_sd_19631207_0045_li 14 11 3 1 0 201.51 219.46 73.6 88.63 127.91 130.83
ynao_sd_19631208_0720_chen 9 7 2 1 0 129.37 191.31 51.15 105.48 78.22 85.83
ynao_sd_19631210_0110_li 5 4 1 0 0 36.3 68.49 40.86 85.28 4.56 16.79
ynao_sd_19631211_0650_li 6 6 0 0 0 19.53 39.91 19.53 39.91 0 0
ynao_sd_19631213_0050_li 7 7 0 0 0 39.43 54.12 39.43 54.12 0 0
ynao_sd_19631214_0140_li 0 0 0 0 0 0 0 0 0 0 0
ynao_sd_19631215_0150_chen 1 1 0 0 0 4.79 6.33 4.79 6.33 0 0
ynao_sd_19631216_0140_li 1 1 0 0 0 14.74 19.12 14.74 19.12 0 0
ynao_sd_19631218_0140_chen 3 3 0 0 0 17.81 23.55 17.81 23.55 0 0
ynao_sd_19631219_0300_li 6 6 0 0 0 27.29 37.42 27.29 37.42 0 0
ynao_sd_19631220_0500_li 3 2 1 1 0 911.77 2078.16 20.53 41.03 891.24 2037.13
ynao_sd_19631221_0205_li 3 3 0 0 0 46.31 73.01 46.31 73.01 0 0
ynao_sd_19631222_0620_chen 6 6 0 1 0 758.49 937.83 45.97 62.98 712.52 874.85
ynao_sd_19631223_0150_li 2 2 0 0 0 9.16 10.36 9.16 10.36 0 0
ynao_sd_19631224_0100_li 3 3 0 1 0 775.87 831.64 32.42 46.34 743.45 785.3
ynao_sd_19631225_0130_chen 1 1 0 0 0 32.48 86.03 32.48 86.03 0 0
