ynao_sd_19660101_0430_huang 5 2 3 2 0 199.43 224.72 52.94 60.65 146.49 164.07
ynao_sd_19660102_0210_huang 4 2 2 2 0 73.79 90.69 18.06 24.57 55.73 66.12
ynao_sd_19660104_0230_xuang 4 4 0 0 0 56.79 91.03 56.79 91.03 0 0
ynao_sd_19660108_0250_xuang 1 1 0 0 0 6.55 7.59 6.55 7.59 0 0
ynao_sd_19660109_0228_xuang 1 0 1 1 0 33.94 49.97 5.22 7.68 28.72 42.29
ynao_sd_19660113_0223_xuang 4 4 0 0 0 24.03 80.03 24.03 80.03 0 0
ynao_sd_19660115_0630_huang 25 6 19 3 0 921.51 1843.6 137.9 277.33 783.61 1566.27
ynao_sd_19660116_0200_huang 32 16 16 6 0 751.44 1199.21 192.27 334.79 559.17 864.42
ynao_sd_19660117_0230_huang 30 19 11 4 0 737.11 970.38 194.19 271.87 542.92 698.51
ynao_sd_19660118_0225_huang 51 36 15 2 0 871.54 1062.09 297.25 399.7 574.29 662.39
ynao_sd_19660119_0710_huang 32 25 7 3 0 717.74 809.91 230.68 279.26 487.06 530.65
ynao_sd_19660120_0350_huang 47 29 18 5 0 793.01 901.39 223.66 263.11 569.35 638.28
ynao_sd_19660121_0300_huang 26 22 4 2 0 517.85 605.98 184.47 221.29 333.38 384.69
ynao_sd_19660122_0200_huang 12 11 1 2 0 325.77 417.74 87.58 114.04 238.19 303.7
ynao_sd_19660123_0350_li 12 9 3 3 0 232.22 305.75 66.39 90.8 165.83 214.95
ynao_sd_19660124_0135_li 19 14 5 3 0 456.91 583.55 137.24 192.4 319.67 391.15
ynao_sd_19660125_0130_cheng 14 7 7 3 0 534.23 662.18 128.47 151.55 405.76 510.63
ynao_sd_19660126_0300_cheng 9 5 4 2 0 419.22 451.85 69.18 77.2 350.04 374.65
ynao_sd_19660127_0150_huang 7 5 2 1 0 251.75 285.03 70.53 79.38 181.22 205.65
ynao_sd_19660128_0719_xuang 9 8 1 1 0 162.2 210.76 70.06 88.41 92.14 122.35
ynao_sd_19660129_0630_huang 11 9 2 1 0 132.14 215.78 61.97 99.35 70.17 116.43
ynao_sd_19660130_0340_huang 13 11 2 1 0 135.12 243.26 86.02 141.54 49.1 101.72
ynao_sd_19660131_0820_huang 4 3 1 1 0 84.49 345.81 50.22 194.3 34.27 151.51
ynao_sd_19660202_0648_xuang 0 0 0 0 0 0 0 0 0 0 0
ynao_sd_19660203_0730_huang 3 2 1 1 0 83.32 183.99 21.18 45.92 62.14 138.07
ynao_sd_19660204_0220_huang 14 12 2 1 0 173.64 326.28 77.97 146.85 95.67 179.43
ynao_sd_19660205_0340_huang 12 10 2 1 0 255.01 384.49 79.45 116.27 175.56 268.22
ynao_sd_19660206_0710_huang 10 8 2 1 0 254.92 343.89 62.67 83.44 192.25 260.45
ynao_sd_19660207_0200_huang 13 8 5 1 0 295.2 391.08 83.2 114.33 212.0 276.75
ynao_sd_19660208_0155_xuang 5 2 3 1 0 292.64 379.26 75.56 97.81 217.08 281.45
ynao_sd_19660209_0214_xuang 9 6 3 1 0 294.63 431.68 79.17 136.96 215.46 294.72
ynao_sd_19660210_0240_huang 2 0 2 2 0 134.92 206.28 8.22 12.5 126.7 193.78
ynao_sd_19660211_0120_huang 6 4 2 2 0 121.76 215.1 26.71 46.58 95.05 168.52
ynao_sd_19660212_0300_huang 4 3 1 1 0 56.58 133.68 20.37 47.55 36.21 86.13
ynao_sd_19660214_0300_huang 4 1 3 2 0 103.8 240.92 19.04 42.49 84.76 198.43
ynao_sd_19660215_0110_huang 9 6 3 2 0 179.01 317.62 52.18 90.05 126.83 227.57
ynao_sd_19660216_0246_xuang 2 1 1 1 0 130.93 191.45 25.77 37.62 105.16 153.83
ynao_sd_19660217_0258_xuang 7 5 2 1 0 203.24 266.3 69.75 91.7 133.49 174.6
ynao_sd_19660218_0300_huang 8 6 2 1 0 194.79 247.04 49.58 66.72 145.21 180.32
ynao_sd_19660219_0150_huang 13 11 2 1 0 201.84 258.67 91.02 121.4 110.82 137.27
ynao_sd_19660220_0140_huang 14 8 6 2 0 272.02 339.1 68.01 84.85 204.01 254.25
ynao_sd_19660221_0210_huang 30 20 10 3 0 578.3 696.8 165.9 197.4 412.4 499.4
ynao_sd_19660222_0230_huang 22 13 9 2 0 494.4 574.87 122.18 149.84 372.22 425.03
ynao_sd_19660223_0640_huang 20 15 5 3 0 446.09 601.19 164.91 247.28 281.18 353.91
ynao_sd_19660224_0640_cheng 18 14 4 2 0 344.79 504.48 128.92 174.24 215.87 330.24
ynao_sd_19660225_0236_xuang 16 14 2 2 0 441.28 691.53 191.56 264.47 249.72 427.06
ynao_sd_19660226_0400_huang 20 19 1 1 0 188.85 392.3 109.58 175.47 79.27 216.83
ynao_sd_19660227_0340_huang 21 19 2 1 0 196.49 357.83 144.8 261.76 51.69 96.07
ynao_sd_19660228_0730_huang 7 6 1 3 0 161.0 456.07 46.52 146.53 114.48 309.54
ynao_sd_19660301_0630_huang 7 7 0 1 0 244.73 475.82 142.93 301.62 101.8 174.2
ynao_sd_19660302_0300_cheng 8 8 0 0 0 50.76 71.93 50.76 71.93 0 0
ynao_sd_19660303_0230_cheng 6 5 1 0 0 34.72 44.33 42.46 53.97 7.74 9.64
ynao_sd_19660304_0815_huang 10 10 0 0 0 57.55 68.74 57.55 68.74 0 0
ynao_sd_19660305_0820_huang 5 5 0 0 0 34.38 41.18 34.38 41.18 0 0
ynao_sd_19660306_0635_huang 10 10 0 0 0 65.07 80.4 65.07 80.4 0 0
ynao_sd_19660307_0125_huang 4 4 0 0 0 46.51 57.21 46.51 57.21 0 0
ynao_sd_19660308_0235_huang 2 1 1 1 0 71.89 104.49 20.76 31.63 51.13 72.86
ynao_sd_19660309_0530_cheng 4 4 0 0 0 49.54 87.89 49.54 87.89 0 0
ynao_sd_19660310_0215_huang 9 8 1 1 0 83.88 169.04 50.93 102.52 32.95 66.52
ynao_sd_19660311_1005_huang 4 4 0 0 0 40.53 90.57 40.53 90.57 0 0
ynao_sd_19660314_0150_huang 0 0 0 0 0 0 0 0 0 0 0
ynao_sd_19660315_0200_huang 1 0 1 1 0 82.05 424.33 15.69 80.54 66.36 343.79
ynao_sd_19660316_0110_cheng 12 10 2 1 1 394.59 1093.94 64.71 149.72 329.88 944.22
ynao_sd_19660317_0130_huang 34 28 6 1 0 834.55 1558.33 329.24 608.23 505.31 950.1
ynao_sd_19660318_0230_huang 36 24 12 2 0 1496.7 2227.86 329.3 488.61 1167.4 1739.25
ynao_sd_19660319_0240_huang 48 24 24 6 0 1822.82 2289.29 400.36 507.17 1422.46 1782.12
ynao_sd_19660320_0400_huang 37 24 13 5 0 1887.88 2142.44 325.51 384.28 1562.37 1758.16
ynao_sd_19660321_0300_huang 33 20 13 4 0 1960.69 2163.37 479.7 546.21 1480.99 1617.16
ynao_sd_19660322_0220_huang 27 16 11 3 0 1455.39 1610.72 412.21 457.13 1043.18 1153.59
ynao_sd_19660323_0150_cheng 21 19 2 1 0 1118.76 1332.25 302.39 357.89 816.37 974.36
ynao_sd_19660324_0230_huang 9 8 1 1 0 925.33 1262.29 269.66 362.61 655.67 899.68
ynao_sd_19660325_0210_huang 3 2 1 1 0 931.72 1574.51 167.36 274.1 764.36 1300.41
ynao_sd_19660327_0605_huang 4 2 2 1 0 188.44 836.69 54.22 185.93 134.22 650.76
ynao_sd_19660328_0150_huang 1 1 0 0 0 24.53 99.08 24.53 99.08 0 0
ynao_sd_19660329_0240_huang 4 3 1 1 0 71.49 163.03 21.75 50.99 49.74 112.04
ynao_sd_19660330_0200_huang 26 17 9 4 0 730.72 1379.32 158.56 281.18 572.16 1098.14
ynao_sd_19660331_0320_huang 38 15 23 5 0 1524.03 2406.78 284.88 447.18 1239.15 1959.6
ynao_sd_19660401_0715_huang 21 8 13 4 0 1882.09 2459.86 390.69 506.02 1491.4 1953.84
ynao_sd_19660402_0300_huang 35 19 16 5 0 2091.67 2564.86 435.16 546.16 1656.51 2018.7
ynao_sd_19660403_0150_xuang 25 14 11 3 0 2531.0 2979.72 490.29 580.2 2040.71 2399.52
ynao_sd_19660404_0330_huang 38 22 16 4 0 2146.03 2559.06 512.27 614.14 1633.76 1944.92
ynao_sd_19660405_0240_huang 22 9 13 3 0 1913.21 2444.63 313.34 392.78 1599.87 2051.85
ynao_sd_19660406_0140_huang 46 33 13 2 0 1597.87 2268.11 404.77 551.04 1193.1 1717.07
ynao_sd_19660407_0150_huang 33 28 5 2 0 1308.91 2194.78 356.86 555.2 952.05 1639.58
ynao_sd_19660408_0200_cheng 42 28 14 7 0 1457.57 3740.47 296.69 487.72 1160.88 3252.75
ynao_sd_19660409_0120_huang 44 34 10 4 0 963.12 2019.49 251.17 403.68 711.95 1615.81
ynao_sd_19660410_0100_huang 33 18 15 6 0 935.32 1651.95 173.91 294.44 761.41 1357.51
ynao_sd_19660411_0750_huang 12 7 5 1 0 745.67 1567.98 125.85 229.35 619.82 1338.63
ynao_sd_19660412_0200_huang 13 7 6 2 0 442.51 1281.09 76.44 177.04 366.07 1104.05
ynao_sd_19660413_0405_huang 6 5 1 2 0 195.02 592.05 85.87 291.95 109.15 300.1
ynao_sd_19660414_0200_cheng 16 13 3 1 0 274.86 560.78 112.48 240.31 162.38 320.47
ynao_sd_19660415_0140_huang 33 30 3 1 0 296.38 461.57 187.1 301.11 109.28 160.46
ynao_sd_19660416_0340_huang 25 17 8 5 0 458.36 596.91 125.94 168.52 332.42 428.39
ynao_sd_19660417_0800_huang 30 26 4 3 0 389.28 448.01 198.46 231.23 190.82 216.78
ynao_sd_19660418_0220_huang 29 22 7 3 0 408.65 465.08 160.15 189.31 248.5 275.77
ynao_sd_19660419_0120_huang 20 15 5 2 0 270.17 301.38 93.89 105.0 176.28 196.38
ynao_sd_19660420_0740_cheng 25 23 2 2 0 191.05 252.41 132.11 179.53 58.94 72.88
ynao_sd_19660421_0250_huang 15 10 5 3 0 349.47 476.45 108.43 145.21 241.04 331.24
ynao_sd_19660422_0205_huang 17 14 3 3 0 340.13 514.67 86.04 109.78 254.09 404.89
ynao_sd_19660423_0220_huang 31 24 7 4 0 442.37 569.22 185.81 250.41 256.56 318.81
ynao_sd_19660424_0035_xuang 20 16 4 4 0 938.38 1046.95 211.36 256.22 727.02 790.73
ynao_sd_19660425_0220_huang 26 13 13 7 0 813.17 984.55 179.68 277.19 633.49 707.36
ynao_sd_19660426_0840_huang 24 19 5 2 0 576.19 839.23 172.69 349.5 403.5 489.73
ynao_sd_19660427_0130_huang 13 7 6 3 0 498.23 687.79 94.1 129.6 404.13 558.19
ynao_sd_19660428_0240_huang 10 4 6 4 0 371.42 817.41 81.45 167.8 289.97 649.61
ynao_sd_19660429_0255_huang 9 8 1 2 0 397.94 955.54 155.31 370.62 242.63 584.92
ynao_sd_19660430_0110_cheng 10 9 1 1 0 333.58 575.79 83.85 172.68 249.73 403.11
ynao_sd_19660501_0220_xuang 15 14 1 1 0 506.91 651.75 196.81 242.23 310.1 409.52
ynao_sd_19660502_0730_huang 14 8 6 1 0 388.06 469.94 107.46 146.82 280.6 323.12
ynao_sd_19660503_0630_huang 12 10 2 1 0 467.12 544.67 128.11 171.84 339.01 372.83
ynao_sd_19660505_0650_huang 9 6 3 1 0 335.43 399.12 78.37 94.27 257.06 304.85
ynao_sd_19660508_0030_xuang 4 3 1 1 0 125.89 240.2 31.64 58.28 94.25 181.92
ynao_sd_19660509_0137_huang 7 5 2 1 0 99.01 255.11 41.97 93.51 57.04 161.6
ynao_sd_19660513_0835_huang 4 4 0 0 0 15.22 36.37 15.22 36.37 0 0
ynao_sd_19660514_0050_huang 3 2 1 1 0 53.53 105.44 14.0 27.23 39.53 78.21
ynao_sd_19660519_0950_cheng 11 11 0 0 0 71.8 94.9 71.8 94.9 0 0
ynao_sd_19660520_0400_huang 32 28 4 3 0 536.82 1025.56 298.16 571.21 238.66 454.35
ynao_sd_19660521_0120_huang 34 20 14 7 0 1287.71 2207.71 249.25 404.37 1038.46 1803.34
ynao_sd_19660522_0720_huang 33 19 14 5 0 1419.5 2328.72 289.1 470.2 1130.4 1858.52
ynao_sd_19660525_0820_huang 41 35 6 4 0 718.65 1066.98 304.17 452.59 414.48 614.39
ynao_sd_19660526_0650_huang 37 35 2 2 0 458.08 653.58 253.98 397.16 204.1 256.42
ynao_sd_19660527_0150_cheng 50 45 5 3 0 829.58 1138.17 494.41 746.4 335.17 391.77
ynao_sd_19660528_0210_huang 26 17 9 4 0 640.87 715.71 158.55 184.2 482.32 531.51
ynao_sd_19660529_0420_huang 25 18 7 3 0 581.93 634.69 150.03 160.76 431.9 473.93
ynao_sd_19660530_0330_cheng 17 9 8 6 0 1199.26 2777.76 92.99 109.89 1106.27 2667.87
ynao_sd_19660531_0220_huang 18 16 2 1 0 178.72 248.02 111.74 160.02 66.98 88.0
ynao_sd_19660601_0120_huang 24 17 7 3 0 251.79 353.41 129.23 182.13 122.56 171.28
ynao_sd_19660602_0300_huang 29 24 5 3 0 286.99 365.95 143.49 192.22 143.5 173.73
ynao_sd_19660607_0640_huang 9 4 5 2 0 164.6 384.79 48.0 103.04 116.6 281.75
ynao_sd_19660611_0750_huang 20 18 2 1 0 311.05 369.85 111.81 134.58 199.24 235.27
ynao_sd_19660614_0830_huang 10 7 3 2 0 293.3 321.75 100.32 110.69 192.98 211.06
ynao_sd_19660615_0500_huang 7 3 4 2 0 152.0 174.4 37.1 42.69 114.9 131.71
ynao_sd_19660621_0215_huang 6 3 3 2 0 312.3 405.96 62.36 80.91 249.94 325.05
ynao_sd_19660623_0740_huang 24 23 1 2 0 283.39 354.45 148.67 207.98 134.72 146.47
ynao_sd_19660624_0100_huang 37 33 4 2 0 283.34 316.42 177.91 199.73 105.43 116.69
ynao_sd_19660625_0735_xuang 35 34 1 1 0 467.0 581.74 364.2 468.99 102.8 112.75
ynao_sd_19660626_0205_xuang 17 16 1 1 0 360.92 495.77 240.91 360.45 120.01 135.32
ynao_sd_19660701_0820_huang 19 17 2 1 0 214.09 224.56 111.45 118.8 102.64 105.76
ynao_sd_19660704_0700_niu 25 16 9 8 0 511.96 671.52 157.93 203.49 354.03 468.03
ynao_sd_19660706_0830_niu 26 15 11 1 0 1618.68 2275.8 246.24 339.45 1372.44 1936.35
ynao_sd_19660707_0600_niu 31 19 12 1 0 1338.02 2204.03 345.58 546.24 992.44 1657.79
ynao_sd_19660708_0840_niu 30 18 12 3 0 644.91 1347.61 245.22 472.04 399.69 875.57
ynao_sd_19660713_0310_niu 14 12 2 1 0 215.06 670.5 107.87 268.6 107.19 401.9
ynao_sd_19660714_0400_niu 9 6 3 1 0 369.46 828.23 96.34 200.97 273.12 627.26
ynao_sd_19660715_0340_niu 9 6 3 2 0 763.63 1690.27 95.21 160.3 668.42 1529.97
ynao_sd_19660716_0410_niu 8 6 2 1 0 373.19 589.23 119.02 251.83 254.17 337.4
ynao_sd_19660718_0210_niu 19 16 3 2 0 578.6 794.31 221.51 303.09 357.09 491.22
ynao_sd_19660719_0520_niu 12 8 4 4 0 1458.11 2181.53 214.58 311.84 1243.53 1869.69
ynao_sd_19660720_0430_niu 12 7 5 4 0 1390.16 1542.99 150.16 197.53 1240.0 1345.46
ynao_sd_19660721_0230_niu 14 11 3 3 0 1149.85 1342.09 126.33 189.08 1023.52 1153.01
ynao_sd_19660726_0100_niu 25 16 9 2 0 379.12 598.0 376.08 446.71 3.04 151.29
ynao_sd_19660727_0540_niu 27 18 9 4 0 1415.08 1710.83 328.61 440.83 1086.47 1270.0
ynao_sd_19660729_0220_niu 13 6 7 4 0 1089.42 1387.55 253.59 341.12 835.83 1046.43
ynao_sd_19660730_0040_niu 34 17 17 7 0 1563.12 2229.2 283.39 430.31 1279.73 1798.89
ynao_sd_19660731_0210_niu 28 20 8 5 0 1308.7 1971.72 318.32 462.24 990.38 1509.48
ynao_sd_19660801_0050_niu 24 18 6 6 0 2604.59 6635.42 331.35 604.08 2273.24 6031.34
ynao_sd_19660802_0130_niu 30 22 8 4 0 1212.24 2643.44 272.18 399.07 940.06 2244.37
ynao_sd_19660804_0040_niu 20 16 4 3 0 494.52 647.92 194.5 254.41 300.02 393.51
ynao_sd_19660805_0000_niu 25 18 7 7 0 1561.62 1949.35 182.27 238.3 1379.35 1711.05
ynao_sd_19660806_0310_niu 15 13 2 2 0 218.96 508.57 128.46 223.83 90.5 284.74
ynao_sd_19660812_0700_niu 24 24 0 0 0 167.43 234.84 167.43 234.84 0 0
ynao_sd_19660813_0020_niu 15 12 3 0 0 142.57 179.23 164.9 207.92 22.33 28.69
ynao_sd_19660814_0020_niu 17 16 1 1 0 181.67 215.7 127.95 151.77 53.72 63.93
ynao_sd_19660815_0150_niu 7 5 2 1 0 160.03 185.13 95.46 112.15 64.57 72.98
ynao_sd_19660816_0100_niu 9 6 3 2 0 190.09 241.15 69.25 99.76 120.84 141.39
ynao_sd_19660818_0050_niu 14 9 5 3 0 165.0 204.43 76.63 122.78 88.37 81.65
ynao_sd_19660821_0110_niu 5 5 0 0 0 28.41 37.03 28.41 37.03 0 0
ynao_sd_19660901_0110_niu 29 16 13 2 0 2018.71 2756.33 284.14 383.82 1734.57 2372.51
ynao_sd_19660902_0030_niu 32 9 23 4 0 1306.37 2212.77 282.84 476.73 1023.53 1736.04
ynao_sd_19660903_0140_niu 14 4 10 1 0 1157.03 2795.79 141.2 351.09 1015.83 2444.7
ynao_sd_19660904_0200_niu 11 2 9 1 0 1021.59 3979.14 88.6 357.72 932.99 3621.42
ynao_sd_19660908_0100_niu 8 7 1 1 0 225.58 415.16 81.9 152.85 143.68 262.31
ynao_sd_19660909_0620_niu 15 13 2 1 0 253.43 330.07 133.35 169.27 120.08 160.8
ynao_sd_19660910_0110_huang 16 12 4 2 0 346.01 433.46 115.36 150.47 230.65 282.99
ynao_sd_19660911_0330_cheng 20 12 8 5 0 378.48 551.51 93.06 127.6 285.42 423.91
ynao_sd_19660912_0300_cheng 12 9 3 2 0 199.76 312.6 111.69 139.34 88.07 173.26
ynao_sd_19660916_0840_huang 23 8 15 5 0 1441.97 2059.76 318.95 450.98 1123.02 1608.78
ynao_sd_19660920_0230_huang 51 34 17 6 0 2729.32 2840.42 664.53 699.9 2064.79 2140.52
ynao_sd_19661003_0715_cheng 21 21 0 0 0 138.61 381.89 138.61 381.89 0 0
ynao_sd_19661009_0330_cheng 15 5 10 4 0 429.93 530.58 73.4 91.63 356.53 438.95
ynao_sd_19661011_0330_cheng 25 22 3 2 0 426.72 1386.47 146.26 383.18 280.46 1003.29
ynao_sd_19661020_0840_cheng 37 23 14 8 0 1100.4 1673.01 321.03 501.62 779.37 1171.39
ynao_sd_19661021_0840_xuang 34 12 22 12 0 1582.16 2678.82 344.47 572.19 1237.69 2106.63
ynao_sd_19661022_0335_xuang 32 15 17 12 0 2069.17 4191.38 338.09 635.91 1731.08 3555.47
ynao_sd_19661023_0130_cheng 28 17 11 8 0 1089.16 2556.23 213.43 551.67 875.73 2004.56
ynao_sd_19661024_0120_cheng 20 15 5 5 0 439.46 884.5 124.95 235.07 314.51 649.43
ynao_sd_19661025_0100_cheng 15 9 6 5 0 271.67 284.96 83.51 91.61 188.16 193.35
ynao_sd_19661026_0120_cheng 13 12 1 1 0 125.14 138.09 106.28 119.04 18.86 19.05
ynao_sd_19661029_0350_cheng 13 13 0 0 0 81.22 93.54 81.22 93.54 0 0
ynao_sd_19661030_0230_cheng 12 9 3 1 0 199.61 255.38 71.48 117.52 128.13 137.86
ynao_sd_19661101_0730_cheng 11 7 4 2 0 165.29 184.32 45.22 55.49 120.07 128.83
ynao_sd_19661102_0410_cheng 16 14 2 2 0 160.55 237.13 100.48 168.5 60.07 68.63
ynao_sd_19661103_0100_cheng 15 15 0 0 0 71.31 106.59 71.31 106.59 0 0
ynao_sd_19661104_0110_cheng 4 4 0 0 0 26.67 34.8 26.67 34.8 0 0
ynao_sd_19661105_0030_cheng 7 6 1 1 0 892.34 952.09 51.87 62.26 840.47 889.83
ynao_sd_19661106_0830_cheng 13 13 0 0 0 124.28 160.02 124.28 160.02 0 0
ynao_sd_19661107_0620_cheng 16 13 3 3 0 2054.97 6302.67 267.03 853.35 1787.94 5449.32
ynao_sd_19661108_0120_cheng 17 15 2 2 0 709.43 1626.59 156.22 246.37 553.21 1380.22
ynao_sd_19661109_0030_cheng 19 16 3 3 0 1046.97 1790.22 251.77 381.94 795.2 1408.28
ynao_sd_19661110_0340_cheng 29 22 7 4 0 1203.27 1561.03 324.46 403.48 878.81 1157.55
ynao_sd_19661111_0030_cheng 35 24 11 8 0 1484.21 1679.45 319.59 356.26 1164.62 1323.19
ynao_sd_19661112_0030_cheng 35 26 9 8 0 3040.25 3366.32 365.92 391.11 2674.33 2975.21
ynao_sd_19661113_0100_cheng 33 26 7 3 0 1675.19 1750.12 403.46 425.21 1271.73 1324.91
ynao_sd_19661116_0300_cheng 38 35 3 2 0 1175.55 1655.3 373.03 622.43 802.52 1032.87
ynao_sd_19661117_0030_cheng 24 11 13 6 0 976.28 1912.71 192.42 342.83 783.86 1569.88
ynao_sd_19661118_0300_cheng 18 8 10 5 0 900.23 1888.1 128.3 293.29 771.93 1594.81
ynao_sd_19661119_0030_cheng 13 5 8 5 0 1909.07 5975.94 97.2 229.77 1811.87 5746.17
ynao_sd_19661122_0740_cheng 52 36 16 7 0 996.3 1106.19 290.53 326.12 705.77 780.07
ynao_sd_19661123_0620_cheng 37 22 15 9 0 3403.54 4779.72 233.14 271.99 3170.4 4507.73
ynao_sd_19661124_0030_cheng 23 11 12 7 0 803.01 990.85 144.96 180.32 658.05 810.53
ynao_sd_19661126_0650_cheng 27 14 13 7 0 565.45 1091.71 173.0 354.51 392.45 737.2
ynao_sd_19661128_0040_cheng 15 8 7 5 0 1498.35 2575.65 107.11 182.5 1391.24 2393.15
ynao_sd_19661128_0110_cheng 20 13 7 5 0 408.32 667.08 105.05 172.42 303.27 494.66
ynao_sd_19661129_0050_cheng 14 9 5 3 0 260.07 378.8 91.48 134.44 168.59 244.36
ynao_sd_19661204_0742_xuang 8 4 4 3 0 2090.2 6336.37 206.83 785.93 1883.37 5550.44
ynao_sd_19661205_0730_cheng 19 16 3 3 0 446.47 1005.84 143.33 303.77 303.14 702.07
ynao_sd_19661206_0130_cheng 12 8 4 4 0 644.86 1132.77 128.76 230.64 516.1 902.13
ynao_sd_19661207_0130_cheng 17 13 4 3 0 641.94 892.71 146.53 220.46 495.41 672.25
ynao_sd_19661208_0120_cheng 19 10 9 7 0 981.46 1812.89 253.14 496.34 728.32 1316.55
ynao_sd_19661209_0220_cheng 48 36 12 7 0 1307.15 1862.85 346.81 468.71 960.34 1394.14
ynao_sd_19661210_0150_cheng 70 46 24 14 0 2019.73 2459.06 488.1 612.71 1531.63 1846.35
ynao_sd_19661211_0140_xuang 74 46 28 15 0 3350.01 3901.42 1001.71 1148.03 2348.3 2753.39
ynao_sd_19661212_0120_cheng 64 32 32 11 0 2129.5 2447.67 431.57 509.2 1697.93 1938.47
ynao_sd_19661214_0040_cheng 65 34 31 16 0 3057.37 4369.06 392.52 511.89 2664.85 3857.17
ynao_sd_19661215_0050_cheng 46 29 17 8 0 1440.41 2199.87 360.72 542.81 1079.69 1657.06
ynao_sd_19661216_0140_cheng 40 25 15 8 0 894.42 1639.78 228.02 378.25 666.4 1261.53
ynao_sd_19661217_0100_cheng 32 24 8 6 0 500.29 709.4 218.16 340.04 282.13 369.36
ynao_sd_19661218_0417_xuang 23 22 1 1 0 275.07 408.83 240.32 327.79 34.75 81.04
ynao_sd_19661219_0100_cheng 11 9 2 1 0 141.72 290.18 118.43 275.37 23.29 14.81
ynao_sd_19661220_0100_cheng 13 10 3 2 0 1921.51 3956.61 67.88 143.9 1853.63 3812.71
ynao_sd_19661221_0150_cheng 5 4 1 2 0 904.26 2859.56 29.13 58.08 875.13 2801.48
ynao_sd_19661222_0050_cheng 6 5 1 1 0 485.44 511.84 34.66 59.0 450.78 452.84
ynao_sd_19661223_0140_cheng 4 2 2 2 0 184.28 661.24 58.74 239.79 125.54 421.45
ynao_sd_19661224_0120_cheng 13 5 8 4 0 1133.88 3298.64 68.66 167.52 1065.22 3131.12
ynao_sd_19661225_0539_xuang 20 17 3 3 0 512.18 732.07 231.91 334.31 280.27 397.76
ynao_sd_19661226_0120_cheng 30 23 7 3 0 415.12 551.07 184.69 255.37 230.43 295.7
ynao_sd_19661227_0300_cheng 19 10 9 5 0 374.55 471.41 86.41 113.22 288.14 358.19
ynao_sd_19661228_0300_cheng 15 11 4 3 0 320.08 370.42 92.19 123.49 227.89 246.93
ynao_sd_19661229_0200_cheng 16 15 1 1 0 247.8 289.93 122.5 154.7 125.3 135.23
ynao_sd_19661230_0115_cheng 14 13 1 1 0 233.45 283.26 100.81 132.79 132.64 150.47
ynao_sd_19661231_0115_cheng 15 9 6 4 0 393.25 645.25 100.43 141.31 292.82 503.94
