ynao_sd_19690101_0110_li 12 3 9 6 0 1047.93 1823.24 134.56 223.63 913.37 1599.61
ynao_sd_19690102_0200_li 11 4 7 4 0 489.39 867.68 94.89 160.79 394.5 706.89
ynao_sd_19690103_0200_li 9 2 7 3 0 461.6 1190.65 89.98 258.88 371.62 931.77
ynao_sd_19690104_0200_li 18 4 14 8 0 1170.95 2894.88 172.16 376.33 998.79 2518.55
ynao_sd_19690105_0045_li 21 7 14 10 0 1445.75 2875.59 232.4 447.77 1213.35 2427.82
ynao_sd_19690106_0620_li 34 12 22 12 0 2329.33 3575.48 377.64 621.64 1951.69 2953.84
ynao_sd_19690107_0440_li 30 13 17 11 0 2945.41 4052.17 409.92 612.98 2535.49 3439.19
ynao_sd_19690108_0320_li 41 21 20 10 0 3179.14 3867.31 523.67 633.09 2655.47 3234.22
ynao_sd_19690110_0130_cheng 55 18 37 11 0 3310.56 3716.16 399.2 457.11 2911.36 3259.05
ynao_sd_19690111_0050_cheng 53 20 33 10 0 3449.8 3768.92 461.99 515.64 2987.81 3253.28
ynao_sd_19690113_0140_cheng 39 12 27 10 0 2295.36 2854.91 279.71 359.74 2015.65 2495.17
ynao_sd_19690114_0250_cheng 27 8 19 14 0 1832.44 2912.03 249.69 371.26 1582.75 2540.77
ynao_sd_19690116_0130_cheng 29 16 13 9 0 1132.49 2117.03 221.74 390.22 910.75 1726.81
ynao_sd_19690117_0120_cheng 23 15 8 6 0 1122.99 2033.98 249.42 558.26 873.57 1475.72
ynao_sd_19690118_0120_cheng 25 18 7 5 0 787.92 1495.35 194.82 378.06 593.1 1117.29
ynao_sd_19690120_0630_cheng 20 16 4 4 0 788.26 950.82 192.43 232.17 595.83 718.65
ynao_sd_19690121_0130_cheng 27 22 5 4 0 800.24 955.87 196.91 247.94 603.33 707.93
ynao_sd_19690122_0120_cheng 28 24 4 4 0 684.93 809.93 222.81 258.78 462.12 551.15
ynao_sd_19690123_0100_cheng 31 25 6 4 0 688.63 868.73 259.39 319.94 429.24 548.79
ynao_sd_19690124_0110_cheng 29 24 5 3 0 467.57 627.87 174.56 215.98 293.01 411.89
ynao_sd_19690125_0130_cheng 42 30 12 5 0 744.29 943.36 250.53 317.8 493.76 625.56
ynao_sd_19690127_0220_cheng 36 22 14 5 0 1107.72 1329.41 279.99 394.48 827.73 934.93
ynao_sd_19690128_0240_cheng 24 13 11 6 0 680.69 997.73 136.0 223.26 544.69 774.47
ynao_sd_19690129_0130_cheng 28 15 13 8 0 568.77 987.08 131.58 237.96 437.19 749.12
ynao_sd_19690208_0710_cheng 42 31 11 5 0 1068.66 1310.94 264.6 306.84 804.06 1004.1
ynao_sd_19690209_0610_cheng 27 21 6 4 0 799.74 1148.74 225.12 292.92 574.62 855.82
ynao_sd_19690210_0140_niu 30 23 7 4 0 1817.29 2671.08 266.97 449.51 1550.32 2221.57
ynao_sd_19690211_0450_li 6 5 1 1 0 164.15 526.38 39.81 91.15 124.34 435.23
ynao_sd_19690212_0620_niu 12 5 7 2 0 721.43 2810.02 62.78 187.44 658.65 2622.58
ynao_sd_19690214_0630_niu 26 18 8 4 0 581.09 759.72 159.89 219.23 421.2 540.49
ynao_sd_19690215_0105_li 23 20 3 3 0 470.8 566.23 143.61 185.03 327.19 381.2
ynao_sd_19690216_0310_li 21 10 11 5 0 524.54 650.35 112.21 138.15 412.33 512.2
ynao_sd_19690218_0200_li 29 20 9 6 0 597.22 833.68 158.24 218.21 438.98 615.47
ynao_sd_19690219_0130_li 34 22 12 5 0 766.65 1108.46 178.59 262.65 588.06 845.81
ynao_sd_19690220_0200_li 39 26 13 6 0 813.12 1069.95 244.5 332.15 568.62 737.8
ynao_sd_19690221_0105_li 60 44 16 9 0 762.72 948.55 297.45 373.52 465.27 575.03
ynao_sd_19690222_0130_li 98 77 21 12 0 1141.05 1328.87 453.38 514.33 687.67 814.54
ynao_sd_19690223_0230_li 85 58 27 9 0 1604.25 1814.13 533.33 649.57 1070.92 1164.56
ynao_sd_19690224_0115_li 101 69 32 13 0 2328.6 3002.89 592.72 745.83 1735.88 2257.06
ynao_sd_19690226_0115_li 65 42 23 11 1 1840.46 2713.99 406.91 674.83 1433.55 2039.16
ynao_sd_19690228_0115_li 61 38 23 11 0 1709.83 2280.04 397.7 581.72 1312.13 1698.32
ynao_sd_19690301_0120_li 50 26 24 7 0 1790.04 2068.39 359.76 413.2 1430.28 1655.19
ynao_sd_19690304_0230_niu 49 33 16 6 0 3393.99 3893.95 1224.47 1411.39 2169.52 2482.56
ynao_sd_19690305_0220_niu 37 27 10 5 0 2002.59 2696.03 359.67 530.4 1642.92 2165.63
ynao_sd_19690307_0140_li 31 25 6 5 0 467.64 792.25 155.26 214.02 312.38 578.23
ynao_sd_19690308_0200_li 35 29 6 7 0 689.78 954.33 190.61 277.39 499.17 676.94
ynao_sd_19690309_0150_li 26 19 7 7 0 941.36 1310.07 177.31 252.8 764.05 1057.27
ynao_sd_19690310_0130_li 44 31 13 7 0 1037.29 1506.65 246.77 370.2 790.52 1136.45
ynao_sd_19690311_0147_li 29 24 5 5 0 808.31 1212.99 217.96 368.67 590.35 844.32
ynao_sd_19690313_0210_li 21 13 8 7 0 604.41 1095.05 171.89 425.18 432.52 669.87
ynao_sd_19690314_0130_li 27 20 7 4 0 588.93 1052.53 189.85 300.51 399.08 752.02
ynao_sd_19690315_0210_li 36 28 8 5 0 784.58 1482.13 233.68 408.03 550.9 1074.1
ynao_sd_19690318_0120_li 73 47 26 14 0 2768.94 4447.78 564.91 894.33 2204.03 3553.45
ynao_sd_19690319_0130_li 71 46 25 16 0 3045.14 4100.65 597.34 809.25 2447.8 3291.4
ynao_sd_19690320_0230_li 83 55 28 16 0 3519.79 4213.88 719.33 870.73 2800.46 3343.15
ynao_sd_19690321_0210_li 86 49 37 14 0 3935.8 4532.75 874.76 1069.55 3061.04 3463.2
ynao_sd_19690322_0220_li 109 65 44 15 0 4775.35 5396.72 898.73 1038.32 3876.62 4358.4
ynao_sd_19690324_0150_li 80 35 45 13 0 3775.85 4837.33 683.3 867.13 3092.55 3970.2
ynao_sd_19690325_0230_niu 71 33 38 11 0 3301.12 4848.43 596.23 908.12 2704.89 3940.31
ynao_sd_19690326_0145_gong 51 38 13 8 0 5113.38 8819.56 559.31 991.79 4554.07 7827.77
ynao_sd_19690328_0240_niu 33 17 16 8 0 3514.68 9348.27 374.89 920.47 3139.79 8427.8
ynao_sd_19690329_0140_niu 54 33 21 7 0 2533.72 5347.52 486.25 971.01 2047.47 4376.51
ynao_sd_19690330_0205_li 58 27 31 12 0 2936.85 4649.02 540.26 799.56 2396.59 3849.46
ynao_sd_19690331_0500_li 93 54 39 11 0 3398.99 4422.82 652.54 826.49 2746.45 3596.33
ynao_sd_19690401_0140_li 95 49 46 14 0 4022.63 4680.9 681.55 797.19 3341.08 3883.71
ynao_sd_19690402_0140_li 70 33 37 11 0 3663.03 4024.43 540.34 619.56 3122.69 3404.87
ynao_sd_19690403_0340_li 80 50 30 11 0 3962.59 5146.35 651.63 827.36 3310.96 4318.99
ynao_sd_19690407_0430_li 31 15 16 9 0 1834.74 2742.81 254.16 380.76 1580.58 2362.05
ynao_sd_19690408_0340_niu 41 25 16 5 0 1556.34 2393.06 294.81 457.75 1261.53 1935.31
ynao_sd_19690410_0130_li 25 15 10 4 0 1024.47 1398.36 200.14 321.04 824.33 1077.32
ynao_sd_19690411_0145_cheng 35 19 16 8 0 1120.78 1599.04 241.77 341.82 879.01 1257.22
ynao_sd_19690412_0155_cheng 51 32 19 8 0 1304.93 1859.39 321.16 455.18 983.77 1404.21
ynao_sd_19690413_0045_cheng 48 25 23 13 0 1221.7 1982.59 243.92 344.32 977.78 1638.27
ynao_sd_19690414_0145_cheng 57 27 30 15 0 1777.9 2612.61 298.6 447.73 1479.3 2164.88
ynao_sd_19690416_0140_cheng 64 39 25 13 0 1691.16 1919.82 394.3 457.79 1296.86 1462.03
ynao_sd_19690418_0035_cheng 72 56 16 11 0 1657.29 1842.88 375.14 422.1 1282.15 1420.78
ynao_sd_19690419_0045_cheng 53 34 19 10 0 1272.0 1495.13 302.85 367.66 969.15 1127.47
ynao_sd_19690420_0030_cheng 49 30 19 10 0 1423.47 1822.23 334.82 435.49 1088.65 1386.74
ynao_sd_19690421_0020_cheng 51 33 18 8 0 1319.84 1786.47 332.27 507.66 987.57 1278.81
ynao_sd_19690422_0125_cheng 29 12 17 8 0 1282.9 2014.42 199.84 322.73 1083.06 1691.69
ynao_sd_19690423_0052_li 33 27 6 3 0 525.75 795.49 181.43 268.51 344.32 526.98
ynao_sd_19690424_0115_li 18 15 3 3 0 268.64 820.65 122.51 262.81 146.13 557.84
ynao_sd_19690425_0125_cheng 26 24 2 1 0 390.98 920.71 150.43 346.68 240.55 574.03
ynao_sd_19690426_0040_cheng 20 18 2 1 0 402.45 642.95 121.58 173.87 280.87 469.08
ynao_sd_19690427_0150_cheng 27 23 4 2 0 612.72 772.94 199.28 241.3 413.44 531.64
ynao_sd_19690428_0105_cheng 40 36 4 2 0 565.96 644.81 218.63 248.42 347.33 396.39
ynao_sd_19690429_0105_cheng 29 23 6 2 0 532.37 594.3 166.64 211.92 365.73 382.38
ynao_sd_19690430_0115_cheng 18 15 3 2 0 448.83 538.94 126.64 190.3 322.19 348.64
ynao_sd_19690501_0030_cheng 32 22 10 5 0 552.95 668.1 175.81 205.24 377.14 462.86
ynao_sd_19690502_0030_cheng 29 18 11 4 0 992.94 1452.86 314.33 434.96 678.61 1017.9
ynao_sd_19690503_0115_cheng 28 8 20 6 0 927.29 1519.97 173.71 293.48 753.58 1226.49
ynao_sd_19690504_0120_cheng 24 9 15 5 0 1031.41 1609.09 171.96 260.91 859.45 1348.18
ynao_sd_19690505_0125_cheng 39 23 16 9 0 1066.03 1787.4 229.9 440.03 836.13 1347.37
ynao_sd_19690506_0140_cheng 38 26 12 4 0 759.73 957.78 219.8 322.61 539.93 635.17
ynao_sd_19690507_0625_cheng 18 11 7 3 0 651.68 687.85 121.19 137.1 530.49 550.75
ynao_sd_19690508_0100_cheng 28 24 4 2 0 558.85 594.58 181.92 205.87 376.93 388.71
ynao_sd_19690509_0115_cheng 35 32 3 2 0 572.21 724.55 225.66 270.49 346.55 454.06
ynao_sd_19690510_0125_cheng 21 14 7 4 0 544.83 700.41 138.07 172.73 406.76 527.68
ynao_sd_19690511_0100_cheng 34 30 4 3 0 555.45 820.1 234.14 343.91 321.31 476.19
ynao_sd_19690512_0240_cheng 55 43 12 7 0 959.36 1346.93 346.64 459.61 612.72 887.32
ynao_sd_19690513_0135_cheng 63 50 13 7 0 1027.92 1353.46 375.35 454.95 652.57 898.51
ynao_sd_19690514_0105_cheng 72 62 10 3 0 1077.13 1146.68 393.24 432.67 683.89 714.01
ynao_sd_19690515_0105_cheng 70 54 16 8 0 1190.25 1292.97 399.83 442.1 790.42 850.87
ynao_sd_19690516_0135_cheng 57 45 12 4 0 911.37 1082.24 308.3 355.45 603.07 726.79
ynao_sd_19690518_0235_cheng 41 30 11 6 0 818.89 1757.93 254.63 458.23 564.26 1299.7
ynao_sd_19690519_0125_cheng 22 10 12 6 0 739.62 1787.18 169.82 382.72 569.8 1404.46
ynao_sd_19690520_0245_cheng 45 25 20 10 0 2090.54 3937.11 394.14 752.46 1696.4 3184.65
ynao_sd_19690521_0210_cheng 83 56 27 13 0 1801.24 2482.78 470.34 785.57 1330.9 1697.21
ynao_sd_19690522_0110_cheng 87 51 36 11 0 3018.05 3418.25 575.12 680.2 2442.93 2738.05
ynao_sd_19690523_0315_cheng 101 46 55 18 0 3327.68 3581.03 600.22 648.18 2727.46 2932.85
ynao_sd_19690524_0840_cheng 103 64 39 14 0 2986.04 3246.14 686.12 760.59 2299.92 2485.55
ynao_sd_19690525_0525_cheng 75 43 32 15 0 2442.74 2875.77 522.79 611.98 1919.95 2263.79
ynao_sd_19690527_0950_cheng 49 19 30 15 0 1747.52 3596.44 358.96 727.64 1388.56 2868.8
ynao_sd_19690528_0710_cheng 33 18 15 11 0 1037.78 2290.25 259.76 565.58 778.02 1724.67
ynao_sd_19690529_0240_cheng 24 15 9 7 0 546.69 1018.84 131.43 232.06 415.26 786.78
ynao_sd_19690530_0110_cheng 13 8 5 3 0 384.08 644.25 91.66 179.01 292.42 465.24
ynao_sd_19690531_0120_cheng 9 3 6 3 0 249.49 287.11 44.15 49.88 205.34 237.23
ynao_sd_19690601_0215_cheng 10 5 5 2 0 341.43 368.32 58.52 66.91 282.91 301.41
ynao_sd_19690602_0220_cheng 12 8 4 1 0 210.72 268.54 93.46 146.79 117.26 121.75
ynao_sd_19690603_0020_cheng 8 7 1 1 0 209.37 397.37 87.66 262.05 121.71 135.32
ynao_sd_19690604_0040_cheng 18 14 4 3 0 261.87 563.61 96.08 208.36 165.79 355.25
ynao_sd_19690606_0335_cheng 59 36 23 11 0 2377.24 4582.77 535.8 908.88 1841.44 3673.89
ynao_sd_19690607_0640_cheng 93 58 35 12 0 3718.03 5083.1 740.76 979.26 2977.27 4103.84
ynao_sd_19690608_0420_cheng 78 41 37 15 0 4484.54 5311.62 620.67 727.88 3863.87 4583.74
ynao_sd_19690609_0035_cheng 118 78 40 14 0 5254.23 5752.97 925.68 1006.58 4328.55 4746.39
ynao_sd_19690611_0840_cheng 77 30 47 12 0 5956.06 6382.49 1016.5 1089.89 4939.56 5292.6
ynao_sd_19690613_0325_cheng 69 30 39 11 0 4989.9 6697.06 655.84 930.2 4334.06 5766.86
ynao_sd_19690614_0300_cheng 63 29 34 10 0 4414.19 7268.97 618.77 1050.74 3795.42 6218.23
ynao_sd_19690615_0235_cheng 45 24 21 8 0 3568.25 7009.06 453.44 866.98 3114.81 6142.08
ynao_sd_19690623_0545_cheng 7 4 3 2 0 650.81 1006.29 80.0 134.02 570.81 872.27
ynao_sd_19690624_0440_cheng 6 4 2 2 0 591.13 1172.7 67.07 127.54 524.06 1045.16
ynao_sd_19690625_0320_cheng 11 9 2 2 0 264.66 740.38 79.16 190.39 185.5 549.99
ynao_sd_19690628_0320_cheng 21 19 2 1 0 156.11 186.87 90.16 104.92 65.95 81.95
ynao_sd_19690629_0545_cheng 24 16 8 2 0 425.8 575.02 109.88 128.91 315.92 446.11
ynao_sd_19690630_0620_cheng 22 14 8 3 0 547.13 694.93 144.44 212.16 402.69 482.77
ynao_sd_19690702_0445_cheng 44 30 14 6 0 1704.77 2933.76 297.25 501.6 1407.52 2432.16
ynao_sd_19690703_0500_cheng 66 38 28 11 0 2545.28 3726.62 371.18 525.05 2174.1 3201.57
ynao_sd_19690705_0500_cheng 43 19 24 10 1 2294.89 2942.99 265.92 350.65 2028.97 2592.34
ynao_sd_19690706_0415_cheng 39 18 21 6 0 2214.89 2508.23 319.53 357.42 1895.36 2150.81
ynao_sd_19690712_0550_cheng 35 22 13 9 0 1510.19 2825.65 185.32 271.14 1324.87 2554.51
ynao_sd_19690713_0620_cheng 39 31 8 5 0 637.17 1137.47 240.85 413.9 396.32 723.57
ynao_sd_19690714_0240_cheng 30 14 16 5 0 721.52 787.64 155.01 172.75 566.51 614.89
ynao_sd_19690719_0600_cheng 23 17 6 4 0 438.76 654.39 143.89 206.04 294.87 448.35
ynao_sd_19690720_0310_cheng 19 11 8 4 0 491.57 681.98 108.29 148.31 383.28 533.67
ynao_sd_19690722_0450_cheng 21 17 4 2 0 181.08 248.98 107.08 171.53 74.0 77.45
ynao_sd_19690723_0150_cheng 15 15 0 1 0 117.75 153.7 103.46 139.17 14.29 14.53
ynao_sd_19690724_0230_cheng 8 6 2 2 0 102.19 397.17 35.28 66.64 66.91 330.53
ynao_sd_19690725_0640_cheng 10 6 4 1 0 264.33 555.71 63.15 115.64 201.18 440.07
ynao_sd_19690726_0310_cheng 20 16 4 3 0 282.87 534.34 115.67 194.42 167.2 339.92
ynao_sd_19690727_0245_cheng 27 19 8 4 0 478.17 809.73 136.45 243.85 341.72 565.88
ynao_sd_19690728_0120_cheng 38 24 14 5 0 791.02 1179.36 193.49 281.3 597.53 898.06
ynao_sd_19690729_0220_cheng 53 34 19 6 0 1123.39 1392.46 288.54 353.93 834.85 1038.53
ynao_sd_19690801_0640_cheng 90 45 45 14 0 2924.44 3594.05 448.33 553.88 2476.11 3040.17
ynao_sd_19690802_0600_cheng 123 73 50 15 0 3267.88 3977.38 642.3 826.14 2625.58 3151.24
ynao_sd_19690803_0440_cheng 107 50 57 21 0 3600.94 4369.26 539.09 733.09 3061.85 3636.17
ynao_sd_19690804_0140_cheng 98 54 44 15 0 3640.8 4447.17 621.68 778.55 3019.12 3668.62
ynao_sd_19690805_0120_chen 96 54 42 19 0 3007.18 4185.3 613.54 898.01 2393.64 3287.29
ynao_sd_19690807_0610_cheng 66 48 18 7 0 1071.34 1644.18 387.72 624.25 683.62 1019.93
ynao_sd_19690808_0635_cheng 26 14 12 8 0 549.05 690.3 128.12 156.8 420.93 533.5
ynao_sd_19690809_0050_cheng 40 35 5 4 0 396.73 553.54 215.61 282.89 181.12 270.65
ynao_sd_19690810_0550_cheng 35 25 10 6 0 565.02 1027.92 204.65 353.91 360.37 674.01
ynao_sd_19690812_0040_cheng 25 17 8 4 0 529.21 901.08 144.63 282.51 384.58 618.57
ynao_sd_19690814_0830_cheng 15 10 5 4 0 352.12 634.53 93.89 163.83 258.23 470.7
ynao_sd_19690815_0330_cheng 19 14 5 4 0 291.13 567.15 117.79 184.55 173.34 382.6
ynao_sd_19690816_0230_cheng 19 14 5 4 0 278.99 393.41 102.11 196.28 176.88 197.13
ynao_sd_19690820_0830_cheng 10 10 0 0 0 71.6 92.92 71.6 92.92 0 0
ynao_sd_19690821_0340_cheng 9 9 0 0 0 50.79 63.16 50.79 63.16 0 0
ynao_sd_19690822_0830_cheng 14 13 1 1 0 136.0 376.38 96.06 257.46 39.94 118.92
ynao_sd_19690823_0525_cheng 23 15 8 4 0 470.01 1102.65 127.38 261.12 342.63 841.53
ynao_sd_19690824_0250_cheng 38 19 19 9 0 763.02 1291.16 211.46 381.42 551.56 909.74
ynao_sd_19690825_0950_cheng 36 17 19 8 0 1050.79 1356.84 217.34 286.57 833.45 1070.27
ynao_sd_19690831_0810_li 47 35 12 6 0 846.67 1045.64 268.75 315.43 577.92 730.21
ynao_sd_19690901_0900_cheng 30 21 9 6 0 724.38 1047.5 216.45 299.58 507.93 747.92
ynao_sd_19690903_0745_cheng 30 29 1 1 0 244.95 509.31 186.55 387.03 58.4 122.28
ynao_sd_19690904_0300_cheng 27 23 4 3 0 386.74 758.03 147.05 249.19 239.69 508.84
ynao_sd_19690905_0140_cheng 16 12 4 3 0 404.08 920.98 135.38 247.23 268.7 673.75
ynao_sd_19690906_0040_cheng 18 15 3 2 0 178.89 379.81 101.97 169.88 76.92 209.93
ynao_sd_19690907_0825_cheng 23 16 7 4 0 365.73 651.97 118.21 219.06 247.52 432.91
ynao_sd_19690908_0115_cheng 30 23 7 4 0 432.58 675.81 172.33 270.84 260.25 404.97
ynao_sd_19690909_0320_cheng 28 19 9 4 0 563.04 801.55 153.39 293.36 409.65 508.19
ynao_sd_19690910_0135_cheng 15 6 9 4 0 414.83 648.86 68.98 106.04 345.85 542.82
ynao_sd_19690914_0045_cheng 47 31 16 6 0 950.14 1177.57 286.47 437.4 663.67 740.17
ynao_sd_19690915_0110_cheng 58 52 6 4 0 941.34 1050.48 343.43 413.86 597.91 636.62
ynao_sd_19690916_0110_cheng 47 35 12 7 0 873.58 933.7 247.06 271.27 626.52 662.43
ynao_sd_19690917_0115_cheng 59 41 18 7 0 1040.66 1145.96 301.41 337.95 739.25 808.01
ynao_sd_19690918_0210_cheng 42 31 11 4 0 691.32 888.85 237.89 277.93 453.43 610.92
ynao_sd_19690919_0840_cheng 27 24 3 2 0 294.61 460.51 150.65 218.11 143.96 242.4
ynao_sd_19690920_0140_cheng 20 17 3 1 0 300.84 535.02 145.96 283.95 154.88 251.07
ynao_sd_19690921_0210_li 10 5 5 3 0 235.95 672.46 60.94 135.1 175.01 537.36
ynao_sd_19690922_0810_cheng 19 15 4 3 0 323.27 804.23 147.13 363.73 176.14 440.5
ynao_sd_19690923_0510_cheng 26 17 9 5 0 516.06 1021.97 138.84 285.83 377.22 736.14
ynao_sd_19690924_0150_cheng 30 18 12 8 0 901.43 1230.47 195.66 270.25 705.77 960.22
ynao_sd_19690925_0130_cheng 50 28 22 10 0 1370.34 1675.34 325.94 390.25 1044.4 1285.09
ynao_sd_19690926_0040_cheng 63 35 28 11 0 1296.0 1558.09 290.69 340.5 1005.31 1217.59
ynao_sd_19690927_0050_cheng 36 19 17 8 0 854.79 1109.59 225.58 283.4 629.21 826.19
ynao_sd_19690928_0250_cheng 33 20 13 9 0 817.08 1051.26 175.25 210.69 641.83 840.57
ynao_sd_19690929_0150_cheng 42 26 16 7 0 740.1 854.81 193.89 253.2 546.21 601.61
ynao_sd_19691004_0340_cheng 42 33 9 5 0 960.99 1210.08 291.96 387.76 669.03 822.32
ynao_sd_19691005_0120_cheng 41 24 17 9 0 995.21 1322.9 215.87 271.22 779.34 1051.68
ynao_sd_19691007_0615_cheng 69 44 25 9 0 1349.15 1897.05 407.75 530.7 941.4 1366.35
ynao_sd_19691012_0435_li 12 6 6 2 0 745.22 890.7 189.53 383.91 555.69 506.79
ynao_sd_19691013_0930_li 14 11 3 2 0 684.92 813.12 144.99 196.23 539.93 616.89
ynao_sd_19691014_0003_li 15 12 3 2 0 664.06 845.29 166.55 243.04 497.51 602.25
ynao_sd_19691015_0125_li 20 18 2 2 0 470.32 675.6 147.46 189.16 322.86 486.44
ynao_sd_19691016_0125_cheng 18 10 8 6 0 411.78 681.94 90.17 138.14 321.61 543.8
ynao_sd_19691017_0120_cheng 8 3 5 2 0 206.05 432.63 41.87 81.88 164.18 350.75
ynao_sd_19691018_0110_li 7 7 0 0 0 83.35 346.48 83.35 346.48 0 0
ynao_sd_19691019_0025_cheng 10 8 2 1 0 247.24 684.16 66.52 145.91 180.72 538.25
ynao_sd_19691020_0120_cheng 11 6 5 2 0 876.17 2874.24 95.1 248.69 781.07 2625.55
ynao_sd_19691021_0120_cheng 33 19 14 4 0 2504.24 5853.33 257.03 574.71 2247.21 5278.62
ynao_sd_19691022_0150_cheng 49 21 28 10 0 2639.93 4229.26 299.38 479.79 2340.55 3749.47
ynao_sd_19691023_0600_cheng 59 28 31 10 0 3809.86 4849.57 598.52 752.82 3211.34 4096.75
ynao_sd_19691024_0200_cheng 73 28 45 15 0 3891.23 4398.81 577.73 657.08 3313.5 3741.73
ynao_sd_19691025_0020_li 53 24 29 8 1 3300.45 3513.22 482.31 517.12 2818.14 2996.1
ynao_sd_19691028_0200_chen 75 42 33 10 0 2943.79 3490.39 477.78 570.78 2466.01 2919.61
ynao_sd_19691029_0500_chen 53 31 22 7 0 2367.11 3321.05 444.53 630.75 1922.58 2690.3
ynao_sd_19691030_0210_chen 54 36 18 6 0 2919.87 5953.53 313.37 480.66 2606.5 5472.87
ynao_sd_19691031_0500_chen 15 8 7 4 0 1082.1 2513.0 124.16 248.88 957.94 2264.12
ynao_sd_19691102_0650_chen 13 5 8 5 0 266.51 407.54 81.62 114.18 184.89 293.36
ynao_sd_19691103_0330_chen 19 13 6 4 0 242.2 364.23 90.12 116.26 152.08 247.97
ynao_sd_19691104_0605_chen 16 10 6 4 0 306.07 719.13 93.03 170.04 213.04 549.09
ynao_sd_19691107_0810_li 33 23 10 5 0 929.05 1275.16 222.93 296.44 706.12 978.72
ynao_sd_19691108_0030_li 37 28 9 5 0 1010.94 1269.82 269.33 334.12 741.61 935.7
ynao_sd_19691109_0020_li 30 21 9 5 0 984.3 1108.19 225.58 255.21 758.72 852.98
ynao_sd_19691110_0100_chen 37 25 12 6 0 853.84 954.14 189.49 248.72 664.35 705.42
ynao_sd_19691111_0420_chen 43 39 4 2 0 821.53 906.66 273.41 324.72 548.12 581.94
ynao_sd_19691112_0110_li 41 36 5 2 0 716.77 823.55 232.0 284.67 484.77 538.88
ynao_sd_19691113_0040_li 14 10 4 3 0 492.96 635.91 111.85 160.69 381.11 475.22
ynao_sd_19691114_0340_chen 21 13 8 5 0 580.83 883.59 145.14 215.87 435.69 667.72
ynao_sd_19691115_0040_li 31 21 10 6 0 768.48 1932.49 192.08 384.08 576.4 1548.41
ynao_sd_19691116_0030_chen 15 4 11 6 0 798.47 2452.05 103.97 288.95 694.5 2163.1
ynao_sd_19691117_0540_chen 34 19 15 8 0 2186.74 4109.03 335.14 669.86 1851.6 3439.17
ynao_sd_19691118_0610_li 49 24 25 6 0 3185.23 4448.04 605.2 879.11 2580.03 3568.93
ynao_sd_19691120_0120_li 94 57 37 12 0 4317.13 4784.01 826.96 935.36 3490.17 3848.65
ynao_sd_19691121_0120_chen 100 68 32 7 0 4308.77 4539.17 739.75 798.84 3569.02 3740.33
ynao_sd_19691122_0320_li 100 69 31 9 0 4079.81 4242.46 810.22 877.62 3269.59 3364.84
ynao_sd_19691126_0510_li 97 69 28 14 0 4161.39 4580.66 673.8 828.7 3487.59 3751.96
ynao_sd_19691127_0640_li 47 30 17 8 0 1958.38 4104.54 398.65 746.63 1559.73 3357.91
ynao_sd_19691201_0100_li 30 22 8 4 0 1064.61 1136.16 252.23 277.54 812.38 858.62
ynao_sd_19691203_0900_li 49 37 12 8 0 1150.87 1518.34 332.64 420.66 818.23 1097.68
ynao_sd_19691204_0330_li 41 24 17 11 1 1280.03 1803.82 265.88 352.8 1014.15 1451.02
ynao_sd_19691206_0100_li 23 16 7 5 0 780.86 1294.68 178.77 273.41 602.09 1021.27
ynao_sd_19691207_0320_li 11 9 2 2 0 450.89 530.38 80.91 93.47 369.98 436.91
ynao_sd_19691211_0820_li 8 4 4 2 0 163.12 236.38 36.73 53.01 126.39 183.37
ynao_sd_19691213_0530_chen 20 7 13 7 0 1241.13 3082.09 119.08 302.08 1122.05 2780.01
ynao_sd_19691214_0135_xuan 21 12 9 5 0 876.85 1889.44 391.24 995.62 485.61 893.82
ynao_sd_19691215_0200_chen 38 27 11 6 0 939.08 1429.24 221.53 335.81 717.55 1093.43
ynao_sd_19691216_0140_chen 48 31 17 6 0 1154.68 1457.08 255.64 332.04 899.04 1125.04
ynao_sd_19691217_0130_chen 61 42 19 10 0 1109.85 1258.66 267.14 323.31 842.71 935.35
ynao_sd_19691219_0500_chen 46 27 19 9 0 1096.93 1307.89 245.29 276.94 851.64 1030.95
ynao_sd_19691221_0130_chen 61 44 17 10 0 1551.84 1896.59 401.83 496.31 1150.01 1400.28
ynao_sd_19691222_0645_chen 68 44 24 10 0 3081.06 4596.08 1177.79 1842.19 1903.27 2753.89
ynao_sd_19691223_0145_chen 45 22 23 9 0 2105.06 2700.76 334.08 451.02 1770.98 2249.74
ynao_sd_19691224_0155_chen 48 23 25 9 0 2112.31 2768.21 368.49 556.21 1743.82 2212.0
ynao_sd_19691225_0340_chen 53 28 25 10 0 2146.74 2583.24 296.74 371.88 1850.0 2211.36
ynao_sd_19691226_0230_chen 54 31 23 10 0 2182.74 2490.95 339.43 400.86 1843.31 2090.09
ynao_sd_19691227_0140_chen 49 31 18 10 0 1922.86 2273.82 332.96 399.09 1589.9 1874.73
ynao_sd_19691228_0520_chen 50 29 21 11 0 1300.45 1777.44 263.51 346.96 1036.94 1430.48
ynao_sd_19691230_0200_chen 60 42 18 9 0 1360.27 1965.38 309.91 485.28 1050.36 1480.1
ynao_sd_19691231_0120_chen 59 34 25 11 0 1793.07 2297.43 314.5 430.73 1478.57 1866.7
