ynao_sd_19740101_0110_lik 4 4 0 0 0 23.84 29.9 23.84 29.9 0 0
ynao_sd_19740102_0035_lik 13 11 2 0 0 49.9 68.64 60.33 79.4 10.43 10.76
ynao_sd_19740103_0335_lik 6 5 1 1 0 123.06 126.66 52.31 53.71 70.75 72.95
ynao_sd_19740104_0110_lik 5 5 0 0 0 58.7 68.08 58.7 68.08 0 0
ynao_sd_19740106_0030_lik 0 0 0 0 0 0 0 0 0 0 0
ynao_sd_19740108_0045_hong 9 8 1 1 0 132.31 467.16 67.96 114.45 64.35 352.71
ynao_sd_19740110_0140_hong 24 19 5 3 0 347.37 512.34 167.7 221.27 179.67 291.07
ynao_sd_19740111_0210_hong 24 16 8 4 0 522.47 821.79 172.14 229.76 350.33 592.03
ynao_sd_19740112_0220_hong 30 19 11 5 0 674.03 1137.48 213.22 338.82 460.81 798.66
ynao_sd_19740113_0130_hong 25 12 13 5 0 694.16 1009.28 191.84 284.11 502.32 725.17
ynao_sd_19740114_0130_lik 21 12 9 5 0 610.31 851.3 156.35 223.11 453.96 628.19
ynao_sd_19740115_0130_lik 31 23 8 4 0 688.16 863.04 237.0 310.6 451.16 552.44
ynao_sd_19740116_0240_lik 25 17 8 6 0 635.53 762.15 180.9 216.77 454.63 545.38
ynao_sd_19740117_0115_lik 19 13 6 4 0 527.63 600.13 157.67 184.42 369.96 415.71
ynao_sd_19740118_0045_lik 19 17 2 2 0 473.62 548.66 225.24 268.98 248.38 279.68
ynao_sd_19740119_0130_lik 18 17 1 1 0 415.95 461.58 234.89 274.79 181.06 186.79
ynao_sd_19740120_0100_lik 18 17 1 2 0 372.2 403.87 173.36 190.73 198.84 213.14
ynao_sd_19740121_0110_hong 19 14 5 2 0 305.78 371.09 155.01 188.01 150.77 183.08
ynao_sd_19740122_0100_hong 15 13 2 1 0 170.15 243.01 110.48 158.62 59.67 84.39
ynao_sd_19740123_0210_lik 19 19 0 1 0 176.88 346.02 146.08 282.68 30.8 63.34
ynao_sd_19740124_0105_lik 9 9 0 0 0 64.61 154.46 64.61 154.46 0 0
ynao_sd_19740125_0200_hong 6 6 0 0 0 33.2 94.35 33.2 94.35 0 0
ynao_sd_19740126_0140_hong 4 4 0 0 0 18.36 31.42 18.36 31.42 0 0
ynao_sd_19740127_0040_lik 3 3 0 0 0 13.03 16.0 13.03 16.0 0 0
ynao_sd_19740128_0140_lik 3 3 0 0 0 48.2 55.19 48.2 55.19 0 0
ynao_sd_19740129_0105_hong 0 0 0 0 0 0 0 0 0 0 0
ynao_sd_19740130_0110_hong 3 3 0 0 0 17.33 18.06 17.33 18.06 0 0
ynao_sd_19740131_0120_lik 5 5 0 0 0 34.7 60.63 34.7 60.63 0 0
ynao_sd_19740201_0120_lik 3 3 0 0 0 19.94 32.78 19.94 32.78 0 0
ynao_sd_19740202_0105_lik 2 2 0 0 0 9.33 15.11 9.33 15.11 0 0
ynao_sd_19740203_0115_lik 4 4 0 0 0 23.93 56.89 23.93 56.89 0 0
ynao_sd_19740204_0110_hong 2 2 0 0 0 8.97 20.79 8.97 20.79 0 0
ynao_sd_19740205_0100_hong 2 2 0 0 0 9.77 9.99 9.77 9.99 0 0
ynao_sd_19740206_0210_hong 2 2 0 0 0 43.08 86.46 43.08 86.46 0 0
ynao_sd_19740207_0730_hong 5 5 0 0 0 31.35 74.06 31.35 74.06 0 0
ynao_sd_19740208_0840_hong 5 5 0 0 0 30.19 69.72 30.19 69.72 0 0
ynao_sd_19740209_0330_hong 11 7 4 2 0 199.64 505.3 71.27 159.2 128.37 346.1
ynao_sd_19740211_0245_lik 6 1 5 2 0 278.73 369.31 49.47 67.88 229.26 301.43
ynao_sd_19740212_0510_lik 9 7 2 1 0 281.07 315.07 79.87 93.41 201.2 221.66
ynao_sd_19740213_0220_lik 17 15 2 1 0 327.89 427.72 139.87 233.71 188.02 194.01
ynao_sd_19740214_0245_lik 8 6 2 3 0 1103.99 1252.13 79.66 96.36 1024.33 1155.77
ynao_sd_19740215_0045_lik 12 10 2 2 0 366.51 464.9 114.95 169.36 251.56 295.54
ynao_sd_19740216_0100_lik 15 11 4 3 0 521.01 671.92 189.32 245.06 331.69 426.86
ynao_sd_19740217_0100_lik 26 19 7 5 0 685.78 900.8 234.36 336.89 451.42 563.91
ynao_sd_19740218_0105_hong 41 28 13 9 0 809.47 1060.01 273.27 372.82 536.2 687.19
ynao_sd_19740219_0040_hong 36 21 15 9 0 988.95 1187.27 279.35 319.38 709.6 867.89
ynao_sd_19740220_0040_hong 24 12 12 5 0 646.4 837.04 213.58 351.77 432.82 485.27
ynao_sd_19740221_0035_hong 32 24 8 3 0 568.36 745.53 209.5 281.5 358.86 464.03
ynao_sd_19740222_0050_hong 29 25 4 2 0 419.39 638.44 214.52 304.26 204.87 334.18
ynao_sd_19740223_0030_hong 21 15 6 3 0 283.52 535.62 119.45 209.72 164.07 325.9
ynao_sd_19740224_0110_hong 12 7 5 3 0 277.63 659.44 69.1 165.52 208.53 493.92
ynao_sd_19740226_0900_lik 10 7 3 1 0 730.81 848.62 49.32 76.9 681.49 771.72
ynao_sd_19740227_0340_lik 9 8 1 0 0 58.64 88.56 64.23 95.09 5.59 6.53
ynao_sd_19740228_0045_lik 15 13 2 0 0 68.21 117.98 82.36 137.5 14.15 19.52
ynao_sd_19740301_0050_lik 12 11 1 1 0 84.09 140.6 65.86 118.33 18.23 22.27
ynao_sd_19740302_0115_lik 13 13 0 0 0 71.28 139.28 71.28 139.28 0 0
ynao_sd_19740303_0045_lik 5 5 0 0 0 24.71 26.4 24.71 26.4 0 0
ynao_sd_19740304_0050_hong 10 8 2 1 0 110.71 399.81 47.42 148.64 63.29 251.17
ynao_sd_19740305_0110_hong 5 3 2 1 0 108.32 236.48 35.05 71.96 73.27 164.52
ynao_sd_19740306_0100_hong 2 0 2 2 0 81.51 189.21 8.46 22.5 73.05 166.71
ynao_sd_19740307_0030_hong 11 10 1 1 0 111.67 227.37 77.14 150.55 34.53 76.82
ynao_sd_19740308_0020_lik 7 7 0 0 0 33.71 79.89 33.71 79.89 0 0
ynao_sd_19740309_0050_hong 7 7 0 0 0 56.79 90.02 56.79 90.02 0 0
ynao_sd_19740310_0105_hong 13 13 0 0 0 80.89 84.4 80.89 84.4 0 0
ynao_sd_19740311_0030_lik 18 16 2 1 0 334.53 371.93 145.93 179.81 188.6 192.12
ynao_sd_19740312_0055_lik 19 14 5 3 0 896.69 1189.24 214.23 348.01 682.46 841.23
ynao_sd_19740313_0050_hong 15 13 2 1 0 339.81 437.32 131.18 176.43 208.63 260.89
ynao_sd_19740314_0015_lik 3 2 1 1 0 192.84 290.69 39.59 56.67 153.25 234.02
ynao_sd_19740315_0030_lik 29 23 6 7 2 1152.59 2374.67 571.57 1181.18 581.02 1193.49
ynao_sd_19740316_0030_lik 5 5 0 0 0 24.73 27.79 24.73 27.79 0 0
ynao_sd_19740317_0820_lik 10 10 0 0 0 44.19 49.23 44.19 49.23 0 0
ynao_sd_19740318_0335_hong 14 14 0 0 0 63.02 67.14 63.02 67.14 0 0
ynao_sd_19740319_0900_lik 6 5 1 1 0 93.15 267.06 38.69 120.79 54.46 146.27
ynao_sd_19740321_0040_hong 6 5 1 1 0 172.11 262.68 59.13 99.57 112.98 163.11
ynao_sd_19740322_0030_hong 6 5 1 1 0 238.47 320.87 82.34 132.28 156.13 188.59
ynao_sd_19740323_0035_hong 17 16 1 1 0 325.56 373.68 145.5 180.41 180.06 193.27
ynao_sd_19740324_0040_hong 10 8 2 1 0 285.83 316.06 106.98 135.15 178.85 180.91
ynao_sd_19740325_0025_lik 59 39 20 7 3 3012.13 6073.36 1083.22 1831.79 1928.91 4241.57
ynao_sd_19740327_0025_lik 2 1 1 1 0 224.96 262.88 60.33 71.52 164.63 191.36
ynao_sd_19740328_0035_lik 6 5 1 1 0 180.14 239.15 56.05 70.48 124.09 168.67
ynao_sd_19740329_0100_lik 14 13 1 2 0 239.17 400.75 106.38 177.99 132.79 222.76
ynao_sd_19740330_0015_lik 6 3 3 2 0 165.14 351.12 40.05 81.49 125.09 269.63
ynao_sd_19740331_0005_lik 9 9 0 1 0 82.18 227.46 47.45 134.58 34.73 92.88
ynao_sd_19740401_0640_hong 12 12 0 0 0 66.69 138.96 66.69 138.96 0 0
ynao_sd_19740402_0030_hong 15 15 0 0 0 86.8 161.57 86.8 161.57 0 0
ynao_sd_19740403_0110_lik 8 8 0 0 0 37.49 76.82 37.49 76.82 0 0
ynao_sd_19740404_0310_hong 11 11 0 0 0 65.46 72.73 65.46 72.73 0 0
ynao_sd_19740405_0110_hong 15 15 0 0 0 73.8 114.62 73.8 114.62 0 0
ynao_sd_19740406_0020_hong 18 16 2 1 0 136.51 145.7 105.76 113.29 30.75 32.41
ynao_sd_19740407_0040_hong 20 15 5 2 0 185.43 259.21 105.46 169.7 79.97 89.51
ynao_sd_19740408_0020_lik 24 20 4 1 0 201.08 279.66 140.25 204.83 60.83 74.83
ynao_sd_19740409_0010_lik 33 31 2 1 0 262.75 322.27 210.01 260.26 52.74 62.01
ynao_sd_19740410_0005_lik 45 37 8 6 0 525.0 552.21 273.71 289.01 251.29 263.2
ynao_sd_19740411_0010_lik 47 27 20 4 0 1157.95 1201.45 398.9 435.69 759.05 765.76
ynao_sd_19740412_0025_lik 68 46 22 7 0 1706.08 1787.39 525.71 571.35 1180.37 1216.04
ynao_sd_19740413_0015_lik 67 42 25 5 0 1809.91 2052.81 573.17 674.84 1236.74 1377.97
ynao_sd_19740414_1040_hong 67 43 24 5 0 1464.57 2069.83 638.22 908.76 826.35 1161.07
ynao_sd_19740415_0040_hong 77 53 24 10 0 1672.37 2695.66 499.92 776.54 1172.45 1919.12
ynao_sd_19740416_0030_hong 67 43 24 12 0 1738.45 3713.1 495.5 1041.36 1242.95 2671.74
ynao_sd_19740417_0040_hong 56 40 16 10 0 989.92 2844.2 407.85 1080.19 582.07 1764.01
ynao_sd_19740418_0220_hong 25 21 4 4 0 283.91 670.52 160.84 323.89 123.07 346.63
ynao_sd_19740419_0240_hong 26 16 10 3 0 478.37 717.82 184.36 307.06 294.01 410.76
ynao_sd_19740420_0050_hong 20 15 5 3 0 340.82 641.59 130.44 250.12 210.38 391.47
ynao_sd_19740422_0110_lik 11 9 2 0 0 50.37 102.63 69.76 178.35 19.39 75.72
ynao_sd_19740423_0000_lik 8 8 0 0 0 32.95 52.96 32.95 52.96 0 0
ynao_sd_19740424_0600_lik 13 13 0 0 0 88.0 98.0 88.0 98.0 0 0
ynao_sd_19740425_0330_lik 11 10 1 2 0 171.2 175.87 82.88 86.41 88.32 89.46
ynao_sd_19740426_0010_lik 25 21 4 2 0 211.34 257.92 119.12 165.32 92.22 92.6
ynao_sd_19740427_0010_lik 6 6 0 1 0 138.87 146.01 90.28 95.86 48.59 50.15
ynao_sd_19740428_0820_lik 6 6 0 0 0 27.06 68.9 27.06 68.9 0 0
ynao_sd_19740429_0150_hong 2 1 1 1 0 56.51 339.35 9.87 63.77 46.64 275.58
ynao_sd_19740430_0030_hong 6 5 1 1 0 137.2 340.22 41.1 78.41 96.1 261.81
ynao_sd_19740501_0020_hong 7 3 4 2 0 269.42 797.49 55.34 183.22 214.08 614.27
ynao_sd_19740502_0100_li 35 30 5 3 0 602.2 1300.8 228.67 493.67 373.53 807.13
ynao_sd_19740503_0020_hong 48 37 11 6 0 1009.07 1806.55 338.27 752.02 670.8 1054.53
ynao_sd_19740504_0030_hong 47 31 16 9 0 1197.56 1773.21 322.93 477.78 874.63 1295.43
ynao_sd_19740505_0040_hong 57 47 10 6 0 1253.51 1520.54 423.97 540.69 829.54 979.85
ynao_sd_19740506_0010_li 71 61 10 6 0 1246.29 1376.41 415.38 470.11 830.91 906.3
ynao_sd_19740507_0015_li 73 63 10 5 0 1225.89 1347.94 446.55 526.44 779.34 821.5
ynao_sd_19740508_0115_li 72 61 11 6 0 1287.0 1377.49 407.35 434.66 879.65 942.83
ynao_sd_19740509_0010_li 91 83 8 6 0 1056.7 1188.58 461.26 511.26 595.44 677.32
ynao_sd_19740510_0045_li 53 45 8 7 0 681.3 865.86 261.58 317.26 419.72 548.6
ynao_sd_19740511_0020_li 44 38 6 4 0 535.27 729.95 232.98 328.16 302.29 401.79
ynao_sd_19740512_0035_li 13 12 1 1 0 175.22 265.16 84.64 152.88 90.58 112.28
ynao_sd_19740513_0110_hong 14 12 2 1 0 155.91 237.77 72.6 111.96 83.31 125.81
ynao_sd_19740514_0330_hong 22 21 1 1 0 142.82 236.19 102.62 152.49 40.2 83.7
ynao_sd_19740515_0600_li 10 10 0 0 0 89.35 170.51 89.35 170.51 0 0
ynao_sd_19740516_0020_li 8 8 0 0 0 87.11 98.12 87.11 98.12 0 0
ynao_sd_19740517_0020_li 13 13 0 0 0 103.49 151.29 103.49 151.29 0 0
ynao_sd_19740518_0002_li 2 2 0 0 0 42.32 50.98 42.32 50.98 0 0
ynao_sd_19740519_0001_li 3 3 0 0 0 39.48 70.71 39.48 70.71 0 0
ynao_sd_19740520_0003_li 1 1 0 0 0 29.7 29.7 29.7 29.7 0 0
ynao_sd_19740521_0320_hong 4 4 0 0 0 17.15 42.31 17.15 42.31 0 0
ynao_sd_19740522_0050_hong 2 2 0 0 0 9.95 39.79 9.95 39.79 0 0
ynao_sd_19740525_0300_li 3 3 0 0 0 20.55 29.92 20.55 29.92 0 0
ynao_sd_19740526_0010_li 6 6 0 0 0 34.61 72.66 34.61 72.66 0 0
ynao_sd_19740527_0130_hong 18 14 4 1 0 185.56 302.4 94.64 174.3 90.92 128.1
ynao_sd_19740528_0230_hong 12 6 6 3 0 347.51 671.73 88.25 182.55 259.26 489.18
ynao_sd_19740529_0400_hong 6 4 2 2 0 198.73 595.39 38.73 94.72 160.0 500.67
ynao_sd_19740531_0240_hong 16 13 3 3 0 231.8 886.28 126.24 482.22 105.56 404.06
ynao_sd_19740601_0040_hong 38 31 7 4 0 346.24 824.45 170.8 401.6 175.44 422.85
ynao_sd_19740602_0140_hong 42 32 10 7 0 480.61 794.48 196.43 340.44 284.18 454.04
ynao_sd_19740604_0500_li 44 42 2 1 0 311.09 350.93 196.43 225.37 114.66 125.56
ynao_sd_19740605_0350_li 55 54 1 1 0 387.88 455.81 265.44 328.66 122.44 127.15
ynao_sd_19740606_0800_li 47 43 4 3 0 439.35 513.87 228.5 271.12 210.85 242.75
ynao_sd_19740607_0530_li 37 34 3 2 0 313.76 342.1 167.23 184.18 146.53 157.92
ynao_sd_19740608_0120_li 51 46 5 4 0 369.02 419.28 221.62 260.56 147.4 158.72
ynao_sd_19740609_0010_li 46 44 2 2 0 313.29 450.14 245.3 361.88 67.99 88.26
ynao_sd_19740611_0020_li 41 38 3 1 0 416.06 600.18 249.38 397.98 166.68 202.2
ynao_sd_19740612_0620_hong 34 29 5 2 0 674.26 743.24 209.68 247.87 464.58 495.37
ynao_sd_19740613_0100_hong 36 32 4 4 0 781.51 1420.47 254.11 362.56 527.4 1057.91
ynao_sd_19740614_0240_hong 22 13 9 3 0 733.55 1093.12 172.95 221.6 560.6 871.52
ynao_sd_19740615_0910_hong 25 17 8 2 0 753.53 1060.25 239.84 362.78 513.69 697.47
ynao_sd_19740616_0050_hong 12 4 8 2 0 552.96 717.32 114.11 144.42 438.85 572.9
ynao_sd_19740617_0320_hong 12 6 6 2 0 488.73 603.2 132.93 164.81 355.8 438.39
ynao_sd_19740618_0315_hong 14 8 6 2 0 457.9 550.16 129.6 170.95 328.3 379.21
ynao_sd_19740620_0930_hong 5 2 3 2 0 157.92 169.43 38.45 41.88 119.47 127.55
ynao_sd_19740621_0105_hong 11 7 4 2 0 186.34 211.35 62.98 71.5 123.36 139.85
ynao_sd_19740622_0640_li 6 6 0 0 0 47.49 66.54 47.49 66.54 0 0
ynao_sd_19740623_0020_li 6 6 0 0 0 36.55 55.26 36.55 55.26 0 0
ynao_sd_19740624_0010_li 4 4 0 0 0 49.66 54.98 49.66 54.98 0 0
ynao_sd_19740625_0035_li 4 4 0 0 0 42.35 43.27 42.35 43.27 0 0
ynao_sd_19740627_0820_li 1 1 0 1 0 57.81 157.67 5.19 33.72 52.62 123.95
ynao_sd_19740628_0930_li 2 1 1 1 0 77.0 172.87 23.69 86.81 53.31 86.06
ynao_sd_19740701_0820_hong 68 48 20 10 0 1073.35 1306.0 402.79 479.44 670.56 826.56
ynao_sd_19740702_0805_hong 69 43 26 8 0 1671.89 1884.94 505.51 595.05 1166.38 1289.89
ynao_sd_19740703_0840_hong 79 49 30 5 0 2393.35 2622.85 674.98 743.05 1718.37 1879.8
ynao_sd_19740704_0220_hong 73 40 33 6 0 2503.9 2874.52 459.21 545.6 2044.69 2328.92
ynao_sd_19740705_0705_hong 61 30 31 11 0 1939.31 2527.76 585.94 744.86 1353.37 1782.9
ynao_sd_19740706_0105_hong 70 42 28 7 0 1879.07 2603.17 541.2 708.72 1337.87 1894.45
ynao_sd_19740708_0210_li 36 24 12 5 0 688.2 1268.99 214.19 387.36 474.01 881.63
ynao_sd_19740710_0810_li 7 6 1 1 0 557.48 1037.82 118.91 243.31 438.57 794.51
ynao_sd_19740711_0140_lik 7 6 1 1 0 626.87 957.75 137.83 233.07 489.04 724.68
ynao_sd_19740714_0135_lik 13 12 1 1 0 884.4 960.49 174.24 228.3 710.16 732.19
ynao_sd_19740715_0015_lik 11 7 4 1 0 831.47 863.84 200.48 214.91 630.99 648.93
ynao_sd_19740717_0820_hong 34 23 11 5 0 1363.9 1639.11 335.06 395.38 1028.84 1243.73
ynao_sd_19740718_0120_hong 27 17 10 5 0 1163.6 1460.48 327.47 416.6 836.13 1043.88
ynao_sd_19740719_0030_hong 32 25 7 4 0 986.81 1449.72 281.93 381.64 704.88 1068.08
ynao_sd_19740720_0025_hong 22 18 4 3 0 573.07 1085.19 169.62 246.58 403.45 838.61
ynao_sd_19740721_0020_hong 13 10 3 3 0 446.01 991.18 119.75 219.92 326.26 771.26
ynao_sd_19740722_0050_li 24 19 5 3 0 499.22 865.16 139.42 215.83 359.8 649.33
ynao_sd_19740723_0045_li 28 15 13 4 0 729.36 1028.53 194.03 253.24 535.33 775.29
ynao_sd_19740724_0010_li 36 24 12 5 0 764.94 977.3 192.51 264.83 572.43 712.47
ynao_sd_19740725_0100_hong 31 23 8 5 0 608.8 837.01 175.79 233.13 433.01 603.88
ynao_sd_19740729_0310_hong 20 16 4 3 0 241.17 399.65 96.47 140.17 144.7 259.48
ynao_sd_19740730_0640_hong 26 26 0 0 0 125.38 173.75 125.38 173.75 0 0
ynao_sd_19740731_0650_li 27 26 1 1 0 169.69 199.89 123.22 147.59 46.47 52.3
ynao_sd_19740801_0100_hong 24 19 5 3 0 226.73 277.48 121.65 152.43 105.08 125.05
ynao_sd_19740806_0215_li 9 8 1 1 0 390.98 817.97 82.92 198.12 308.06 619.85
ynao_sd_19740807_0550_li 16 14 2 2 0 550.41 819.98 171.15 272.11 379.26 547.87
ynao_sd_19740809_0850_li 15 12 3 2 0 681.08 743.58 133.02 152.22 548.06 591.36
ynao_sd_19740810_0110_hong 15 11 4 3 0 728.25 825.88 193.3 219.75 534.95 606.13
ynao_sd_19740811_0920_hong 20 12 8 5 0 751.01 845.93 193.29 239.03 557.72 606.9
ynao_sd_19740813_0025_lik 20 15 5 4 0 1079.9 1200.05 290.78 328.07 789.12 871.98
ynao_sd_19740814_0015_lik 22 14 8 5 0 1019.99 1456.51 242.48 322.65 777.51 1133.86
ynao_sd_19740815_0105_lik 14 9 5 4 0 775.67 1258.12 187.73 283.24 587.94 974.88
ynao_sd_19740816_0155_lik 10 7 3 3 0 634.71 1075.56 151.78 234.68 482.93 840.88
ynao_sd_19740817_0025_lik 28 24 4 4 0 845.26 1141.24 264.51 363.85 580.75 777.39
ynao_sd_19740818_0020_lik 10 6 4 5 0 652.66 945.29 151.31 221.62 501.35 723.67
ynao_sd_19740819_0040_hong 10 5 5 4 0 606.73 1016.96 142.67 260.08 464.06 756.88
ynao_sd_19740820_0020_hong 10 7 3 3 0 555.44 895.01 131.88 240.38 423.56 654.63
ynao_sd_19740821_0040_hong 12 9 3 2 0 577.15 770.87 144.47 186.9 432.68 583.97
ynao_sd_19740822_0030_hong 7 3 4 3 0 553.75 709.6 120.57 154.78 433.18 554.82
ynao_sd_19740823_0820_hong 18 15 3 2 0 479.29 692.93 144.77 221.12 334.52 471.81
ynao_sd_19740901_0445_li 3 3 0 1 0 135.71 373.29 82.36 195.89 53.35 177.4
ynao_sd_19740902_0020_hong 1 0 1 1 0 108.76 233.0 24.07 51.57 84.69 181.43
ynao_sd_19740903_0130_hong 2 0 2 2 0 219.05 548.8 32.38 82.99 186.67 465.81
ynao_sd_19740904_0150_hong 8 6 2 2 0 343.26 591.91 103.34 174.22 239.92 417.69
ynao_sd_19740905_0210_hong 9 7 2 2 0 426.12 582.35 104.18 141.89 321.94 440.46
ynao_sd_19740906_0110_li 9 7 2 2 0 360.41 422.07 79.63 96.47 280.78 325.6
ynao_sd_19740907_0110_hong 12 10 2 2 0 488.39 538.42 158.63 177.25 329.76 361.17
ynao_sd_19740908_0120_hong 6 4 2 2 0 414.62 444.65 87.57 94.07 327.05 350.58
ynao_sd_19740909_0535_li 8 5 3 3 0 740.21 2202.75 156.75 478.41 583.46 1724.34
ynao_sd_19740910_0720_li 20 10 10 4 0 1300.18 2710.99 288.86 577.74 1011.32 2133.25
ynao_sd_19740911_0645_li 22 9 13 6 0 1796.05 2954.75 288.98 481.9 1507.07 2472.85
ynao_sd_19740912_0340_li 38 21 17 6 0 1962.22 2753.07 445.93 623.8 1516.29 2129.27
ynao_sd_19740913_0820_li 30 12 18 5 0 2013.22 2324.56 410.1 510.93 1603.12 1813.63
ynao_sd_19740914_0250_li 42 31 11 3 0 1788.42 1896.11 413.77 473.33 1374.65 1422.78
ynao_sd_19740915_0830_li 38 29 9 2 0 1776.38 1884.28 512.94 619.91 1263.44 1264.37
ynao_sd_19740916_0720_hong 41 35 6 1 0 1551.05 1646.05 464.15 526.12 1086.9 1119.93
ynao_sd_19740917_0410_hong 32 20 12 2 0 1663.49 1873.38 446.67 525.74 1216.82 1347.64
ynao_sd_19740918_0300_hong 35 27 8 2 1 1269.72 1615.7 416.33 534.21 853.39 1081.49
ynao_sd_19740919_0040_hong 34 27 7 2 0 973.18 1532.14 300.33 499.67 672.85 1032.47
ynao_sd_19740920_0850_hong 8 6 2 2 0 407.96 1014.42 103.53 252.37 304.43 762.05
ynao_sd_19740922_0505_hong 2 2 0 0 0 30.62 31.21 30.62 31.21 0 0
ynao_sd_19740923_0845_li 5 5 0 0 0 52.65 84.41 52.65 84.41 0 0
ynao_sd_19740924_0600_li 10 10 0 0 0 47.68 74.51 47.68 74.51 0 0
ynao_sd_19740925_0410_li 8 6 2 1 0 124.82 134.2 61.52 70.46 63.3 63.74
ynao_sd_19740926_0125_li 11 10 1 1 0 150.36 157.45 63.22 67.19 87.14 90.26
ynao_sd_19740927_0030_hong 7 5 2 1 0 105.44 121.82 38.32 46.32 67.12 75.5
ynao_sd_19740928_0500_li 9 7 2 1 0 98.66 299.85 47.7 133.35 50.96 166.5
ynao_sd_19740929_0115_li 8 5 3 2 0 200.33 425.97 77.57 163.06 122.76 262.91
ynao_sd_19740930_0040_li 36 27 9 4 0 598.6 966.31 233.63 364.75 364.97 601.56
ynao_sd_19741001_0050_li 39 35 4 3 0 786.1 1023.54 247.19 311.42 538.91 712.12
ynao_sd_19741002_0250_li 30 22 8 5 0 1006.29 1154.28 208.17 255.97 798.12 898.31
ynao_sd_19741003_0200_hong 26 19 7 4 0 988.48 1038.15 267.12 281.84 721.36 756.31
ynao_sd_19741004_0320_hong 29 22 7 4 0 918.97 1026.55 222.66 308.14 696.31 718.41
ynao_sd_19741005_0310_hong 49 38 11 4 0 1043.41 1387.81 349.17 613.04 694.24 774.77
ynao_sd_19741006_0520_hong 36 20 16 8 0 879.76 1473.97 227.06 467.21 652.7 1006.76
ynao_sd_19741007_0310_hong 55 42 13 8 0 1170.44 2008.71 391.24 635.6 779.2 1373.11
ynao_sd_19741008_0040_hong 77 53 24 6 0 1507.75 2381.29 507.48 748.86 1000.27 1632.43
ynao_sd_19741009_0205_li 124 108 16 8 0 1411.86 1946.69 564.18 709.72 847.68 1236.97
ynao_sd_19741010_0750_li 123 100 23 9 0 1472.75 1656.99 647.89 763.18 824.86 893.81
ynao_sd_19741012_0520_li 117 78 39 8 0 2884.33 3046.64 707.8 766.81 2176.53 2279.83
ynao_sd_19741013_0130_li 88 58 30 11 0 1602.23 1858.07 546.46 650.49 1055.77 1207.58
ynao_sd_19741014_0250_hong 72 40 32 11 0 1826.1 2451.06 504.41 727.44 1321.69 1723.62
ynao_sd_19741016_0730_hong 40 26 14 5 0 726.05 1360.54 261.11 460.09 464.94 900.45
ynao_sd_19741017_0030_hong 20 10 10 6 0 555.75 1348.07 132.46 313.32 423.29 1034.75
ynao_sd_19741018_0350_li 4 3 1 1 0 138.5 588.86 49.42 209.34 89.08 379.52
ynao_sd_19741019_0030_hong 8 8 0 0 0 39.46 76.59 39.46 76.59 0 0
ynao_sd_19741020_0010_hong 5 5 0 0 0 37.46 53.13 37.46 53.13 0 0
ynao_sd_19741021_0250_li 9 9 0 0 0 82.67 184.91 82.67 184.91 0 0
ynao_sd_19741023_0608_li 3 3 0 0 0 13.59 29.22 13.59 29.22 0 0
ynao_sd_19741024_0210_li 2 2 0 0 0 37.9 37.97 37.9 37.97 0 0
ynao_sd_19741025_0530_li 4 3 1 1 0 111.25 261.15 50.96 65.11 60.29 196.04
ynao_sd_19741026_0510_li 8 6 2 1 0 116.32 216.89 47.12 78.13 69.2 138.76
ynao_sd_19741027_0230_li 14 12 2 1 0 203.58 337.54 81.2 148.85 122.38 188.69
ynao_sd_19741028_0820_hong 14 12 2 1 0 194.64 230.98 99.41 117.42 95.23 113.56
ynao_sd_19741029_0810_hong 9 8 1 1 0 236.33 257.46 68.91 77.25 167.42 180.21
ynao_sd_19741030_0750_hong 5 3 2 2 0 229.35 338.64 57.94 97.19 171.41 241.45
ynao_sd_19741031_0030_hong 8 4 4 2 0 203.66 293.12 49.14 95.21 154.52 197.91
ynao_sd_19741101_0055_hong 12 10 2 2 0 206.87 557.49 109.33 230.21 97.54 327.28
ynao_sd_19741102_0025_hong 7 4 3 2 0 173.41 411.65 43.54 90.1 129.87 321.55
ynao_sd_19741103_0120_hong 19 15 4 4 0 229.93 409.75 99.18 181.61 130.75 228.14
ynao_sd_19741104_0040_li 25 22 3 2 0 214.9 306.95 127.15 185.19 87.75 121.76
ynao_sd_19741105_0320_li 21 20 1 1 0 120.79 242.99 96.1 214.74 24.69 28.25
ynao_sd_19741106_0030_li 17 17 0 0 0 89.87 214.43 89.87 214.43 0 0
ynao_sd_19741107_0120_li 18 18 0 0 0 79.29 82.33 79.29 82.33 0 0
ynao_sd_19741108_0105_li 11 11 0 0 0 58.97 125.46 58.97 125.46 0 0
ynao_sd_19741109_0020_li 8 8 0 0 0 40.1 136.1 40.1 136.1 0 0
ynao_sd_19741110_0020_li 13 13 0 0 0 84.38 113.95 84.38 113.95 0 0
ynao_sd_19741111_0025_hong 10 10 0 0 0 48.79 52.07 48.79 52.07 0 0
ynao_sd_19741112_0910_hong 18 18 0 0 0 96.39 136.07 96.39 136.07 0 0
ynao_sd_19741113_0240_hong 7 7 0 0 0 36.53 38.04 36.53 38.04 0 0
ynao_sd_19741119_0045_li 11 8 3 3 0 914.12 1086.62 186.21 229.02 727.91 857.6
ynao_sd_19741120_0620_li 23 21 2 2 0 1021.22 1127.01 247.09 317.31 774.13 809.7
ynao_sd_19741121_0620_li 29 28 1 1 0 1034.04 1072.25 286.8 312.64 747.24 759.61
ynao_sd_19741122_0700_li 57 53 4 2 0 1187.63 1290.91 396.89 466.95 790.74 823.96
ynao_sd_19741124_0440_li 24 23 1 1 0 813.51 1010.6 229.14 273.19 584.37 737.41
ynao_sd_19741125_0050_hong 18 16 2 1 0 750.66 1092.17 207.11 280.37 543.55 811.8
ynao_sd_19741127_0310_hong 20 16 4 3 0 466.82 1214.52 155.64 338.75 311.18 875.77
ynao_sd_19741128_0130_hong 8 6 2 2 0 86.35 93.1 34.82 37.76 51.53 55.34
ynao_sd_19741129_0300_hong 8 8 0 0 0 45.69 60.37 45.69 60.37 0 0
ynao_sd_19741130_0055_hong 4 4 0 0 0 30.29 45.73 30.29 45.73 0 0
ynao_sd_19741201_0050_hong 3 3 0 0 0 13.01 26.37 13.01 26.37 0 0
ynao_sd_19741202_0030_li 1 1 0 0 0 4.67 27.94 4.67 27.94 0 0
ynao_sd_19741203_0020_li 1 1 0 0 0 4.97 29.11 4.97 29.11 0 0
ynao_sd_19741204_0205_hong 3 3 0 0 0 14.55 46.78 14.55 46.78 0 0
ynao_sd_19741205_0030_li 7 7 0 0 0 43.52 92.93 43.52 92.93 0 0
ynao_sd_19741206_0340_li 2 2 0 0 0 14.1 14.14 14.1 14.14 0 0
ynao_sd_19741207_0110_li 1 1 0 0 0 5.88 8.46 5.88 8.46 0 0
ynao_sd_19741208_0105_li 0 0 0 0 0 0 0 0 0 0 0
ynao_sd_19741209_0110_hong 0 0 0 0 0 0 0 0 0 0 0
ynao_sd_19741210_0040_hong 0 0 0 0 0 0 0 0 0 0 0
ynao_sd_19741211_0040_hong 7 7 0 0 0 38.84 45.43 38.84 45.43 0 0
ynao_sd_19741212_0020_li 15 14 1 1 0 181.22 225.46 101.47 141.93 79.75 83.53
ynao_sd_19741213_0220_hong 25 19 6 3 0 401.35 745.42 152.23 214.83 249.12 530.59
ynao_sd_19741215_0140_hong 21 16 5 2 0 621.4 898.73 173.59 229.33 447.81 669.4
ynao_sd_19741216_0050_hong 26 18 8 3 0 752.57 1008.54 205.53 336.88 547.04 671.66
ynao_sd_19741217_0025_hong 16 13 3 3 0 708.4 838.96 188.57 244.17 519.83 594.79
ynao_sd_19741218_0240_hong 20 18 2 2 0 836.99 1312.17 233.19 482.67 603.8 829.5
ynao_sd_19741219_0015_hong 10 8 2 2 0 824.25 1062.1 196.59 301.65 627.66 760.45
ynao_sd_19741220_0650_hong 11 9 2 2 0 861.78 1057.94 218.71 292.08 643.07 765.86
ynao_sd_19741221_0110_hong 11 9 2 2 0 774.71 975.42 189.27 251.73 585.44 723.69
ynao_sd_19741222_0640_ding 8 6 2 2 0 706.35 1013.58 163.36 250.47 542.99 763.11
ynao_sd_19741223_0105_hong 14 9 5 2 0 520.3 878.65 124.75 205.66 395.55 672.99
ynao_sd_19741224_0420_hong 7 2 5 2 0 310.37 733.9 76.81 248.4 233.56 485.5
ynao_sd_19741225_0120_hong 5 3 2 1 0 171.24 215.37 29.06 65.35 142.18 150.02
ynao_sd_19741226_0140_hong 7 5 2 1 0 105.82 194.42 35.67 112.75 70.15 81.67
ynao_sd_19741227_0040_hong 2 1 1 1 0 33.81 72.69 7.97 37.22 25.84 35.47
ynao_sd_19741228_0035_hong 12 12 0 0 0 61.48 176.37 61.48 176.37 0 0
ynao_sd_19741229_0140_hong 12 12 0 0 0 69.32 122.34 69.32 122.34 0 0
ynao_sd_19741230_0040_hong 10 9 1 1 0 105.7 301.68 66.38 195.65 39.32 106.03
ynao_sd_19741231_0035_hong 8 5 3 2 0 181.29 322.05 43.72 76.5 137.57 245.55
