ynao_sd_19770101_0500_wang 14 12 2 1 0 256.61 356.56 108.1 187.73 148.51 168.83
ynao_sd_19770102_0120_hong 21 19 2 1 0 250.18 350.24 126.42 193.1 123.76 157.14
ynao_sd_19770103_0040_hong 20 13 7 3 0 320.69 514.03 148.84 231.32 171.85 282.71
ynao_sd_19770104_0735_wang 12 10 2 2 0 210.13 607.23 95.15 247.17 114.98 360.06
ynao_sd_19770105_0200_wang 21 19 2 1 0 191.4 703.5 154.88 617.71 36.52 85.79
ynao_sd_19770106_0050_wang 14 14 0 0 0 78.32 114.19 78.32 114.19 0 0
ynao_sd_19770107_0110_hong 5 5 0 0 0 46.93 72.39 46.93 72.39 0 0
ynao_sd_19770108_0050_hong 8 8 0 0 0 46.2 67.5 46.2 67.5 0 0
ynao_sd_19770109_0105_hong 7 7 0 0 0 46.46 66.41 46.46 66.41 0 0
ynao_sd_19770110_0300_hong 5 5 0 0 0 40.18 43.96 40.18 43.96 0 0
ynao_sd_19770112_0110_wang 18 18 0 0 0 69.26 79.82 69.26 79.82 0 0
ynao_sd_19770113_0630_wang 28 16 12 5 0 492.85 569.74 204.25 247.75 288.6 321.99
ynao_sd_19770114_0150_wang 24 18 6 2 0 591.79 725.13 263.62 333.13 328.17 392.0
ynao_sd_19770115_0045_wang 25 19 6 2 0 597.56 896.81 238.46 408.07 359.1 488.74
ynao_sd_19770116_0510_wang 22 17 5 3 0 443.04 744.89 217.53 350.47 225.51 394.42
ynao_sd_19770117_0150_hong 27 23 4 2 0 310.86 672.17 122.34 236.89 188.52 435.28
ynao_sd_19770118_0040_hong 16 13 3 1 0 181.13 510.57 103.13 212.98 78.0 297.59
ynao_sd_19770119_0045_hong 6 6 0 0 0 47.39 73.79 47.39 73.79 0 0
ynao_sd_19770120_0040_hong 4 4 0 0 0 13.5 54.46 13.5 54.46 0 0
ynao_sd_19770121_0050_hong 7 6 1 1 0 56.8 211.06 21.67 51.23 35.13 159.83
ynao_sd_19770122_0220_hong 7 5 2 2 0 104.42 247.68 56.54 98.56 47.88 149.12
ynao_sd_19770123_0440_hong 24 20 4 1 0 301.12 440.34 167.42 276.43 133.7 163.91
ynao_sd_19770124_0100_wang 27 21 6 2 0 336.17 465.28 168.74 244.18 167.43 221.1
ynao_sd_19770125_0050_wang 18 15 3 2 0 245.53 357.35 107.62 142.71 137.91 214.64
ynao_sd_19770126_0115_wang 12 10 2 1 0 132.26 268.52 69.13 139.41 63.13 129.11
ynao_sd_19770127_0120_wang 5 4 1 0 0 16.92 37.92 21.72 43.93 4.8 6.01
ynao_sd_19770128_0110_wang 13 13 0 0 0 98.8 133.49 98.8 133.49 0 0
ynao_sd_19770129_0720_hong 15 15 0 0 0 63.58 128.3 63.58 128.3 0 0
ynao_sd_19770130_0310_hong 9 8 1 0 0 61.76 133.92 67.22 168.81 5.46 34.89
ynao_sd_19770131_0110_chao 6 6 0 0 0 66.33 209.79 66.33 209.79 0 0
ynao_sd_19770201_0050_chao 8 8 0 0 0 111.49 212.89 111.49 212.89 0 0
ynao_sd_19770202_0100_chao 16 13 3 3 0 294.77 423.69 211.74 302.46 83.03 121.23
ynao_sd_19770203_0120_chao 20 16 4 3 0 266.31 392.11 215.09 373.48 51.22 18.63
ynao_sd_19770204_0330_chao 23 21 2 2 0 222.78 272.9 175.39 214.13 47.39 58.77
ynao_sd_19770205_0120_chao 17 17 0 1 0 201.06 245.59 149.19 193.71 51.87 51.88
ynao_sd_19770206_0105_chao 3 3 0 0 0 12.29 32.1 12.29 32.1 0 0
ynao_sd_19770207_0050_hong 9 9 0 0 0 33.34 65.92 33.34 65.92 0 0
ynao_sd_19770209_0210_wang 31 27 4 2 0 228.39 348.91 171.03 268.04 57.36 80.87
ynao_sd_19770210_0700_hong 31 27 4 3 0 408.67 524.68 196.3 253.76 212.37 270.92
ynao_sd_19770211_0200_wang 61 52 9 4 0 567.26 698.74 296.61 368.86 270.65 329.88
ynao_sd_19770212_0050_hong 46 36 10 6 0 562.91 681.82 274.21 332.35 288.7 349.47
ynao_sd_19770213_0100_hong 55 45 10 6 0 642.93 767.95 323.28 398.63 319.65 369.32
ynao_sd_19770214_0210_chao 37 30 7 5 0 788.69 1170.32 387.82 548.66 400.87 621.66
ynao_sd_19770218_0510_chao 22 20 2 1 0 439.18 560.14 189.88 277.84 249.3 282.3
ynao_sd_19770219_0105_chao 19 18 1 1 0 366.96 463.94 160.25 243.77 206.71 220.17
ynao_sd_19770220_0120_hong 13 12 1 1 0 277.79 293.75 93.11 105.29 184.68 188.46
ynao_sd_19770223_0550_hong 9 8 1 1 0 133.39 197.93 47.24 85.83 86.15 112.1
ynao_sd_19770224_0230_chao 11 10 1 1 0 189.21 263.4 96.23 120.52 92.98 142.88
ynao_sd_19770225_0100_chao 47 46 1 1 0 215.4 420.17 178.97 348.92 36.43 71.25
ynao_sd_19770226_0345_hong 13 12 1 1 0 99.06 242.49 65.97 134.71 33.09 107.78
ynao_sd_19770227_0120_hong 2 2 0 0 0 35.39 42.51 35.39 42.51 0 0
ynao_sd_19770228_0030_chao 4 4 0 0 0 45.51 47.39 45.51 47.39 0 0
ynao_sd_19770301_0050_chao 4 4 0 0 0 43.17 62.57 43.17 62.57 0 0
ynao_sd_19770302_0035_chao 6 6 0 0 0 44.62 53.27 44.62 53.27 0 0
ynao_sd_19770304_0505_chao 2 1 1 1 0 70.4 138.97 20.65 40.14 49.75 98.83
ynao_sd_19770305_0600_chao 7 6 1 1 0 123.58 198.09 45.58 81.29 78.0 116.8
ynao_sd_19770306_0330_chao 7 6 1 1 0 145.35 214.7 54.31 98.37 91.04 116.33
ynao_sd_19770307_0615_hong 7 6 1 1 0 91.15 121.6 38.51 61.99 52.64 59.61
ynao_sd_19770308_0040_hong 11 10 1 1 0 151.11 195.33 93.22 131.84 57.89 63.49
ynao_sd_19770309_0030_hong 23 19 4 3 0 255.75 299.54 107.31 133.64 148.44 165.9
ynao_sd_19770310_0320_hong 11 7 4 2 0 227.06 278.1 97.39 125.61 129.67 152.49
ynao_sd_19770311_0040_hong 10 9 1 1 0 142.75 204.74 64.36 104.52 78.39 100.22
ynao_sd_19770312_0035_hong 5 4 1 1 0 113.39 175.16 37.87 60.79 75.52 114.37
ynao_sd_19770313_0130_hong 5 4 1 1 0 54.38 105.56 21.54 41.62 32.84 63.94
ynao_sd_19770314_0040_wang 9 9 0 0 0 25.36 47.6 25.36 47.6 0 0
ynao_sd_19770315_0040_wang 2 2 0 0 0 33.71 38.39 33.71 38.39 0 0
ynao_sd_19770316_0020_wang 8 8 0 0 0 49.28 106.9 49.28 106.9 0 0
ynao_sd_19770317_0040_wang 4 4 0 0 0 14.86 37.36 14.86 37.36 0 0
ynao_sd_19770318_0050_hong 13 13 0 0 0 72.16 99.19 72.16 99.19 0 0
ynao_sd_19770319_0020_wang 1 1 0 0 0 30.03 30.03 30.03 30.03 0 0
ynao_sd_19770320_0100_wang 6 6 0 0 0 18.67 55.66 18.67 55.66 0 0
ynao_sd_19770321_0050_chao 8 8 0 0 0 55.81 82.91 55.81 82.91 0 0
ynao_sd_19770322_0110_chao 7 7 0 0 0 72.14 175.06 72.14 175.06 0 0
ynao_sd_19770323_0030_chao 10 8 2 1 0 110.21 155.51 73.75 105.76 36.46 49.75
ynao_sd_19770326_0030_chao 35 35 0 0 0 97.63 143.73 97.63 143.73 0 0
ynao_sd_19770327_0040_chao 2 2 0 0 0 22.7 44.45 22.7 44.45 0 0
ynao_sd_19770328_0040_hong 8 8 0 0 0 41.07 92.44 41.07 92.44 0 0
ynao_sd_19770328_0130_chao 4 3 1 1 0 39.88 66.2 22.7 40.1 17.18 26.1
ynao_sd_19770329_0040_hong 10 10 0 0 0 69.64 204.8 69.64 204.8 0 0
ynao_sd_19770330_0030_hong 3 3 0 0 0 16.75 41.6 16.75 41.6 0 0
ynao_sd_19770331_0620_hong 5 5 0 0 0 25.79 75.18 25.79 75.18 0 0
ynao_sd_19770401_0050_hong 6 6 0 0 0 63.47 99.15 63.47 99.15 0 0
ynao_sd_19770404_0025_wang 8 8 0 0 0 56.33 85.44 56.33 85.44 0 0
ynao_sd_19770405_0050_wang 3 3 0 0 0 40.13 42.78 40.13 42.78 0 0
ynao_sd_19770406_0000_wang 6 6 0 0 0 36.35 80.99 36.35 80.99 0 0
ynao_sd_19770407_0020_wang 9 9 0 0 0 50.02 123.31 50.02 123.31 0 0
ynao_sd_19770408_0710_wang 3 3 0 0 0 40.14 61.45 40.14 61.45 0 0
ynao_sd_19770409_0740_wang 3 3 0 0 0 38.72 64.0 38.72 64.0 0 0
ynao_sd_19770410_0040_hong 3 3 0 0 0 41.43 46.07 41.43 46.07 0 0
ynao_sd_19770411_0020_hong 9 9 0 0 0 65.01 74.88 65.01 74.88 0 0
ynao_sd_19770412_0030_hong 10 8 2 1 0 132.9 376.2 86.27 223.08 46.63 153.12
ynao_sd_19770413_0040_hong 14 10 4 2 0 244.99 599.35 76.64 166.28 168.35 433.07
ynao_sd_19770414_0020_hong 21 13 8 5 0 367.31 634.63 109.71 190.41 257.6 444.22
ynao_sd_19770415_0020_hong 28 21 7 4 0 411.99 584.04 139.0 216.34 272.99 367.7
ynao_sd_19770416_0000_wang 18 14 4 2 0 404.8 465.07 143.99 165.14 260.81 299.93
ynao_sd_19770417_0050_hong 23 19 4 2 0 448.53 482.18 152.46 165.5 296.07 316.68
ynao_sd_19770418_0105_wang 21 16 5 2 0 366.23 404.73 132.35 163.13 233.88 241.6
ynao_sd_19770419_0130_wang 10 8 2 2 0 258.58 317.88 65.32 110.59 193.26 207.29
ynao_sd_19770420_0210_wang 7 5 2 2 0 279.11 316.58 62.67 72.98 216.44 243.6
ynao_sd_19770421_0005_wang 12 11 1 2 0 331.37 417.6 120.4 153.37 210.97 264.23
ynao_sd_19770422_0005_wang 13 12 1 1 0 197.19 319.56 94.45 161.89 102.74 157.67
ynao_sd_19770423_0010_wang 14 13 1 1 0 123.3 223.23 69.31 113.79 53.99 109.44
ynao_sd_19770424_0030_wang 13 12 1 1 0 134.66 308.36 97.6 192.19 37.06 116.17
ynao_sd_19770425_0015_wang 7 7 0 0 0 35.45 82.75 35.45 82.75 0 0
ynao_sd_19770426_0055_wang 6 6 0 0 0 65.24 176.2 65.24 176.2 0 0
ynao_sd_19770427_0030_wang 4 2 2 1 0 75.45 208.26 22.03 67.46 53.42 140.8
ynao_sd_19770428_0040_hong 4 3 1 1 0 53.04 92.35 17.9 31.29 35.14 61.06
ynao_sd_19770429_0030_hong 16 15 1 1 0 102.45 133.7 63.51 80.25 38.94 53.45
ynao_sd_19770430_0020_hong 6 4 2 1 0 94.18 113.39 33.19 40.81 60.99 72.58
ynao_sd_19770501_0045_wang 9 7 2 1 0 63.65 90.41 41.84 66.67 21.81 23.74
ynao_sd_19770502_0220_hong 8 8 0 0 0 37.96 65.7 37.96 65.7 0 0
ynao_sd_19770503_0100_hong 6 5 1 0 0 46.88 49.35 62.92 177.93 16.04 128.58
ynao_sd_19770504_0030_hong 13 9 4 2 0 186.33 349.82 96.74 194.33 89.59 155.49
ynao_sd_19770505_0050_hong 18 15 3 2 0 212.32 305.47 88.63 129.39 123.69 176.08
ynao_sd_19770506_0020_hong 13 10 3 1 0 130.59 187.82 60.01 97.84 70.58 89.98
ynao_sd_19770507_0015_wang 11 10 1 1 0 167.6 227.06 77.4 118.3 90.2 108.76
ynao_sd_19770508_0115_hong 16 15 1 1 0 190.46 271.61 96.64 157.44 93.82 114.17
ynao_sd_19770509_0035_wang 7 6 1 1 0 152.52 213.95 85.34 127.7 67.18 86.25
ynao_sd_19770510_0020_wang 14 11 3 1 0 141.84 191.94 79.95 113.47 61.89 78.47
ynao_sd_19770511_0005_wang 15 12 3 3 0 278.65 491.37 128.89 191.58 149.76 299.79
ynao_sd_19770512_0050_wang 17 14 3 3 0 263.77 460.08 126.26 196.62 137.51 263.46
ynao_sd_19770513_0040_wang 9 7 2 2 0 164.84 277.68 80.16 166.11 84.68 111.57
ynao_sd_19770514_1015_wang 13 12 1 1 0 168.56 196.81 112.74 135.29 55.82 61.52
ynao_sd_19770515_0100_hong 12 11 1 1 0 128.57 142.6 70.46 80.54 58.11 62.06
ynao_sd_19770516_0030_hong 14 12 2 1 0 100.88 110.67 64.81 72.81 36.07 37.86
ynao_sd_19770517_0020_hong 17 17 0 0 0 98.66 107.06 98.66 107.06 0 0
ynao_sd_19770518_0025_hong 10 9 1 1 0 58.69 70.8 45.89 56.0 12.8 14.8
ynao_sd_19770519_0040_hong 2 2 0 0 0 9.39 12.5 9.39 12.5 0 0
ynao_sd_19770520_0020_hong 3 3 0 0 0 19.81 43.17 19.81 43.17 0 0
ynao_sd_19770521_0310_wang 14 14 0 0 0 67.65 113.09 67.65 113.09 0 0
ynao_sd_19770522_0005_hong 12 12 0 0 0 69.63 119.46 69.63 119.46 0 0
ynao_sd_19770523_0120_wang 7 7 0 0 0 49.75 172.24 49.75 172.24 0 0
ynao_sd_19770524_0110_hong 2 2 0 0 0 32.91 35.24 32.91 35.24 0 0
ynao_sd_19770525_0030_wang 1 1 0 0 0 33.65 33.65 33.65 33.65 0 0
ynao_sd_19770526_0110_wang 2 2 0 0 0 12.44 29.08 12.44 29.08 0 0
ynao_sd_19770527_0150_hong 5 5 0 0 0 18.93 24.75 18.93 24.75 0 0
ynao_sd_19770528_0020_wang 4 4 0 0 0 17.87 20.06 17.87 20.06 0 0
ynao_sd_19770529_0020_wang 12 12 0 0 0 72.53 81.17 72.53 81.17 0 0
ynao_sd_19770530_0000_duan 21 20 1 1 0 161.76 214.89 144.55 195.48 17.21 19.41
ynao_sd_19770531_0040_duan 32 23 9 2 0 541.32 710.54 323.46 436.48 217.86 274.06
ynao_sd_19770601_0010_duan 32 27 5 1 0 487.93 704.7 225.93 316.83 262.0 387.87
ynao_sd_19770602_0030_hong 28 27 1 1 0 406.64 763.5 194.85 342.55 211.79 420.95
ynao_sd_19770603_0040_duan 32 28 4 4 0 506.46 1318.15 254.67 604.09 251.79 714.06
ynao_sd_19770604_0010_duan 37 36 1 2 0 448.66 845.25 269.08 534.6 179.58 310.65
ynao_sd_19770605_0020_duan 34 31 3 1 0 518.54 777.95 323.1 482.11 195.44 295.84
ynao_sd_19770606_0030_hong 38 32 6 3 0 491.18 636.6 195.34 254.2 295.84 382.4
ynao_sd_19770607_0110_hong 35 24 11 4 0 673.16 1036.49 203.86 319.26 469.3 717.23
ynao_sd_19770608_0030_hong 29 15 14 7 0 790.7 1245.79 218.28 372.24 572.42 873.55
ynao_sd_19770609_0010_hong 23 16 7 4 0 626.73 857.87 181.86 242.55 444.87 615.32
ynao_sd_19770610_0020_hong 17 14 3 2 0 609.48 788.13 176.44 219.66 433.04 568.47
ynao_sd_19770611_0030_hong 24 21 3 2 0 583.79 716.28 216.69 260.66 367.1 455.62
ynao_sd_19770612_0120_hong 17 14 3 2 0 573.27 707.55 152.53 192.5 420.74 515.05
ynao_sd_19770613_0040_duan 7 4 3 2 0 547.54 693.31 139.06 186.64 408.48 506.67
ynao_sd_19770614_0020_wang 8 5 3 2 0 443.37 593.64 100.81 141.24 342.56 452.4
ynao_sd_19770615_0010_wang 6 5 1 1 0 371.08 482.16 94.75 160.61 276.33 321.55
ynao_sd_19770616_0010_wang 8 6 2 1 0 286.5 379.74 86.79 116.46 199.71 263.28
ynao_sd_19770617_0010_wang 5 4 1 1 0 200.68 344.48 47.72 98.68 152.96 245.8
ynao_sd_19770618_0040_wang 4 2 2 1 0 140.94 295.85 49.16 97.23 91.78 198.62
ynao_sd_19770620_0040_duan 8 6 2 1 0 153.26 432.95 81.11 230.03 72.15 202.92
ynao_sd_19770624_0120_hong 52 42 10 3 0 970.61 2132.24 376.2 715.86 594.41 1416.38
ynao_sd_19770625_0040_wang 56 35 21 5 0 1622.86 2752.14 457.2 758.47 1165.66 1993.67
ynao_sd_19770626_0040_wang 72 48 24 8 0 2155.99 3027.81 548.9 712.55 1607.09 2315.26
ynao_sd_19770627_0335_wang 57 28 29 10 0 2232.46 2770.5 516.29 647.61 1716.17 2122.89
ynao_sd_19770628_0040_wang 74 54 20 9 0 2065.2 2369.41 520.53 627.06 1544.67 1742.35
ynao_sd_19770629_0050_hong 47 31 16 4 0 1439.46 1561.8 336.31 378.42 1103.15 1183.38
ynao_sd_19770630_0330_hong 40 27 13 3 0 1337.26 1487.17 341.11 390.32 996.15 1096.85
ynao_sd_19770701_0140_hong 30 24 6 2 0 933.27 1004.99 279.75 306.57 653.52 698.42
ynao_sd_19770702_0330_hong 32 30 2 1 0 812.63 962.88 325.65 385.7 486.98 577.18
ynao_sd_19770703_0620_hong 25 15 10 3 0 659.81 1027.87 208.46 382.11 451.35 645.76
ynao_sd_19770704_0200_hong 28 20 8 4 0 819.88 1454.29 289.92 510.54 529.96 943.75
ynao_sd_19770705_0140_hong 19 6 13 5 0 591.65 1383.66 157.39 369.54 434.26 1014.12
ynao_sd_19770706_0020_hong 13 8 5 4 0 362.01 967.22 103.0 235.87 259.01 731.35
ynao_sd_19770707_0040_hong 15 10 5 3 0 424.4 655.24 150.29 248.01 274.11 407.23
ynao_sd_19770708_0100_hong 17 11 6 3 0 469.46 813.94 168.73 306.06 300.73 507.88
ynao_sd_19770709_0220_hong 12 10 2 2 0 350.89 622.59 131.83 250.05 219.06 372.54
ynao_sd_19770710_0110_hong 8 5 3 1 0 230.95 368.2 92.37 214.97 138.58 153.23
ynao_sd_19770711_0030_hong 5 3 2 1 0 159.76 175.13 66.23 73.37 93.53 101.76
ynao_sd_19770713_0040_hong 12 12 0 0 0 84.88 125.02 84.88 125.02 0 0
ynao_sd_19770714_0030_hong 10 10 0 0 0 69.43 112.87 69.43 112.87 0 0
ynao_sd_19770716_0330_hong 2 2 0 0 0 34.74 35.45 34.74 35.45 0 0
ynao_sd_19770717_0335_hong 8 8 0 0 0 63.71 93.73 63.71 93.73 0 0
ynao_sd_19770718_0720_wang 1 1 0 0 0 31.61 31.61 31.61 31.61 0 0
ynao_sd_19770720_0020_wang 3 3 0 0 0 40.49 44.58 40.49 44.58 0 0
ynao_sd_19770721_0100_wang 5 4 1 1 0 112.54 315.86 77.44 184.1 35.1 131.76
ynao_sd_19770722_0040_wang 5 4 1 1 0 85.77 173.44 30.07 54.08 55.7 119.36
ynao_sd_19770723_0005_wang 14 13 1 1 0 197.94 348.4 116.87 221.22 81.07 127.18
ynao_sd_19770724_0120_wang 16 15 1 1 0 236.55 330.73 118.09 182.12 118.46 148.61
ynao_sd_19770725_0140_hong 15 14 1 1 0 234.99 283.13 103.65 138.43 131.34 144.7
ynao_sd_19770727_0540_wang 14 13 1 1 0 158.96 181.72 71.69 92.88 87.27 88.84
ynao_sd_19770728_0730_hong 7 7 0 1 0 149.77 182.98 72.74 101.35 77.03 81.63
ynao_sd_19770729_0330_hong 6 5 1 1 0 84.29 156.41 38.19 103.82 46.1 52.59
ynao_sd_19770730_0300_hong 3 2 1 1 0 33.72 44.37 13.57 17.51 20.15 26.86
ynao_sd_19770801_0250_wang 5 5 0 0 0 71.03 94.75 71.03 94.75 0 0
ynao_sd_19770802_0310_wang 14 12 2 1 0 109.24 154.36 81.13 104.56 28.11 49.8
ynao_sd_19770803_0000_wang 9 6 3 1 0 146.23 423.58 84.89 169.76 61.34 253.82
ynao_sd_19770804_0040_wang 7 5 2 1 0 218.52 545.08 66.45 163.76 152.07 381.32
ynao_sd_19770805_0310_wang 12 6 6 3 0 376.89 625.81 104.71 168.3 272.18 457.51
ynao_sd_19770806_0210_wang 34 26 8 4 0 639.34 865.77 221.22 298.08 418.12 567.69
ynao_sd_19770807_0120_wang 40 28 12 7 0 741.18 917.24 217.81 292.72 523.37 624.52
ynao_sd_19770808_0150_hong 42 31 11 5 0 636.93 718.55 241.91 290.19 395.02 428.36
ynao_sd_19770809_0240_hong 34 23 11 3 0 637.03 664.61 236.97 247.27 400.06 417.34
ynao_sd_19770810_0330_wang 32 28 4 4 0 489.59 551.76 189.38 234.12 300.21 317.64
ynao_sd_19770811_0250_hong 17 15 2 1 0 295.31 367.08 133.58 186.18 161.73 180.9
ynao_sd_19770812_0840_hong 12 10 2 2 0 278.0 393.13 90.75 145.43 187.25 247.7
ynao_sd_19770814_0100_wang 17 13 4 4 0 328.97 605.36 121.21 193.97 207.76 411.39
ynao_sd_19770815_0535_wang 20 17 3 2 0 243.32 430.83 139.9 217.98 103.42 212.85
ynao_sd_19770816_0215_wang 26 25 1 1 0 204.09 254.05 153.18 195.83 50.91 58.22
ynao_sd_19770817_0015_wang 34 32 2 0 0 166.18 242.16 181.27 258.06 15.09 15.9
ynao_sd_19770818_0030_wang 38 38 0 0 0 198.72 239.68 198.72 239.68 0 0
ynao_sd_19770819_0615_wang 24 24 0 0 0 154.82 196.62 154.82 196.62 0 0
ynao_sd_19770820_0015_wang 26 26 0 0 0 118.27 160.07 118.27 160.07 0 0
ynao_sd_19770822_0140_hong 25 23 2 2 0 248.05 745.71 137.67 310.71 110.38 435.0
ynao_sd_19770823_0030_hong 14 14 0 0 0 79.52 173.87 79.52 173.87 0 0
ynao_sd_19770826_0340_wang 18 16 2 2 0 288.15 349.34 135.57 169.66 152.58 179.68
ynao_sd_19770828_0130_hong 24 17 7 3 0 364.49 453.6 178.27 221.58 186.22 232.02
ynao_sd_19770829_0120_wang 25 23 2 2 0 204.36 282.21 136.56 189.97 67.8 92.24
ynao_sd_19770830_0030_wang 29 24 5 3 0 270.1 433.51 165.3 267.87 104.8 165.64
ynao_sd_19770831_0140_wang 19 17 2 1 0 134.58 230.57 113.08 187.27 21.5 43.3
ynao_sd_19770901_0310_wang 17 16 1 1 0 123.58 259.67 79.28 143.53 44.3 116.14
ynao_sd_19770902_0330_wang 7 6 1 1 0 107.67 179.12 39.33 58.92 68.34 120.2
ynao_sd_19770903_0040_wang 30 26 4 1 0 261.7 359.73 184.71 248.87 76.99 110.86
ynao_sd_19770904_0200_wang 23 17 6 4 0 386.16 438.71 186.08 209.47 200.08 229.24
ynao_sd_19770905_0030_hong 23 22 1 1 0 325.78 350.21 189.73 201.88 136.05 148.33
ynao_sd_19770906_0320_hong 11 10 1 1 0 236.41 271.56 107.48 137.45 128.93 134.11
ynao_sd_19770907_0830_hong 12 11 1 1 0 194.68 218.66 101.71 119.57 92.97 99.09
ynao_sd_19770908_0710_hong 11 9 2 2 0 187.64 264.98 64.83 119.77 122.81 145.21
ynao_sd_19770909_0020_hong 9 8 1 1 0 156.66 231.25 80.33 138.66 76.33 92.59
ynao_sd_19770910_0040_hong 15 6 9 2 0 730.71 2313.73 145.71 391.53 585.0 1922.2
ynao_sd_19770911_0050_hong 24 10 14 3 0 1090.41 2076.04 177.25 334.57 913.16 1741.47
ynao_sd_19770912_0145_wang 47 29 18 7 0 1705.99 2465.61 367.32 559.16 1338.67 1906.45
ynao_sd_19770915_0800_wang 66 42 24 12 0 1735.67 1764.1 511.68 533.05 1223.99 1231.05
ynao_sd_19770916_0100_wang 103 80 23 11 0 2057.73 2130.79 618.13 671.36 1439.6 1459.43
ynao_sd_19770917_0230_wang 78 49 29 10 0 1854.2 2054.84 498.6 573.11 1355.6 1481.73
ynao_sd_19770922_0350_wang 38 30 8 6 0 901.96 1071.59 301.72 365.93 600.24 705.66
ynao_sd_19770923_0030_hong 28 19 9 4 0 648.01 778.58 251.86 319.48 396.15 459.1
ynao_sd_19770924_0020_hong 27 16 11 4 0 703.82 897.8 219.11 320.65 484.71 577.15
ynao_sd_19770925_0110_hong 18 10 8 4 0 680.73 1149.93 196.91 321.2 483.82 828.73
ynao_sd_19770927_0100_hong 33 25 8 4 0 691.51 1234.39 262.11 415.81 429.4 818.58
ynao_sd_19770928_0120_hong 27 21 6 3 0 718.01 1278.13 261.89 395.95 456.12 882.18
ynao_sd_19770929_0220_wang 25 17 8 6 0 724.05 1225.63 214.71 329.3 509.34 896.33
ynao_sd_19770930_0700_hong 23 16 7 5 0 728.28 994.58 194.77 271.0 533.51 723.58
ynao_sd_19771001_0300_hong 23 19 4 3 0 846.5 1123.25 244.1 343.1 602.4 780.15
ynao_sd_19771003_0240_hong 34 26 8 4 0 945.15 1091.76 265.56 328.95 679.59 762.81
ynao_sd_19771004_0750_wang 39 33 6 4 0 1024.64 1269.05 307.05 425.62 717.59 843.43
ynao_sd_19771005_0810_wang 14 8 6 5 0 829.78 1111.68 185.6 253.95 644.18 857.73
ynao_sd_19771006_0510_wang 26 15 11 10 0 941.84 1880.73 228.9 466.67 712.94 1414.06
ynao_sd_19771011_0320_wang 24 16 8 3 0 555.27 803.61 186.66 259.75 368.61 543.86
ynao_sd_19771012_0720_wang 26 19 7 3 0 684.89 849.09 244.83 284.99 440.06 564.1
ynao_sd_19771013_0210_wang 33 20 13 6 0 799.32 1071.08 242.98 320.32 556.34 750.76
ynao_sd_19771014_0110_wang 33 25 8 6 0 805.84 1146.55 237.9 339.04 567.94 807.51
ynao_sd_19771015_0030_wang 52 45 7 3 0 843.55 1058.04 330.45 433.35 513.1 624.69
ynao_sd_19771016_0040_wang 30 20 10 3 0 820.34 933.32 201.91 235.65 618.43 697.67
ynao_sd_19771017_0550_hong 41 29 12 6 0 648.31 750.88 237.62 295.19 410.69 455.69
ynao_sd_19771018_0020_hong 47 37 10 6 0 657.5 825.02 286.27 401.18 371.23 423.84
ynao_sd_19771019_0050_hong 38 35 3 2 0 468.43 620.14 264.19 344.64 204.24 275.5
ynao_sd_19771020_0350_hong 40 35 5 4 0 916.76 1260.76 321.0 450.73 595.76 810.03
ynao_sd_19771025_0200_hong 19 18 1 1 0 333.08 638.7 150.81 293.41 182.27 345.29
ynao_sd_19771026_0030_hong 11 9 2 2 0 242.53 573.54 81.21 154.28 161.32 419.26
ynao_sd_19771027_0120_hong 17 14 3 2 0 196.39 479.35 131.37 240.24 65.02 239.11
ynao_sd_19771028_0040_hong 20 18 2 1 0 161.42 194.71 116.98 140.6 44.44 54.11
ynao_sd_19771029_0030_hong 27 25 2 1 0 249.65 497.69 191.74 292.47 57.91 205.22
ynao_sd_19771030_0210_hong 34 32 2 1 0 354.32 699.28 196.62 356.7 157.7 342.58
ynao_sd_19771031_0330_lik 28 23 5 3 0 521.14 907.55 174.35 276.91 346.79 630.64
ynao_sd_19771101_0020_lik 24 18 6 4 0 610.28 897.43 192.74 265.46 417.54 631.97
ynao_sd_19771102_0645_lik 19 14 5 3 0 567.59 678.96 177.48 209.94 390.11 469.02
ynao_sd_19771103_0140_lik 13 9 4 3 0 527.36 627.54 126.0 173.94 401.36 453.6
ynao_sd_19771104_0115_lik 12 8 4 3 0 402.14 524.55 130.06 227.91 272.08 296.64
ynao_sd_19771105_0040_hong 15 11 4 3 0 340.87 389.23 91.76 102.51 249.11 286.72
ynao_sd_19771107_0030_hong 14 13 1 1 0 248.86 353.39 115.01 143.15 133.85 210.24
ynao_sd_19771108_0030_wang 8 7 1 1 0 134.26 271.68 60.56 121.81 73.7 149.87
ynao_sd_19771109_0040_hong 11 9 2 2 0 161.77 389.31 92.28 205.26 69.49 184.05
ynao_sd_19771110_0240_hong 8 6 2 2 0 131.76 203.04 73.02 116.17 58.74 86.87
ynao_sd_19771111_0410_hong 13 12 1 1 0 116.15 139.8 87.43 103.69 28.72 36.11
ynao_sd_19771112_0210_hong 17 15 2 2 0 172.56 324.59 93.86 139.52 78.7 185.07
ynao_sd_19771113_0300_hong 13 12 1 1 0 189.25 417.17 126.41 270.87 62.84 146.3
ynao_sd_19771116_0150_chao 12 11 1 1 0 153.7 255.5 123.65 216.34 30.05 39.16
ynao_sd_19771117_0020_chao 20 18 2 2 0 353.99 452.23 277.55 359.39 76.44 92.84
ynao_sd_19771118_0520_chao 36 24 12 2 0 1197.32 1455.33 419.58 602.37 777.74 852.96
ynao_sd_19771119_0200_chao 32 15 17 3 0 1158.82 1272.65 429.28 495.29 729.54 777.36
ynao_sd_19771120_0520_chao 35 21 14 1 0 1142.13 1263.66 465.92 528.82 676.21 734.84
ynao_sd_19771121_0300_hong 23 14 9 2 0 471.59 537.15 190.24 217.3 281.35 319.85
ynao_sd_19771122_0700_hong 18 14 4 2 0 197.29 346.73 112.2 235.05 85.09 111.68
ynao_sd_19771123_0900_hong 19 17 2 1 0 155.48 223.86 139.24 197.26 16.24 26.6
ynao_sd_19771124_0205_hong 9 8 1 1 0 95.83 149.47 59.86 106.4 35.97 43.07
ynao_sd_19771125_0050_hong 5 4 1 1 0 98.3 132.68 60.84 80.97 37.46 51.71
ynao_sd_19771126_0040_hong 5 4 1 1 0 37.35 53.61 23.05 29.14 14.3 24.47
ynao_sd_19771204_0540_chao 27 21 6 4 0 847.57 1096.43 304.34 461.34 543.23 635.09
ynao_sd_19771205_0720_hong 45 41 4 4 0 984.35 1130.16 368.3 458.17 616.05 671.99
ynao_sd_19771206_0640_hong 43 34 9 4 0 1158.91 1477.35 354.91 498.11 804.0 979.24
ynao_sd_19771207_0050_hong 36 28 8 6 0 1256.67 1811.48 371.1 542.39 885.57 1269.09
ynao_sd_19771208_0720_hong 39 27 12 6 0 1171.01 1904.82 360.17 578.81 810.84 1326.01
ynao_sd_19771209_0120_hong 57 53 4 3 0 974.37 1335.31 466.93 667.02 507.44 668.29
ynao_sd_19771210_0120_hong 59 45 14 10 0 1366.57 2084.29 446.89 638.97 919.68 1445.32
ynao_sd_19771211_0205_hong 65 45 20 9 0 1473.26 2128.56 444.96 606.23 1028.3 1522.33
ynao_sd_19771212_0040_chao 51 32 19 8 0 1428.74 2039.16 489.29 857.55 939.45 1181.61
ynao_sd_19771213_0050_chao 38 34 4 2 0 934.04 1147.18 469.61 611.28 464.43 535.9
ynao_sd_19771214_0240_chao 29 25 4 2 0 478.47 669.25 269.97 398.03 208.5 271.22
ynao_sd_19771215_0050_chao 14 12 2 2 0 226.51 388.53 153.7 257.04 72.81 131.49
ynao_sd_19771216_0040_chao 15 13 2 2 0 200.69 363.33 137.49 219.62 63.2 143.71
ynao_sd_19771217_0040_chao 17 16 1 1 0 123.98 139.75 100.64 114.49 23.34 25.26
ynao_sd_19771218_0100_chao 12 10 2 1 0 157.34 416.47 116.79 266.96 40.55 149.51
ynao_sd_19771219_0130_hong 22 16 6 4 0 326.44 644.11 152.14 262.42 174.3 381.69
ynao_sd_19771220_0100_wang 11 8 3 2 0 259.76 439.93 72.02 118.3 187.74 321.63
ynao_sd_19771221_0110_wang 18 14 4 1 0 322.12 437.04 101.15 138.63 220.97 298.41
ynao_sd_19771222_0130_wang 15 12 3 1 0 384.27 453.04 135.04 157.32 249.23 295.72
ynao_sd_19771223_0230_wang 14 12 2 1 0 360.2 434.39 130.05 180.28 230.15 254.11
ynao_sd_19771224_0040_wang 24 21 3 1 0 454.05 611.93 187.39 349.31 266.66 262.62
ynao_sd_19771225_0110_wang 17 14 3 2 0 523.92 662.57 192.14 282.78 331.78 379.79
ynao_sd_19771226_0040_hong 29 23 6 3 0 583.54 851.66 212.84 341.99 370.7 509.67
ynao_sd_19771227_0050_hong 23 16 7 3 0 588.76 1224.38 212.5 430.5 376.26 793.88
ynao_sd_19771228_0150_zhao 32 22 10 6 0 701.83 1405.06 235.46 486.54 466.37 918.52
ynao_sd_19771229_0050_hong 37 24 13 8 0 742.08 1634.59 246.37 583.78 495.71 1050.81
ynao_sd_19771230_0530_wang 62 45 17 8 0 1024.06 1790.25 378.52 568.11 645.54 1222.14
ynao_sd_19771231_0030_hong 62 48 14 7 0 1034.05 1408.2 402.86 539.8 631.19 868.4
