ynao_sd_19840101_0110_wang 0 0 0 0 0 0 0 0 0 0 0
ynao_sd_19840102_0120_chai 10 10 0 0 0 59.04 67.98 59.04 67.98 0 0
ynao_sd_19840103_0850_chai 9 8 1 1 0 98.48 145.23 71.32 101.46 27.16 43.77
ynao_sd_19840104_0030_chai 14 13 1 1 0 100.67 173.46 73.87 123.47 26.8 49.99
ynao_sd_19840105_0120_chai 9 6 3 1 0 150.84 368.77 70.43 185.75 80.41 183.02
ynao_sd_19840106_0240_chai 5 5 0 1 0 771.79 1033.9 66.26 249.36 705.53 784.54
ynao_sd_19840107_0445_li 4 3 1 1 0 70.64 140.49 32.16 55.36 38.48 85.13
ynao_sd_19840109_0305_li 18 15 3 3 0 209.36 467.91 101.22 169.86 108.14 298.05
ynao_sd_19840110_0200_li 19 16 3 2 0 312.96 574.12 161.98 204.64 150.98 369.48
ynao_sd_19840111_0110_li 18 14 4 3 0 346.13 545.51 129.53 184.85 216.6 360.66
ynao_sd_19840112_0130_li 16 11 5 4 0 515.96 828.85 124.58 185.02 391.38 643.83
ynao_sd_19840113_0140_li 27 17 10 3 0 1017.9 1369.55 221.13 292.54 796.77 1077.01
ynao_sd_19840114_0130_li 31 22 9 3 0 1139.45 1336.03 256.21 294.53 883.24 1041.5
ynao_sd_19840115_0130_li 38 28 10 3 0 1112.97 1186.37 269.72 287.64 843.25 898.73
ynao_sd_19840116_0105_hong 38 29 9 4 0 1385.5 1422.12 316.42 323.91 1069.08 1098.21
ynao_sd_19840117_0050_hong 28 18 10 4 0 1238.98 1414.83 310.0 371.39 928.98 1043.44
ynao_sd_19840118_0340_hong 24 13 11 4 0 1101.14 1274.31 232.78 279.52 868.36 994.79
ynao_sd_19840119_0050_hong 22 11 11 5 0 940.49 1183.49 198.88 260.15 741.61 923.34
ynao_sd_19840120_0110_hong 31 24 7 4 0 756.49 1093.35 223.61 296.73 532.88 796.62
ynao_sd_19840121_0100_hong 42 29 13 7 0 1126.66 1950.36 346.35 486.9 780.31 1463.46
ynao_sd_19840122_0130_hong 44 28 16 7 0 1170.41 2074.3 301.24 561.49 869.17 1512.81
ynao_sd_19840123_0110_chai 29 20 9 7 0 1349.6 1785.88 348.94 588.08 1000.66 1197.8
ynao_sd_19840124_0120_chai 47 30 17 5 0 1721.2 3114.41 476.26 807.18 1244.94 2307.23
ynao_sd_19840125_0220_chai 91 57 34 8 0 3061.37 4627.29 735.73 1067.5 2325.64 3559.79
ynao_sd_19840126_0140_chai 79 47 32 9 0 4365.59 5553.28 900.49 1148.64 3465.1 4404.64
ynao_sd_19840127_0140_chai 62 27 35 9 2 5022.18 5823.48 1123.76 1315.07 3898.42 4508.41
ynao_sd_19840128_0210_chai 68 27 41 5 0 5812.63 6253.9 978.43 1063.73 4834.2 5190.17
ynao_sd_19840129_0300_chai 65 34 31 6 0 6343.15 6941.92 1058.43 1177.51 5284.72 5764.41
ynao_sd_19840130_0200_li 80 40 40 4 0 5846.03 6799.83 1082.41 1290.44 4763.62 5509.39
ynao_sd_19840131_0150_li 67 29 38 6 0 5197.69 6703.77 846.19 1097.98 4351.5 5605.79
ynao_sd_19840201_0130_li 60 38 22 6 0 4421.98 6797.19 764.35 1157.26 3657.63 5639.93
ynao_sd_19840202_0130_li 52 38 14 6 0 2852.79 5414.75 661.08 1205.04 2191.71 4209.71
ynao_sd_19840203_0110_hong 41 24 17 6 0 2046.09 5063.16 408.73 989.1 1637.36 4074.06
ynao_sd_19840204_0110_chai 31 21 10 5 0 1271.49 3738.67 347.19 963.64 924.3 2775.03
ynao_sd_19840205_0200_chai 23 18 5 4 0 665.51 1234.6 227.21 488.25 438.3 746.35
ynao_sd_19840206_0930_wang 35 26 9 7 0 1262.29 1860.76 302.32 446.12 959.97 1414.64
ynao_sd_19840207_0855_wang 61 49 12 7 0 1541.52 1957.63 466.69 610.95 1074.83 1346.68
ynao_sd_19840208_0740_wang 51 37 14 8 0 1784.24 2041.09 500.16 607.47 1284.08 1433.62
ynao_sd_19840209_0340_wang 77 57 20 12 0 2350.87 2694.74 596.94 680.08 1753.93 2014.66
ynao_sd_19840210_0100_wang 103 76 27 10 0 3161.55 3559.95 783.79 909.47 2377.76 2650.48
ynao_sd_19840211_0050_wang 84 54 30 13 0 3310.35 3973.82 721.84 879.55 2588.51 3094.27
ynao_sd_19840212_0100_wang 70 40 30 8 0 2661.89 3328.01 545.0 684.43 2116.89 2643.58
ynao_sd_19840213_0120_chai 65 43 22 8 0 2560.02 3580.93 519.28 686.49 2040.74 2894.44
ynao_sd_19840214_0220_chai 31 22 9 5 0 1330.13 1672.33 332.95 427.41 997.18 1244.92
ynao_sd_19840215_0100_chai 33 20 13 5 0 870.06 1276.83 239.34 372.44 630.72 904.39
ynao_sd_19840216_0105_chai 24 21 3 1 0 566.11 829.63 219.09 348.87 347.02 480.76
ynao_sd_19840217_0100_chai 18 14 4 1 0 347.04 616.28 127.4 216.96 219.64 399.32
ynao_sd_19840218_0235_chai 17 10 7 4 0 668.11 2290.06 181.43 608.64 486.68 1681.42
ynao_sd_19840219_0420_chai 25 16 9 2 1 1214.11 2719.2 266.45 657.94 947.66 2061.26
ynao_sd_19840220_0110_hong 40 19 21 3 1 2004.47 3870.37 349.61 707.04 1654.86 3163.33
ynao_sd_19840221_0100_hong 52 29 23 6 0 2316.99 3587.94 455.52 681.45 1861.47 2906.49
ynao_sd_19840222_0100_hong 74 52 22 9 0 2716.06 3496.17 604.3 780.73 2111.76 2715.44
ynao_sd_19840223_0105_hong 82 49 33 16 0 3010.3 4147.29 628.37 927.93 2381.93 3219.36
ynao_sd_19840224_0100_hong 95 67 28 16 0 3540.42 4470.08 760.67 982.75 2779.75 3487.33
ynao_sd_19840225_0040_hong 80 54 26 16 0 3259.3 3951.61 788.19 966.53 2471.11 2985.08
ynao_sd_19840226_0320_hong 72 43 29 17 0 3238.74 3851.41 718.45 849.29 2520.29 3002.12
ynao_sd_19840227_0130_chai 62 45 17 8 0 2538.74 3103.4 647.39 773.27 1891.35 2330.13
ynao_sd_19840302_0700_chai 48 39 9 8 0 864.22 1489.54 323.47 477.12 540.75 1012.42
ynao_sd_19840304_0400_chai 27 24 3 2 0 378.79 741.84 206.17 343.96 172.62 397.88
ynao_sd_19840305_0120_li 25 20 5 2 0 323.09 695.12 160.42 280.42 162.67 414.7
ynao_sd_19840306_0120_li 29 26 3 2 0 363.53 568.01 203.65 331.1 159.88 236.91
ynao_sd_19840307_0120_li 28 23 5 2 0 488.66 563.42 186.93 215.33 301.73 348.09
ynao_sd_19840308_0130_li 29 25 4 2 0 605.5 637.98 191.87 203.15 413.63 434.83
ynao_sd_19840309_0130_li 17 13 4 2 0 722.9 744.84 146.79 155.58 576.11 589.26
ynao_sd_19840310_0230_li 28 23 5 2 0 620.8 645.97 176.84 190.2 443.96 455.77
ynao_sd_19840311_0100_li 29 23 6 2 0 566.48 617.29 203.18 219.26 363.3 398.03
ynao_sd_19840312_0110_hong 47 38 9 5 0 782.08 933.49 339.74 388.28 442.34 545.21
ynao_sd_19840313_0100_hong 55 38 17 9 0 920.27 1177.53 339.08 412.19 581.19 765.34
ynao_sd_19840314_0050_hong 46 24 22 8 0 1213.56 1710.4 296.39 394.69 917.17 1315.71
ynao_sd_19840315_0040_hong 70 48 22 14 0 1221.35 2024.72 356.94 518.38 864.41 1506.34
ynao_sd_19840316_0100_hong 93 71 22 13 0 1400.09 2568.3 599.83 1224.12 800.26 1344.18
ynao_sd_19840317_0100_hong 76 56 20 12 0 1241.01 2175.21 431.19 688.16 809.82 1487.05
ynao_sd_19840318_0110_hong 52 41 11 8 0 1035.11 1696.93 380.52 547.62 654.59 1149.31
ynao_sd_19840319_0100_chai 55 46 9 6 1 856.39 1398.22 329.13 498.41 527.26 899.81
ynao_sd_19840320_0050_chai 67 60 7 5 0 1837.15 2479.01 411.63 704.31 1425.52 1774.7
ynao_sd_19840321_0040_chai 62 54 8 6 0 1176.9 2630.54 407.11 545.56 769.79 2084.98
ynao_sd_19840322_0100_chai 61 55 6 5 0 918.1 1200.07 416.87 536.0 501.23 664.07
ynao_sd_19840323_0100_chai 52 45 7 5 0 784.42 1016.33 341.33 431.03 443.09 585.3
ynao_sd_19840324_0050_chai 52 46 6 4 0 774.02 870.27 389.95 439.09 384.07 431.18
ynao_sd_19840325_0230_chai 57 54 3 3 0 707.94 823.59 456.6 513.15 251.34 310.44
ynao_sd_19840326_0100_chai 65 63 2 3 0 560.65 773.27 400.12 537.9 160.53 235.37
ynao_sd_19840327_0120_chai 48 42 6 5 0 579.58 1272.53 265.44 569.07 314.14 703.46
ynao_sd_19840328_0300_li 36 32 4 4 0 895.57 1962.38 258.6 527.48 636.97 1434.9
ynao_sd_19840329_0110_chai 60 46 14 10 0 1634.64 2769.63 548.44 978.52 1086.2 1791.11
ynao_sd_19840330_0050_chai 70 55 15 9 0 2233.04 2963.56 715.42 960.59 1517.62 2002.97
ynao_sd_19840331_0630_chai 77 63 14 10 0 2191.15 2552.99 771.21 971.95 1419.94 1581.04
ynao_sd_19840401_0230_chai 113 100 13 7 0 2412.42 2618.61 896.9 1036.19 1515.52 1582.42
ynao_sd_19840402_0030_hong 89 69 20 8 0 2462.5 2609.26 663.49 735.7 1799.01 1873.56
ynao_sd_19840403_0020_hong 69 54 15 7 0 1965.3 2134.53 578.39 646.57 1386.91 1487.96
ynao_sd_19840404_0040_hong 74 62 12 6 0 1928.35 2208.65 582.76 674.74 1345.59 1533.91
ynao_sd_19840405_0140_li 44 37 7 4 0 992.15 1325.03 312.77 410.6 679.38 914.43
ynao_sd_19840406_0210_hong 41 33 8 3 0 1042.01 1741.03 343.49 568.26 698.52 1172.77
ynao_sd_19840407_0030_hong 48 44 4 3 0 742.72 1582.17 289.79 484.91 452.93 1097.26
ynao_sd_19840408_0110_hong 13 11 2 2 0 265.17 1076.4 85.77 210.96 179.4 865.44
ynao_sd_19840409_0020_li 11 11 0 0 0 80.59 104.35 80.59 104.35 0 0
ynao_sd_19840410_0040_li 2 2 0 0 0 9.99 10.42 9.99 10.42 0 0
ynao_sd_19840411_0040_li 9 9 0 0 0 58.11 120.02 58.11 120.02 0 0
ynao_sd_19840412_0310_li 16 14 2 1 0 290.16 515.26 120.69 230.02 169.47 285.24
ynao_sd_19840413_0030_li 19 14 5 3 0 632.69 872.96 205.1 288.27 427.59 584.69
ynao_sd_19840414_0050_li 19 18 1 1 0 857.68 989.21 229.58 271.2 628.1 718.01
ynao_sd_19840415_0050_li 41 35 6 3 0 1118.14 1323.11 396.69 559.81 721.45 763.3
ynao_sd_19840416_0050_chai 60 51 9 5 0 1784.8 2067.91 533.72 689.35 1251.08 1378.56
ynao_sd_19840417_0050_chai 55 40 15 5 0 1570.24 1801.69 490.41 599.06 1079.83 1202.63
ynao_sd_19840418_0030_chai 43 31 12 4 0 1363.45 1741.62 454.99 565.26 908.46 1176.36
ynao_sd_19840419_0030_chai 63 54 9 4 0 1407.18 1937.14 541.36 718.48 865.82 1218.66
ynao_sd_19840420_0040_chai 44 37 7 4 0 1171.43 1868.84 422.45 653.99 748.98 1214.85
ynao_sd_19840421_0100_chai 40 33 7 6 0 862.15 1850.08 307.85 683.19 554.3 1166.89
ynao_sd_19840422_0210_chai 26 20 6 5 0 848.51 2146.85 271.15 658.71 577.36 1488.14
ynao_sd_19840423_0040_hong 33 18 15 6 0 1601.35 3818.27 280.72 533.52 1320.63 3284.75
ynao_sd_19840424_0030_hong 65 28 37 6 0 3014.17 5244.85 650.45 1122.54 2363.72 4122.31
ynao_sd_19840425_0810_hong 78 44 34 8 0 3988.37 5348.03 769.98 1036.94 3218.39 4311.09
ynao_sd_19840426_0240_hong 113 62 51 10 0 5095.26 5974.7 1158.99 1369.0 3936.27 4605.7
ynao_sd_19840427_0310_hong 102 55 47 9 0 5334.6 5747.58 1137.58 1228.02 4197.02 4519.56
ynao_sd_19840428_0210_hong 136 89 47 17 0 5452.19 5724.37 1197.07 1254.19 4255.12 4470.18
ynao_sd_19840429_0040_hong 122 72 50 16 2 5770.53 6077.16 1161.44 1230.38 4609.09 4846.78
ynao_sd_19840430_0300_li 97 52 45 14 0 4918.47 5326.19 1048.94 1141.18 3869.53 4185.01
ynao_sd_19840501_0210_li 84 51 33 10 1 4178.58 4910.05 919.85 1106.48 3258.73 3803.57
ynao_sd_19840502_0020_li 80 47 33 11 0 2702.98 3694.65 688.21 924.62 2014.77 2770.03
ynao_sd_19840503_0005_li 54 31 23 11 0 1899.17 3228.66 438.11 770.91 1461.06 2457.75
ynao_sd_19840504_0120_li 35 24 11 6 0 920.7 1977.49 264.29 548.25 656.41 1429.24
ynao_sd_19840506_0030_li 7 6 1 1 0 152.0 556.52 97.25 360.82 54.75 195.7
ynao_sd_19840507_0530_chai 21 7 14 5 0 1097.01 3171.45 187.05 512.75 909.96 2658.7
ynao_sd_19840508_0305_chai 33 10 23 5 0 2312.97 4467.97 387.86 726.36 1925.11 3741.61
ynao_sd_19840509_0010_chai 60 30 30 5 0 3040.19 4510.87 472.61 722.5 2567.58 3788.37
ynao_sd_19840510_0030_chai 90 47 43 5 0 3603.13 4403.91 868.34 1049.12 2734.79 3354.79
ynao_sd_19840511_0010_chai 76 32 44 6 0 3886.85 4384.12 851.25 967.11 3035.6 3417.01
ynao_sd_19840512_0010_chai 93 51 42 8 0 3706.91 3822.81 864.31 902.87 2842.6 2919.94
ynao_sd_19840513_0040_chai 91 52 39 4 0 3644.3 3731.31 906.31 929.29 2737.99 2802.02
ynao_sd_19840514_0340_hong 94 56 38 9 0 3240.24 3480.79 663.26 715.93 2576.98 2764.86
ynao_sd_19840515_0140_hong 86 53 33 9 0 2687.43 3301.99 654.73 797.55 2032.7 2504.44
ynao_sd_19840516_0010_hong 68 40 28 9 0 2092.89 2909.83 510.61 681.06 1582.28 2228.77
ynao_sd_19840517_0040_hong 83 65 18 9 1 1465.29 2603.45 502.28 821.66 963.01 1781.79
ynao_sd_19840519_0200_hong 43 30 13 9 0 610.53 1930.36 251.66 632.39 358.87 1297.97
ynao_sd_19840520_0120_hong 45 27 18 10 0 1033.72 2167.26 289.5 538.46 744.22 1628.8
ynao_sd_19840521_0020_li 41 30 11 6 0 788.49 1131.13 242.99 345.54 545.5 785.59
ynao_sd_19840522_0620_wang 59 49 10 10 0 1498.73 1851.01 444.64 563.08 1054.09 1287.93
ynao_sd_19840523_0110_li 59 48 11 7 0 1078.82 1205.57 408.15 474.86 670.67 730.71
ynao_sd_19840524_0250_li 82 73 9 5 0 1045.16 1095.49 439.7 472.86 605.46 622.63
ynao_sd_19840525_0920_li 62 54 8 6 0 835.98 868.74 396.04 409.61 439.94 459.13
ynao_sd_19840526_0610_li 68 60 8 5 0 968.74 1406.77 447.27 580.9 521.47 825.87
ynao_sd_19840527_0330_li 45 41 4 3 0 802.08 1323.05 362.55 531.04 439.53 792.01
ynao_sd_19840528_0010_chai 47 43 4 4 0 887.87 1418.58 364.1 547.07 523.77 871.51
ynao_sd_19840529_0005_chai 39 35 4 3 0 880.32 1366.79 352.44 529.4 527.88 837.39
ynao_sd_19840530_0005_chai 52 44 8 5 0 977.91 1341.05 361.0 498.76 616.91 842.29
ynao_sd_19840531_0110_chai 44 39 5 3 0 891.59 1015.86 318.07 399.38 573.52 616.48
ynao_sd_19840603_0030_chai 27 22 5 3 0 755.82 1090.83 236.23 339.42 519.59 751.41
ynao_sd_19840604_0020_hong 27 23 4 2 0 710.98 1059.98 230.44 331.85 480.54 728.13
ynao_sd_19840605_0020_hong 19 16 3 2 0 681.68 1045.26 220.95 334.67 460.73 710.59
ynao_sd_19840606_0050_li 11 6 5 2 0 457.84 775.77 85.25 145.99 372.59 629.78
ynao_sd_19840607_0150_hong 16 12 4 3 0 436.36 917.06 116.57 209.08 319.79 707.98
ynao_sd_19840608_0050_hong 10 7 3 1 0 240.38 275.21 84.1 116.4 156.28 158.81
ynao_sd_19840610_0110_hong 20 17 3 1 0 212.53 239.35 105.09 126.23 107.44 113.12
ynao_sd_19840611_0040_li 20 20 0 0 0 121.53 170.27 121.53 170.27 0 0
ynao_sd_19840612_0200_li 31 31 0 0 0 165.95 235.47 165.95 235.47 0 0
ynao_sd_19840613_0310_li 26 26 0 0 0 147.13 222.58 147.13 222.58 0 0
ynao_sd_19840614_0130_li 39 38 1 1 0 226.82 309.29 185.22 230.21 41.6 79.08
ynao_sd_19840615_0350_li 33 27 6 3 0 606.54 924.64 267.18 352.04 339.36 572.6
ynao_sd_19840616_0630_li 39 31 8 5 0 833.55 1027.49 300.25 364.95 533.3 662.54
ynao_sd_19840617_0120_li 32 25 7 4 0 934.69 1077.84 216.66 267.24 718.03 810.6
ynao_sd_19840618_0310_hong 40 36 4 3 0 1027.5 1165.14 334.63 410.37 692.87 754.77
ynao_sd_19840619_0100_hong 47 40 7 3 0 1103.75 1230.3 337.13 430.86 766.62 799.44
ynao_sd_19840620_0300_hong 38 34 4 3 0 1007.16 1074.5 322.38 345.12 684.78 729.38
ynao_sd_19840621_0050_hong 47 45 2 2 0 872.81 1004.71 325.04 373.94 547.77 630.77
ynao_sd_19840622_0230_hong 22 19 3 2 0 671.24 1121.1 268.55 581.8 402.69 539.3
ynao_sd_19840623_0505_hong 44 37 7 4 0 899.8 1428.54 333.9 447.61 565.9 980.93
ynao_sd_19840624_0105_hong 43 27 16 6 0 991.59 1597.35 230.84 306.83 760.75 1290.52
ynao_sd_19840625_0140_chai 26 22 4 3 0 1015.29 1212.12 267.93 340.58 747.36 871.54
ynao_sd_19840626_0150_chai 30 23 7 3 0 869.51 1089.52 240.2 323.63 629.31 765.89
ynao_sd_19840627_0940_chai 15 7 8 4 0 780.84 1192.43 213.19 327.37 567.65 865.06
ynao_sd_19840628_0210_chai 16 9 7 4 0 594.75 961.88 146.04 237.62 448.71 724.26
ynao_sd_19840630_0330_chai 17 11 6 4 0 551.12 840.91 177.35 340.84 373.77 500.07
ynao_sd_19840701_0520_chai 12 7 5 4 0 505.73 615.01 131.16 168.42 374.57 446.59
ynao_sd_19840704_0610_li 20 16 4 4 0 465.58 727.74 200.32 340.54 265.26 387.2
ynao_sd_19840705_0045_li 26 21 5 5 0 453.51 642.4 196.34 268.53 257.17 373.87
ynao_sd_19840707_0310_li 13 8 5 5 0 425.27 566.8 119.64 161.89 305.63 404.91
ynao_sd_19840708_0310_li 17 11 6 4 0 437.65 535.1 137.6 203.6 300.05 331.5
ynao_sd_19840709_0555_wang 45 38 7 5 0 617.87 796.89 251.2 378.08 366.67 418.81
ynao_sd_19840710_0045_wang 33 22 11 6 0 694.3 883.35 172.54 222.39 521.76 660.96
ynao_sd_19840711_0355_wang 24 17 7 3 0 614.69 786.09 184.61 308.22 430.08 477.87
ynao_sd_19840712_0620_wang 19 16 3 2 0 462.42 559.32 169.4 256.52 293.02 302.8
ynao_sd_19840713_0110_wang 27 24 3 1 0 283.99 325.1 139.87 176.27 144.12 148.83
ynao_sd_19840714_0130_wang 26 25 1 1 0 296.87 337.88 132.39 158.12 164.48 179.76
ynao_sd_19840715_0030_wang 13 12 1 1 0 218.87 274.66 103.3 132.85 115.57 141.81
ynao_sd_19840716_0020_wang 15 14 1 1 0 184.41 261.4 81.92 108.7 102.49 152.7
ynao_sd_19840717_0035_wang 12 11 1 1 0 147.91 262.85 83.57 131.95 64.34 130.9
ynao_sd_19840718_0035_wang 5 4 1 1 0 57.63 153.39 25.28 44.72 32.35 108.67
ynao_sd_19840719_0920_wang 8 8 0 0 0 64.11 84.94 64.11 84.94 0 0
ynao_sd_19840720_0720_wang 5 5 0 0 0 34.74 101.17 34.74 101.17 0 0
ynao_sd_19840721_0520_wang 5 4 1 0 0 80.69 88.15 85.07 92.63 4.38 4.48
ynao_sd_19840722_0725_wang 12 10 2 1 0 224.24 371.78 90.84 228.07 133.4 143.71
ynao_sd_19840724_0550_wang 18 15 3 3 0 254.45 384.05 117.64 168.88 136.81 215.17
ynao_sd_19840725_0540_wang 8 5 3 3 0 172.92 290.65 46.7 77.29 126.22 213.36
ynao_sd_19840727_0030_hong 6 5 1 1 0 96.89 116.34 48.51 62.2 48.38 54.14
ynao_sd_19840728_0040_hong 4 4 0 1 0 65.31 81.77 39.96 54.47 25.35 27.3
ynao_sd_19840729_0100_hong 2 2 0 0 0 26.62 29.28 26.62 29.28 0 0
ynao_sd_19840730_0105_hong 6 6 0 0 0 33.58 40.53 33.58 40.53 0 0
ynao_sd_19840731_0020_chai 4 4 0 0 0 20.27 46.84 20.27 46.84 0 0
ynao_sd_19840801_0050_hong 4 4 0 0 0 16.27 31.2 16.27 31.2 0 0
ynao_sd_19840802_0030_hong 11 11 0 0 0 58.12 87.49 58.12 87.49 0 0
ynao_sd_19840803_0220_chai 11 11 0 1 0 864.1 961.65 102.54 126.69 761.56 834.96
ynao_sd_19840804_0120_chai 9 9 0 0 0 55.36 84.65 55.36 84.65 0 0
ynao_sd_19840805_0020_chai 13 13 0 0 0 98.31 132.41 98.31 132.41 0 0
ynao_sd_19840806_0305_chai 9 9 0 0 0 51.92 99.63 51.92 99.63 0 0
ynao_sd_19840807_0050_hong 26 26 0 0 0 117.02 146.21 117.02 146.21 0 0
ynao_sd_19840808_0020_chai 34 34 0 0 0 184.39 208.42 184.39 208.42 0 0
ynao_sd_19840809_0030_chai 34 31 3 2 0 248.63 256.42 158.92 164.0 89.71 92.42
ynao_sd_19840810_0320_chai 37 33 4 2 0 400.33 401.86 220.61 222.05 179.72 179.81
ynao_sd_19840811_0030_chai 25 21 4 2 0 292.96 310.29 173.52 188.25 119.44 122.04
ynao_sd_19840812_0420_chai 9 9 0 0 0 63.59 69.19 63.59 69.19 0 0
ynao_sd_19840813_0210_hong 22 22 0 0 0 112.39 132.88 112.39 132.88 0 0
ynao_sd_19840814_0910_hong 15 15 0 0 0 77.37 104.44 77.37 104.44 0 0
ynao_sd_19840815_0050_hong 12 12 0 0 0 78.66 111.17 78.66 111.17 0 0
ynao_sd_19840816_0200_hong 8 8 0 0 0 41.83 78.14 41.83 78.14 0 0
ynao_sd_19840817_0140_hong 3 2 1 1 0 78.61 199.63 40.44 67.39 38.17 132.24
ynao_sd_19840818_0110_hong 3 1 2 1 0 65.35 147.07 18.14 47.43 47.21 99.64
ynao_sd_19840819_0140_chai 1 0 1 1 0 91.69 139.47 18.66 28.42 73.03 111.05
ynao_sd_19840820_0320_chai 3 2 1 1 0 132.67 167.94 34.91 48.82 97.76 119.12
ynao_sd_19840821_0240_chai 2 1 1 1 0 121.81 135.1 26.09 30.59 95.72 104.51
ynao_sd_19840822_0120_chai 2 1 1 1 0 135.26 141.51 36.2 38.4 99.06 103.11
ynao_sd_19840823_0550_chai 12 8 4 1 0 115.27 128.24 60.98 70.96 54.29 57.28
ynao_sd_19840824_0045_chai 10 10 0 0 0 86.34 98.92 86.34 98.92 0 0
ynao_sd_19840825_0205_chai 14 14 0 0 0 147.23 180.56 147.23 180.56 0 0
ynao_sd_19840826_0420_chai 17 15 2 1 0 215.87 399.42 124.2 211.42 91.67 188.0
ynao_sd_19840827_0150_hong 45 42 3 2 0 478.29 715.1 257.89 385.12 220.4 329.98
ynao_sd_19840828_0220_hong 31 28 3 2 0 454.75 657.14 201.12 283.61 253.63 373.53
ynao_sd_19840829_0230_hong 38 31 7 3 0 725.54 918.83 262.19 360.32 463.35 558.51
ynao_sd_19840830_0440_hong 22 11 11 2 0 751.04 777.47 255.54 264.73 495.5 512.74
ynao_sd_19840831_0040_hong 22 12 10 5 0 812.75 837.43 190.22 195.86 622.53 641.57
ynao_sd_19840901_0220_hong 46 30 16 5 0 954.57 1029.79 307.39 335.74 647.18 694.05
ynao_sd_19840902_0230_hong 31 23 8 4 0 781.51 943.32 220.01 276.45 561.5 666.87
ynao_sd_19840903_0130_chai 40 31 9 5 0 883.83 1207.4 273.38 358.86 610.45 848.54
ynao_sd_19840904_0010_chai 37 29 8 3 0 605.77 1027.31 262.21 393.85 343.56 633.46
ynao_sd_19840905_0640_chai 16 13 3 2 0 294.95 664.55 130.59 218.94 164.36 445.61
ynao_sd_19840906_0030_chai 17 16 1 1 0 136.67 194.61 113.32 156.65 23.35 37.96
ynao_sd_19840907_0440_chai 6 6 0 0 0 31.02 43.63 31.02 43.63 0 0
ynao_sd_19840908_0310_chai 11 11 0 0 0 67.38 218.58 67.38 218.58 0 0
ynao_sd_19840909_0250_chai 11 11 0 0 0 72.87 90.11 72.87 90.11 0 0
ynao_sd_19840910_0040_li 8 8 0 0 0 113.7 147.36 113.7 147.36 0 0
ynao_sd_19840911_0210_li 3 3 0 0 0 18.81 19.63 18.81 19.63 0 0
ynao_sd_19840915_0820_li 2 2 0 0 0 14.17 16.83 14.17 16.83 0 0
ynao_sd_19840916_0240_li 0 0 0 0 0 0 0 0 0 0 0
ynao_sd_19840919_0340_li 0 0 0 0 0 0 0 0 0 0 0
ynao_sd_19840920_0100_li 1 1 0 0 0 5.73 5.77 5.73 5.77 0 0
ynao_sd_19840921_0050_wang 4 4 0 0 0 43.41 55.57 43.41 55.57 0 0
ynao_sd_19840922_0055_wang 9 9 0 0 0 56.02 79.23 56.02 79.23 0 0
ynao_sd_19840923_0320_wang 4 4 0 0 0 21.82 34.71 21.82 34.71 0 0
ynao_sd_19840924_0040_wang 4 4 0 0 0 19.91 34.39 19.91 34.39 0 0
ynao_sd_19840925_0340_chai 4 4 0 0 0 25.49 27.97 25.49 27.97 0 0
ynao_sd_19840926_0210_chai 3 3 0 0 0 20.98 21.61 20.98 21.61 0 0
ynao_sd_19840927_0100_chai 2 2 0 0 0 10.23 14.53 10.23 14.53 0 0
ynao_sd_19840928_0100_chai 1 1 0 0 0 3.82 4.02 3.82 4.02 0 0
ynao_sd_19840929_0100_chai 2 2 0 0 0 9.96 10.37 9.96 10.37 0 0
ynao_sd_19840930_0210_chai 2 2 0 0 0 16.34 17.17 16.34 17.17 0 0
ynao_sd_19841001_0315_wang 1 1 0 0 0 20.33 28.99 20.33 28.99 0 0
ynao_sd_19841002_0530_hong 0 0 0 0 0 0 0 0 0 0 0
ynao_sd_19841003_0130_hong 0 0 0 0 0 0 0 0 0 0 0
ynao_sd_19841004_0650_hong 1 1 0 0 0 4.11 4.54 4.11 4.54 0 0
ynao_sd_19841005_0700_hong 0 0 0 0 0 0 0 0 0 0 0
ynao_sd_19841007_0150_hong 1 1 0 0 0 17.21 23.73 17.21 23.73 0 0
ynao_sd_19841008_0115_hong 0 0 0 0 0 0 0 0 0 0 0
ynao_sd_19841009_0110_li 5 5 0 0 0 40.24 40.89 40.24 40.89 0 0
ynao_sd_19841010_0005_li 6 6 0 0 0 45.95 48.05 45.95 48.05 0 0
ynao_sd_19841011_0040_li 8 8 0 0 0 60.35 66.49 60.35 66.49 0 0
ynao_sd_19841013_0330_li 4 4 0 0 0 21.76 22.47 21.76 22.47 0 0
ynao_sd_19841014_0140_li 1 1 0 0 0 5.63 6.0 5.63 6.0 0 0
ynao_sd_19841015_0045_li 4 4 0 0 0 23.08 34.21 23.08 34.21 0 0
ynao_sd_19841016_0230_li 12 8 4 2 0 280.55 430.68 81.01 121.99 199.54 308.69
ynao_sd_19841019_0740_li 12 11 1 1 0 184.44 185.55 89.1 90.14 95.34 95.41
ynao_sd_19841022_0440_chai 4 2 2 1 0 115.42 144.01 35.86 44.4 79.56 99.61
ynao_sd_19841023_0030_chai 6 5 1 1 0 108.52 159.04 45.6 65.34 62.92 93.7
ynao_sd_19841024_0035_chai 3 2 1 1 0 74.38 136.37 36.38 54.51 38.0 81.86
ynao_sd_19841025_0100_chai 3 3 0 0 0 16.99 54.14 16.99 54.14 0 0
ynao_sd_19841026_0100_chai 0 0 0 0 0 0 0 0 0 0 0
ynao_sd_19841027_0100_chai 1 1 0 0 0 5.57 5.66 5.57 5.66 0 0
ynao_sd_19841028_0100_chai 0 0 0 0 0 0 0 0 0 0 0
ynao_sd_19841029_0050_hong 4 4 0 0 0 39.21 54.46 39.21 54.46 0 0
ynao_sd_19841030_0350_hong 1 1 0 0 0 3.96 4.73 3.96 4.73 0 0
ynao_sd_19841031_0310_hong 7 7 0 0 0 47.39 61.48 47.39 61.48 0 0
ynao_sd_19841102_0650_hong 3 3 0 0 0 18.7 26.53 18.7 26.53 0 0
ynao_sd_19841103_0210_hong 0 0 0 0 0 0 0 0 0 0 0
ynao_sd_19841104_0150_hong 5 5 0 0 0 29.06 48.57 29.06 48.57 0 0
ynao_sd_19841105_0100_chai 5 5 0 0 0 34.93 65.45 34.93 65.45 0 0
ynao_sd_19841106_0100_chai 1 1 0 0 0 4.47 6.46 4.47 6.46 0 0
ynao_sd_19841107_0100_chai 0 0 0 0 0 0 0 0 0 0 0
ynao_sd_19841108_0110_chai 2 2 0 0 0 8.51 39.58 8.51 39.58 0 0
ynao_sd_19841109_0220_chai 6 6 0 0 0 42.32 49.05 42.32 49.05 0 0
ynao_sd_19841110_0050_chai 14 12 2 1 0 145.46 157.97 138.9 150.92 6.56 7.05
ynao_sd_19841111_0220_chai 14 13 1 1 0 186.25 192.42 95.87 99.83 90.38 92.59
ynao_sd_19841112_0100_li 13 12 1 1 0 103.3 107.83 87.96 91.97 15.34 15.86
ynao_sd_19841113_0050_li 8 8 0 0 0 61.84 68.57 61.84 68.57 0 0
ynao_sd_19841114_0040_li 4 4 0 0 0 18.53 22.3 18.53 22.3 0 0
ynao_sd_19841115_0100_li 5 5 0 0 0 43.38 52.43 43.38 52.43 0 0
ynao_sd_19841116_0140_li 2 2 0 0 0 24.9 26.52 24.9 26.52 0 0
ynao_sd_19841117_0105_li 2 2 0 0 0 13.6 13.84 13.6 13.84 0 0
ynao_sd_19841118_0035_li 6 6 0 0 0 47.97 72.28 47.97 72.28 0 0
ynao_sd_19841119_0030_hong 6 6 0 0 0 36.26 73.65 36.26 73.65 0 0
ynao_sd_19841120_0010_hong 9 7 2 2 0 140.11 438.33 52.5 108.34 87.61 329.99
ynao_sd_19841121_0145_wang 14 9 5 3 0 428.26 912.18 92.6 163.41 335.66 748.77
ynao_sd_19841122_0100_wang 13 8 5 3 0 675.66 1125.79 132.81 201.83 542.85 923.96
ynao_sd_19841123_0040_wang 23 19 4 3 0 819.68 1174.26 220.44 312.65 599.24 861.61
ynao_sd_19841124_0140_wang 24 18 6 3 0 814.34 1074.38 181.51 249.39 632.83 824.99
ynao_sd_19841125_0020_chai 34 29 5 3 0 801.02 1040.69 272.96 361.52 528.06 679.17
ynao_sd_19841126_0150_chai 26 19 7 2 0 1021.69 1069.96 339.94 366.17 681.75 703.79
ynao_sd_19841127_0320_li 18 12 6 2 0 824.78 869.21 213.02 233.59 611.76 635.62
ynao_sd_19841128_0200_chai 26 19 7 3 0 1001.51 1094.07 320.61 344.91 680.9 749.16
ynao_sd_19841129_0100_li 15 9 6 5 0 667.05 829.7 180.95 222.58 486.1 607.12
ynao_sd_19841130_0100_wang 13 10 3 2 0 392.93 602.62 95.38 136.92 297.55 465.7
ynao_sd_19841201_0120_chai 9 8 1 1 0 210.16 446.55 92.2 171.5 117.96 275.05
ynao_sd_19841202_0400_chai 6 5 1 1 0 113.65 391.39 63.77 168.45 49.88 222.94
ynao_sd_19841203_0240_li 3 3 0 0 0 65.75 79.55 65.75 79.55 0 0
ynao_sd_19841204_0045_li 8 8 0 0 0 69.52 123.67 69.52 123.67 0 0
ynao_sd_19841205_0320_li 5 5 0 0 0 56.54 78.76 56.54 78.76 0 0
ynao_sd_19841206_0250_li 3 3 0 0 0 25.32 29.95 25.32 29.95 0 0
ynao_sd_19841207_0100_li 11 11 0 0 0 96.33 110.98 96.33 110.98 0 0
ynao_sd_19841208_0040_li 9 9 0 0 0 88.81 99.87 88.81 99.87 0 0
ynao_sd_19841209_0110_li 5 5 0 0 0 32.87 34.16 32.87 34.16 0 0
ynao_sd_19841210_0100_chai 0 0 0 0 0 0 0 0 0 0 0
ynao_sd_19841211_0140_chai 6 3 3 2 0 164.88 168.98 56.61 57.92 108.27 111.06
ynao_sd_19841212_0330_chai 12 9 3 3 0 444.34 497.71 152.87 197.13 291.47 300.58
ynao_sd_19841213_0050_chai 17 13 4 2 0 617.48 690.9 213.45 254.59 404.03 436.31
ynao_sd_19841214_0100_chai 16 12 4 2 0 441.71 536.88 160.13 199.04 281.58 337.84
ynao_sd_19841215_0040_chai 8 5 3 3 0 322.9 456.17 114.27 157.02 208.63 299.15
ynao_sd_19841216_0100_hong 13 11 2 2 0 175.08 260.48 107.71 136.59 67.37 123.89
ynao_sd_19841217_0100_hong 17 12 5 3 0 200.36 328.68 75.41 103.01 124.95 225.67
ynao_sd_19841218_0050_hong 7 5 2 1 0 115.64 136.55 57.7 74.28 57.94 62.27
ynao_sd_19841219_0040_hong 4 3 1 1 0 76.4 88.91 28.6 33.52 47.8 55.39
ynao_sd_19841220_0045_hong 1 1 0 1 0 31.58 54.0 4.7 18.65 26.88 35.35
ynao_sd_19841221_0110_hong 0 0 0 1 0 17.25 28.02 0 0 17.25 28.02
ynao_sd_19841222_0100_hong 3 3 0 0 0 19.44 22.13 19.44 22.13 0 0
ynao_sd_19841223_0440_li 1 1 0 0 0 7.27 7.76 7.27 7.76 0 0
ynao_sd_19841224_0050_li 4 4 0 0 0 27.67 31.04 27.67 31.04 0 0
ynao_sd_19841225_0110_li 11 11 0 0 0 83.17 97.36 83.17 97.36 0 0
ynao_sd_19841226_0105_li 8 8 0 0 0 55.0 61.57 55.0 61.57 0 0
ynao_sd_19841227_0130_li 5 5 0 0 0 50.55 61.74 50.55 61.74 0 0
ynao_sd_19841228_0200_li 9 9 0 0 0 47.57 51.93 47.57 51.93 0 0
ynao_sd_19841229_0940_li 4 4 0 0 0 25.65 25.95 25.65 25.95 0 0
ynao_sd_19841230_0120_li 4 4 0 0 0 19.36 20.05 19.36 20.05 0 0
ynao_sd_19841231_0050_li 2 2 0 0 0 15.01 17.27 15.01 17.27 0 0
