ynao_sd_19910101_0150_li 56 49 7 5 0 1054.29 1457.62 451.59 615.56 602.7 842.06
ynao_sd_19910102_0150_li 65 54 11 7 0 1174.22 1589.93 440.42 669.68 733.8 920.25
ynao_sd_19910104_0605_li 55 44 11 6 0 1184.03 1387.84 332.61 442.77 851.42 945.07
ynao_sd_19910105_0130_li 26 20 6 6 0 916.29 1163.5 275.41 411.1 640.88 752.4
ynao_sd_19910106_0120_li 54 44 10 8 0 842.02 1426.83 335.8 567.4 506.22 859.43
ynao_sd_19910107_0120_hong 50 36 14 14 0 1046.66 1708.19 342.55 499.04 704.11 1209.15
ynao_sd_19910108_0150_hong 64 48 16 10 0 2773.5 6284.98 492.31 1007.58 2281.19 5277.4
ynao_sd_19910109_0140_hong 82 51 31 12 1 2331.92 5035.5 685.9 1407.56 1646.02 3627.94
ynao_sd_19910110_0140_hong 82 51 31 15 1 2887.84 6067.84 685.14 1337.44 2202.7 4730.4
ynao_sd_19910111_0130_hong 75 51 24 10 1 2972.16 4518.07 772.57 1197.47 2199.59 3320.6
ynao_sd_19910112_0130_hong 117 96 21 12 0 3734.82 4797.69 1093.83 1485.11 2640.99 3312.58
ynao_sd_19910113_0510_hong 134 104 30 8 0 4362.43 4930.79 1292.51 1503.69 3069.92 3427.1
ynao_sd_19910114_0115_wang 66 40 26 12 1 4167.4 4568.46 771.43 892.58 3395.97 3675.88
ynao_sd_19910115_0710_li 100 61 39 10 0 3684.75 4018.14 969.55 1074.49 2715.2 2943.65
ynao_sd_19910116_0210_li 132 94 38 9 0 3998.72 4513.44 1052.71 1187.05 2946.01 3326.39
ynao_sd_19910117_0210_wang 99 63 36 10 0 3964.99 4854.19 851.73 1070.08 3113.26 3784.11
ynao_sd_19910118_0120_wang 96 60 36 16 0 3629.32 5215.87 765.65 1054.01 2863.67 4161.86
ynao_sd_19910119_0145_wang 89 56 33 10 0 3257.16 5184.02 750.82 1132.35 2506.34 4051.67
ynao_sd_19910120_0220_wang 50 34 16 7 0 2145.11 3963.07 488.8 824.09 1656.31 3138.98
ynao_sd_19910121_0110_wang 53 34 19 12 0 1463.99 3239.21 366.43 752.01 1097.56 2487.2
ynao_sd_19910122_0120_wang 75 48 27 10 0 2504.12 6334.88 552.75 1305.68 1951.37 5029.2
ynao_sd_19910123_0140_li 101 66 35 9 0 2662.17 4992.52 682.18 1318.56 1979.99 3673.96
ynao_sd_19910124_0200_li 109 63 46 8 0 4166.51 6111.57 885.15 1292.72 3281.36 4818.85
ynao_sd_19910125_0135_li 93 55 38 8 0 4014.11 5045.65 788.85 1015.81 3225.26 4029.84
ynao_sd_19910127_0140_li 167 121 46 14 0 6057.1 8317.35 1234.74 1573.39 4822.36 6743.96
ynao_sd_19910129_0130_hong 245 162 83 27 2 9707.07 11996.89 1957.59 2408.13 7749.48 9588.76
ynao_sd_19910130_0320_hong 201 121 80 30 2 9496.62 11193.65 1981.53 2402.69 7515.09 8790.96
ynao_sd_19910201_0550_hong 165 74 91 29 0 9773.39 12415.15 1695.77 2342.14 8077.62 10073.01
ynao_sd_19910202_0310_hong 124 47 77 37 2 8054.12 11331.77 1348.78 1834.4 6705.34 9497.37
ynao_sd_19910203_0140_hong 130 63 67 26 0 6489.37 10299.98 1153.37 1852.22 5336.0 8447.76
ynao_sd_19910204_0240_wang 94 40 54 17 1 4975.8 8339.4 793.9 1215.12 4181.9 7124.28
ynao_sd_19910205_0130_wang 82 36 46 16 0 3339.77 5065.49 556.6 848.34 2783.17 4217.15
ynao_sd_19910206_0135_wang 82 43 39 15 0 2787.72 5109.43 547.34 996.02 2240.38 4113.41
ynao_sd_19910207_0215_wang 65 35 30 18 0 2575.49 5092.98 509.9 1028.07 2065.59 4064.91
ynao_sd_19910208_0120_wang 71 48 23 9 0 2540.94 3679.94 557.76 979.46 1983.18 2700.48
ynao_sd_19910209_0125_wang 77 42 35 11 0 2810.99 3528.1 503.88 649.89 2307.11 2878.21
ynao_sd_19910210_0330_wang 87 59 28 11 0 2575.01 2903.99 586.85 651.52 1988.16 2252.47
ynao_sd_19910211_0130_li 99 81 18 10 0 2198.26 2444.29 671.6 748.91 1526.66 1695.38
ynao_sd_19910212_0120_li 99 78 21 10 0 2199.61 2637.73 659.28 805.25 1540.33 1832.48
ynao_sd_19910213_0200_hong 130 104 26 15 0 2198.81 3141.65 906.65 1247.1 1292.16 1894.55
ynao_sd_19910214_0120_wang 124 93 31 16 0 2475.67 3735.81 754.67 1046.44 1721.0 2689.37
ynao_sd_19910215_0200_hong 136 106 30 18 0 2341.42 4131.36 896.26 1389.58 1445.16 2741.78
ynao_sd_19910216_0140_wang 89 63 26 15 0 1967.59 3901.24 654.88 1352.48 1312.71 2548.76
ynao_sd_19910217_0230_wang 77 60 17 11 0 2750.63 5716.14 557.25 977.15 2193.38 4738.99
ynao_sd_19910218_0130_li 75 61 14 8 0 1184.07 2475.55 513.22 1010.84 670.85 1464.71
ynao_sd_19910219_0150_li 115 88 27 13 0 2908.93 6058.47 862.88 1641.36 2046.05 4417.11
ynao_sd_19910220_0900_li 113 79 34 20 0 3832.16 5850.96 1014.17 1498.18 2817.99 4352.78
ynao_sd_19910221_0750_li 126 90 36 23 0 4795.03 6401.96 1080.11 1463.25 3714.92 4938.71
ynao_sd_19910223_0630_wang 141 89 52 23 1 6622.57 7701.97 1258.88 1508.58 5363.69 6193.39
ynao_sd_19910224_0230_wang 165 117 48 21 1 5887.38 6726.41 1438.32 1707.1 4449.06 5019.31
ynao_sd_19910225_0120_hong 230 189 41 19 0 5871.89 6860.45 1796.44 2087.36 4075.45 4773.09
ynao_sd_19910226_0130_hong 159 118 41 18 0 4971.84 5604.55 1482.42 1683.47 3489.42 3921.08
ynao_sd_19910227_0120_hong 195 158 37 16 1 4583.41 5725.32 1511.62 1818.45 3071.79 3906.87
ynao_sd_19910228_0120_hong 143 111 32 10 1 3715.85 5515.88 1229.72 1662.01 2486.13 3853.87
ynao_sd_19910301_0125_hong 103 79 24 11 0 2970.06 4637.29 987.66 1476.75 1982.4 3160.54
ynao_sd_19910302_0130_hong 83 66 17 7 0 1998.21 4070.61 651.64 1171.03 1346.57 2899.58
ynao_sd_19910303_0150_hong 47 37 10 5 0 1925.93 5195.73 406.54 1081.08 1519.39 4114.65
ynao_sd_19910304_0120_wang 27 17 10 3 0 662.58 837.72 202.16 292.61 460.42 545.11
ynao_sd_19910305_0120_wang 31 21 10 5 0 825.97 2067.97 231.13 459.8 594.84 1608.17
ynao_sd_19910306_0125_wang 41 23 18 8 0 1433.51 4857.55 319.21 1012.86 1114.3 3844.69
ynao_sd_19910307_0320_wang 55 27 28 13 0 1897.87 4442.6 420.27 947.3 1477.6 3495.3
ynao_sd_19910308_0130_wang 98 66 32 11 0 2270.62 3795.1 696.02 1106.59 1574.6 2688.51
ynao_sd_19910309_0120_wang 130 95 35 11 0 2619.59 3742.85 773.82 1064.66 1845.77 2678.19
ynao_sd_19910310_0120_wang 167 116 51 15 0 3410.44 4132.2 959.7 1144.32 2450.74 2987.88
ynao_sd_19910311_0130_hong 218 174 44 26 0 3665.63 5444.48 1361.42 1665.48 2304.21 3779.0
ynao_sd_19910312_0130_hong 231 179 52 18 0 3735.8 5101.85 1587.87 1966.34 2147.93 3135.51
ynao_sd_19910313_0120_hong 216 167 49 18 0 3965.17 5145.7 1555.65 1886.39 2409.52 3259.31
ynao_sd_19910314_0120_hong 203 162 41 20 1 3835.57 4560.1 1306.86 1543.1 2528.71 3017.0
ynao_sd_19910315_0110_hong 182 146 36 17 0 3808.16 5082.3 1369.91 1791.35 2438.25 3290.95
ynao_sd_19910316_0330_hong 209 166 43 27 2 3864.78 5021.77 1358.73 1766.66 2506.05 3255.11
ynao_sd_19910317_0130_hong 180 156 24 18 0 3116.11 4120.9 1295.61 1847.31 1820.5 2273.59
ynao_sd_19910318_0130_li 127 105 22 11 0 2471.68 3139.23 876.58 1422.9 1595.1 1716.33
ynao_sd_19910319_0100_li 129 91 38 18 0 5000.44 9935.68 896.66 1482.64 4103.78 8453.04
ynao_sd_19910320_0115_li 157 114 43 13 1 4009.08 6610.1 1117.09 1740.66 2891.99 4869.44
ynao_sd_19910321_0105_li 155 121 34 15 0 5424.27 7653.74 1156.91 1638.28 4267.36 6015.46
ynao_sd_19910322_0100_li 137 89 48 11 0 5551.73 7272.99 1192.12 1625.94 4359.61 5647.05
ynao_sd_19910323_0120_li 166 123 43 13 1 5953.32 7019.1 1405.92 1775.83 4547.4 5243.27
ynao_sd_19910324_0115_li 162 93 69 14 2 7495.18 8297.6 1376.36 1681.82 6118.82 6615.78
ynao_sd_19910325_0130_wang 178 87 91 10 1 8222.42 8848.1 1321.3 1468.46 6901.12 7379.64
ynao_sd_19910326_0105_wang 145 79 66 11 0 5562.83 6087.29 1249.31 1392.75 4313.52 4694.54
ynao_sd_19910327_0120_wang 181 98 83 11 1 5966.25 7127.77 1283.82 1526.33 4682.43 5601.44
ynao_sd_19910328_0300_wang 127 67 60 12 0 4058.09 5677.79 827.83 1148.89 3230.26 4528.9
ynao_sd_19910329_0120_wang 136 89 47 9 1 3320.38 5862.24 820.09 1521.41 2500.29 4340.83
ynao_sd_19910403_0900_hong 140 110 30 14 0 2599.93 2867.9 928.74 1079.41 1671.19 1788.49
ynao_sd_19910404_0305_hong 128 93 35 18 0 2914.32 3417.87 852.18 1011.0 2062.14 2406.87
ynao_sd_19910405_0105_hong 156 126 30 13 0 2676.97 3191.54 991.56 1197.53 1685.41 1994.01
ynao_sd_19910406_0110_hong 140 110 30 16 0 2410.68 2969.28 835.34 990.79 1575.34 1978.49
ynao_sd_19910407_0100_hong 121 94 27 14 1 2144.03 2997.0 774.38 1000.08 1369.65 1996.92
ynao_sd_19910408_0110_wang 88 74 14 7 0 1371.47 2115.91 629.75 889.07 741.72 1226.84
ynao_sd_19910409_0040_wang 63 58 5 6 0 981.8 1928.9 446.28 683.81 535.52 1245.09
ynao_sd_19910410_0110_wang 72 56 16 8 0 1366.08 2110.19 530.9 844.52 835.18 1265.67
ynao_sd_19910411_0110_wang 123 90 33 15 0 3248.99 5446.57 869.85 1517.05 2379.14 3929.52
ynao_sd_19910412_0100_wang 163 126 37 17 0 3096.34 4791.36 1064.69 1614.27 2031.65 3177.09
ynao_sd_19910413_0120_wang 163 119 44 22 0 3739.07 5381.43 936.22 1395.21 2802.85 3986.22
ynao_sd_19910414_0120_wang 168 115 53 26 0 4123.94 5916.35 980.69 1460.45 3143.25 4455.9
ynao_sd_19910415_0340_hong 196 137 59 26 0 3950.42 6246.12 1267.94 1861.8 2682.48 4384.32
ynao_sd_19910416_0040_hong 230 183 47 20 1 4206.94 5763.07 1454.79 1987.74 2752.15 3775.33
ynao_sd_19910417_0040_hong 211 176 35 18 1 3555.4 4602.32 1269.52 1574.61 2285.88 3027.71
ynao_sd_19910418_0045_hong 215 179 36 13 0 3648.66 5434.71 1474.37 1956.66 2174.29 3478.05
ynao_sd_19910419_0030_hong 201 172 29 14 0 3273.19 5079.21 1333.84 1725.55 1939.35 3353.66
ynao_sd_19910420_0920_hong 143 115 28 17 1 2163.39 3186.54 901.5 1221.68 1261.89 1964.86
ynao_sd_19910421_0230_hong 107 88 19 16 0 1543.01 2716.05 705.64 1068.91 837.37 1647.14
ynao_sd_19910422_0210_wang 42 36 6 3 0 532.38 1002.53 288.22 632.63 244.16 369.9
ynao_sd_19910423_0140_wang 42 40 2 1 0 355.58 469.79 236.72 327.21 118.86 142.58
ynao_sd_19910424_0140_wang 14 13 1 1 0 153.12 212.41 81.94 109.35 71.18 103.06
ynao_sd_19910425_0005_wang 17 16 1 1 0 155.6 252.34 91.23 130.52 64.37 121.82
ynao_sd_19910426_0040_wang 27 25 2 2 0 214.44 490.57 151.26 284.92 63.18 205.65
ynao_sd_19910427_0140_li 23 21 2 1 0 238.8 515.22 185.2 315.46 53.6 199.76
ynao_sd_19910428_0200_li 45 43 2 2 0 468.28 888.93 296.58 557.14 171.7 331.79
ynao_sd_19910429_0015_li 67 59 8 6 0 893.53 1325.76 367.3 526.99 526.23 798.77
ynao_sd_19910430_0020_li 59 46 13 5 0 1112.08 1342.04 354.34 423.57 757.74 918.47
ynao_sd_19910502_0630_li 51 40 11 6 0 878.62 1057.36 354.06 418.35 524.56 639.01
ynao_sd_19910503_0150_li 54 45 9 6 0 849.08 1034.04 337.77 382.08 511.31 651.96
ynao_sd_19910504_0015_li 76 67 9 6 0 935.13 1212.21 429.01 506.22 506.12 705.99
ynao_sd_19910505_0020_li 63 49 14 6 0 1198.31 1344.74 366.93 421.08 831.38 923.66
ynao_sd_19910506_0050_hong 79 52 27 7 0 2261.94 3032.25 663.96 1023.3 1597.98 2008.95
ynao_sd_19910507_0340_hong 78 35 43 10 0 3489.18 5307.79 873.09 1364.56 2616.09 3943.23
ynao_sd_19910510_0130_hong 105 67 38 10 0 5239.56 8239.26 1204.46 1775.2 4035.1 6464.06
ynao_sd_19910511_0040_hong 115 88 27 8 0 4426.92 7226.44 1206.07 1717.09 3220.85 5509.35
ynao_sd_19910512_0200_wang 104 82 22 11 0 4292.32 5366.05 1138.4 1392.14 3153.92 3973.91
ynao_sd_19910513_0050_wang 81 59 22 11 0 4262.87 4857.63 876.66 996.75 3386.21 3860.88
ynao_sd_19910514_0030_wang 80 64 16 8 0 3905.26 4682.74 888.1 1074.27 3017.16 3608.47
ynao_sd_19910515_0240_wang 54 39 15 9 0 3358.69 4927.63 665.23 922.89 2693.46 4004.74
ynao_sd_19910516_0820_wang 60 41 19 8 0 3145.54 5399.27 639.12 1036.39 2506.42 4362.88
ynao_sd_19910517_0300_wang 64 46 18 8 0 2831.46 5639.25 590.58 1102.82 2240.88 4536.43
ynao_sd_19910518_0001_wang 60 41 19 10 1 2178.13 4799.88 494.6 913.57 1683.53 3886.31
ynao_sd_19910519_0420_wang 62 54 8 6 0 1438.7 2235.79 453.39 706.23 985.31 1529.56
ynao_sd_19910520_0030_hong 100 92 8 7 0 1471.57 2264.12 725.6 1035.63 745.97 1228.49
ynao_sd_19910521_0030_hong 87 77 10 4 0 1226.32 1411.23 602.03 777.79 624.29 633.44
ynao_sd_19910522_0150_hong 69 57 12 7 0 1078.94 1373.93 480.2 687.65 598.74 686.28
ynao_sd_19910523_0100_hong 71 61 10 7 0 1431.43 2117.4 564.83 847.74 866.6 1269.66
ynao_sd_19910524_0050_hong 94 77 17 7 0 1454.44 2134.98 634.57 1029.96 819.87 1105.02
ynao_sd_19910525_0030_hong 104 73 31 13 0 2017.05 3121.13 670.49 985.16 1346.56 2135.97
ynao_sd_19910526_0130_hong 97 69 28 13 1 2993.41 4538.26 858.52 1206.13 2134.89 3332.13
ynao_sd_19910527_0130_wang 102 75 27 8 3 3563.22 5058.78 901.47 1383.85 2661.75 3674.93
ynao_sd_19910528_0200_wang 118 79 39 10 3 4449.2 5865.32 887.23 1338.24 3561.97 4527.08
ynao_sd_19910529_0100_wang 105 62 43 17 0 4548.6 5606.25 747.28 942.69 3801.32 4663.56
ynao_sd_19910530_0640_wang 107 76 31 10 0 4103.49 4865.02 893.61 1106.42 3209.88 3758.6
ynao_sd_19910531_0325_wang 83 56 27 12 0 3675.15 4390.3 703.99 861.73 2971.16 3528.57
ynao_sd_19910601_0010_wang 109 81 28 13 0 3703.52 5445.11 856.79 1287.37 2846.73 4157.74
ynao_sd_19910602_0450_wang 119 92 27 15 0 3674.24 5520.18 911.0 1254.57 2763.24 4265.61
ynao_sd_19910603_0340_hong 91 60 31 19 0 3729.0 7043.31 879.21 1436.27 2849.79 5607.04
ynao_sd_19910604_0240_hong 100 62 38 23 0 3927.52 8101.71 932.65 1742.28 2994.87 6359.43
ynao_sd_19910605_0510_hong 104 62 42 22 1 4365.0 7413.15 1078.66 1721.98 3286.34 5691.17
ynao_sd_19910606_0945_hong 94 64 30 15 0 4980.83 7560.28 1143.45 1643.14 3837.38 5917.14
ynao_sd_19910607_0340_hong 114 79 35 19 0 5131.85 6944.09 1085.58 1441.18 4046.27 5502.91
ynao_sd_19910608_0050_hong 157 122 35 12 0 5242.57 6251.96 1332.18 1600.02 3910.39 4651.94
ynao_sd_19910609_0130_hong 179 144 35 15 1 5501.91 6380.12 1783.34 2083.68 3718.57 4296.44
ynao_sd_19910610_0100_wang 177 130 47 13 0 6191.12 7244.17 1447.63 1685.5 4743.49 5558.67
ynao_sd_19910611_0350_wang 164 119 45 14 0 5733.8 7056.39 1526.95 1889.7 4206.85 5166.69
ynao_sd_19910612_0300_wang 184 113 71 12 1 5966.76 8014.82 1370.9 1853.58 4595.86 6161.24
ynao_sd_19910613_0810_wang 134 90 44 10 0 4652.37 7244.83 1134.96 1789.28 3517.41 5455.55
ynao_sd_19910614_0300_wang 101 66 35 7 0 3404.83 6377.23 803.56 1376.41 2601.27 5000.82
ynao_sd_19910615_0940_wang 52 28 24 12 1 2051.04 5378.47 394.88 978.81 1656.16 4399.66
ynao_sd_19910616_0520_wang 86 62 24 13 0 2065.21 5033.94 611.12 1204.62 1454.09 3829.32
ynao_sd_19910617_0050_li 95 79 16 8 0 1141.16 1707.36 505.72 732.87 635.44 974.49
ynao_sd_19910618_0055_li 106 94 12 5 0 1162.05 1771.04 610.66 934.69 551.39 836.35
ynao_sd_19910619_0320_li 76 59 17 12 0 1350.59 1675.96 486.48 635.9 864.11 1040.06
ynao_sd_19910620_0630_li 91 75 16 8 0 1606.1 1929.67 596.93 704.48 1009.17 1225.19
ynao_sd_19910622_0120_li 93 80 13 10 0 1463.42 1867.39 546.6 705.49 916.82 1161.9
ynao_sd_19910623_0040_li 69 55 14 10 0 1024.69 1465.86 373.71 553.89 650.98 911.97
ynao_sd_19910626_0040_hong 94 73 21 10 0 1591.02 2258.55 590.1 812.38 1000.92 1446.17
ynao_sd_19910627_0550_hong 98 64 34 16 0 2724.98 3514.55 697.11 914.1 2027.87 2600.45
ynao_sd_19910628_0545_hong 110 80 30 13 0 3311.1 3794.39 919.07 1028.63 2392.03 2765.76
ynao_sd_19910629_0350_hong 126 100 26 10 0 3188.17 3509.85 1099.26 1208.81 2088.91 2301.04
ynao_sd_19910630_0840_hong 107 84 23 13 0 3273.74 3929.35 979.93 1139.82 2293.81 2789.53
ynao_sd_19910702_0910_wang 17 12 5 4 0 485.46 1403.07 127.54 328.31 357.92 1074.76
ynao_sd_19910703_0640_wang 160 128 32 22 2 3460.55 6369.44 1092.88 1707.04 2367.67 4662.4
ynao_sd_19910704_0705_wang 148 116 32 24 0 3415.86 5755.74 978.89 1574.87 2436.97 4180.87
ynao_sd_19910708_0855_wang 105 71 34 12 0 2913.32 4202.54 688.52 992.39 2224.8 3210.15
ynao_sd_19910710_0810_li 143 113 30 9 0 2670.32 3568.13 841.63 1155.27 1828.69 2412.86
ynao_sd_19910711_0930_li 93 69 24 12 0 2484.56 3321.97 645.98 867.78 1838.58 2454.19
ynao_sd_19910713_0155_li 105 71 34 15 0 2700.9 3771.63 621.99 871.08 2078.91 2900.55
ynao_sd_19910714_0220_li 109 76 33 11 0 2544.95 3918.45 595.08 869.42 1949.87 3049.03
ynao_sd_19910717_0900_li 50 39 11 7 0 956.43 1441.71 274.41 396.42 682.02 1045.29
ynao_sd_19910718_0440_li 41 31 10 6 0 662.54 1018.66 274.04 397.31 388.5 621.35
ynao_sd_19910719_0040_hong 54 42 12 9 0 976.72 2039.76 365.41 628.9 611.31 1410.86
ynao_sd_19910720_0030_hong 67 53 14 11 0 1609.01 4133.94 521.79 1116.97 1087.22 3016.97
ynao_sd_19910721_0100_hong 94 62 32 15 0 2644.71 5496.79 815.05 1826.6 1829.66 3670.19
ynao_sd_19910722_0340_hong 100 75 25 21 0 3441.71 5602.24 909.62 1500.09 2532.09 4102.15
ynao_sd_19910723_0210_hong 151 117 34 17 0 4080.15 5403.8 1347.35 1819.42 2732.8 3584.38
ynao_sd_19910724_0100_hong 147 110 37 16 0 5837.21 6894.98 1448.51 1749.8 4388.7 5145.18
ynao_sd_19910725_0040_hong 132 95 37 16 1 5343.3 5807.4 1531.7 1727.43 3811.6 4079.97
ynao_sd_19910726_0030_hong 175 137 38 13 0 6135.43 6926.5 1616.87 1932.56 4518.56 4993.94
ynao_sd_19910727_0110_hong 146 107 39 14 0 5498.67 6179.1 1446.81 1692.4 4051.86 4486.7
ynao_sd_19910728_0200_hong 134 105 29 12 1 4505.28 5273.18 1355.04 1597.64 3150.24 3675.54
ynao_sd_19910729_0100_wang 122 91 31 11 0 3630.33 4726.28 950.38 1241.09 2679.95 3485.19
ynao_sd_19910730_0800_wang 140 102 38 17 0 3421.29 5472.96 873.29 1394.94 2548.0 4078.02
ynao_sd_19910803_0630_wang 69 37 32 12 0 3301.36 3887.06 613.52 728.02 2687.84 3159.04
ynao_sd_19910804_0510_wang 94 63 31 14 0 3251.46 3936.77 759.54 927.43 2491.92 3009.34
ynao_sd_19910805_0130_li 84 60 24 8 0 2508.32 3104.48 586.33 720.57 1921.99 2383.91
ynao_sd_19910806_0150_li 67 41 26 7 0 2223.06 3013.22 502.6 724.14 1720.46 2289.08
ynao_sd_19910807_0250_li 56 40 16 9 0 1847.64 3182.56 462.38 803.16 1385.26 2379.4
ynao_sd_19910809_0430_li 67 51 16 8 0 1456.61 2958.04 452.91 836.53 1003.7 2121.51
ynao_sd_19910810_0640_li 24 20 4 3 0 607.07 899.01 179.6 327.67 427.47 571.34
ynao_sd_19910811_0450_li 44 37 7 3 0 757.57 994.36 269.27 377.89 488.3 616.47
ynao_sd_19910812_0405_hong 43 38 5 4 0 1010.0 1604.16 383.46 511.06 626.54 1093.1
ynao_sd_19910813_0210_hong 68 62 6 5 0 1241.51 1877.23 554.08 782.63 687.43 1094.6
ynao_sd_19910815_0940_hong 67 42 25 16 0 2389.38 4454.31 595.45 1106.31 1793.93 3348.0
ynao_sd_19910816_0040_hong 118 79 39 22 0 3615.25 6138.37 953.57 1643.25 2661.68 4495.12
ynao_sd_19910817_0040_hong 158 110 48 28 1 4440.82 7186.34 1221.55 1910.87 3219.27 5275.47
ynao_sd_19910818_0110_li 210 159 51 22 0 4738.3 6358.76 1246.87 1666.53 3491.43 4692.23
ynao_sd_19910819_0040_wang 259 187 72 29 1 6042.69 7511.85 1468.57 1813.03 4574.12 5698.82
ynao_sd_19910820_0030_wang 270 181 89 31 0 7520.84 8579.25 1596.03 1864.48 5924.81 6714.77
ynao_sd_19910821_0130_wang 234 149 85 31 0 7616.09 8615.0 1556.58 1761.56 6059.51 6853.44
ynao_sd_19910822_0100_wang 233 163 70 33 1 7261.13 8816.21 1453.33 1755.44 5807.8 7060.77
ynao_sd_19910823_0340_wang 193 123 70 30 0 6557.53 10047.11 1196.61 1645.71 5360.92 8401.4
ynao_sd_19910824_0110_wang 183 125 58 22 0 5587.62 11191.77 1246.97 2086.06 4340.65 9105.71
ynao_sd_19910825_0400_wang 86 54 32 18 0 3579.97 8101.5 649.38 1238.28 2930.59 6863.22
ynao_sd_19910826_0800_li 52 27 25 13 0 2000.62 3301.88 327.01 531.47 1673.61 2770.41
ynao_sd_19910827_0620_li 60 27 33 12 0 2311.38 3537.18 420.04 647.01 1891.34 2890.17
ynao_sd_19910828_0035_li 80 46 34 16 0 2334.05 3774.92 496.62 792.73 1837.43 2982.19
ynao_sd_19910829_0740_li 109 83 26 15 0 2053.95 2715.91 658.23 797.69 1395.72 1918.22
ynao_sd_19910830_0250_li 138 110 28 17 0 2612.3 3141.12 847.11 968.79 1765.19 2172.33
ynao_sd_19910831_0220_li 156 125 31 15 0 2710.42 3131.2 867.54 979.94 1842.88 2151.26
ynao_sd_19910901_0240_li 138 125 13 9 0 2185.64 2545.33 848.08 976.16 1337.56 1569.17
ynao_sd_19910902_0620_hong 132 113 19 11 0 2413.63 2996.37 935.2 1146.58 1478.43 1849.79
ynao_sd_19910903_0720_hong 147 135 12 10 0 2100.58 2707.28 949.36 1243.8 1151.22 1463.48
ynao_sd_19910904_0520_hong 118 98 20 10 0 1937.07 2901.37 795.25 1180.16 1141.82 1721.21
ynao_sd_19910905_0340_hong 95 72 23 12 0 1914.71 3200.01 702.94 1067.69 1211.77 2132.32
ynao_sd_19910907_0340_hong 79 62 17 14 0 1763.39 3052.08 584.33 997.4 1179.06 2054.68
ynao_sd_19910908_0320_hong 104 79 25 11 1 1838.25 3539.77 735.52 1401.94 1102.73 2137.83
ynao_sd_19910909_0400_li 107 78 29 19 0 2049.64 3767.6 627.99 1082.19 1421.65 2685.41
ynao_sd_19910910_0350_li 84 59 25 11 0 1842.86 2695.89 475.7 834.85 1367.16 1861.04
ynao_sd_19910911_0150_li 86 61 25 11 0 2039.01 2685.77 529.63 759.6 1509.38 1926.17
ynao_sd_19910915_0420_wang 45 29 16 12 0 1438.15 2294.4 304.32 435.8 1133.83 1858.6
ynao_sd_19910916_0610_wang 79 66 13 8 0 1346.86 1615.83 453.76 594.06 893.1 1021.77
ynao_sd_19910917_0330_wang 67 55 12 6 0 1188.1 1305.35 444.4 509.98 743.7 795.37
ynao_sd_19910918_0800_wang 79 62 17 3 0 1616.73 1711.31 519.29 585.18 1097.44 1126.13
ynao_sd_19910919_0710_wang 48 38 10 6 0 1101.57 1182.18 344.41 375.33 757.16 806.85
ynao_sd_19910921_0630_wang 30 25 5 4 0 634.02 792.95 185.89 231.89 448.13 561.06
ynao_sd_19910922_0650_wang 68 54 14 9 0 998.03 1690.68 367.14 626.18 630.89 1064.5
ynao_sd_19910923_0900_wang 101 97 4 4 0 784.34 1471.33 524.9 893.64 259.44 577.69
ynao_sd_19910924_0700_wang 47 41 6 5 0 532.9 1349.86 305.65 717.89 227.25 631.97
ynao_sd_19910925_0500_wang 70 52 18 7 0 1596.59 5109.05 457.24 1142.07 1139.35 3966.98
ynao_sd_19910926_0445_wang 81 58 23 8 0 2229.89 5129.55 478.9 929.33 1750.99 4200.22
ynao_sd_19910929_0110_hong 142 107 35 8 0 3468.76 4270.18 1130.82 1473.43 2337.94 2796.75
ynao_sd_19910930_0550_hong 106 61 45 18 0 4353.39 4974.66 1083.37 1260.41 3270.02 3714.25
ynao_sd_19911001_0320_wang 166 109 57 16 1 5227.99 5746.63 1286.36 1448.06 3941.63 4298.57
ynao_sd_19911002_0210_li 156 103 53 9 0 5454.52 5896.35 1236.47 1361.49 4218.05 4534.86
ynao_sd_19911003_0110_hong 154 90 64 11 1 5831.59 6577.16 1395.18 1602.32 4436.41 4974.84
ynao_sd_19911005_0300_hong 110 64 46 23 1 4846.37 6719.1 1130.13 1570.13 3716.24 5148.97
ynao_sd_19911008_0730_li 54 46 8 6 0 1632.43 2419.39 347.41 680.67 1285.02 1738.72
ynao_sd_19911009_0100_li 89 84 5 4 0 933.76 1907.58 547.46 960.03 386.3 947.55
ynao_sd_19911010_0320_li 68 58 10 4 0 1137.01 2135.34 488.9 826.05 648.11 1309.29
ynao_sd_19911011_0510_li 61 50 11 7 0 1448.97 2305.39 424.19 658.95 1024.78 1646.44
ynao_sd_19911012_0220_li 63 47 16 11 0 1828.75 2536.59 488.21 712.25 1340.54 1824.34
ynao_sd_19911013_0115_li 72 51 21 9 0 1530.35 1941.43 435.84 549.2 1094.51 1392.23
ynao_sd_19911014_0030_wang 88 67 21 11 0 2491.52 3202.49 623.75 793.78 1867.77 2408.71
ynao_sd_19911015_0040_wang 93 77 16 6 0 2209.07 2746.16 631.67 931.01 1577.4 1815.15
ynao_sd_19911016_0100_wang 96 72 24 13 0 2100.18 2573.42 569.72 730.09 1530.46 1843.33
ynao_sd_19911018_0140_wang 89 73 16 10 0 1610.01 2216.96 523.68 681.95 1086.33 1535.01
ynao_sd_19911019_0140_wang 78 68 10 9 0 879.65 1317.23 442.29 581.02 437.36 736.21
ynao_sd_19911020_0400_wang 69 65 4 5 0 558.59 1197.44 339.52 479.03 219.07 718.41
ynao_sd_19911021_0405_hong 69 68 1 1 0 453.41 609.22 419.23 569.61 34.18 39.61
ynao_sd_19911024_0130_hong 149 107 42 8 0 4045.45 8013.54 1011.57 1839.63 3033.88 6173.91
ynao_sd_19911025_0410_hong 143 95 48 15 2 5943.82 8954.53 1276.03 1984.93 4667.79 6969.6
ynao_sd_19911026_0120_hong 150 82 68 22 0 6901.74 8898.45 1486.61 1924.94 5415.13 6973.51
ynao_sd_19911027_0840_hong 203 134 69 24 1 7555.09 8612.11 1763.16 2047.11 5791.93 6565.0
ynao_sd_19911028_0210_li 217 143 74 24 0 4632.15 5152.36 1463.97 1669.63 3168.18 3482.73
ynao_sd_19911029_0520_li 231 169 62 21 1 3306.43 3737.68 1534.4 1778.68 1772.03 1959.0
ynao_sd_19911030_0310_li 258 185 73 20 3 4183.2 4700.32 1588.9 1819.53 2594.3 2880.79
ynao_sd_19911102_0410_li 109 76 33 21 0 2114.71 3649.04 628.41 1044.32 1486.3 2604.72
ynao_sd_19911103_0310_li 85 66 19 13 0 1315.75 2645.13 493.91 948.82 821.84 1696.31
ynao_sd_19911106_0100_wang 65 39 26 9 0 2119.65 2588.72 455.94 607.07 1663.71 1981.65
ynao_sd_19911107_0105_wang 105 75 30 8 0 2235.51 2881.4 637.16 855.79 1598.35 2025.61
ynao_sd_19911108_0100_wang 111 85 26 10 0 2199.12 2877.58 676.03 897.81 1523.09 1979.77
ynao_sd_19911109_0130_wang 99 68 31 10 0 2765.76 4788.19 666.48 1100.22 2099.28 3687.97
ynao_sd_19911110_0220_wang 98 66 32 10 0 2916.76 4731.78 617.17 945.12 2299.59 3786.66
ynao_sd_19911111_0130_hong 123 88 35 17 0 2477.31 3826.28 918.85 1338.73 1558.46 2487.55
ynao_sd_19911112_0140_hong 123 86 37 12 1 3210.94 3651.62 1009.45 1159.96 2201.49 2491.66
ynao_sd_19911113_0105_hong 90 64 26 10 0 2821.41 3074.1 842.26 954.67 1979.15 2119.43
ynao_sd_19911115_0510_hong 81 60 21 12 0 2200.25 2660.38 689.44 880.71 1510.81 1779.67
ynao_sd_19911116_0200_hong 88 66 22 14 0 1822.88 2489.11 627.34 865.53 1195.54 1623.58
ynao_sd_19911117_0520_hong 65 52 13 9 0 1331.02 2074.27 528.44 849.54 802.58 1224.73
ynao_sd_19911118_0300_li 50 38 12 7 0 869.73 1797.78 321.32 536.2 548.41 1261.58
ynao_sd_19911119_0125_li 50 43 7 6 0 746.85 1400.96 314.2 535.59 432.65 865.37
ynao_sd_19911120_0320_li 59 53 6 5 0 1644.99 3412.94 371.81 569.89 1273.18 2843.05
ynao_sd_19911121_0125_li 49 46 3 3 0 619.29 813.03 292.61 413.93 326.68 399.1
ynao_sd_19911122_0110_li 37 29 8 5 0 680.9 819.39 233.95 291.09 446.95 528.3
ynao_sd_19911123_0220_li 27 21 6 3 0 591.86 663.76 229.12 276.11 362.74 387.65
ynao_sd_19911124_0055_li 39 36 3 3 0 585.41 664.64 260.8 326.78 324.61 337.86
ynao_sd_19911125_0705_wang 30 24 6 5 0 584.34 695.17 201.79 268.18 382.55 426.99
ynao_sd_19911127_0500_wang 66 47 19 10 0 1510.78 1797.02 429.27 498.91 1081.51 1298.11
ynao_sd_19911128_0300_wang 87 63 24 13 0 1997.22 2680.04 601.39 797.84 1395.83 1882.2
ynao_sd_19911129_0105_wang 77 61 16 9 0 1886.92 2420.18 526.69 688.61 1360.23 1731.57
ynao_sd_19911130_0130_wang 60 44 16 8 0 2039.91 2644.96 502.3 791.85 1537.61 1853.11
ynao_sd_19911201_0200_wang 49 33 16 8 0 1735.99 2217.16 378.34 504.79 1357.65 1712.37
ynao_sd_19911202_0130_hong 59 40 19 9 0 1599.9 2027.17 495.16 659.02 1104.74 1368.15
ynao_sd_19911203_0530_hong 71 50 21 16 0 1882.79 3601.39 552.4 997.49 1330.39 2603.9
ynao_sd_19911204_0140_hong 89 66 23 17 0 2043.87 3600.31 645.51 1090.36 1398.36 2509.95
ynao_sd_19911205_0105_hong 103 68 35 18 1 2601.5 4013.39 694.8 1041.31 1906.7 2972.08
ynao_sd_19911206_0130_hong 111 69 42 21 1 2957.67 4053.26 738.84 963.24 2218.83 3090.02
ynao_sd_19911207_0120_hong 137 94 43 23 0 3145.3 4206.5 913.55 1304.83 2231.75 2901.67
ynao_sd_19911208_0130_hong 146 97 49 20 0 3983.03 5459.47 1027.7 1325.35 2955.33 4134.12
ynao_sd_19911209_0820_li 186 137 49 18 0 3493.36 4674.42 1003.23 1272.54 2490.13 3401.88
ynao_sd_19911210_0500_li 212 142 70 15 1 4856.55 6052.24 1263.6 1651.01 3592.95 4401.23
ynao_sd_19911212_0210_li 147 96 51 16 0 5001.32 6140.17 965.58 1221.3 4035.74 4918.87
ynao_sd_19911213_0200_li 177 133 44 14 0 4275.29 5332.66 1122.22 1419.98 3153.07 3912.68
ynao_sd_19911214_0135_li 154 108 46 19 0 3766.6 4958.51 1026.75 1384.89 2739.85 3573.62
ynao_sd_19911215_0115_li 113 74 39 17 0 3481.88 4538.88 850.21 1256.98 2631.67 3281.9
ynao_sd_19911216_0120_wang 100 56 44 12 0 3659.45 4956.73 788.12 1064.1 2871.33 3892.63
ynao_sd_19911217_0300_wang 87 56 31 12 0 3365.37 5184.73 661.25 944.41 2704.12 4240.32
ynao_sd_19911218_0310_wang 92 60 32 9 0 2554.62 4535.26 608.48 1043.05 1946.14 3492.21
ynao_sd_19911219_0510_wang 68 39 29 13 0 2314.84 5279.28 484.34 1009.06 1830.5 4270.22
ynao_sd_19911220_0350_wang 75 41 34 9 2 2646.17 4785.29 490.11 777.27 2156.06 4008.02
ynao_sd_19911221_0350_wang 65 34 31 9 0 2876.64 4284.66 447.37 671.79 2429.27 3612.87
ynao_sd_19911222_0205_wang 88 49 39 8 0 3130.89 4307.56 572.58 814.38 2558.31 3493.18
ynao_sd_19911223_0410_hong 91 46 45 14 1 4320.82 7259.94 907.66 1562.31 3413.16 5697.63
ynao_sd_19911224_0120_hong 134 75 59 19 2 5261.52 8909.17 968.83 1549.33 4292.69 7359.84
ynao_sd_19911225_0120_hong 143 71 72 19 3 5929.98 9424.35 1219.68 1900.63 4710.3 7523.72
ynao_sd_19911226_0810_hong 90 50 40 24 0 5937.86 7732.09 1227.7 1667.8 4710.16 6064.29
ynao_sd_19911227_0545_hong 117 66 51 28 0 6384.61 7907.6 1467.75 1777.06 4916.86 6130.54
ynao_sd_19911229_0840_hong 112 56 56 37 1 6169.87 7812.48 1363.6 1700.44 4806.27 6112.04
ynao_sd_19911230_0130_li 171 118 53 25 0 4063.22 4849.11 1075.37 1336.98 2987.85 3512.13
ynao_sd_19911231_0320_li 118 81 37 21 0 3129.84 4124.91 793.7 1123.13 2336.14 3001.78
