ynao_sd_19960101_0130_wang 2 2 0 0 0 52.97 365.04 52.97 365.04 0 0
ynao_sd_19960102_0140_wang 3 3 0 0 0 16.47 19.73 16.47 19.73 0 0
ynao_sd_19960103_0120_wang 2 2 0 0 0 13.07 13.4 13.07 13.4 0 0
ynao_sd_19960104_0110_wang 19 14 5 4 0 355.88 380.62 160.91 170.86 194.97 209.76
ynao_sd_19960105_0120_wang 31 20 11 6 0 621.7 699.03 245.61 269.4 376.09 429.63
ynao_sd_19960106_0130_wang 38 35 3 3 0 454.77 546.37 250.17 303.54 204.6 242.83
ynao_sd_19960107_0250_wang 22 18 4 3 0 410.33 572.46 162.75 217.3 247.58 355.16
ynao_sd_19960108_0300_wang 15 11 4 3 0 238.79 334.68 88.04 149.48 150.75 185.2
ynao_sd_19960109_0130_li 11 10 1 1 0 100.91 143.24 67.71 91.56 33.2 51.68
ynao_sd_19960110_0135_li 2 2 0 0 0 25.77 55.6 25.77 55.6 0 0
ynao_sd_19960122_0130_hong 1 1 0 0 0 17.74 30.54 17.74 30.54 0 0
ynao_sd_19960123_0120_hong 0 0 0 0 0 0 0 0 0 0 0
ynao_sd_19960124_0110_hong 2 2 0 0 0 12.2 44.47 12.2 44.47 0 0
ynao_sd_19960125_0140_hong 2 2 0 0 0 13.57 28.75 13.57 28.75 0 0
ynao_sd_19960126_0110_hong 1 1 0 0 0 8.17 12.35 8.17 12.35 0 0
ynao_sd_19960127_0310_hong 3 3 0 0 0 46.61 65.1 46.61 65.1 0 0
ynao_sd_19960128_0410_hong 1 1 0 0 0 15.21 16.72 15.21 16.72 0 0
ynao_sd_19960130_0140_wang 2 2 0 0 0 26.86 30.25 26.86 30.25 0 0
ynao_sd_19960131_0420_li 3 3 0 0 0 24.08 33.08 24.08 33.08 0 0
ynao_sd_19960201_0510_wang 5 5 0 0 0 96.7 201.58 96.7 201.58 0 0
ynao_sd_19960202_0210_wang 2 2 0 0 0 18.66 55.52 18.66 55.52 0 0
ynao_sd_19960203_0320_wang 1 1 0 0 0 8.32 15.92 8.32 15.92 0 0
ynao_sd_19960213_0055_li 0 0 0 0 0 0 0 0 0 0 0
ynao_sd_19960214_0050_li 0 0 0 0 0 0 0 0 0 0 0
ynao_sd_19960215_0045_li 3 3 0 0 0 19.27 31.75 19.27 31.75 0 0
ynao_sd_19960216_0050_li 2 2 0 0 0 15.35 17.93 15.35 17.93 0 0
ynao_sd_19960217_0100_li 0 0 0 0 0 0 0 0 0 0 0
ynao_sd_19960224_0140_wang 14 14 0 0 0 106.3 127.79 106.3 127.79 0 0
ynao_sd_19960225_0120_wang 12 11 1 0 0 107.0 125.11 115.38 135.24 8.38 10.13
ynao_sd_19960226_0130_hong 12 11 1 1 0 109.88 150.09 87.68 117.24 22.2 32.85
ynao_sd_19960227_0120_hong 4 4 0 0 0 37.08 67.83 37.08 67.83 0 0
ynao_sd_19960228_0120_hong 0 0 0 0 0 0 0 0 0 0 0
ynao_sd_19960229_0130_hong 7 7 0 0 0 53.68 54.03 53.68 54.03 0 0
ynao_sd_19960301_0540_hong 3 3 0 0 0 19.8 21.83 19.8 21.83 0 0
ynao_sd_19960304_0055_li 2 2 0 0 0 12.68 14.24 12.68 14.24 0 0
ynao_sd_19960305_0050_li 0 0 0 0 0 0 0 0 0 0 0
ynao_sd_19960306_0115_li 2 2 0 0 0 11.63 15.09 11.63 15.09 0 0
ynao_sd_19960307_0120_li 1 1 0 0 0 6.16 6.18 6.16 6.18 0 0
ynao_sd_19960308_0100_li 0 0 0 0 0 0 0 0 0 0 0
ynao_sd_19960309_0050_li 0 0 0 0 0 0 0 0 0 0 0
ynao_sd_19960310_0030_wang 3 3 0 0 0 20.09 24.92 20.09 24.92 0 0
ynao_sd_19960311_0050_wang 4 4 0 0 0 30.63 44.97 30.63 44.97 0 0
ynao_sd_19960312_0100_wang 5 5 0 0 0 48.05 59.33 48.05 59.33 0 0
ynao_sd_19960313_0110_wang 9 6 3 2 0 201.03 213.92 75.41 80.45 125.62 133.47
ynao_sd_19960314_0320_wang 7 5 2 1 0 207.4 211.0 77.96 81.15 129.44 129.85
ynao_sd_19960315_0130_wang 6 4 2 1 0 148.77 150.62 44.57 44.89 104.2 105.73
ynao_sd_19960316_0120_wang 5 4 1 1 0 122.82 131.1 44.07 46.38 78.75 84.72
ynao_sd_19960317_0100_wang 1 0 1 1 0 48.15 58.31 7.41 8.97 40.74 49.34
ynao_sd_19960318_0120_hong 4 4 0 0 0 40.24 60.73 40.24 60.73 0 0
ynao_sd_19960319_0100_hong 1 1 0 0 0 17.14 34.25 17.14 34.25 0 0
ynao_sd_19960320_0105_hong 1 1 0 0 0 19.72 29.67 19.72 29.67 0 0
ynao_sd_19960322_0100_wang 8 8 0 0 0 59.91 66.37 59.91 66.37 0 0
ynao_sd_19960323_0120_wang 12 9 3 2 0 300.78 312.45 78.61 81.99 222.17 230.46
ynao_sd_19960324_0300_hong 12 10 2 1 0 292.46 308.26 106.47 115.26 185.99 193.0
ynao_sd_19960325_0200_li 7 6 1 1 0 180.65 200.28 81.9 92.38 98.75 107.9
ynao_sd_19960326_0350_li 17 14 3 1 0 238.46 283.57 128.71 150.02 109.75 133.55
ynao_sd_19960328_0640_li 11 8 3 1 0 134.65 251.3 74.44 122.06 60.21 129.24
ynao_sd_19960329_0500_li 1 1 0 0 0 27.96 91.89 27.96 91.89 0 0
ynao_sd_19960330_0100_li 1 1 0 0 0 7.13 8.5 7.13 8.5 0 0
ynao_sd_19960402_0110_wang 5 5 0 0 0 30.81 42.12 30.81 42.12 0 0
ynao_sd_19960403_0030_wang 5 5 0 0 0 40.11 65.77 40.11 65.77 0 0
ynao_sd_19960404_0040_wang 4 4 0 0 0 27.68 66.02 27.68 66.02 0 0
ynao_sd_19960407_0100_hong 0 0 0 0 0 0 0 0 0 0 0
ynao_sd_19960408_0100_hong 0 0 0 0 0 0 0 0 0 0 0
ynao_sd_19960409_0120_hong 1 1 0 0 0 4.49 6.17 4.49 6.17 0 0
ynao_sd_19960410_0100_hong 0 0 0 0 0 0 0 0 0 0 0
ynao_sd_19960411_0055_hong 2 2 0 0 0 22.06 35.65 22.06 35.65 0 0
ynao_sd_19960412_0100_hong 3 3 0 0 0 16.51 25.63 16.51 25.63 0 0
ynao_sd_19960413_0105_hong 4 4 0 0 0 28.02 33.16 28.02 33.16 0 0
ynao_sd_19960414_0200_hong 2 2 0 0 0 12.25 13.05 12.25 13.05 0 0
ynao_sd_19960415_0130_li 2 2 0 0 0 13.33 20.15 13.33 20.15 0 0
ynao_sd_19960416_0120_li 2 2 0 0 0 12.54 20.74 12.54 20.74 0 0
ynao_sd_19960417_0055_li 5 5 0 0 0 31.98 35.61 31.98 35.61 0 0
ynao_sd_19960418_0045_li 9 9 0 0 0 51.88 64.19 51.88 64.19 0 0
ynao_sd_19960419_0605_li 5 5 0 0 0 34.98 56.14 34.98 56.14 0 0
ynao_sd_19960422_0150_li 6 4 2 2 0 145.57 376.89 31.73 77.78 113.84 299.11
ynao_sd_19960423_0110_wang 1 0 1 1 0 50.11 191.3 9.04 34.48 41.07 156.82
ynao_sd_19960426_0030_wang 0 0 0 0 0 0 0 0 0 0 0
ynao_sd_19960428_0200_wang 1 1 0 0 0 4.05 6.82 4.05 6.82 0 0
ynao_sd_19960429_0100_hong 0 0 0 0 0 0 0 0 0 0 0
ynao_sd_19960430_0050_hong 0 0 0 0 0 0 0 0 0 0 0
ynao_sd_19960501_0210_hong 1 1 0 0 0 4.84 5.44 4.84 5.44 0 0
ynao_sd_19960502_0150_hong 1 1 0 0 0 7.13 9.59 7.13 9.59 0 0
ynao_sd_19960503_0130_hong 3 3 0 0 0 27.14 74.69 27.14 74.69 0 0
ynao_sd_19960504_0110_hong 0 0 0 0 0 0 0 0 0 0 0
ynao_sd_19960505_0200_hong 3 3 0 0 0 22.97 109.78 22.97 109.78 0 0
ynao_sd_19960506_0050_li 7 7 0 0 0 39.72 42.3 39.72 42.3 0 0
ynao_sd_19960507_0030_li 6 6 0 0 0 63.23 158.65 63.23 158.65 0 0
ynao_sd_19960510_0040_li 12 8 4 2 0 241.66 310.33 75.79 101.13 165.87 209.2
ynao_sd_19960511_0650_li 23 21 2 2 0 313.72 342.29 151.45 168.19 162.27 174.1
ynao_sd_19960512_0130_wang 14 11 3 2 0 279.17 284.81 92.4 94.33 186.77 190.48
ynao_sd_19960513_0040_wang 13 9 4 2 0 243.19 243.9 86.85 87.15 156.34 156.75
ynao_sd_19960514_0020_wang 15 12 3 2 0 204.32 226.15 92.1 109.42 112.22 116.73
ynao_sd_19960515_0020_wang 8 6 2 1 0 104.76 120.11 57.15 64.52 47.61 55.59
ynao_sd_19960516_0120_wang 4 4 0 0 0 32.8 44.98 32.8 44.98 0 0
ynao_sd_19960517_0050_wang 4 4 0 0 0 38.31 64.86 38.31 64.86 0 0
ynao_sd_19960518_0110_wang 3 3 0 0 0 21.81 47.52 21.81 47.52 0 0
ynao_sd_19960519_0910_wang 1 1 0 0 0 12.18 18.03 12.18 18.03 0 0
ynao_sd_19960520_0730_hong 1 1 0 0 0 7.49 14.53 7.49 14.53 0 0
ynao_sd_19960521_0415_hong 1 1 0 0 0 8.73 40.47 8.73 40.47 0 0
ynao_sd_19960522_0140_hong 0 0 0 0 0 0 0 0 0 0 0
ynao_sd_19960523_0200_hong 0 0 0 0 0 0 0 0 0 0 0
ynao_sd_19960524_0040_hong 0 0 0 0 0 0 0 0 0 0 0
ynao_sd_19960525_0130_hong 0 0 0 0 0 0 0 0 0 0 0
ynao_sd_19960526_0300_hong 0 0 0 0 0 0 0 0 0 0 0
ynao_sd_19960527_0120_li 0 0 0 0 0 0 0 0 0 0 0
ynao_sd_19960529_0550_li 0 0 0 0 0 0 0 0 0 0 0
ynao_sd_19960530_0050_li 0 0 0 0 0 0 0 0 0 0 0
ynao_sd_19960531_0040_li 0 0 0 0 0 0 0 0 0 0 0
ynao_sd_19960601_0050_li 2 2 0 0 0 17.75 24.39 17.75 24.39 0 0
ynao_sd_19960602_0300_wang 1 1 0 0 0 7.77 10.23 7.77 10.23 0 0
ynao_sd_19960603_0040_wang 1 1 0 0 0 8.22 8.35 8.22 8.35 0 0
ynao_sd_19960604_0050_wang 2 2 0 0 0 22.04 28.52 22.04 28.52 0 0
ynao_sd_19960605_0820_wang 2 2 0 0 0 19.1 21.2 19.1 21.2 0 0
ynao_sd_19960606_0300_wang 6 5 1 1 0 118.0 137.81 51.34 70.6 66.66 67.21
ynao_sd_19960607_0230_wang 16 15 1 2 0 240.49 268.34 135.14 162.35 105.35 105.99
ynao_sd_19960608_0800_wang 18 16 2 1 0 235.73 252.19 111.85 118.27 123.88 133.92
ynao_sd_19960609_0550_wang 16 13 3 1 0 242.14 283.92 117.85 133.82 124.29 150.1
ynao_sd_19960610_0800_hong 8 7 1 1 0 154.43 227.71 90.21 131.59 64.22 96.12
ynao_sd_19960611_0530_hong 2 1 1 1 0 50.79 98.32 13.52 25.99 37.27 72.33
ynao_sd_19960612_0320_hong 1 0 1 1 0 40.11 117.71 4.32 12.55 35.79 105.16
ynao_sd_19960614_0800_hong 0 0 0 0 0 0 0 0 0 0 0
ynao_sd_19960615_0220_hong 0 0 0 0 0 0 0 0 0 0 0
ynao_sd_19960616_0405_wang 0 0 0 0 0 0 0 0 0 0 0
ynao_sd_19960617_0850_li 0 0 0 0 0 0 0 0 0 0 0
ynao_sd_19960618_0100_li 0 0 0 0 0 0 0 0 0 0 0
ynao_sd_19960619_0140_li 5 5 0 0 0 52.55 185.16 52.55 185.16 0 0
ynao_sd_19960620_0240_li 2 1 1 1 0 69.45 179.91 15.31 29.33 54.14 150.58
ynao_sd_19960621_0650_li 1 0 1 1 0 105.17 178.27 10.54 17.78 94.63 160.49
ynao_sd_19960622_0500_li 1 0 1 1 0 141.44 189.73 19.6 26.31 121.84 163.42
ynao_sd_19960623_0200_wang 3 2 1 1 0 184.95 260.76 40.4 92.68 144.55 168.08
ynao_sd_19960624_0905_wang 4 3 1 1 0 224.24 256.19 48.77 74.37 175.47 181.82
ynao_sd_19960625_0820_wang 4 3 1 1 0 237.4 251.53 49.89 62.66 187.51 188.87
ynao_sd_19960626_0620_wang 5 4 1 1 0 229.95 240.2 49.78 55.82 180.17 184.38
ynao_sd_19960627_0720_wang 5 4 1 1 0 205.41 225.76 56.78 61.85 148.63 163.91
ynao_sd_19960628_0130_wang 4 3 1 1 0 175.76 208.21 55.25 61.49 120.51 146.72
ynao_sd_19960630_0410_wang 5 4 1 1 0 89.26 157.19 39.89 55.36 49.37 101.83
ynao_sd_19960701_0415_hong 2 1 1 1 0 44.68 148.13 11.77 29.53 32.91 118.6
ynao_sd_19960702_0205_hong 1 1 0 0 0 7.99 8.91 7.99 8.91 0 0
ynao_sd_19960703_0540_hong 1 1 0 0 0 7.38 7.51 7.38 7.51 0 0
ynao_sd_19960706_0530_hong 1 1 0 0 0 6.54 7.76 6.54 7.76 0 0
ynao_sd_19960707_0140_wang 6 6 0 0 0 53.5 67.55 53.5 67.55 0 0
ynao_sd_19960708_0810_wang 28 23 5 4 0 383.23 410.56 218.84 235.27 164.39 175.29
ynao_sd_19960709_0110_wang 19 9 10 6 0 819.52 935.37 175.3 200.19 644.22 735.18
ynao_sd_19960711_0620_wang 19 15 4 2 0 635.5 1159.4 187.32 332.51 448.18 826.89
ynao_sd_19960712_0115_li 10 7 3 2 0 263.08 650.54 85.98 197.34 177.1 453.2
ynao_sd_19960713_0910_wang 2 2 0 0 0 16.44 69.43 16.44 69.43 0 0
ynao_sd_19960714_0140_wang 0 0 0 0 0 0 0 0 0 0 0
ynao_sd_19960715_0540_li 0 0 0 0 0 0 0 0 0 0 0
ynao_sd_19960716_0420_hong 0 0 0 0 0 0 0 0 0 0 0
ynao_sd_19960717_0305_li 0 0 0 0 0 0 0 0 0 0 0
ynao_sd_19960718_0040_li 0 0 0 0 0 0 0 0 0 0 0
ynao_sd_19960719_0340_li 0 0 0 0 0 0 0 0 0 0 0
ynao_sd_19960720_0410_wang 0 0 0 0 0 0 0 0 0 0 0
ynao_sd_19960721_0300_wang 0 0 0 0 0 0 0 0 0 0 0
ynao_sd_19960722_0410_hong 0 0 0 0 0 0 0 0 0 0 0
ynao_sd_19960723_0320_hong 0 0 0 0 0 0 0 0 0 0 0
ynao_sd_19960724_0100_hong 1 1 0 0 0 11.0 14.38 11.0 14.38 0 0
ynao_sd_19960725_0220_hong 0 0 0 0 0 0 0 0 0 0 0
ynao_sd_19960726_0210_hong 0 0 0 0 0 0 0 0 0 0 0
ynao_sd_19960727_0230_hong 1 0 1 1 0 92.23 646.9 17.73 131.37 74.5 515.53
ynao_sd_19960728_0040_wang 7 4 3 2 0 270.36 952.94 86.89 328.07 183.47 624.87
ynao_sd_19960730_0720_li 15 8 7 3 0 681.37 955.4 118.87 167.84 562.5 787.56
ynao_sd_19960731_0535_li 28 22 6 3 0 857.87 1031.14 224.11 272.91 633.76 758.23
ynao_sd_19960801_0240_li 26 18 8 3 0 818.25 893.99 214.25 235.82 604.0 658.17
ynao_sd_19960802_0050_li 27 21 6 3 0 735.03 801.63 234.66 280.58 500.37 521.05
ynao_sd_19960803_0045_li 27 22 5 2 0 674.67 709.72 196.35 205.12 478.32 504.6
ynao_sd_19960804_0020_wang 21 19 2 1 0 592.6 665.82 208.67 230.58 383.93 435.24
ynao_sd_19960805_0200_hong 28 27 1 1 0 554.0 704.97 234.22 289.21 319.78 415.76
ynao_sd_19960806_0050_hong 8 7 1 1 0 367.18 584.73 127.72 195.74 239.46 388.99
ynao_sd_19960807_0410_hong 6 5 1 1 0 248.16 577.22 80.43 169.78 167.73 407.44
ynao_sd_19960808_0420_hong 1 0 1 1 0 83.11 395.88 17.37 81.88 65.74 314.0
ynao_sd_19960809_0510_wang 1 1 0 0 0 29.11 45.5 29.11 45.5 0 0
ynao_sd_19960810_0200_wang 14 14 0 0 0 88.1 89.06 88.1 89.06 0 0
ynao_sd_19960811_0110_wang 10 9 1 2 0 141.67 151.2 61.49 65.58 80.18 85.62
ynao_sd_19960812_0030_wang 14 14 0 0 0 106.74 125.63 106.74 125.63 0 0
ynao_sd_19960813_0100_wang 7 5 2 1 0 101.71 149.75 59.11 85.03 42.6 64.72
ynao_sd_19960814_0030_wang 4 4 0 0 0 32.17 66.11 32.17 66.11 0 0
ynao_sd_19960815_0030_wang 5 5 0 0 0 51.61 78.94 51.61 78.94 0 0
ynao_sd_19960816_0130_wang 2 0 2 1 0 52.5 56.22 12.79 13.7 39.71 42.52
ynao_sd_19960818_0200_wang 2 2 0 0 0 10.96 12.17 10.96 12.17 0 0
ynao_sd_19960820_0530_li 3 3 0 0 0 16.35 18.9 16.35 18.9 0 0
ynao_sd_19960821_0040_li 7 7 0 0 0 45.63 68.26 45.63 68.26 0 0
ynao_sd_19960822_0030_li 5 5 0 0 0 46.19 61.11 46.19 61.11 0 0
ynao_sd_19960823_0050_li 4 4 0 0 0 30.42 47.34 30.42 47.34 0 0
ynao_sd_19960824_0130_li 2 1 1 1 0 54.05 209.14 17.62 58.64 36.43 150.5
ynao_sd_19960825_0240_li 4 2 2 1 0 90.61 188.31 27.67 46.06 62.94 142.25
ynao_sd_19960826_0230_hong 9 7 2 1 0 226.4 370.8 84.28 143.87 142.12 226.93
ynao_sd_19960827_0050_hong 9 8 1 1 0 192.16 256.76 70.86 99.39 121.3 157.37
ynao_sd_19960828_0100_hong 13 12 1 1 0 205.48 237.87 89.41 106.01 116.07 131.86
ynao_sd_19960830_0205_hong 5 4 1 1 0 177.33 187.72 54.82 58.33 122.51 129.39
ynao_sd_19960831_0200_hong 7 6 1 1 0 164.75 180.84 51.0 55.58 113.75 125.26
ynao_sd_19960901_0230_hong 11 10 1 1 0 152.95 183.31 85.27 100.27 67.68 83.04
ynao_sd_19960902_0055_li 4 0 4 1 0 41.16 59.14 18.12 25.22 23.04 33.92
ynao_sd_19960903_0105_li 2 2 0 0 0 14.58 27.32 14.58 27.32 0 0
ynao_sd_19960904_0045_li 2 2 0 0 0 11.56 28.21 11.56 28.21 0 0
ynao_sd_19960905_0050_li 1 1 0 0 0 4.27 4.31 4.27 4.31 0 0
ynao_sd_19960906_0150_li 1 1 0 0 0 5.73 5.8 5.73 5.8 0 0
ynao_sd_19960907_0120_li 4 4 0 0 0 37.72 44.74 37.72 44.74 0 0
ynao_sd_19960908_0100_li 5 5 0 0 0 25.98 30.57 25.98 30.57 0 0
ynao_sd_19960909_0110_hong 2 2 0 0 0 12.04 14.5 12.04 14.5 0 0
ynao_sd_19960910_0520_hong 1 1 0 0 0 15.63 22.74 15.63 22.74 0 0
ynao_sd_19960911_0410_hong 0 0 0 0 0 0 0 0 0 0 0
ynao_sd_19960912_0120_hong 3 3 0 0 0 24.73 36.92 24.73 36.92 0 0
ynao_sd_19960913_0140_hong 4 4 0 0 0 105.73 165.42 105.73 165.42 0 0
ynao_sd_19960914_0105_hong 0 0 0 0 0 0 0 0 0 0 0
ynao_sd_19960915_0150_hong 2 2 0 0 0 26.29 39.1 26.29 39.1 0 0
ynao_sd_19960916_0250_li 2 2 0 0 0 19.07 29.47 19.07 29.47 0 0
ynao_sd_19960917_0410_li 0 0 0 0 0 0 0 0 0 0 0
ynao_sd_19960918_0350_li 0 0 0 0 0 0 0 0 0 0 0
ynao_sd_19960919_0240_li 0 0 0 0 0 0 0 0 0 0 0
ynao_sd_19960920_0455_li 1 1 0 0 0 7.13 10.12 7.13 10.12 0 0
ynao_sd_19960921_0240_li 0 0 0 0 0 0 0 0 0 0 0
ynao_sd_19960922_0520_li 0 0 0 0 0 0 0 0 0 0 0
ynao_sd_19960923_0450_hong 0 0 0 0 0 0 0 0 0 0 0
ynao_sd_19960924_0200_hong 0 0 0 0 0 0 0 0 0 0 0
ynao_sd_19960925_0205_hong 2 2 0 0 0 10.31 11.69 10.31 11.69 0 0
ynao_sd_19960926_0530_hong 1 1 0 0 0 3.59 3.69 3.59 3.69 0 0
ynao_sd_19960927_0100_hong 1 1 0 0 0 5.71 5.75 5.71 5.75 0 0
ynao_sd_19960928_0210_hong 0 0 0 0 0 0 0 0 0 0 0
ynao_sd_19960929_0420_hong 0 0 0 0 0 0 0 0 0 0 0
ynao_sd_19960930_0430_li 2 2 0 0 0 10.99 11.73 10.99 11.73 0 0
ynao_sd_19961001_0350_li 1 1 0 0 0 6.54 6.8 6.54 6.8 0 0
ynao_sd_19961002_0450_li 0 0 0 0 0 0 0 0 0 0 0
ynao_sd_19961003_0020_li 1 0 1 0 0 0 0 6.47 6.47 6.47 6.47
ynao_sd_19961004_0040_li 0 0 0 0 0 0 0 0 0 0 0
ynao_sd_19961005_0210_li 0 0 0 0 0 0 0 0 0 0 0
ynao_sd_19961006_0305_li 1 1 0 0 0 5.57 6.21 5.57 6.21 0 0
ynao_sd_19961007_0110_hong 1 1 0 0 0 31.63 52.16 31.63 52.16 0 0
ynao_sd_19961009_0810_hong 3 3 0 0 0 20.5 30.15 20.5 30.15 0 0
ynao_sd_19961011_0750_hong 0 0 0 0 0 0 0 0 0 0 0
ynao_sd_19961013_0320_hong 0 0 0 0 0 0 0 0 0 0 0
ynao_sd_19961014_0140_li 1 1 0 0 0 8.88 12.87 8.88 12.87 0 0
ynao_sd_19961018_0450_li 0 0 0 0 0 0 0 0 0 0 0
ynao_sd_19961019_0040_li 1 1 0 0 0 4.63 4.76 4.63 4.76 0 0
ynao_sd_19961020_0200_li 1 1 0 0 0 23.19 37.36 23.19 37.36 0 0
ynao_sd_19961021_0250_hong 0 0 0 0 0 0 0 0 0 0 0
ynao_sd_19961022_0200_li 0 0 0 0 0 0 0 0 0 0 0
ynao_sd_19961023_0130_hong 0 0 0 0 0 0 0 0 0 0 0
ynao_sd_19961024_0140_hong 1 1 0 0 0 25.05 36.22 25.05 36.22 0 0
ynao_sd_19961025_0105_hong 3 3 0 0 0 20.49 24.0 20.49 24.0 0 0
ynao_sd_19961026_0800_hong 3 3 0 0 0 22.13 37.58 22.13 37.58 0 0
ynao_sd_19961027_0410_li 5 5 0 0 0 35.43 41.85 35.43 41.85 0 0
ynao_sd_19961028_0230_li 2 2 0 0 0 14.04 27.06 14.04 27.06 0 0
ynao_sd_19961029_0220_li 1 1 0 0 0 6.67 6.81 6.67 6.81 0 0
ynao_sd_19961030_0115_li 0 0 0 0 0 0 0 0 0 0 0
ynao_sd_19961031_0105_hong 0 0 0 0 0 0 0 0 0 0 0
ynao_sd_19961101_0410_li 1 1 0 0 0 5.87 7.43 5.87 7.43 0 0
ynao_sd_19961103_0520_li 0 0 0 0 0 0 0 0 0 0 0
ynao_sd_19961105_0720_hong 0 0 0 0 0 0 0 0 0 0 0
ynao_sd_19961106_0510_hong 1 1 0 0 0 5.2 5.56 5.2 5.56 0 0
ynao_sd_19961107_0230_hong 2 2 0 0 0 11.04 13.62 11.04 13.62 0 0
ynao_sd_19961108_0105_hong 1 1 0 0 0 5.49 5.54 5.49 5.54 0 0
ynao_sd_19961109_0120_hong 2 2 0 0 0 20.03 47.7 20.03 47.7 0 0
ynao_sd_19961110_0230_hong 2 2 0 0 0 12.3 26.34 12.3 26.34 0 0
ynao_sd_19961111_0720_li 4 4 0 0 0 23.66 27.82 23.66 27.82 0 0
ynao_sd_19961112_0050_li 4 4 0 0 0 26.05 54.34 26.05 54.34 0 0
ynao_sd_19961113_0130_li 2 2 0 0 0 28.6 55.5 28.6 55.5 0 0
ynao_sd_19961114_0110_li 2 2 0 0 0 29.96 42.43 29.96 42.43 0 0
ynao_sd_19961115_0100_li 5 5 0 0 0 42.96 52.98 42.96 52.98 0 0
ynao_sd_19961116_0120_li 5 5 0 0 0 47.85 52.49 47.85 52.49 0 0
ynao_sd_19961119_0200_hong 3 3 0 0 0 32.91 34.95 32.91 34.95 0 0
ynao_sd_19961120_0145_hong 4 4 0 0 0 44.45 46.1 44.45 46.1 0 0
ynao_sd_19961121_0140_hong 4 4 0 0 0 30.16 67.04 30.16 67.04 0 0
ynao_sd_19961122_0240_hong 8 7 1 1 0 99.61 183.04 66.97 123.53 32.64 59.51
ynao_sd_19961123_0500_hong 34 25 9 4 0 692.87 880.05 270.59 362.5 422.28 517.55
ynao_sd_19961124_0230_hong 37 23 14 7 0 1406.52 1748.11 368.76 459.54 1037.76 1288.57
ynao_sd_19961125_0115_li 52 32 20 5 0 2053.72 2376.5 466.55 547.19 1587.17 1829.31
ynao_sd_19961126_0100_li 51 27 24 11 0 2142.61 2449.55 457.77 560.06 1684.84 1889.49
ynao_sd_19961127_0220_li 45 24 21 4 0 1865.45 1985.84 353.71 440.02 1511.74 1545.82
ynao_sd_19961128_0050_li 38 20 18 4 0 1630.67 1779.38 345.19 378.91 1285.48 1400.47
ynao_sd_19961129_0140_li 34 20 14 7 0 1250.15 1570.84 301.0 378.17 949.15 1192.67
ynao_sd_19961202_0040_hong 9 6 3 2 0 274.21 908.36 91.43 283.01 182.78 625.35
ynao_sd_19961203_0105_hong 0 0 0 0 0 0 0 0 0 0 0
ynao_sd_19961204_0110_hong 1 1 0 0 0 9.73 10.06 9.73 10.06 0 0
ynao_sd_19961205_0410_hong 0 0 0 0 0 0 0 0 0 0 0
ynao_sd_19961207_0750_hong 1 1 0 0 0 32.99 49.24 32.99 49.24 0 0
ynao_sd_19961208_0240_hong 2 2 0 0 0 36.12 53.98 36.12 53.98 0 0
ynao_sd_19961209_0340_li 6 6 0 0 0 69.36 82.18 69.36 82.18 0 0
ynao_sd_19961211_0340_li 8 7 1 1 0 85.96 103.16 57.87 68.94 28.09 34.22
ynao_sd_19961212_0250_li 8 7 1 1 0 122.83 173.4 63.32 90.29 59.51 83.11
ynao_sd_19961213_0320_li 8 5 3 3 0 215.04 370.47 69.78 117.51 145.26 252.96
ynao_sd_19961214_0140_li 10 7 3 3 0 368.49 713.57 139.57 289.32 228.92 424.25
ynao_sd_19961215_0220_hong 6 2 4 3 0 368.69 872.88 67.08 161.61 301.61 711.27
ynao_sd_19961216_0120_hong 10 8 2 2 0 288.76 531.37 93.44 143.88 195.32 387.49
ynao_sd_19961217_0200_hong 9 7 2 1 0 226.51 232.0 86.4 90.61 140.11 141.39
ynao_sd_19961218_0150_hong 17 16 1 1 0 321.88 344.67 173.98 194.5 147.9 150.17
ynao_sd_19961219_0210_hong 14 13 1 1 0 304.67 330.6 158.74 172.74 145.93 157.86
ynao_sd_19961220_0230_hong 9 8 1 1 0 174.78 214.57 64.09 78.88 110.69 135.69
ynao_sd_19961221_0420_li 5 4 1 1 0 123.18 177.82 41.23 55.58 81.95 122.24
ynao_sd_19961222_0220_hong 6 5 1 1 0 136.1 248.97 58.38 95.48 77.72 153.49
ynao_sd_19961223_0500_li 2 2 0 0 0 48.4 150.94 48.4 150.94 0 0
ynao_sd_19961224_0120_li 3 3 0 0 0 16.93 17.73 16.93 17.73 0 0
ynao_sd_19961225_0240_li 0 0 0 0 0 0 0 0 0 0 0
ynao_sd_19961226_0250_li 0 0 0 0 0 0 0 0 0 0 0
ynao_sd_19961227_0530_li 0 0 0 0 0 0 0 0 0 0 0
ynao_sd_19961228_0150_li 0 0 0 0 0 0 0 0 0 0 0
ynao_sd_19961229_0415_li 0 0 0 0 0 0 0 0 0 0 0
ynao_sd_19961230_0140_hong 0 0 0 0 0 0 0 0 0 0 0
ynao_sd_19961231_0110_hong 1 1 0 0 0 5.14 7.62 5.14 7.62 0 0
