ynao_sd_20010101_0150_li 50 36 14 7 0 1940.95 2133.45 547.72 689.82 1393.23 1443.63
ynao_sd_20010102_0140_li 61 53 8 7 0 2753.7 5439.64 660.78 975.01 2092.92 4464.63
ynao_sd_20010103_0200_li 54 48 6 10 0 5257.72 9806.37 577.35 833.73 4680.37 8972.64
ynao_sd_20010104_0150_li 37 27 10 6 0 1536.44 1937.25 353.5 429.98 1182.94 1507.27
ynao_sd_20010105_0310_li 44 29 15 9 0 3202.25 8600.15 463.88 740.11 2738.37 7860.04
ynao_sd_20010106_0140_li 59 46 13 7 0 2729.39 4845.67 523.67 821.18 2205.72 4024.49
ynao_sd_20010107_0150_li 69 55 14 9 0 2116.69 4972.97 518.0 906.74 1598.69 4066.23
ynao_sd_20010108_0130_ye 91 81 10 8 0 1428.9 2179.71 758.73 1242.02 670.17 937.69
ynao_sd_20010109_0150_ye 161 150 11 8 0 1690.94 2366.88 1079.03 1534.34 611.91 832.54
ynao_sd_20010110_0155_ye 143 134 9 6 0 1455.81 1706.7 938.17 1133.59 517.64 573.11
ynao_sd_20010111_0150_ye 86 75 11 8 0 1379.02 1597.98 686.63 814.91 692.39 783.07
ynao_sd_20010112_0150_ye 109 99 10 8 0 1236.16 1414.12 858.46 979.39 377.7 434.73
ynao_sd_20010113_0350_li 100 79 21 14 0 1773.14 1988.33 723.12 818.44 1050.02 1169.89
ynao_sd_20010114_0200_li 103 87 16 11 0 1594.5 1794.24 655.4 787.47 939.1 1006.77
ynao_sd_20010115_0620_li 69 53 16 7 0 2386.36 3592.83 588.08 702.42 1798.28 2890.41
ynao_sd_20010116_0240_li 59 49 10 4 0 2220.07 4608.39 389.46 528.43 1830.61 4079.96
ynao_sd_20010117_0130_li 36 33 3 2 0 480.46 779.05 313.53 483.29 166.93 295.76
ynao_sd_20010118_0140_li 33 32 1 1 0 322.2 709.19 280.65 583.51 41.55 125.68
ynao_sd_20010119_0130_li 34 32 2 2 0 377.19 762.5 243.01 451.45 134.18 311.05
ynao_sd_20010120_0140_li 42 39 3 2 0 521.39 829.88 280.1 444.44 241.29 385.44
ynao_sd_20010121_0150_li 42 38 4 4 0 656.01 945.95 308.31 429.8 347.7 516.15
ynao_sd_20010122_0210_li 58 51 7 4 0 902.42 1264.92 572.02 844.94 330.4 419.98
ynao_sd_20010123_0210_li 80 74 6 4 0 1024.12 1419.83 593.82 816.61 430.3 603.22
ynao_sd_20010124_0240_li 67 59 8 8 0 1127.61 1535.33 563.98 749.04 563.63 786.29
ynao_sd_20010125_0200_li 79 67 12 7 0 1497.85 1901.69 650.49 888.2 847.36 1013.49
ynao_sd_20010126_0210_li 65 55 10 4 0 1168.48 1321.5 581.88 701.17 586.6 620.33
ynao_sd_20010129_0600_ye 119 111 8 5 0 2168.17 4041.57 834.92 1103.74 1333.25 2937.83
ynao_sd_20010130_0335_ye 108 106 2 1 0 924.28 1390.68 843.43 1319.54 80.85 71.14
ynao_sd_20010131_0200_ye 84 77 7 5 0 814.12 1254.22 581.1 823.62 233.02 430.6
ynao_sd_20010201_0300_ye 71 69 2 2 0 610.19 955.91 514.6 784.26 95.59 171.65
ynao_sd_20010202_0245_ye 59 57 2 3 0 823.13 1285.78 522.61 682.97 300.52 602.81
ynao_sd_20010203_0130_ye 92 89 3 2 0 921.83 1674.87 682.14 1292.96 239.69 381.91
ynao_sd_20010204_0130_ye 105 97 8 4 0 1090.94 1691.48 727.67 1144.89 363.27 546.59
ynao_sd_20010205_0130_li 51 43 8 6 0 803.19 1309.66 335.7 496.56 467.49 813.1
ynao_sd_20010206_0140_li 63 54 9 6 0 2081.67 5046.86 504.8 747.66 1576.87 4299.2
ynao_sd_20010207_0230_li 66 58 8 6 0 934.27 1162.18 470.16 580.9 464.11 581.28
ynao_sd_20010211_0210_li 55 51 4 4 0 1078.0 1282.91 450.46 589.58 627.54 693.33
ynao_sd_20010212_0150_li 40 35 5 3 0 963.44 1243.25 416.22 599.86 547.22 643.39
ynao_sd_20010213_0120_li 15 9 6 5 0 676.28 947.61 178.4 235.74 497.88 711.87
ynao_sd_20010215_0305_li 18 14 4 3 0 1639.18 3659.2 264.46 539.94 1374.72 3119.26
ynao_sd_20010216_0320_li 16 12 4 4 0 1774.8 2455.52 199.13 487.16 1575.67 1968.36
ynao_sd_20010217_0120_li 15 14 1 1 0 251.18 376.74 145.58 260.92 105.6 115.82
ynao_sd_20010218_0150_li 31 25 6 3 0 414.39 497.31 228.57 299.3 185.82 198.01
ynao_sd_20010219_0100_ye 49 45 4 3 0 548.62 627.42 406.31 474.7 142.31 152.72
ynao_sd_20010220_0120_ye 67 62 5 4 0 803.98 895.48 521.77 586.28 282.21 309.2
ynao_sd_20010221_0110_ye 78 72 6 5 0 831.35 1151.96 605.84 887.01 225.51 264.95
ynao_sd_20010222_0120_ye 83 76 7 5 0 906.62 1303.94 657.8 879.09 248.82 424.85
ynao_sd_20010223_0125_ye 82 73 9 6 0 1080.96 1538.64 611.51 855.75 469.45 682.89
ynao_sd_20010224_0100_ye 51 40 11 6 0 918.82 1315.99 371.37 502.8 547.45 813.19
ynao_sd_20010225_0335_ye 30 26 4 4 0 622.79 1041.02 279.91 472.76 342.88 568.26
ynao_sd_20010226_0210_ye 53 49 4 2 0 536.7 792.67 401.98 650.26 134.72 142.41
ynao_sd_20010227_0210_ye 72 70 2 1 0 603.08 726.21 490.59 607.17 112.49 119.04
ynao_sd_20010228_0055_ye 51 50 1 1 0 414.63 609.67 368.44 557.65 46.19 52.02
ynao_sd_20010301_0110_ye 38 37 1 1 0 323.29 412.13 291.34 371.78 31.95 40.35
ynao_sd_20010302_0115_ye 32 32 0 0 0 267.11 386.39 267.11 386.39 0 0
ynao_sd_20010303_0115_ye 42 40 2 3 0 1876.59 4090.58 408.73 610.37 1467.86 3480.21
ynao_sd_20010305_0240_li 62 57 5 2 0 672.21 949.63 535.21 776.95 137.0 172.68
ynao_sd_20010306_0130_li 79 69 10 4 0 1339.81 1792.67 552.39 751.79 787.42 1040.88
ynao_sd_20010307_0130_li 61 47 14 8 0 1465.99 2299.25 424.45 598.34 1041.54 1700.91
ynao_sd_20010308_0115_li 53 41 12 4 0 1268.07 2047.7 456.43 655.64 811.64 1392.06
ynao_sd_20010309_0540_li 38 34 4 4 0 937.26 1368.83 502.0 740.33 435.26 628.5
ynao_sd_20010310_0310_li 66 61 5 4 0 928.84 1591.22 545.2 921.52 383.64 669.7
ynao_sd_20010311_0420_li 49 41 8 6 0 1475.56 2131.35 377.94 613.91 1097.62 1517.44
ynao_sd_20010313_0405_ye 88 84 4 3 0 718.68 1040.0 620.3 924.51 98.38 115.49
ynao_sd_20010314_0135_ye 100 98 2 2 0 782.27 935.52 656.66 802.89 125.61 132.63
ynao_sd_20010315_0120_ye 84 80 4 3 0 675.8 718.28 564.18 606.0 111.62 112.28
ynao_sd_20010316_0110_ye 128 126 2 2 0 954.1 1066.14 816.58 922.38 137.52 143.76
ynao_sd_20010317_0110_ye 74 72 2 2 1 677.4 768.28 486.69 549.81 190.71 218.47
ynao_sd_20010318_0145_ye 108 106 2 1 0 943.51 1143.21 801.29 952.71 142.22 190.5
ynao_sd_20010319_0115_li 58 55 3 2 0 540.34 776.15 420.01 586.76 120.33 189.39
ynao_sd_20010320_0120_li 36 32 4 3 0 487.31 858.38 268.29 447.45 219.02 410.93
ynao_sd_20010321_0050_li 46 39 7 6 0 2664.77 8008.67 365.74 823.79 2299.03 7184.88
ynao_sd_20010322_0050_li 40 36 4 3 0 1664.35 3858.36 358.83 758.22 1305.52 3100.14
ynao_sd_20010323_0055_li 61 50 11 9 0 2561.21 5078.22 539.17 1122.56 2022.04 3955.66
ynao_sd_20010324_0130_li 67 55 12 10 0 2051.6 3813.81 527.57 901.87 1524.03 2911.94
ynao_sd_20010325_0200_li 105 89 16 7 0 2880.4 4568.68 1090.42 1641.21 1789.98 2927.47
ynao_sd_20010326_0100_li 142 115 27 12 0 4989.02 8632.03 1218.35 1629.6 3770.67 7002.43
ynao_sd_20010327_0100_ye 264 224 40 15 0 5984.63 7557.73 2284.47 2913.37 3700.16 4644.36
ynao_sd_20010328_0045_ye 256 199 57 18 0 7853.2 9582.34 2428.9 2956.52 5424.3 6625.82
ynao_sd_20010329_0105_ye 213 156 57 18 0 8207.39 9747.13 2219.79 2866.96 5987.6 6880.17
ynao_sd_20010330_0100_ye 206 149 57 22 0 7469.79 9382.45 2102.73 2565.92 5367.06 6816.53
ynao_sd_20010331_0045_ye 224 173 51 19 0 6637.62 8249.69 2150.46 2748.23 4487.16 5501.46
ynao_sd_20010401_0130_ye 164 127 37 16 0 6242.77 9417.68 1783.57 2468.92 4459.2 6948.76
ynao_sd_20010402_0130_li 116 83 33 12 0 4004.36 6519.54 1079.2 1565.56 2925.16 4953.98
ynao_sd_20010403_0050_li 81 57 24 13 0 4019.4 7722.59 734.64 1337.15 3284.76 6385.44
ynao_sd_20010404_0130_li 58 43 15 9 0 1964.73 3871.3 598.12 1098.94 1366.61 2772.36
ynao_sd_20010405_0050_li 45 31 14 9 0 3002.75 4881.85 465.0 805.1 2537.75 4076.75
ynao_sd_20010406_0100_li 62 45 17 8 0 3321.82 4900.01 588.5 930.93 2733.32 3969.08
ynao_sd_20010407_0045_li 70 48 22 14 0 5310.5 7024.3 617.61 791.46 4692.89 6232.84
ynao_sd_20010408_0800_li 24 15 9 3 0 1669.64 1791.54 361.1 388.17 1308.54 1403.37
ynao_sd_20010409_0030_ye 111 89 22 11 0 4273.28 6270.52 1137.86 1340.66 3135.42 4929.86
ynao_sd_20010410_0100_ye 113 97 16 8 0 2547.77 2794.12 1039.38 1160.8 1508.39 1633.32
ynao_sd_20010411_0040_ye 84 70 14 9 0 2449.88 2808.97 918.62 1079.28 1531.26 1729.69
ynao_sd_20010412_0235_ye 79 66 13 7 0 2101.37 2617.76 951.08 1166.06 1150.29 1451.7
ynao_sd_20010413_0035_ye 91 78 13 8 0 1804.62 2607.54 817.86 1145.85 986.76 1461.69
ynao_sd_20010414_0030_ye 71 66 5 3 0 1124.56 1987.26 630.39 1043.99 494.17 943.27
ynao_sd_20010415_0135_ye 51 44 7 3 0 845.31 1944.73 449.31 832.69 396.0 1112.04
ynao_sd_20010416_0055_li 22 21 1 1 0 325.74 778.6 228.94 632.65 96.8 145.95
ynao_sd_20010417_0050_li 12 11 1 1 0 222.92 311.94 92.75 151.52 130.17 160.42
ynao_sd_20010418_0045_li 13 12 1 1 0 268.0 381.11 101.59 198.98 166.41 182.13
ynao_sd_20010419_0050_li 21 17 4 3 0 543.4 1110.03 171.75 349.0 371.65 761.03
ynao_sd_20010420_0045_li 48 43 5 2 0 1081.15 1927.63 491.42 899.71 589.73 1027.92
ynao_sd_20010421_0050_li 62 50 12 9 0 1828.64 2725.24 599.3 946.42 1229.34 1778.82
ynao_sd_20010422_0045_li 84 57 27 16 0 2840.26 3733.09 695.51 969.79 2144.75 2763.3
ynao_sd_20010423_0045_ye 126 99 27 13 0 3501.77 4336.66 1175.49 1442.39 2326.28 2894.27
ynao_sd_20010424_0120_li 87 65 22 16 0 3708.27 4390.01 725.66 859.18 2982.61 3530.83
ynao_sd_20010425_0040_ye 137 116 21 11 0 3316.16 3829.94 1428.48 1675.86 1887.68 2154.08
ynao_sd_20010426_0110_ye 115 100 15 9 0 2768.03 3273.99 1195.48 1439.95 1572.55 1834.04
ynao_sd_20010427_0820_li 32 21 11 7 0 1513.62 1858.09 309.64 384.17 1203.98 1473.92
ynao_sd_20010428_0050_ye 80 66 14 8 0 2430.86 3266.9 882.75 1287.71 1548.11 1979.19
ynao_sd_20010429_0050_ye 84 67 17 8 0 2458.11 3637.99 923.92 1523.21 1534.19 2114.78
ynao_sd_20010430_0145_ye 94 77 17 11 0 2091.54 3288.01 842.53 1262.56 1249.01 2025.45
ynao_sd_20010501_0520_li 71 58 13 10 0 1484.88 2271.03 631.17 1006.46 853.71 1264.57
ynao_sd_20010502_0150_ye 91 79 12 11 0 1683.5 2594.93 806.96 1317.74 876.54 1277.19
ynao_sd_20010503_0140_ye 83 62 21 12 0 1713.71 2370.82 726.27 903.82 987.44 1467.0
ynao_sd_20010504_0240_ye 104 86 18 12 0 1938.84 2530.67 834.28 1054.5 1104.56 1476.17
ynao_sd_20010505_0155_ye 119 106 13 9 0 1879.24 2810.27 884.23 1223.33 995.01 1586.94
ynao_sd_20010506_0225_ye 71 59 12 7 0 1356.08 1941.97 606.1 805.59 749.98 1136.38
ynao_sd_20010507_0155_ye 35 28 7 6 0 1121.95 1739.52 466.51 664.9 655.44 1074.62
ynao_sd_20010508_0100_li 21 15 6 4 0 732.67 898.27 188.22 260.15 544.45 638.12
ynao_sd_20010509_0050_ye 20 15 5 3 0 682.39 813.55 180.3 244.66 502.09 568.89
ynao_sd_20010517_0630_ye 82 78 4 8 0 1028.11 1949.15 678.57 1203.42 349.54 745.73
ynao_sd_20010519_0220_ye 57 49 8 5 0 764.15 1459.85 438.91 779.19 325.24 680.66
ynao_sd_20010520_0150_li 39 26 13 8 0 5305.29 12629.82 455.32 853.67 4849.97 11776.15
ynao_sd_20010521_0640_li 48 34 14 7 0 2636.88 4148.59 396.2 596.41 2240.68 3552.18
ynao_sd_20010522_0630_li 73 59 14 10 0 4057.26 5148.05 569.47 703.77 3487.79 4444.28
ynao_sd_20010523_0140_li 85 69 16 12 0 4163.85 7765.04 678.35 886.01 3485.5 6879.03
ynao_sd_20010524_0100_ye 90 78 12 10 0 4232.4 4494.1 728.31 818.0 3504.09 3676.1
ynao_sd_20010525_0130_ye 57 49 8 6 0 1702.99 1838.58 697.11 757.62 1005.88 1080.96
ynao_sd_20010529_0320_ye 40 37 3 3 0 616.74 1165.23 334.89 524.57 281.85 640.66
ynao_sd_20010603_0525_li 39 29 10 8 0 1825.71 3563.54 357.1 535.42 1468.61 3028.12
ynao_sd_20010604_0120_li 73 58 15 7 0 2535.63 3337.95 489.02 636.43 2046.61 2701.52
ynao_sd_20010605_0530_li 70 51 19 10 0 1851.8 2479.61 544.36 724.76 1307.44 1754.85
ynao_sd_20010606_0710_li 71 51 20 10 0 3575.44 7505.57 564.46 810.01 3010.98 6695.56
ynao_sd_20010607_0500_li 60 49 11 5 0 2453.61 4080.32 624.05 1027.91 1829.56 3052.41
ynao_sd_20010608_0120_ye 81 68 13 10 0 2028.58 2838.11 951.3 1384.52 1077.28 1453.59
ynao_sd_20010609_0040_ye 124 95 29 14 0 5518.63 7178.07 1101.77 1387.69 4416.86 5790.38
ynao_sd_20010610_0420_ye 108 80 28 16 0 3381.64 4314.93 1160.85 1418.76 2220.79 2896.17
ynao_sd_20010611_0720_ye 110 87 23 17 0 3759.01 5656.82 1095.91 1563.47 2663.1 4093.35
ynao_sd_20010613_0040_ye 87 77 10 10 0 1848.81 3049.99 985.52 1769.92 863.29 1280.07
ynao_sd_20010614_0100_li 91 70 21 16 0 3879.42 8721.54 662.68 1188.98 3216.74 7532.56
ynao_sd_20010615_0100_ye 140 114 26 14 0 3848.41 5703.34 1437.21 2445.8 2411.2 3257.54
ynao_sd_20010616_0050_ye 121 93 28 18 0 5073.92 8192.81 1176.96 1976.97 3896.96 6215.84
ynao_sd_20010617_0330_ye 131 103 28 18 0 4247.13 7659.29 1102.7 1639.24 3144.43 6020.05
ynao_sd_20010618_0130_li 108 80 28 14 0 6896.4 14700.56 956.11 1362.02 5940.29 13338.54
ynao_sd_20010619_0400_li 116 102 14 9 0 2849.05 3058.45 913.78 1020.43 1935.27 2038.02
ynao_sd_20010622_0300_li 98 79 19 11 0 4550.6 8519.64 883.94 1210.29 3666.66 7309.35
ynao_sd_20010623_0340_li 117 95 22 10 0 2480.94 3600.12 1009.52 1609.52 1471.42 1990.6
ynao_sd_20010624_0200_ye 112 97 15 10 0 2330.89 3603.6 961.64 1491.88 1369.25 2111.72
ynao_sd_20010625_0320_ye 110 92 18 13 0 2167.28 3552.69 884.34 1568.28 1282.94 1984.41
ynao_sd_20010626_0600_ye 78 70 8 6 0 1207.5 1636.63 548.0 671.73 659.5 964.9
ynao_sd_20010627_0305_ye 75 70 5 4 0 962.95 1389.88 609.43 983.87 353.52 406.01
ynao_sd_20010628_0240_ye 57 48 9 4 0 948.57 1135.51 407.82 520.51 540.75 615.0
ynao_sd_20010629_0440_ye 22 18 4 3 0 684.66 846.09 261.89 403.4 422.77 442.69
ynao_sd_20010630_0545_ye 18 13 5 5 0 2000.91 3058.01 265.31 518.13 1735.6 2539.88
ynao_sd_20010701_0140_ye 21 16 5 4 0 558.74 880.4 258.31 459.96 300.43 420.44
ynao_sd_20010705_0700_ye 17 13 4 3 0 410.76 550.78 155.88 215.82 254.88 334.96
ynao_sd_20010706_0035_ye 34 30 4 2 0 435.59 538.32 268.39 327.81 167.2 210.51
ynao_sd_20010709_0030_ye 25 24 1 2 0 302.62 350.28 219.44 264.17 83.18 86.11
ynao_sd_20010710_0040_ye 47 42 5 4 0 625.48 706.12 343.1 419.1 282.38 287.02
ynao_sd_20010711_0040_ye 38 32 6 4 0 653.31 1019.12 307.07 456.56 346.24 562.56
ynao_sd_20010712_0050_ye 47 43 4 6 0 859.48 1525.81 415.2 588.46 444.28 937.35
ynao_sd_20010713_0030_ye 42 36 6 6 0 979.37 1811.02 528.51 900.09 450.86 910.93
ynao_sd_20010714_0030_ye 85 81 4 5 0 2789.06 4695.0 685.45 882.46 2103.61 3812.54
ynao_sd_20010715_0255_ye 62 58 4 5 0 1271.72 1807.7 609.18 970.73 662.54 836.97
ynao_sd_20010717_0230_ye 80 72 8 6 0 1861.7 2489.92 835.48 1155.94 1026.22 1333.98
ynao_sd_20010718_0050_ye 89 79 10 7 0 2153.01 2885.36 913.44 1259.03 1239.57 1626.33
ynao_sd_20010719_0215_ye 62 52 10 8 0 1804.49 2378.38 670.1 903.64 1134.39 1474.74
ynao_sd_20010720_0035_ye 50 42 8 8 0 1323.64 1794.87 485.4 617.8 838.24 1177.07
ynao_sd_20010721_0025_ye 60 50 10 7 0 2460.02 2905.5 560.63 664.94 1899.39 2240.56
ynao_sd_20010722_0135_ye 57 46 11 9 0 1528.38 1877.46 606.7 725.42 921.68 1152.04
ynao_sd_20010725_0235_ye 50 43 7 5 0 941.26 1285.87 425.59 563.56 515.67 722.31
ynao_sd_20010726_0040_ye 48 40 8 7 0 1010.06 1763.36 451.78 826.21 558.28 937.15
ynao_sd_20010727_0300_ye 34 29 5 3 0 476.87 875.48 299.64 531.66 177.23 343.82
ynao_sd_20010729_0325_ye 36 35 1 1 0 416.34 665.04 309.57 511.48 106.77 153.56
ynao_sd_20010731_0255_ye 20 17 3 3 0 364.94 788.11 193.81 397.67 171.13 390.44
ynao_sd_20010802_0030_ye 67 63 4 2 0 751.72 974.78 580.78 759.9 170.94 214.88
ynao_sd_20010803_0055_ye 56 55 1 1 0 506.73 611.53 440.52 538.71 66.21 72.82
ynao_sd_20010805_0220_ye 137 122 15 7 0 1977.43 2351.01 1028.56 1246.22 948.87 1104.79
ynao_sd_20010806_0110_ye 87 58 29 12 0 2710.07 3742.53 844.93 1115.41 1865.14 2627.12
ynao_sd_20010807_0040_ye 87 56 31 15 0 2883.97 4274.99 803.94 1104.15 2080.03 3170.84
ynao_sd_20010808_0100_ye 66 44 22 10 0 2931.03 4761.65 887.01 1797.91 2044.02 2963.74
ynao_sd_20010809_0105_ye 67 46 21 14 0 2513.91 3637.58 755.52 1168.73 1758.39 2468.85
ynao_sd_20010810_0035_ye 63 49 14 10 0 1798.16 2807.16 647.99 1032.31 1150.17 1774.85
ynao_sd_20010811_0120_ye 78 67 11 11 0 1588.94 2286.34 641.41 905.25 947.53 1381.09
ynao_sd_20010812_0515_ye 71 58 13 10 0 1776.29 2509.22 625.67 919.35 1150.62 1589.87
ynao_sd_20010813_0240_li 63 45 18 9 0 1606.8 2002.23 470.98 656.07 1135.82 1346.16
ynao_sd_20010815_0200_li 58 51 7 6 0 2678.19 3347.56 518.65 753.83 2159.54 2593.73
ynao_sd_20010816_0125_li 40 34 6 6 0 1065.22 1570.76 404.11 615.83 661.11 954.93
ynao_sd_20010818_0800_li 45 39 6 3 0 911.11 1271.91 398.58 622.15 512.53 649.76
ynao_sd_20010820_0225_ye 46 39 7 5 0 1102.14 1494.79 514.3 780.15 587.84 714.64
ynao_sd_20010821_0530_ye 76 64 12 8 0 1660.72 2128.94 629.75 724.42 1030.97 1404.52
ynao_sd_20010822_0040_ye 77 65 12 8 0 1566.08 2092.48 735.86 1032.73 830.22 1059.75
ynao_sd_20010823_0520_ye 70 57 13 7 0 1272.75 2221.61 552.47 996.58 720.28 1225.03
ynao_sd_20010824_0040_ye 102 87 15 6 0 2421.11 4146.46 1145.24 2035.77 1275.87 2110.69
ynao_sd_20010830_0250_li 59 48 11 10 0 1426.91 2088.6 484.02 767.77 942.89 1320.83
ynao_sd_20010901_0150_li 97 80 17 9 0 3960.53 7430.02 848.14 1228.45 3112.39 6201.57
ynao_sd_20010904_0135_ye 80 61 19 9 0 2438.28 3104.1 808.17 1173.6 1630.11 1930.5
ynao_sd_20010905_0135_ye 91 69 22 12 0 2663.66 3924.07 996.44 1825.49 1667.22 2098.58
ynao_sd_20010906_0550_ye 97 80 17 11 0 2335.22 3560.27 1061.11 1682.49 1274.11 1877.78
ynao_sd_20010907_0420_ye 146 113 33 18 0 2870.26 4888.78 1203.2 1942.9 1667.06 2945.88
ynao_sd_20010911_0800_li 158 121 37 18 0 4151.22 5340.91 1201.47 1475.56 2949.75 3865.35
ynao_sd_20010912_0620_li 151 120 31 20 0 4354.14 6115.85 1170.11 1848.03 3184.03 4267.82
ynao_sd_20010913_0250_li 145 124 21 14 0 3519.99 4760.57 1321.91 1949.72 2198.08 2810.85
ynao_sd_20010914_0600_li 141 108 33 14 0 3275.95 4575.88 1085.75 1535.79 2190.2 3040.09
ynao_sd_20010915_0240_li 113 93 20 12 0 3921.99 7142.1 1013.95 1462.42 2908.04 5679.68
ynao_sd_20010917_0330_ye 115 105 10 7 0 1847.01 3500.13 888.59 1438.55 958.42 2061.58
ynao_sd_20010918_0145_ye 124 117 7 6 0 2460.52 3991.41 996.17 1742.53 1464.35 2248.88
ynao_sd_20010919_0105_ye 83 75 8 9 0 1950.91 3308.33 928.55 1677.38 1022.36 1630.95
ynao_sd_20010920_0245_ye 139 123 16 12 0 2453.91 3659.5 1247.38 1986.85 1206.53 1672.65
ynao_sd_20010921_0400_ye 151 126 25 16 0 3197.13 4869.52 1365.76 1883.44 1831.37 2986.08
ynao_sd_20010922_0050_ye 143 116 27 19 0 3412.08 4730.12 1325.72 1713.46 2086.36 3016.66
ynao_sd_20010923_0525_li 164 127 37 16 0 4735.87 6311.9 1706.49 2446.45 3029.38 3865.45
ynao_sd_20010924_0700_li 176 136 40 15 0 5644.52 7841.75 1413.86 1824.99 4230.66 6016.76
ynao_sd_20010925_0640_li 169 140 29 18 0 6065.19 7846.89 1450.84 2025.16 4614.35 5821.73
ynao_sd_20010926_0240_li 147 120 27 19 0 4906.15 6249.48 1337.91 1686.38 3568.24 4563.1
ynao_sd_20010927_0210_li 136 107 29 18 0 4410.39 5536.98 1155.17 1469.22 3255.22 4067.76
ynao_sd_20010928_0205_li 160 134 26 17 0 6573.56 10778.6 1470.09 1881.77 5103.47 8896.83
ynao_sd_20010929_0230_li 149 117 32 17 0 5586.1 7329.25 1255.05 1873.84 4331.05 5455.41
ynao_sd_20010930_0240_li 86 62 24 17 0 3869.76 6526.48 938.39 1405.68 2931.37 5120.8
ynao_sd_20011001_0235_li 129 104 25 14 0 3097.52 5547.97 1299.53 2310.81 1797.99 3237.16
ynao_sd_20011006_0245_li 23 13 10 6 0 1444.22 4421.09 213.99 550.1 1230.23 3870.99
ynao_sd_20011008_0220_li 38 26 12 8 0 2895.04 6964.79 325.64 531.93 2569.4 6432.86
ynao_sd_20011009_0640_li 34 26 8 7 0 866.56 1389.92 248.61 399.05 617.95 990.87
ynao_sd_20011010_0240_li 46 37 9 6 0 927.68 1432.62 413.8 639.71 513.88 792.91
ynao_sd_20011011_0330_li 66 55 11 8 0 1117.69 2152.19 496.63 677.34 621.06 1474.85
ynao_sd_20011012_0520_li 72 57 15 8 0 2264.41 3542.95 589.0 859.37 1675.41 2683.58
ynao_sd_20011013_0205_li 73 57 16 10 0 3192.06 4854.15 630.45 884.58 2561.61 3969.57
ynao_sd_20011014_0140_li 73 59 14 8 0 2999.48 3802.8 624.46 798.81 2375.02 3003.99
ynao_sd_20011015_0220_ye 106 88 18 6 0 2608.7 3135.15 1005.14 1338.47 1603.56 1796.68
ynao_sd_20011016_0115_ye 105 87 18 8 0 2560.81 3187.22 947.28 1280.62 1613.53 1906.6
ynao_sd_20011017_0510_ye 94 78 16 7 0 2607.75 3276.54 1050.6 1497.62 1557.15 1778.92
ynao_sd_20011018_0115_ye 104 87 17 9 0 3247.98 4182.53 1208.31 1725.34 2039.67 2457.19
ynao_sd_20011019_0230_ye 132 109 23 12 0 3442.28 4558.36 1233.05 1661.57 2209.23 2896.79
ynao_sd_20011020_0740_ye 106 87 19 10 0 3069.78 4135.35 1095.46 1497.51 1974.32 2637.84
ynao_sd_20011021_0215_ye 192 159 33 11 0 3732.87 4993.34 1591.8 2185.72 2141.07 2807.62
ynao_sd_20011022_0125_ye 143 116 27 11 0 3157.87 4053.17 1203.66 1500.87 1954.21 2552.3
ynao_sd_20011102_0110_ye 105 81 24 11 0 3562.34 4653.88 1091.46 1844.86 2470.88 2809.02
ynao_sd_20011103_0200_ye 154 129 25 16 0 2935.13 3872.72 1210.79 1643.65 1724.34 2229.07
ynao_sd_20011104_0140_ye 173 150 23 11 0 3530.31 4966.72 1436.38 2041.33 2093.93 2925.39
ynao_sd_20011105_0330_li 115 93 22 16 0 2599.79 3955.41 1006.7 1601.26 1593.09 2354.15
ynao_sd_20011106_0640_li 110 74 36 18 0 2596.7 4414.06 820.57 1349.29 1776.13 3064.77
ynao_sd_20011107_0230_li 118 95 23 14 1 2785.58 4550.69 957.34 1491.56 1828.24 3059.13
ynao_sd_20011108_0210_li 81 62 19 7 0 2614.38 3754.38 866.08 1219.62 1748.3 2534.76
ynao_sd_20011111_0540_ye 103 71 32 14 0 7028.47 12090.33 1021.04 1558.18 6007.43 10532.15
ynao_sd_20011112_0620_ye 129 92 37 11 0 4021.49 5581.68 1116.9 1526.46 2904.59 4055.22
ynao_sd_20011114_0325_ye 85 56 29 12 0 3304.91 4585.96 933.34 1458.37 2371.57 3127.59
ynao_sd_20011115_0110_ye 92 67 25 12 0 2842.56 4275.2 908.91 1249.95 1933.65 3025.25
ynao_sd_20011116_0105_ye 81 63 18 9 0 2791.68 4383.4 946.55 1374.27 1845.13 3009.13
ynao_sd_20011117_0400_ye 72 63 9 5 0 2438.9 3210.78 884.67 1290.45 1554.23 1920.33
ynao_sd_20011118_0215_ye 55 43 12 6 0 3899.2 6655.65 831.51 1211.98 3067.69 5443.67
ynao_sd_20011119_0620_li 65 52 13 5 0 3522.02 5610.55 688.07 819.68 2833.95 4790.87
ynao_sd_20011120_0140_li 52 41 11 5 0 3387.51 6246.11 562.69 675.36 2824.82 5570.75
ynao_sd_20011121_0200_li 42 31 11 6 0 2282.63 2861.04 463.38 631.49 1819.25 2229.55
ynao_sd_20011122_0220_li 62 51 11 6 0 4356.47 9016.93 520.36 774.94 3836.11 8241.99
ynao_sd_20011124_0630_li 48 40 8 5 0 1093.25 1795.32 480.12 711.79 613.13 1083.53
ynao_sd_20011125_0300_li 57 47 10 5 0 1886.13 5684.36 529.72 966.5 1356.41 4717.86
ynao_sd_20011126_0350_ye 87 79 8 5 0 1272.79 2338.35 634.3 967.16 638.49 1371.19
ynao_sd_20011127_0115_ye 90 81 9 6 0 1102.89 1408.46 601.55 755.75 501.34 652.71
ynao_sd_20011128_0105_ye 78 64 14 13 0 1716.65 2305.02 823.39 1154.67 893.26 1150.35
ynao_sd_20011129_0110_ye 103 72 31 14 0 4388.49 8172.46 978.45 1414.0 3410.04 6758.46
ynao_sd_20011130_0305_ye 111 83 28 16 0 3548.25 4389.8 1187.02 1592.39 2361.23 2797.41
ynao_sd_20011201_0410_ye 141 104 37 14 0 4711.62 5794.77 1597.34 2291.14 3114.28 3503.63
ynao_sd_20011202_0130_li 170 141 29 8 0 4571.24 5566.57 1628.15 2212.5 2943.09 3354.07
ynao_sd_20011203_0200_li 140 115 25 10 0 5546.33 8541.94 1248.73 1656.36 4297.6 6885.58
ynao_sd_20011204_0140_li 104 88 16 14 0 5291.24 7364.04 999.15 1227.43 4292.09 6136.61
ynao_sd_20011205_0200_li 96 75 21 13 0 4761.04 6295.31 923.26 1224.96 3837.78 5070.35
ynao_sd_20011206_0140_li 93 66 27 11 0 3432.81 4599.03 1009.77 1484.57 2423.04 3114.46
ynao_sd_20011207_0150_li 95 72 23 13 0 3640.16 6231.12 814.02 1085.7 2826.14 5145.42
ynao_sd_20011208_0140_li 80 67 13 8 1 2498.41 3636.46 875.19 1393.15 1623.22 2243.31
ynao_sd_20011209_0200_li 80 62 18 11 0 3073.97 4823.11 953.06 1668.3 2120.91 3154.81
ynao_sd_20011210_0140_ye 92 74 18 14 0 2236.65 3571.09 798.11 1511.85 1438.54 2059.24
ynao_sd_20011211_0145_ye 99 78 21 14 0 3588.68 6026.15 875.77 1432.25 2712.91 4593.9
ynao_sd_20011212_0130_ye 99 84 15 13 0 2449.55 3178.32 902.62 1212.15 1546.93 1966.17
ynao_sd_20011213_0140_ye 115 91 24 12 0 2672.11 3700.61 1031.46 1367.73 1640.65 2332.88
ynao_sd_20011214_0150_ye 107 97 10 8 0 1809.19 2720.1 940.0 1310.72 869.19 1409.38
ynao_sd_20011215_0140_ye 128 111 17 10 0 2015.24 2857.98 944.17 1205.76 1071.07 1652.22
ynao_sd_20011216_0150_ye 97 75 22 13 0 1906.94 2854.33 865.15 1535.29 1041.79 1319.04
ynao_sd_20011217_0230_li 99 83 16 12 0 1522.78 2238.8 766.08 1106.0 756.7 1132.8
ynao_sd_20011218_0140_li 75 62 13 8 0 2784.84 6416.03 649.39 977.86 2135.45 5438.17
ynao_sd_20011219_0150_li 66 53 13 7 0 2210.06 3023.17 488.04 777.78 1722.02 2245.39
ynao_sd_20011220_0140_li 61 54 7 4 0 2208.67 5632.61 586.43 998.84 1622.24 4633.77
ynao_sd_20011223_0210_li 135 116 19 9 0 3201.64 3814.44 1191.9 1495.37 2009.74 2319.07
ynao_sd_20011224_0330_li 135 119 16 16 0 3553.46 4262.95 1321.68 1628.57 2231.78 2634.38
ynao_sd_20011225_0450_li 101 73 28 18 0 3425.69 4576.03 900.03 1189.11 2525.66 3386.92
ynao_sd_20011226_0245_ye 168 142 26 13 0 4150.13 6219.98 1671.9 2481.03 2478.23 3738.95
ynao_sd_20011227_0200_ye 115 89 26 21 0 3204.96 5395.43 1271.9 1954.5 1933.06 3440.93
ynao_sd_20011228_0210_ye 178 158 20 15 0 3483.04 6332.91 1549.56 2274.17 1933.48 4058.74
ynao_sd_20011229_0310_ye 136 122 14 11 0 2019.5 2779.41 1264.42 1867.78 755.08 911.63
ynao_sd_20011230_0140_ye 128 116 12 11 0 2076.81 2868.64 1198.45 1714.22 878.36 1154.42
ynao_sd_20011231_0100_ye 113 102 11 11 0 1712.01 2959.57 1009.51 1749.61 702.5 1209.96
