ynao_sd_20020101_0140_ye 86 72 14 8 0 1354.11 2030.46 670.48 1046.67 683.63 983.79
ynao_sd_20020103_0205_ye 139 123 16 11 0 2324.87 3119.6 1190.81 1625.45 1134.06 1494.15
ynao_sd_20020104_0230_ye 133 124 9 7 0 1900.13 2671.19 1225.68 1709.02 674.45 962.17
ynao_sd_20020105_0140_ye 134 122 12 8 0 1925.19 2787.87 1145.47 1810.51 779.72 977.36
ynao_sd_20020106_0140_ye 88 77 11 7 0 1546.44 2131.73 773.71 1098.51 772.73 1033.22
ynao_sd_20020107_0210_li 61 53 8 5 0 1507.84 3062.02 431.36 587.3 1076.48 2474.72
ynao_sd_20020108_0230_li 48 42 6 7 0 3493.81 9859.95 419.95 723.64 3073.86 9136.31
ynao_sd_20020109_0320_li 83 74 9 9 0 2566.39 5630.75 617.84 928.55 1948.55 4702.2
ynao_sd_20020111_0210_li 85 53 32 13 0 4672.71 7953.35 919.5 1482.78 3753.21 6470.57
ynao_sd_20020112_0220_li 83 65 18 12 0 2995.22 4072.97 732.42 1069.14 2262.8 3003.83
ynao_sd_20020113_0210_li 79 58 21 14 0 2265.67 3473.37 773.33 1123.93 1492.34 2349.44
ynao_sd_20020114_0205_ye 110 85 25 19 0 3502.13 5484.73 1066.96 1545.86 2435.17 3938.87
ynao_sd_20020115_0135_ye 78 59 19 14 0 2801.02 4627.49 969.96 1504.47 1831.06 3123.02
ynao_sd_20020116_0200_ye 69 57 12 10 0 2040.72 2949.21 788.62 1261.75 1252.1 1687.46
ynao_sd_20020117_0200_ye 64 52 12 6 0 2115.12 2305.42 737.21 811.86 1377.91 1493.56
ynao_sd_20020118_0200_ye 87 70 17 11 0 2954.69 3693.53 831.15 1156.77 2123.54 2536.76
ynao_sd_20020119_0200_ye 108 95 13 7 0 2195.21 3098.17 940.96 1291.61 1254.25 1806.56
ynao_sd_20020120_0200_li 99 90 9 7 0 2285.34 3214.22 968.72 1434.28 1316.62 1779.94
ynao_sd_20020121_0200_li 71 54 17 11 0 2109.88 2700.5 681.1 869.64 1428.78 1830.86
ynao_sd_20020122_0200_li 60 45 15 9 0 6126.86 10633.66 695.59 961.36 5431.27 9672.3
ynao_sd_20020123_0150_li 76 65 11 8 0 5075.14 9991.12 769.94 1246.11 4305.2 8745.01
ynao_sd_20020124_0220_li 48 42 6 4 0 3377.09 6100.65 571.94 856.55 2805.15 5244.1
ynao_sd_20020125_0230_li 58 53 5 4 0 3331.19 9014.25 586.55 989.19 2744.64 8025.06
ynao_sd_20020126_0200_li 60 48 12 7 0 3816.43 7985.95 608.55 1100.56 3207.88 6885.39
ynao_sd_20020127_0200_li 63 51 12 8 0 2735.17 4267.78 629.21 1027.82 2105.96 3239.96
ynao_sd_20020128_0200_ye 180 157 23 13 0 2902.2 4305.27 1474.19 2309.82 1428.01 1995.45
ynao_sd_20020203_0130_ye 161 124 37 21 0 2930.4 3830.13 1239.34 1601.59 1691.06 2228.54
ynao_sd_20020204_0210_li 112 92 20 16 0 2312.56 3264.6 945.94 1327.77 1366.62 1936.83
ynao_sd_20020205_0630_li 97 82 15 13 0 4111.17 9048.52 846.57 1344.63 3264.6 7703.89
ynao_sd_20020206_0210_li 63 53 10 10 0 2582.15 4777.9 735.34 1122.28 1846.81 3655.62
ynao_sd_20020207_0205_li 47 43 4 6 0 1229.83 1571.23 512.03 747.57 717.8 823.66
ynao_sd_20020208_0220_li 49 36 13 7 0 2843.61 6876.26 371.5 596.61 2472.11 6279.65
ynao_sd_20020209_0210_li 45 37 8 6 0 2762.93 4159.67 454.41 894.65 2308.52 3265.02
ynao_sd_20020210_0610_li 52 39 13 10 0 1539.22 2349.13 450.4 695.6 1088.82 1653.53
ynao_sd_20020211_0250_li 72 57 15 11 0 1765.19 2494.62 512.82 659.62 1252.37 1835.0
ynao_sd_20020212_0140_ye 113 97 16 9 0 2256.33 2952.01 984.38 1259.99 1271.95 1692.02
ynao_sd_20020213_0140_ye 110 89 21 9 0 3267.45 5786.31 901.72 1190.28 2365.73 4596.03
ynao_sd_20020214_0140_ye 85 69 16 8 0 1832.66 2251.27 779.59 953.76 1053.07 1297.51
ynao_sd_20020215_0230_ye 67 59 8 4 0 1642.02 2280.83 791.56 1357.98 850.46 922.85
ynao_sd_20020216_0405_li 54 48 6 5 0 1578.38 1806.34 445.66 578.49 1132.72 1227.85
ynao_sd_20020217_0200_li 65 52 13 6 0 2905.13 3653.12 679.37 870.64 2225.76 2782.48
ynao_sd_20020218_0205_li 54 42 12 7 0 1309.95 1663.75 392.93 518.79 917.02 1144.96
ynao_sd_20020219_0200_ye 59 42 17 6 0 2855.49 3292.95 611.74 734.1 2243.75 2558.85
ynao_sd_20020220_0300_ye 51 40 11 8 0 1171.83 2004.0 450.77 905.83 721.06 1098.17
ynao_sd_20020221_0220_ye 98 89 9 6 0 1502.18 2059.53 805.88 1164.89 696.3 894.64
ynao_sd_20020222_0120_ye 69 63 6 7 0 994.39 1485.25 547.55 818.11 446.84 667.14
ynao_sd_20020223_0130_ye 61 50 11 6 0 1246.66 1544.44 726.3 868.56 520.36 675.88
ynao_sd_20020224_0135_ye 75 60 15 7 0 1374.71 2098.71 616.36 947.67 758.35 1151.04
ynao_sd_20020226_0140_li 80 68 12 12 0 2253.71 4578.37 711.75 1083.63 1541.96 3494.74
ynao_sd_20020227_0150_li 63 53 10 9 0 1058.18 1541.98 552.43 889.71 505.75 652.27
ynao_sd_20020228_0140_li 80 69 11 5 0 2674.22 6670.78 675.36 1069.23 1998.86 5601.55
ynao_sd_20020301_0130_li 87 75 12 6 0 3092.23 5961.98 634.63 963.98 2457.6 4998.0
ynao_sd_20020302_0125_li 51 42 9 5 0 1045.15 1261.68 408.38 515.87 636.77 745.81
ynao_sd_20020303_0140_li 59 51 8 4 0 1719.87 2145.82 424.34 593.49 1295.53 1552.33
ynao_sd_20020304_0130_ye 96 84 12 5 0 1467.61 2182.6 813.36 1307.73 654.25 874.87
ynao_sd_20020305_0130_ye 64 52 12 7 0 1276.89 1984.3 600.33 870.5 676.56 1113.8
ynao_sd_20020308_0830_ye 63 59 4 3 0 936.16 1141.82 481.22 566.18 454.94 575.64
ynao_sd_20020309_0150_li 44 40 4 3 0 844.72 1291.18 344.5 444.67 500.22 846.51
ynao_sd_20020310_0145_ye 52 45 7 4 0 1568.14 3090.73 642.33 1201.37 925.81 1889.36
ynao_sd_20020311_0150_li 40 29 11 6 0 1625.24 2656.7 392.32 640.68 1232.92 2016.02
ynao_sd_20020312_0130_li 40 24 16 8 0 2428.05 3363.6 428.95 579.49 1999.1 2784.11
ynao_sd_20020313_0125_li 39 22 17 9 0 1902.21 2362.49 350.88 495.27 1551.33 1867.22
ynao_sd_20020314_0140_li 37 18 19 9 0 2861.97 4523.57 325.96 391.83 2536.01 4131.74
ynao_sd_20020315_0120_li 38 20 18 9 0 3414.84 6521.25 374.06 500.83 3040.78 6020.42
ynao_sd_20020316_0130_li 54 39 15 7 0 1843.49 2054.87 433.67 485.99 1409.82 1568.88
ynao_sd_20020317_0310_li 75 59 16 9 0 3214.92 4416.26 573.46 638.24 2641.46 3778.02
ynao_sd_20020318_0305_ye 68 53 15 8 0 1673.99 1886.93 577.14 662.24 1096.85 1224.69
ynao_sd_20020319_0130_ye 60 46 14 8 0 1510.14 1878.0 503.34 630.74 1006.8 1247.26
ynao_sd_20020321_0130_ye 38 28 10 6 0 2441.11 6062.24 407.52 717.38 2033.59 5344.86
ynao_sd_20020322_0100_ye 79 72 7 6 0 1159.03 1924.94 661.24 1211.33 497.79 713.61
ynao_sd_20020323_0240_ye 75 64 11 7 0 1042.45 1814.41 598.44 1148.69 444.01 665.72
ynao_sd_20020324_0135_ye 78 72 6 5 0 1014.3 1341.89 668.52 896.81 345.78 445.08
ynao_sd_20020325_0140_li 87 81 6 5 0 897.39 1113.94 618.67 780.7 278.72 333.24
ynao_sd_20020326_0120_li 70 63 7 6 0 942.57 1099.46 507.84 583.07 434.73 516.39
ynao_sd_20020327_0035_li 59 55 4 3 0 686.0 865.85 508.7 629.68 177.3 236.17
ynao_sd_20020328_0050_li 67 61 6 5 0 943.46 1475.57 602.8 921.2 340.66 554.37
ynao_sd_20020329_0115_li 60 52 8 6 0 1052.21 1946.94 478.23 808.43 573.98 1138.51
ynao_sd_20020330_0100_li 60 49 11 7 0 1367.14 2378.78 553.69 960.14 813.45 1418.64
ynao_sd_20020331_0430_ye 102 86 16 12 0 2243.76 2884.95 954.61 1280.82 1289.15 1604.13
ynao_sd_20020401_0100_ye 120 89 31 13 0 3542.08 4180.7 1085.29 1347.17 2456.79 2833.53
ynao_sd_20020402_0105_ye 141 113 28 13 0 4340.4 4765.82 1513.22 1695.18 2827.18 3070.64
ynao_sd_20020403_0055_ye 131 102 29 16 0 4318.07 4678.49 1573.58 1770.18 2744.49 2908.31
ynao_sd_20020404_0045_ye 118 94 24 14 0 3913.53 4450.27 1316.16 1537.19 2597.37 2913.08
ynao_sd_20020405_0030_ye 139 113 26 12 0 3772.93 4828.36 1481.99 2039.34 2290.94 2789.02
ynao_sd_20020406_0030_ye 107 88 19 11 0 3087.44 4351.21 1090.06 1689.92 1997.38 2661.29
ynao_sd_20020407_0140_li 108 85 23 12 0 2686.95 4125.52 1063.99 1597.22 1622.96 2528.3
ynao_sd_20020408_0050_li 98 78 20 10 0 2065.46 3127.63 739.36 1127.01 1326.1 2000.62
ynao_sd_20020409_0045_li 108 86 22 10 0 4688.84 9593.73 824.94 1277.9 3863.9 8315.83
ynao_sd_20020412_0650_li 102 81 21 16 0 2613.06 3616.36 812.27 1138.67 1800.79 2477.69
ynao_sd_20020413_0440_li 94 63 31 17 0 3045.89 3953.79 874.19 1177.33 2171.7 2776.46
ynao_sd_20020414_0140_li 80 53 27 15 0 2615.41 3404.42 643.28 960.06 1972.13 2444.36
ynao_sd_20020415_0030_ye 141 109 32 16 0 3954.25 5391.49 1385.71 1939.44 2568.54 3452.05
ynao_sd_20020416_0030_ye 118 91 27 11 0 3593.16 4971.39 1329.73 1955.86 2263.43 3015.53
ynao_sd_20020417_0700_ye 71 48 23 13 0 2577.98 3352.08 820.43 1083.67 1757.55 2268.41
ynao_sd_20020418_0800_ye 57 39 18 10 0 2055.51 2662.88 691.35 876.54 1364.16 1786.34
ynao_sd_20020419_0100_ye 100 84 16 9 0 2100.25 2827.65 870.57 1122.34 1229.68 1705.31
ynao_sd_20020420_0030_ye 91 72 19 10 0 1716.58 2576.46 762.88 1043.75 953.7 1532.71
ynao_sd_20020421_0135_ye 100 85 15 7 0 1673.71 2412.76 862.3 1415.42 811.41 997.34
ynao_sd_20020422_0050_ye 90 77 13 7 0 1704.47 2274.89 831.79 1197.43 872.68 1077.46
ynao_sd_20020423_0100_li 64 51 13 8 0 1495.48 1968.77 472.27 725.83 1023.21 1242.94
ynao_sd_20020424_0100_li 100 87 13 10 0 2599.12 3979.24 716.98 1032.47 1882.14 2946.77
ynao_sd_20020425_0045_li 80 63 17 8 0 3109.29 5557.73 711.45 1025.01 2397.84 4532.72
ynao_sd_20020426_0230_li 61 47 14 6 0 1518.49 1966.08 545.23 746.87 973.26 1219.21
ynao_sd_20020427_0040_li 40 31 9 6 0 1430.01 1753.15 344.6 545.03 1085.41 1208.12
ynao_sd_20020428_0050_li 41 34 7 6 0 1342.39 1590.97 323.5 366.35 1018.89 1224.62
ynao_sd_20020429_0035_ye 72 65 7 5 0 1230.38 1595.12 622.94 758.15 607.44 836.97
ynao_sd_20020430_0035_ye 58 50 8 6 0 1222.27 2134.8 588.29 1013.64 633.98 1121.16
ynao_sd_20020501_0125_ye 51 45 6 6 0 906.6 1736.45 420.6 725.77 486.0 1010.68
ynao_sd_20020502_0030_ye 72 62 10 8 0 1261.85 2682.63 645.49 1145.08 616.36 1537.55
ynao_sd_20020503_0135_ye 95 78 17 11 0 3506.88 5789.97 889.19 1338.0 2617.69 4451.97
ynao_sd_20020504_0130_li 98 84 14 12 1 4002.47 7096.95 875.9 1329.97 3126.57 5766.98
ynao_sd_20020505_0045_li 122 103 19 11 1 5627.29 10083.46 1008.69 1362.12 4618.6 8721.34
ynao_sd_20020506_0100_li 59 38 21 13 0 4446.75 6578.25 590.55 733.0 3856.2 5845.25
ynao_sd_20020507_0250_li 92 76 16 7 0 2384.3 3049.82 932.0 1302.37 1452.3 1747.45
ynao_sd_20020508_0340_li 75 62 13 7 0 2369.37 3046.09 822.19 1079.7 1547.18 1966.39
ynao_sd_20020509_0720_li 77 55 22 9 0 3011.92 3583.19 740.74 950.84 2271.18 2632.35
ynao_sd_20020514_0100_ye 58 49 9 7 0 3534.47 6261.26 671.64 927.21 2862.83 5334.05
ynao_sd_20020515_0205_ye 38 33 5 4 0 3201.27 4113.08 620.97 951.54 2580.3 3161.54
ynao_sd_20020516_0205_ye 40 32 8 5 0 1750.12 2538.13 660.98 1111.88 1089.14 1426.25
ynao_sd_20020517_0145_ye 41 24 17 8 0 2555.23 4553.33 623.54 968.47 1931.69 3584.86
ynao_sd_20020518_0445_ye 37 16 21 9 0 4104.87 6144.76 625.04 907.29 3479.83 5237.47
ynao_sd_20020520_0720_li 56 31 25 13 0 3099.52 3986.06 668.81 1034.47 2430.71 2951.59
ynao_sd_20020521_0045_li 92 66 26 18 0 3821.93 6005.9 782.89 1069.6 3039.04 4936.3
ynao_sd_20020522_0055_li 141 115 26 16 0 3952.85 5575.93 950.59 1283.25 3002.26 4292.68
ynao_sd_20020523_0100_li 123 101 22 15 0 3566.28 4873.71 1077.68 1610.84 2488.6 3262.87
ynao_sd_20020526_0240_li 92 84 8 5 0 1615.15 1938.09 747.19 963.83 867.96 974.26
ynao_sd_20020527_0330_ye 60 53 7 6 0 3423.92 4920.73 703.48 821.39 2720.44 4099.34
ynao_sd_20020528_0100_ye 62 55 7 8 0 1607.67 2494.8 740.06 1251.85 867.61 1242.95
ynao_sd_20020529_0145_ye 72 58 14 9 0 2969.75 4831.92 867.14 1696.56 2102.61 3135.36
ynao_sd_20020530_0030_ye 79 63 16 8 0 2113.63 3864.79 764.5 1374.69 1349.13 2490.1
ynao_sd_20020531_0200_ye 81 62 19 13 0 3619.58 5009.69 850.13 1230.36 2769.45 3779.33
ynao_sd_20020601_0015_ye 94 80 14 9 0 2512.43 3664.46 1026.82 1573.25 1485.61 2091.21
ynao_sd_20020602_0330_ye 82 65 17 8 0 1959.88 2416.09 772.64 1074.04 1187.24 1342.05
ynao_sd_20020603_0120_li 65 48 17 10 0 3229.27 5327.44 669.08 907.97 2560.19 4419.47
ynao_sd_20020604_0100_li 86 67 19 9 0 3393.03 4074.13 777.81 1111.94 2615.22 2962.19
ynao_sd_20020605_0350_li 76 58 18 11 0 2177.98 2514.17 697.35 855.52 1480.63 1658.65
ynao_sd_20020606_0100_li 74 52 22 11 0 1661.05 1924.02 525.05 613.32 1136.0 1310.7
ynao_sd_20020607_0300_li 73 58 15 8 0 5057.4 6576.14 780.78 1254.3 4276.62 5321.84
ynao_sd_20020608_0120_li 60 50 10 6 0 1366.45 2008.91 602.04 800.2 764.41 1208.71
ynao_sd_20020609_0210_li 67 55 12 7 0 2448.13 3202.59 528.04 700.32 1920.09 2502.27
ynao_sd_20020610_0100_ye 41 31 10 4 0 1620.19 2407.54 604.23 862.4 1015.96 1545.14
ynao_sd_20020611_0320_ye 52 45 7 4 0 1698.93 2339.34 607.65 894.53 1091.28 1444.81
ynao_sd_20020612_0045_ye 46 41 5 4 0 1433.13 1983.76 588.25 768.93 844.88 1214.83
ynao_sd_20020613_0215_ye 32 28 4 3 0 1230.51 1880.61 457.43 728.71 773.08 1151.9
ynao_sd_20020615_0030_ye 29 28 1 2 0 995.91 1370.48 364.5 501.9 631.41 868.58
ynao_sd_20020616_0145_ye 30 26 4 2 0 971.75 1457.38 451.13 725.84 520.62 731.54
ynao_sd_20020617_0630_li 41 36 5 3 0 944.27 1461.89 315.01 425.69 629.26 1036.2
ynao_sd_20020618_0305_li 41 37 4 4 0 1813.02 2746.99 463.26 1009.27 1349.76 1737.72
ynao_sd_20020619_0200_li 26 21 5 4 0 1026.67 1942.15 305.62 537.06 721.05 1405.09
ynao_sd_20020620_0055_li 19 12 7 3 0 1099.72 1748.74 217.84 363.02 881.88 1385.72
ynao_sd_20020621_0030_li 22 15 7 3 0 1395.05 1849.52 236.93 318.84 1158.12 1530.68
ynao_sd_20020622_0055_li 31 23 8 3 0 1447.6 1724.37 308.11 376.22 1139.49 1348.15
ynao_sd_20020623_0210_li 55 48 7 3 0 1790.98 2050.82 486.59 583.53 1304.39 1467.29
ynao_sd_20020624_0115_ye 44 41 3 3 0 1554.6 1793.38 612.35 741.99 942.25 1051.39
ynao_sd_20020625_0625_ye 41 37 4 4 0 1838.12 2229.82 624.38 838.63 1213.74 1391.19
ynao_sd_20020626_0315_ye 47 43 4 3 0 1599.43 1963.33 623.48 756.27 975.95 1207.06
ynao_sd_20020627_0110_ye 45 41 4 3 0 1346.67 1666.12 552.59 649.13 794.08 1016.99
ynao_sd_20020628_0440_ye 16 13 3 2 0 987.97 1363.55 281.59 356.26 706.38 1007.29
ynao_sd_20020629_0560_ye 27 24 3 2 0 940.65 1872.28 371.34 841.38 569.31 1030.9
ynao_sd_20020701_0055_li 34 21 13 7 0 2145.09 5380.73 265.98 431.13 1879.11 4949.6
ynao_sd_20020702_0115_li 33 21 12 6 0 1258.45 1892.23 344.81 599.66 913.64 1292.57
ynao_sd_20020704_0510_li 49 41 8 6 0 1255.92 1984.62 484.18 917.01 771.74 1067.61
ynao_sd_20020706_0730_li 39 32 7 5 0 1116.85 1378.32 383.93 520.07 732.92 858.25
ynao_sd_20020707_0145_li 36 25 11 6 0 1017.78 1255.66 318.97 415.87 698.81 839.79
ynao_sd_20020709_0745_ye 39 38 1 2 0 767.07 1563.5 554.48 1230.79 212.59 332.71
ynao_sd_20020710_0550_ye 39 34 5 3 0 896.68 1890.64 397.16 710.89 499.52 1179.75
ynao_sd_20020711_0105_ye 40 37 3 3 0 758.57 1526.15 332.94 639.72 425.63 886.43
ynao_sd_20020712_0150_ye 57 46 11 4 0 1531.9 2386.15 617.94 987.2 913.96 1398.95
ynao_sd_20020713_0200_ye 57 44 13 5 0 1406.05 1759.12 565.45 711.0 840.6 1048.12
ynao_sd_20020714_0135_ye 102 91 11 4 0 1679.32 1914.91 988.69 1136.48 690.63 778.43
ynao_sd_20020715_0120_li 99 88 11 10 0 1901.38 2058.82 744.95 831.31 1156.43 1227.51
ynao_sd_20020716_0200_li 86 60 26 13 0 3418.65 5370.37 821.13 1309.27 2597.52 4061.1
ynao_sd_20020717_0640_li 89 57 32 17 0 4644.45 9066.61 739.57 1057.42 3904.88 8009.19
ynao_sd_20020718_0350_li 35 22 13 7 0 1499.98 2262.06 393.33 546.72 1106.65 1715.34
ynao_sd_20020721_0455_li 47 29 18 12 0 3015.88 3581.25 641.95 866.66 2373.93 2714.59
ynao_sd_20020722_0120_ye 70 56 14 8 0 2631.32 3277.78 1011.41 1536.33 1619.91 1741.45
ynao_sd_20020726_0810_ye 137 104 33 10 1 3648.67 4935.48 1377.71 1838.21 2270.96 3097.27
ynao_sd_20020728_0340_ye 197 156 41 16 0 4785.24 5445.64 1871.5 2083.22 2913.74 3362.42
ynao_sd_20020729_0110_ye 166 131 35 15 0 5488.17 6622.49 1868.75 2085.75 3619.42 4536.74
ynao_sd_20020730_0500_ye 160 118 42 24 0 4795.45 5620.92 1768.58 2129.14 3026.87 3491.78
ynao_sd_20020731_0400_ye 127 89 38 20 0 4072.31 5149.71 1399.4 1796.6 2672.91 3353.11
ynao_sd_20020801_0430_ye 115 91 24 14 0 3393.0 5077.76 1258.09 1824.8 2134.91 3252.96
ynao_sd_20020802_0300_ye 94 72 22 15 0 2545.02 4307.43 965.63 1607.4 1579.39 2700.03
ynao_sd_20020803_0430_ye 72 67 5 5 0 1102.3 2454.78 700.45 1583.38 401.85 871.4
ynao_sd_20020804_0155_ye 70 63 7 7 0 1395.4 3000.23 727.19 1451.11 668.21 1549.12
ynao_sd_20020806_0035_li 57 44 13 7 0 1092.4 1855.47 464.66 859.57 627.74 995.9
ynao_sd_20020807_0055_ye 64 57 7 5 0 1131.13 1933.26 633.39 915.61 497.74 1017.65
ynao_sd_20020808_0130_ye 55 48 7 4 0 2265.02 6467.08 520.92 874.88 1744.1 5592.2
ynao_sd_20020809_0300_ye 35 27 8 4 0 951.81 1099.55 357.46 399.12 594.35 700.43
ynao_sd_20020814_0500_ye 128 102 26 13 0 4147.24 6199.77 1611.01 2449.61 2536.23 3750.16
ynao_sd_20020815_0330_ye 109 87 22 12 0 4212.16 5748.6 1419.69 1863.1 2792.47 3885.5
ynao_sd_20020818_0050_li 122 98 24 10 0 5696.12 6292.42 1435.92 1750.73 4260.2 4541.69
ynao_sd_20020819_0130_li 120 88 32 15 0 7563.35 11840.87 1530.41 1920.62 6032.94 9920.25
ynao_sd_20020821_0310_li 81 61 20 10 0 3879.09 5811.17 980.84 1425.8 2898.25 4385.37
ynao_sd_20020823_0110_li 82 70 12 6 0 2980.89 5605.15 798.66 1274.72 2182.23 4330.43
ynao_sd_20020824_0240_li 70 61 9 6 0 2250.4 3080.18 761.81 1084.65 1488.59 1995.53
ynao_sd_20020825_0150_li 52 40 12 6 0 2374.14 2876.12 670.4 832.48 1703.74 2043.64
ynao_sd_20020827_0050_li 35 29 6 4 0 1919.01 2228.84 416.64 557.48 1502.37 1671.36
ynao_sd_20020828_0140_li 47 37 10 3 0 1665.2 2012.48 453.08 608.45 1212.12 1404.03
ynao_sd_20020829_0045_li 46 37 9 4 0 1216.57 1647.22 382.86 576.43 833.71 1070.79
ynao_sd_20020830_0050_li 61 56 5 5 0 1174.5 2146.97 560.26 1078.3 614.24 1068.67
ynao_sd_20020831_0040_li 69 58 11 8 0 1375.75 2700.61 727.37 1258.68 648.38 1441.93
ynao_sd_20020901_0050_li 90 69 21 12 0 3099.82 6964.64 806.97 1485.93 2292.85 5478.71
ynao_sd_20020902_0045_ye 129 101 28 14 0 3839.69 7699.4 1129.36 1677.52 2710.33 6021.88
ynao_sd_20020903_0210_ye 107 83 24 10 0 2801.17 3554.01 1030.26 1315.27 1770.91 2238.74
ynao_sd_20020904_0025_ye 121 104 17 12 0 4944.49 7362.96 1254.16 1489.51 3690.33 5873.45
ynao_sd_20020905_0040_ye 135 108 27 14 0 4283.72 4843.03 1392.34 1631.64 2891.38 3211.39
ynao_sd_20020906_0040_ye 156 147 9 7 0 2479.87 2823.42 1419.75 1619.24 1060.12 1204.18
ynao_sd_20020907_0110_ye 116 108 8 6 0 1969.36 2440.82 1168.63 1442.65 800.73 998.17
ynao_sd_20020908_0210_li 95 87 8 9 0 2762.77 5298.39 721.41 1133.94 2041.36 4164.45
ynao_sd_20020909_0150_li 83 72 11 8 0 3235.15 5811.89 866.88 1467.19 2368.27 4344.7
ynao_sd_20020910_0120_li 111 94 17 10 0 3066.19 4930.34 1024.32 1494.32 2041.87 3436.02
ynao_sd_20020911_0200_li 103 85 18 11 0 3462.8 4522.8 944.11 1189.95 2518.69 3332.85
ynao_sd_20020912_0050_li 131 117 14 10 0 3452.85 4072.26 1135.86 1324.79 2316.99 2747.47
ynao_sd_20020913_0140_li 119 97 22 12 0 3181.88 3568.37 1023.01 1169.53 2158.87 2398.84
ynao_sd_20020914_0650_li 91 77 14 10 0 2961.51 3257.52 829.34 1006.67 2132.17 2250.85
ynao_sd_20020916_0400_ye 89 72 17 9 0 2994.02 3854.19 1168.6 1515.79 1825.42 2338.4
ynao_sd_20020917_0035_ye 84 66 18 10 0 3939.26 6448.64 996.48 1308.58 2942.78 5140.06
ynao_sd_20020918_0030_ye 100 85 15 12 0 2889.75 4017.92 1120.94 1567.62 1768.81 2450.3
ynao_sd_20020920_0135_ye 71 48 23 10 0 2619.7 3727.68 909.1 1281.41 1710.6 2446.27
ynao_sd_20020921_0625_ye 69 56 13 11 0 2415.22 2951.13 796.02 1014.96 1619.2 1936.17
ynao_sd_20020926_0300_li 50 32 18 9 1 3820.75 6493.09 581.62 868.99 3239.13 5624.1
ynao_sd_20021001_0120_li 68 56 12 7 0 1346.27 2057.86 535.05 849.81 811.22 1208.05
ynao_sd_20021002_0120_ye 68 56 12 6 0 1686.53 2378.1 616.63 964.38 1069.9 1413.72
ynao_sd_20021004_0510_ye 43 31 12 7 0 1920.95 2506.37 569.95 750.96 1351.0 1755.41
ynao_sd_20021005_0140_ye 105 89 16 10 0 3084.45 3943.43 1347.84 1651.87 1736.61 2291.56
ynao_sd_20021006_0155_ye 112 87 25 13 0 3419.89 3848.57 1176.63 1334.58 2243.26 2513.99
ynao_sd_20021007_0340_ye 99 73 26 12 0 3046.37 3404.4 1056.18 1218.53 1990.19 2185.87
ynao_sd_20021008_0040_ye 102 80 22 13 0 2780.65 3179.9 1072.03 1238.17 1708.62 1941.73
ynao_sd_20021009_0100_ye 115 89 26 11 1 4316.18 5438.23 1047.77 1603.66 3268.41 3834.57
ynao_sd_20021010_0130_ye 134 117 17 10 0 2355.49 3783.55 1158.49 1745.93 1197.0 2037.62
ynao_sd_20021011_0140_li 98 82 16 10 0 1606.93 2770.06 781.62 1400.74 825.31 1369.32
ynao_sd_20021012_0200_li 70 61 9 10 1 2675.93 4279.85 582.04 795.17 2093.89 3484.68
ynao_sd_20021013_0120_li 69 55 14 8 1 2639.18 4415.53 563.94 717.22 2075.24 3698.31
ynao_sd_20021014_0220_li 79 66 13 7 0 1778.92 2777.25 765.87 1464.07 1013.05 1313.18
ynao_sd_20021015_0105_li 86 62 24 13 0 2262.23 3179.35 714.18 915.86 1548.05 2263.49
ynao_sd_20021016_0230_li 93 70 23 12 0 2932.86 4318.31 837.19 1323.57 2095.67 2994.74
ynao_sd_20021017_0320_li 80 57 23 13 0 3370.67 5491.35 839.92 1318.66 2530.75 4172.69
ynao_sd_20021018_0105_ye 70 54 16 14 0 3366.03 5415.76 1140.53 1862.56 2225.5 3553.2
ynao_sd_20021019_0600_ye 48 33 15 9 0 2842.31 3815.29 848.01 1152.88 1994.3 2662.41
ynao_sd_20021020_0025_ye 58 46 12 6 0 3029.85 3773.12 1078.79 1348.03 1951.06 2425.09
ynao_sd_20021021_0730_ye 79 62 17 5 0 2760.78 3287.11 1012.73 1356.51 1748.05 1930.6
ynao_sd_20021022_0120_ye 92 80 12 5 0 2608.67 2917.52 889.82 985.31 1718.85 1932.21
ynao_sd_20021023_0030_ye 47 40 7 5 0 2145.3 2529.25 677.46 781.83 1467.84 1747.42
ynao_sd_20021028_0120_li 47 42 5 3 0 1913.09 4418.8 482.69 1261.25 1430.4 3157.55
ynao_sd_20021029_0120_li 30 24 6 2 0 641.27 1107.52 282.0 478.58 359.27 628.94
ynao_sd_20021102_0230_ye 43 32 11 7 0 1235.1 1592.51 474.54 639.31 760.56 953.2
ynao_sd_20021105_0230_li 64 49 15 5 0 2739.25 6142.46 693.15 1123.09 2046.1 5019.37
ynao_sd_20021106_0210_li 61 38 23 7 0 1882.71 2544.31 561.87 836.62 1320.84 1707.69
ynao_sd_20021107_0140_li 49 32 17 7 0 3086.1 3990.86 457.62 540.97 2628.48 3449.89
ynao_sd_20021108_0035_ye 75 66 9 4 0 2291.57 2730.33 945.38 1126.96 1346.19 1603.37
ynao_sd_20021109_0040_ye 78 63 15 5 0 2461.0 3441.94 963.77 1786.16 1497.23 1655.78
ynao_sd_20021110_0040_ye 98 84 14 7 0 2659.28 3381.21 1184.02 1659.23 1475.26 1721.98
ynao_sd_20021111_0040_ye 86 71 15 6 0 2740.61 3435.43 1133.03 1479.69 1607.58 1955.74
ynao_sd_20021112_0120_li 94 71 23 11 0 2614.32 3392.27 723.07 945.89 1891.25 2446.38
ynao_sd_20021113_0410_li 66 47 19 15 0 4004.51 6433.68 661.08 1123.95 3343.43 5309.73
ynao_sd_20021114_0150_li 64 43 21 12 0 4541.75 8206.98 622.38 899.92 3919.37 7307.06
ynao_sd_20021116_0740_li 84 75 9 9 0 4552.54 7324.11 838.84 1125.8 3713.7 6198.31
ynao_sd_20021117_0130_li 85 75 10 7 0 1967.58 2359.01 724.66 945.98 1242.92 1413.03
ynao_sd_20021118_0220_li 83 62 21 10 0 4132.33 5514.74 807.38 1182.79 3324.95 4331.95
ynao_sd_20021119_0120_li 87 70 17 9 0 3077.11 5479.14 803.86 1396.59 2273.25 4082.55
ynao_sd_20021120_0230_li 81 69 12 13 0 3955.36 10471.37 816.84 1594.62 3138.52 8876.75
ynao_sd_20021121_0200_ye 139 123 16 9 0 3347.25 4918.07 1184.99 1767.55 2162.26 3150.52
ynao_sd_20021122_0040_ye 85 68 17 11 0 2481.95 3291.62 953.86 1291.15 1528.09 2000.47
ynao_sd_20021123_0210_ye 64 45 19 8 0 2449.67 2953.49 792.51 1026.9 1657.16 1926.59
ynao_sd_20021124_0100_ye 76 59 17 8 0 3015.57 3653.77 984.31 1270.64 2031.26 2383.13
ynao_sd_20021125_0100_ye 71 52 19 7 0 2778.82 3226.68 804.14 978.49 1974.68 2248.19
ynao_sd_20021126_0300_ye 50 32 18 9 0 2360.54 2938.3 672.84 836.65 1687.7 2101.65
ynao_sd_20021127_0125_ye 63 48 15 10 0 1952.08 2577.17 668.29 925.61 1283.79 1651.56
ynao_sd_20021128_0055_li 56 43 13 11 0 2873.45 4478.68 483.73 670.1 2389.72 3808.58
ynao_sd_20021129_0120_li 51 37 14 7 0 1524.61 2540.3 490.92 776.84 1033.69 1763.46
ynao_sd_20021130_0100_li 54 43 11 8 0 2659.68 7292.27 548.1 1087.34 2111.58 6204.93
ynao_sd_20021131_0130_li 49 38 11 9 0 1068.88 2132.05 391.41 705.16 677.47 1426.89
ynao_sd_20021201_0150_ye 51 41 10 6 0 2281.51 2845.98 376.03 621.63 1905.48 2224.35
ynao_sd_20021202_0100_ye 52 42 10 8 0 1657.35 1947.66 495.12 625.94 1162.23 1321.72
ynao_sd_20021203_0155_ye 50 46 4 3 0 898.8 1258.32 474.66 664.08 424.14 594.24
ynao_sd_20021204_0045_ye 78 74 4 4 0 1334.62 1776.01 819.61 1119.91 515.01 656.1
ynao_sd_20021205_0110_ye 67 62 5 5 0 1255.54 1558.02 584.73 687.09 670.81 870.93
ynao_sd_20021206_0045_ye 88 77 11 10 0 1599.96 2020.57 804.39 959.71 795.57 1060.86
ynao_sd_20021207_0300_ye 35 26 9 6 0 765.15 1021.45 338.52 427.25 426.63 594.2
ynao_sd_20021208_0210_ye 55 46 9 8 0 2195.81 5479.4 546.78 936.79 1649.03 4542.61
ynao_sd_20021209_0700_ye 86 78 8 6 0 1033.1 1839.7 701.55 1298.47 331.55 541.23
ynao_sd_20021210_0110_ye 58 52 6 5 0 846.46 1262.4 578.89 820.24 267.57 442.16
ynao_sd_20021211_0100_ye 78 72 6 4 0 981.48 1306.57 714.67 890.58 266.81 415.99
ynao_sd_20021212_0100_ye 56 50 6 3 0 969.82 1343.88 497.99 834.53 471.83 509.35
ynao_sd_20021213_0130_ye 58 49 9 7 0 2490.07 6328.71 516.42 1069.83 1973.65 5258.88
ynao_sd_20021214_0110_ye 82 71 11 7 0 1382.11 2350.1 940.02 1640.22 442.09 709.88
ynao_sd_20021215_0140_ye 150 131 19 9 0 2148.11 3153.68 1252.63 1776.29 895.48 1377.39
ynao_sd_20021216_0205_li 131 109 22 15 0 2257.73 3027.66 820.07 1065.13 1437.66 1962.53
ynao_sd_20021217_0440_li 103 82 21 15 0 3418.24 4101.37 819.65 936.96 2598.59 3164.41
ynao_sd_20021218_0200_li 146 116 30 15 0 4126.78 6103.68 1062.23 1239.13 3064.55 4864.55
ynao_sd_20021219_0210_li 147 125 22 11 0 3823.75 4343.64 1093.6 1278.52 2730.15 3065.12
ynao_sd_20021220_0310_li 119 95 24 15 0 2452.31 2976.91 884.25 1040.58 1568.06 1936.33
ynao_sd_20021221_0220_li 128 114 14 11 0 2115.27 2672.33 1060.93 1277.92 1054.34 1394.41
ynao_sd_20021222_0150_ye 97 83 14 10 0 2805.4 4126.9 847.9 1170.78 1957.5 2956.12
ynao_sd_20021223_0140_ye 84 75 9 5 0 1479.32 2466.44 870.99 1428.96 608.33 1037.48
ynao_sd_20021224_0140_ye 64 60 4 3 0 934.42 1884.51 580.46 1388.16 353.96 496.35
ynao_sd_20021225_0115_ye 30 27 3 3 0 648.24 1336.15 384.45 821.49 263.79 514.66
ynao_sd_20021227_0620_ye 9 7 2 2 0 219.79 509.23 98.87 266.36 120.92 242.87
ynao_sd_20021229_0135_ye 17 16 1 1 0 255.3 305.78 189.71 232.92 65.59 72.86
ynao_sd_20021230_0140_li 17 16 1 2 0 193.25 240.12 105.15 143.19 88.1 96.93
