ynao_sd_20030101_0200_li 17 15 2 2 0 230.4 245.44 137.78 144.82 92.62 100.62
ynao_sd_20030102_0150_li 15 12 3 1 0 130.88 147.28 110.43 126.55 20.45 20.73
ynao_sd_20030103_0140_li 37 36 1 1 0 1572.25 2232.01 252.57 340.04 1319.68 1891.97
ynao_sd_20030104_0130_li 46 38 8 3 0 586.39 872.0 373.76 587.54 212.63 284.46
ynao_sd_20030106_0240_li 72 62 10 8 0 853.97 1128.68 462.91 606.05 391.06 522.63
ynao_sd_20030107_0510_ye 64 53 11 10 0 1140.11 1737.83 589.15 950.41 550.96 787.42
ynao_sd_20030108_0230_ye 90 79 11 9 0 1412.31 2204.8 777.46 1055.89 634.85 1148.91
ynao_sd_20030109_0110_ye 105 98 7 8 0 1617.79 2449.33 1012.31 1383.44 605.48 1065.89
ynao_sd_20030110_0200_ye 91 73 18 11 0 2011.51 2911.44 949.05 1244.38 1062.46 1667.06
ynao_sd_20030111_0400_ye 146 128 18 10 0 2630.33 3779.89 1285.79 1786.61 1344.54 1993.28
ynao_sd_20030112_0230_ye 67 52 15 14 0 1820.68 2415.26 771.24 1022.28 1049.44 1392.98
ynao_sd_20030113_0150_li 72 58 14 7 0 1559.41 1891.89 605.15 828.11 954.26 1063.78
ynao_sd_20030114_0135_li 85 73 12 8 0 1773.55 2014.53 629.3 779.84 1144.25 1234.69
ynao_sd_20030115_0210_li 59 45 14 7 0 3424.95 5606.62 506.8 611.03 2918.15 4995.59
ynao_sd_20030116_0210_li 36 24 12 8 0 3104.15 6705.76 326.43 393.66 2777.72 6312.1
ynao_sd_20030117_0140_li 34 24 10 6 0 965.43 1293.06 305.69 446.52 659.74 846.54
ynao_sd_20030118_0130_li 31 24 7 5 0 1680.47 3520.7 303.59 398.28 1376.88 3122.42
ynao_sd_20030119_0210_li 31 25 6 4 0 617.34 881.0 250.61 328.41 366.73 552.59
ynao_sd_20030120_0125_ye 48 42 6 5 0 759.35 1234.85 451.26 721.75 308.09 513.1
ynao_sd_20030121_0120_ye 44 40 4 3 0 523.2 868.74 351.46 593.17 171.74 275.57
ynao_sd_20030122_0140_ye 61 57 4 6 0 759.23 1268.36 524.19 828.51 235.04 439.85
ynao_sd_20030123_0230_ye 53 48 5 5 0 2035.12 3447.82 483.8 723.3 1551.32 2724.52
ynao_sd_20030124_0225_ye 47 39 8 6 0 876.01 1282.98 494.64 657.83 381.37 625.15
ynao_sd_20030125_0110_ye 42 36 6 6 0 798.25 901.22 397.2 443.28 401.05 457.94
ynao_sd_20030126_0100_ye 44 39 5 4 0 856.08 978.71 436.35 494.65 419.73 484.06
ynao_sd_20030128_0705_li 46 42 4 5 0 1623.68 4911.64 318.98 478.52 1304.7 4433.12
ynao_sd_20030129_0130_li 44 38 6 5 0 1581.27 3160.23 370.58 534.7 1210.69 2625.53
ynao_sd_20030130_0240_li 30 24 6 7 0 2494.7 5003.84 231.48 360.87 2263.22 4642.97
ynao_sd_20030131_0350_li 16 14 2 2 0 315.57 547.54 195.3 383.29 120.27 164.25
ynao_sd_20030201_0120_ye 16 15 1 1 0 271.92 479.07 212.47 410.63 59.45 68.44
ynao_sd_20030202_0125_ye 12 11 1 1 0 285.62 536.27 195.7 442.46 89.92 93.81
ynao_sd_20030203_0125_ye 26 21 5 3 0 659.87 1094.58 332.76 629.19 327.11 465.39
ynao_sd_20030206_0430_li 55 50 5 4 0 673.44 1027.76 430.46 639.94 242.98 387.82
ynao_sd_20030207_0430_li 48 46 2 2 0 494.53 735.08 389.54 571.99 104.99 163.09
ynao_sd_20030208_0150_li 42 39 3 4 0 697.94 914.77 312.13 377.2 385.81 537.57
ynao_sd_20030209_0200_li 45 42 3 4 1 451.86 586.38 332.94 434.78 118.92 151.6
ynao_sd_20030210_0100_ye 83 81 2 1 0 805.97 946.33 768.22 859.21 37.75 87.12
ynao_sd_20030211_0115_ye 80 76 4 3 0 3183.37 4063.45 639.41 700.74 2543.96 3362.71
ynao_sd_20030212_0115_ye 65 62 3 2 0 621.63 708.49 552.84 627.51 68.79 80.98
ynao_sd_20030213_0115_ye 27 27 0 0 0 223.76 308.02 223.76 308.02 0 0
ynao_sd_20030215_0115_ye 24 24 0 0 0 235.72 366.26 235.72 366.26 0 0
ynao_sd_20030216_0130_ye 17 17 0 0 0 160.79 305.81 160.79 305.81 0 0
ynao_sd_20030217_0140_li 11 11 0 0 0 75.58 138.27 75.58 138.27 0 0
ynao_sd_20030218_0130_li 9 9 0 0 0 58.35 79.33 58.35 79.33 0 0
ynao_sd_20030219_0130_li 17 16 1 2 0 1644.5 2009.56 144.78 212.09 1499.72 1797.47
ynao_sd_20030220_0125_li 33 25 8 4 0 793.11 1190.42 324.0 605.43 469.11 584.99
ynao_sd_20030221_0120_li 47 37 10 3 0 966.35 1223.54 361.94 537.11 604.41 686.43
ynao_sd_20030222_0120_li 23 13 10 5 0 838.93 921.21 217.39 241.1 621.54 680.11
ynao_sd_20030223_0140_li 18 12 6 4 0 677.32 758.33 174.83 194.64 502.49 563.69
ynao_sd_20030224_0140_ye 31 24 7 4 0 2491.77 3380.0 246.62 296.09 2245.15 3083.91
ynao_sd_20030225_0150_ye 21 17 4 2 0 365.33 493.54 206.39 256.56 158.94 236.98
ynao_sd_20030226_0130_ye 19 16 3 2 0 1483.03 3654.14 189.82 329.78 1293.21 3324.36
ynao_sd_20030227_0130_ye 43 41 2 1 0 368.69 707.61 309.35 566.06 59.34 141.55
ynao_sd_20030228_0130_ye 30 28 2 2 0 400.18 1176.32 284.22 653.31 115.96 523.01
ynao_sd_20030301_0130_ye 33 31 2 2 0 675.05 1774.35 320.37 795.6 354.68 978.75
ynao_sd_20030302_0140_ye 40 35 5 5 0 1369.11 2644.05 618.89 1228.08 750.22 1415.97
ynao_sd_20030303_0120_li 30 27 3 3 0 1148.57 1763.89 428.05 747.72 720.52 1016.17
ynao_sd_20030304_0120_li 37 33 4 3 0 2503.16 2904.85 495.77 667.36 2007.39 2237.49
ynao_sd_20030305_0100_li 55 46 9 5 0 3427.45 3666.37 531.39 639.0 2896.06 3027.37
ynao_sd_20030306_0055_li 61 57 4 2 0 2379.34 3122.86 559.52 614.58 1819.82 2508.28
ynao_sd_20030307_0100_li 55 52 3 2 0 1255.73 1444.65 506.4 646.41 749.33 798.24
ynao_sd_20030310_0600_ye 69 67 2 2 0 1838.19 2623.2 848.53 1139.79 989.66 1483.41
ynao_sd_20030311_0110_ye 37 34 3 3 0 1863.68 2730.11 733.7 1070.86 1129.98 1659.25
ynao_sd_20030312_0100_ye 43 39 4 5 0 1986.3 2670.96 704.22 1008.84 1282.08 1662.12
ynao_sd_20030313_0255_ye 16 14 2 1 0 1404.4 1458.37 479.56 508.9 924.84 949.47
ynao_sd_20030314_0210_ye 23 19 4 2 0 1507.71 1591.44 406.57 456.23 1101.14 1135.21
ynao_sd_20030315_0050_ye 55 49 6 4 0 1848.76 2020.56 800.86 883.81 1047.9 1136.75
ynao_sd_20030316_0150_ye 57 45 12 4 0 2040.62 2383.71 707.18 837.34 1333.44 1546.37
ynao_sd_20030317_0100_li 32 21 11 4 0 1794.55 2346.66 409.78 528.89 1384.77 1817.77
ynao_sd_20030318_0050_li 33 16 17 7 0 2713.95 6558.93 267.37 411.7 2446.58 6147.23
ynao_sd_20030319_0150_li 26 18 8 4 0 973.7 2072.24 258.73 512.57 714.97 1559.67
ynao_sd_20030320_0125_li 17 14 3 2 0 238.86 516.75 158.22 327.81 80.64 188.94
ynao_sd_20030321_0050_li 8 8 0 0 0 70.84 204.4 70.84 204.4 0 0
ynao_sd_20030322_0205_li 2 2 0 0 0 22.34 24.13 22.34 24.13 0 0
ynao_sd_20030323_0200_li 8 8 0 0 0 47.73 96.33 47.73 96.33 0 0
ynao_sd_20030324_0110_ye 25 25 0 0 0 255.56 361.93 255.56 361.93 0 0
ynao_sd_20030325_0110_ye 33 33 0 0 0 312.62 705.06 312.62 705.06 0 0
ynao_sd_20030326_0120_ye 52 49 3 2 0 584.03 1008.21 457.79 741.24 126.24 266.97
ynao_sd_20030327_0110_ye 69 62 7 6 0 1268.87 1722.91 633.35 900.52 635.52 822.39
ynao_sd_20030328_0115_ye 69 59 10 4 0 1912.19 2694.63 946.62 1594.66 965.57 1099.97
ynao_sd_20030329_0215_ye 98 86 12 5 0 1997.28 2767.37 956.88 1245.14 1040.4 1522.23
ynao_sd_20030330_0150_ye 96 80 16 9 0 4855.64 6949.88 1077.3 1345.79 3778.34 5604.09
ynao_sd_20030331_0050_li 94 76 18 7 0 2360.97 2960.42 767.06 990.93 1593.91 1969.49
ynao_sd_20030401_0120_li 85 68 17 8 0 3433.82 4184.41 690.56 796.34 2743.26 3388.07
ynao_sd_20030402_0105_li 55 43 12 10 0 2548.03 3899.06 448.53 544.53 2099.5 3354.53
ynao_sd_20030403_0100_ye 121 107 14 6 0 2088.72 2514.08 985.04 1245.23 1103.68 1268.85
ynao_sd_20030404_0040_li 60 46 14 7 0 1668.45 2670.05 553.9 882.1 1114.55 1787.95
ynao_sd_20030405_0050_li 41 29 12 8 0 1748.27 2821.06 386.33 606.68 1361.94 2214.38
ynao_sd_20030406_0130_li 28 20 8 3 0 1371.44 2132.28 333.77 635.32 1037.67 1496.96
ynao_sd_20030407_0110_ye 16 13 3 2 0 1412.36 1990.2 454.53 681.9 957.83 1308.3
ynao_sd_20030408_0105_ye 18 16 2 2 0 1331.36 1824.46 394.04 520.56 937.32 1303.9
ynao_sd_20030409_0100_ye 26 25 1 3 0 2405.56 3264.24 336.62 394.42 2068.94 2869.82
ynao_sd_20030410_0105_ye 38 35 3 2 0 2805.09 3374.16 485.96 752.68 2319.13 2621.48
ynao_sd_20030411_0110_ye 21 19 2 2 0 2292.76 4192.33 346.37 458.37 1946.39 3733.96
ynao_sd_20030412_0100_ye 18 17 1 1 0 798.48 977.31 310.15 396.46 488.33 580.85
ynao_sd_20030413_0145_ye 32 29 3 2 0 891.61 1285.31 413.95 621.39 477.66 663.92
ynao_sd_20030414_0340_li 12 9 3 2 0 565.9 955.94 105.35 171.78 460.55 784.16
ynao_sd_20030415_0120_li 14 12 2 2 0 363.39 776.02 114.95 190.53 248.44 585.49
ynao_sd_20030416_0035_li 4 3 1 1 1 1156.12 1455.23 97.65 395.98 1058.47 1059.25
ynao_sd_20030417_0040_li 3 2 1 1 0 125.18 128.94 22.84 24.13 102.34 104.81
ynao_sd_20030418_0030_li 15 13 2 2 0 237.37 480.06 100.15 135.07 137.22 344.99
ynao_sd_20030419_0420_li 9 6 3 3 0 2068.14 6673.4 91.94 203.74 1976.2 6469.66
ynao_sd_20030420_0130_li 22 17 5 2 0 607.39 1129.75 247.07 465.53 360.32 664.22
ynao_sd_20030421_0110_ye 39 34 5 3 0 1007.1 1479.53 405.34 581.11 601.76 898.42
ynao_sd_20030422_0030_ye 58 49 9 4 0 1141.53 1508.98 490.0 708.92 651.53 800.06
ynao_sd_20030423_0045_ye 57 51 6 4 0 1160.36 1364.75 588.0 730.3 572.36 634.45
ynao_sd_20030424_0055_ye 72 68 4 3 0 2201.16 2523.64 649.25 783.22 1551.91 1740.42
ynao_sd_20030425_0050_ye 91 84 7 3 0 1376.99 1856.75 815.71 1266.9 561.28 589.85
ynao_sd_20030426_0020_ye 66 53 13 9 0 4632.18 8131.45 702.87 1034.71 3929.31 7096.74
ynao_sd_20030427_0135_ye 69 52 17 8 0 1883.19 2479.06 687.35 1029.14 1195.84 1449.92
ynao_sd_20030428_0130_li 83 64 19 9 0 2122.72 2572.24 601.08 764.51 1521.64 1807.73
ynao_sd_20030430_0250_li 62 42 20 12 0 2785.04 3173.43 628.54 811.25 2156.5 2362.18
ynao_sd_20030501_0255_ye 89 57 32 11 0 3667.14 4316.56 1067.44 1393.01 2599.7 2923.55
ynao_sd_20030502_0135_ye 84 57 27 12 0 3543.96 4332.92 1080.71 1356.28 2463.25 2976.64
ynao_sd_20030503_0135_ye 63 47 16 9 0 2400.45 3019.08 798.4 1069.97 1602.05 1949.11
ynao_sd_20030504_0150_ye 70 53 17 10 0 2664.08 3577.29 909.89 1328.36 1754.19 2248.93
ynao_sd_20030505_0140_li 52 36 16 11 0 2293.36 3439.77 694.77 1059.11 1598.59 2380.66
ynao_sd_20030506_0030_li 50 35 15 7 0 3338.82 7038.27 599.28 1169.47 2739.54 5868.8
ynao_sd_20030507_0040_li 18 14 4 3 0 796.87 1543.73 281.7 657.94 515.17 885.79
ynao_sd_20030508_0035_li 11 10 1 1 0 510.49 541.06 101.46 108.4 409.03 432.66
ynao_sd_20030509_0040_li 5 3 2 1 0 444.13 614.22 92.58 206.73 351.55 407.49
ynao_sd_20030510_0050_li 4 3 1 1 0 332.9 498.39 78.87 155.41 254.03 342.98
ynao_sd_20030511_0210_li 6 5 1 1 0 217.38 391.01 53.07 96.68 164.31 294.33
ynao_sd_20030512_0045_ye 8 6 2 2 0 284.66 576.02 117.15 251.13 167.51 324.89
ynao_sd_20030514_0240_ye 24 22 2 2 0 304.46 328.49 197.97 215.81 106.49 112.68
ynao_sd_20030515_0050_ye 30 28 2 2 0 317.34 347.34 235.65 261.72 81.69 85.62
ynao_sd_20030516_0030_ye 31 31 0 0 0 321.12 543.82 321.12 543.82 0 0
ynao_sd_20030517_0410_ye 34 33 1 1 0 337.61 519.55 272.27 381.05 65.34 138.5
ynao_sd_20030521_0050_li 30 28 2 2 0 330.76 446.9 261.17 376.02 69.59 70.88
ynao_sd_20030522_0210_li 29 27 2 2 0 2820.43 6291.28 269.09 565.02 2551.34 5726.26
ynao_sd_20030523_0030_li 21 21 0 1 0 1803.93 6025.48 219.66 495.48 1584.27 5530.0
ynao_sd_20030524_0035_li 13 11 2 2 0 284.18 533.13 91.71 133.24 192.47 399.89
ynao_sd_20030525_0450_li 26 20 6 4 0 609.04 907.66 229.29 380.14 379.75 527.52
ynao_sd_20030526_0020_ye 40 33 7 5 0 2029.68 2145.28 406.76 449.03 1622.92 1696.25
ynao_sd_20030527_0020_ye 71 54 17 6 0 2896.27 3020.34 599.32 626.17 2296.95 2394.17
ynao_sd_20030528_0235_ye 59 41 18 5 0 1888.48 2387.05 600.62 737.19 1287.86 1649.86
ynao_sd_20030529_0450_ye 40 22 18 6 1 1865.32 2404.27 445.52 561.1 1419.8 1843.17
ynao_sd_20030530_0325_ye 32 19 13 7 0 1262.45 1854.57 404.0 587.76 858.45 1266.81
ynao_sd_20030531_0625_ye 21 13 8 4 0 885.68 1678.01 290.69 528.06 594.99 1149.95
ynao_sd_20030601_0235_ye 32 27 5 2 0 716.14 1566.68 349.04 792.62 367.1 774.06
ynao_sd_20030602_0240_li 22 18 4 2 0 596.14 1064.36 198.21 314.93 397.93 749.43
ynao_sd_20030603_0040_li 27 23 4 2 0 813.2 1297.42 271.37 394.92 541.83 902.5
ynao_sd_20030607_0750_li 63 45 18 8 0 2095.98 2793.56 529.54 718.77 1566.44 2074.79
ynao_sd_20030608_0350_li 63 44 19 8 1 2396.73 3236.38 589.66 816.34 1807.07 2420.04
ynao_sd_20030609_0140_ye 112 89 23 10 0 3541.44 4558.67 1206.11 1464.7 2335.33 3093.97
ynao_sd_20030610_0750_ye 101 73 28 12 0 3997.37 4957.17 1329.98 1631.02 2667.39 3326.15
ynao_sd_20030612_0425_ye 102 81 21 12 0 2621.79 4158.76 982.59 1408.19 1639.2 2750.57
ynao_sd_20030614_0105_ye 71 64 7 5 0 3122.38 5257.43 715.74 998.58 2406.64 4258.85
ynao_sd_20030615_0305_ye 51 48 3 2 0 790.29 1235.09 404.69 633.92 385.6 601.17
ynao_sd_20030618_0650_li 35 32 3 3 0 585.72 1007.48 376.08 611.82 209.64 395.66
ynao_sd_20030619_0300_li 44 41 3 5 0 743.86 1181.51 388.69 621.85 355.17 559.66
ynao_sd_20030620_0650_li 67 64 3 4 0 934.77 1163.67 476.48 544.52 458.29 619.15
ynao_sd_20030621_0030_li 68 62 6 5 0 906.08 1064.2 479.48 544.29 426.6 519.91
ynao_sd_20030622_0450_li 57 49 8 4 0 840.87 940.37 425.93 487.22 414.94 453.15
ynao_sd_20030623_0235_ye 59 54 5 2 0 744.3 947.43 521.87 713.32 222.43 234.11
ynao_sd_20030625_0300_ye 43 34 9 6 0 1712.33 2896.03 399.49 578.8 1312.84 2317.23
ynao_sd_20030627_0830_li 47 42 5 4 0 889.09 1841.88 497.64 1021.31 391.45 820.57
ynao_sd_20030701_0400_li 47 42 5 6 0 3639.57 6969.29 709.33 1084.43 2930.24 5884.86
ynao_sd_20030702_0740_li 52 45 7 5 0 1677.64 1910.2 518.96 620.36 1158.68 1289.84
ynao_sd_20030703_0420_li 74 68 6 6 0 1872.39 2063.93 644.21 764.13 1228.18 1299.8
ynao_sd_20030704_0330_li 68 54 14 14 0 3068.11 3275.56 666.93 737.45 2401.18 2538.11
ynao_sd_20030709_0220_li 63 55 8 9 0 949.09 1724.71 532.5 898.05 416.59 826.66
ynao_sd_20030710_0120_li 43 42 1 3 0 574.02 1182.38 472.36 993.56 101.66 188.82
ynao_sd_20030711_0045_li 33 28 5 2 0 448.67 646.01 262.14 452.19 186.53 193.82
ynao_sd_20030714_0300_li 42 35 7 4 0 1774.17 3228.08 363.07 559.97 1411.1 2668.11
ynao_sd_20030715_0045_li 53 43 10 7 0 3487.14 6247.74 420.49 687.41 3066.65 5560.33
ynao_sd_20030716_0140_li 51 40 11 9 0 5218.43 9702.12 460.96 666.75 4757.47 9035.37
ynao_sd_20030717_0030_li 62 53 9 7 0 1899.97 2617.89 541.79 791.49 1358.18 1826.4
ynao_sd_20030718_0025_li 86 80 6 7 0 2447.19 2893.79 766.71 913.36 1680.48 1980.43
ynao_sd_20030719_0140_li 105 99 6 7 0 2546.03 2854.73 895.34 982.59 1650.69 1872.14
ynao_sd_20030722_0240_li 79 57 22 14 0 4415.08 6263.14 886.61 1227.35 3528.47 5035.79
ynao_sd_20030723_0605_li 42 25 17 11 0 2989.53 5872.51 623.57 1215.21 2365.96 4657.3
ynao_sd_20030724_0040_li 40 26 14 5 0 2104.09 5621.3 524.3 1316.76 1579.79 4304.54
ynao_sd_20030728_0605_li 13 11 2 2 0 260.17 381.57 143.11 175.53 117.06 206.04
ynao_sd_20030729_0440_li 15 8 7 5 0 756.33 1344.9 225.82 457.2 530.51 887.7
ynao_sd_20030730_0035_li 16 8 8 5 0 671.99 1016.66 206.78 341.65 465.21 675.01
ynao_sd_20030731_0640_li 24 16 8 3 0 698.78 934.88 262.36 427.92 436.42 506.96
ynao_sd_20030801_0040_li 26 22 4 2 0 684.13 830.3 266.87 377.99 417.26 452.31
ynao_sd_20030802_0100_li 33 26 7 3 0 2107.26 6447.27 373.08 859.04 1734.18 5588.23
ynao_sd_20030803_0150_li 43 31 12 5 0 1218.06 2130.81 359.47 556.83 858.59 1573.98
ynao_sd_20030804_0055_li 42 32 10 7 0 1708.71 2523.89 467.92 646.22 1240.79 1877.67
ynao_sd_20030805_0040_li 53 41 12 8 0 3311.15 5929.97 502.74 692.74 2808.41 5237.23
ynao_sd_20030806_0030_li 51 36 15 8 0 3409.51 3936.68 546.33 702.26 2863.18 3234.42
ynao_sd_20030807_0120_li 51 39 12 4 0 2002.58 2298.16 503.46 623.61 1499.12 1674.55
ynao_sd_20030808_0045_li 49 39 10 6 0 2324.51 2666.97 534.22 685.16 1790.29 1981.81
ynao_sd_20030810_0140_li 48 35 13 8 0 1537.98 2113.69 467.17 763.09 1070.81 1350.6
ynao_sd_20030811_0210_li 52 41 11 8 0 1416.2 2119.62 464.63 736.91 951.57 1382.71
ynao_sd_20030812_0430_li 68 62 6 7 0 1366.96 2762.16 496.88 776.01 870.08 1986.15
ynao_sd_20030813_0200_li 52 47 5 6 0 1068.07 2909.32 394.87 734.34 673.2 2174.98
ynao_sd_20030814_0215_li 51 37 14 6 0 1193.31 1376.09 358.6 482.37 834.71 893.72
ynao_sd_20030815_0230_li 44 39 5 4 0 1075.74 1156.59 481.53 533.2 594.21 623.39
ynao_sd_20030818_0320_li 47 43 4 2 0 530.29 896.61 426.63 774.54 103.66 122.07
ynao_sd_20030819_0825_li 21 20 1 3 0 370.76 678.6 163.59 306.61 207.17 371.99
ynao_sd_20030820_0130_li 30 27 3 4 0 2465.29 5021.57 273.98 473.41 2191.31 4548.16
ynao_sd_20030821_0120_li 39 37 2 1 0 347.52 430.33 262.99 330.82 84.53 99.51
ynao_sd_20030822_0100_li 56 52 4 2 0 567.18 730.32 385.58 540.69 181.6 189.63
ynao_sd_20030823_0545_li 42 39 3 2 0 550.95 638.66 454.79 485.73 96.16 152.93
ynao_sd_20030824_0145_li 88 79 9 7 0 980.89 1140.16 617.51 680.08 363.38 460.08
ynao_sd_20030825_0030_li 80 75 5 4 0 1790.86 2424.94 593.12 705.61 1197.74 1719.33
ynao_sd_20030826_0115_li 59 56 3 3 0 630.39 747.42 431.77 500.66 198.62 246.76
ynao_sd_20030827_0120_li 65 62 3 2 0 621.16 711.36 449.76 521.0 171.4 190.36
ynao_sd_20030829_0710_li 34 29 5 4 0 1454.82 4095.63 319.65 515.75 1135.17 3579.88
ynao_sd_20030831_0550_li 30 25 5 3 0 1897.64 2491.51 272.35 321.25 1625.29 2170.26
ynao_sd_20030903_0045_li 19 18 1 1 0 231.89 361.38 176.53 301.67 55.36 59.71
ynao_sd_20030905_0830_li 33 30 3 2 0 514.07 759.98 300.16 408.22 213.91 351.76
ynao_sd_20030906_0115_li 10 8 2 1 0 237.41 437.47 131.85 236.88 105.56 200.59
ynao_sd_20030908_0055_li 7 7 0 0 0 93.06 236.53 93.06 236.53 0 0
ynao_sd_20030909_0030_li 9 8 1 1 0 105.79 114.46 62.56 69.16 43.23 45.3
ynao_sd_20030911_0250_li 33 31 2 2 0 261.25 287.48 190.74 209.07 70.51 78.41
ynao_sd_20030912_0650_li 23 22 1 1 0 326.64 434.18 257.14 347.5 69.5 86.68
ynao_sd_20030913_0240_li 22 21 1 1 0 270.94 409.48 244.04 367.01 26.9 42.47
ynao_sd_20030915_0050_li 21 20 1 1 0 1071.57 1733.84 154.48 356.82 917.09 1377.02
ynao_sd_20030916_0530_li 14 12 2 2 0 1523.09 4546.76 122.23 212.33 1400.86 4334.43
ynao_sd_20030917_0035_li 31 30 1 2 0 2697.37 5409.03 255.37 332.96 2442.0 5076.07
ynao_sd_20030918_0500_li 22 19 3 3 0 2634.82 3875.97 251.56 401.86 2383.26 3474.11
ynao_sd_20030919_0240_li 24 19 5 5 0 1430.0 2080.41 330.17 492.66 1099.83 1587.75
ynao_sd_20030920_0140_li 13 9 4 5 0 2973.42 6656.6 184.52 571.97 2788.9 6084.63
ynao_sd_20030923_0040_li 34 25 9 8 0 3357.83 6143.96 375.83 676.76 2982.0 5467.2
ynao_sd_20030924_0050_li 51 41 10 5 0 1362.6 1675.81 438.46 571.24 924.14 1104.57
ynao_sd_20030925_0100_li 77 60 17 10 0 1673.39 1827.69 566.72 626.71 1106.67 1200.98
ynao_sd_20030926_0045_li 73 58 15 8 0 1473.45 1527.73 507.45 526.63 966.0 1001.1
ynao_sd_20030927_0210_li 69 58 11 7 0 2731.78 2912.13 762.82 782.84 1968.96 2129.29
ynao_sd_20030929_0330_li 37 30 7 6 0 1402.37 1855.43 526.07 818.62 876.3 1036.81
ynao_sd_20030930_0310_li 39 33 6 5 0 2445.25 5490.04 594.49 1229.23 1850.76 4260.81
ynao_sd_20031001_0410_li 40 36 4 6 0 3790.15 8313.54 531.02 1226.41 3259.13 7087.13
ynao_sd_20031002_0405_li 40 34 6 3 0 802.57 1539.78 457.91 897.91 344.66 641.87
ynao_sd_20031003_0205_li 41 36 5 3 0 779.44 1292.2 502.36 931.79 277.08 360.41
ynao_sd_20031004_0135_li 40 34 6 3 0 734.48 882.9 362.41 455.59 372.07 427.31
ynao_sd_20031005_0200_li 34 32 2 3 0 618.57 698.17 318.11 377.84 300.46 320.33
ynao_sd_20031007_0410_li 38 33 5 7 0 2367.45 4582.92 274.74 364.57 2092.71 4218.35
ynao_sd_20031008_0040_li 45 38 7 4 0 734.18 872.95 307.4 376.62 426.78 496.33
ynao_sd_20031009_0055_li 42 39 3 5 0 734.39 944.97 418.9 516.38 315.49 428.59
ynao_sd_20031010_0220_li 34 31 3 2 0 424.19 660.14 275.96 422.2 148.23 237.94
ynao_sd_20031011_0250_li 30 29 1 2 0 1455.71 1745.35 273.23 550.18 1182.48 1195.17
ynao_sd_20031013_0240_li 3 3 0 0 0 38.36 43.2 38.36 43.2 0 0
ynao_sd_20031017_0250_li 8 8 0 0 0 56.86 172.74 56.86 172.74 0 0
ynao_sd_20031018_0250_li 11 8 3 2 0 2006.13 2751.56 139.36 373.04 1866.77 2378.52
ynao_sd_20031021_0450_li 40 17 23 2 0 3284.97 4021.98 602.41 744.99 2682.56 3276.99
ynao_sd_20031022_0130_li 65 29 36 2 0 5345.47 5728.21 769.34 849.05 4576.13 4879.16
ynao_sd_20031023_0240_li 40 19 21 6 0 5894.0 8099.14 579.8 799.27 5314.2 7299.87
ynao_sd_20031024_0220_li 75 34 41 6 0 5885.96 8985.71 1025.99 1619.66 4859.97 7366.05
ynao_sd_20031025_0350_li 83 31 52 7 0 7022.2 10025.65 1308.82 1980.91 5713.38 8044.74
ynao_sd_20031027_0340_li 112 71 41 14 1 9035.32 11416.17 1410.75 1753.07 7624.57 9663.1
ynao_sd_20031028_0730_li 125 83 42 17 0 8335.67 10046.84 1809.6 2231.18 6526.07 7815.66
ynao_sd_20031029_0210_li 166 109 57 15 0 10835.2 12696.71 2447.13 2969.83 8388.07 9726.88
ynao_sd_20031031_0100_li 168 106 62 19 0 9182.51 11068.52 1964.3 2405.95 7218.21 8662.57
ynao_sd_20031102_0140_li 72 46 26 8 0 5333.47 8807.66 956.22 1520.22 4377.25 7287.44
ynao_sd_20031103_0440_li 57 30 27 7 0 2785.59 6649.62 587.33 1331.1 2198.26 5318.52
ynao_sd_20031104_0100_li 22 15 7 3 0 1130.12 3704.54 219.81 602.19 910.31 3102.35
ynao_sd_20031105_0120_li 8 7 1 1 0 136.89 220.05 59.93 86.21 76.96 133.84
ynao_sd_20031106_0100_li 2 2 0 0 0 12.6 14.86 12.6 14.86 0 0
ynao_sd_20031107_0120_li 4 4 0 1 0 1267.94 4591.02 68.83 213.74 1199.11 4377.28
ynao_sd_20031108_0100_li 2 2 0 0 0 11.79 14.5 11.79 14.5 0 0
ynao_sd_20031109_0145_li 15 15 0 0 0 153.03 170.38 153.03 170.38 0 0
ynao_sd_20031111_0040_li 13 12 1 1 0 271.04 433.24 167.9 254.9 103.14 178.34
ynao_sd_20031112_0700_li 6 5 1 1 0 128.32 343.7 68.76 175.04 59.56 168.66
ynao_sd_20031113_0220_li 6 5 1 0 0 74.44 325.44 81.14 369.61 6.7 44.17
ynao_sd_20031114_0100_li 6 6 0 2 0 1362.99 2573.54 111.98 326.52 1251.01 2247.02
ynao_sd_20031116_0140_li 17 12 5 2 0 601.56 854.09 164.17 226.21 437.39 627.88
ynao_sd_20031117_0230_li 23 17 6 3 0 712.39 865.96 220.35 282.83 492.04 583.13
ynao_sd_20031118_0100_li 22 14 8 3 0 925.04 1002.9 230.71 264.37 694.33 738.53
ynao_sd_20031119_0113_li 36 18 18 5 0 3224.86 7885.96 458.36 1088.66 2766.5 6797.3
ynao_sd_20031120_0050_li 39 23 16 7 0 2851.98 4449.32 515.0 1138.66 2336.98 3310.66
ynao_sd_20031121_0140_li 49 32 17 7 0 2254.39 3226.98 558.12 849.49 1696.27 2377.49
ynao_sd_20031123_0440_li 71 54 17 8 0 4632.39 6886.25 821.01 1041.5 3811.38 5844.75
ynao_sd_20031124_0120_li 75 58 17 9 0 3075.16 3494.92 795.28 956.1 2279.88 2538.82
ynao_sd_20031125_0250_li 104 86 18 7 0 2608.48 3045.65 911.4 1256.77 1697.08 1788.88
ynao_sd_20031126_0130_li 87 70 17 7 0 2114.97 2367.87 766.54 880.96 1348.43 1486.91
ynao_sd_20031128_0055_li 99 85 14 9 0 1573.63 2141.5 663.2 909.52 910.43 1231.98
ynao_sd_20031130_0150_li 70 65 5 5 0 985.64 1767.75 702.53 1334.87 283.11 432.88
ynao_sd_20031201_0120_li 56 52 4 5 0 1868.5 3276.3 446.64 906.68 1421.86 2369.62
ynao_sd_20031202_0100_li 44 38 6 5 0 3809.3 4737.53 498.95 612.38 3310.35 4125.15
ynao_sd_20031203_0130_li 35 29 6 6 0 2595.72 4632.9 329.87 434.64 2265.85 4198.26
ynao_sd_20031204_0100_li 39 32 7 4 0 795.95 938.63 287.55 352.77 508.4 585.86
ynao_sd_20031205_0230_li 20 13 7 4 0 663.09 759.32 173.27 231.6 489.82 527.72
ynao_sd_20031206_0055_li 35 28 7 4 0 693.58 902.22 317.46 491.04 376.12 411.18
ynao_sd_20031208_0140_li 14 11 3 2 0 373.37 555.79 157.61 288.75 215.76 267.04
ynao_sd_20031209_0305_li 4 3 1 1 0 215.33 312.84 88.83 151.23 126.5 161.61
ynao_sd_20031211_0710_li 6 5 1 3 0 3457.76 9009.42 148.3 388.5 3309.46 8620.92
ynao_sd_20031212_0130_li 5 3 2 2 0 2072.38 3881.46 288.08 581.2 1784.3 3300.26
ynao_sd_20031213_0410_li 10 8 2 2 0 345.99 476.58 102.84 141.46 243.15 335.12
ynao_sd_20031215_0700_li 22 21 1 2 0 451.87 526.3 213.67 277.34 238.2 248.96
ynao_sd_20031217_0150_li 30 24 6 5 0 5284.49 11283.62 337.19 511.74 4947.3 10771.88
ynao_sd_20031220_0120_li 34 30 4 3 0 1577.28 5112.52 345.68 645.32 1231.6 4467.2
ynao_sd_20031221_0340_li 45 38 7 5 0 2079.4 2431.58 349.23 465.94 1730.17 1965.64
ynao_sd_20031222_0130_li 65 54 11 10 0 4186.86 5832.06 640.17 843.26 3546.69 4988.8
ynao_sd_20031223_0055_li 57 50 7 8 0 3712.58 4030.76 596.46 715.8 3116.12 3314.96
ynao_sd_20031224_0130_li 52 41 11 7 0 2434.94 2657.13 463.26 494.82 1971.68 2162.31
ynao_sd_20031225_0120_li 45 32 13 5 0 1664.88 1747.54 419.23 465.51 1245.65 1282.03
ynao_sd_20031226_0200_li 43 32 11 4 0 1557.8 1720.71 443.76 523.62 1114.04 1197.09
ynao_sd_20031227_0205_li 32 25 7 3 0 1298.15 1525.62 286.34 332.09 1011.81 1193.53
ynao_sd_20031228_0220_li 25 18 7 3 0 853.35 1204.48 239.62 319.09 613.73 885.39
ynao_sd_20031229_0105_li 16 12 4 4 0 2592.55 3841.15 172.06 299.86 2420.49 3541.29
ynao_sd_20031230_0130_li 10 8 2 2 0 271.41 725.86 107.84 275.31 163.57 450.55
ynao_sd_20031231_0120_li 5 5 0 1 0 1782.34 5546.89 80.42 230.33 1701.92 5316.56
