ynao_sd_20040101_0210_li 17 17 0 0 0 121.51 152.72 121.51 152.72 0 0
ynao_sd_20040102_0200_ye 29 25 4 1 0 849.11 2375.48 355.91 796.51 493.2 1578.97
ynao_sd_20040103_0145_ye 41 32 9 4 0 1441.93 2732.9 470.65 790.65 971.28 1942.25
ynao_sd_20040104_0115_ye 34 21 13 5 0 1862.18 2861.54 414.22 655.37 1447.96 2206.17
ynao_sd_20040105_0130_ye 45 34 11 4 0 2118.46 2735.91 585.17 813.02 1533.29 1922.89
ynao_sd_20040106_0140_ye 40 31 9 2 0 2198.15 2380.45 769.7 840.13 1428.45 1540.32
ynao_sd_20040107_0130_ye 46 32 14 4 1 2390.0 2646.61 653.84 875.36 1736.16 1771.25
ynao_sd_20040108_0135_li 57 48 9 4 0 2152.86 2434.84 766.85 917.02 1386.01 1517.82
ynao_sd_20040109_0420_li 38 28 10 2 0 1867.69 2156.15 578.82 695.18 1288.87 1460.97
ynao_sd_20040110_0130_li 44 29 15 4 0 1691.3 1991.95 421.78 494.58 1269.52 1497.37
ynao_sd_20040111_0130_ye 39 29 10 5 0 1323.22 1712.55 436.14 557.41 887.08 1155.14
ynao_sd_20040112_0130_ye 28 18 10 4 0 1111.11 1603.01 264.59 379.1 846.52 1223.91
ynao_sd_20040113_0130_ye 16 10 6 6 0 765.01 1328.41 186.98 306.13 578.03 1022.28
ynao_sd_20040114_0150_ye 27 22 5 4 0 900.36 1673.17 344.0 784.54 556.36 888.63
ynao_sd_20040115_0230_li 30 22 8 3 0 808.3 1100.24 245.27 337.28 563.03 762.96
ynao_sd_20040116_0130_li 30 22 8 3 0 768.81 1040.48 257.72 372.45 511.09 668.03
ynao_sd_20040117_0140_li 28 19 9 4 0 2318.18 2563.28 244.32 314.14 2073.86 2249.14
ynao_sd_20040118_0130_li 40 33 7 4 0 768.0 912.56 329.17 405.51 438.83 507.05
ynao_sd_20040119_0150_li 41 40 1 4 0 1723.8 4508.9 327.94 357.0 1395.86 4151.9
ynao_sd_20040120_0130_li 71 62 9 7 0 1119.04 1184.99 557.35 592.07 561.69 592.92
ynao_sd_20040122_0120_ye 41 33 8 6 0 844.73 966.49 400.48 450.35 444.25 516.14
ynao_sd_20040126_0130_ye 9 9 0 0 0 76.26 146.31 76.26 146.31 0 0
ynao_sd_20040128_0125_ye 8 8 0 0 0 55.81 61.31 55.81 61.31 0 0
ynao_sd_20040129_0130_li 2 2 0 0 0 29.51 109.47 29.51 109.47 0 0
ynao_sd_20040130_0200_li 10 7 3 1 0 99.92 152.04 87.68 112.43 12.24 39.61
ynao_sd_20040131_0130_li 12 12 0 0 0 97.47 171.03 97.47 171.03 0 0
ynao_sd_20040201_0140_li 19 18 1 1 0 211.14 381.61 181.44 314.16 29.7 67.45
ynao_sd_20040202_0130_ye 67 64 3 4 0 661.92 928.88 509.48 688.93 152.44 239.95
ynao_sd_20040203_0130_ye 70 66 4 3 0 784.24 1050.76 558.91 732.59 225.33 318.17
ynao_sd_20040205_0730_li 29 24 5 6 1 504.77 585.47 221.07 259.68 283.7 325.79
ynao_sd_20040208_0700_ye 43 33 10 5 0 1117.99 1382.86 489.04 632.11 628.95 750.75
ynao_sd_20040209_0415_ye 49 36 13 4 0 1474.4 1962.78 592.11 804.53 882.29 1158.25
ynao_sd_20040210_0135_ye 37 27 10 4 0 1096.1 1445.75 430.68 593.72 665.42 852.03
ynao_sd_20040211_0130_ye 42 31 11 6 0 1741.42 2164.61 392.85 530.64 1348.57 1633.97
ynao_sd_20040213_0150_li 29 26 3 3 0 1693.19 3187.13 227.26 250.15 1465.93 2936.98
ynao_sd_20040214_0420_li 22 20 2 2 0 1327.77 1504.16 194.68 308.04 1133.09 1196.12
ynao_sd_20040215_0135_ye 40 40 0 1 0 651.09 750.58 361.23 444.31 289.86 306.27
ynao_sd_20040216_0125_ye 30 27 3 1 0 488.43 603.12 278.72 356.22 209.71 246.9
ynao_sd_20040217_0140_ye 22 21 1 1 0 309.2 457.45 166.44 259.42 142.76 198.03
ynao_sd_20040218_0250_ye 7 6 1 1 0 100.05 171.95 52.62 84.61 47.43 87.34
ynao_sd_20040219_0130_li 4 2 2 1 0 1237.14 1378.88 60.0 115.9 1177.14 1262.98
ynao_sd_20040220_0140_ye 9 5 4 2 0 2275.43 4298.1 78.35 195.91 2197.08 4102.19
ynao_sd_20040222_0100_ye 16 16 0 0 0 238.04 321.08 238.04 321.08 0 0
ynao_sd_20040223_0145_ye 32 30 2 2 0 749.88 881.52 389.34 473.41 360.54 408.11
ynao_sd_20040224_0135_ye 43 38 5 2 0 1081.46 1185.14 593.56 658.03 487.9 527.11
ynao_sd_20040225_0140_ye 66 51 15 5 0 1595.53 1701.66 623.33 662.33 972.2 1039.33
ynao_sd_20040226_0130_li 43 32 11 8 0 1634.01 1778.62 443.73 477.79 1190.28 1300.83
ynao_sd_20040227_0130_li 39 25 14 5 0 3795.75 4330.71 440.6 522.16 3355.15 3808.55
ynao_sd_20040229_0215_ye 41 25 16 7 0 1328.4 2178.88 401.1 603.26 927.3 1575.62
ynao_sd_20040301_0115_ye 26 17 9 6 0 617.42 1236.01 245.74 483.26 371.68 752.75
ynao_sd_20040302_0030_ye 27 26 1 2 0 348.6 582.07 230.16 404.13 118.44 177.94
ynao_sd_20040304_0320_li 24 21 3 2 0 287.51 302.38 128.36 135.25 159.15 167.13
ynao_sd_20040305_0120_li 24 21 3 2 0 380.08 445.47 255.16 304.75 124.92 140.72
ynao_sd_20040309_0135_ye 38 31 7 3 0 1280.3 1773.05 442.38 669.45 837.92 1103.6
ynao_sd_20040312_0125_li 45 34 11 5 0 1367.92 1489.09 369.13 482.69 998.79 1006.4
ynao_sd_20040313_0220_li 29 18 11 5 0 1220.25 1342.97 309.15 390.33 911.1 952.64
ynao_sd_20040314_0145_ye 30 25 5 3 0 1148.7 1369.6 391.86 507.97 756.84 861.63
ynao_sd_20040315_0200_ye 21 17 4 4 0 857.75 1116.77 213.43 273.96 644.32 842.81
ynao_sd_20040316_0125_ye 20 17 3 3 0 545.36 862.66 210.04 315.66 335.32 547.0
ynao_sd_20040317_0145_ye 36 34 2 2 0 480.78 1094.67 339.72 760.74 141.06 333.93
ynao_sd_20040318_0120_li 22 20 2 2 0 1677.12 5216.79 276.41 709.61 1400.71 4507.18
ynao_sd_20040319_0140_li 27 19 8 4 0 1734.25 5256.34 245.78 404.46 1488.47 4851.88
ynao_sd_20040320_0120_li 31 28 3 3 0 412.4 628.88 260.17 397.0 152.23 231.88
ynao_sd_20040321_0145_ye 39 33 6 5 0 2019.66 2589.86 338.6 469.48 1681.06 2120.38
ynao_sd_20040322_0200_ye 51 49 2 2 0 580.31 666.19 440.82 506.91 139.49 159.28
ynao_sd_20040323_0100_ye 54 45 9 7 0 920.25 990.91 436.18 477.54 484.07 513.37
ynao_sd_20040324_0100_ye 56 49 7 6 0 858.08 931.11 487.21 533.11 370.87 398.0
ynao_sd_20040325_0115_li 51 44 7 5 0 1720.23 2099.52 470.54 805.56 1249.69 1293.96
ynao_sd_20040326_0055_li 48 39 9 6 0 1944.21 2833.01 438.47 832.34 1505.74 2000.67
ynao_sd_20040327_0040_li 46 41 5 5 0 947.75 1572.32 368.81 617.82 578.94 954.5
ynao_sd_20040328_0150_ye 57 54 3 3 0 1161.06 1642.99 657.08 968.06 503.98 674.93
ynao_sd_20040329_0055_ye 43 40 3 4 0 1195.88 1538.58 538.29 772.24 657.59 766.34
ynao_sd_20040330_0055_ye 49 47 2 2 0 1211.57 1444.11 612.78 811.8 598.79 632.31
ynao_sd_20040331_0300_ye 57 51 6 3 0 1211.36 1357.82 515.1 599.12 696.26 758.7
ynao_sd_20040401_0140_li 46 37 9 3 0 1072.95 1189.82 345.22 384.59 727.73 805.23
ynao_sd_20040402_0640_li 42 34 8 4 0 2495.11 5910.27 383.93 575.68 2111.18 5334.59
ynao_sd_20040403_0150_li 26 18 8 5 0 863.58 1085.71 227.44 271.84 636.14 813.87
ynao_sd_20040404_0212_ye 25 17 8 4 0 4700.69 7307.6 343.28 418.43 4357.41 6889.17
ynao_sd_20040405_0055_ye 37 32 5 5 0 663.02 967.6 298.26 387.43 364.76 580.17
ynao_sd_20040406_0035_ye 30 27 3 3 0 463.24 697.43 294.54 504.01 168.7 193.42
ynao_sd_20040407_0707_ye 20 19 1 1 0 213.85 247.96 157.76 190.92 56.09 57.04
ynao_sd_20040410_0120_li 4 3 1 1 0 132.6 149.91 45.4 51.7 87.2 98.21
ynao_sd_20040411_0145_ye 8 7 1 1 0 142.05 181.06 84.01 105.79 58.04 75.27
ynao_sd_20040412_0130_ye 16 15 1 1 0 211.67 300.13 154.2 208.58 57.47 91.55
ynao_sd_20040413_0130_ye 23 22 1 2 0 1415.42 2305.09 199.77 255.31 1215.65 2049.78
ynao_sd_20040414_0305_ye 24 23 1 1 0 198.86 375.02 171.4 266.06 27.46 108.96
ynao_sd_20040417_0305_ye 12 7 5 3 0 2343.3 3764.01 106.42 172.93 2236.88 3591.08
ynao_sd_20040419_0030_ye 36 33 3 2 0 541.95 785.58 408.4 562.25 133.55 223.33
ynao_sd_20040420_0035_ye 50 45 5 3 0 1914.83 2185.99 539.31 667.18 1375.52 1518.81
ynao_sd_20040421_0025_ye 41 38 3 2 0 999.6 1147.52 488.14 584.05 511.46 563.47
ynao_sd_20040422_0120_li 40 34 6 2 0 1865.92 1984.8 313.46 416.85 1552.46 1567.95
ynao_sd_20040423_0050_li 41 40 1 1 0 751.35 885.35 302.99 436.54 448.36 448.81
ynao_sd_20040424_0130_li 24 21 3 1 0 625.32 661.88 202.27 226.09 423.05 435.79
ynao_sd_20040425_0050_ye 39 36 3 3 0 772.72 905.82 366.66 436.88 406.06 468.94
ynao_sd_20040426_0020_ye 20 16 4 2 0 786.04 969.3 286.89 344.49 499.15 624.81
ynao_sd_20040427_0205_ye 16 13 3 2 0 420.51 570.94 193.12 259.3 227.39 311.64
ynao_sd_20040428_0030_ye 14 12 2 2 0 339.2 605.66 139.84 217.36 199.36 388.3
ynao_sd_20040429_0040_li 4 2 2 1 0 220.47 460.85 107.75 336.69 112.72 124.16
ynao_sd_20040430_0030_li 21 18 3 3 0 1802.81 1871.37 130.85 160.34 1671.96 1711.03
ynao_sd_20040501_0150_li 27 26 1 1 0 907.94 1036.96 180.65 230.41 727.29 806.55
ynao_sd_20040502_0150_li 22 17 5 4 0 1286.83 2073.49 155.78 196.84 1131.05 1876.65
ynao_sd_20040503_0130_ye 19 15 4 4 0 1589.61 3145.29 190.89 309.35 1398.72 2835.94
ynao_sd_20040504_0520_ye 16 13 3 3 0 239.31 432.58 136.66 233.25 102.65 199.33
ynao_sd_20040506_0610_ye 13 12 1 1 0 302.56 333.95 177.56 197.32 125.0 136.63
ynao_sd_20040507_0035_ye 20 19 1 1 0 209.69 236.81 143.2 157.26 66.49 79.55
ynao_sd_20040508_0055_li 8 6 2 1 0 93.25 125.66 131.84 406.37 38.59 280.71
ynao_sd_20040509_0030_li 10 7 3 2 0 235.97 493.22 71.07 123.34 164.9 369.88
ynao_sd_20040510_0045_li 13 9 4 2 0 2077.22 5210.67 128.58 239.77 1948.64 4970.9
ynao_sd_20040511_0040_ye 10 7 3 2 0 1546.76 2777.23 165.55 236.53 1381.21 2540.7
ynao_sd_20040512_0020_ye 18 16 2 1 0 593.6 675.31 255.72 300.83 337.88 374.48
ynao_sd_20040513_0050_li 29 27 2 1 0 625.53 673.69 232.53 270.36 393.0 403.33
ynao_sd_20040514_0810_li 38 33 5 4 0 907.69 1053.9 307.97 437.43 599.72 616.47
ynao_sd_20040515_0250_li 41 29 12 6 0 2680.12 4672.36 357.59 454.77 2322.53 4217.59
ynao_sd_20040521_0050_li 28 23 5 3 0 574.81 847.38 240.31 440.85 334.5 406.53
ynao_sd_20040522_0115_ye 27 21 6 3 0 661.3 908.58 344.93 534.71 316.37 373.87
ynao_sd_20040523_0205_ye 49 44 5 3 0 821.89 1062.63 419.8 567.3 402.09 495.33
ynao_sd_20040524_0410_ye 54 48 6 3 0 824.8 1000.84 459.03 535.44 365.77 465.4
ynao_sd_20040525_0350_ye 59 52 7 4 0 861.95 1026.55 550.79 695.95 311.16 330.6
ynao_sd_20040526_0050_ye 49 45 4 4 0 3267.16 5594.61 581.71 875.92 2685.45 4718.69
ynao_sd_20040527_0120_li 41 34 7 3 0 688.94 814.4 332.75 437.08 356.19 377.32
ynao_sd_20040528_0040_li 31 26 5 3 0 503.78 662.93 201.64 308.3 302.14 354.63
ynao_sd_20040529_0200_li 19 14 5 2 0 518.99 817.45 212.19 383.82 306.8 433.63
ynao_sd_20040530_0050_ye 19 16 3 4 0 426.34 890.96 230.61 474.98 195.73 415.98
ynao_sd_20040601_0040_ye 15 15 0 1 0 226.22 455.67 179.75 396.39 46.47 59.28
ynao_sd_20040602_0220_ye 22 21 1 1 0 267.9 323.73 208.91 257.54 58.99 66.19
ynao_sd_20040603_0240_li 26 25 1 1 0 1091.79 1242.71 189.94 213.69 901.85 1029.02
ynao_sd_20040604_0150_li 28 28 0 0 0 175.49 194.67 175.49 194.67 0 0
ynao_sd_20040605_0140_li 25 25 0 0 0 157.05 178.53 157.05 178.53 0 0
ynao_sd_20040608_0744_li 8 5 3 3 0 2319.34 3065.59 95.57 130.95 2223.77 2934.64
ynao_sd_20040609_0440_li 19 19 0 1 0 170.57 173.88 151.05 154.15 19.52 19.73
ynao_sd_20040611_0840_li 6 5 1 1 0 120.24 190.9 65.04 81.15 55.2 109.75
ynao_sd_20040612_0150_li 7 6 1 1 0 127.18 184.75 57.47 73.65 69.71 111.1
ynao_sd_20040613_0230_ye 12 10 2 1 0 208.41 304.03 115.21 184.94 93.2 119.09
ynao_sd_20040614_0130_ye 14 12 2 2 0 435.87 952.64 222.63 473.49 213.24 479.15
ynao_sd_20040615_0140_ye 26 18 8 6 0 892.59 2033.52 278.57 648.02 614.02 1385.5
ynao_sd_20040616_0025_ye 44 33 11 9 0 1458.07 2454.51 477.83 780.02 980.24 1674.49
ynao_sd_20040617_0140_ye 35 17 18 8 0 3362.14 4001.34 427.55 568.99 2934.59 3432.35
ynao_sd_20040618_0550_ye 51 33 18 7 0 1729.17 1988.45 417.69 499.06 1311.48 1489.39
ynao_sd_20040620_0745_ye 83 68 15 6 0 2514.31 2678.44 971.06 1071.47 1543.25 1606.97
ynao_sd_20040622_0445_ye 90 83 7 4 0 2050.53 2394.04 1006.3 1168.45 1044.23 1225.59
ynao_sd_20040623_0020_ye 60 54 6 3 0 1632.97 2073.32 689.29 835.56 943.68 1237.76
ynao_sd_20040624_0025_ye 70 64 6 3 0 1401.01 2167.8 768.02 1136.66 632.99 1031.14
ynao_sd_20040625_0625_ye 53 47 6 3 0 838.35 1742.22 457.77 825.45 380.58 916.77
ynao_sd_20040626_0245_ye 24 20 4 2 0 414.76 898.3 228.84 400.26 185.92 498.04
ynao_sd_20040627_0130_ye 14 13 1 1 0 183.05 462.9 122.83 249.71 60.22 213.19
ynao_sd_20040628_0100_ye 12 11 1 1 0 131.82 257.98 97.57 165.83 34.25 92.15
ynao_sd_20040629_0030_ye 19 18 1 1 0 215.78 349.81 143.56 225.51 72.22 124.3
ynao_sd_20040630_0025_ye 15 13 2 1 0 270.66 366.84 164.91 226.57 105.75 140.27
ynao_sd_20040701_0040_li 9 7 2 1 0 206.05 237.32 69.2 81.87 136.85 155.45
ynao_sd_20040702_0050_li 8 6 2 1 0 219.38 233.28 77.55 86.31 141.83 146.97
ynao_sd_20040704_0200_li 15 14 1 1 0 150.27 162.78 108.49 119.91 41.78 42.87
ynao_sd_20040705_0700_li 4 4 0 0 0 52.16 58.48 52.16 58.48 0 0
ynao_sd_20040706_0040_ye 8 8 0 0 0 59.18 85.22 59.18 85.22 0 0
ynao_sd_20040711_0555_ye 26 25 1 2 0 445.91 689.94 300.9 434.01 145.01 255.93
ynao_sd_20040712_0050_ye 31 28 3 2 0 493.13 682.3 316.98 417.51 176.15 264.79
ynao_sd_20040713_0240_ye 75 70 5 3 0 926.79 1610.71 619.21 1112.96 307.58 497.75
ynao_sd_20040714_0410_ye 74 69 5 5 0 1214.02 1914.03 733.99 1264.4 480.03 649.63
ynao_sd_20040715_0430_li 64 49 15 6 0 1405.95 2059.5 561.06 933.87 844.89 1125.63
ynao_sd_20040716_0255_li 38 26 12 5 0 1168.46 1439.81 381.34 487.35 787.12 952.46
ynao_sd_20040717_0255_li 40 25 15 5 0 2745.89 4991.38 525.27 911.07 2220.62 4080.31
ynao_sd_20040719_0040_ye 116 94 22 7 0 4934.3 6914.7 1184.25 1667.83 3750.05 5246.87
ynao_sd_20040720_0355_ye 101 77 24 9 0 4522.67 5818.88 1093.91 1371.02 3428.76 4447.86
ynao_sd_20040721_0155_ye 69 45 24 12 0 4236.04 4913.92 1013.27 1183.48 3222.77 3730.44
ynao_sd_20040722_0620_li 88 57 31 10 0 3568.69 3952.87 1097.64 1317.12 2471.05 2635.75
ynao_sd_20040723_0120_li 96 69 27 11 0 4061.6 4220.47 984.25 1028.07 3077.35 3192.4
ynao_sd_20040724_0610_li 70 49 21 13 0 3396.96 3589.84 813.56 930.66 2583.4 2659.18
ynao_sd_20040725_0120_li 70 56 14 13 0 2960.92 3221.68 853.73 924.94 2107.19 2296.74
ynao_sd_20040726_0200_ye 81 68 13 7 0 2497.69 3138.03 903.87 1146.1 1593.82 1991.93
ynao_sd_20040727_0300_ye 56 48 8 6 0 1737.72 2620.26 694.67 1033.23 1043.05 1587.03
ynao_sd_20040728_0130_ye 28 22 6 6 0 995.66 1888.6 378.57 695.56 617.09 1193.04
ynao_sd_20040729_0055_li 9 3 6 4 0 388.66 886.94 74.75 159.44 313.91 727.5
ynao_sd_20040730_0120_li 10 7 3 2 0 231.8 374.63 91.39 233.38 140.41 141.25
ynao_sd_20040801_0330_ye 25 23 2 2 0 471.77 686.83 246.49 351.56 225.28 335.27
ynao_sd_20040802_0140_ye 19 16 3 2 0 464.05 615.38 181.01 245.21 283.04 370.17
ynao_sd_20040803_0225_ye 23 22 1 1 0 493.51 595.58 306.67 387.43 186.84 208.15
ynao_sd_20040805_0205_ye 24 22 2 2 0 442.98 481.34 239.5 270.76 203.48 210.58
ynao_sd_20040806_0115_ye 29 26 3 2 0 443.96 602.32 265.7 410.67 178.26 191.65
ynao_sd_20040808_0235_ye 30 21 9 4 0 864.77 1372.75 310.58 493.96 554.19 878.79
ynao_sd_20040809_0055_ye 37 25 12 5 0 2604.12 3486.04 370.52 666.36 2233.6 2819.68
ynao_sd_20040810_0650_ye 44 27 17 8 0 1651.47 2083.47 558.23 875.42 1093.24 1208.05
ynao_sd_20040811_0035_ye 61 40 21 5 0 2395.73 2741.39 714.93 902.07 1680.8 1839.32
ynao_sd_20040812_0120_li 69 42 27 9 0 4266.19 5002.4 741.43 854.57 3524.76 4147.83
ynao_sd_20040813_0200_li 98 72 26 12 0 2757.83 3167.64 793.74 1040.05 1964.09 2127.59
ynao_sd_20040814_0355_ye 67 39 28 13 0 3054.82 4048.44 830.92 1019.9 2223.9 3028.54
ynao_sd_20040815_0130_ye 67 49 18 9 1 3684.39 4928.5 951.77 1327.78 2732.62 3600.72
ynao_sd_20040817_0655_ye 58 51 7 8 0 2184.3 3947.11 762.09 1396.58 1422.21 2550.53
ynao_sd_20040818_0050_ye 24 20 4 5 0 1655.12 2540.75 515.18 773.31 1139.94 1767.44
ynao_sd_20040819_0330_li 28 26 2 2 0 1309.46 1445.95 358.18 491.24 951.28 954.71
ynao_sd_20040820_0300_li 34 24 10 5 0 3437.03 8490.61 354.06 597.93 3082.97 7892.68
ynao_sd_20040821_0210_ye 51 39 12 8 0 3110.57 5593.6 601.42 817.83 2509.15 4775.77
ynao_sd_20040822_0200_ye 58 52 6 7 0 3011.29 4295.71 681.41 824.12 2329.88 3471.59
ynao_sd_20040823_0100_ye 50 44 6 5 1 1266.76 1605.18 557.19 677.68 709.57 927.5
ynao_sd_20040824_0250_li 28 18 10 4 0 971.4 1377.23 233.17 302.32 738.23 1074.91
ynao_sd_20040825_0525_ye 14 10 4 4 0 622.99 1121.33 200.15 307.82 422.84 813.51
ynao_sd_20040826_0340_li 17 14 3 2 0 419.13 471.16 142.55 159.79 276.58 311.37
ynao_sd_20040827_0410_li 15 12 3 2 0 297.74 374.12 125.79 143.43 171.95 230.69
ynao_sd_20040829_0450_ye 5 5 0 0 0 96.39 228.04 96.39 228.04 0 0
ynao_sd_20040830_0055_li 7 6 1 1 0 75.31 138.74 44.72 81.12 30.59 57.62
ynao_sd_20040831_0650_li 6 6 0 0 0 59.23 143.95 59.23 143.95 0 0
ynao_sd_20040901_0605_ye 2 2 0 0 0 11.66 21.29 11.66 21.29 0 0
ynao_sd_20040902_0500_ye 1 0 1 1 0 106.04 347.8 28.94 93.05 77.1 254.75
ynao_sd_20040903_0040_ye 3 2 1 1 0 348.8 728.04 158.57 324.46 190.23 403.58
ynao_sd_20040904_0500_ye 10 8 2 2 0 570.39 841.77 270.38 407.82 300.01 433.95
ynao_sd_20040905_0155_ye 9 8 1 1 0 658.95 848.58 106.41 162.08 552.54 686.5
ynao_sd_20040909_0615_ye 37 30 7 5 0 1184.3 1839.37 427.62 773.46 756.68 1065.91
ynao_sd_20040910_0605_ye 23 15 8 6 0 1127.59 2623.86 412.83 1091.08 714.76 1532.78
ynao_sd_20040911_0200_ye 23 17 6 4 0 723.18 1381.74 283.36 536.31 439.82 845.43
ynao_sd_20040912_0555_ye 21 18 3 3 1 1736.33 3169.16 199.17 308.17 1537.16 2860.99
ynao_sd_20040914_0150_li 26 24 2 1 0 419.92 446.38 233.82 250.7 186.1 195.68
ynao_sd_20040915_0120_li 27 23 4 3 0 1731.87 5546.12 280.59 435.04 1451.28 5111.08
ynao_sd_20040916_0030_ye 40 36 4 4 0 679.58 1026.4 351.74 472.96 327.84 553.44
ynao_sd_20040917_0250_ye 43 41 2 3 0 768.33 1132.92 362.32 471.41 406.01 661.51
ynao_sd_20040918_0150_ye 26 24 2 3 0 642.2 885.23 298.77 401.35 343.43 483.88
ynao_sd_20040919_0150_ye 28 25 3 3 0 2306.4 3200.63 396.54 501.07 1909.86 2699.56
ynao_sd_20040920_0120_ye 16 14 2 3 0 719.04 851.0 315.67 381.72 403.37 469.28
ynao_sd_20040921_0120_ye 17 15 2 2 0 782.87 951.13 259.58 393.91 523.29 557.22
ynao_sd_20040922_0705_li 15 14 1 2 0 652.93 719.76 191.48 218.53 461.45 501.23
ynao_sd_20040924_0430_li 8 7 1 1 0 480.82 625.48 122.29 154.14 358.53 471.34
ynao_sd_20040925_0540_li 5 4 1 2 0 1158.26 4510.1 107.61 300.53 1050.65 4209.57
ynao_sd_20040926_0550_li 4 3 1 1 0 289.2 692.65 115.87 293.2 173.33 399.45
ynao_sd_20040927_0230_li 5 3 2 1 0 195.65 510.28 134.71 393.01 60.94 117.27
ynao_sd_20040928_0220_li 4 2 2 1 0 136.38 193.86 33.92 44.0 102.46 149.86
ynao_sd_20040929_0230_li 7 5 2 1 0 180.42 241.34 46.3 77.89 134.12 163.45
ynao_sd_20040930_0150_li 9 7 2 1 0 231.25 305.62 104.17 166.55 127.08 139.07
ynao_sd_20041001_0050_li 6 3 3 2 0 230.75 272.83 46.5 54.99 184.25 217.84
ynao_sd_20041003_0650_li 15 13 2 1 0 207.69 249.73 112.1 142.59 95.59 107.14
ynao_sd_20041004_0750_li 16 14 2 1 0 241.32 292.47 157.85 185.63 83.47 106.84
ynao_sd_20041007_0220_li 6 6 0 0 0 82.34 205.02 82.34 205.02 0 0
ynao_sd_20041008_0140_li 9 9 0 0 0 73.53 154.3 73.53 154.3 0 0
ynao_sd_20041009_0040_li 6 6 0 0 0 90.33 251.73 90.33 251.73 0 0
ynao_sd_20041010_0230_li 1 1 0 0 0 16.48 24.31 16.48 24.31 0 0
ynao_sd_20041013_0120_li 6 5 1 1 0 124.67 357.32 60.11 113.17 64.56 244.15
ynao_sd_20041014_0120_li 10 9 1 1 0 161.78 334.71 65.36 122.69 96.42 212.02
ynao_sd_20041017_0640_li 26 22 4 1 0 433.12 524.94 202.73 267.67 230.39 257.27
ynao_sd_20041018_0840_li 26 23 3 1 0 409.96 470.96 246.64 298.02 163.32 172.94
ynao_sd_20041019_0050_li 30 26 4 2 0 489.33 544.31 241.28 271.54 248.05 272.77
ynao_sd_20041020_0050_li 37 35 2 1 0 507.16 801.67 362.43 644.2 144.73 157.47
ynao_sd_20041021_0120_li 50 41 9 4 0 625.5 975.19 327.37 458.61 298.13 516.58
ynao_sd_20041022_0050_li 40 35 5 3 0 1542.12 4142.43 391.3 675.26 1150.82 3467.17
ynao_sd_20041023_0140_li 52 45 7 9 0 3383.11 9671.92 504.42 1010.93 2878.69 8660.99
ynao_sd_20041024_0540_li 61 44 17 10 0 1446.93 1927.71 399.46 566.65 1047.47 1361.06
ynao_sd_20041025_0220_li 82 63 19 8 0 1658.22 2068.61 696.44 866.81 961.78 1201.8
ynao_sd_20041027_0140_li 66 51 15 11 0 1449.52 1599.98 573.56 622.6 875.96 977.38
ynao_sd_20041028_0120_li 69 53 16 8 0 1281.13 1860.67 615.95 946.5 665.18 914.17
ynao_sd_20041029_0140_li 55 38 17 9 0 1402.91 2218.95 440.01 710.27 962.9 1508.68
ynao_sd_20041030_0200_li 55 37 18 6 0 1897.28 2622.33 511.57 764.91 1385.71 1857.42
ynao_sd_20041031_0250_li 50 33 17 10 0 2152.92 2726.47 540.95 714.86 1611.97 2011.61
ynao_sd_20041102_0210_li 52 27 25 10 0 2257.82 2634.81 494.62 630.13 1763.2 2004.68
ynao_sd_20041103_0055_li 47 32 15 7 0 2257.11 2741.56 528.51 717.04 1728.6 2024.52
ynao_sd_20041104_0200_li 40 19 21 9 0 2327.81 2757.22 547.81 733.74 1780.0 2023.48
ynao_sd_20041105_0055_li 55 32 23 8 0 2462.0 2836.69 517.23 631.44 1944.77 2205.25
ynao_sd_20041106_0140_li 43 20 23 6 0 2794.53 3212.43 520.13 613.64 2274.4 2598.79
ynao_sd_20041107_0200_li 58 31 27 7 0 2526.12 3108.49 464.78 606.47 2061.34 2502.02
ynao_sd_20041108_0055_li 52 33 19 10 0 1658.45 2216.87 556.5 1010.15 1101.95 1206.72
ynao_sd_20041109_0120_li 46 32 14 4 0 1376.42 1917.1 392.94 710.55 983.48 1206.55
ynao_sd_20041110_0055_li 36 33 3 3 0 597.98 1058.34 327.5 639.27 270.48 419.07
ynao_sd_20041111_0050_li 15 13 2 2 0 288.05 695.52 146.62 394.48 141.43 301.04
ynao_sd_20041112_0120_li 13 9 4 3 0 240.69 702.25 85.7 217.22 154.99 485.03
ynao_sd_20041113_0150_li 27 25 2 1 0 292.76 403.7 206.8 248.33 85.96 155.37
ynao_sd_20041114_0140_li 34 33 1 2 0 381.9 473.88 251.24 303.05 130.66 170.83
ynao_sd_20041118_0200_li 16 14 2 2 0 325.88 436.78 168.33 264.99 157.55 171.79
ynao_sd_20041119_0240_li 11 9 2 3 0 314.65 583.14 146.39 288.82 168.26 294.32
ynao_sd_20041120_0150_li 10 8 2 2 0 230.43 396.43 87.95 165.38 142.48 231.05
ynao_sd_20041122_0130_li 13 10 3 1 0 273.39 357.62 138.65 201.27 134.74 156.35
ynao_sd_20041123_0150_li 18 16 2 1 0 302.13 409.3 140.72 234.69 161.41 174.61
ynao_sd_20041124_0720_li 7 3 4 4 0 4063.78 13693.17 163.44 505.12 3900.34 13188.05
ynao_sd_20041125_0330_li 12 8 4 3 0 380.0 677.46 114.5 176.38 265.5 501.08
ynao_sd_20041126_0640_li 13 9 4 3 0 416.79 609.68 113.72 165.01 303.07 444.67
ynao_sd_20041127_0240_li 15 13 2 2 0 509.78 790.0 196.01 366.68 313.77 423.32
ynao_sd_20041128_0140_li 21 15 6 5 0 1919.84 2649.79 161.92 213.76 1757.92 2436.03
ynao_sd_20041129_0200_li 10 5 5 3 0 749.48 878.46 148.14 169.09 601.34 709.37
ynao_sd_20041130_0050_li 17 10 7 3 0 809.61 886.51 174.75 187.17 634.86 699.34
ynao_sd_20041201_0440_li 17 12 5 4 0 829.9 886.92 208.58 224.32 621.32 662.6
ynao_sd_20041202_0130_li 14 10 4 5 0 786.89 854.93 153.25 168.55 633.64 686.38
ynao_sd_20041203_0120_li 16 13 3 3 0 682.64 787.01 178.31 213.72 504.33 573.29
ynao_sd_20041204_0305_li 6 4 2 2 0 440.59 556.56 156.66 214.03 283.93 342.53
ynao_sd_20041205_0200_li 10 7 3 2 0 373.9 558.76 131.01 216.85 242.89 341.91
ynao_sd_20041207_0650_li 2 1 1 1 0 103.72 186.64 18.21 28.45 85.51 158.19
ynao_sd_20041208_0700_li 5 4 1 1 0 74.95 183.32 26.86 44.02 48.09 139.3
ynao_sd_20041209_0310_li 8 8 0 0 0 80.05 226.91 80.05 226.91 0 0
ynao_sd_20041210_0750_li 6 6 0 0 0 39.85 42.79 39.85 42.79 0 0
ynao_sd_20041212_0240_li 16 16 0 0 0 141.73 186.27 141.73 186.27 0 0
ynao_sd_20041213_0150_li 11 10 1 1 0 124.26 185.18 72.99 104.11 51.27 81.07
ynao_sd_20041214_0055_li 11 10 1 1 0 104.5 206.75 66.08 123.65 38.42 83.1
ynao_sd_20041215_0330_li 3 3 0 0 0 50.29 177.41 50.29 177.41 0 0
ynao_sd_20041216_0120_li 2 2 0 0 0 15.94 21.67 15.94 21.67 0 0
ynao_sd_20041218_0330_li 11 10 1 2 0 1280.0 3903.27 73.24 144.25 1206.76 3759.02
ynao_sd_20041219_0240_li 7 6 1 1 0 173.87 308.18 47.64 92.29 126.23 215.89
ynao_sd_20041220_0120_li 9 7 2 1 0 284.07 385.83 79.32 110.84 204.75 274.99
ynao_sd_20041221_0115_li 11 8 3 1 0 455.29 525.8 126.02 148.34 329.27 377.46
ynao_sd_20041222_0140_li 19 15 4 1 0 518.23 541.73 176.63 185.73 341.6 356.0
ynao_sd_20041223_0120_li 18 16 2 1 0 416.92 421.95 150.49 152.4 266.43 269.55
ynao_sd_20041224_0115_li 20 18 2 1 0 367.7 385.37 159.03 169.3 208.67 216.07
ynao_sd_20041225_0150_li 11 9 2 1 0 231.66 258.58 95.41 105.69 136.25 152.89
ynao_sd_20041226_0150_li 8 6 2 1 0 197.95 253.88 76.26 96.86 121.69 157.02
ynao_sd_20041227_0120_li 5 4 1 1 0 128.21 195.02 40.07 52.12 88.14 142.9
ynao_sd_20041228_0330_li 5 4 1 1 0 90.85 198.27 39.01 72.8 51.84 125.47
ynao_sd_20041229_0130_li 5 3 2 1 0 251.29 852.04 61.7 231.63 189.59 620.41
