ynao_sd_20060104_0100_ye 10 7 3 2 0 1986.2 2658.12 127.44 194.51 1858.76 2463.61
ynao_sd_20060105_0110_ye 5 3 2 2 0 1499.41 2535.51 64.31 123.66 1435.1 2411.85
ynao_sd_20060106_0505_ye 7 7 0 0 0 68.63 190.12 68.63 190.12 0 0
ynao_sd_20060109_0410_ye 5 4 1 1 0 97.7 124.87 65.69 80.78 32.01 44.09
ynao_sd_20060110_0155_ye 2 2 0 0 0 29.46 35.59 29.46 35.59 0 0
ynao_sd_20060111_0110_ye 2 2 0 0 0 24.78 27.44 24.78 27.44 0 0
ynao_sd_20060112_0110_ye 3 3 0 0 0 26.67 29.09 26.67 29.09 0 0
ynao_sd_20060113_0110_ye 3 3 0 0 0 42.65 124.19 42.65 124.19 0 0
ynao_sd_20060114_0140_ye 0 0 0 0 0 0 0 0 0 0 0
ynao_sd_20060116_0112_ye 24 24 0 0 0 249.27 291.11 249.27 291.11 0 0
ynao_sd_20060118_0303_ye 14 14 0 0 0 155.88 256.14 155.88 256.14 0 0
ynao_sd_20060119_0112_ye 13 12 1 2 0 946.82 2771.92 120.58 171.29 826.24 2600.63
ynao_sd_20060120_0305_ye 29 23 6 2 0 517.91 603.06 203.47 255.24 314.44 347.82
ynao_sd_20060123_0740_ye 35 32 3 3 0 449.41 500.68 262.98 299.78 186.43 200.9
ynao_sd_20060124_0245_ye 34 31 3 4 0 389.54 449.72 221.56 256.73 167.98 192.99
ynao_sd_20060126_0220_ye 23 22 1 1 0 204.6 344.48 162.75 280.56 41.85 63.92
ynao_sd_20060127_0210_ye 5 5 0 0 0 69.44 159.35 69.44 159.35 0 0
ynao_sd_20060128_0103_ye 6 6 0 0 0 58.9 186.76 58.9 186.76 0 0
ynao_sd_20060129_0210_ye 2 2 0 0 0 16.24 28.21 16.24 28.21 0 0
ynao_sd_20060130_0130_ye 0 0 0 0 0 0 0 0 0 0 0
ynao_sd_20060131_0120_ye 2 2 0 0 0 17.0 18.12 17.0 18.12 0 0
ynao_sd_20060201_0130_ye 0 0 0 0 0 0 0 0 0 0 0
ynao_sd_20060202_0120_ye 1 1 0 0 0 6.49 26.92 6.49 26.92 0 0
ynao_sd_20060203_0140_ye 4 4 0 0 0 38.9 63.92 38.9 63.92 0 0
ynao_sd_20060205_0130_ye 1 1 0 0 0 4.73 7.43 4.73 7.43 0 0
ynao_sd_20060206_0120_ye 1 1 0 0 0 4.23 19.88 4.23 19.88 0 0
ynao_sd_20060207_0140_ye 3 3 0 0 0 23.83 29.37 23.83 29.37 0 0
ynao_sd_20060208_0120_ye 2 2 0 0 0 19.47 28.39 19.47 28.39 0 0
ynao_sd_20060209_0110_ye 7 7 0 0 0 61.43 69.27 61.43 69.27 0 0
ynao_sd_20060210_0120_ye 2 2 0 0 0 30.94 39.52 30.94 39.52 0 0
ynao_sd_20060213_0105_ye 3 3 0 0 0 26.9 76.59 26.9 76.59 0 0
ynao_sd_20060214_0130_ye 5 5 0 0 0 55.9 111.07 55.9 111.07 0 0
ynao_sd_20060215_0125_ye 10 10 0 1 0 1105.73 1622.11 63.29 85.96 1042.44 1536.15
ynao_sd_20060216_0055_ye 7 7 0 0 0 69.62 76.21 69.62 76.21 0 0
ynao_sd_20060217_0113_ye 7 7 0 0 0 78.56 117.64 78.56 117.64 0 0
ynao_sd_20060220_0050_ye 2 2 0 0 0 23.08 24.23 23.08 24.23 0 0
ynao_sd_20060221_0110_ye 2 2 0 0 0 21.95 61.96 21.95 61.96 0 0
ynao_sd_20060222_0200_ye 1 1 0 0 0 5.67 31.13 5.67 31.13 0 0
ynao_sd_20060223_0100_ye 1 1 0 0 0 8.39 14.95 8.39 14.95 0 0
ynao_sd_20060224_0130_ye 4 4 0 0 0 41.13 85.37 41.13 85.37 0 0
ynao_sd_20060225_0140_ye 0 0 0 0 0 0 0 0 0 0 0
ynao_sd_20060226_0130_ye 1 1 0 0 0 10.65 11.5 10.65 11.5 0 0
ynao_sd_20060227_0100_ye 6 6 0 0 0 47.95 93.87 47.95 93.87 0 0
ynao_sd_20060302_0650_ye 2 2 0 0 0 14.72 22.93 14.72 22.93 0 0
ynao_sd_20060303_0150_ye 1 1 0 0 0 8.6 9.03 8.6 9.03 0 0
ynao_sd_20060306_0130_ye 10 9 1 0 0 60.51 67.95 66.34 73.93 5.83 5.98
ynao_sd_20060307_0110_ye 4 1 3 2 0 1689.03 1830.1 33.41 36.2 1655.62 1793.9
ynao_sd_20060308_0030_ye 6 5 1 1 0 952.11 1272.74 40.34 79.95 911.77 1192.79
ynao_sd_20060309_0050_ye 2 2 0 0 0 18.6 24.31 18.6 24.31 0 0
ynao_sd_20060313_0455_ye 6 6 0 0 0 49.01 83.75 49.01 83.75 0 0
ynao_sd_20060314_0410_ye 14 14 0 0 0 100.68 164.37 100.68 164.37 0 0
ynao_sd_20060315_0120_ye 9 9 0 2 0 2724.88 4303.19 72.5 121.43 2652.38 4181.76
ynao_sd_20060316_0120_ye 5 4 1 1 0 1386.69 1546.24 47.85 57.23 1338.84 1489.01
ynao_sd_20060317_0115_ye 12 11 1 1 0 1087.52 1661.6 98.98 113.92 988.54 1547.68
ynao_sd_20060320_0120_ye 25 24 1 1 0 201.41 206.39 151.11 155.06 50.3 51.33
ynao_sd_20060321_0115_ye 35 32 3 2 0 2417.66 2866.11 300.51 336.84 2117.15 2529.27
ynao_sd_20060322_0110_ye 31 31 0 0 0 238.71 305.94 238.71 305.94 0 0
ynao_sd_20060323_0030_ye 20 20 0 0 0 146.25 229.43 146.25 229.43 0 0
ynao_sd_20060324_0110_ye 9 9 0 0 0 69.32 131.28 69.32 131.28 0 0
ynao_sd_20060327_0055_ye 5 5 0 0 0 50.01 62.51 50.01 62.51 0 0
ynao_sd_20060329_0100_ye 23 19 4 1 0 248.21 572.11 167.51 433.89 80.7 138.22
ynao_sd_20060330_0100_ye 18 14 4 2 0 354.92 555.19 143.87 214.36 211.05 340.83
ynao_sd_20060331_0240_ye 15 11 4 2 0 424.31 523.6 133.19 163.52 291.12 360.08
ynao_sd_20060403_0100_ye 56 48 8 2 0 1238.61 1273.01 531.4 546.35 707.21 726.66
ynao_sd_20060404_0045_ye 47 35 12 5 0 1425.58 1514.54 532.82 562.74 892.76 951.8
ynao_sd_20060405_0100_ye 66 52 14 4 0 1606.39 1859.3 706.48 796.02 899.91 1063.28
ynao_sd_20060406_0135_ye 59 46 13 3 0 1422.04 1908.4 564.66 708.21 857.38 1200.19
ynao_sd_20060407_0125_ye 44 35 9 6 0 2778.46 3724.93 383.36 561.4 2395.1 3163.53
ynao_sd_20060408_0020_ye 28 25 3 3 0 375.25 782.13 224.34 401.07 150.91 381.06
ynao_sd_20060417_0045_ye 2 2 0 0 0 41.71 49.44 41.71 49.44 0 0
ynao_sd_20060418_0105_ye 3 2 1 1 0 1109.73 1569.79 22.94 33.67 1086.79 1536.12
ynao_sd_20060419_0240_ye 3 3 0 0 0 49.57 83.27 49.57 83.27 0 0
ynao_sd_20060420_0220_ye 6 6 0 0 0 42.29 47.61 42.29 47.61 0 0
ynao_sd_20060421_0035_ye 12 12 0 0 0 105.48 124.37 105.48 124.37 0 0
ynao_sd_20060424_0050_ye 10 8 2 1 0 286.25 664.12 135.76 262.52 150.49 401.6
ynao_sd_20060425_0030_ye 16 10 6 1 0 711.92 1389.18 195.26 445.05 516.66 944.13
ynao_sd_20060426_0030_ye 28 21 7 5 0 723.18 1200.05 271.08 434.45 452.1 765.6
ynao_sd_20060427_0035_ye 39 28 11 5 0 1823.02 2603.03 355.45 472.77 1467.57 2130.26
ynao_sd_20060501_0320_ye 36 27 9 3 0 1880.22 2002.86 312.3 364.57 1567.92 1638.29
ynao_sd_20060502_0140_ye 28 21 7 3 0 1843.34 2115.87 235.77 288.0 1607.57 1827.87
ynao_sd_20060503_0130_ye 22 18 4 2 0 408.32 528.57 193.51 233.11 214.81 295.46
ynao_sd_20060505_0050_ye 21 12 9 3 0 1397.55 3387.65 199.41 405.94 1198.14 2981.71
ynao_sd_20060509_0025_ye 14 10 4 2 0 396.71 528.97 143.68 186.45 253.03 342.52
ynao_sd_20060511_0135_ye 6 6 0 0 0 104.25 234.28 104.25 234.28 0 0
ynao_sd_20060512_0025_ye 2 2 0 0 0 23.25 27.17 23.25 27.17 0 0
ynao_sd_20060516_0040_ye 1 1 0 0 0 8.95 9.73 8.95 9.73 0 0
ynao_sd_20060517_0050_ye 3 3 0 0 0 20.98 39.15 20.98 39.15 0 0
ynao_sd_20060518_0030_ye 3 3 0 0 0 18.57 36.43 18.57 36.43 0 0
ynao_sd_20060519_0035_ye 3 3 0 0 0 29.32 41.33 29.32 41.33 0 0
ynao_sd_20060520_0200_ye 16 16 0 0 0 123.58 182.43 123.58 182.43 0 0
ynao_sd_20060523_0105_ye 23 23 0 0 0 183.27 217.91 183.27 217.91 0 0
ynao_sd_20060524_0630_ye 34 34 0 0 0 316.25 364.97 316.25 364.97 0 0
ynao_sd_20060601_0100_ye 2 2 0 0 0 13.41 23.02 13.41 23.02 0 0
ynao_sd_20060602_0120_ye 1 1 0 0 0 5.05 10.16 5.05 10.16 0 0
ynao_sd_20060607_0240_ye 31 25 6 2 0 544.8 733.01 232.56 340.6 312.24 392.41
ynao_sd_20060611_0350_ye 13 9 4 2 0 314.96 340.92 108.02 121.17 206.94 219.75
ynao_sd_20060612_0255_ye 16 13 3 1 0 340.89 405.42 167.25 197.69 173.64 207.73
ynao_sd_20060613_0120_ye 7 3 4 2 0 1450.41 1588.63 61.36 87.58 1389.05 1501.05
ynao_sd_20060614_0650_ye 6 1 5 2 0 1926.07 3049.56 122.17 227.04 1803.9 2822.52
ynao_sd_20060615_0130_ye 2 2 0 0 0 13.94 29.0 13.94 29.0 0 0
ynao_sd_20060616_0025_ye 12 12 0 0 0 81.14 118.07 81.14 118.07 0 0
ynao_sd_20060619_0355_ye 12 11 1 1 0 214.29 225.4 102.44 108.2 111.85 117.2
ynao_sd_20060620_0135_ye 10 10 0 0 0 73.97 75.98 73.97 75.98 0 0
ynao_sd_20060621_0140_ye 14 14 0 0 0 104.43 143.83 104.43 143.83 0 0
ynao_sd_20060622_0110_ye 1 1 0 0 0 5.62 20.4 5.62 20.4 0 0
ynao_sd_20060623_0455_ye 3 3 0 0 0 45.79 55.94 45.79 55.94 0 0
ynao_sd_20060626_0440_ye 11 11 0 0 0 101.47 235.63 101.47 235.63 0 0
ynao_sd_20060627_0640_ye 9 9 0 0 0 76.16 126.46 76.16 126.46 0 0
ynao_sd_20060628_0435_ye 26 25 1 1 0 312.08 607.74 236.59 349.44 75.49 258.3
ynao_sd_20060629_0350_ye 31 30 1 1 0 529.16 915.18 346.56 522.19 182.6 392.99
ynao_sd_20060630_0140_ye 23 22 1 1 0 496.86 727.18 284.93 392.06 211.93 335.12
ynao_sd_20060703_0250_ye 33 32 1 1 0 925.28 972.7 335.44 367.09 589.84 605.61
ynao_sd_20060704_0245_ye 19 18 1 1 0 851.53 881.59 328.13 350.74 523.4 530.85
ynao_sd_20060705_0200_ye 26 23 3 1 0 941.98 1201.91 319.2 546.9 622.78 655.01
ynao_sd_20060707_0700_ye 12 9 3 1 0 623.76 913.86 224.3 343.32 399.46 570.54
ynao_sd_20060710_0705_ye 12 12 0 0 0 104.3 207.39 104.3 207.39 0 0
ynao_sd_20060711_0105_ye 11 11 0 0 0 78.84 79.95 78.84 79.95 0 0
ynao_sd_20060712_0650_ye 4 4 0 1 0 915.2 1017.2 50.89 72.39 864.31 944.81
ynao_sd_20060713_0135_ye 15 15 0 0 0 111.35 125.1 111.35 125.1 0 0
ynao_sd_20060717_0215_ye 16 16 0 0 0 106.57 110.89 106.57 110.89 0 0
ynao_sd_20060718_0430_ye 25 25 0 0 0 202.07 292.35 202.07 292.35 0 0
ynao_sd_20060719_0200_ye 16 16 0 0 0 118.64 138.58 118.64 138.58 0 0
ynao_sd_20060720_0205_ye 15 15 0 0 0 128.72 148.65 128.72 148.65 0 0
ynao_sd_20060721_0115_ye 8 8 0 0 0 58.5 85.29 58.5 85.29 0 0
ynao_sd_20060724_0455_ye 16 14 2 1 0 193.02 304.87 125.83 200.53 67.19 104.34
ynao_sd_20060726_0610_ye 13 11 2 1 0 189.91 238.51 120.3 155.79 69.61 82.72
ynao_sd_20060727_0045_ye 23 22 1 1 0 217.61 227.91 173.97 183.63 43.64 44.28
ynao_sd_20060731_0450_ye 22 22 0 0 0 174.63 244.0 174.63 244.0 0 0
ynao_sd_20060801_0320_ye 9 9 0 1 0 1881.69 2943.97 71.47 108.35 1810.22 2835.62
ynao_sd_20060802_0330_ye 4 4 0 0 0 38.46 68.32 38.46 68.32 0 0
ynao_sd_20060804_0045_ye 4 4 0 0 0 28.0 32.0 28.0 32.0 0 0
ynao_sd_20060809_0325_ye 6 6 0 0 0 55.78 93.34 55.78 93.34 0 0
ynao_sd_20060810_0055_ye 18 17 1 1 0 223.44 614.29 150.77 387.14 72.67 227.15
ynao_sd_20060811_0045_ye 17 8 9 3 0 565.27 1246.24 136.54 306.8 428.73 939.44
ynao_sd_20060813_0140_ye 31 22 9 2 0 1504.38 1940.41 422.43 539.31 1081.95 1401.1
ynao_sd_20060814_0055_ye 29 24 5 2 0 1460.15 1674.34 328.41 367.55 1131.74 1306.79
ynao_sd_20060815_0100_ye 24 17 7 2 0 1544.81 1675.07 425.93 468.52 1118.88 1206.55
ynao_sd_20060816_0100_ye 31 23 8 2 0 1481.2 1590.96 408.61 438.36 1072.59 1152.6
ynao_sd_20060817_0320_ye 26 21 5 3 0 1360.82 1554.91 357.41 405.68 1003.41 1149.23
ynao_sd_20060818_0055_ye 22 17 5 3 0 1106.18 1422.53 330.88 427.57 775.3 994.96
ynao_sd_20060821_0645_ye 2 1 1 2 0 222.28 878.84 53.69 196.79 168.59 682.05
ynao_sd_20060822_0610_ye 3 0 3 2 0 214.64 544.17 40.13 102.63 174.51 441.54
ynao_sd_20060824_0505_ye 11 7 4 2 0 577.86 785.79 139.87 202.66 437.99 583.13
ynao_sd_20060825_0110_ye 18 13 5 2 0 675.4 785.57 197.03 231.67 478.37 553.9
ynao_sd_20060828_0135_ye 22 18 4 4 0 460.27 488.21 229.68 242.31 230.59 245.9
ynao_sd_20060829_0035_ye 30 28 2 1 0 471.64 547.74 251.57 290.17 220.07 257.57
ynao_sd_20060830_0105_ye 14 12 2 1 0 263.2 362.45 139.61 193.76 123.59 168.69
ynao_sd_20060831_0045_ye 18 15 3 2 0 274.22 436.75 135.79 203.29 138.43 233.46
ynao_sd_20060901_0100_ye 22 21 1 1 0 189.03 362.45 157.94 309.0 31.09 53.45
ynao_sd_20060904_0045_ye 2 2 0 0 0 16.62 25.49 16.62 25.49 0 0
ynao_sd_20060905_0345_ye 6 6 0 0 0 126.77 391.77 126.77 391.77 0 0
ynao_sd_20060907_0215_ye 23 20 3 1 0 504.39 846.42 209.66 290.41 294.73 556.01
ynao_sd_20060912_0050_ye 33 31 2 1 0 747.74 856.28 338.85 417.42 408.89 438.86
ynao_sd_20060914_0035_ye 19 16 3 1 0 610.75 854.16 277.06 470.82 333.69 383.34
ynao_sd_20060918_0350_ye 3 3 0 0 0 50.89 90.69 50.89 90.69 0 0
ynao_sd_20060919_0230_ye 1 1 0 0 0 24.56 37.43 24.56 37.43 0 0
ynao_sd_20060920_0100_ye 6 6 0 0 0 91.53 139.21 91.53 139.21 0 0
ynao_sd_20060921_0130_ye 1 0 1 1 0 934.31 1040.43 30.72 34.22 903.59 1006.21
ynao_sd_20060922_0045_ye 6 6 0 0 0 49.74 52.36 49.74 52.36 0 0
ynao_sd_20060925_0055_ye 8 8 0 0 0 56.21 71.31 56.21 71.31 0 0
ynao_sd_20060928_0130_ye 2 2 0 0 0 45.69 198.0 45.69 198.0 0 0
ynao_sd_20060929_0315_ye 6 6 0 0 0 121.21 297.28 121.21 297.28 0 0
ynao_sd_20060930_0055_ye 13 11 2 1 0 203.37 350.01 119.45 196.25 83.92 153.76
ynao_sd_20061012_0215_ye 5 5 0 0 0 36.7 82.73 36.7 82.73 0 0
ynao_sd_20061013_0430_ye 2 2 0 0 0 8.76 31.5 8.76 31.5 0 0
ynao_sd_20061014_0205_ye 3 3 0 0 0 21.6 30.03 21.6 30.03 0 0
ynao_sd_20061015_0140_ye 2 2 0 0 0 21.4 26.04 21.4 26.04 0 0
ynao_sd_20061016_0110_ye 1 1 0 0 0 6.21 11.26 6.21 11.26 0 0
ynao_sd_20061017_0100_ye 0 0 0 0 0 0 0 0 0 0 0
ynao_sd_20061018_0210_ye 1 1 0 0 0 7.3 9.36 7.3 9.36 0 0
ynao_sd_20061019_0430_ye 2 2 0 0 0 11.78 12.82 11.78 12.82 0 0
ynao_sd_20061020_0700_ye 6 6 0 0 0 47.5 50.45 47.5 50.45 0 0
ynao_sd_20061023_0345_ye 26 23 3 2 0 316.15 494.11 203.79 313.65 112.36 180.46
ynao_sd_20061024_0450_ye 17 17 0 1 0 1106.52 3465.34 202.51 407.9 904.01 3057.44
ynao_sd_20061025_0140_ye 8 7 1 1 0 93.27 358.71 55.01 170.99 38.26 187.72
ynao_sd_20061026_0210_ye 3 3 0 0 0 19.97 23.1 19.97 23.1 0 0
ynao_sd_20061027_0330_ye 5 5 0 0 0 33.32 85.71 33.32 85.71 0 0
ynao_sd_20061029_0150_ye 3 3 0 0 0 21.0 24.14 21.0 24.14 0 0
ynao_sd_20061030_0105_ye 1 1 0 0 0 21.39 66.35 21.39 66.35 0 0
ynao_sd_20061031_0130_ye 18 17 1 1 0 174.16 362.77 142.78 301.86 31.38 60.91
ynao_sd_20061101_0340_ye 32 25 7 4 0 492.21 682.15 213.44 301.33 278.77 380.82
ynao_sd_20061102_0045_ye 55 45 10 4 0 841.93 1012.21 397.86 498.8 444.07 513.41
ynao_sd_20061103_0050_ye 73 70 3 2 0 821.15 910.84 546.15 624.06 275.0 286.78
ynao_sd_20061104_0230_ye 64 60 4 2 0 655.17 687.81 434.31 460.97 220.86 226.84
ynao_sd_20061105_0155_ye 46 43 3 2 0 564.96 593.4 331.66 345.69 233.3 247.71
ynao_sd_20061107_0105_ye 21 19 2 1 0 229.6 298.16 153.3 190.78 76.3 107.38
ynao_sd_20061108_0055_ye 20 18 2 2 0 271.15 921.38 137.0 285.7 134.15 635.68
ynao_sd_20061109_0055_ye 17 13 4 1 0 502.66 1352.87 110.07 272.62 392.59 1080.25
ynao_sd_20061110_0035_ye 10 9 1 1 0 973.67 1876.7 237.97 454.4 735.7 1422.3
ynao_sd_20061113_0100_ye 24 21 3 2 0 1601.53 1845.17 444.5 488.83 1157.03 1356.34
ynao_sd_20061114_0100_ye 13 12 1 1 0 1587.45 1629.21 487.71 518.14 1099.74 1111.07
ynao_sd_20061115_0100_ye 17 13 4 2 0 1731.19 1846.84 321.86 362.92 1409.33 1483.92
ynao_sd_20061116_0100_ye 29 25 4 2 0 1605.2 1764.41 487.49 540.57 1117.71 1223.84
ynao_sd_20061117_0100_ye 24 19 5 3 0 1379.61 1659.04 492.66 589.86 886.95 1069.18
ynao_sd_20061118_0030_ye 18 16 2 1 0 986.5 1407.01 298.48 409.24 688.02 997.77
ynao_sd_20061120_0050_ye 9 8 1 1 0 429.54 1355.51 160.92 371.33 268.62 984.18
ynao_sd_20061121_0107_ye 5 5 0 0 0 33.63 46.06 33.63 46.06 0 0
ynao_sd_20061122_0105_ye 2 2 0 0 0 12.88 29.65 12.88 29.65 0 0
ynao_sd_20061123_0100_ye 1 1 0 0 0 6.28 22.64 6.28 22.64 0 0
ynao_sd_20061124_0100_ye 2 2 0 0 0 57.93 59.88 57.93 59.88 0 0
ynao_sd_20061127_0107_ye 8 7 1 1 0 237.57 447.12 139.32 268.44 98.25 178.68
ynao_sd_20061128_0058_ye 29 25 4 2 0 476.23 713.0 224.24 363.54 251.99 349.46
ynao_sd_20061129_0107_ye 20 16 4 3 0 509.4 631.73 241.7 303.88 267.7 327.85
ynao_sd_20061130_0120_ye 32 24 8 2 0 834.55 953.36 258.1 327.18 576.45 626.18
ynao_sd_20061203_0310_ye 31 25 6 3 0 655.48 698.12 249.96 283.32 405.52 414.8
ynao_sd_20061204_0120_ye 28 23 5 4 0 427.91 511.25 217.25 262.84 210.66 248.41
ynao_sd_20061205_0100_ye 14 10 4 3 0 320.2 466.76 112.53 189.7 207.67 277.06
ynao_sd_20061206_0100_ye 20 15 5 3 0 1864.05 3791.31 273.72 636.91 1590.33 3154.4
ynao_sd_20061207_0330_ye 31 28 3 2 0 826.72 1531.27 367.26 684.41 459.46 846.86
ynao_sd_20061208_0108_ye 21 18 3 1 0 894.39 1314.98 312.65 488.8 581.74 826.18
ynao_sd_20061211_0120_ye 26 22 4 1 0 1131.37 1164.69 391.08 418.96 740.29 745.73
ynao_sd_20061212_0110_ye 18 13 5 1 0 1252.9 1266.36 379.54 384.86 873.36 881.5
ynao_sd_20061213_0050_ye 24 17 7 1 0 1345.44 1433.06 361.15 387.51 984.29 1045.55
ynao_sd_20061214_0300_ye 19 10 9 1 0 1496.83 1814.95 312.64 387.96 1184.19 1426.99
ynao_sd_20061215_0235_ye 19 10 9 2 0 1131.13 1559.12 420.5 517.43 710.63 1041.69
ynao_sd_20061221_0155_ye 2 2 0 0 0 15.52 25.69 15.52 25.69 0 0
ynao_sd_20061222_0355_ye 1 1 0 0 0 12.25 13.17 12.25 13.17 0 0
ynao_sd_20061226_0140_ye 10 9 1 0 0 82.74 112.75 92.53 128.31 9.79 15.56
ynao_sd_20061227_0105_ye 13 13 0 0 0 91.95 103.53 91.95 103.53 0 0
ynao_sd_20061228_0130_ye 7 7 0 0 0 45.15 48.78 45.15 48.78 0 0
ynao_sd_20061230_0200_ye 3 3 0 0 0 18.08 50.1 18.08 50.1 0 0
