ynao_sd_20070101_0750_ye 8 4 4 3 0 1946.46 3761.13 161.22 296.33 1785.24 3464.8
ynao_sd_20070102_0110_ye 10 6 4 2 0 459.82 945.53 139.82 251.14 320.0 694.39
ynao_sd_20070103_0335_ye 8 4 4 2 0 1039.29 1285.94 220.85 275.51 818.44 1010.43
ynao_sd_20070108_0550_ye 11 9 2 2 0 1036.3 1146.28 265.14 318.8 771.16 827.48
ynao_sd_20070109_0325_ye 22 18 4 3 0 995.88 1187.34 400.6 473.43 595.28 713.91
ynao_sd_20070110_0100_ye 15 11 4 3 0 938.44 1266.35 259.73 343.97 678.71 922.38
ynao_sd_20070111_0230_ye 8 7 1 2 0 600.38 1062.67 146.09 347.07 454.29 715.6
ynao_sd_20070112_0150_ye 5 4 1 1 0 334.6 640.9 109.98 258.78 224.62 382.12
ynao_sd_20070115_0100_ye 18 18 0 0 0 130.2 247.07 130.2 247.07 0 0
ynao_sd_20070116_0105_ye 19 19 0 0 0 135.57 161.28 135.57 161.28 0 0
ynao_sd_20070117_0143_ye 18 18 0 0 0 115.62 142.97 115.62 142.97 0 0
ynao_sd_20070118_0130_ye 31 31 0 0 0 207.72 258.6 207.72 258.6 0 0
ynao_sd_20070119_0830_ye 24 24 0 0 0 173.5 177.71 173.5 177.71 0 0
ynao_sd_20070122_0320_ye 21 19 2 2 0 281.77 332.69 130.57 154.15 151.2 178.54
ynao_sd_20070123_0600_ye 14 11 3 2 0 221.99 347.03 92.02 158.72 129.97 188.31
ynao_sd_20070124_0140_ye 10 8 2 1 0 198.95 363.05 85.87 152.06 113.08 210.99
ynao_sd_20070125_0135_ye 5 5 0 0 0 42.23 128.9 42.23 128.9 0 0
ynao_sd_20070126_0145_ye 3 3 0 0 0 16.2 16.64 16.2 16.64 0 0
ynao_sd_20070129_0515_ye 13 11 2 1 0 386.46 709.75 193.96 435.5 192.5 274.25
ynao_sd_20070204_0435_ye 11 9 2 2 0 706.51 781.79 236.76 268.38 469.75 513.41
ynao_sd_20070205_0125_ye 11 10 1 2 0 728.44 879.5 148.72 176.68 579.72 702.82
ynao_sd_20070206_0435_ye 12 9 3 2 0 595.41 874.68 175.4 269.4 420.01 605.28
ynao_sd_20070207_0100_ye 7 5 2 2 0 1579.23 3831.61 159.53 260.5 1419.7 3571.11
ynao_sd_20070208_0050_ye 2 0 2 2 0 357.12 783.22 73.16 137.33 283.96 645.89
ynao_sd_20070209_0055_ye 1 0 1 1 0 173.8 351.8 44.01 89.8 129.79 262.0
ynao_sd_20070211_0530_ye 2 2 0 0 0 12.04 18.65 12.04 18.65 0 0
ynao_sd_20070212_0100_ye 1 1 0 0 0 10.96 14.59 10.96 14.59 0 0
ynao_sd_20070213_0130_ye 1 1 0 0 0 6.36 22.85 6.36 22.85 0 0
ynao_sd_20070214_0200_ye 2 2 0 0 0 10.64 23.37 10.64 23.37 0 0
ynao_sd_20070215_0720_ye 5 5 0 0 0 41.75 65.85 41.75 65.85 0 0
ynao_sd_20070216_0800_ye 2 2 0 0 0 9.33 21.15 9.33 21.15 0 0
ynao_sd_20070219_0030_ye 8 8 0 0 0 59.62 73.67 59.62 73.67 0 0
ynao_sd_20070220_0020_ye 10 10 0 0 0 59.69 62.78 59.69 62.78 0 0
ynao_sd_20070221_0130_ye 14 14 0 0 0 102.05 130.36 102.05 130.36 0 0
ynao_sd_20070222_0115_ye 19 19 0 0 0 118.91 127.63 118.91 127.63 0 0
ynao_sd_20070224_0145_ye 1 0 1 1 0 85.24 167.58 19.12 37.45 66.12 130.13
ynao_sd_20070226_0100_ye 7 5 2 1 0 258.51 356.27 88.39 148.48 170.12 207.79
ynao_sd_20070227_0100_ye 9 7 2 1 0 255.12 305.7 85.32 123.36 169.8 182.34
ynao_sd_20070228_0020_ye 10 8 2 1 0 302.48 315.29 88.81 98.94 213.67 216.35
ynao_sd_20070301_0100_ye 11 8 3 1 0 265.22 274.46 120.35 130.59 144.87 143.87
ynao_sd_20070302_0105_ye 11 8 3 2 0 1679.83 1836.15 122.51 137.01 1557.32 1699.14
ynao_sd_20070305_0053_ye 11 10 1 1 0 1646.95 1792.05 117.45 193.07 1529.5 1598.98
ynao_sd_20070306_0150_ye 8 8 0 0 0 77.2 145.09 77.2 145.09 0 0
ynao_sd_20070307_0045_ye 3 3 0 0 0 21.32 28.73 21.32 28.73 0 0
ynao_sd_20070308_0100_ye 1 1 0 0 0 9.78 18.02 9.78 18.02 0 0
ynao_sd_20070310_0150_ye 2 2 0 0 0 10.07 23.33 10.07 23.33 0 0
ynao_sd_20070312_0045_ye 8 8 0 0 0 90.44 208.59 90.44 208.59 0 0
ynao_sd_20070313_0035_ye 5 5 0 0 0 35.38 116.84 35.38 116.84 0 0
ynao_sd_20070314_0040_ye 2 2 0 0 0 12.17 27.24 12.17 27.24 0 0
ynao_sd_20070315_0100_ye 3 3 0 0 0 67.96 89.16 67.96 89.16 0 0
ynao_sd_20070316_0100_ye 3 3 0 0 0 30.51 80.71 30.51 80.71 0 0
ynao_sd_20070317_0200_ye 2 2 0 0 0 26.49 136.96 26.49 136.96 0 0
ynao_sd_20070318_0130_ye 3 3 0 0 0 34.55 58.85 34.55 58.85 0 0
ynao_sd_20070319_0050_ye 3 3 0 0 0 20.17 23.16 20.17 23.16 0 0
ynao_sd_20070320_0435_ye 4 4 0 0 0 50.57 67.53 50.57 67.53 0 0
ynao_sd_20070321_0050_ye 2 2 0 0 0 13.43 16.88 13.43 16.88 0 0
ynao_sd_20070322_0200_ye 1 1 0 0 0 6.72 36.96 6.72 36.96 0 0
ynao_sd_20070323_0100_ye 0 0 0 0 0 0 0 0 0 0 0
ynao_sd_20070326_0055_ye 9 9 0 0 0 54.39 62.44 54.39 62.44 0 0
ynao_sd_20070327_0050_ye 5 5 0 0 0 37.74 50.0 37.74 50.0 0 0
ynao_sd_20070328_0035_ye 3 3 0 0 0 25.84 40.35 25.84 40.35 0 0
ynao_sd_20070330_0050_ye 7 7 0 0 0 71.71 124.48 71.71 124.48 0 0
ynao_sd_20070402_0055_ye 5 5 0 0 0 30.68 32.39 30.68 32.39 0 0
ynao_sd_20070405_0050_ye 1 1 0 0 0 5.62 6.96 5.62 6.96 0 0
ynao_sd_20070406_0340_ye 3 3 0 0 0 29.34 65.43 29.34 65.43 0 0
ynao_sd_20070409_0030_ye 3 3 0 0 0 21.61 73.3 21.61 73.3 0 0
ynao_sd_20070410_0700_ye 2 2 0 0 0 24.89 62.54 24.89 62.54 0 0
ynao_sd_20070411_0240_ye 2 2 0 0 0 37.18 73.55 37.18 73.55 0 0
ynao_sd_20070412_0140_ye 0 0 0 0 0 0 0 0 0 0 0
ynao_sd_20070416_0040_ye 5 5 0 0 0 32.6 66.79 32.6 66.79 0 0
ynao_sd_20070417_0015_ye 4 4 0 0 0 34.53 82.73 34.53 82.73 0 0
ynao_sd_20070418_0345_ye 4 4 0 0 0 37.98 84.39 37.98 84.39 0 0
ynao_sd_20070423_0050_ye 1 1 0 0 0 5.77 24.2 5.77 24.2 0 0
ynao_sd_20070424_0050_ye 2 2 0 0 0 10.74 39.7 10.74 39.7 0 0
ynao_sd_20070425_0015_ye 3 3 0 0 0 15.31 40.04 15.31 40.04 0 0
ynao_sd_20070427_0055_ye 12 8 4 1 0 561.35 1156.39 127.6 264.84 433.75 891.55
ynao_sd_20070428_0230_ye 29 24 5 1 0 738.48 1066.07 261.03 372.96 477.45 693.11
ynao_sd_20070429_0100_ye 32 30 2 1 0 749.24 922.0 327.23 406.89 422.01 515.11
ynao_sd_20070430_0045_ye 21 17 4 1 0 821.63 894.44 237.31 267.14 584.32 627.3
ynao_sd_20070501_0140_ye 34 30 4 1 0 1056.31 1080.47 376.9 390.68 679.41 689.79
ynao_sd_20070502_0135_ye 35 30 5 1 0 990.21 1001.23 376.49 381.52 613.72 619.71
ynao_sd_20070503_0030_ye 21 14 7 1 0 919.04 968.49 221.08 232.42 697.96 736.07
ynao_sd_20070505_0035_ye 14 9 5 1 0 478.81 647.33 142.16 190.5 336.65 456.83
ynao_sd_20070508_0025_ye 4 3 1 1 0 70.2 260.12 29.92 77.74 40.28 182.38
ynao_sd_20070509_0318_ye 9 9 0 0 0 65.84 77.13 65.84 77.13 0 0
ynao_sd_20070511_0508_ye 11 11 0 0 0 130.67 137.61 130.67 137.61 0 0
ynao_sd_20070513_0130_ye 12 12 0 0 0 94.62 109.57 94.62 109.57 0 0
ynao_sd_20070514_0655_ye 15 15 0 0 0 111.6 165.96 111.6 165.96 0 0
ynao_sd_20070515_0255_ye 13 11 2 1 0 180.3 317.41 97.43 157.85 82.87 159.56
ynao_sd_20070520_0110_ye 29 28 1 1 0 298.02 345.25 255.19 302.16 42.83 43.09
ynao_sd_20070521_0810_ye 17 17 0 0 0 121.18 139.6 121.18 139.6 0 0
ynao_sd_20070523_0115_ye 9 9 0 0 0 57.29 121.75 57.29 121.75 0 0
ynao_sd_20070524_0030_ye 8 8 0 0 0 56.28 131.04 56.28 131.04 0 0
ynao_sd_20070528_0300_ye 6 6 0 0 0 33.74 100.36 33.74 100.36 0 0
ynao_sd_20070529_0145_ye 1 1 0 0 0 21.21 65.67 21.21 65.67 0 0
ynao_sd_20070530_0120_ye 3 3 0 0 0 27.32 54.53 27.32 54.53 0 0
ynao_sd_20070531_0150_ye 8 8 0 0 0 54.18 76.66 54.18 76.66 0 0
ynao_sd_20070601_0100_ye 5 5 0 0 0 86.61 359.96 86.61 359.96 0 0
ynao_sd_20070604_0310_ye 53 45 8 4 0 767.47 1134.41 348.36 530.17 419.11 604.24
ynao_sd_20070605_0020_ye 62 56 6 4 0 789.19 968.06 428.32 526.59 360.87 441.47
ynao_sd_20070606_0310_ye 44 42 2 2 0 573.24 621.58 380.53 417.3 192.71 204.28
ynao_sd_20070607_0040_ye 55 52 3 2 0 662.76 686.84 414.41 435.62 248.35 251.22
ynao_sd_20070608_0050_ye 32 29 3 2 0 429.42 447.02 244.79 260.62 184.63 186.4
ynao_sd_20070611_0250_ye 7 6 1 1 0 142.24 194.34 92.32 126.47 49.92 67.87
ynao_sd_20070613_0145_ye 3 3 0 0 0 50.48 99.33 50.48 99.33 0 0
ynao_sd_20070616_0210_ye 1 1 0 0 0 8.31 8.79 8.31 8.79 0 0
ynao_sd_20070617_0250_ye 6 6 0 0 0 58.2 120.07 58.2 120.07 0 0
ynao_sd_20070618_0100_ye 1 1 0 0 0 4.81 16.32 4.81 16.32 0 0
ynao_sd_20070619_0755_ye 4 4 0 0 0 29.09 72.62 29.09 72.62 0 0
ynao_sd_20070621_0440_ye 3 3 0 0 0 25.77 74.12 25.77 74.12 0 0
ynao_sd_20070622_0130_ye 3 3 0 0 0 15.6 60.86 15.6 60.86 0 0
ynao_sd_20070624_0150_ye 2 2 0 0 0 12.1 29.98 12.1 29.98 0 0
ynao_sd_20070625_0120_ye 3 3 0 0 0 17.22 46.11 17.22 46.11 0 0
ynao_sd_20070626_0625_ye 4 3 1 1 0 136.01 340.94 35.91 70.14 100.1 270.8
ynao_sd_20070627_0016_ye 3 1 2 1 0 1422.6 2870.0 43.51 83.19 1379.09 2786.81
ynao_sd_20070628_0055_ye 4 2 2 1 0 302.93 451.15 62.86 94.96 240.07 356.19
ynao_sd_20070629_0040_ye 11 8 3 1 0 380.05 489.34 138.88 193.19 241.17 296.15
ynao_sd_20070702_0510_ye 15 12 3 1 0 251.61 261.15 128.83 134.79 122.78 126.36
ynao_sd_20070703_0350_ye 5 2 3 1 0 242.48 269.32 61.92 74.37 180.56 194.95
ynao_sd_20070704_0145_ye 8 6 2 1 0 249.59 308.71 95.98 124.25 153.61 184.46
ynao_sd_20070705_0040_ye 5 2 3 1 0 165.65 239.35 47.83 75.51 117.82 163.84
ynao_sd_20070706_0205_ye 3 2 1 1 0 94.23 179.04 24.05 51.7 70.18 127.34
ynao_sd_20070710_0605_ye 19 14 5 3 0 714.45 1065.45 277.14 428.44 437.31 637.01
ynao_sd_20070711_0658_ye 13 9 4 2 0 685.47 829.54 198.77 246.37 486.7 583.17
ynao_sd_20070716_0048_ye 11 9 2 1 0 299.13 352.23 127.37 151.56 171.76 200.67
ynao_sd_20070717_0333_ye 5 4 1 1 0 189.61 267.61 59.53 81.47 130.08 186.14
ynao_sd_20070726_0100_ye 2 2 0 0 0 14.13 22.03 14.13 22.03 0 0
ynao_sd_20070727_0405_ye 4 4 0 0 0 26.6 43.13 26.6 43.13 0 0
ynao_sd_20070730_0730_ye 7 7 0 0 0 77.24 97.96 77.24 97.96 0 0
ynao_sd_20070731_0130_ye 4 4 0 0 0 27.76 58.74 27.76 58.74 0 0
ynao_sd_20070806_0030_ye 4 4 0 0 0 60.37 103.31 60.37 103.31 0 0
ynao_sd_20070807_0100_cun 5 5 0 0 0 65.9 98.62 65.9 98.62 0 0
ynao_sd_20070808_0100_cun 7 7 0 0 0 93.09 100.61 93.09 100.61 0 0
ynao_sd_20070809_0100_cun 4 4 0 0 0 87.47 89.59 87.47 89.59 0 0
ynao_sd_20070810_0137_cun 6 6 0 0 0 76.73 97.73 76.73 97.73 0 0
ynao_sd_20070813_0710_ye 0 0 0 0 0 0 0 0 0 0 0
ynao_sd_20070814_0250_ye 6 6 0 0 0 36.16 37.72 36.16 37.72 0 0
ynao_sd_20070815_0040_ye 2 2 0 0 0 11.31 23.18 11.31 23.18 0 0
ynao_sd_20070816_0800_ye 2 2 0 0 0 13.17 16.24 13.17 16.24 0 0
ynao_sd_20070817_0240_ye 1 1 0 0 0 4.37 15.33 4.37 15.33 0 0
ynao_sd_20070819_0240_ye 1 1 0 0 0 8.1 8.79 8.1 8.79 0 0
ynao_sd_20070820_0115_cun 3 3 0 0 0 16.76 32.5 16.76 32.5 0 0
ynao_sd_20070821_0100_cun 5 5 0 0 0 27.44 46.15 27.44 46.15 0 0
ynao_sd_20070822_0105_cun 4 4 0 0 0 144.13 464.53 144.13 464.53 0 0
ynao_sd_20070823_0145_cun 3 1 2 1 0 200.69 395.05 39.21 83.01 161.48 312.04
ynao_sd_20070825_0455_cun 5 3 2 1 0 268.59 341.97 68.68 106.46 199.91 235.51
ynao_sd_20070827_0340_ye 3 1 2 1 0 185.72 190.34 45.53 46.7 140.19 143.64
ynao_sd_20070828_0800_ye 5 3 2 1 0 233.6 273.01 77.42 111.1 156.18 161.91
ynao_sd_20070829_0105_ye 9 7 2 1 0 231.92 282.2 83.41 123.21 148.51 158.99
ynao_sd_20070830_0057_ye 7 5 2 1 0 203.22 245.05 73.09 90.27 130.13 154.78
ynao_sd_20070831_0640_ye 8 8 0 0 0 107.08 154.82 107.08 154.82 0 0
ynao_sd_20070907_0145_cun 1 1 0 0 0 6.49 8.4 6.49 8.4 0 0
ynao_sd_20070908_0530_cun 1 1 0 0 0 7.09 8.83 7.09 8.83 0 0
ynao_sd_20070912_0640_ye 4 4 0 0 0 72.58 121.89 72.58 121.89 0 0
ynao_sd_20070913_0650_ye 2 2 0 0 0 10.73 38.25 10.73 38.25 0 0
ynao_sd_20070915_0620_ye 3 3 0 0 0 30.52 35.47 30.52 35.47 0 0
ynao_sd_20070916_0340_ye 2 2 0 0 0 14.49 21.08 14.49 21.08 0 0
ynao_sd_20070918_0200_cun 2 2 0 0 0 34.34 80.31 34.34 80.31 0 0
ynao_sd_20070919_0230_cun 2 2 0 0 0 11.88 19.69 11.88 19.69 0 0
ynao_sd_20070920_0100_cun 2 2 0 0 0 9.93 26.99 9.93 26.99 0 0
ynao_sd_20070921_0130_cun 3 3 0 0 0 34.41 60.88 34.41 60.88 0 0
ynao_sd_20070922_0330_cun 1 1 0 0 0 5.47 10.34 5.47 10.34 0 0
ynao_sd_20070923_0330_cun 0 0 0 0 0 0 0 0 0 0 0
ynao_sd_20070924_0052_ye 4 4 0 0 0 30.65 48.96 30.65 48.96 0 0
ynao_sd_20070927_0730_cun 3 3 0 0 0 16.01 21.21 16.01 21.21 0 0
ynao_sd_20070928_0337_ye 8 8 0 0 0 63.94 128.83 63.94 128.83 0 0
ynao_sd_20070929_0745_cun 4 4 0 0 0 38.62 38.81 38.62 38.81 0 0
ynao_sd_20070930_0150_cun 11 11 0 0 0 81.18 101.03 81.18 101.03 0 0
ynao_sd_20071001_0125_ye 9 9 0 0 0 67.07 70.98 67.07 70.98 0 0
ynao_sd_20071002_0600_ye 1 1 0 0 0 8.99 11.74 8.99 11.74 0 0
ynao_sd_20071003_0240_ye 4 4 0 0 0 27.46 103.81 27.46 103.81 0 0
ynao_sd_20071004_0040_ye 2 2 0 0 0 13.92 25.7 13.92 25.7 0 0
ynao_sd_20071005_0630_cun 5 5 0 0 0 40.01 69.08 40.01 69.08 0 0
ynao_sd_20071006_0640_cun 5 5 0 0 0 72.24 76.3 72.24 76.3 0 0
ynao_sd_20071007_0615_cun 6 6 0 0 0 86.14 91.22 86.14 91.22 0 0
ynao_sd_20071008_0133_ye 10 10 0 0 0 66.45 88.46 66.45 88.46 0 0
ynao_sd_20071011_0250_cun 2 2 0 0 0 8.31 27.94 8.31 27.94 0 0
ynao_sd_20071022_0405_ye 3 3 0 0 0 82.44 230.61 82.44 230.61 0 0
ynao_sd_20071023_0108_ye 0 0 0 0 0 0 0 0 0 0 0
ynao_sd_20071024_0130_ye 2 2 0 0 0 12.25 28.15 12.25 28.15 0 0
ynao_sd_20071025_0400_ye 2 2 0 0 0 19.05 38.86 19.05 38.86 0 0
ynao_sd_20071026_0115_ye 1 1 0 0 0 8.45 10.47 8.45 10.47 0 0
ynao_sd_20071027_0410_ye 2 2 0 0 0 11.75 42.62 11.75 42.62 0 0
ynao_sd_20071029_0130_ye 0 0 0 0 0 0 0 0 0 0 0
ynao_sd_20071030_0200_cun 5 5 0 0 0 34.96 79.23 34.96 79.23 0 0
ynao_sd_20071031_0430_cun 3 3 0 0 0 25.52 90.9 25.52 90.9 0 0
ynao_sd_20071102_0140_ye 1 1 0 0 0 6.93 7.44 6.93 7.44 0 0
ynao_sd_20071105_0150_ye 3 3 0 0 0 22.31 32.42 22.31 32.42 0 0
ynao_sd_20071106_0110_ye 3 3 0 0 0 40.95 91.92 40.95 91.92 0 0
ynao_sd_20071107_0105_ye 4 4 0 0 0 26.91 42.77 26.91 42.77 0 0
ynao_sd_20071109_0205_ye 4 4 0 0 0 55.6 108.06 55.6 108.06 0 0
ynao_sd_20071110_0410_ye 2 2 0 0 0 14.42 27.81 14.42 27.81 0 0
ynao_sd_20071111_0140_ye 0 0 0 0 0 0 0 0 0 0 0
ynao_sd_20071112_0115_ye 4 4 0 0 0 41.08 74.28 41.08 74.28 0 0
ynao_sd_20071113_0220_cun 3 3 0 0 0 29.41 47.92 29.41 47.92 0 0
ynao_sd_20071115_0330_cun 3 3 0 0 0 25.03 34.57 25.03 34.57 0 0
ynao_sd_20071116_0100_cun 1 1 0 0 0 7.21 7.34 7.21 7.34 0 0
ynao_sd_20071117_0330_cun 3 3 0 0 0 25.66 46.1 25.66 46.1 0 0
ynao_sd_20071119_0230_ye 5 5 0 0 0 32.96 68.77 32.96 68.77 0 0
ynao_sd_20071121_0110_ye 4 4 0 0 0 23.67 30.1 23.67 30.1 0 0
ynao_sd_20071122_0250_ye 1 1 0 0 0 6.19 22.7 6.19 22.7 0 0
ynao_sd_20071125_0150_ye 3 3 0 0 0 25.96 58.06 25.96 58.06 0 0
ynao_sd_20071126_0715_ye 9 9 0 0 0 85.63 132.38 85.63 132.38 0 0
ynao_sd_20071128_0200_ye 0 0 0 0 0 0 0 0 0 0 0
ynao_sd_20071129_0205_ye 2 2 0 0 0 11.98 42.27 11.98 42.27 0 0
ynao_sd_20071130_0230_ye 1 1 0 0 0 26.1 33.71 26.1 33.71 0 0
ynao_sd_20071203_0350_ye 3 3 0 0 0 51.73 98.93 51.73 98.93 0 0
ynao_sd_20071205_0115_ye 5 5 0 0 0 35.68 39.58 35.68 39.58 0 0
ynao_sd_20071206_0200_ye 10 10 0 0 0 92.87 283.79 92.87 283.79 0 0
ynao_sd_20071207_0125_ye 23 21 2 2 0 272.03 575.25 156.73 284.02 115.3 291.23
ynao_sd_20071208_0155_ye 24 20 4 2 0 338.66 543.66 195.52 304.09 143.14 239.57
ynao_sd_20071209_0125_ye 34 29 5 3 0 455.75 648.23 262.94 400.56 192.81 247.67
ynao_sd_20071210_0100_ye 41 35 6 3 0 545.0 696.9 321.98 447.01 223.02 249.89
ynao_sd_20071211_0120_ye 56 54 2 1 0 607.51 635.97 426.44 450.05 181.07 185.92
ynao_sd_20071212_0105_ye 51 49 2 1 0 559.29 565.91 419.46 423.48 139.83 142.43
ynao_sd_20071213_0110_ye 52 48 4 4 0 720.24 773.69 448.82 490.59 271.42 283.1
ynao_sd_20071214_0110_ye 57 48 9 4 0 649.07 728.93 400.93 451.81 248.14 277.12
ynao_sd_20071215_0140_ye 34 29 5 4 0 439.82 609.78 266.81 384.31 173.01 225.47
ynao_sd_20071216_0300_ye 28 28 0 0 0 207.17 356.03 207.17 356.03 0 0
ynao_sd_20071217_0425_ye 11 11 0 0 0 81.92 180.73 81.92 180.73 0 0
ynao_sd_20071219_0130_ye 2 2 0 0 0 9.18 23.47 9.18 23.47 0 0
ynao_sd_20071220_0100_ye 2 2 0 0 0 33.68 67.54 33.68 67.54 0 0
ynao_sd_20071221_0110_ye 0 0 0 0 0 0 0 0 0 0 0
ynao_sd_20071222_0100_ye 1 1 0 0 0 7.29 27.21 7.29 27.21 0 0
ynao_sd_20071223_0350_ye 1 1 0 0 0 5.26 20.06 5.26 20.06 0 0
ynao_sd_20071224_0105_ye 3 3 0 0 0 17.61 41.04 17.61 41.04 0 0
ynao_sd_20071225_0315_ye 6 6 0 0 0 38.14 41.32 38.14 41.32 0 0
ynao_sd_20071226_0350_ye 3 3 0 0 0 24.72 39.69 24.72 39.69 0 0
ynao_sd_20071227_0100_ye 4 2 2 2 0 863.43 1166.1 123.36 200.7 740.07 965.4
ynao_sd_20071228_0430_ye 1 1 0 0 0 17.07 18.06 17.07 18.06 0 0
ynao_sd_20071230_0410_ye 1 1 0 0 0 15.59 17.27 15.59 17.27 0 0
