ynao_sd_20080102_0410_ye 8 8 0 0 0 78.83 187.84 78.83 187.84 0 0
ynao_sd_20080103_0210_ye 5 5 0 0 0 43.55 74.87 43.55 74.87 0 0
ynao_sd_20080104_0105_ye 9 9 0 0 0 62.62 98.14 62.62 98.14 0 0
ynao_sd_20080105_0100_ye 13 13 0 0 0 86.42 120.24 86.42 120.24 0 0
ynao_sd_20080107_0120_ye 29 29 0 0 0 176.39 192.15 176.39 192.15 0 0
ynao_sd_20080108_0110_ye 32 32 0 0 0 198.05 205.11 198.05 205.11 0 0
ynao_sd_20080109_0110_ye 24 24 0 0 0 156.62 180.34 156.62 180.34 0 0
ynao_sd_20080111_0110_ye 17 17 0 0 0 110.53 185.47 110.53 185.47 0 0
ynao_sd_20080112_0130_ye 12 12 0 0 0 76.01 91.68 76.01 91.68 0 0
ynao_sd_20080113_0350_ye 1 1 0 0 0 18.4 29.5 18.4 29.5 0 0
ynao_sd_20080114_0100_ye 4 4 0 0 0 103.9 127.27 103.9 127.27 0 0
ynao_sd_20080117_0100_ye 4 3 1 1 1 331.65 408.94 50.72 67.46 280.93 341.48
ynao_sd_20080118_0100_ye 3 3 0 0 0 48.04 50.47 48.04 50.47 0 0
ynao_sd_20080119_0110_ye 1 1 0 0 0 5.68 9.28 5.68 9.28 0 0
ynao_sd_20080121_0110_ye 2 2 0 1 0 268.88 556.99 12.98 43.64 255.9 513.35
ynao_sd_20080122_0110_ye 1 1 0 0 0 6.04 7.15 6.04 7.15 0 0
ynao_sd_20080123_0110_ye 2 2 0 0 0 8.76 10.73 8.76 10.73 0 0
ynao_sd_20080124_0105_ye 2 2 0 0 0 45.59 90.93 45.59 90.93 0 0
ynao_sd_20080125_0220_ye 1 1 0 0 0 12.16 19.39 12.16 19.39 0 0
ynao_sd_20080126_0230_ye 1 1 0 0 0 5.89 11.89 5.89 11.89 0 0
ynao_sd_20080130_0100_ye 7 7 0 0 0 52.32 90.43 52.32 90.43 0 0
ynao_sd_20080131_0100_ye 7 7 0 1 0 120.61 178.78 99.48 152.71 21.13 26.07
ynao_sd_20080202_0055_ye 24 24 0 0 0 168.65 200.08 168.65 200.08 0 0
ynao_sd_20080203_0115_ye 10 10 0 0 0 63.81 69.72 63.81 69.72 0 0
ynao_sd_20080205_0040_ye 10 10 0 0 0 94.63 137.22 94.63 137.22 0 0
ynao_sd_20080206_0220_ye 0 0 0 0 0 0 0 0 0 0 0
ynao_sd_20080207_0300_ye 1 1 0 0 0 5.1 12.47 5.1 12.47 0 0
ynao_sd_20080210_0150_ye 1 1 0 0 0 5.03 17.98 5.03 17.98 0 0
ynao_sd_20080211_0140_ye 3 3 0 0 0 26.97 60.13 26.97 60.13 0 0
ynao_sd_20080212_0430_ye 1 1 0 0 0 26.17 56.15 26.17 56.15 0 0
ynao_sd_20080213_0620_ye 0 0 0 0 0 0 0 0 0 0 0
ynao_sd_20080216_0230_ye 1 1 0 0 0 5.83 11.07 5.83 11.07 0 0
ynao_sd_20080217_0050_ye 1 1 0 0 0 5.55 17.98 5.55 17.98 0 0
ynao_sd_20080218_0200_ye 5 5 0 0 0 31.21 51.85 31.21 51.85 0 0
ynao_sd_20080220_0620_ye 3 3 0 0 0 20.91 37.34 20.91 37.34 0 0
ynao_sd_20080223_0250_ye 3 3 0 0 0 15.66 62.63 15.66 62.63 0 0
ynao_sd_20080224_0400_ye 4 4 0 0 0 24.54 46.48 24.54 46.48 0 0
ynao_sd_20080225_0100_ye 5 2 3 2 0 611.33 1014.94 181.12 299.41 430.21 715.53
ynao_sd_20080226_0120_ye 6 6 0 0 0 53.68 68.86 53.68 68.86 0 0
ynao_sd_20080228_0130_ye 7 7 0 0 0 48.32 77.08 48.32 77.08 0 0
ynao_sd_20080229_0110_ye 4 4 0 0 0 24.42 87.36 24.42 87.36 0 0
ynao_sd_20080302_0520_ye 2 2 0 0 0 29.07 33.69 29.07 33.69 0 0
ynao_sd_20080304_0530_ye 3 3 0 0 0 52.56 68.49 52.56 68.49 0 0
ynao_sd_20080307_0150_ye 1 1 0 0 0 5.11 16.83 5.11 16.83 0 0
ynao_sd_20080311_0120_ye 2 2 0 0 0 29.97 38.47 29.97 38.47 0 0
ynao_sd_20080312_0110_ye 4 4 0 0 0 45.36 73.46 45.36 73.46 0 0
ynao_sd_20080313_0240_ye 4 4 0 0 0 44.26 109.94 44.26 109.94 0 0
ynao_sd_20080314_0100_ye 1 1 0 0 0 9.13 9.9 9.13 9.9 0 0
ynao_sd_20080317_0105_ye 4 4 0 0 0 28.55 52.49 28.55 52.49 0 0
ynao_sd_20080318_0120_ye 4 4 0 0 0 51.32 79.67 51.32 79.67 0 0
ynao_sd_20080319_0120_ye 1 1 0 0 0 6.65 8.92 6.65 8.92 0 0
ynao_sd_20080320_0300_ye 1 1 0 0 0 16.24 16.34 16.24 16.34 0 0
ynao_sd_20080321_0130_ye 0 0 0 0 0 0 0 0 0 0 0
ynao_sd_20080324_0115_ye 16 16 0 0 0 131.17 222.6 131.17 222.6 0 0
ynao_sd_20080325_0105_ye 35 29 6 2 0 510.64 768.09 300.54 439.32 210.1 328.77
ynao_sd_20080326_0520_ye 33 19 14 5 0 1088.14 1408.92 361.02 545.81 727.12 863.11
ynao_sd_20080327_0050_ye 47 34 13 6 0 1100.31 1258.04 363.01 420.98 737.3 837.06
ynao_sd_20080328_0055_ye 35 24 11 5 0 1085.22 1172.91 400.73 439.8 684.49 733.11
ynao_sd_20080330_0140_ye 28 26 2 2 0 657.81 705.24 311.24 339.64 346.57 365.6
ynao_sd_20080331_0050_ye 28 24 4 2 0 584.12 673.7 226.29 268.36 357.83 405.34
ynao_sd_20080401_0100_ye 18 14 4 1 0 413.17 542.09 168.84 235.2 244.33 306.89
ynao_sd_20080404_0050_ye 8 8 0 0 0 74.24 248.51 74.24 248.51 0 0
ynao_sd_20080405_0050_ye 1 1 0 0 0 32.28 37.78 32.28 37.78 0 0
ynao_sd_20080406_0100_ye 2 2 0 0 0 12.48 14.84 12.48 14.84 0 0
ynao_sd_20080407_0050_ye 6 5 1 0 0 31.54 40.96 72.4 94.5 40.86 53.54
ynao_sd_20080408_0110_ye 5 5 0 0 0 35.63 51.69 35.63 51.69 0 0
ynao_sd_20080409_0100_ye 3 3 0 0 0 41.67 95.1 41.67 95.1 0 0
ynao_sd_20080410_0100_ye 0 0 0 0 0 0 0 0 0 0 0
ynao_sd_20080411_0100_ye 1 1 0 0 0 5.32 6.31 5.32 6.31 0 0
ynao_sd_20080412_0050_ye 0 0 0 0 0 0 0 0 0 0 0
ynao_sd_20080414_0110_ye 3 3 0 0 0 20.03 23.41 20.03 23.41 0 0
ynao_sd_20080415_0100_ye 9 9 0 0 0 63.31 77.19 63.31 77.19 0 0
ynao_sd_20080416_0040_ye 2 2 0 0 0 14.1 35.34 14.1 35.34 0 0
ynao_sd_20080417_0200_ye 2 2 0 0 0 17.19 34.98 17.19 34.98 0 0
ynao_sd_20080418_0100_ye 1 1 0 0 0 5.33 14.55 5.33 14.55 0 0
ynao_sd_20080421_0040_ye 3 3 0 0 0 27.05 51.44 27.05 51.44 0 0
ynao_sd_20080422_0030_ye 1 1 0 0 0 6.14 10.12 6.14 10.12 0 0
ynao_sd_20080423_0135_ye 11 11 0 0 0 86.0 143.81 86.0 143.81 0 0
ynao_sd_20080425_0110_ye 2 2 0 0 0 13.85 16.72 13.85 16.72 0 0
ynao_sd_20080428_0030_ye 1 1 0 0 0 8.39 13.7 8.39 13.7 0 0
ynao_sd_20080429_0155_ye 1 1 0 0 0 4.82 17.23 4.82 17.23 0 0
ynao_sd_20080501_0200_ye 2 2 0 0 0 14.44 17.61 14.44 17.61 0 0
ynao_sd_20080502_0140_ye 1 1 0 0 0 3.93 12.68 3.93 12.68 0 0
ynao_sd_20080503_0100_ye 2 2 0 0 0 14.81 16.07 14.81 16.07 0 0
ynao_sd_20080506_0305_ye 0 0 0 0 0 0 0 0 0 0 0
ynao_sd_20080507_0040_ye 2 2 0 0 0 12.69 30.47 12.69 30.47 0 0
ynao_sd_20080508_0110_ye 2 2 0 0 0 12.11 34.04 12.11 34.04 0 0
ynao_sd_20080509_0040_ye 2 2 0 0 0 29.19 34.82 29.19 34.82 0 0
ynao_sd_20080511_0340_ye 1 1 0 0 0 4.96 5.97 4.96 5.97 0 0
ynao_sd_20080512_0320_ye 1 1 0 0 0 4.23 15.14 4.23 15.14 0 0
ynao_sd_20080513_0350_ye 8 8 0 0 0 59.43 108.17 59.43 108.17 0 0
ynao_sd_20080516_0430_ye 5 5 0 0 0 34.99 56.04 34.99 56.04 0 0
ynao_sd_20080521_0230_ye 1 1 0 0 0 4.68 5.97 4.68 5.97 0 0
ynao_sd_20080522_0110_ye 4 4 0 0 0 25.64 89.97 25.64 89.97 0 0
ynao_sd_20080523_0045_ye 1 1 0 1 0 951.81 1430.65 12.62 16.92 939.19 1413.73
ynao_sd_20080524_0030_ye 0 0 0 0 0 0 0 0 0 0 0
ynao_sd_20080525_0110_ye 2 2 0 0 0 10.92 29.39 10.92 29.39 0 0
ynao_sd_20080526_0040_ye 0 0 0 0 0 0 0 0 0 0 0
ynao_sd_20080527_0040_ye 0 0 0 0 0 0 0 0 0 0 0
ynao_sd_20080529_0050_ye 2 2 0 0 0 13.48 20.79 13.48 20.79 0 0
ynao_sd_20080601_0510_ye 1 1 0 0 0 4.46 5.29 4.46 5.29 0 0
ynao_sd_20080602_0415_ye 3 3 0 0 0 25.85 35.35 25.85 35.35 0 0
ynao_sd_20080603_0050_ye 2 2 0 0 0 9.76 36.88 9.76 36.88 0 0
ynao_sd_20080604_0305_ye 5 5 0 0 0 35.92 66.1 35.92 66.1 0 0
ynao_sd_20080606_0055_ye 2 2 0 0 0 15.38 32.37 15.38 32.37 0 0
ynao_sd_20080607_0340_ye 1 1 0 0 0 28.14 38.78 28.14 38.78 0 0
ynao_sd_20080610_0140_ye 5 5 0 0 0 61.28 180.82 61.28 180.82 0 0
ynao_sd_20080611_0220_ye 5 5 0 0 0 73.35 108.98 73.35 108.98 0 0
ynao_sd_20080612_0015_ye 3 3 0 0 0 24.17 62.68 24.17 62.68 0 0
ynao_sd_20080613_0030_ye 3 3 0 0 0 31.56 47.61 31.56 47.61 0 0
ynao_sd_20080618_0415_ye 4 4 0 0 0 52.56 82.24 52.56 82.24 0 0
ynao_sd_20080619_0325_ye 3 3 0 0 0 55.09 77.26 55.09 77.26 0 0
ynao_sd_20080620_0130_ye 4 4 0 0 0 54.59 60.2 54.59 60.2 0 0
ynao_sd_20080624_0130_ye 0 0 0 0 0 0 0 0 0 0 0
ynao_sd_20080628_0050_ye 1 1 0 0 0 7.28 14.22 7.28 14.22 0 0
ynao_sd_20080630_0145_ye 1 1 0 0 0 5.83 7.27 5.83 7.27 0 0
ynao_sd_20080707_0100_ye 0 0 0 0 0 0 0 0 0 0 0
ynao_sd_20080710_0130_ye 5 5 0 0 0 66.22 98.09 66.22 98.09 0 0
ynao_sd_20080714_0200_ye 0 0 0 0 0 0 0 0 0 0 0
ynao_sd_20080715_0110_ye 2 2 0 0 0 22.98 28.6 22.98 28.6 0 0
ynao_sd_20080718_0100_ye 5 5 0 0 0 27.76 37.36 27.76 37.36 0 0
ynao_sd_20080721_0350_ye 0 0 0 0 0 0 0 0 0 0 0
ynao_sd_20080723_0040_ye 3 3 0 0 0 32.9 40.18 32.9 40.18 0 0
ynao_sd_20080728_0340_ye 0 0 0 0 0 0 0 0 0 0 0
ynao_sd_20080730_0040_ye 1 1 0 0 0 6.87 7.06 6.87 7.06 0 0
ynao_sd_20080731_0100_ye 1 1 0 0 0 5.62 6.86 5.62 6.86 0 0
ynao_sd_20080801_0050_ye 1 1 0 0 0 10.43 13.98 10.43 13.98 0 0
ynao_sd_20080804_0640_ye 0 0 0 0 0 0 0 0 0 0 0
ynao_sd_20080805_0400_ye 1 1 0 0 0 4.31 15.06 4.31 15.06 0 0
ynao_sd_20080806_0240_ye 2 2 0 0 0 11.9 35.58 11.9 35.58 0 0
ynao_sd_20080810_0650_ye 2 2 0 0 0 14.45 47.99 14.45 47.99 0 0
ynao_sd_20080811_0135_ye 2 2 0 0 0 23.24 40.88 23.24 40.88 0 0
ynao_sd_20080812_0400_ye 4 4 0 0 0 23.26 52.65 23.26 52.65 0 0
ynao_sd_20080814_0130_ye 2 2 0 1 0 214.14 249.89 15.3 17.42 198.84 232.47
ynao_sd_20080815_0330_ye 3 3 0 0 0 69.41 123.97 69.41 123.97 0 0
ynao_sd_20080818_0130_ye 1 1 0 0 0 5.83 11.92 5.83 11.92 0 0
ynao_sd_20080820_0030_ye 0 0 0 0 0 0 0 0 0 0 0
ynao_sd_20080822_0400_ye 0 0 0 0 0 0 0 0 0 0 0
ynao_sd_20080823_0220_ye 2 1 1 0 0 9.92 10.66 22.75 27.56 12.83 16.9
ynao_sd_20080825_0500_ye 2 2 0 0 0 12.46 23.75 12.46 23.75 0 0
ynao_sd_20080826_0230_ye 2 2 0 0 0 13.12 19.74 13.12 19.74 0 0
ynao_sd_20080828_0405_ye 3 3 0 0 0 19.24 30.09 19.24 30.09 0 0
ynao_sd_20080829_0455_ye 2 2 0 0 0 14.29 22.99 14.29 22.99 0 0
ynao_sd_20080902_0810_ye 0 0 0 0 0 0 0 0 0 0 0
ynao_sd_20080904_0530_ye 1 1 0 0 0 27.31 27.89 27.31 27.89 0 0
ynao_sd_20080905_0230_ye 6 6 0 0 0 50.69 118.25 50.69 118.25 0 0
ynao_sd_20080908_0240_ye 0 0 0 0 0 0 0 0 0 0 0
ynao_sd_20080910_0230_ye 1 1 0 0 0 11.24 14.22 11.24 14.22 0 0
ynao_sd_20080912_0040_ye 2 2 0 0 0 24.36 28.97 24.36 28.97 0 0
ynao_sd_20080914_0210_ye 4 4 0 0 0 45.97 60.69 45.97 60.69 0 0
ynao_sd_20080916_0100_ye 2 2 0 0 0 21.05 46.21 21.05 46.21 0 0
ynao_sd_20080917_0230_ye 1 1 0 0 0 4.67 6.82 4.67 6.82 0 0
ynao_sd_20080918_0230_ye 0 0 0 0 0 0 0 0 0 0 0
ynao_sd_20080919_0300_ye 4 4 0 0 0 45.59 72.3 45.59 72.3 0 0
ynao_sd_20080921_0330_ye 1 1 0 0 0 11.58 13.65 11.58 13.65 0 0
ynao_sd_20080922_0100_ye 3 3 0 0 0 27.05 38.92 27.05 38.92 0 0
ynao_sd_20080923_0038_ye 11 11 0 0 0 75.18 84.84 75.18 84.84 0 0
ynao_sd_20080924_0120_ye 4 4 0 0 0 35.89 44.16 35.89 44.16 0 0
ynao_sd_20080930_0650_ye 2 2 0 0 0 13.66 36.79 13.66 36.79 0 0
ynao_sd_20081001_0220_ye 3 3 0 0 0 24.44 59.53 24.44 59.53 0 0
ynao_sd_20081002_0200_ye 1 1 0 0 0 8.03 11.55 8.03 11.55 0 0
ynao_sd_20081003_0210_ye 2 2 0 0 0 14.29 15.18 14.29 15.18 0 0
ynao_sd_20081006_0050_ye 2 2 0 0 0 15.99 17.39 15.99 17.39 0 0
ynao_sd_20081009_0045_ye 3 3 0 0 0 19.04 22.96 19.04 22.96 0 0
ynao_sd_20081010_0208_ye 6 6 0 0 0 38.51 57.28 38.51 57.28 0 0
ynao_sd_20081014_0058_ye 10 10 0 0 0 173.78 216.3 173.78 216.3 0 0
ynao_sd_20081015_0200_ye 10 10 0 0 0 87.79 122.24 87.79 122.24 0 0
ynao_sd_20081016_0240_ye 6 6 0 0 0 48.33 61.94 48.33 61.94 0 0
ynao_sd_20081017_0120_ye 10 10 0 0 0 73.71 116.29 73.71 116.29 0 0
ynao_sd_20081020_0310_ye 1 1 0 0 0 6.93 25.53 6.93 25.53 0 0
ynao_sd_20081021_0405_ye 0 0 0 0 0 0 0 0 0 0 0
ynao_sd_20081022_0150_ye 2 2 0 0 0 25.51 40.27 25.51 40.27 0 0
ynao_sd_20081027_0530_ye 6 6 0 0 0 99.4 130.86 99.4 130.86 0 0
ynao_sd_20081029_0105_ye 3 3 0 0 0 26.36 53.14 26.36 53.14 0 0
ynao_sd_20081103_0050_ye 9 8 1 1 0 113.35 146.04 87.07 113.1 26.28 32.94
ynao_sd_20081106_0155_ye 3 3 0 0 0 19.26 49.18 19.26 49.18 0 0
ynao_sd_20081108_0400_ye 2 2 0 0 0 17.99 19.48 17.99 19.48 0 0
ynao_sd_20081110_0105_ye 3 3 0 0 0 14.94 37.57 14.94 37.57 0 0
ynao_sd_20081111_0145_ye 11 11 0 0 0 140.62 159.94 140.62 159.94 0 0
ynao_sd_20081112_0200_ye 15 14 1 2 0 177.85 207.5 99.8 116.58 78.05 90.92
ynao_sd_20081113_0050_ye 15 13 2 1 0 174.32 230.86 106.33 144.42 67.99 86.44
ynao_sd_20081114_0050_ye 6 5 1 1 0 80.85 115.94 34.0 47.28 46.85 68.66
ynao_sd_20081116_0115_ye 0 0 0 0 0 0 0 0 0 0 0
ynao_sd_20081117_0050_ye 2 2 0 0 0 13.13 32.26 13.13 32.26 0 0
ynao_sd_20081118_0330_ye 2 2 0 0 0 13.19 16.1 13.19 16.1 0 0
ynao_sd_20081121_0110_ye 1 1 0 0 0 6.99 21.61 6.99 21.61 0 0
ynao_sd_20081123_0100_ye 1 1 0 0 0 6.2 15.76 6.2 15.76 0 0
ynao_sd_20081124_0410_ye 3 3 0 0 0 34.66 50.03 34.66 50.03 0 0
ynao_sd_20081125_0120_ye 2 2 0 0 0 19.32 22.73 19.32 22.73 0 0
ynao_sd_20081126_0045_ye 0 0 0 0 0 0 0 0 0 0 0
ynao_sd_20081128_0110_ye 1 1 0 0 0 7.36 12.64 7.36 12.64 0 0
ynao_sd_20081201_0700_ye 3 3 0 0 0 53.43 67.59 53.43 67.59 0 0
ynao_sd_20081202_0120_ye 0 0 0 0 0 0 0 0 0 0 0
ynao_sd_20081203_0105_ye 0 0 0 1 0 390.38 472.81 0 0 390.38 472.81
ynao_sd_20081208_0110_ye 2 2 0 0 0 15.82 21.68 15.82 21.68 0 0
ynao_sd_20081209_0210_ye 1 1 0 0 0 6.63 29.33 6.63 29.33 0 0
ynao_sd_20081210_0310_ye 6 6 0 0 0 51.16 97.2 51.16 97.2 0 0
ynao_sd_20081215_0340_ye 0 0 0 0 0 0 0 0 0 0 0
ynao_sd_20081216_0310_ye 2 2 0 0 0 14.28 18.72 14.28 18.72 0 0
ynao_sd_20081218_0710_ye 0 0 0 0 0 0 0 0 0 0 0
ynao_sd_20081219_0230_ye 0 0 0 0 0 0 0 0 0 0 0
ynao_sd_20081223_0300_ye 1 1 0 0 0 6.2 17.45 6.2 17.45 0 0
ynao_sd_20081224_0140_ye 0 0 0 0 0 0 0 0 0 0 0
ynao_sd_20081229_0430_ye 0 0 0 0 0 0 0 0 0 0 0
ynao_sd_20081230_0110_ye 0 0 0 0 0 0 0 0 0 0 0
