ynao_sd_20120105_0310_ye 62 57 5 3 0 1848.75 2658.41 621.16 949.79 1227.59 1708.62
ynao_sd_20120106_0105_ye 56 48 8 4 0 1686.77 2487.75 569.5 852.41 1117.27 1635.34
ynao_sd_20120109_0100_ye 52 37 15 5 0 2061.59 3181.76 602.88 870.97 1458.71 2310.79
ynao_sd_20120111_0215_ye 47 35 12 4 0 1171.16 2259.0 461.86 921.29 709.3 1337.71
ynao_sd_20120112_0100_ye 28 23 5 4 0 649.02 1229.55 232.07 402.75 416.95 826.8
ynao_sd_20120116_0125_ye 70 60 10 2 0 1613.57 3711.77 777.19 1612.45 836.38 2099.32
ynao_sd_20120118_0100_ye 96 81 15 5 0 2538.13 3685.49 956.73 1384.65 1581.4 2300.84
ynao_sd_20120120_0100_ye 84 70 14 6 0 2365.22 2788.49 956.37 1142.36 1408.85 1646.13
ynao_sd_20120125_0356_ye 23 18 5 2 0 782.79 1207.13 284.34 459.95 498.45 747.18
ynao_sd_20120202_0120_ye 58 53 5 3 0 1122.03 1398.67 506.04 733.43 615.99 665.24
ynao_sd_20120206_0110_ye 20 18 2 1 0 469.21 826.62 238.42 389.55 230.79 437.07
ynao_sd_20120208_0115_ye 11 10 1 0 0 105.83 289.05 112.47 317.14 6.64 28.09
ynao_sd_20120210_0100_ye 40 38 2 2 0 396.37 674.9 314.56 586.21 81.81 88.69
ynao_sd_20120213_0110_ye 37 29 8 2 0 1241.42 1676.54 438.55 820.82 802.87 855.72
ynao_sd_20120215_0130_ye 26 22 4 2 0 558.75 799.05 262.9 362.12 295.85 436.93
ynao_sd_20120217_0100_ye 13 10 3 2 0 426.31 776.39 170.33 256.41 255.98 519.98
ynao_sd_20120220_0125_ye 29 21 8 3 0 659.78 740.91 249.07 297.33 410.71 443.58
ynao_sd_20120222_0120_ye 29 27 2 3 0 723.11 916.71 357.73 469.89 365.38 446.82
ynao_sd_20120224_0100_ye 20 17 3 2 0 614.62 1176.09 289.06 510.52 325.56 665.57
ynao_sd_20120227_0110_ye 11 10 1 1 0 312.39 377.66 172.76 204.55 139.63 173.11
ynao_sd_20120229_0115_ye 15 14 1 1 0 361.57 392.9 152.45 165.52 209.12 227.38
ynao_sd_20120305_0120_ye 64 53 11 5 0 1356.83 2231.15 632.6 961.43 724.23 1269.72
ynao_sd_20120307_0105_ye 73 42 31 5 0 3056.91 3638.85 788.41 929.77 2268.5 2709.08
ynao_sd_20120309_0110_ye 74 54 20 7 0 2799.1 3092.57 800.18 880.47 1998.92 2212.1
ynao_sd_20120312_0115_ye 74 67 7 5 0 1272.46 1967.92 655.67 1013.0 616.79 954.92
ynao_sd_20120314_0110_ye 48 42 6 4 0 810.71 1403.42 460.9 714.29 349.81 689.13
ynao_sd_20120316_0125_ye 49 46 3 2 0 642.78 685.93 452.58 486.69 190.2 199.24
ynao_sd_20120319_0110_ye 30 27 3 3 0 523.26 768.85 278.95 409.73 244.31 359.12
ynao_sd_20120321_0115_ye 26 26 0 0 0 290.1 627.42 290.1 627.42 0 0
ynao_sd_20120322_0050_ye 29 28 1 1 0 299.21 434.25 262.18 372.46 37.03 61.79
ynao_sd_20120326_0225_ye 46 43 3 2 0 770.7 1106.91 487.76 704.58 282.94 402.33
ynao_sd_20120328_0240_ye 35 31 4 2 0 783.61 911.42 327.88 407.88 455.73 503.54
ynao_sd_20120330_0105_ye 52 49 3 1 0 903.35 1019.31 494.02 593.64 409.33 425.67
ynao_sd_20120405_0055_ye 24 22 2 1 0 317.48 370.27 187.78 220.03 129.7 150.24
ynao_sd_20120409_0040_ye 10 9 1 1 0 149.23 464.3 85.79 175.17 63.44 289.13
ynao_sd_20120411_0100_ye 7 6 1 1 0 1270.47 3058.54 55.93 90.63 1214.54 2967.91
ynao_sd_20120413_0110_ye 23 22 1 1 0 221.39 268.78 192.52 239.19 28.87 29.59
ynao_sd_20120416_0055_ye 36 36 0 0 0 336.03 633.99 336.03 633.99 0 0
ynao_sd_20120418_0045_ye 53 50 3 5 0 836.65 1179.15 515.15 761.4 321.5 417.75
ynao_sd_20120420_0050_ye 100 69 31 9 0 2550.76 3003.89 931.25 1131.98 1619.51 1871.91
ynao_sd_20120423_0027_ye 107 75 32 13 0 2863.54 3771.26 919.7 1119.32 1943.84 2651.94
ynao_sd_20120425_0045_ye 97 81 16 5 0 1893.68 2506.54 838.81 1181.51 1054.87 1325.03
ynao_sd_20120427_0045_ye 46 37 9 7 0 846.81 1094.57 426.05 583.98 420.76 510.59
ynao_sd_20120502_0035_ye 40 39 1 1 0 1029.93 1234.31 609.66 737.41 420.27 496.9
ynao_sd_20120504_0040_ye 39 34 5 2 0 1060.73 1276.06 515.25 705.14 545.48 570.92
ynao_sd_20120509_0110_ye 46 31 15 6 0 2101.05 2661.83 586.06 758.69 1514.99 1903.14
ynao_sd_20120510_0100_ye 52 37 15 4 0 2446.83 2878.68 860.53 1134.93 1586.3 1743.75
ynao_sd_20120514_0100_ye 53 39 14 8 0 1697.4 2316.49 568.33 861.18 1129.07 1455.31
ynao_sd_20120516_0210_ye 64 54 10 7 0 4102.72 5230.61 699.52 1070.82 3403.2 4159.79
ynao_sd_20120518_0100_ye 70 60 10 6 0 1539.41 2099.5 695.89 774.8 843.52 1324.7
ynao_sd_20120521_0220_ye 66 56 10 3 0 1694.03 2169.05 666.63 838.54 1027.4 1330.51
ynao_sd_20120523_0130_ye 45 37 8 4 0 951.5 1467.41 395.16 614.71 556.34 852.7
ynao_sd_20120530_0140_ye 32 28 4 3 0 605.55 802.15 394.25 579.57 211.3 222.58
ynao_sd_20120604_0240_ye 90 77 13 4 0 1206.17 1456.06 700.06 879.93 506.11 576.13
ynao_sd_20120606_0020_ye 96 85 11 5 0 1796.02 1963.18 946.47 1048.47 849.55 914.71
ynao_sd_20120608_0220_ye 58 46 12 5 0 1112.39 1347.17 491.34 585.24 621.05 761.93
ynao_sd_20120611_0330_ye 51 49 2 2 0 727.33 1301.05 616.23 1094.08 111.1 206.97
ynao_sd_20120613_0010_ye 85 74 11 7 0 1684.14 2014.15 780.54 968.78 903.6 1045.37
ynao_sd_20120615_0204_ye 109 92 17 7 0 3055.99 3378.43 1162.08 1354.91 1893.91 2023.52
ynao_sd_20120618_0205_ye 34 29 5 3 0 1644.31 2345.14 471.44 770.19 1172.87 1574.95
ynao_sd_20120720_0050_ye 13 12 1 1 0 180.31 272.34 114.51 193.99 65.8 78.35
ynao_sd_20120730_0305_ye 48 34 14 7 0 1719.91 2297.92 533.55 757.3 1186.36 1540.62
ynao_sd_20120731_0255_ye 70 59 11 7 0 1996.92 2520.07 847.86 1130.47 1149.06 1389.6
ynao_sd_20120802_0204_ye 45 37 8 5 0 1705.82 2403.87 636.51 914.51 1069.31 1489.36
ynao_sd_20120806_0105_ye 16 8 8 6 0 769.19 1153.87 165.78 238.53 603.41 915.34
ynao_sd_20120807_0633_ye 41 32 9 6 0 939.3 1795.43 391.93 923.94 547.37 871.49
ynao_sd_20120809_0610_ye 50 37 13 10 0 1338.64 2002.65 469.13 669.36 869.51 1333.29
ynao_sd_20120810_0030_ye 64 54 10 9 0 1712.55 2399.6 723.28 1012.9 989.27 1386.7
ynao_sd_20120820_0330_ye 6 5 1 1 0 132.02 178.18 67.18 102.96 64.84 75.22
ynao_sd_20120823_0700_ye 7 7 0 0 0 211.3 408.28 211.3 408.28 0 0
ynao_sd_20120827_0705_ye 17 14 3 3 0 521.79 737.66 217.34 320.77 304.45 416.89
ynao_sd_20120828_0640_ye 26 23 3 2 0 738.38 999.49 346.82 534.23 391.56 465.26
ynao_sd_20120831_0545_ye 57 50 7 5 0 891.25 1247.94 509.84 802.93 381.41 445.01
ynao_sd_20120901_0225_ye 66 57 9 5 0 1064.72 1694.91 629.47 1136.15 435.25 558.76
ynao_sd_20120903_0116_ye 93 83 10 3 0 1125.6 1640.92 759.46 1249.02 366.14 391.9
ynao_sd_20120906_0330_ye 66 64 2 2 0 825.97 1111.1 704.79 950.63 121.18 160.47
ynao_sd_20120907_0410_ye 48 41 7 6 0 830.84 1319.9 401.33 655.61 429.51 664.29
ynao_sd_20120910_0210_ye 36 36 0 1 0 536.48 772.15 419.85 651.45 116.63 120.7
ynao_sd_20120914_0335_ye 20 15 5 3 0 674.58 870.72 225.12 299.35 449.46 571.37
ynao_sd_20120924_0110_ye 37 33 4 1 0 883.82 925.16 346.65 385.38 537.17 539.78
ynao_sd_20120926_0230_ye 69 65 4 2 0 1194.95 1649.9 614.62 844.54 580.33 805.36
ynao_sd_20121008_0715_ye 19 16 3 2 0 534.84 992.79 210.24 293.05 324.6 699.74
ynao_sd_20121011_0130_ye 43 38 5 4 0 785.72 1325.89 402.26 741.45 383.46 584.44
ynao_sd_20121015_0035_ye 71 69 2 2 0 1082.21 1347.77 678.51 808.74 403.7 539.03
ynao_sd_20121018_0135_ye 44 42 2 2 0 803.7 1146.06 507.42 828.69 296.28 317.37
ynao_sd_20121019_0020_ye 46 40 6 4 0 1047.85 1915.0 460.43 832.24 587.42 1082.76
ynao_sd_20121022_0040_ye 41 30 11 4 0 1836.07 2985.75 547.25 809.09 1288.82 2176.66
ynao_sd_20121026_0050_ye 43 30 13 4 0 1660.45 1870.23 502.43 558.54 1158.02 1311.69
ynao_sd_20121028_0130_ye 25 17 8 4 0 1503.65 1758.46 413.7 493.83 1089.95 1264.63
ynao_sd_20121029_0105_ye 37 33 4 3 0 1314.08 1711.57 487.98 713.84 826.1 997.73
ynao_sd_20121101_0300_ye 8 4 4 3 0 604.39 1130.65 159.76 285.39 444.63 845.26
ynao_sd_20121102_0055_ye 10 5 5 3 0 506.12 1070.61 139.84 244.73 366.28 825.88
ynao_sd_20121105_0235_ye 20 20 0 0 0 182.33 329.02 182.33 329.02 0 0
ynao_sd_20121108_0415_ye 14 13 1 1 0 242.15 711.4 182.91 507.71 59.24 203.69
ynao_sd_20121109_0100_ye 18 13 5 3 0 448.02 929.12 196.88 334.31 251.14 594.81
ynao_sd_20121112_0055_ye 101 88 13 8 0 1703.89 2585.31 814.41 1240.1 889.48 1345.21
ynao_sd_20121115_0115_ye 105 93 12 7 0 1815.93 2243.21 941.89 1211.87 874.04 1031.34
ynao_sd_20121119_0100_ye 78 69 9 6 0 1600.95 2086.87 765.8 1031.77 835.15 1055.1
ynao_sd_20121122_0100_ye 60 41 19 6 0 1525.73 1668.02 491.45 533.39 1034.28 1134.63
ynao_sd_20121123_0040_ye 51 35 16 7 0 3361.11 3805.32 543.23 615.6 2817.88 3189.72
ynao_sd_20121124_0100_ye 64 51 13 5 0 2878.99 6007.32 649.59 949.19 2229.4 5058.13
ynao_sd_20121126_0145_ye 60 55 5 3 0 855.73 1244.83 523.73 728.61 332.0 516.22
ynao_sd_20121129_0110_ye 45 28 17 7 0 1538.04 2671.77 503.05 888.11 1034.99 1783.66
ynao_sd_20121130_0100_ye 48 40 8 5 0 1506.0 2442.18 563.51 1028.51 942.49 1413.67
ynao_sd_20121203_0100_ye 30 24 6 3 0 601.22 629.17 276.07 293.87 325.15 335.3
ynao_sd_20121206_0230_ye 16 13 3 1 0 389.55 501.33 156.69 214.29 232.86 287.04
ynao_sd_20121210_0105_ye 40 38 2 3 0 517.62 590.32 337.6 401.61 180.02 188.71
ynao_sd_20121215_0105_ye 43 39 4 3 0 669.11 1671.23 393.78 1041.52 275.33 629.71
ynao_sd_20121216_0055_ye 50 42 8 5 1 817.53 1713.83 428.79 839.46 388.74 874.37
ynao_sd_20121221_0120_ye 50 37 13 6 0 1134.85 1381.08 406.22 481.55 728.63 899.53
ynao_sd_20121228_0120_ye 23 21 2 1 0 389.35 887.02 282.32 594.42 107.03 292.6
