ynao_sd_20150114_0130_ye 85 76 9 3 0 1680.14 2539.23 935.16 1732.23 744.98 807.0
ynao_sd_20150115_0108_ye 72 69 3 2 0 917.9 1048.33 672.34 794.49 245.56 253.84
ynao_sd_20150121_0115_ye 28 22 6 2 0 608.33 648.07 266.35 289.46 341.98 358.61
ynao_sd_20150122_0110_ye 34 31 3 2 0 517.77 614.99 299.52 360.58 218.25 254.41
ynao_sd_20150128_0105_ye 93 77 16 7 0 2378.46 3016.61 1091.39 1660.92 1287.07 1355.69
ynao_sd_20150129_0105_ye 118 102 16 9 0 2205.49 2741.86 1068.46 1455.09 1137.03 1286.77
ynao_sd_20150204_0105_ye 99 93 6 3 0 1168.54 1508.19 841.69 1148.14 326.85 360.05
ynao_sd_20150205_0150_ye 70 69 1 2 0 797.83 923.05 682.16 800.41 115.67 122.64
ynao_sd_20150210_0105_ye 39 35 4 2 0 948.13 1455.72 461.01 741.32 487.12 714.4
ynao_sd_20150304_0025_ye 32 32 0 0 0 344.14 513.59 344.14 513.59 0 0
ynao_sd_20150305_0015_ye 16 16 0 0 0 173.58 313.25 173.58 313.25 0 0
ynao_sd_20150311_0030_ye 32 25 7 1 0 850.27 992.6 343.22 399.69 507.05 592.91
ynao_sd_20150312_0020_ye 49 37 12 2 0 1232.23 1383.27 545.54 659.91 686.69 723.36
ynao_sd_20150318_0035_ye 19 16 3 2 0 681.45 1322.66 248.51 472.66 432.94 850.0
ynao_sd_20150319_0020_ye 23 21 2 2 0 513.33 1071.95 279.97 539.53 233.36 532.42
ynao_sd_20150326_0150_ye 62 53 9 4 0 1305.51 1465.42 635.98 712.2 669.53 753.22
ynao_sd_20150401_0030_ye 29 28 1 1 0 832.54 1541.83 465.37 757.49 367.17 784.34
ynao_sd_20150403_0030_ye 14 14 0 0 0 155.8 208.9 155.8 208.9 0 0
ynao_sd_20150408_0220_ye 49 45 4 3 0 614.29 631.22 398.21 412.59 216.08 218.63
ynao_sd_20150409_0015_ye 52 47 5 2 0 558.26 573.18 405.23 417.54 153.03 155.64
ynao_sd_20150415_0010_ye 84 66 18 7 0 2085.75 3575.61 779.67 1377.64 1306.08 2197.97
ynao_sd_20150429_0025_ye 17 17 0 0 0 141.7 213.52 141.7 213.52 0 0
ynao_sd_20150430_0100_ye 12 12 0 0 0 88.8 148.53 88.8 148.53 0 0
ynao_sd_20150506_0030_ye 102 89 13 8 0 1494.79 2651.42 852.95 1456.68 641.84 1194.74
ynao_sd_20150507_0030_ye 120 99 21 8 0 2128.38 3885.32 906.81 1453.68 1221.57 2431.64
ynao_sd_20150513_0015_ye 177 151 26 8 0 2840.28 3356.68 1409.59 1717.72 1430.69 1638.96
ynao_sd_20150514_0015_ye 155 131 24 10 0 2539.88 3243.0 1265.11 1537.92 1274.77 1705.08
ynao_sd_20150520_0150_ye 68 65 3 1 0 686.53 802.89 538.18 652.15 148.35 150.74
ynao_sd_20150527_0025_ye 10 10 0 0 0 98.22 202.76 98.22 202.76 0 0
ynao_sd_20150528_0030_ye 3 2 1 1 0 97.5 323.83 23.28 61.33 74.22 262.5
ynao_sd_20150603_0030_ye 20 17 3 1 0 290.08 342.47 155.39 202.17 134.69 140.3
ynao_sd_20150604_0040_ye 45 43 2 1 0 502.39 828.01 402.17 718.53 100.22 109.48
ynao_sd_20150610_0015_ye 92 87 5 3 0 969.7 1061.34 756.98 826.17 212.72 235.17
ynao_sd_20150617_0110_ye 115 106 9 3 0 1903.69 3195.04 1092.3 1867.12 811.39 1327.92
ynao_sd_20150618_0325_ye 97 88 9 6 0 1754.78 2466.71 918.67 1276.48 836.11 1190.23
ynao_sd_20150624_0020_ye 101 89 12 3 0 2273.79 2550.37 977.73 1102.31 1296.06 1448.06
ynao_sd_20150625_0510_ye 34 26 8 3 0 1119.01 1508.57 387.94 507.96 731.07 1000.61
ynao_sd_20150701_0410_ye 51 46 5 4 0 2187.72 2773.5 403.52 587.49 1784.2 2186.01
ynao_sd_20150702_0020_ye 51 45 6 3 0 849.25 1081.95 450.02 576.83 399.23 505.12
ynao_sd_20150708_0120_ye 118 99 19 7 0 2058.93 2526.37 960.95 1135.98 1097.98 1390.39
ynao_sd_20150709_0235_ye 75 58 17 5 0 1576.8 1957.37 587.21 705.95 989.59 1251.42
ynao_sd_20150713_0045_ye 29 23 6 4 0 923.15 1429.92 289.32 370.78 633.83 1059.14
ynao_sd_20150714_0205_ye 31 26 5 4 0 614.29 993.72 270.97 387.98 343.32 605.74
ynao_sd_20150720_0155_ye 19 17 2 1 0 250.17 271.17 183.04 199.54 67.13 71.63
ynao_sd_20150721_0020_ye 45 45 0 0 0 436.37 465.61 436.37 465.61 0 0
ynao_sd_20150727_0140_ye 53 50 3 1 0 565.39 841.97 438.0 707.07 127.39 134.9
ynao_sd_20150730_0035_ye 45 43 2 1 0 504.42 1176.0 420.2 1059.32 84.22 116.68
ynao_sd_20150806_0015_ye 88 78 10 4 0 1457.21 1755.49 760.12 923.15 697.09 832.34
ynao_sd_20150811_0505_ye 73 60 13 4 0 1298.94 1992.07 613.54 856.35 685.4 1135.72
ynao_sd_20150812_0045_ye 48 41 7 2 0 928.71 1560.62 453.55 668.49 475.16 892.13
ynao_sd_20150909_0130_ye 19 19 0 0 0 242.41 281.46 242.41 281.46 0 0
ynao_sd_20150910_0225_ye 25 25 0 0 0 264.82 312.5 264.82 312.5 0 0
ynao_sd_20150916_0015_ye 49 42 7 5 0 1021.69 1671.77 495.52 786.81 526.17 884.96
ynao_sd_20150917_0010_ye 62 49 13 4 0 1281.85 1530.27 503.57 596.39 778.28 933.88
ynao_sd_20150924_0110_ye 63 57 6 5 0 957.04 1304.68 604.29 794.37 352.75 510.31
ynao_sd_20150930_0305_ye 93 80 13 6 0 1990.4 2919.14 921.32 1386.61 1069.08 1532.53
ynao_sd_20151014_0625_ye 14 12 2 2 0 270.24 619.15 129.4 222.46 140.84 396.69
ynao_sd_20151015_0210_ye 52 47 5 2 0 525.98 835.84 351.19 519.9 174.79 315.94
ynao_sd_20151021_0115_ye 73 64 9 5 0 1469.68 1745.95 666.83 783.82 802.85 962.13
ynao_sd_20151022_0135_ye 123 113 10 4 0 1596.35 1765.6 1038.27 1145.72 558.08 619.88
ynao_sd_20151028_0110_ye 59 58 1 1 0 573.51 857.2 488.87 671.12 84.64 186.08
ynao_sd_20151029_0040_ye 69 67 2 2 0 819.09 2204.78 689.34 1523.31 129.75 681.47
ynao_sd_20151104_0045_ye 123 110 13 7 0 1945.55 2609.67 1132.55 1622.33 813.0 987.34
ynao_sd_20151105_0100_ye 102 98 4 3 0 1326.61 1803.99 894.85 1245.58 431.76 558.41
ynao_sd_20151109_0045_ye 46 38 8 4 0 694.69 1044.9 350.46 549.49 344.23 495.41
ynao_sd_20151112_0120_ye 29 29 0 0 0 242.47 265.75 242.47 265.75 0 0
ynao_sd_20151116_0055_ye 93 93 0 0 0 680.51 921.51 680.51 921.51 0 0
ynao_sd_20151122_0125_ye 57 57 0 0 0 531.64 742.67 531.64 742.67 0 0
ynao_sd_20151123_0100_ye 45 43 2 2 0 571.8 968.43 460.64 705.21 111.16 263.22
ynao_sd_20151125_0145_ye 43 39 4 2 0 508.77 654.35 337.68 448.03 171.09 206.32
ynao_sd_20151130_0200_ye 22 19 3 1 0 317.88 369.46 199.59 238.65 118.29 130.81
ynao_sd_20151202_0355_ye 25 25 0 0 0 233.11 328.7 233.11 328.7 0 0
ynao_sd_20151209_0110_ye 63 60 3 2 0 747.45 906.24 587.03 689.06 160.42 217.18
ynao_sd_20151210_0230_ye 117 115 2 1 0 1207.85 1631.54 1034.02 1422.9 173.83 208.64
ynao_sd_20151214_0115_ye 58 48 10 4 0 2764.92 3842.79 544.54 1227.65 2220.38 2615.14
ynao_sd_20151223_0130_ye 48 38 10 5 0 1589.17 2910.98 579.05 1006.3 1010.12 1904.68
ynao_sd_20151224_0120_ye 50 36 14 4 0 1604.46 2827.48 520.81 838.79 1083.65 1988.69
ynao_sd_20151228_0335_ye 95 92 3 3 0 1339.62 1466.53 891.6 983.8 448.02 482.73
