ynao_sd_19570101_0140_xu 8 6 2 2 0 407.88 642.79 221.05 302.87 186.83 339.92
ynao_sd_19570102_0320_xu 17 13 4 3 0 1711.89 2736.25 380.76 701.76 1331.13 2034.49
ynao_sd_19570103_0630_xu 29 19 10 7 0 3282.11 5599.73 549.27 939.92 2732.84 4659.81
ynao_sd_19570105_0210_xu 47 37 10 4 0 2887.22 4125.81 697.03 1118.13 2190.19 3007.68
ynao_sd_19570106_0120_xu 48 40 8 6 0 1920.8 2536.78 704.44 1040.3 1216.36 1496.48
ynao_sd_19570107_0500_xu 70 57 13 6 0 2144.59 2681.77 1089.64 1490.78 1054.95 1190.99
ynao_sd_19570108_0250_xu 53 42 11 6 0 1472.03 1753.21 866.63 1097.37 605.4 655.84
ynao_sd_19570109_0310_xu 36 28 8 6 0 1621.17 1729.93 701.79 762.1 919.38 967.83
ynao_sd_19570110_0150_xu 52 45 7 5 0 1358.29 1522.54 653.41 761.73 704.88 760.81
ynao_sd_19570111_0440_niu 41 22 19 9 0 988.3 1214.8 274.59 320.39 713.71 894.41
ynao_sd_19570112_0700_xu 58 54 4 3 0 2218.11 4078.17 996.55 2006.3 1221.56 2071.87
ynao_sd_19570114_0810_xu 25 23 2 1 0 717.88 1371.92 510.29 988.57 207.59 383.35
ynao_sd_19570115_0230_xu 25 21 4 1 0 807.32 1471.65 504.68 1013.48 302.64 458.17
ynao_sd_19570116_0230_xu 23 14 9 1 0 782.41 1025.51 280.15 412.57 502.26 612.94
ynao_sd_19570117_0240_xu 19 14 5 1 0 1071.55 1241.9 385.72 458.79 685.83 783.11
ynao_sd_19570119_0330_xu 33 24 9 3 0 1637.51 2229.67 530.01 716.71 1107.5 1512.96
ynao_sd_19570121_0320_xu 21 11 10 4 0 2341.97 3135.72 516.5 672.54 1825.47 2463.18
ynao_sd_19570122_0410_xu 15 8 7 4 0 1900.19 2484.46 494.53 653.27 1405.66 1831.19
ynao_sd_19570123_0510_xu 23 16 7 4 0 1231.79 1571.51 329.8 479.91 901.99 1091.6
ynao_sd_19570124_0220_xu 30 22 8 6 0 1238.27 2021.29 402.81 646.82 835.46 1374.47
ynao_sd_19570125_0220_xu 31 20 11 4 0 1142.84 1476.67 403.04 646.3 739.8 830.37
ynao_sd_19570126_0240_xu 22 18 4 4 0 942.68 1138.71 373.17 474.01 569.51 664.7
ynao_sd_19570127_0430_niu 13 4 9 6 0 699.14 885.81 211.36 309.59 487.78 576.22
ynao_sd_19570128_0220_xu 16 11 5 3 0 612.05 786.67 240.63 318.99 371.42 467.68
ynao_sd_19570129_0220_xu 5 3 2 2 0 215.48 285.64 96.13 142.79 119.35 142.85
ynao_sd_19570130_0230_xu 7 7 0 1 0 288.06 542.04 120.46 366.29 167.6 175.75
ynao_sd_19570201_0510_xu 6 4 2 2 0 377.31 526.21 99.48 137.1 277.83 389.11
ynao_sd_19570202_0430_niu 7 3 4 4 0 484.7 617.24 82.95 102.44 401.75 514.8
ynao_sd_19570203_0440_niu 9 6 3 2 0 752.9 972.48 211.3 251.92 541.6 720.56
ynao_sd_19570208_0140_xu 48 39 9 6 0 2035.22 2532.3 589.78 686.03 1445.44 1846.27
ynao_sd_19570209_0320_xu 39 32 7 4 0 1924.75 2513.12 684.53 803.53 1240.22 1709.59
ynao_sd_19570210_0830_niu 30 20 10 6 0 1302.07 1544.36 550.55 699.02 751.52 845.34
ynao_sd_19570213_0550_xu 20 15 5 4 0 1140.81 1805.73 395.91 573.01 744.9 1232.72
ynao_sd_19570214_0150_xu 21 19 2 2 0 947.91 1566.33 368.99 686.94 578.92 879.39
ynao_sd_19570215_0650_xu 18 15 3 3 0 855.0 1745.15 419.25 727.11 435.75 1018.04
ynao_sd_19570216_0340_xu 24 22 2 2 0 688.9 1526.13 374.7 674.3 314.2 851.83
ynao_sd_19570217_0220_xu 29 26 3 2 0 616.58 887.66 300.2 427.83 316.38 459.83
ynao_sd_19570218_0540_xu 33 31 2 2 0 618.74 809.51 413.42 564.96 205.32 244.55
ynao_sd_19570219_0220_xu 28 22 6 4 0 1261.2 1466.35 459.3 616.98 801.9 849.37
ynao_sd_19570220_0320_xu 27 21 6 2 0 984.95 1077.19 333.95 375.82 651.0 701.37
ynao_sd_19570221_0330_xu 28 24 4 4 0 1041.35 1221.06 372.32 470.76 669.03 750.3
ynao_sd_19570222_0210_xu 25 22 3 2 0 829.82 1023.16 436.49 528.36 393.33 494.8
ynao_sd_19570224_0310_xu 15 11 4 3 0 528.5 978.46 181.4 339.51 347.1 638.95
ynao_sd_19570225_0240_xu 10 9 1 1 0 233.61 506.27 123.59 323.26 110.02 183.01
ynao_sd_19570226_0720_xu 4 3 1 1 0 114.61 244.83 68.49 129.81 46.12 115.02
ynao_sd_19570227_0230_xu 4 4 0 0 0 67.64 168.2 67.64 168.2 0 0
ynao_sd_19570228_0340_xu 8 8 0 0 0 88.08 235.85 88.08 235.85 0 0
ynao_sd_19570301_0410_niu 9 5 4 2 0 135.03 212.77 109.57 249.86 25.46 37.09
ynao_sd_19570302_0420_xu 25 22 3 3 0 769.57 1378.61 402.69 655.61 366.88 723.0
ynao_sd_19570303_0220_xu 29 28 1 1 0 701.58 1048.7 505.57 745.53 196.01 303.17
ynao_sd_19570304_0320_xu 21 20 1 1 0 501.83 723.17 306.98 479.15 194.85 244.02
ynao_sd_19570305_0720_xu 12 11 1 1 0 462.0 534.57 225.46 279.33 236.54 255.24
ynao_sd_19570306_0310_xu 17 16 1 2 0 400.73 1191.64 204.51 333.45 196.22 858.19
ynao_sd_19570307_0220_xu 17 12 5 2 0 563.62 886.46 262.92 524.47 300.7 361.99
ynao_sd_19570308_0610_xu 31 27 4 2 0 690.77 973.91 340.45 531.06 350.32 442.85
ynao_sd_19570309_0220_xu 49 47 2 1 0 727.06 1128.35 604.11 984.64 122.95 143.71
ynao_sd_19570310_0250_xu 59 58 1 0 0 640.25 875.63 640.25 875.63 0 0
ynao_sd_19570311_0250_xu 63 63 0 0 0 642.22 915.78 642.22 915.78 0 0
ynao_sd_19570312_0310_xu 66 61 5 3 0 864.24 1376.23 520.72 757.91 343.52 618.32
ynao_sd_19570313_0300_xu 43 40 3 2 0 831.8 1163.15 489.25 717.51 342.55 445.64
ynao_sd_19570315_0100_xu 50 44 6 4 0 946.94 1065.66 404.45 490.7 542.49 574.96
ynao_sd_19570316_0230_xu 42 27 15 8 0 1272.62 2240.81 399.43 660.06 873.19 1580.75
ynao_sd_19570317_0230_xu 37 15 22 8 0 1655.75 1933.7 355.15 499.05 1300.6 1434.65
ynao_sd_19570318_0330_xu 36 27 9 3 0 1363.77 1694.42 497.39 720.77 866.38 973.65
ynao_sd_19570319_0240_xu 36 26 10 5 0 1261.15 1793.23 512.68 756.87 748.47 1036.36
ynao_sd_19570320_0230_xu 46 35 11 4 0 2018.07 6355.44 532.15 1144.47 1485.92 5210.97
ynao_sd_19570321_0240_xu 38 25 13 6 0 2127.05 5116.88 607.59 1290.55 1519.46 3826.33
ynao_sd_19570322_0220_xu 23 13 10 6 0 2017.76 3220.69 676.09 1355.42 1341.67 1865.27
ynao_sd_19570323_0420_niu 36 22 14 3 0 1701.14 2186.08 438.76 566.3 1262.38 1619.78
ynao_sd_19570324_0440_niu 31 22 9 6 0 1625.24 1825.24 421.33 496.62 1203.91 1328.62
ynao_sd_19570325_0230_xu 33 21 12 5 0 2010.42 2128.09 502.61 534.22 1507.81 1593.87
ynao_sd_19570326_0320_xu 34 23 11 4 0 2665.54 2722.87 559.34 577.68 2106.2 2145.19
ynao_sd_19570327_0350_xu 23 16 7 3 0 1765.41 1834.39 532.78 571.52 1232.63 1262.87
ynao_sd_19570329_0440_niu 26 16 10 5 0 702.31 899.72 258.53 329.61 443.78 570.11
ynao_sd_19570330_0340_niu 18 12 6 3 0 500.49 793.26 169.49 263.26 331.0 530.0
ynao_sd_19570331_0420_chen 14 14 0 0 0 88.87 185.84 88.87 185.84 0 0
ynao_sd_19570401_0400_chen 23 15 8 3 0 1088.85 1541.08 219.12 565.51 869.73 975.57
ynao_sd_19570402_0300_chen 22 13 9 4 0 847.4 2746.1 300.99 620.13 546.41 2125.97
ynao_sd_19570404_0520_chen 48 30 18 5 0 1609.32 2045.17 342.04 695.73 1267.28 1349.44
ynao_sd_19570406_0340_chen 19 13 6 4 0 660.54 997.13 327.89 444.19 332.65 552.94
ynao_sd_19570407_0320_chen 27 20 7 3 0 413.25 547.62 237.99 408.31 175.26 139.31
ynao_sd_19570408_0450_chen 49 37 12 5 0 1217.07 2234.67 483.8 630.83 733.27 1603.84
ynao_sd_19570409_0210_xu 57 46 11 5 0 1316.07 1584.17 657.84 787.98 658.23 796.19
ynao_sd_19570410_0320_xu 41 35 6 5 0 1176.55 1375.7 494.63 573.72 681.92 801.98
ynao_sd_19570411_0300_xu 39 33 6 4 0 1222.11 1450.2 524.93 622.64 697.18 827.56
ynao_sd_19570415_0310_xu 41 34 7 4 0 1007.93 1417.03 397.3 567.67 610.63 849.36
ynao_sd_19570417_0230_xu 32 27 5 5 0 2068.29 3212.72 596.33 1269.36 1471.96 1943.36
ynao_sd_19570418_0430_niu 28 23 5 2 0 574.68 1417.1 381.28 856.42 193.4 560.68
ynao_sd_19570419_0620_xu 12 8 4 2 0 455.88 622.16 217.68 298.27 238.2 323.89
ynao_sd_19570420_0310_xu 14 8 6 5 0 1792.42 3831.44 277.17 398.02 1515.25 3433.42
ynao_sd_19570421_0350_xu 26 17 9 7 0 1781.03 2504.8 459.17 545.98 1321.86 1958.82
ynao_sd_19570422_0300_xu 34 21 13 10 0 2572.65 3200.75 424.66 471.39 2147.99 2729.36
ynao_sd_19570423_0320_xu 48 33 15 8 0 2274.45 2606.97 882.52 1042.61 1391.93 1564.36
ynao_sd_19570424_0240_xu 46 35 11 9 0 3172.4 6748.13 743.33 1054.98 2429.07 5693.15
ynao_sd_19570425_0510_xu 57 48 9 6 0 3946.15 7602.02 847.78 1222.14 3098.37 6379.88
ynao_sd_19570426_0350_xu 63 47 16 5 0 3810.31 4504.59 1009.04 1406.8 2801.27 3097.79
ynao_sd_19570427_0220_xu 59 35 24 5 0 1210.26 1583.9 611.32 801.17 598.94 782.73
ynao_sd_19570428_0240_chen 54 40 14 2 0 920.06 1209.66 488.75 583.43 431.31 626.23
ynao_sd_19570429_0250_xu 34 22 12 7 0 2271.33 2649.98 455.09 539.47 1816.24 2110.51
ynao_sd_19570430_0310_xu 35 26 9 5 0 2360.05 4171.96 422.73 468.56 1937.32 3703.4
ynao_sd_19570501_0310_xu 27 18 9 5 0 1795.58 2303.95 300.41 363.27 1495.17 1940.68
ynao_sd_19570502_0330_xu 14 10 4 2 0 593.58 890.19 319.43 493.91 274.15 396.28
ynao_sd_19570503_0420_niu 25 9 16 7 0 887.18 1665.26 224.95 463.9 662.23 1201.36
ynao_sd_19570505_0240_xu 21 16 5 3 0 989.15 2288.56 519.66 934.82 469.49 1353.74
ynao_sd_19570507_0340_xu 17 12 5 3 0 1161.86 1771.53 384.23 560.27 777.63 1211.26
ynao_sd_19570508_0610_xu 38 34 4 5 0 1741.97 4497.06 520.92 776.77 1221.05 3720.29
ynao_sd_19570509_0220_xu 40 26 14 5 0 2220.32 5188.88 501.28 735.69 1719.04 4453.19
ynao_sd_19570510_0300_xu 32 17 15 6 0 2327.72 4110.2 503.35 679.19 1824.37 3431.01
ynao_sd_19570511_0420_chen 42 35 7 3 0 474.4 562.94 268.89 338.25 205.51 224.69
ynao_sd_19570512_0320_chen 43 37 6 5 0 1518.73 1889.28 359.12 461.16 1159.61 1428.12
ynao_sd_19570514_0304_xu 26 17 9 6 0 3110.31 7355.38 691.71 1300.79 2418.6 6054.59
ynao_sd_19570515_0310_xu 48 32 16 8 0 3061.37 6738.26 694.47 1204.55 2366.9 5533.71
ynao_sd_19570516_0350_xu 44 31 13 6 0 1530.59 2934.35 602.64 1080.86 927.95 1853.49
ynao_sd_19570517_0310_xu 25 15 10 5 0 3639.97 6341.29 524.99 721.88 3114.98 5619.41
ynao_sd_19570518_0310_xu 19 11 8 6 0 2316.81 5536.96 393.09 652.41 1923.72 4884.55
ynao_sd_19570520_0520_xu 30 21 9 4 0 1696.41 3570.29 299.41 460.56 1397.0 3109.73
ynao_sd_19570521_0310_xu 39 25 14 6 0 3058.75 5721.96 669.97 1007.93 2388.78 4714.03
ynao_sd_19570522_0250_xu 30 18 12 6 0 3693.64 6300.39 578.76 849.76 3114.88 5450.63
ynao_sd_19570523_0220_xu 28 10 18 6 0 3386.93 5678.17 404.07 556.93 2982.86 5121.24
ynao_sd_19570524_0330_niu 32 18 14 12 0 1109.54 1742.26 327.92 482.89 781.62 1259.37
ynao_sd_19570525_0400_niu 20 9 11 6 0 839.21 1114.23 185.95 280.55 653.26 833.68
ynao_sd_19570526_0530_chen 13 7 6 2 0 1392.03 2010.1 260.54 339.84 1131.49 1670.26
ynao_sd_19570529_0330_xu 29 15 14 5 0 3688.69 6449.43 562.95 919.34 3125.74 5530.09
ynao_sd_19570608_0340_xu 22 13 9 4 0 3394.99 5633.7 438.6 572.0 2956.39 5061.7
ynao_sd_19570609_0630_xu 16 12 4 2 0 781.47 1446.98 319.98 473.12 461.49 973.86
ynao_sd_19570614_0540_niu 10 2 8 3 0 1300.46 3421.34 139.71 370.08 1160.75 3051.26
ynao_sd_19570615_0330_niu 27 20 7 4 0 790.05 1967.63 241.55 413.71 548.5 1553.92
ynao_sd_19570617_1010_cheng 37 23 14 1 0 427.5 566.5 427.5 566.5 0 0
ynao_sd_19570621_0330_niu 64 37 27 8 0 4576.4 8047.24 908.31 1291.8 3668.09 6755.44
ynao_sd_19570624_0810_cheng 42 29 13 1 0 1922.64 2246.47 800.13 1079.67 1122.51 1166.8
ynao_sd_19570625_0420_xu 39 22 17 2 0 2852.56 3587.83 647.86 884.63 2204.7 2703.2
ynao_sd_19570626_0800_cheng 54 30 24 3 0 4385.0 6378.9 887.68 1377.3 3497.32 5001.6
ynao_sd_19570627_0300_xu 27 12 15 4 0 6731.91 13539.72 495.28 805.01 6236.63 12734.71
ynao_sd_19570628_0820_xu 28 21 7 2 0 3394.11 5921.95 556.75 894.98 2837.36 5026.97
ynao_sd_19570629_0450_niu 32 19 13 4 0 2985.89 8493.15 435.84 883.65 2550.05 7609.5
ynao_sd_19570630_0820_cheng 33 17 16 4 0 1689.6 2682.57 671.95 1362.35 1017.65 1320.22
ynao_sd_19570703_0710_cheng 27 11 16 6 0 5298.63 6331.45 876.28 1021.56 4422.35 5309.89
ynao_sd_19570704_0640_cheng 30 18 12 5 0 6375.06 7537.39 727.43 912.76 5647.63 6624.63
ynao_sd_19570705_0400_niu 42 21 21 8 0 2778.99 3730.92 521.06 732.63 2257.93 2998.29
ynao_sd_19570706_0810_shu 22 9 13 3 0 2959.66 3717.64 402.11 553.72 2557.55 3163.92
ynao_sd_19570709_0710_cheng 20 0 20 6 0 3421.72 5862.98 283.91 496.73 3137.81 5366.25
ynao_sd_19570711_0440_cheng 19 6 13 5 0 1906.1 6355.05 282.29 863.73 1623.81 5491.32
ynao_sd_19570712_0240_shu 7 0 7 5 0 1952.48 3440.68 66.12 101.09 1886.36 3339.59
ynao_sd_19570714_0440_cheng 23 4 19 4 0 4171.4 7621.85 625.32 1061.37 3546.08 6560.48
ynao_sd_19570717_0230_cheng 26 10 16 5 0 3789.78 8038.47 467.48 779.66 3322.3 7258.81
ynao_sd_19570720_0730_cheng 18 11 7 2 0 3773.13 4395.71 993.57 1252.55 2779.56 3143.16
ynao_sd_19570722_0600_cheng 19 13 6 4 0 1984.44 3433.27 303.05 450.96 1681.39 2982.31
ynao_sd_19570724_0650_cheng 22 9 13 7 0 3722.81 6946.55 329.0 606.62 3393.81 6339.93
ynao_sd_19570725_0310_cheng 16 12 4 4 0 3103.8 4483.73 188.98 317.39 2914.82 4166.34
ynao_sd_19570726_0530_niu 19 15 4 2 0 807.52 1481.64 293.4 744.57 514.12 737.07
ynao_sd_19570727_0440_niu 14 8 6 5 0 1537.44 4690.3 267.24 594.63 1270.2 4095.67
ynao_sd_19570728_0510_cheng 16 5 11 4 0 3149.84 6091.39 214.54 416.72 2935.3 5674.67
ynao_sd_19570801_0830_cheng 10 5 5 4 0 1492.94 1887.97 321.92 400.56 1171.02 1487.41
ynao_sd_19570802_0820_xu 18 12 6 2 0 1557.2 2402.04 510.41 721.83 1046.79 1680.21
ynao_sd_19570807_0600_xu 10 0 10 5 0 3317.98 8292.15 197.59 508.36 3120.39 7783.79
ynao_sd_19570808_0840_cheng 19 10 9 3 0 1150.95 1791.46 199.08 509.19 951.87 1282.27
ynao_sd_19570811_0640_cheng 8 3 5 3 0 1224.11 1577.84 93.34 122.51 1130.77 1455.33
ynao_sd_19570813_0400_xu 8 6 2 2 0 1925.1 2625.1 163.34 263.09 1761.76 2362.01
ynao_sd_19570814_0140_cheng 12 8 4 4 0 2427.68 2772.1 122.1 148.24 2305.58 2623.86
ynao_sd_19570815_0330_cheng 16 10 6 2 0 1225.68 1954.37 134.67 205.18 1091.01 1749.19
ynao_sd_19570816_0320_xu 16 11 5 4 0 2500.41 3557.59 201.23 313.38 2299.18 3244.21
ynao_sd_19570818_0520_xu 29 19 10 3 0 1522.62 4183.46 235.12 379.52 1287.5 3803.94
ynao_sd_19570819_0600_cheng 21 9 12 4 0 1786.07 2505.0 231.99 278.57 1554.08 2226.43
ynao_sd_19570820_0140_cheng 10 6 4 4 0 866.13 1107.7 74.89 89.05 791.24 1018.65
ynao_sd_19570821_0220_cheng 9 4 5 2 0 948.24 1533.42 200.25 262.16 747.99 1271.26
ynao_sd_19570822_0440_cheng 7 2 5 4 0 2208.38 4671.4 270.83 440.17 1937.55 4231.23
ynao_sd_19570823_0250_xu 7 1 6 3 0 1459.4 2794.7 90.19 160.77 1369.21 2633.93
ynao_sd_19570824_0240_xu 9 3 6 4 0 1429.51 2616.89 131.62 186.15 1297.89 2430.74
ynao_sd_19570825_0630_cheng 18 10 8 3 0 1861.1 3061.78 403.41 532.77 1457.69 2529.01
ynao_sd_19570827_0750_cheng 19 14 5 3 0 1658.01 1898.88 372.01 465.16 1286.0 1433.72
ynao_sd_19570828_0300_cheng 34 15 19 4 0 2528.9 3352.83 506.79 679.36 2022.11 2673.47
ynao_sd_19570829_0730_cheng 40 28 12 6 0 1451.99 1878.4 499.3 661.29 952.69 1217.11
ynao_sd_19570830_1020_xu 26 18 8 2 0 2490.72 3751.11 315.23 430.03 2175.49 3321.08
ynao_sd_19570831_0850_xu 38 29 9 4 0 2890.78 4197.7 320.79 466.18 2569.99 3731.52
ynao_sd_19570901_0400_cheng 23 17 6 2 0 2330.5 3552.81 375.15 552.62 1955.35 3000.19
ynao_sd_19570902_0330_cheng 24 17 7 3 0 2476.64 5788.48 287.69 606.12 2188.95 5182.36
ynao_sd_19570903_0310_cheng 11 5 6 2 0 437.15 688.93 156.18 239.09 280.97 449.84
ynao_sd_19570904_0300_cheng 17 12 5 4 0 535.33 986.36 156.35 310.48 378.98 675.88
ynao_sd_19570905_0330_cheang 14 10 4 3 0 2246.49 5996.51 254.63 494.03 1991.86 5502.48
ynao_sd_19570906_0400_xu 14 9 5 2 0 1028.84 2434.72 207.9 338.67 820.94 2096.05
ynao_sd_19570907_0440_xu 29 19 10 2 0 1434.36 1894.85 270.38 337.83 1163.98 1557.02
ynao_sd_19570908_0910_cheng 25 14 11 8 0 2231.95 2928.96 322.6 401.92 1909.35 2527.04
ynao_sd_19570909_0930_cheng 51 32 19 7 0 1734.79 2775.71 546.18 738.64 1188.61 2037.07
ynao_sd_19570910_0340_cheng 55 36 19 8 0 3739.59 5722.23 738.11 970.64 3001.48 4751.59
ynao_sd_19570911_0530_cheng 69 29 40 11 0 4116.37 6059.67 873.81 1318.06 3242.56 4741.61
ynao_sd_19570915_0800_cheng 20 2 18 6 0 4103.59 7160.25 418.5 761.67 3685.09 6398.58
ynao_sd_19570918_0820_cheng 29 14 15 4 0 1589.96 2600.05 213.18 341.77 1376.78 2258.28
ynao_sd_19570919_0450_xu 23 11 12 6 0 4122.88 9976.55 234.3 454.8 3888.58 9521.75
ynao_sd_19570920_0810_xu 20 17 3 3 0 1882.01 4905.2 214.2 351.85 1667.81 4553.35
ynao_sd_19570922_0520_cheng 15 14 1 1 0 157.5 198.37 135.62 173.33 21.88 25.04
ynao_sd_19571004_0440_xu 25 19 6 5 0 2812.54 5307.62 485.06 728.27 2327.48 4579.35
ynao_sd_19571012_0320_cheng 21 15 6 5 0 1507.89 2814.04 319.37 498.73 1188.52 2315.31
ynao_sd_19571013_0210_xu 43 21 22 6 0 3666.94 5431.46 433.69 639.63 3233.25 4791.83
ynao_sd_19571014_0450_niu 53 31 22 2 0 1448.18 1745.8 583.4 855.13 864.78 890.67
ynao_sd_19571015_0440_niu 59 19 40 8 0 4782.32 6208.6 933.56 1298.3 3848.76 4910.3
ynao_sd_19571016_0340_niu 57 34 23 6 0 4262.62 5301.23 783.18 973.95 3479.44 4327.28
ynao_sd_19571018_0630_xu 57 30 27 7 0 8376.06 10188.73 973.29 1197.18 7402.77 8991.55
ynao_sd_19571020_0200_xu 35 17 18 5 0 3712.02 4948.94 716.76 984.79 2995.26 3964.15
ynao_sd_19571021_0330_chen 40 23 17 5 0 2535.56 3900.51 441.37 790.22 2094.19 3110.29
ynao_sd_19571022_0520_chen 32 12 20 6 0 2584.85 5370.62 427.07 809.98 2157.78 4560.64
ynao_sd_19571024_0530_chen 32 23 9 5 0 1506.61 1722.85 273.31 338.6 1233.3 1384.25
ynao_sd_19571025_0310_chen 29 20 9 5 0 1333.84 1666.18 230.6 277.02 1103.24 1389.16
ynao_sd_19571026_0700_niu 27 16 11 5 0 1375.33 3102.14 174.3 267.52 1201.03 2834.62
ynao_sd_19571027_0330_chen 41 18 23 8 0 2514.19 4706.31 413.13 630.16 2101.06 4076.15
ynao_sd_19571028_0320_chen 44 27 17 5 0 3282.95 4446.23 550.22 761.42 2732.73 3684.81
ynao_sd_19571031_0250_chen 65 46 19 4 0 2801.4 3588.21 765.73 1176.25 2035.67 2411.96
ynao_sd_19571101_0420_xu 25 14 11 8 0 2757.08 3761.79 278.44 372.47 2478.64 3389.32
ynao_sd_19571102_0540_chen 65 43 22 8 0 3834.84 5469.13 516.01 717.05 3318.83 4752.08
ynao_sd_19571103_0540_chen 63 36 27 11 0 3222.23 5134.65 445.29 615.49 2776.94 4519.16
ynao_sd_19571104_0530_chen 34 20 14 10 0 2462.11 3545.17 377.16 467.91 2084.95 3077.26
ynao_sd_19571105_0330_chen 22 11 11 5 0 1451.5 1661.14 209.77 299.37 1241.73 1361.77
ynao_sd_19571106_0350_chen 19 13 6 5 0 2796.51 5194.58 278.52 378.23 2517.99 4816.35
ynao_sd_19571107_0350_xu 14 4 10 6 0 2452.43 3600.01 189.86 295.2 2262.57 3304.81
ynao_sd_19571108_0350_xu 5 2 3 4 0 1480.07 1878.84 211.32 267.18 1268.75 1611.66
ynao_sd_19571109_0850_xu 10 7 3 4 0 1086.09 1753.73 193.4 405.46 892.69 1348.27
ynao_sd_19571110_0650_chen 22 7 15 5 0 2871.94 5157.7 271.48 498.9 2600.46 4658.8
ynao_sd_19571113_0520_chen 26 12 14 5 0 2693.83 3511.04 294.52 370.53 2399.31 3140.51
ynao_sd_19571114_0300_chen 31 21 10 7 0 1269.4 1849.36 377.44 462.7 891.96 1386.66
ynao_sd_19571115_0310_xu 24 17 7 3 0 859.51 1079.01 238.28 305.8 621.23 773.21
ynao_sd_19571116_0710_chen 21 18 3 2 0 448.3 593.3 170.57 219.31 277.73 373.99
ynao_sd_19571117_0520_chen 15 10 5 2 0 354.79 525.77 121.23 169.47 233.56 356.3
ynao_sd_19571118_0600_chen 16 11 5 3 0 1302.56 2675.99 104.05 172.5 1198.51 2503.49
ynao_sd_19571119_0600_chen 10 5 5 1 0 698.08 2434.72 108.5 193.05 589.58 2241.67
ynao_sd_19571120_0530_chen 18 9 9 3 0 520.2 1396.94 124.17 248.14 396.03 1148.8
ynao_sd_19571121_0600_chen 19 6 13 3 0 1350.73 2475.8 319.56 577.98 1031.17 1897.82
ynao_sd_19571122_0630_chen 32 23 9 6 0 2023.23 3381.1 383.63 585.15 1639.6 2795.95
ynao_sd_19571123_0400_chen 50 30 20 7 0 2877.61 5347.79 566.69 825.12 2310.92 4522.67
ynao_sd_19571124_0500_chen 37 19 18 8 0 3680.84 6154.77 505.8 751.5 3175.04 5403.27
ynao_sd_19571125_0330_chen 55 39 16 5 0 1776.01 1942.22 682.38 792.67 1093.63 1149.55
ynao_sd_19571126_0300_chen 34 22 12 5 0 1620.06 1788.49 487.87 561.0 1132.19 1227.49
ynao_sd_19571128_0250_chen 45 29 16 10 0 4127.04 7675.37 510.86 900.41 3616.18 6774.96
ynao_sd_19571129_0330_chen 78 49 29 13 0 4397.73 5499.51 1027.37 1559.21 3370.36 3940.3
ynao_sd_19571202_0520_chen 61 38 23 5 0 4269.77 7063.83 746.92 988.17 3522.85 6075.66
ynao_sd_19571203_0600_chen 81 52 29 9 0 4289.29 5585.35 866.09 1092.31 3423.2 4493.04
ynao_sd_19571205_0220_chen 65 50 15 5 0 2328.53 4322.63 555.73 973.99 1772.8 3348.64
ynao_sd_19571206_0220_chen 34 20 14 10 0 4124.16 6951.24 336.3 477.31 3787.86 6473.93
ynao_sd_19571207_0300_chen 73 57 16 8 0 3606.9 8155.92 476.9 813.19 3130.0 7342.73
ynao_sd_19571208_0440_chen 36 32 4 3 0 672.39 1134.68 521.87 929.56 150.52 205.12
ynao_sd_19571209_0310_chen 23 22 1 1 0 443.0 661.62 253.57 454.75 189.43 206.87
ynao_sd_19571210_0440_chen 18 15 3 2 0 1689.31 2226.68 183.37 238.52 1505.94 1988.16
ynao_sd_19571211_0510_chen 10 9 1 2 0 1128.23 2618.85 156.38 223.98 971.85 2394.87
ynao_sd_19571212_0310_chen 18 14 4 3 0 1813.22 2142.73 186.86 263.61 1626.36 1879.12
ynao_sd_19571213_0250_chen 11 7 4 3 0 1732.77 5483.26 163.28 324.07 1569.49 5159.19
ynao_sd_19571214_0730_chen 25 17 8 3 0 1102.76 2042.81 266.62 440.06 836.14 1602.75
ynao_sd_19571216_0310_chen 36 27 9 4 0 2364.63 3419.9 342.62 450.82 2022.01 2969.08
ynao_sd_19571217_0830_chen 37 26 11 6 0 3523.3 4024.29 521.21 634.65 3002.09 3389.64
ynao_sd_19571218_0310_chen 29 18 11 5 0 3309.71 4272.99 512.95 759.89 2796.76 3513.1
ynao_sd_19571219_0330_chen 34 17 17 7 0 4663.19 8118.13 495.19 812.84 4168.0 7305.29
ynao_sd_19571220_0240_xu 20 5 15 8 0 4701.88 6473.27 439.57 586.3 4262.31 5886.97
ynao_sd_19571221_0600_chen 37 17 20 12 0 5322.99 9733.34 515.61 748.29 4807.38 8985.05
ynao_sd_19571222_0340_chen 51 25 26 7 0 5593.9 8983.87 645.52 862.53 4948.38 8121.34
ynao_sd_19571223_0340_chen 66 43 23 5 0 3945.36 4790.35 779.1 1106.97 3166.26 3683.38
ynao_sd_19571224_0320_chen 49 30 19 8 0 3881.96 5076.54 624.23 868.31 3257.73 4208.23
ynao_sd_19571225_0450_chen 62 39 23 7 0 1420.86 2115.35 655.2 981.6 765.66 1133.75
ynao_sd_19571226_0320_chen 58 30 28 11 0 3924.62 5933.58 735.92 1022.99 3188.7 4910.59
ynao_sd_19571227_0340_chen 44 15 29 10 0 3707.39 4989.39 542.07 758.12 3165.32 4231.27
ynao_sd_19571228_0520_chen 41 22 19 8 0 4425.25 5670.62 450.07 569.91 3975.18 5100.71
