ynao_sd_19580107_0450_chen 32 20 12 7 0 2159.56 2960.73 368.65 538.86 1790.91 2421.87
ynao_sd_19580108_0300_chen 53 39 14 6 0 935.5 1206.91 414.43 536.63 521.07 670.28
ynao_sd_19580109_0310_chen 45 36 9 6 0 3112.73 3813.65 521.67 718.82 2591.06 3094.83
ynao_sd_19580110_0650_xu 28 8 20 11 0 2336.45 4898.32 368.31 535.41 1968.14 4362.91
ynao_sd_19580112_0440_chen 68 53 15 9 0 2139.76 3490.53 548.63 706.63 1591.13 2783.9
ynao_sd_19580113_0500_chen 48 28 20 8 0 1201.02 1434.82 399.89 481.74 801.13 953.08
ynao_sd_19580114_0330_chen 75 51 24 7 0 3963.86 5320.1 643.63 812.88 3320.23 4507.22
ynao_sd_19580116_0310_chen 59 48 11 6 0 1937.0 2480.67 892.94 1214.8 1044.06 1265.87
ynao_sd_19580117_0300_xu 26 15 11 9 0 2087.48 5812.77 443.11 829.67 1644.37 4983.1
ynao_sd_19580118_0630_chen 26 19 7 4 0 1831.82 3476.15 436.58 731.15 1395.24 2745.0
ynao_sd_19580119_0350_chen 13 7 6 5 0 3765.16 7556.17 230.0 429.33 3535.16 7126.84
ynao_sd_19580120_0340_chen 15 13 2 1 0 864.03 1757.94 226.25 360.41 637.78 1397.53
ynao_sd_19580121_0300_chen 23 19 4 3 0 2062.89 4327.32 239.75 444.53 1823.14 3882.79
ynao_sd_19580122_0300_chen 26 15 11 5 0 597.48 785.32 225.71 350.65 371.77 434.67
ynao_sd_19580123_0340_chen 19 12 7 4 0 3619.2 4921.67 248.84 312.44 3370.36 4609.23
ynao_sd_19580124_0510_xu 16 11 5 5 0 2172.62 2700.55 355.85 419.43 1816.77 2281.12
ynao_sd_19580125_0320_chen 40 29 11 6 0 3097.22 3724.09 391.14 575.91 2706.08 3148.18
ynao_sd_19580126_0340_chen 50 38 12 6 0 2372.98 4844.77 419.02 593.07 1953.96 4251.7
ynao_sd_19580127_0300_chen 42 26 16 6 0 2015.21 2077.9 489.72 596.56 1525.49 1481.34
ynao_sd_19580128_0450_chen 43 27 16 7 0 2059.6 2248.47 361.53 444.92 1698.07 1803.55
ynao_sd_19580129_0310_chen 38 26 12 6 0 2316.56 2656.97 374.66 452.44 1941.9 2204.53
ynao_sd_19580201_0510_chen 24 12 12 5 0 1936.44 5274.15 276.45 450.6 1659.99 4823.55
ynao_sd_19580202_0310_chen 32 24 8 6 0 3103.6 8996.47 344.75 658.46 2758.85 8338.01
ynao_sd_19580203_0330_chen 34 19 15 6 0 3319.73 9281.57 354.48 645.02 2965.25 8636.55
ynao_sd_19580204_0340_xu 30 18 12 5 0 2868.82 3775.54 530.44 756.79 2338.38 3018.75
ynao_sd_19580205_0310_chen 38 26 12 8 0 3150.06 4971.15 573.15 729.86 2576.91 4241.29
ynao_sd_19580206_0500_chen 48 27 21 9 0 3574.46 3905.66 642.7 717.0 2931.76 3188.66
ynao_sd_19580207_0230_xu 31 16 15 5 0 3087.06 3853.41 635.31 682.94 2451.75 3170.47
ynao_sd_19580215_0750_chen 1 1 0 0 0 24.5 63.68 24.5 63.68 0 0
ynao_sd_19580220_0230_chen 17 10 7 3 0 1498.68 1816.65 426.77 543.71 1071.91 1272.94
ynao_sd_19580223_0250_chen 48 38 10 8 0 2195.99 2288.96 423.12 456.61 1772.87 1832.35
ynao_sd_19580224_0700_chen 60 25 35 8 0 4375.59 5011.17 771.35 901.17 3604.24 4110.0
ynao_sd_19580226_0230_chen 64 37 27 11 0 3501.13 5581.53 652.08 970.76 2849.05 4610.77
ynao_sd_19580227_0230_chen 34 25 9 5 0 992.83 1407.25 424.71 681.64 568.12 725.61
ynao_sd_19580228_0330_chen 32 19 13 4 0 2517.41 5817.93 361.34 604.54 2156.07 5213.39
ynao_sd_19580301_0250_xu 15 2 13 4 0 3284.05 7285.59 255.74 580.17 3028.31 6705.42
ynao_sd_19580303_0250_chen 47 27 20 2 0 377.01 605.3 555.41 956.39 178.4 351.09
ynao_sd_19580304_0320_chen 54 37 17 8 0 2850.16 3824.78 574.77 796.02 2275.39 3028.76
ynao_sd_19580305_0320_chen 59 29 30 8 0 4031.58 4908.38 719.78 898.65 3311.8 4009.73
ynao_sd_19580306_0400_chen 70 50 20 6 0 4742.83 6930.09 944.02 1262.65 3798.81 5667.44
ynao_sd_19580307_0310_chen 44 25 19 11 0 3815.23 5219.67 679.01 995.98 3136.22 4223.69
ynao_sd_19580308_0320_xu 33 24 9 4 0 2206.71 2294.61 535.67 890.44 1671.04 1404.17
ynao_sd_19580309_0500_chen 22 17 5 5 0 1046.01 1131.74 272.31 292.14 773.7 839.6
ynao_sd_19580311_0310_chen 22 18 4 3 0 647.05 933.08 216.23 309.91 430.82 623.17
ynao_sd_19580312_0330_chen 10 8 2 2 0 294.38 562.21 98.57 192.42 195.81 369.79
ynao_sd_19580313_0320_chen 6 6 0 0 0 53.52 87.81 53.52 87.81 0 0
ynao_sd_19580314_0320_chen 14 14 0 0 0 71.01 76.69 71.01 76.69 0 0
ynao_sd_19580315_0250_xu 5 4 1 1 0 506.33 1282.11 75.08 109.8 431.25 1172.31
ynao_sd_19580316_0600_chen 8 8 0 0 0 66.42 162.61 66.42 162.61 0 0
ynao_sd_19580317_0410_chen 2 1 1 0 0 52.38 111.89 73.96 142.78 21.58 30.89
ynao_sd_19580319_0310_chen 6 5 1 1 0 108.51 139.09 43.29 55.38 65.22 83.71
ynao_sd_19580320_0340_chen 7 4 3 2 0 601.21 896.63 49.96 59.35 551.25 837.28
ynao_sd_19580321_0600_chen 5 5 0 0 0 141.85 257.86 141.85 257.86 0 0
ynao_sd_19580322_0600_niu 2 1 1 1 0 129.09 134.44 40.46 44.78 88.63 89.66
ynao_sd_19580323_0640_chen 21 9 12 5 0 2674.66 9371.64 383.62 1134.19 2291.04 8237.45
ynao_sd_19580324_0540_chen 31 16 15 4 0 1861.8 4448.54 458.09 1118.87 1403.71 3329.67
ynao_sd_19580325_0310_chen 42 16 26 7 0 4400.6 6551.84 744.29 1444.79 3656.31 5107.05
ynao_sd_19580326_0510_chen 59 24 35 9 0 4139.26 5929.97 679.11 980.27 3460.15 4949.7
ynao_sd_19580327_0400_xu 86 42 44 12 0 5182.13 8113.76 1089.89 1402.62 4092.24 6711.14
ynao_sd_19580329_0530_xu 33 19 14 6 0 8407.79 9740.39 993.84 1083.15 7413.95 8657.24
ynao_sd_19580330_0520_xu 39 21 18 8 0 5160.94 5980.53 758.08 883.38 4402.86 5097.15
ynao_sd_19580401_0340_chen 70 24 46 22 0 6282.32 7580.3 1037.13 1277.9 5245.19 6302.4
ynao_sd_19580402_0300_chen 71 46 25 8 0 4202.27 5367.63 921.88 1197.19 3280.39 4170.44
ynao_sd_19580403_0510_chen 54 34 20 11 0 3010.53 4330.37 809.79 1131.03 2200.74 3199.34
ynao_sd_19580404_0620_xu 51 30 21 9 0 3432.93 4114.75 568.26 761.45 2864.67 3353.3
ynao_sd_19580405_0320_xu 21 16 5 5 0 2137.01 3057.98 478.14 569.76 1658.87 2488.22
ynao_sd_19580406_0610_chen 22 15 7 5 0 3718.11 4828.08 511.37 657.75 3206.74 4170.33
ynao_sd_19580407_0530_chen 16 10 6 4 0 1525.79 3088.39 155.46 281.0 1370.33 2807.39
ynao_sd_19580408_0510_chen 9 6 3 3 0 457.13 1173.97 115.07 236.42 342.06 937.55
ynao_sd_19580409_0350_chen 12 11 1 1 0 241.02 426.2 124.52 193.38 116.5 232.82
ynao_sd_19580410_0330_chen 17 17 0 1 0 213.24 419.39 161.62 245.09 51.62 174.3
ynao_sd_19580411_0330_chen 18 18 0 0 0 171.17 222.4 171.17 222.4 0 0
ynao_sd_19580412_0230_chen 18 17 1 1 0 1061.78 1522.16 219.59 283.08 842.19 1239.08
ynao_sd_19580413_0400_xu 6 6 0 1 0 755.52 954.62 57.08 113.62 698.44 841.0
ynao_sd_19580414_0320_xu 3 3 0 0 0 14.67 15.87 14.67 15.87 0 0
ynao_sd_19580415_0400_chen 11 10 1 1 0 858.41 1020.85 159.71 315.08 698.7 705.77
ynao_sd_19580416_0310_chen 20 9 11 5 0 1223.94 2005.27 164.17 291.16 1059.77 1714.11
ynao_sd_19580418_0400_chen 24 13 11 2 0 1438.86 1861.41 282.11 389.58 1156.75 1471.83
ynao_sd_19580419_0450_chen 39 17 22 8 0 2466.02 2858.52 385.08 457.09 2080.94 2401.43
ynao_sd_19580420_0400_xu 28 20 8 2 0 1570.42 1662.5 427.26 457.97 1143.16 1204.53
ynao_sd_19580421_0120_chen 25 11 14 2 0 1624.36 1726.06 343.73 399.03 1280.63 1327.03
ynao_sd_19580423_0300_chen 40 21 19 3 0 2219.65 2927.66 429.44 577.89 1790.21 2349.77
ynao_sd_19580424_0310_chen 30 17 13 3 0 1924.35 2827.17 336.65 469.06 1587.7 2358.11
ynao_sd_19580425_0330_chen 21 9 12 6 1 2331.48 3578.14 319.1 513.13 2012.38 3065.01
ynao_sd_19580426_0330_chen 16 9 7 2 0 1374.13 2704.61 368.47 742.49 1005.66 1962.12
ynao_sd_19580427_0540_xu 9 5 4 2 0 1889.41 5105.22 277.72 486.7 1611.69 4618.52
ynao_sd_19580429_0330_chen 52 27 25 6 0 3607.5 5893.97 565.68 804.61 3041.82 5089.36
ynao_sd_19580430_0330_chen 45 24 21 5 0 4322.21 5488.08 680.0 827.39 3642.21 4660.69
ynao_sd_19580501_0310_chen 43 22 21 9 0 2677.52 2984.53 715.5 817.04 1962.02 2167.49
ynao_sd_19580503_0250_chen 39 26 13 5 0 2231.15 2494.6 534.16 580.63 1696.99 1913.97
ynao_sd_19580505_0450_chen 56 30 26 7 0 1939.54 2548.53 453.76 576.96 1485.78 1971.57
ynao_sd_19580506_0520_chen 33 17 16 6 0 1621.53 2966.91 301.32 439.84 1320.21 2527.07
ynao_sd_19580507_0330_chen 28 21 7 4 0 2071.39 4267.25 250.75 492.27 1820.64 3774.98
ynao_sd_19580508_0400_niu 15 9 6 3 0 2442.45 7503.97 255.33 709.27 2187.12 6794.7
ynao_sd_19580509_0510_xu 15 8 7 2 0 1123.67 2462.35 202.47 516.78 921.2 1945.57
ynao_sd_19580510_0220_niu 15 7 8 6 0 2606.72 5395.48 137.14 309.08 2469.58 5086.4
ynao_sd_19580511_0300_chen 26 18 8 5 0 588.53 1088.58 321.81 624.43 266.72 464.15
ynao_sd_19580512_0320_chen 40 31 9 7 0 912.12 1620.5 269.82 384.6 642.3 1235.9
ynao_sd_19580513_0920_chen 40 29 11 6 0 770.86 1130.86 290.02 411.59 480.84 719.27
ynao_sd_19580514_0320_chen 57 46 11 6 0 1000.54 1559.48 350.12 470.57 650.42 1088.91
ynao_sd_19580515_0320_chen 35 29 6 4 0 810.82 1124.98 293.92 358.81 516.9 766.17
ynao_sd_19580516_0210_xu 28 19 9 7 0 2938.1 3392.43 429.46 521.81 2508.64 2870.62
ynao_sd_19580518_0500_chen 30 14 16 8 0 1134.63 1313.09 316.87 385.87 817.76 927.22
ynao_sd_19580521_0200_chen 12 4 8 5 0 1093.82 2093.73 201.07 346.86 892.75 1746.87
ynao_sd_19580522_0400_niu 13 4 9 6 0 716.92 1015.68 95.78 132.17 621.14 883.51
ynao_sd_19580526_0340_chen 21 11 10 3 0 811.13 1166.45 210.93 298.45 600.2 868.0
ynao_sd_19580527_0300_chen 26 14 12 6 0 1416.37 1878.45 248.41 362.42 1167.96 1516.03
ynao_sd_19580528_0340_chen 23 12 11 6 0 1582.29 1879.78 224.79 296.55 1357.5 1583.23
ynao_sd_19580529_0240_chen 20 13 7 3 0 1084.28 1204.96 436.12 560.3 648.16 644.66
ynao_sd_19580530_0310_chen 17 9 8 4 0 951.42 1165.72 238.74 357.83 712.68 807.89
ynao_sd_19580531_0320_chen 18 9 9 4 0 716.63 843.86 160.33 218.3 556.3 625.56
ynao_sd_19580601_0300_xu 15 12 3 3 0 729.77 846.72 227.51 296.65 502.26 550.07
ynao_sd_19580602_0510_xu 5 3 2 2 0 557.47 652.39 139.43 175.19 418.04 477.2
ynao_sd_19580603_0600_xu 11 6 5 2 0 1261.3 4053.75 172.55 286.39 1088.75 3767.36
ynao_sd_19580604_0500_xu 3 1 2 1 0 187.59 248.54 64.63 114.23 122.96 134.31
ynao_sd_19580605_0440_xu 13 8 5 3 0 1021.0 3444.62 257.31 683.0 763.69 2761.62
ynao_sd_19580606_0440_xu 14 10 4 3 0 2589.22 4402.59 205.03 346.73 2384.19 4055.86
ynao_sd_19580607_0840_xu 8 6 2 1 0 187.7 229.66 106.45 140.31 81.25 89.35
ynao_sd_19580608_0400_xu 3 2 1 1 0 149.43 163.74 54.8 62.25 94.63 101.49
ynao_sd_19580609_0250_xu 8 6 2 4 0 1832.29 4255.44 97.01 107.64 1735.28 4147.8
ynao_sd_19580611_0650_xu 8 6 2 3 0 1042.86 1223.01 151.12 192.5 891.74 1030.51
ynao_sd_19580612_0850_xu 11 8 3 2 0 1093.57 1344.08 216.74 298.22 876.83 1045.86
ynao_sd_19580613_0440_xu 8 4 4 3 0 331.95 863.15 132.61 322.4 199.34 540.75
ynao_sd_19580616_0810_xu 4 2 2 2 0 368.27 481.25 111.15 140.7 257.12 340.55
ynao_sd_19580620_0850_xu 9 7 2 3 0 519.16 1311.82 162.49 437.55 356.67 874.27
ynao_sd_19580621_0830_xu 16 9 7 4 0 596.1 1056.22 206.22 364.02 389.88 692.2
ynao_sd_19580622_0340_niu 17 13 4 3 0 230.42 377.52 88.12 146.48 142.3 231.04
ynao_sd_19580628_0540_niu 32 16 16 9 0 1223.53 1326.16 294.94 323.25 928.59 1002.91
ynao_sd_19580704_0320_niu 8 3 5 2 0 700.58 1105.71 110.0 230.42 590.58 875.29
ynao_sd_19580707_0250_niu 8 1 7 4 0 2559.65 6485.16 202.36 340.67 2357.29 6144.49
ynao_sd_19580708_0830_niu 28 12 16 5 0 1055.7 1470.9 261.67 333.61 794.03 1137.29
ynao_sd_19580709_0930_niu 39 22 17 5 0 1535.6 2035.97 310.52 413.06 1225.08 1622.91
ynao_sd_19580710_0810_niu 34 15 19 6 0 1881.16 2675.62 390.36 578.7 1490.8 2096.92
ynao_sd_19580712_0740_niu 19 4 15 4 0 1435.56 2082.4 187.39 313.57 1248.17 1768.83
ynao_sd_19580713_0030_niu 27 11 16 5 0 3244.79 7450.56 290.88 709.26 2953.91 6741.3
ynao_sd_19580714_0510_xu 12 9 3 3 0 479.56 672.51 86.6 137.1 392.96 535.41
ynao_sd_19580715_0630_xu 10 5 5 4 0 607.29 834.7 137.57 195.72 469.72 638.98
ynao_sd_19580716_0510_xu 11 5 6 3 0 579.84 768.31 128.74 173.78 451.1 594.53
ynao_sd_19580717_0210_xu 14 9 5 3 0 618.56 761.58 213.29 252.07 405.27 509.51
ynao_sd_19580718_0440_xu 7 1 6 3 0 431.11 575.33 135.12 195.09 295.99 380.24
ynao_sd_19580721_0710_xu 15 10 5 6 0 965.19 1541.21 245.39 428.69 719.8 1112.52
ynao_sd_19580723_1000_xu 23 8 15 9 0 3253.47 6846.54 455.87 743.77 2797.6 6102.77
ynao_sd_19580724_0000_xu 44 35 9 5 0 1534.59 2653.94 475.11 636.27 1059.48 2017.67
ynao_sd_19580725_0420_xu 23 8 15 7 0 4764.47 5327.19 640.96 741.54 4123.51 4585.65
ynao_sd_19580726_0250_xu 31 18 13 7 0 1934.03 2207.06 516.79 606.7 1417.24 1600.36
ynao_sd_19580727_0340_niu 38 19 19 9 0 1405.28 1560.71 358.2 394.59 1047.08 1166.12
ynao_sd_19580728_0440_xu 27 15 12 2 0 3005.93 3755.03 467.15 577.25 2538.78 3177.78
ynao_sd_19580804_0800_xu 43 38 5 5 0 855.75 1279.79 428.08 680.53 427.67 599.26
ynao_sd_19580805_0720_xu 23 21 2 3 0 800.91 1096.38 330.93 498.53 469.98 597.85
ynao_sd_19580807_0400_xu 34 29 5 5 0 1172.04 2123.39 338.04 731.44 834.0 1391.95
ynao_sd_19580810_0120_chen 79 65 14 5 0 1788.97 2159.23 578.14 705.94 1210.83 1453.29
ynao_sd_19580811_0640_xu 37 19 18 12 0 2445.51 2814.41 626.98 759.51 1818.53 2054.9
ynao_sd_19580818_0730_chen 16 9 7 4 0 680.32 1463.32 155.83 281.52 524.49 1181.8
ynao_sd_19580820_0830_xu 4 2 2 2 0 375.84 450.18 104.65 137.82 271.19 312.36
ynao_sd_19580821_0710_chen 17 11 6 4 0 411.05 501.94 187.93 229.16 223.12 272.78
ynao_sd_19580822_0210_chen 18 16 2 4 0 442.4 580.84 204.47 294.26 237.93 286.58
ynao_sd_19580826_0910_chen 21 13 8 5 0 497.53 789.3 113.34 185.98 384.19 603.32
ynao_sd_19580829_0740_niu 36 19 17 13 0 2201.21 3782.18 318.27 490.37 1882.94 3291.81
ynao_sd_19580830_0710_niu 39 18 21 10 0 1884.64 2077.22 395.93 436.49 1488.71 1640.73
ynao_sd_19580831_0930_niu 40 15 25 8 0 2257.09 2414.39 523.59 553.26 1733.5 1861.13
ynao_sd_19580901_0630_niu 61 35 26 8 0 2163.14 2394.18 660.82 749.52 1502.32 1644.66
ynao_sd_19580902_0430_niu 35 19 16 8 0 2913.41 3496.39 590.49 718.6 2322.92 2777.79
ynao_sd_19580903_0410_niu 27 12 15 8 0 2295.79 6121.29 536.16 1147.2 1759.63 4974.09
ynao_sd_19580909_0320_xu 17 10 7 6 0 1334.52 2647.09 128.06 166.58 1206.46 2480.51
ynao_sd_19580910_0240_chen 62 41 21 10 0 1752.02 3152.83 422.89 518.2 1329.13 2634.63
ynao_sd_19580911_0400_chen 58 31 27 12 0 2043.97 2769.19 410.62 546.15 1633.35 2223.04
ynao_sd_19580912_0300_chen 45 33 12 8 0 2436.23 3391.38 369.02 585.37 2067.21 2806.01
ynao_sd_19580914_0410_chen 57 45 12 11 0 2778.35 6745.48 618.99 1133.77 2159.36 5611.71
ynao_sd_19580915_0540_chen 62 44 18 9 0 3789.2 6566.18 722.2 1071.47 3067.0 5494.71
ynao_sd_19580916_0300_xu 29 22 7 6 0 4279.29 5898.31 732.94 978.64 3546.35 4919.67
ynao_sd_19580918_0910_chen 57 35 22 9 0 4468.61 5296.1 694.36 888.34 3774.25 4407.76
ynao_sd_19580920_0940_chen 31 18 13 7 0 2401.82 2954.13 421.06 583.67 1980.76 2370.46
ynao_sd_19580921_0310_chen 21 8 13 9 0 3730.64 8217.6 546.12 1170.29 3184.52 7047.31
ynao_sd_19580922_0320_chen 16 5 11 9 0 2659.95 5010.13 504.97 1121.45 2154.98 3888.68
ynao_sd_19580923_0250_xu 17 5 12 8 0 3698.47 6786.69 697.46 1267.29 3001.01 5519.4
ynao_sd_19580924_0240_chen 29 17 12 10 0 3663.24 6309.63 523.38 1141.3 3139.86 5168.33
ynao_sd_19580925_0320_chen 42 15 27 12 0 3464.58 7056.24 645.25 1240.08 2819.33 5816.16
ynao_sd_19580926_0510_chen 55 35 20 6 0 2617.46 3323.99 549.35 722.7 2068.11 2601.29
ynao_sd_19580929_0910_chen 45 34 11 7 0 2825.65 3272.23 570.49 677.87 2255.16 2594.36
ynao_sd_19581004_0730_chen 34 28 6 4 0 480.16 953.26 250.1 433.02 230.06 520.24
ynao_sd_19581009_0410_xu 5 5 0 0 0 61.33 113.85 61.33 113.85 0 0
ynao_sd_19581010_0850_chen 10 9 1 1 0 90.41 318.94 54.85 162.01 35.56 156.93
ynao_sd_19581011_0820_chen 13 9 4 2 0 539.63 2025.42 322.98 1012.53 216.65 1012.89
ynao_sd_19581016_0600_niu 51 25 26 9 0 2632.64 5070.51 693.6 979.36 1939.04 4091.15
ynao_sd_19581021_0240_chen 66 37 29 15 0 4453.2 7172.97 899.27 1159.5 3553.93 6013.47
ynao_sd_19581023_0820_chen 69 47 22 12 0 2602.71 3234.08 844.37 1202.29 1758.34 2031.79
ynao_sd_19581029_0230_chen 47 28 19 10 0 1818.76 3193.31 380.01 527.89 1438.75 2665.42
ynao_sd_19581030_0500_chen 46 31 15 9 0 1219.4 2128.63 277.9 373.25 941.5 1755.38
ynao_sd_19581031_0200_cheng 59 42 17 10 0 1418.72 1712.36 395.66 546.65 1023.06 1165.71
ynao_sd_19581101_0230_cheng 57 29 28 10 0 2025.37 2363.21 349.31 406.39 1676.06 1956.82
ynao_sd_19581102_0320_cheng 56 39 17 5 0 2060.39 2288.44 613.12 697.11 1447.27 1591.33
ynao_sd_19581103_0240_xu 49 38 11 5 0 2224.86 2513.13 657.56 792.14 1567.3 1720.99
ynao_sd_19581104_0400_xu 36 25 11 4 0 3887.14 4393.33 845.58 1045.63 3041.56 3347.7
ynao_sd_19581105_0340_cheng 25 14 11 6 0 1848.92 2174.35 362.71 457.96 1486.21 1716.39
ynao_sd_19581106_0550_cheng 25 11 14 7 0 1231.38 1660.43 273.86 366.68 957.52 1293.75
ynao_sd_19581109_0550_cheng 2 0 2 1 0 99.03 332.66 19.06 64.93 79.97 267.73
ynao_sd_19581110_0310_cheng 4 3 1 1 0 500.28 819.53 98.72 248.65 401.56 570.88
ynao_sd_19581111_0400_cheng 4 3 1 1 0 1000.61 1255.09 111.7 200.88 888.91 1054.21
ynao_sd_19581112_0310_cheng 7 5 2 0 0 131.2 221.26 198.88 307.3 67.68 86.04
ynao_sd_19581113_0440_cheng 9 6 3 1 0 659.0 1330.0 161.81 230.93 497.19 1099.07
ynao_sd_19581114_0350_cheng 8 7 1 0 0 133.36 152.17 139.58 162.29 6.22 10.12
ynao_sd_19581115_0330_cheng 10 7 3 3 0 1034.85 1248.17 58.77 66.96 976.08 1181.21
ynao_sd_19581116_0500_cheng 17 16 1 0 0 147.98 185.29 154.22 193.44 6.24 8.15
ynao_sd_19581117_0230_cheng 9 9 0 0 0 44.82 53.43 44.82 53.43 0 0
ynao_sd_19581118_0420_niu 10 10 0 1 0 828.02 1047.99 125.05 313.32 702.97 734.67
ynao_sd_19581119_0420_niu 15 10 5 3 0 369.03 905.22 116.27 216.86 252.76 688.36
ynao_sd_19581121_0500_cheng 27 18 9 4 0 465.67 684.4 230.9 357.77 234.77 326.63
ynao_sd_19581202_0610_gong 50 36 14 3 0 1918.75 2271.95 479.52 668.01 1439.23 1603.94
ynao_sd_19581203_0720_cheng 43 15 28 4 0 2233.98 2827.95 437.51 611.47 1796.47 2216.48
ynao_sd_19581204_0350_cheng 42 26 16 8 0 4387.6 5402.88 481.74 722.71 3905.86 4680.17
ynao_sd_19581205_0830_cheng 52 20 32 9 0 2002.11 3162.9 416.96 621.59 1585.15 2541.31
ynao_sd_19581212_0810_cheng 72 43 29 13 0 4728.6 6638.37 736.19 884.36 3992.41 5754.01
ynao_sd_19581215_0230_cheng 55 32 23 13 0 2082.77 2898.52 367.81 484.0 1714.96 2414.52
ynao_sd_19581216_0820_gong 39 21 18 10 0 1698.05 3584.9 423.94 741.48 1274.11 2843.42
ynao_sd_19581217_0410_gong 28 18 10 2 0 698.7 1532.77 459.76 1089.83 238.94 442.94
ynao_sd_19581218_0340_cheng 21 12 9 3 0 876.21 2807.71 174.23 487.6 701.98 2320.11
ynao_sd_19581219_0250_cheng 16 8 8 3 0 1118.69 3262.9 144.11 305.75 974.58 2957.15
ynao_sd_19581220_0600_cheng 17 14 3 3 0 243.68 329.08 144.74 222.09 98.94 106.99
ynao_sd_19581221_0320_cheng 9 3 6 4 0 1912.15 4009.96 141.53 276.72 1770.62 3733.24
ynao_sd_19581222_0340_cheng 23 12 11 3 0 829.17 3247.34 174.64 521.25 654.53 2726.09
ynao_sd_19581223_0410_gong 19 6 13 4 0 2683.28 5767.08 318.35 650.48 2364.93 5116.6
ynao_sd_19581224_0410_gong 45 25 20 5 0 3103.86 5164.89 587.49 867.5 2516.37 4297.39
ynao_sd_19581225_0340_cheng 24 16 8 5 0 1066.42 1316.08 294.21 366.93 772.21 949.15
ynao_sd_19581226_0440_cheng 29 19 10 8 0 1538.94 1903.43 412.5 508.88 1126.44 1394.55
ynao_sd_19581227_0610_cheng 34 19 15 7 0 1528.92 1754.0 343.66 387.8 1185.26 1366.2
ynao_sd_19581228_0340_cheng 25 16 9 5 0 1311.97 1510.32 344.5 379.18 967.47 1131.14
ynao_sd_19581229_0550_cheng 27 16 11 5 0 1041.44 1196.55 232.42 266.82 809.02 929.73
ynao_sd_19581230_0540_gong 31 22 9 4 0 1282.25 1544.17 459.76 540.97 822.49 1003.2
ynao_sd_19581231_0600_gong 24 9 15 10 0 1453.1 2043.2 277.89 395.04 1175.21 1648.16
