ynao_sd_19590101_0510_chen 36 24 12 6 0 877.38 1403.02 334.36 572.17 543.02 830.85
ynao_sd_19590102_0520_chen 38 18 20 10 0 2721.95 5023.44 452.35 926.04 2269.6 4097.4
ynao_sd_19590103_0520_chen 35 14 21 9 0 1861.87 3203.27 380.4 638.1 1481.47 2565.17
ynao_sd_19590105_0530_chen 49 24 25 11 0 2384.05 2839.51 438.47 539.87 1945.58 2299.64
ynao_sd_19590106_0600_gong 39 22 17 13 0 2756.79 4578.97 485.53 617.02 2271.26 3961.95
ynao_sd_19590107_0530_gong 27 14 13 9 0 2019.99 2330.9 366.18 435.28 1653.81 1895.62
ynao_sd_19590108_0530_chen 27 17 10 7 0 1274.19 1414.47 376.93 449.97 897.26 964.5
ynao_sd_19590109_0600_chen 20 12 8 8 0 1191.42 1354.6 337.23 371.16 854.19 983.44
ynao_sd_19590111_0750_chen 17 13 4 4 0 496.51 789.1 213.12 310.26 283.39 478.84
ynao_sd_19590112_0630_chen 15 12 3 3 0 369.29 792.66 240.57 523.18 128.72 269.48
ynao_sd_19590113_0530_gong 11 9 2 1 0 772.67 2792.58 193.19 468.97 579.48 2323.61
ynao_sd_19590115_0410_chen 7 7 0 0 0 57.21 72.96 57.21 72.96 0 0
ynao_sd_19590118_0330_chen 19 16 3 2 0 629.68 1918.37 112.36 179.67 517.32 1738.7
ynao_sd_19590119_0710_chen 15 12 3 3 0 262.75 370.18 131.82 188.86 130.93 181.32
ynao_sd_19590120_0800_gong 14 12 2 1 0 1128.78 1324.52 164.27 251.25 964.51 1073.27
ynao_sd_19590125_0510_chen 2 2 0 0 0 18.01 18.32 18.01 18.32 0 0
ynao_sd_19590126_0730_chen 7 7 0 1 0 1371.66 1493.72 76.78 179.83 1294.88 1313.89
ynao_sd_19590129_0610_chen 27 13 14 3 0 486.9 556.4 158.52 200.95 328.38 355.45
ynao_sd_19590130_0550_chen 16 9 7 3 0 326.61 387.98 102.05 123.67 224.56 264.31
ynao_sd_19590202_0430_chen 6 4 2 5 0 3949.14 5169.36 143.85 171.0 3805.29 4998.36
ynao_sd_19590203_0530_niu 13 11 2 2 0 210.07 242.51 136.45 152.09 73.62 90.42
ynao_sd_19590204_0310_xu 5 5 0 1 0 629.26 725.3 77.43 92.75 551.83 632.55
ynao_sd_19590205_0510_xu 7 7 0 0 0 109.69 121.7 109.69 121.7 0 0
ynao_sd_19590206_0640_chen 4 2 2 1 0 563.06 570.72 34.63 35.79 528.43 534.93
ynao_sd_19590207_0530_chen 3 3 0 1 0 762.38 800.34 25.26 52.56 737.12 747.78
ynao_sd_19590208_0530_chen 0 0 0 0 0 0 0 0 0 0 0
ynao_sd_19590209_0730_chen 2 2 0 0 0 29.86 29.86 29.86 29.86 0 0
ynao_sd_19590210_0420_niu 1 1 0 0 0 4.76 5.76 4.76 5.76 0 0
ynao_sd_19590211_0550_gong 2 2 0 0 0 30.81 30.98 30.81 30.98 0 0
ynao_sd_19590212_0520_chen 0 0 0 0 0 0 0 0 0 0 0
ynao_sd_19590213_0310_chen 0 0 0 0 0 0 0 0 0 0 0
ynao_sd_19590214_0520_chen 0 0 0 0 0 0 0 0 0 0 0
ynao_sd_19590216_0820_chen 3 2 1 1 0 587.53 660.67 34.63 36.92 552.9 623.75
ynao_sd_19590217_0500_gong 6 6 0 0 0 45.78 58.34 45.78 58.34 0 0
ynao_sd_19590219_0510_gong 2 2 0 0 0 11.39 13.65 11.39 13.65 0 0
ynao_sd_19590220_0440_gong 2 2 0 0 0 16.2 19.91 16.2 19.91 0 0
ynao_sd_19590302_0520_gong 12 11 1 2 0 556.96 722.31 115.05 146.22 441.91 576.09
ynao_sd_19590303_0510_gong 23 15 8 3 0 918.28 1064.19 157.27 221.28 761.01 842.91
ynao_sd_19590306_0250_chen 26 19 7 2 0 1228.44 1300.97 242.07 268.95 986.37 1032.02
ynao_sd_19590307_0240_chen 19 8 11 2 0 1356.54 1365.37 208.24 210.86 1148.3 1154.51
ynao_sd_19590308_0610_gong 15 11 4 2 0 1385.72 1431.36 238.37 255.95 1147.35 1175.41
ynao_sd_19590309_0630_gong 18 14 4 2 0 1239.9 1394.82 275.43 330.71 964.47 1064.11
ynao_sd_19590310_0450_gong 18 14 4 2 1 1115.23 1449.26 261.89 388.09 853.34 1061.17
ynao_sd_19590312_0500_gong 12 6 6 5 0 598.7 1057.45 118.92 193.9 479.78 863.55
ynao_sd_19590313_0450_gong 14 9 5 4 0 896.46 1920.71 119.99 237.27 776.47 1683.44
ynao_sd_19590314_0530_chen 10 7 3 1 0 136.06 158.29 51.25 68.15 84.81 90.14
ynao_sd_19590315_0520_gong 16 13 3 1 0 241.29 259.24 101.48 118.27 139.81 140.97
ynao_sd_19590316_0540_gong 17 15 2 1 0 185.62 207.73 94.72 116.43 90.9 91.3
ynao_sd_19590317_0500_gong 14 10 4 2 0 173.99 182.81 68.31 72.37 105.68 110.44
ynao_sd_19590318_0540_chen 8 6 2 1 0 79.85 82.71 64.83 67.61 15.02 15.1
ynao_sd_19590319_0720_xu 4 4 0 1 0 70.11 71.18 44.64 45.71 25.47 25.47
ynao_sd_19590320_0440_chen 3 3 0 0 0 45.43 50.32 45.43 50.32 0 0
ynao_sd_19590321_0510_chen 6 5 1 1 0 125.28 213.49 86.24 123.09 39.04 90.4
ynao_sd_19590322_0500_chen 4 2 2 2 0 673.73 1447.16 56.61 111.93 617.12 1335.23
ynao_sd_19590323_0550_xu 6 4 2 2 0 247.75 403.36 108.3 199.51 139.45 203.85
ynao_sd_19590324_0500_chen 14 9 5 3 0 257.07 350.89 129.45 192.03 127.62 158.86
ynao_sd_19590325_0540_chen 10 5 5 2 0 325.05 374.85 146.79 169.2 178.26 205.65
ynao_sd_19590326_0700_xu 8 2 6 4 0 1439.5 1481.56 186.83 191.1 1252.67 1290.46
ynao_sd_19590328_0600_chen 18 9 9 3 0 1164.03 1275.0 218.32 290.2 945.71 984.8
ynao_sd_19590329_0700_chen 19 10 9 3 0 920.4 1061.47 218.9 266.11 701.5 795.36
ynao_sd_19590330_0450_chen 14 3 11 5 0 763.04 986.43 121.09 148.67 641.95 837.76
ynao_sd_19590331_0920_chen 18 14 4 3 0 1041.81 1288.94 140.52 186.23 901.29 1102.71
ynao_sd_19590401_0210_chen 8 4 4 1 0 52.47 65.57 43.74 76.34 8.73 10.77
ynao_sd_19590402_0320_xu 7 6 1 0 0 106.39 207.43 110.27 212.07 3.88 4.64
ynao_sd_19590403_0340_chen 4 3 1 1 0 81.38 95.23 57.15 70.69 24.23 24.54
ynao_sd_19590404_0510_chen 3 3 0 0 0 31.65 41.01 31.65 41.01 0 0
ynao_sd_19590405_0520_chen 1 1 0 0 0 29.69 112.78 29.69 112.78 0 0
ynao_sd_19590406_0520_chen 9 9 0 0 0 72.6 173.73 72.6 173.73 0 0
ynao_sd_19590407_0550_xu 7 6 1 1 0 228.8 270.83 89.47 104.77 139.33 166.06
ynao_sd_19590408_0610_chen 17 7 10 4 0 814.53 1173.3 126.04 179.17 688.49 994.13
ynao_sd_19590409_0450_chen 18 8 10 5 0 1228.88 1714.24 255.79 344.04 973.09 1370.2
ynao_sd_19590410_0600_chen 22 12 10 5 0 1261.6 1555.73 278.85 368.48 982.75 1187.25
ynao_sd_19590411_0350_chen 21 11 10 5 0 930.15 1086.35 218.47 268.45 711.68 817.9
ynao_sd_19590412_0600_chen 20 10 10 6 0 1184.91 1359.29 273.93 305.53 910.98 1053.76
ynao_sd_19590417_0910_chen 23 12 11 3 0 624.9 865.38 200.35 278.81 424.55 586.57
ynao_sd_19590418_0550_chen 21 13 8 4 0 1231.62 3390.97 191.12 324.43 1040.5 3066.54
ynao_sd_19590419_0240_chen 9 7 2 1 0 148.75 312.46 80.73 141.36 68.02 171.1
ynao_sd_19590420_0740_chen 6 6 0 0 0 84.97 212.46 84.97 212.46 0 0
ynao_sd_19590421_0300_chen 1 1 0 0 0 5.94 19.7 5.94 19.7 0 0
ynao_sd_19590423_0350_xu 3 3 0 0 0 48.43 50.03 48.43 50.03 0 0
ynao_sd_19590424_0320_chen 18 10 8 3 0 1288.03 1639.75 129.99 159.2 1158.04 1480.55
ynao_sd_19590428_0600_xu 6 5 1 0 0 43.09 76.55 55.68 93.03 12.59 16.48
ynao_sd_19590429_0330_chen 11 6 5 2 0 236.61 408.15 106.65 282.52 129.96 125.63
ynao_sd_19590502_0650_chen 14 9 5 4 0 335.32 358.5 110.41 128.59 224.91 229.91
ynao_sd_19590503_1000_chen 20 16 4 4 0 1255.01 1315.04 107.96 119.32 1147.05 1195.72
ynao_sd_19590504_0530_chen 18 17 1 0 0 143.2 184.23 148.52 189.56 5.32 5.33
ynao_sd_19590505_0450_chen 14 8 6 4 0 1226.09 4114.26 144.16 336.35 1081.93 3777.91
ynao_sd_19590507_0230_chen 25 22 3 3 0 1137.0 1558.4 233.75 375.6 903.25 1182.8
ynao_sd_19590508_0310_chen 9 6 3 0 0 75.16 121.59 119.45 170.06 44.29 48.47
ynao_sd_19590509_0410_chen 35 21 14 8 0 751.67 813.35 206.19 225.67 545.48 587.68
ynao_sd_19590510_0500_chen 40 28 12 4 0 1221.34 1281.86 326.79 341.51 894.55 940.35
ynao_sd_19590513_0550_chen 18 11 7 2 0 868.7 1035.23 156.38 200.34 712.32 834.89
ynao_sd_19590514_0840_chen 13 8 5 1 0 243.07 346.66 160.15 261.56 82.92 85.1
ynao_sd_19590515_0200_chen 4 4 0 0 0 54.12 105.75 54.12 105.75 0 0
ynao_sd_19590516_0400_chen 9 5 4 2 0 216.12 416.93 71.54 151.3 144.58 265.63
ynao_sd_19590517_0400_chen 5 3 2 1 0 209.74 311.35 54.45 108.38 155.29 202.97
ynao_sd_19590518_0510_chen 7 4 3 2 0 820.51 977.33 43.63 78.97 776.88 898.36
ynao_sd_19590519_0420_chen 10 4 6 2 0 249.84 395.98 73.16 108.64 176.68 287.34
ynao_sd_19590520_0330_chen 3 0 3 1 0 121.28 121.59 22.88 22.94 98.4 98.65
ynao_sd_19590521_0320_chen 7 5 2 1 0 127.24 177.01 43.45 91.27 83.79 85.74
ynao_sd_19590523_0620_chen 19 10 9 2 0 635.32 930.56 155.11 218.92 480.21 711.64
ynao_sd_19590601_0700_chen 41 21 20 6 0 2280.9 4129.72 289.21 478.2 1991.69 3651.52
ynao_sd_19590602_0930_chen 35 20 15 5 0 780.79 1193.87 259.94 471.9 520.85 721.97
ynao_sd_19590603_0650_chen 27 13 14 11 0 4743.74 6182.79 443.29 607.79 4300.45 5575.0
ynao_sd_19590605_0250_gong 42 33 9 6 0 2092.85 2794.47 467.97 598.89 1624.88 2195.58
ynao_sd_19590606_0430_chen 55 42 13 10 0 2763.38 3624.35 534.45 656.84 2228.93 2967.51
ynao_sd_19590608_0600_chen 60 42 18 8 0 2575.97 3423.32 627.94 916.52 1948.03 2506.8
ynao_sd_19590609_0810_chen 47 32 15 6 0 1756.01 2664.86 463.18 679.37 1292.83 1985.49
ynao_sd_19590610_0750_chen 38 15 23 11 0 2997.77 5647.9 461.23 766.98 2536.54 4880.92
ynao_sd_19590611_0900_gong 19 10 9 6 0 1381.47 1839.6 180.72 219.38 1200.75 1620.22
ynao_sd_19590612_0530_chen 14 11 3 4 0 2424.15 3110.99 178.46 230.54 2245.69 2880.45
ynao_sd_19590614_0930_chen 14 7 7 5 0 1806.65 2268.85 97.47 160.11 1709.18 2108.74
ynao_sd_19590615_0540_chen 8 3 5 5 0 1817.23 3181.83 93.82 157.85 1723.41 3023.98
ynao_sd_19590616_0330_chen 10 1 9 3 0 901.64 2622.85 74.41 150.44 827.23 2472.41
ynao_sd_19590619_0630_xu 15 14 1 2 0 1119.78 1286.43 114.19 148.81 1005.59 1137.62
ynao_sd_19590623_0400_chen 13 10 3 4 0 622.2 956.98 88.13 180.66 534.07 776.32
ynao_sd_19590624_0600_chen 15 11 4 1 0 273.27 429.69 109.28 158.76 163.99 270.93
ynao_sd_19590625_0820_chen 10 8 2 4 0 2053.15 2877.64 111.24 154.37 1941.91 2723.27
ynao_sd_19590626_0650_chen 15 10 5 2 0 376.63 518.06 154.42 239.54 222.21 278.52
ynao_sd_19590628_0620_chen 12 8 4 3 0 909.39 1286.25 62.19 72.7 847.2 1213.55
ynao_sd_19590629_0630_chen 17 13 4 2 0 249.99 286.57 101.94 118.8 148.05 167.77
ynao_sd_19590630_0630_chen 24 18 6 3 0 1029.87 1912.88 131.84 155.85 898.03 1757.03
ynao_sd_19590704_0420_chen 3 0 3 4 0 1554.19 3111.49 33.97 107.44 1520.22 3004.05
ynao_sd_19590705_0330_chen 2 1 1 1 0 63.72 96.79 26.9 36.89 36.82 59.9
ynao_sd_19590708_0100_xu 5 5 0 0 0 30.3 49.78 30.3 49.78 0 0
ynao_sd_19590709_0610_xu 3 3 0 1 0 1054.61 1087.49 24.78 30.77 1029.83 1056.72
ynao_sd_19590710_0450_chen 1 0 1 1 0 684.32 711.42 5.58 5.79 678.74 705.63
ynao_sd_19590712_0330_chen 11 5 6 5 0 728.91 763.82 125.05 131.25 603.86 632.57
ynao_sd_19590713_0120_chen 20 9 11 2 0 1199.79 1308.54 166.24 211.7 1033.55 1096.84
ynao_sd_19590714_0150_chen 17 12 5 2 0 830.12 962.6 191.44 236.48 638.68 726.12
ynao_sd_19590715_0200_chen 9 2 7 2 1 559.05 735.61 85.46 111.02 473.59 624.59
ynao_sd_19590717_0150_chen 4 2 2 1 0 203.36 476.9 46.62 102.26 156.74 374.64
ynao_sd_19590718_0430_chen 0 0 0 0 0 0 0 0 0 0 0
ynao_sd_19590721_0740_chen 1 1 0 0 0 4.11 7.27 4.11 7.27 0 0
ynao_sd_19590725_0420_chen 2 1 1 1 0 141.01 228.5 29.33 59.03 111.68 169.47
ynao_sd_19590726_0240_chen 2 1 1 1 0 97.16 137.54 28.31 48.48 68.85 89.06
ynao_sd_19590727_0620_chen 10 4 6 3 0 364.18 434.68 100.82 122.46 263.36 312.22
ynao_sd_19590730_0920_chen 1 1 0 1 0 499.01 655.34 9.67 12.7 489.34 642.64
ynao_sd_19590802_0630_chen 13 13 0 0 0 100.81 119.97 100.81 119.97 0 0
ynao_sd_19590803_0150_chen 8 6 2 2 0 186.15 603.44 50.92 100.55 135.23 502.89
ynao_sd_19590804_0630_chen 6 4 2 2 0 344.05 640.9 64.53 119.87 279.52 521.03
ynao_sd_19590805_0630_chen 7 4 3 2 0 431.71 646.68 69.09 106.25 362.62 540.43
ynao_sd_19590807_0830_chen 13 7 6 3 0 1215.71 1637.78 108.1 128.52 1107.61 1509.26
ynao_sd_19590808_0520_chen 22 13 9 3 0 823.1 1205.49 157.8 210.1 665.3 995.39
ynao_sd_19590809_0530_chen 8 4 4 4 0 863.48 893.74 98.69 106.48 764.79 787.26
ynao_sd_19590816_0530_chen 5 2 3 3 0 135.17 167.16 33.12 47.16 102.05 120.0
ynao_sd_19590817_0520_chen 9 3 6 4 0 1198.88 1646.26 43.33 60.13 1155.55 1586.13
ynao_sd_19590819_0600_chen 0 0 0 0 0 0 0 0 0 0 0
ynao_sd_19590820_0300_xu 9 9 0 2 0 617.22 665.62 62.67 76.64 554.55 588.98
ynao_sd_19590821_0150_chen 3 3 0 3 0 792.54 840.65 11.74 12.13 780.8 828.52
ynao_sd_19590822_0140_chen 10 10 0 1 0 320.46 376.1 75.28 102.66 245.18 273.44
ynao_sd_19590823_0140_chen 18 16 2 3 0 746.62 1201.03 191.28 466.33 555.34 734.7
ynao_sd_19590824_0120_chen 15 10 5 4 0 253.91 538.96 78.51 144.47 175.4 394.49
ynao_sd_19590825_0300_chen 22 15 7 5 0 402.92 648.96 132.18 210.98 270.74 437.98
ynao_sd_19590828_0540_chen 52 15 37 8 0 3081.15 3376.72 457.53 517.11 2623.62 2859.61
ynao_sd_19590829_0100_chen 56 19 37 6 0 3803.73 4071.96 492.58 535.69 3311.15 3536.27
ynao_sd_19590830_0130_chen 71 30 41 9 0 4322.62 5066.2 711.37 783.49 3611.25 4282.71
ynao_sd_19590831_0900_chen 63 24 39 11 1 3418.29 4665.07 506.26 687.87 2912.03 3977.2
ynao_sd_19590901_0650_chen 44 15 29 8 0 5106.63 7266.56 448.21 653.3 4658.42 6613.26
ynao_sd_19590902_0210_chen 31 15 16 6 0 2270.66 3900.32 309.2 504.96 1961.46 3395.36
ynao_sd_19590904_0930_chen 12 6 6 4 0 526.29 950.47 108.99 206.91 417.3 743.56
ynao_sd_19590905_0840_chen 7 2 5 5 0 320.81 984.52 53.92 126.41 266.89 858.11
ynao_sd_19590908_0620_chen 9 3 6 4 0 605.17 913.9 110.81 164.16 494.36 749.74
ynao_sd_19590909_0740_xu 9 4 5 3 0 539.58 861.36 98.53 202.71 441.05 658.65
ynao_sd_19590910_0540_xu 6 3 3 4 0 912.57 1245.63 167.0 273.76 745.57 971.87
ynao_sd_19590911_0350_chen 9 5 4 4 0 733.78 860.67 132.43 165.31 601.35 695.36
ynao_sd_19590912_0450_chen 25 13 12 10 0 986.47 1183.19 218.17 264.5 768.3 918.69
ynao_sd_19590913_0350_chen 23 18 5 5 0 814.68 1020.54 223.04 283.29 591.64 737.25
ynao_sd_19590915_0040_chen 21 16 5 4 0 1088.68 1521.13 149.14 299.36 939.54 1221.77
ynao_sd_19590916_0200_chen 9 2 7 5 0 349.46 959.07 62.0 141.76 287.46 817.31
ynao_sd_19590917_0230_xu 5 3 2 2 0 350.59 1077.17 156.34 482.71 194.25 594.46
ynao_sd_19590922_0340_chen 28 21 7 4 0 847.05 1053.5 247.72 326.18 599.33 727.32
ynao_sd_19590925_0810_chen 12 6 6 5 0 1192.02 2100.4 143.42 188.88 1048.6 1911.52
ynao_sd_19590927_0030_chen 14 10 4 2 0 461.66 571.83 118.5 140.96 343.16 430.87
ynao_sd_19591004_0330_chen 28 25 3 2 0 454.71 607.29 159.55 217.12 295.16 390.17
ynao_sd_19591007_0200_chen 21 17 4 4 0 803.46 891.64 193.74 213.77 609.72 677.87
ynao_sd_19591008_0500_xu 13 9 4 2 0 556.0 659.03 166.38 197.17 389.62 461.86
ynao_sd_19591010_0510_chen 10 3 7 2 0 311.08 495.77 69.27 108.77 241.81 387.0
ynao_sd_19591011_0800_chen 7 2 5 3 0 978.13 2210.69 46.48 103.35 931.65 2107.34
ynao_sd_19591013_0600_chen 16 12 4 2 0 302.71 397.26 98.71 139.03 204.0 258.23
ynao_sd_19591019_0720_chen 17 13 4 2 0 967.91 1164.11 282.17 334.55 685.74 829.56
ynao_sd_19591020_0150_chen 12 8 4 2 0 228.06 353.65 73.51 101.89 154.55 251.76
ynao_sd_19591021_0050_chen 4 1 3 2 0 137.55 281.66 22.39 38.99 115.16 242.67
ynao_sd_19591022_0540_gong 14 12 2 2 0 1051.11 1605.93 254.73 324.65 796.38 1281.28
ynao_sd_19591024_0620_chen 29 20 9 6 0 1225.6 1732.68 255.64 363.08 969.96 1369.6
ynao_sd_19591026_0510_chen 32 17 15 7 0 1060.66 1625.08 215.43 319.31 845.23 1305.77
ynao_sd_19591027_0310_chen 28 18 10 4 0 438.86 504.95 159.67 235.7 279.19 269.25
ynao_sd_19591031_0530_chen 12 8 4 3 0 709.92 942.71 92.12 125.74 617.8 816.97
ynao_sd_19591101_0310_chen 10 8 2 1 0 104.69 160.3 54.61 85.72 50.08 74.58
ynao_sd_19591102_0450_gong 7 6 1 1 0 742.5 1927.98 34.33 65.74 708.17 1862.24
ynao_sd_19591103_0230_chen 2 2 0 0 0 13.11 18.45 13.11 18.45 0 0
ynao_sd_19591104_0050_chen 1 1 0 0 0 9.02 96.69 9.02 96.69 0 0
ynao_sd_19591105_0710_gong 2 2 0 0 0 17.54 58.12 17.54 58.12 0 0
ynao_sd_19591106_0200_chen 2 2 0 0 0 56.16 138.08 56.16 138.08 0 0
ynao_sd_19591107_0130_chen 16 9 7 5 0 496.9 1351.53 119.6 286.22 377.3 1065.31
ynao_sd_19591108_0110_chen 23 11 12 9 0 1271.85 2537.4 211.08 396.72 1060.77 2140.68
ynao_sd_19591109_0200_chen 47 31 16 9 0 2129.28 3056.32 445.18 618.08 1684.1 2438.24
ynao_sd_19591110_0450_chen 50 29 21 9 0 2010.32 2366.36 449.95 522.32 1560.37 1844.04
ynao_sd_19591111_0500_xu 54 26 28 13 0 3109.79 3486.58 644.1 791.64 2465.69 2694.94
ynao_sd_19591112_0640_chen 42 19 23 11 0 2668.56 2927.94 537.02 592.24 2131.54 2335.7
ynao_sd_19591113_0610_chen 50 29 21 7 0 2236.83 2615.24 412.72 480.43 1824.11 2134.81
ynao_sd_19591114_0410_chen 44 21 23 8 0 2233.78 2821.73 431.8 532.71 1801.98 2289.02
ynao_sd_19591115_0220_chen 45 25 20 8 0 1649.93 2526.06 329.18 456.86 1320.75 2069.2
ynao_sd_19591116_0610_chen 35 30 5 4 0 802.54 1926.22 257.03 545.29 545.51 1380.93
ynao_sd_19591117_0340_chen 8 4 4 3 0 376.41 1033.27 78.51 194.89 297.9 838.38
ynao_sd_19591118_0140_chen 2 1 1 1 0 138.84 379.26 27.87 67.99 110.97 311.27
ynao_sd_19591119_0200_chen 1 0 1 1 0 52.75 268.15 8.82 44.88 43.93 223.27
ynao_sd_19591120_0100_chen 0 0 0 0 0 0 0 0 0 0 0
ynao_sd_19591121_0610_gong 0 0 0 0 0 0 0 0 0 0 0
ynao_sd_19591122_0150_chen 4 4 0 0 0 25.48 38.19 25.48 38.19 0 0
ynao_sd_19591123_0120_chen 9 9 0 1 0 77.11 100.11 57.74 75.73 19.37 24.38
ynao_sd_19591124_0120_chen 12 11 1 1 0 115.68 138.35 90.76 110.5 24.92 27.85
ynao_sd_19591125_0120_chen 14 14 0 0 0 92.83 102.42 92.83 102.42 0 0
ynao_sd_19591126_0130_chen 11 8 3 3 0 273.2 299.84 67.41 78.55 205.79 221.29
ynao_sd_19591127_0640_chen 6 4 2 1 0 125.96 156.39 33.51 41.09 92.45 115.3
ynao_sd_19591128_0600_chen 7 5 2 1 0 139.05 207.7 35.14 51.43 103.91 156.27
ynao_sd_19591129_0610_chen 4 1 3 1 0 137.08 271.94 33.72 56.4 103.36 215.54
ynao_sd_19591130_0120_chen 1 0 1 1 0 68.29 181.69 7.21 19.24 61.08 162.45
ynao_sd_19591201_0140_chen 0 0 0 0 0 0 0 0 0 0 0
ynao_sd_19591202_0800_chen 2 1 1 1 0 837.25 2517.42 9.62 29.56 827.63 2487.86
ynao_sd_19591203_0300_chen 3 2 1 1 0 56.06 138.39 32.02 74.25 24.04 64.14
ynao_sd_19591204_0110_chen 7 6 1 2 0 67.66 110.0 29.2 45.94 38.46 64.06
ynao_sd_19591205_0320_gong 6 6 0 0 0 34.49 46.85 34.49 46.85 0 0
ynao_sd_19591206_0200_chen 9 7 2 2 0 95.14 111.62 40.96 48.03 54.18 63.59
ynao_sd_19591208_0120_chen 2 2 0 0 0 12.84 13.43 12.84 13.43 0 0
ynao_sd_19591209_0130_chen 3 3 0 0 0 30.76 31.17 30.76 31.17 0 0
ynao_sd_19591210_0230_niu 3 3 0 0 0 16.27 18.56 16.27 18.56 0 0
ynao_sd_19591211_0150_chen 7 6 1 1 0 234.22 844.92 104.94 177.12 129.28 667.8
ynao_sd_19591212_0100_chen 7 6 1 1 0 245.97 560.39 71.69 113.73 174.28 446.66
ynao_sd_19591213_0140_chen 7 6 1 1 0 395.73 618.94 104.02 143.22 291.71 475.72
ynao_sd_19591214_0220_chen 3 2 1 1 0 547.09 687.95 145.89 176.23 401.2 511.72
ynao_sd_19591215_0210_gong 10 9 1 1 0 653.96 718.59 177.76 193.83 476.2 524.76
ynao_sd_19591216_0500_gong 16 12 4 2 0 823.03 1081.32 203.81 276.43 619.22 804.89
ynao_sd_19591217_0250_gong 32 25 7 3 0 1146.54 1505.47 329.98 404.89 816.56 1100.58
ynao_sd_19591218_0250_gong 25 20 5 3 0 1003.58 1231.26 317.52 397.68 686.06 833.58
ynao_sd_19591219_0230_gong 28 13 15 7 0 1508.8 1877.82 230.83 292.39 1277.97 1585.43
ynao_sd_19591221_0240_gong 15 6 9 4 0 745.45 919.73 151.28 202.83 594.17 716.9
ynao_sd_19591222_0240_gong 7 3 4 3 0 458.58 646.8 94.1 124.44 364.48 522.36
ynao_sd_19591223_0220_gong 10 7 3 2 0 324.01 350.97 82.01 115.29 242.0 235.68
ynao_sd_19591226_0240_chen 5 3 2 1 0 125.18 204.31 41.0 53.5 84.18 150.81
ynao_sd_19591227_0340_gong 3 2 1 1 0 91.29 221.95 27.12 51.49 64.17 170.46
ynao_sd_19591228_0300_gong 2 2 0 0 0 19.28 22.48 19.28 22.48 0 0
ynao_sd_19591229_0240_gong 8 8 0 0 0 41.28 44.51 41.28 44.51 0 0
ynao_sd_19591230_0230_gong 17 12 5 3 0 403.77 418.83 131.57 143.63 272.2 275.2
