ynao_sd_19600103_0230_chen 12 4 8 5 0 869.57 2103.13 144.24 291.56 725.33 1811.57
ynao_sd_19600104_0220_chen 21 9 12 8 0 1473.69 3445.9 246.56 459.89 1227.13 2986.01
ynao_sd_19600107_0240_gong 62 32 30 10 0 3839.86 4646.31 750.17 906.86 3089.69 3739.45
ynao_sd_19600108_0310_gong 62 38 24 6 0 3807.91 4174.13 691.5 763.53 3116.41 3410.6
ynao_sd_19600109_0520_chen 56 30 26 9 0 3447.86 3680.94 570.4 621.59 2877.46 3059.35
ynao_sd_19600110_0340_gong 76 55 21 6 0 3162.79 3446.24 647.34 706.33 2515.45 2739.91
ynao_sd_19600111_0250_gong 43 26 17 5 0 2742.17 3320.7 489.94 659.77 2252.23 2660.93
ynao_sd_19600112_0330_gong 29 9 20 7 0 2543.32 3436.51 360.64 481.02 2182.68 2955.49
ynao_sd_19600113_0300_gong 30 13 17 7 0 1400.5 2267.46 291.07 435.38 1109.43 1832.08
ynao_sd_19600114_0240_gong 30 20 10 6 0 1032.12 1820.23 277.57 430.52 754.55 1389.71
ynao_sd_19600115_0200_chen 14 8 6 4 0 450.95 951.73 92.54 161.6 358.41 790.13
ynao_sd_19600116_0510_gong 18 9 9 5 0 400.45 724.95 131.96 206.67 268.49 518.28
ynao_sd_19600117_0250_gong 9 7 2 2 0 219.13 287.26 103.36 131.06 115.77 156.2
ynao_sd_19600118_0300_gong 6 5 1 1 0 116.47 137.99 70.77 91.52 45.7 46.47
ynao_sd_19600119_0320_gong 4 4 0 0 0 26.32 31.14 26.32 31.14 0 0
ynao_sd_19600120_0230_chen 6 5 1 1 0 93.15 352.91 49.04 89.26 44.11 263.65
ynao_sd_19600121_0250_gong 9 8 1 1 0 152.6 314.42 51.54 71.98 101.06 242.44
ynao_sd_19600122_0250_gong 6 5 1 1 0 182.66 284.79 39.48 53.83 143.18 230.96
ynao_sd_19600124_0210_chen 4 1 3 1 0 219.21 248.62 26.89 32.74 192.32 215.88
ynao_sd_19600126_0640_gong 7 2 5 4 0 472.73 942.47 80.42 160.56 392.31 781.91
ynao_sd_19600129_0430_chen 15 5 10 2 0 480.83 580.4 116.07 134.8 364.76 445.6
ynao_sd_19600131_0250_gong 23 13 10 2 0 781.25 958.89 181.19 211.59 600.06 747.3
ynao_sd_19600205_0700_gong 42 34 8 7 0 1008.78 1293.62 299.23 365.94 709.55 927.68
ynao_sd_19600206_0400_gong 41 26 15 8 0 1403.83 2472.38 330.24 583.86 1073.59 1888.52
ynao_sd_19600207_0240_gong 33 21 12 7 0 960.83 1406.5 293.05 370.73 667.78 1035.77
ynao_sd_19600208_0200_chen 41 27 14 7 0 704.5 943.61 240.67 305.3 463.83 638.31
ynao_sd_19600209_0250_gong 43 34 9 7 0 836.58 1203.64 280.29 430.57 556.29 773.07
ynao_sd_19600214_0320_gong 8 8 0 0 0 67.78 72.02 67.78 72.02 0 0
ynao_sd_19600215_0520_gong 7 7 0 0 0 47.33 50.34 47.33 50.34 0 0
ynao_sd_19600216_0300_gong 0 0 0 0 0 0 0 0 0 0 0
ynao_sd_19600217_0230_gong 1 1 0 0 0 4.26 7.42 4.26 7.42 0 0
ynao_sd_19600218_0540_gong 1 1 0 0 0 4.03 4.03 4.03 4.03 0 0
ynao_sd_19600219_0230_gong 5 2 3 1 0 165.79 457.48 61.03 159.54 104.76 297.94
ynao_sd_19600220_0800_chen 5 4 1 1 0 219.7 392.45 42.31 85.12 177.39 307.33
ynao_sd_19600222_0330_gong 4 3 1 1 0 375.52 466.65 100.56 129.28 274.96 337.37
ynao_sd_19600223_0230_gong 6 5 1 1 0 444.77 485.05 98.9 108.56 345.87 376.49
ynao_sd_19600224_0300_chen 4 2 2 2 0 390.28 407.86 66.74 70.52 323.54 337.34
ynao_sd_19600225_0120_chen 6 3 3 2 0 263.6 279.36 54.9 64.74 208.7 214.62
ynao_sd_19600226_0250_gong 7 6 1 1 0 146.75 158.66 58.09 64.08 88.66 94.58
ynao_sd_19600227_0140_chen 17 15 2 2 0 288.27 772.17 139.97 246.29 148.3 525.88
ynao_sd_19600228_0250_gong 23 20 3 2 0 402.5 730.41 160.65 264.2 241.85 466.21
ynao_sd_19600229_0240_gong 15 11 4 3 0 523.17 760.31 148.44 203.63 374.73 556.68
ynao_sd_19600301_0150_gong 8 7 1 2 0 476.18 592.71 101.24 130.9 374.94 461.81
ynao_sd_19600302_0500_gong 9 7 2 2 0 491.03 539.02 140.42 157.2 350.61 381.82
ynao_sd_19600303_0820_gong 9 8 1 1 0 505.22 517.79 148.17 152.48 357.05 365.31
ynao_sd_19600305_0230_gong 3 1 2 3 0 1491.36 4561.67 93.78 105.3 1397.58 4456.37
ynao_sd_19600306_0250_gong 6 2 4 3 0 845.93 1343.11 141.15 231.97 704.78 1111.14
ynao_sd_19600307_0240_gong 20 14 6 3 0 709.38 1029.04 188.3 272.02 521.08 757.02
ynao_sd_19600308_0240_gong 14 10 4 3 0 683.89 965.39 111.44 152.23 572.45 813.16
ynao_sd_19600309_0150_gong 21 15 6 3 0 527.47 777.92 137.89 173.79 389.58 604.13
ynao_sd_19600310_0240_gong 12 6 6 2 0 476.54 796.66 82.25 123.09 394.29 673.57
ynao_sd_19600311_0230_gong 17 13 4 1 0 358.28 359.17 128.44 128.82 229.84 230.35
ynao_sd_19600312_0100_chen 8 4 4 1 0 161.73 166.31 45.02 48.51 116.71 117.8
ynao_sd_19600313_0330_gong 11 8 3 2 0 183.08 354.87 75.0 83.93 108.08 270.94
ynao_sd_19600314_0240_gong 14 8 6 3 0 323.58 702.27 102.69 221.09 220.89 481.18
ynao_sd_19600315_0500_gong 24 14 10 5 0 635.3 1148.87 180.72 326.73 454.58 822.14
ynao_sd_19600316_0130_gong 30 20 10 6 0 730.53 1225.3 187.54 305.93 542.99 919.37
ynao_sd_19600317_0240_gong 27 15 12 6 0 734.41 1035.33 242.21 466.07 492.2 569.26
ynao_sd_19600318_0210_gong 19 8 11 5 0 732.92 775.64 141.71 149.81 591.21 625.83
ynao_sd_19600319_0220_gong 30 26 4 5 0 560.73 566.27 218.59 222.21 342.14 344.06
ynao_sd_19600320_0220_gong 26 25 1 1 0 360.27 366.63 170.5 172.17 189.77 194.46
ynao_sd_19600321_0210_gong 8 7 1 1 0 274.54 300.64 78.1 83.78 196.44 216.86
ynao_sd_19600322_0200_gong 14 13 1 1 0 256.85 317.42 85.74 100.88 171.11 216.54
ynao_sd_19600323_0140_chen 11 9 2 2 0 247.84 351.94 122.56 161.66 125.28 190.28
ynao_sd_19600324_0210_gong 13 11 2 2 0 265.08 416.6 102.74 158.1 162.34 258.5
ynao_sd_19600325_0200_gong 36 31 5 3 0 453.0 684.55 214.62 360.2 238.38 324.35
ynao_sd_19600326_0500_gong 33 22 11 4 0 470.22 501.76 211.28 241.86 258.94 259.9
ynao_sd_19600327_0150_gong 27 19 8 6 0 1214.03 1540.73 182.04 201.17 1031.99 1339.56
ynao_sd_19600328_0150_gong 41 24 17 8 0 877.02 930.22 198.03 213.0 678.99 717.22
ynao_sd_19600329_0220_gong 42 32 10 4 0 870.51 1180.86 270.21 472.79 600.3 708.07
ynao_sd_19600330_0220_gong 51 35 16 5 0 812.83 1370.47 283.47 449.03 529.36 921.44
ynao_sd_19600401_0740_gong 37 29 8 3 0 559.77 1130.01 191.75 274.37 368.02 855.64
ynao_sd_19600402_0630_chen 25 20 5 2 0 1017.22 3547.67 173.05 272.97 844.17 3274.7
ynao_sd_19600404_0700_gong 23 16 7 3 0 707.58 880.35 202.33 228.4 505.25 651.95
ynao_sd_19600405_0630_gong 41 33 8 5 0 941.96 1620.35 310.08 437.18 631.88 1183.17
ynao_sd_19600406_0240_gong 37 31 6 4 0 1038.46 1537.1 307.3 431.2 731.16 1105.9
ynao_sd_19600408_0220_gong 38 32 6 4 0 1271.13 1513.4 353.68 445.75 917.45 1067.65
ynao_sd_19600409_0240_chen 22 16 6 4 0 1032.13 1152.13 230.54 289.97 801.59 862.16
ynao_sd_19600410_0240_gong 22 10 12 5 0 1210.02 1561.16 187.69 287.53 1022.33 1273.63
ynao_sd_19600411_0320_gong 24 18 6 5 0 1394.7 2130.37 299.61 458.43 1095.09 1671.94
ynao_sd_19600412_0810_li 35 22 13 9 0 2626.85 4100.34 324.42 449.25 2302.43 3651.09
ynao_sd_19600413_0140_li 26 5 21 8 0 2331.77 3753.78 274.27 362.58 2057.5 3391.2
ynao_sd_19600414_0330_gong 36 19 17 6 0 1277.24 1495.01 247.56 288.54 1029.68 1206.47
ynao_sd_19600415_0740_gong 42 20 22 7 0 1674.69 1839.05 317.35 350.77 1357.34 1488.28
ynao_sd_19600416_0300_chen 41 20 21 9 0 1515.72 1681.29 270.22 348.5 1245.5 1332.79
ynao_sd_19600417_0750_gong 46 35 11 6 0 1033.32 1108.9 306.63 363.33 726.69 745.57
ynao_sd_19600418_0210_gong 19 11 8 3 0 936.97 1012.73 178.72 191.12 758.25 821.61
ynao_sd_19600419_0220_gong 28 18 10 2 0 735.39 902.22 170.65 208.37 564.74 693.85
ynao_sd_19600420_0520_gong 10 8 2 2 0 448.12 667.34 155.53 246.69 292.59 420.65
ynao_sd_19600421_0200_gong 23 22 1 2 0 358.21 644.79 148.75 263.81 209.46 380.98
ynao_sd_19600422_0210_gong 11 9 2 2 0 390.03 749.21 129.88 220.29 260.15 528.92
ynao_sd_19600423_0100_chen 12 5 7 2 0 246.85 289.46 55.85 64.61 191.0 224.85
ynao_sd_19600424_0050_chen 16 13 3 1 0 145.38 154.72 94.22 99.04 51.16 55.68
ynao_sd_19600425_0140_gong 6 5 1 1 0 157.08 327.25 79.02 103.28 78.06 223.97
ynao_sd_19600426_0140_gong 8 5 3 3 0 253.29 420.17 58.29 86.65 195.0 333.52
ynao_sd_19600427_0150_gong 17 15 2 2 0 382.66 500.28 140.22 168.88 242.44 331.4
ynao_sd_19600428_0150_gong 17 16 1 1 0 394.94 455.91 160.22 186.97 234.72 268.94
ynao_sd_19600429_0210_gong 19 11 8 3 0 374.16 402.08 134.45 145.71 239.71 256.37
ynao_sd_19600430_0250_chen 18 13 5 2 0 421.99 448.94 137.66 163.68 284.33 285.26
ynao_sd_19600501_0350_gong 10 8 2 2 0 601.73 1231.42 157.82 232.95 443.91 998.47
ynao_sd_19600505_0150_chen 8 5 3 3 0 768.28 899.56 155.05 184.46 613.23 715.1
ynao_sd_19600506_0200_gong 10 7 3 3 0 883.79 961.7 178.52 232.75 705.27 728.95
ynao_sd_19600507_0200_gong 8 6 2 2 0 845.35 858.66 177.12 183.13 668.23 675.53
ynao_sd_19600511_0740_gong 10 6 4 2 0 687.72 1081.6 137.2 204.42 550.52 877.18
ynao_sd_19600512_0150_gong 7 3 4 2 0 596.29 1038.82 95.78 159.29 500.51 879.53
ynao_sd_19600513_0110_gong 5 2 3 2 0 415.03 750.88 60.91 66.07 354.12 684.81
ynao_sd_19600514_0140_chen 15 11 4 2 0 529.56 1380.84 127.78 310.79 401.78 1070.05
ynao_sd_19600516_0570_gong 16 9 7 3 0 1865.49 3112.9 304.86 541.44 1560.63 2571.46
ynao_sd_19600517_0130_gong 22 12 10 3 0 1982.87 2467.94 356.51 442.87 1626.36 2025.07
ynao_sd_19600522_0700_gong 29 18 11 7 0 2397.49 2811.42 476.75 564.75 1920.74 2246.67
ynao_sd_19600614_0110_gong 19 11 8 5 0 775.01 910.79 162.83 217.56 612.18 693.23
ynao_sd_19600616_0650_gong 23 18 5 3 0 606.03 644.94 170.85 198.28 435.18 446.66
ynao_sd_19600617_0620_gong 6 4 2 3 0 353.05 412.65 55.09 90.68 297.96 321.97
ynao_sd_19600618_0730_li 10 8 2 1 0 276.97 333.1 83.46 103.93 193.51 229.17
ynao_sd_19600619_0655_gong 7 6 1 1 0 209.74 331.35 68.23 133.08 141.51 198.27
ynao_sd_19600620_0720_gong 7 3 4 2 0 338.88 608.11 94.32 133.91 244.56 474.2
ynao_sd_19600621_0200_li 4 3 1 1 0 84.12 211.4 29.5 79.52 54.62 131.88
ynao_sd_19600622_0510_gong 0 0 0 0 0 0 0 0 0 0 0
ynao_sd_19600623_0310_gong 1 1 0 0 0 88.2 166.27 88.2 166.27 0 0
ynao_sd_19600626_0320_gong 2 1 1 1 0 277.2 434.18 54.5 82.82 222.7 351.36
ynao_sd_19600627_0150_gong 8 7 1 1 0 395.9 519.02 108.14 148.06 287.76 370.96
ynao_sd_19600629_0530_gong 17 14 3 2 0 621.35 667.15 182.67 210.36 438.68 456.79
ynao_sd_19600703_0810_gong 13 3 10 5 0 652.78 878.77 109.61 146.06 543.17 732.71
ynao_sd_19600704_0540_gong 8 1 7 5 0 774.29 1261.51 102.35 165.85 671.94 1095.66
ynao_sd_19600710_0220_cheng 6 6 0 0 0 36.85 71.02 36.85 71.02 0 0
ynao_sd_19600711_1000_cheng 2 2 0 0 0 27.09 48.86 27.09 48.86 0 0
ynao_sd_19600712_0150_cheng 0 0 0 0 0 0 0 0 0 0 0
ynao_sd_19600722_0820_cheng 11 9 2 2 0 159.59 279.91 81.41 117.41 78.18 162.5
ynao_sd_19600723_0630_cheng 11 9 2 2 0 234.18 335.93 72.48 91.65 161.7 244.28
ynao_sd_19600724_0700_cheng 11 7 4 2 0 276.13 345.88 78.0 99.23 198.13 246.65
ynao_sd_19600725_0300_cheng 16 10 6 2 0 322.44 378.74 101.15 124.88 221.29 253.86
ynao_sd_19600727_0240_cheng 3 2 1 1 0 257.15 267.29 55.87 58.68 201.28 208.61
ynao_sd_19600801_0640_cheng 1 1 0 1 0 120.73 309.8 59.07 151.59 61.66 158.21
ynao_sd_19600803_0340_cheng 2 2 0 0 0 33.19 54.99 33.19 54.99 0 0
ynao_sd_19600805_0715_li 1 1 0 0 0 26.79 45.52 26.79 45.52 0 0
ynao_sd_19600808_0600_cheng 1 1 0 0 0 5.63 7.7 5.63 7.7 0 0
ynao_sd_19600809_0000_cheng 2 2 0 0 0 27.41 74.22 27.41 74.22 0 0
ynao_sd_19600810_0220_cheng 8 6 2 1 0 1165.68 1505.59 74.11 164.86 1091.57 1340.73
ynao_sd_19600811_0250_cheng 22 12 10 4 0 3011.72 8403.01 201.44 443.61 2810.28 7959.4
ynao_sd_19600812_0900_cheng 44 22 22 11 0 4130.58 7103.02 299.54 431.85 3831.04 6671.17
ynao_sd_19600815_0740_cheng 57 31 26 8 0 3788.38 4332.65 534.19 653.61 3254.19 3679.04
ynao_sd_19600816_0710_cheng 54 23 31 12 0 2058.34 2310.97 391.59 436.6 1666.75 1874.37
ynao_sd_19600817_0040_cheng 57 35 22 11 0 1722.2 1966.61 372.4 421.18 1349.8 1545.43
ynao_sd_19600818_0030_cheng 55 21 34 10 0 1995.78 2570.68 350.14 493.37 1645.64 2077.31
ynao_sd_19600819_0700_cheng 39 16 23 9 0 2514.22 3595.29 466.11 699.58 2048.11 2895.71
ynao_sd_19600820_0630_li 34 13 21 12 0 2150.04 3231.19 351.88 544.78 1798.16 2686.41
ynao_sd_19600821_0140_cheng 42 28 14 7 0 1146.09 1596.24 308.75 453.42 837.34 1142.82
ynao_sd_19600822_0700_cheng 31 14 17 9 0 1015.42 1501.03 174.8 260.06 840.62 1240.97
ynao_sd_19600823_0030_cheng 29 10 19 7 0 917.39 1259.04 216.51 292.86 700.88 966.18
ynao_sd_19600824_0030_cheng 13 8 5 3 0 666.41 738.83 144.66 169.21 521.75 569.62
ynao_sd_19600825_0300_cheng 17 11 6 3 0 585.78 681.47 215.71 259.41 370.07 422.06
ynao_sd_19600826_0340_li 32 15 17 5 0 1224.93 1524.44 284.63 354.26 940.3 1170.18
ynao_sd_19600828_0230_cheng 18 8 10 6 0 797.76 1593.07 177.21 349.02 620.55 1244.05
ynao_sd_19600829_0250_cheng 20 14 6 4 0 447.14 1187.19 142.84 415.92 304.3 771.27
ynao_sd_19600830_0240_cheng 15 13 2 2 0 161.05 200.26 98.36 130.42 62.69 69.84
ynao_sd_19600831_0630_li 11 6 5 3 0 326.02 396.09 84.79 102.33 241.23 293.76
ynao_sd_19600903_0700_li 15 13 2 2 0 248.65 737.1 127.8 316.18 120.85 420.92
ynao_sd_19600904_0430_cheng 2 0 2 1 0 638.9 2657.13 23.7 110.26 615.2 2546.87
ynao_sd_19600905_0300_cheng 2 0 2 1 0 112.69 534.1 18.21 84.39 94.48 449.71
ynao_sd_19600906_0750_cheng 6 4 2 1 0 271.83 568.15 76.52 152.01 195.31 416.14
ynao_sd_19600907_0350_cheng 17 15 2 1 0 438.83 694.89 182.79 279.22 256.04 415.67
ynao_sd_19600908_0050_cheng 20 19 1 1 0 493.82 638.84 186.94 222.51 306.88 416.33
ynao_sd_19600909_0250_cheng 20 13 7 4 0 708.63 801.33 182.3 204.56 526.33 596.77
ynao_sd_19600910_0340_cheng 10 2 8 6 0 842.08 921.15 131.51 144.39 710.57 776.76
ynao_sd_19600913_0740_cheng 35 24 11 9 0 955.28 1331.13 251.06 314.86 704.22 1016.27
ynao_sd_19600916_0030_cheng 20 10 10 4 0 831.75 2199.83 163.73 314.71 668.02 1885.12
ynao_sd_19600917_0120_li 9 4 5 3 0 864.57 1609.23 103.42 207.47 761.15 1401.76
ynao_sd_19600918_0710_cheng 19 8 11 4 0 1532.41 2179.58 256.08 360.94 1276.33 1818.64
ynao_sd_19600919_0030_cheng 20 7 13 4 0 883.55 1588.28 279.78 417.26 603.77 1171.02
ynao_sd_19600920_0100_cheng 25 10 15 5 0 1819.42 2518.43 369.43 591.1 1449.99 1927.33
ynao_sd_19600921_0130_cheng 27 14 13 4 0 1908.74 2351.57 293.27 402.24 1615.47 1949.33
ynao_sd_19600922_0520_li 28 11 17 8 0 2053.06 2499.53 344.51 415.07 1708.55 2084.46
ynao_sd_19600923_0420_li 28 13 15 5 0 1889.43 2305.78 366.3 448.42 1523.13 1857.36
ynao_sd_19600924_0130_li 19 6 13 5 0 1587.84 2044.38 288.65 367.07 1299.19 1677.31
ynao_sd_19600925_0610_li 11 2 9 4 0 1132.4 1720.64 213.17 418.28 919.23 1302.36
ynao_sd_19600926_0600_li 15 7 8 5 0 1012.33 1872.83 215.62 352.78 796.71 1520.05
ynao_sd_19600927_0800_cheng 15 11 4 2 0 482.28 1123.88 127.35 284.41 354.93 839.47
ynao_sd_19600929_0930_li 10 3 7 2 0 265.26 585.58 52.28 97.28 212.98 488.3
ynao_sd_19600930_0240_li 3 2 1 2 0 129.57 387.59 9.22 14.54 120.35 373.05
ynao_sd_19601001_0100_cheng 4 3 1 1 0 79.66 173.94 24.07 47.47 55.59 126.47
ynao_sd_19601002_0840_li 4 4 0 0 0 89.78 522.8 89.78 522.8 0 0
ynao_sd_19601003_0100_li 8 7 1 1 0 139.03 407.78 56.58 125.9 82.45 281.88
ynao_sd_19601004_0130_li 2 1 1 1 0 193.09 411.02 30.25 62.84 162.84 348.18
ynao_sd_19601005_0130_li 3 2 1 1 0 251.93 391.43 36.32 60.68 215.61 330.75
ynao_sd_19601007_0100_li 17 15 2 2 0 450.17 576.65 169.37 250.96 280.8 325.69
ynao_sd_19601012_0500_li 17 11 6 4 0 447.95 802.75 119.65 200.06 328.3 602.69
ynao_sd_19601013_0620_li 10 4 6 2 0 241.07 327.62 93.7 153.6 147.37 174.02
ynao_sd_19601014_0610_cheng 21 12 9 6 0 896.49 1804.76 152.15 246.31 744.34 1558.45
ynao_sd_19601015_0510_li 27 22 5 3 0 842.27 1237.94 230.36 283.59 611.91 954.35
ynao_sd_19601017_0830_cheng 14 7 7 3 0 1259.58 1469.06 143.83 192.49 1115.75 1276.57
ynao_sd_19601021_0100_li 5 1 4 3 0 1098.1 1559.11 64.96 107.43 1033.14 1451.68
ynao_sd_19601022_0540_li 2 0 2 1 0 274.53 318.43 17.39 20.2 257.14 298.23
ynao_sd_19601023_0130_cheng 7 3 4 1 0 231.28 299.59 39.27 49.34 192.01 250.25
ynao_sd_19601024_0100_cheng 4 0 4 1 0 154.5 247.15 20.74 33.17 133.76 213.98
ynao_sd_19601025_0030_cheng 3 2 1 1 0 148.76 330.65 28.49 65.44 120.27 265.21
ynao_sd_19601027_0520_cheng 0 0 0 0 0 0 0 0 0 0 0
ynao_sd_19601028_0130_cheng 1 1 0 0 0 4.7 8.23 4.7 8.23 0 0
ynao_sd_19601029_0030_li 1 1 0 0 0 16.42 23.07 16.42 23.07 0 0
ynao_sd_19601030_0200_li 9 7 2 1 0 121.52 296.89 67.23 171.68 54.29 125.21
ynao_sd_19601102_0600_cheng 5 4 1 1 0 64.92 70.72 29.77 32.59 35.15 38.13
ynao_sd_19601103_0440_li 3 1 2 1 0 40.71 42.05 13.2 13.65 27.51 28.4
ynao_sd_19601105_0745_li 2 2 0 0 0 9.06 15.19 9.06 15.19 0 0
ynao_sd_19601106_0350_cheng 9 6 3 2 0 183.86 490.39 66.1 121.21 117.76 369.18
ynao_sd_19601107_0120_cheng 12 9 3 2 0 202.63 373.34 95.37 152.35 107.26 220.99
ynao_sd_19601108_0120_li 11 7 4 3 0 320.53 534.93 162.85 328.8 157.68 206.13
ynao_sd_19601109_0110_li 23 11 12 6 0 484.55 603.9 128.23 157.76 356.32 446.14
ynao_sd_19601110_0050_cheng 16 6 10 5 0 516.27 591.08 84.04 94.9 432.23 496.18
ynao_sd_19601111_0100_li 26 16 10 4 0 728.7 797.53 229.18 268.4 499.52 529.13
ynao_sd_19601112_0050_li 20 13 7 3 0 598.97 615.34 149.35 156.05 449.62 459.29
ynao_sd_19601113_0200_cheng 22 11 11 4 0 1107.12 1186.83 187.75 207.46 919.37 979.37
ynao_sd_19601114_0120_li 9 2 7 3 0 248.15 290.01 41.54 47.55 206.61 242.46
ynao_sd_19601115_0100_li 4 1 3 2 0 238.47 327.01 32.35 43.38 206.12 283.63
ynao_sd_19601116_0110_li 4 1 3 2 0 134.33 242.73 15.54 25.04 118.79 217.69
ynao_sd_19601117_0300_li 2 2 0 0 0 25.21 41.86 25.21 41.86 0 0
ynao_sd_19601118_0130_li 1 1 0 0 0 33.57 59.59 33.57 59.59 0 0
ynao_sd_19601119_0100_li 0 0 0 0 0 0 0 0 0 0 0
ynao_sd_19601121_0130_li 1 1 0 0 0 6.6 7.3 6.6 7.3 0 0
ynao_sd_19601122_0120_cheng 4 4 0 0 0 107.17 144.34 107.17 144.34 0 0
ynao_sd_19601123_0110_cheng 2 2 0 0 0 20.59 45.84 20.59 45.84 0 0
ynao_sd_19601124_0120_cheng 4 4 0 0 0 73.31 114.4 73.31 114.4 0 0
ynao_sd_19601125_0110_cheng 7 7 0 0 0 40.48 55.51 40.48 55.51 0 0
ynao_sd_19601126_0740_li 8 5 3 2 0 114.23 133.56 40.15 46.6 74.08 86.96
ynao_sd_19601127_0150_cheng 9 6 3 2 0 170.07 191.01 96.76 111.82 73.31 79.19
ynao_sd_19601128_0100_cheng 11 5 6 3 0 155.39 477.3 55.27 178.11 100.12 299.19
ynao_sd_19601129_0200_cheng 7 2 5 2 0 206.35 390.32 51.03 79.12 155.32 311.2
ynao_sd_19601201_0530_li 6 2 4 1 0 548.85 646.28 120.33 150.55 428.52 495.73
ynao_sd_19601202_0110_cheng 13 7 6 1 0 464.55 502.59 118.48 132.99 346.07 369.6
ynao_sd_19601203_0530_li 11 6 5 1 0 540.35 759.13 170.25 384.87 370.1 374.26
ynao_sd_19601209_0530_li 10 4 6 4 0 749.15 1354.71 94.7 179.23 654.45 1175.48
ynao_sd_19601210_0110_li 13 7 6 3 0 660.33 822.61 109.66 149.27 550.67 673.34
ynao_sd_19601211_0310_cheng 12 7 5 5 0 714.4 833.31 135.89 169.92 578.51 663.39
ynao_sd_19601212_0200_li 7 3 4 3 0 748.43 869.44 171.7 225.71 576.73 643.73
ynao_sd_19601213_0120_li 15 12 3 2 0 673.73 746.98 157.84 179.6 515.89 567.38
ynao_sd_19601214_0120_cheng 9 5 4 1 0 509.79 561.27 108.96 143.92 400.83 417.35
ynao_sd_19601215_0630_li 10 7 3 3 0 519.11 584.19 78.43 85.5 440.68 498.69
ynao_sd_19601216_0330_li 18 10 8 3 0 706.06 821.48 159.67 183.35 546.39 638.13
ynao_sd_19601217_0130_li 9 4 5 3 0 624.54 809.77 107.99 142.5 516.55 667.27
ynao_sd_19601220_0520_li 15 11 4 3 0 170.59 290.15 68.03 123.75 102.56 166.4
ynao_sd_19601221_0400_li 12 11 1 2 0 639.62 2309.24 127.74 171.5 511.88 2137.74
ynao_sd_19601222_0120_li 3 1 2 3 0 166.93 186.32 25.22 28.29 141.71 158.03
ynao_sd_19601223_0130_cheng 5 4 1 1 0 43.79 53.52 23.68 29.46 20.11 24.06
ynao_sd_19601224_0150_li 3 3 0 0 0 33.04 48.43 33.04 48.43 0 0
ynao_sd_19601225_0220_cheng 3 2 1 1 0 92.91 213.38 51.7 76.12 41.21 137.26
ynao_sd_19601226_0140_cheng 4 3 1 1 0 85.43 149.07 35.38 52.66 50.05 96.41
ynao_sd_19601227_0110_li 2 1 1 1 0 97.22 137.47 11.62 17.49 85.6 119.98
ynao_sd_19601228_0100_li 4 1 3 2 0 719.47 1239.25 21.09 29.82 698.38 1209.43
ynao_sd_19601230_0650_cheng 6 4 2 1 0 87.69 99.68 40.5 52.19 47.19 47.49
ynao_sd_19601231_0420_cheng 9 8 1 1 0 94.78 120.4 46.81 71.48 47.97 48.92
