ynao_sd_19610101_0220_li 6 6 0 0 0 106.12 129.66 106.12 129.66 0 0
ynao_sd_19610102_0310_li 7 6 1 1 0 127.43 309.11 90.45 254.83 36.98 54.28
ynao_sd_19610103_0110_li 3 2 1 1 0 33.4 40.27 20.49 24.66 12.91 15.61
ynao_sd_19610104_0120_li 2 2 0 0 0 28.24 45.55 28.24 45.55 0 0
ynao_sd_19610105_0700_li 2 2 0 0 0 75.26 93.88 75.26 93.88 0 0
ynao_sd_19610106_0440_li 1 1 0 0 0 4.73 4.85 4.73 4.85 0 0
ynao_sd_19610107_0120_li 1 0 1 1 0 35.33 78.93 6.22 13.97 29.11 64.96
ynao_sd_19610108_0120_chen 9 8 1 0 0 77.98 123.7 82.33 130.55 4.35 6.85
ynao_sd_19610109_0120_li 8 5 3 2 0 701.93 1007.16 67.45 86.81 634.48 920.35
ynao_sd_19610110_0140_li 11 4 7 2 0 127.17 141.02 50.86 57.41 76.31 83.61
ynao_sd_19610111_0740_li 9 6 3 1 0 235.34 239.48 67.48 69.03 167.86 170.45
ynao_sd_19610112_0220_li 4 1 3 1 0 184.36 186.41 30.45 30.8 153.91 155.61
ynao_sd_19610115_0640_chen 4 4 0 0 0 20.11 27.01 20.11 27.01 0 0
ynao_sd_19610116_0440_li 4 3 1 1 0 70.46 130.7 32.58 63.0 37.88 67.7
ynao_sd_19610117_0150_li 12 10 2 1 0 164.3 235.06 99.78 143.37 64.52 91.69
ynao_sd_19610118_0120_li 7 6 1 2 0 263.16 393.08 82.63 124.27 180.53 268.81
ynao_sd_19610119_0110_li 17 14 3 1 0 302.93 368.83 219.43 310.61 83.5 58.22
ynao_sd_19610120_0650_li 16 12 4 4 0 229.77 247.12 78.72 85.85 151.05 161.27
ynao_sd_19610121_0200_li 17 15 2 1 0 96.48 108.63 74.76 83.05 21.72 25.58
ynao_sd_19610122_0120_chen 12 12 0 0 0 118.13 157.01 118.13 157.01 0 0
ynao_sd_19610123_0150_li 10 10 0 0 0 45.21 64.55 45.21 64.55 0 0
ynao_sd_19610124_0255_li 4 4 0 0 0 69.03 103.83 69.03 103.83 0 0
ynao_sd_19610125_0440_li 2 2 0 0 0 50.27 54.52 50.27 54.52 0 0
ynao_sd_19610126_0120_li 2 2 0 0 0 13.39 44.96 13.39 44.96 0 0
ynao_sd_19610127_0140_li 9 9 0 0 0 103.79 165.3 103.79 165.3 0 0
ynao_sd_19610128_0230_chen 5 5 0 0 0 24.67 37.36 24.67 37.36 0 0
ynao_sd_19610129_0220_chen 4 4 0 0 0 29.9 37.96 29.9 37.96 0 0
ynao_sd_19610130_0240_li 0 0 0 0 0 0 0 0 0 0 0
ynao_sd_19610202_0310_li 3 2 1 2 0 930.19 1585.39 95.33 153.46 834.86 1431.93
ynao_sd_19610205_0140_gong 5 4 1 1 0 189.69 206.74 50.62 61.85 139.07 144.89
ynao_sd_19610206_0210_li 5 3 2 1 0 158.65 163.57 36.88 41.49 121.77 122.08
ynao_sd_19610207_0110_li 10 8 2 1 0 182.44 217.91 58.67 92.58 123.77 125.33
ynao_sd_19610208_0110_li 6 2 4 2 0 220.12 236.02 58.65 63.45 161.47 172.57
ynao_sd_19610209_0140_li 7 5 2 1 0 146.97 179.33 35.28 42.62 111.69 136.71
ynao_sd_19610210_0100_li 10 8 2 1 0 86.2 114.6 35.91 40.17 50.29 74.43
ynao_sd_19610211_0100_li 9 9 0 0 0 59.54 80.62 59.54 80.62 0 0
ynao_sd_19610212_0540_chen 2 2 0 0 0 22.89 23.38 22.89 23.38 0 0
ynao_sd_19610213_0820_li 1 1 0 0 0 5.38 5.99 5.38 5.99 0 0
ynao_sd_19610217_0900_li 1 1 0 0 0 3.55 13.13 3.55 13.13 0 0
ynao_sd_19610218_0350_li 1 1 0 0 0 16.35 44.68 16.35 44.68 0 0
ynao_sd_19610219_0140_li 1 0 1 1 0 37.78 69.35 4.01 7.33 33.77 62.02
ynao_sd_19610220_0150_chen 5 5 0 0 0 23.49 33.97 23.49 33.97 0 0
ynao_sd_19610221_0730_li 6 6 0 0 0 43.62 52.24 43.62 52.24 0 0
ynao_sd_19610222_0110_li 7 7 0 0 0 39.7 55.58 39.7 55.58 0 0
ynao_sd_19610228_0120_li 3 2 1 0 0 7.88 13.93 10.97 19.4 3.09 5.47
ynao_sd_19610301_0640_li 1 1 0 0 0 24.49 31.16 24.49 31.16 0 0
ynao_sd_19610302_0055_li 3 3 0 0 0 23.6 32.73 23.6 32.73 0 0
ynao_sd_19610303_0150_li 4 4 0 0 0 22.55 41.29 22.55 41.29 0 0
ynao_sd_19610304_0640_li 3 3 0 0 0 17.47 33.06 17.47 33.06 0 0
ynao_sd_19610305_0100_li 0 0 0 0 0 0 0 0 0 0 0
ynao_sd_19610306_0050_li 6 5 1 0 0 45.16 69.97 53.59 82.45 8.43 12.48
ynao_sd_19610307_0110_chen 5 5 0 0 0 32.81 33.39 32.81 33.39 0 0
ynao_sd_19610308_0200_li 1 1 0 0 0 4.36 4.39 4.36 4.39 0 0
ynao_sd_19610309_0100_li 7 5 2 1 0 99.46 278.09 49.66 138.39 49.8 139.7
ynao_sd_19610310_0130_li 5 2 3 2 0 175.43 309.19 29.36 52.62 146.07 256.57
ynao_sd_19610311_0100_li 4 0 4 4 0 624.23 1225.5 25.0 33.46 599.23 1192.04
ynao_sd_19610312_0200_chen 5 2 3 2 0 242.93 282.15 43.92 55.52 199.01 226.63
ynao_sd_19610313_0635_li 6 5 1 1 0 401.26 422.88 170.9 186.36 230.36 236.52
ynao_sd_19610314_0110_li 7 6 1 1 0 334.85 346.48 100.28 111.59 234.57 234.89
ynao_sd_19610315_0935_li 3 1 2 1 0 188.31 194.49 30.17 31.16 158.14 163.33
ynao_sd_19610316_0320_li 5 2 3 2 0 257.46 289.61 46.32 53.98 211.14 235.63
ynao_sd_19610317_0140_li 6 5 1 1 0 200.86 243.22 47.76 56.05 153.1 187.17
ynao_sd_19610318_0110_li 6 4 2 2 0 478.42 1986.04 35.91 82.85 442.51 1903.19
ynao_sd_19610319_0300_chen 4 3 1 1 0 107.24 205.57 40.4 64.78 66.84 140.79
ynao_sd_19610320_0150_li 1 1 0 0 0 34.74 113.39 34.74 113.39 0 0
ynao_sd_19610321_0100_li 1 1 0 0 0 8.84 45.28 8.84 45.28 0 0
ynao_sd_19610322_0050_li 4 4 0 0 0 125.66 139.87 125.66 139.87 0 0
ynao_sd_19610323_0650_li 0 0 0 0 0 0 0 0 0 0 0
ynao_sd_19610324_0055_li 2 2 0 0 0 10.22 22.1 10.22 22.1 0 0
ynao_sd_19610325_0200_li 1 1 0 0 0 11.25 13.58 11.25 13.58 0 0
ynao_sd_19610328_0200_li 16 10 6 2 0 373.84 733.15 151.49 362.94 222.35 370.21
ynao_sd_19610329_0140_li 25 16 9 4 0 563.4 809.49 141.93 215.17 421.47 594.32
ynao_sd_19610330_0705_li 14 5 9 6 0 653.2 873.9 95.41 119.81 557.79 754.09
ynao_sd_19610331_0940_li 14 5 9 7 0 721.97 865.09 109.86 178.58 612.11 686.51
ynao_sd_19610401_0525_li 13 3 10 6 0 729.8 777.68 67.24 70.77 662.56 706.91
ynao_sd_19610402_0200_cheng 20 13 7 5 0 525.14 550.58 127.16 134.74 397.98 415.84
ynao_sd_19610403_0625_li 9 3 6 5 0 1353.31 3563.36 118.94 235.85 1234.37 3327.51
ynao_sd_19610404_0050_li 13 9 4 3 0 1471.14 2988.68 104.86 134.97 1366.28 2853.71
ynao_sd_19610405_0100_li 16 12 4 4 0 429.25 594.1 94.64 121.02 334.61 473.08
ynao_sd_19610406_0050_li 12 6 6 4 0 382.86 559.68 84.39 115.55 298.47 444.13
ynao_sd_19610407_0055_li 7 4 3 2 0 889.15 1899.64 156.2 283.51 732.95 1616.13
ynao_sd_19610408_0100_li 7 6 1 1 0 234.23 332.81 82.23 176.77 152.0 156.04
ynao_sd_19610409_0210_cheng 5 1 4 2 0 707.12 2692.14 84.25 143.78 622.87 2548.36
ynao_sd_19610410_0100_cheng 6 2 4 1 0 193.98 244.41 53.57 100.59 140.41 143.82
ynao_sd_19610411_0050_li 1 0 1 1 0 151.19 167.83 15.61 17.34 135.58 150.49
ynao_sd_19610412_0130_li 1 0 1 1 0 104.68 134.39 9.76 12.54 94.92 121.85
ynao_sd_19610413_0100_li 2 1 1 1 0 69.37 109.19 14.36 20.27 55.01 88.92
ynao_sd_19610414_0130_li 3 1 2 1 0 44.07 98.17 23.61 48.5 20.46 49.67
ynao_sd_19610415_0500_li 6 6 0 0 0 28.01 30.53 28.01 30.53 0 0
ynao_sd_19610416_0330_cheng 6 6 0 0 0 38.89 98.84 38.89 98.84 0 0
ynao_sd_19610417_0130_li 4 4 0 0 0 27.3 69.61 27.3 69.61 0 0
ynao_sd_19610418_0100_li 5 5 0 0 0 29.16 51.13 29.16 51.13 0 0
ynao_sd_19610419_0050_li 6 6 0 0 0 31.56 46.61 31.56 46.61 0 0
ynao_sd_19610420_0120_cheng 5 4 1 0 0 32.33 57.47 41.13 69.02 8.8 11.55
ynao_sd_19610421_0050_li 3 2 1 1 0 867.36 1096.83 155.91 295.53 711.45 801.3
ynao_sd_19610422_0050_li 2 2 0 0 0 47.82 55.0 47.82 55.0 0 0
ynao_sd_19610423_0015_li 2 2 0 0 0 25.05 33.9 25.05 33.9 0 0
ynao_sd_19610424_0050_li 2 1 1 0 0 11.58 11.88 24.71 100.92 13.13 89.04
ynao_sd_19610425_0100_cheng 6 2 4 1 0 90.69 237.98 58.74 159.22 31.95 78.76
ynao_sd_19610426_0800_cheng 14 9 5 3 0 209.97 358.2 84.67 143.95 125.3 214.25
ynao_sd_19610427_0700_cheng 21 20 1 1 0 219.91 298.4 179.8 245.36 40.11 53.04
ynao_sd_19610428_0140_cheng 19 13 6 4 0 441.55 526.23 128.91 152.87 312.64 373.36
ynao_sd_19610429_0440_li 10 6 4 4 0 352.06 396.69 97.71 125.98 254.35 270.71
ynao_sd_19610501_0310_cheng 32 25 7 3 0 368.71 373.45 154.8 156.54 213.91 216.91
ynao_sd_19610502_0120_cheng 3 0 3 2 0 118.7 126.53 14.81 15.79 103.89 110.74
ynao_sd_19610504_0640_cheng 5 4 1 0 0 21.04 28.93 31.74 45.2 10.7 16.27
ynao_sd_19610505_1030_li 2 2 0 0 0 11.45 19.15 11.45 19.15 0 0
ynao_sd_19610506_0145_li 4 4 0 0 0 82.01 113.48 82.01 113.48 0 0
ynao_sd_19610507_0050_li 1 1 0 0 0 40.35 74.63 40.35 74.63 0 0
ynao_sd_19610508_0400_li 0 0 0 0 0 0 0 0 0 0 0
ynao_sd_19610509_0215_li 1 1 0 0 0 6.33 7.5 6.33 7.5 0 0
ynao_sd_19610510_0930_cheng 0 0 0 0 0 0 0 0 0 0 0
ynao_sd_19610511_0635_li 1 1 0 0 0 5.08 6.11 5.08 6.11 0 0
ynao_sd_19610512_0040_li 2 2 0 0 0 10.9 13.35 10.9 13.35 0 0
ynao_sd_19610513_0100_li 1 1 0 0 0 6.17 9.54 6.17 9.54 0 0
ynao_sd_19610514_0250_cheng 1 1 0 0 0 6.75 33.3 6.75 33.3 0 0
ynao_sd_19610515_0130_li 1 1 0 0 0 8.1 8.21 8.1 8.21 0 0
ynao_sd_19610516_0100_li 2 2 0 0 0 16.93 23.6 16.93 23.6 0 0
ynao_sd_19610517_0050_li 2 2 0 0 0 14.39 15.69 14.39 15.69 0 0
ynao_sd_19610518_0250_li 2 2 0 0 0 34.8 121.82 34.8 121.82 0 0
ynao_sd_19610519_0040_li 2 2 0 0 0 10.68 10.8 10.68 10.8 0 0
ynao_sd_19610520_0210_li 2 2 0 0 0 9.29 10.83 9.29 10.83 0 0
ynao_sd_19610521_0200_cheng 5 4 1 0 0 25.94 30.56 29.25 34.96 3.31 4.4
ynao_sd_19610525_1010_li 0 0 0 0 0 0 0 0 0 0 0
ynao_sd_19610527_0300_li 1 1 0 0 0 14.61 17.35 14.61 17.35 0 0
ynao_sd_19610531_0610_li 1 1 0 0 0 7.47 9.26 7.47 9.26 0 0
ynao_sd_19610601_0450_li 2 2 0 0 0 11.29 20.69 11.29 20.69 0 0
ynao_sd_19610602_0120_li 7 6 1 1 0 56.15 104.81 26.1 36.08 30.05 68.73
ynao_sd_19610603_0350_li 13 10 3 1 0 269.28 622.38 173.74 472.59 95.54 149.79
ynao_sd_19610604_0200_cheng 8 3 5 2 0 299.52 370.03 57.43 69.17 242.09 300.86
ynao_sd_19610605_0100_li 9 4 5 3 0 265.55 291.12 44.86 52.67 220.69 238.45
ynao_sd_19610606_0100_li 7 4 3 2 0 206.53 211.12 45.32 48.18 161.21 162.94
ynao_sd_19610608_0050_li 6 2 4 2 0 216.82 237.16 37.12 40.32 179.7 196.84
ynao_sd_19610609_0540_li 5 1 4 2 0 118.52 154.61 23.86 30.39 94.66 124.22
ynao_sd_19610612_0230_li 9 6 3 1 0 1139.83 4416.34 60.43 200.42 1079.4 4215.92
ynao_sd_19610613_0200_li 9 4 5 3 0 836.59 1753.98 88.42 209.8 748.17 1544.18
ynao_sd_19610614_0430_li 20 7 13 4 0 727.5 1196.11 143.12 226.07 584.38 970.04
ynao_sd_19610616_0740_li 33 16 17 6 0 1184.83 1475.29 237.73 284.2 947.1 1191.09
ynao_sd_19610617_0130_li 28 12 16 7 0 2127.85 2426.58 226.87 274.05 1900.98 2152.53
ynao_sd_19610618_0030_cheng 41 29 12 6 1 1066.21 1184.76 277.27 327.8 788.94 856.96
ynao_sd_19610619_0030_li 27 18 9 5 0 1499.32 1639.87 250.98 286.37 1248.34 1353.5
ynao_sd_19610620_0100_li 14 6 8 3 0 912.69 1091.39 165.96 225.61 746.73 865.78
ynao_sd_19610621_0115_li 11 1 10 3 0 604.27 768.77 104.6 183.62 499.67 585.15
ynao_sd_19610622_0030_li 4 2 2 2 0 401.58 504.3 67.55 89.57 334.03 414.73
ynao_sd_19610623_0230_cheng 6 3 3 1 0 254.19 327.93 63.41 116.88 190.78 211.05
ynao_sd_19610624_0110_li 2 1 1 1 0 201.95 278.43 27.3 49.11 174.65 229.32
ynao_sd_19610625_0230_cheng 3 1 2 1 0 77.69 134.55 14.72 25.32 62.97 109.23
ynao_sd_19610626_0150_cheng 7 6 1 1 0 729.81 1808.98 61.84 109.99 667.97 1698.99
ynao_sd_19610628_0420_li 5 4 1 1 0 43.43 71.14 30.08 48.12 13.35 23.02
ynao_sd_19610629_0735_li 2 2 0 0 0 10.84 14.62 10.84 14.62 0 0
ynao_sd_19610630_0120_li 3 2 1 1 0 38.93 45.72 15.38 18.0 23.55 27.72
ynao_sd_19610701_0100_li 2 2 0 0 0 7.06 11.12 7.06 11.12 0 0
ynao_sd_19610702_0210_cheng 1 1 0 0 0 9.26 9.66 9.26 9.66 0 0
ynao_sd_19610705_0615_li 0 0 0 0 0 0 0 0 0 0 0
ynao_sd_19610707_0205_li 3 3 0 0 0 29.85 33.4 29.85 33.4 0 0
ynao_sd_19610709_0750_cheng 14 14 0 0 0 55.89 127.58 55.89 127.58 0 0
ynao_sd_19610715_0200_li 18 9 9 3 0 1922.47 2090.54 263.47 357.53 1659.0 1733.01
ynao_sd_19610716_0200_cheng 42 24 18 5 0 1719.47 2011.64 322.29 415.61 1397.18 1596.03
ynao_sd_19610717_0150_cheng 28 14 14 5 0 1118.42 1495.94 192.47 257.31 925.95 1238.63
ynao_sd_19610718_0235_li 10 1 9 4 0 516.85 891.94 82.87 141.33 433.98 750.61
ynao_sd_19610719_0020_li 9 5 4 2 0 159.52 377.91 79.27 151.38 80.25 226.53
ynao_sd_19610720_0040_li 2 2 0 0 0 10.94 11.41 10.94 11.41 0 0
ynao_sd_19610721_0740_li 3 2 1 1 0 70.94 93.9 21.08 42.46 49.86 51.44
ynao_sd_19610722_0150_li 2 2 0 0 0 29.08 31.92 29.08 31.92 0 0
ynao_sd_19610723_0200_cheng 1 1 0 0 0 12.03 14.82 12.03 14.82 0 0
ynao_sd_19610724_0120_li 0 0 0 0 0 0 0 0 0 0 0
ynao_sd_19610725_0050_li 0 0 0 0 0 0 0 0 0 0 0
ynao_sd_19610801_0050_li 1 1 0 0 0 8.26 10.34 8.26 10.34 0 0
ynao_sd_19610803_0740_li 1 1 0 0 0 9.31 32.92 9.31 32.92 0 0
ynao_sd_19610804_0100_li 5 5 0 0 0 33.95 62.71 33.95 62.71 0 0
ynao_sd_19610805_0240_li 1 1 0 0 0 7.4 9.89 7.4 9.89 0 0
ynao_sd_19610807_0400_li 0 0 0 0 0 0 0 0 0 0 0
ynao_sd_19610809_0730_li 1 1 0 0 0 5.31 6.43 5.31 6.43 0 0
ynao_sd_19610810_0540_li 1 1 0 0 0 11.07 20.32 11.07 20.32 0 0
ynao_sd_19610811_0650_li 4 4 0 0 0 22.0 42.94 22.0 42.94 0 0
ynao_sd_19610812_0620_li 5 4 1 1 0 81.02 116.62 43.01 56.62 38.01 60.0
ynao_sd_19610813_0900_cheng 7 7 0 0 0 63.08 118.88 63.08 118.88 0 0
ynao_sd_19610815_0010_li 6 6 0 0 0 32.64 50.61 32.64 50.61 0 0
ynao_sd_19610816_0220_li 7 7 0 0 0 40.55 56.16 40.55 56.16 0 0
ynao_sd_19610817_0420_li 3 3 0 0 0 28.64 39.49 28.64 39.49 0 0
ynao_sd_19610820_1030_li 1 1 0 0 0 4.88 6.86 4.88 6.86 0 0
ynao_sd_19610821_0040_li 3 3 0 0 0 68.18 86.38 68.18 86.38 0 0
ynao_sd_19610822_0120_li 2 2 0 0 0 13.93 26.5 13.93 26.5 0 0
ynao_sd_19610823_0100_li 4 4 0 0 0 35.63 58.12 35.63 58.12 0 0
ynao_sd_19610824_0100_li 3 3 0 0 0 35.73 113.11 35.73 113.11 0 0
ynao_sd_19610825_0210_li 2 2 0 0 0 15.24 17.37 15.24 17.37 0 0
ynao_sd_19610826_0100_li 1 1 0 0 0 6.26 6.8 6.26 6.8 0 0
ynao_sd_19610827_0720_cheng 0 0 0 0 0 0 0 0 0 0 0
ynao_sd_19610828_0100_li 0 0 0 0 0 0 0 0 0 0 0
ynao_sd_19610830_0140_li 0 0 0 0 0 0 0 0 0 0 0
ynao_sd_19610831_0820_li 0 0 0 0 0 0 0 0 0 0 0
ynao_sd_19610901_0130_li 1 1 0 0 0 4.68 5.21 4.68 5.21 0 0
ynao_sd_19610902_0100_li 0 0 0 0 0 0 0 0 0 0 0
ynao_sd_19610903_0750_cheng 1 1 0 0 0 16.85 26.23 16.85 26.23 0 0
ynao_sd_19610904_0100_li 2 2 0 0 0 9.02 15.41 9.02 15.41 0 0
ynao_sd_19610905_0120_li 0 0 0 0 0 0 0 0 0 0 0
ynao_sd_19610906_0120_li 0 0 0 0 0 0 0 0 0 0 0
ynao_sd_19610907_0110_li 0 0 0 0 0 0 0 0 0 0 0
ynao_sd_19610908_0030_li 1 1 0 0 0 5.24 6.84 5.24 6.84 0 0
ynao_sd_19610909_0100_li 4 3 1 0 0 16.88 98.91 24.65 131.15 7.77 32.24
ynao_sd_19610910_0250_cheng 15 7 8 3 0 425.16 1113.65 88.19 206.99 336.97 906.66
ynao_sd_19610911_0100_li 21 11 10 4 0 636.24 1114.17 152.61 256.52 483.63 857.65
ynao_sd_19610914_0450_li 21 9 12 6 0 726.91 774.65 120.01 130.01 606.9 644.64
ynao_sd_19610915_0110_li 20 16 4 4 0 654.72 689.89 196.8 209.3 457.92 480.59
ynao_sd_19610916_0310_li 11 2 9 4 0 729.96 803.02 102.78 114.51 627.18 688.51
ynao_sd_19610917_0720_li 10 4 6 3 0 462.66 583.25 72.49 92.27 390.17 490.98
ynao_sd_19610918_0750_li 13 8 5 1 0 167.82 275.48 51.45 78.88 116.37 196.6
ynao_sd_19610919_0700_cheng 2 1 1 1 0 79.42 189.46 8.02 16.13 71.4 173.33
ynao_sd_19610924_0500_cheng 1 1 0 0 0 5.41 8.07 5.41 8.07 0 0
ynao_sd_19610925_0030_cheng 1 1 0 0 0 47.74 67.17 47.74 67.17 0 0
ynao_sd_19610926_0840_cheng 1 1 0 0 0 4.34 8.17 4.34 8.17 0 0
ynao_sd_19610927_0225_li 1 1 0 0 0 4.72 13.24 4.72 13.24 0 0
ynao_sd_19610928_0240_li 1 1 0 0 0 13.52 19.12 13.52 19.12 0 0
ynao_sd_19610929_0150_li 0 0 0 0 0 0 0 0 0 0 0
ynao_sd_19611002_0850_cheng 0 0 0 0 0 0 0 0 0 0 0
ynao_sd_19611003_0640_cheng 4 4 0 0 0 56.46 81.75 56.46 81.75 0 0
ynao_sd_19611004_0550_li 7 7 0 0 0 87.41 97.74 87.41 97.74 0 0
ynao_sd_19611005_0450_li 4 4 0 0 0 15.22 16.85 15.22 16.85 0 0
ynao_sd_19611006_0900_li 11 10 1 1 0 89.32 124.39 67.38 96.14 21.94 28.25
ynao_sd_19611007_0820_li 6 6 0 0 0 21.37 32.66 21.37 32.66 0 0
ynao_sd_19611009_0300_li 1 1 0 0 0 7.91 17.36 7.91 17.36 0 0
ynao_sd_19611011_0640_li 1 1 0 0 0 7.03 8.18 7.03 8.18 0 0
ynao_sd_19611012_0120_li 3 3 0 0 0 89.64 92.19 89.64 92.19 0 0
ynao_sd_19611013_0050_li 5 4 1 2 0 209.85 228.92 31.47 35.22 178.38 193.7
ynao_sd_19611014_0100_li 3 1 2 2 0 198.74 243.59 30.2 36.28 168.54 207.31
ynao_sd_19611015_0150_cheng 5 4 1 1 0 182.14 277.25 44.55 64.75 137.59 212.5
ynao_sd_19611017_0150_li 1 0 1 0 0 0 0 4.35 18.23 4.35 18.23
ynao_sd_19611018_0120_li 2 2 0 0 0 12.04 12.69 12.04 12.69 0 0
ynao_sd_19611019_0100_li 3 3 0 0 0 16.9 51.64 16.9 51.64 0 0
ynao_sd_19611020_0835_li 6 6 0 0 0 46.05 73.9 46.05 73.9 0 0
ynao_sd_19611023_0720_li 3 3 0 0 0 15.77 16.85 15.77 16.85 0 0
ynao_sd_19611024_0320_li 1 1 0 0 0 5.24 6.85 5.24 6.85 0 0
ynao_sd_19611025_0600_li 6 6 0 0 0 34.34 38.18 34.34 38.18 0 0
ynao_sd_19611026_0200_li 0 0 0 0 0 0 0 0 0 0 0
ynao_sd_19611027_0030_li 0 0 0 0 0 0 0 0 0 0 0
ynao_sd_19611028_0140_li 0 0 0 0 0 0 0 0 0 0 0
ynao_sd_19611029_0640_cheng 3 3 0 0 0 20.78 32.93 20.78 32.93 0 0
ynao_sd_19611030_0140_li 0 0 0 0 0 0 0 0 0 0 0
ynao_sd_19611031_0100_li 1 1 0 0 0 7.35 7.66 7.35 7.66 0 0
ynao_sd_19611101_0120_li 3 3 0 0 0 23.56 31.49 23.56 31.49 0 0
ynao_sd_19611102_0140_li 0 0 0 0 0 0 0 0 0 0 0
ynao_sd_19611106_0230_li 1 1 0 0 0 42.65 43.79 42.65 43.79 0 0
ynao_sd_19611107_0900_li 4 4 0 0 0 33.47 42.64 33.47 42.64 0 0
ynao_sd_19611110_0130_li 5 2 3 1 0 154.95 187.71 24.68 29.75 130.27 157.96
ynao_sd_19611111_0110_li 2 1 1 1 0 68.01 99.5 15.3 22.1 52.71 77.4
ynao_sd_19611112_0230_chen 4 3 1 1 0 83.69 171.86 30.25 65.4 53.44 106.46
ynao_sd_19611114_0325_li 0 0 0 0 0 0 0 0 0 0 0
ynao_sd_19611115_0125_li 4 4 0 0 0 55.94 101.26 55.94 101.26 0 0
ynao_sd_19611116_0220_chen 2 2 0 0 0 18.09 30.26 18.09 30.26 0 0
ynao_sd_19611117_0220_chen 2 2 0 0 0 10.13 23.39 10.13 23.39 0 0
ynao_sd_19611118_0050_li 1 1 0 0 0 44.79 51.04 44.79 51.04 0 0
ynao_sd_19611119_0800_chen 0 0 0 0 0 0 0 0 0 0 0
ynao_sd_19611120_0200_chen 0 0 0 0 0 0 0 0 0 0 0
ynao_sd_19611121_0200_chen 0 0 0 0 0 0 0 0 0 0 0
ynao_sd_19611122_0110_li 2 2 0 0 0 111.45 170.99 111.45 170.99 0 0
ynao_sd_19611123_0120_li 0 0 0 0 0 0 0 0 0 0 0
ynao_sd_19611124_0330_li 2 2 0 0 0 51.26 59.22 51.26 59.22 0 0
ynao_sd_19611126_0210_chen 0 0 0 0 0 0 0 0 0 0 0
ynao_sd_19611127_0100_li 0 0 0 0 0 0 0 0 0 0 0
ynao_sd_19611128_0115_li 3 3 0 0 0 41.54 89.04 41.54 89.04 0 0
ynao_sd_19611129_0130_li 2 1 1 1 0 61.23 94.08 19.94 29.46 41.29 64.62
ynao_sd_19611130_0110_li 3 1 2 1 0 54.33 68.29 26.42 33.35 27.91 34.94
ynao_sd_19611201_0100_li 3 3 0 0 0 37.43 42.91 37.43 42.91 0 0
ynao_sd_19611202_0100_li 5 5 0 0 0 25.44 26.23 25.44 26.23 0 0
ynao_sd_19611203_0210_chen 3 3 0 0 0 10.3 10.47 10.3 10.47 0 0
ynao_sd_19611204_0100_li 0 0 0 0 0 0 0 0 0 0 0
ynao_sd_19611209_0110_li 1 1 0 0 0 55.33 69.82 55.33 69.82 0 0
ynao_sd_19611210_0140_li 4 4 0 0 0 47.18 173.72 47.18 173.72 0 0
ynao_sd_19611211_0130_li 1 1 0 0 0 6.48 8.62 6.48 8.62 0 0
ynao_sd_19611212_0610_li 0 0 0 0 0 0 0 0 0 0 0
ynao_sd_19611213_0120_li 0 0 0 0 0 0 0 0 0 0 0
ynao_sd_19611214_0130_li 2 2 0 0 0 10.79 18.9 10.79 18.9 0 0
ynao_sd_19611216_0100_li 1 1 0 0 0 11.65 29.68 11.65 29.68 0 0
ynao_sd_19611217_0220_li 0 0 0 0 0 0 0 0 0 0 0
ynao_sd_19611218_0130_li 1 1 0 0 0 4.07 4.39 4.07 4.39 0 0
ynao_sd_19611219_0120_li 2 2 0 0 0 12.78 20.38 12.78 20.38 0 0
ynao_sd_19611220_0140_li 0 0 0 0 0 0 0 0 0 0 0
ynao_sd_19611221_0250_li 5 1 4 1 0 225.17 788.36 37.17 176.09 188.0 612.27
ynao_sd_19611222_0120_li 10 7 3 1 0 395.39 804.22 102.43 234.78 292.96 569.44
ynao_sd_19611224_0410_li 16 10 6 3 0 665.24 810.5 165.57 208.53 499.67 601.97
ynao_sd_19611225_0210_gong 11 9 2 1 0 651.27 702.02 126.25 146.47 525.02 555.55
ynao_sd_19611226_0130_li 13 11 2 1 0 561.15 795.23 151.43 383.38 409.72 411.85
ynao_sd_19611227_0250_li 17 13 4 1 0 518.14 532.27 146.24 156.85 371.9 375.42
ynao_sd_19611230_0210_li 4 2 2 1 0 248.18 359.46 34.97 48.39 213.21 311.07
ynao_sd_19611231_0525_gong 3 0 3 2 0 161.2 362.7 15.83 35.73 145.37 326.97
