ynao_sd_19620101_0747_gong 2 2 0 0 0 15.84 51.6 15.84 51.6 0 0
ynao_sd_19620103_0520_li 0 0 0 0 0 0 0 0 0 0 0
ynao_sd_19620104_0240_li 2 2 0 0 0 14.22 30.56 14.22 30.56 0 0
ynao_sd_19620105_0240_li 2 2 0 0 0 9.87 10.96 9.87 10.96 0 0
ynao_sd_19620107_0210_li 1 1 0 0 0 8.05 8.1 8.05 8.1 0 0
ynao_sd_19620108_0500_li 0 0 0 0 0 0 0 0 0 0 0
ynao_sd_19620109_0440_li 1 1 0 0 0 6.06 11.24 6.06 11.24 0 0
ynao_sd_19620110_0600_li 1 1 0 0 0 55.95 56.66 55.95 56.66 0 0
ynao_sd_19620111_0110_li 0 0 0 0 0 0 0 0 0 0 0
ynao_sd_19620112_0125_li 0 0 0 0 0 0 0 0 0 0 0
ynao_sd_19620113_0115_li 5 5 0 0 0 36.57 89.21 36.57 89.21 0 0
ynao_sd_19620114_0410_li 0 0 0 0 0 0 0 0 0 0 0
ynao_sd_19620115_0115_chen 0 0 0 0 0 0 0 0 0 0 0
ynao_sd_19620116_0730_chen 1 1 0 0 0 52.34 118.13 52.34 118.13 0 0
ynao_sd_19620118_0340_chen 1 1 0 0 0 5.4 5.83 5.4 5.83 0 0
ynao_sd_19620121_0450_chen 1 1 0 0 0 77.89 100.91 77.89 100.91 0 0
ynao_sd_19620123_0610_chen 1 1 0 0 0 11.73 15.96 11.73 15.96 0 0
ynao_sd_19620124_0300_li 0 0 0 0 0 0 0 0 0 0 0
ynao_sd_19620125_0300_li 1 1 0 0 0 32.49 32.49 32.49 32.49 0 0
ynao_sd_19620127_0715_gong 6 6 0 0 0 44.79 61.02 44.79 61.02 0 0
ynao_sd_19620131_0800_chen 2 2 0 0 0 11.74 29.08 11.74 29.08 0 0
ynao_sd_19620201_0240_li 3 3 0 0 0 18.11 22.48 18.11 22.48 0 0
ynao_sd_19620202_0210_li 3 3 0 0 0 25.08 27.08 25.08 27.08 0 0
ynao_sd_19620203_0700_chen 4 4 0 0 0 66.73 93.09 66.73 93.09 0 0
ynao_sd_19620204_0420_li 0 0 0 0 0 0 0 0 0 0 0
ynao_sd_19620205_0210_chen 0 0 0 0 0 0 0 0 0 0 0
ynao_sd_19620206_0440_li 3 3 0 0 0 37.63 52.73 37.63 52.73 0 0
ynao_sd_19620207_0210_li 1 1 0 0 0 4.28 4.39 4.28 4.39 0 0
ynao_sd_19620208_0110_li 0 0 0 0 0 0 0 0 0 0 0
ynao_sd_19620210_0100_li 1 1 0 0 0 5.83 6.64 5.83 6.64 0 0
ynao_sd_19620211_0140_chen 2 2 0 0 0 20.8 65.73 20.8 65.73 0 0
ynao_sd_19620212_0130_li 1 1 0 0 0 5.23 5.85 5.23 5.85 0 0
ynao_sd_19620213_0120_li 2 2 0 0 0 15.48 66.05 15.48 66.05 0 0
ynao_sd_19620216_0550_li 1 1 0 0 0 5.99 6.98 5.99 6.98 0 0
ynao_sd_19620217_0320_li 0 0 0 0 0 0 0 0 0 0 0
ynao_sd_19620218_0800_li 1 1 0 0 0 9.6 20.03 9.6 20.03 0 0
ynao_sd_19620220_0120_li 10 8 2 1 0 202.29 571.85 160.16 426.8 42.13 145.05
ynao_sd_19620221_0100_li 16 8 8 4 0 506.52 1098.97 116.61 258.98 389.91 839.99
ynao_sd_19620222_0135_li 20 8 12 5 0 1072.78 1622.88 177.79 243.76 894.99 1379.12
ynao_sd_19620223_0520_li 31 14 17 8 0 1430.07 1717.13 260.34 321.63 1169.73 1395.5
ynao_sd_19620224_0110_li 38 13 25 5 0 1762.84 1912.67 352.76 382.49 1410.08 1530.18
ynao_sd_19620225_0200_chen 25 7 18 9 0 1703.89 1728.81 263.38 268.64 1440.51 1460.17
ynao_sd_19620226_0110_chen 27 15 12 7 0 1553.8 1587.79 316.48 338.5 1237.32 1249.29
ynao_sd_19620227_0150_li 38 25 13 7 0 1354.48 1437.87 339.64 358.06 1014.84 1079.81
ynao_sd_19620228_0600_li 30 15 15 5 0 1229.86 1525.12 243.5 290.34 986.36 1234.78
ynao_sd_19620301_0720_li 20 10 10 3 0 971.44 1471.11 135.97 198.37 835.47 1272.74
ynao_sd_19620303_0420_li 11 5 6 4 0 324.19 931.03 86.44 236.96 237.75 694.07
ynao_sd_19620304_0230_chen 3 3 0 0 0 36.09 62.5 36.09 62.5 0 0
ynao_sd_19620305_0150_li 3 3 0 0 0 19.31 23.84 19.31 23.84 0 0
ynao_sd_19620306_0120_li 1 1 0 0 0 9.52 13.8 9.52 13.8 0 0
ynao_sd_19620307_0100_li 2 2 0 0 0 38.69 40.35 38.69 40.35 0 0
ynao_sd_19620308_0100_li 1 1 0 0 0 6.65 8.32 6.65 8.32 0 0
ynao_sd_19620309_0110_li 1 1 0 0 0 6.75 7.02 6.75 7.02 0 0
ynao_sd_19620310_0130_li 1 1 0 0 0 5.55 18.97 5.55 18.97 0 0
ynao_sd_19620311_0100_gong 1 1 0 0 0 4.59 5.08 4.59 5.08 0 0
ynao_sd_19620312_0120_li 4 4 0 0 0 126.32 196.89 126.32 196.89 0 0
ynao_sd_19620313_0120_li 2 2 0 0 0 9.63 15.66 9.63 15.66 0 0
ynao_sd_19620314_0100_li 0 0 0 0 0 0 0 0 0 0 0
ynao_sd_19620315_0105_li 2 2 0 0 0 28.63 68.76 28.63 68.76 0 0
ynao_sd_19620317_0130_li 1 1 0 0 0 36.46 36.46 36.46 36.46 0 0
ynao_sd_19620318_0130_chen 1 1 0 0 0 25.9 207.18 25.9 207.18 0 0
ynao_sd_19620319_0120_li 6 6 0 1 0 129.34 299.51 83.88 167.21 45.46 132.3
ynao_sd_19620320_0620_li 2 2 0 0 0 11.6 15.41 11.6 15.41 0 0
ynao_sd_19620321_0115_li 2 2 0 0 0 14.26 19.39 14.26 19.39 0 0
ynao_sd_19620322_0150_li 5 5 0 0 0 55.06 62.42 55.06 62.42 0 0
ynao_sd_19620323_0220_chen 6 4 2 1 0 517.83 567.08 30.96 46.06 486.87 521.02
ynao_sd_19620325_0730_chen 0 0 0 0 0 0 0 0 0 0 0
ynao_sd_19620326_0810_chen 2 2 0 0 0 18.12 31.95 18.12 31.95 0 0
ynao_sd_19620327_0300_chen 3 2 1 1 0 614.5 743.36 34.83 43.74 579.67 699.62
ynao_sd_19620329_0250_li 3 3 0 0 0 51.45 55.05 51.45 55.05 0 0
ynao_sd_19620330_0510_li 1 1 0 0 0 3.99 7.12 3.99 7.12 0 0
ynao_sd_19620331_0550_li 6 6 0 0 0 66.37 82.9 66.37 82.9 0 0
ynao_sd_19620401_0120_li 7 7 0 0 0 66.08 76.73 66.08 76.73 0 0
ynao_sd_19620402_0100_li 4 4 0 0 0 57.21 88.1 57.21 88.1 0 0
ynao_sd_19620403_0210_li 9 9 0 0 0 102.21 111.26 102.21 111.26 0 0
ynao_sd_19620404_0120_li 10 7 3 1 0 168.52 231.38 92.78 153.82 75.74 77.56
ynao_sd_19620405_0105_li 4 3 1 1 0 70.25 79.57 29.88 34.65 40.37 44.92
ynao_sd_19620406_0130_li 4 3 1 0 0 64.17 73.19 72.89 84.34 8.72 11.15
ynao_sd_19620407_0100_li 2 2 0 0 0 25.65 41.36 25.65 41.36 0 0
ynao_sd_19620408_0220_chen 2 2 0 0 0 13.84 32.89 13.84 32.89 0 0
ynao_sd_19620409_0120_li 1 1 0 0 0 4.58 4.64 4.58 4.64 0 0
ynao_sd_19620410_0100_li 2 2 0 0 0 53.52 89.76 53.52 89.76 0 0
ynao_sd_19620411_0820_li 3 3 0 0 0 66.48 308.17 66.48 308.17 0 0
ynao_sd_19620412_0120_li 3 2 1 1 0 129.38 331.83 47.1 68.19 82.28 263.64
ynao_sd_19620414_0300_li 6 4 2 1 0 142.97 200.95 53.16 75.25 89.81 125.7
ynao_sd_19620415_0150_chen 3 2 1 1 0 38.39 45.63 13.49 16.07 24.9 29.56
ynao_sd_19620416_0120_li 3 3 0 0 0 46.97 56.62 46.97 56.62 0 0
ynao_sd_19620417_0110_li 2 2 0 0 0 51.08 51.19 51.08 51.19 0 0
ynao_sd_19620418_0340_li 2 2 0 0 0 13.48 20.7 13.48 20.7 0 0
ynao_sd_19620419_0110_li 2 2 0 0 0 39.87 41.03 39.87 41.03 0 0
ynao_sd_19620420_0220_li 1 1 0 0 0 9.18 9.63 9.18 9.63 0 0
ynao_sd_19620421_0115_li 3 3 0 0 0 20.3 22.6 20.3 22.6 0 0
ynao_sd_19620422_0700_chen 9 8 1 1 0 132.78 147.6 102.01 116.54 30.77 31.06
ynao_sd_19620423_0130_li 10 9 1 0 0 45.52 47.15 55.57 57.39 10.05 10.24
ynao_sd_19620424_0650_li 9 9 0 0 0 46.46 52.22 46.46 52.22 0 0
ynao_sd_19620425_0100_li 4 4 0 0 0 20.66 25.43 20.66 25.43 0 0
ynao_sd_19620426_0120_li 0 0 0 0 0 0 0 0 0 0 0
ynao_sd_19620427_0130_li 1 1 0 0 0 35.9 35.9 35.9 35.9 0 0
ynao_sd_19620428_0740_li 0 0 0 0 0 0 0 0 0 0 0
ynao_sd_19620430_0420_li 1 1 0 0 0 10.1 41.7 10.1 41.7 0 0
ynao_sd_19620501_0530_chen 1 1 0 0 0 6.45 6.46 6.45 6.46 0 0
ynao_sd_19620502_0130_chen 2 2 0 0 0 10.55 15.75 10.55 15.75 0 0
ynao_sd_19620503_0100_chen 1 1 0 0 0 10.21 15.25 10.21 15.25 0 0
ynao_sd_19620504_0120_li 1 1 0 0 0 11.95 13.62 11.95 13.62 0 0
ynao_sd_19620505_0100_li 1 1 0 0 0 35.21 35.21 35.21 35.21 0 0
ynao_sd_19620506_0140_chen 2 2 0 0 0 57.15 67.23 57.15 67.23 0 0
ynao_sd_19620507_0120_li 1 1 0 0 0 5.91 6.12 5.91 6.12 0 0
ynao_sd_19620508_0140_li 1 0 1 1 0 595.95 618.68 5.08 5.27 590.87 613.41
ynao_sd_19620509_0120_li 6 5 1 1 0 101.55 288.82 33.08 56.84 68.47 231.98
ynao_sd_19620510_0100_li 7 6 1 1 0 240.95 445.28 95.0 142.81 145.95 302.47
ynao_sd_19620511_0130_li 15 9 6 2 0 589.8 875.37 162.06 223.98 427.74 651.39
ynao_sd_19620514_0300_li 6 4 2 1 0 340.41 348.07 61.04 64.48 279.37 283.59
ynao_sd_19620515_0120_li 6 4 2 1 0 268.55 273.56 52.12 55.13 216.43 218.43
ynao_sd_19620516_0120_li 3 1 2 1 0 182.05 192.31 28.65 30.25 153.4 162.06
ynao_sd_19620517_0120_li 3 1 2 1 0 291.12 395.44 94.07 165.45 197.05 229.99
ynao_sd_19620519_0910_li 8 7 1 1 0 188.98 306.34 117.09 161.39 71.89 144.95
ynao_sd_19620520_0630_chen 2 1 1 1 0 50.49 143.55 10.42 22.93 40.07 120.62
ynao_sd_19620521_0130_li 1 1 0 0 0 23.17 27.14 23.17 27.14 0 0
ynao_sd_19620522_0000_li 4 3 1 1 0 253.97 787.12 53.42 90.98 200.55 696.14
ynao_sd_19620524_0820_li 9 3 6 4 0 935.6 1307.79 157.69 204.35 777.91 1103.44
ynao_sd_19620526_0050_li 15 10 5 2 0 943.64 1023.12 176.41 192.88 767.23 830.24
ynao_sd_19620527_0200_li 10 2 8 5 0 1115.01 1138.23 155.09 160.53 959.92 977.7
ynao_sd_19620528_0050_li 8 5 3 1 0 1080.45 1093.84 179.44 183.8 901.01 910.04
ynao_sd_19620529_0040_li 9 5 4 2 0 1028.7 1100.72 182.03 206.56 846.67 894.16
ynao_sd_19620530_0120_li 8 6 2 1 0 941.12 1101.3 145.87 172.88 795.25 928.42
ynao_sd_19620531_0100_li 7 3 4 2 0 726.22 984.05 120.17 162.1 606.05 821.95
ynao_sd_19620601_0210_li 10 7 3 1 0 470.35 806.52 128.47 203.76 341.88 602.76
ynao_sd_19620602_0005_li 7 5 2 1 0 371.7 888.15 87.52 187.96 284.18 700.19
ynao_sd_19620603_0200_chen 2 1 1 1 0 126.31 593.87 25.1 91.61 101.21 502.26
ynao_sd_19620605_0410_li 3 3 0 0 0 54.12 128.87 54.12 128.87 0 0
ynao_sd_19620606_0220_li 7 7 0 0 0 64.63 130.06 64.63 130.06 0 0
ynao_sd_19620613_0750_li 7 7 0 0 0 33.56 36.76 33.56 36.76 0 0
ynao_sd_19620614_0810_li 9 8 1 0 0 41.04 42.09 46.34 49.3 5.3 7.21
ynao_sd_19620615_0305_li 14 14 0 1 0 1083.94 1749.33 82.24 94.3 1001.7 1655.03
ynao_sd_19620618_0150_li 8 6 2 1 0 1080.33 4317.9 88.2 140.17 992.13 4177.73
ynao_sd_19620619_0700_li 11 8 3 2 0 898.67 1792.42 53.93 111.27 844.74 1681.15
ynao_sd_19620620_0320_li 3 3 0 0 0 39.75 126.95 39.75 126.95 0 0
ynao_sd_19620621_0705_li 2 2 0 0 0 21.37 35.25 21.37 35.25 0 0
ynao_sd_19620622_0920_li 5 4 1 0 0 117.84 161.66 125.66 170.03 7.82 8.37
ynao_sd_19620623_0400_li 0 0 0 0 0 0 0 0 0 0 0
ynao_sd_19620625_0820_li 1 1 0 0 0 14.82 20.57 14.82 20.57 0 0
ynao_sd_19620626_0625_li 5 4 1 1 0 124.31 283.67 44.48 85.6 79.83 198.07
ynao_sd_19620627_0800_li 8 4 4 1 0 242.17 394.17 93.79 144.14 148.38 250.03
ynao_sd_19620628_0830_li 3 1 2 2 0 939.51 1080.4 98.32 116.54 841.19 963.86
ynao_sd_19620629_0830_li 8 6 2 2 0 1012.84 1067.06 64.49 68.67 948.35 998.39
ynao_sd_19620630_0430_li 12 8 4 3 0 996.63 1021.88 133.15 139.51 863.48 882.37
ynao_sd_19620703_0350_li 6 4 2 2 0 540.41 679.94 87.59 109.55 452.82 570.39
ynao_sd_19620705_0730_li 2 1 1 1 0 195.5 479.3 31.63 77.07 163.87 402.23
ynao_sd_19620706_0210_li 4 3 1 2 0 1170.35 2826.28 34.03 74.97 1136.32 2751.31
ynao_sd_19620707_0010_li 2 2 0 0 0 31.43 42.12 31.43 42.12 0 0
ynao_sd_19620709_0240_li 1 1 0 0 0 19.18 22.91 19.18 22.91 0 0
ynao_sd_19620710_0130_li 1 1 0 0 0 8.4 9.08 8.4 9.08 0 0
ynao_sd_19620711_0330_li 1 1 0 0 0 4.74 5.11 4.74 5.11 0 0
ynao_sd_19620712_0540_li 2 2 0 0 0 11.69 14.05 11.69 14.05 0 0
ynao_sd_19620713_0210_chen 2 2 0 0 0 20.32 24.62 20.32 24.62 0 0
ynao_sd_19620714_0440_li 2 2 0 0 0 25.93 55.11 25.93 55.11 0 0
ynao_sd_19620715_0230_chen 1 1 0 0 0 16.15 26.08 16.15 26.08 0 0
ynao_sd_19620716_0210_li 0 0 0 0 0 0 0 0 0 0 0
ynao_sd_19620717_0250_li 0 0 0 0 0 0 0 0 0 0 0
ynao_sd_19620718_0030_li 3 3 0 0 0 26.81 46.0 26.81 46.0 0 0
ynao_sd_19620719_0030_li 0 0 0 0 0 0 0 0 0 0 0
ynao_sd_19620720_0440_gong 0 0 0 0 0 0 0 0 0 0 0
ynao_sd_19620721_0630_li 0 0 0 0 0 0 0 0 0 0 0
ynao_sd_19620724_0050_li 0 0 0 0 0 0 0 0 0 0 0
ynao_sd_19620725_0120_li 0 0 0 0 0 0 0 0 0 0 0
ynao_sd_19620726_0120_li 5 5 0 0 0 17.99 21.0 17.99 21.0 0 0
ynao_sd_19620728_0750_li 4 4 0 0 0 94.29 113.47 94.29 113.47 0 0
ynao_sd_19620729_0250_chen 0 0 0 0 0 0 0 0 0 0 0
ynao_sd_19620730_0040_li 1 1 0 0 0 15.19 18.0 15.19 18.0 0 0
ynao_sd_19620803_0140_li 1 1 0 0 0 4.78 5.73 4.78 5.73 0 0
ynao_sd_19620804_0740_chen 3 3 0 0 0 18.97 24.55 18.97 24.55 0 0
ynao_sd_19620806_0630_li 0 0 0 0 0 0 0 0 0 0 0
ynao_sd_19620807_0520_li 0 0 0 0 0 0 0 0 0 0 0
ynao_sd_19620808_0240_li 1 1 0 0 0 9.16 15.51 9.16 15.51 0 0
ynao_sd_19620812_0735_gong 0 0 0 0 0 0 0 0 0 0 0
ynao_sd_19620813_0500_li 2 2 0 0 0 19.19 34.65 19.19 34.65 0 0
ynao_sd_19620814_0720_li 1 1 0 0 0 5.02 9.96 5.02 9.96 0 0
ynao_sd_19620816_0550_li 0 0 0 0 0 0 0 0 0 0 0
ynao_sd_19620821_0250_li 1 1 0 0 0 4.94 19.39 4.94 19.39 0 0
ynao_sd_19620822_0640_li 0 0 0 0 0 0 0 0 0 0 0
ynao_sd_19620823_0250_li 1 1 0 0 0 5.14 13.18 5.14 13.18 0 0
ynao_sd_19620824_0100_li 5 5 0 0 0 29.82 71.09 29.82 71.09 0 0
ynao_sd_19620825_0135_gong 2 2 0 0 0 36.13 53.09 36.13 53.09 0 0
ynao_sd_19620829_0350_li 5 5 0 0 0 46.98 102.17 46.98 102.17 0 0
ynao_sd_19620830_0740_li 3 3 0 0 0 16.12 22.43 16.12 22.43 0 0
ynao_sd_19620831_0002_li 4 4 0 0 0 51.48 58.41 51.48 58.41 0 0
ynao_sd_19620901_0120_gong 1 1 0 0 0 4.97 5.23 4.97 5.23 0 0
ynao_sd_19620902_0107_li 5 4 1 1 0 98.14 119.58 48.52 68.75 49.62 50.83
ynao_sd_19620903_0210_li 11 9 2 0 0 84.78 88.49 94.59 98.66 9.81 10.17
ynao_sd_19620904_0030_li 13 10 3 2 0 176.97 378.95 80.82 157.56 96.15 221.39
ynao_sd_19620905_0800_li 11 10 1 1 0 233.85 396.08 87.49 140.53 146.36 255.55
ynao_sd_19620906_0115_gong 7 6 1 1 0 225.74 326.73 49.59 74.74 176.15 251.99
ynao_sd_19620907_0120_li 6 5 1 1 0 206.76 258.98 63.27 83.73 143.49 175.25
ynao_sd_19620908_0115_li 18 17 1 1 0 289.21 323.64 113.3 128.08 175.91 195.56
ynao_sd_19620909_0020_li 12 10 2 1 0 329.93 351.46 97.89 104.75 232.04 246.71
ynao_sd_19620910_0030_li 13 12 1 1 0 283.24 303.0 93.36 99.76 189.88 203.24
ynao_sd_19620911_0050_li 5 4 1 1 0 214.71 244.96 46.81 53.12 167.9 191.84
ynao_sd_19620912_0340_cheng 8 5 3 1 0 247.15 341.47 54.06 84.04 193.09 257.43
ynao_sd_19620913_0610_cheng 3 2 1 1 0 118.11 192.83 24.16 31.01 93.95 161.82
ynao_sd_19620914_0720_cheng 2 1 1 1 0 57.17 142.05 13.04 22.91 44.13 119.14
ynao_sd_19620915_0600_li 1 1 0 0 0 25.18 108.75 25.18 108.75 0 0
ynao_sd_19620917_0830_cheng 0 0 0 0 0 0 0 0 0 0 0
ynao_sd_19620918_0230_cheng 0 0 0 0 0 0 0 0 0 0 0
ynao_sd_19620919_0620_cheng 1 1 0 0 0 22.89 34.88 22.89 34.88 0 0
ynao_sd_19620920_0600_li 1 1 0 0 0 5.26 8.1 5.26 8.1 0 0
ynao_sd_19620921_0030_li 2 2 0 0 0 13.2 14.28 13.2 14.28 0 0
ynao_sd_19620922_0020_li 1 1 0 0 0 5.77 6.39 5.77 6.39 0 0
ynao_sd_19620926_0700_li 0 0 0 0 0 0 0 0 0 0 0
ynao_sd_19620927_0120_li 2 2 0 0 0 52.65 67.74 52.65 67.74 0 0
ynao_sd_19620930_0320_li 0 0 0 0 0 0 0 0 0 0 0
ynao_sd_19621001_0110_cheng 2 1 1 1 0 116.89 123.29 75.52 77.35 41.37 45.94
ynao_sd_19621002_0100_cheng 1 1 0 0 0 7.28 7.64 7.28 7.64 0 0
ynao_sd_19621003_0130_cheng 0 0 0 0 0 0 0 0 0 0 0
ynao_sd_19621005_0120_cheng 0 0 0 0 0 0 0 0 0 0 0
ynao_sd_19621007_0440_li 1 1 0 0 0 53.69 60.59 53.69 60.59 0 0
ynao_sd_19621009_0520_li 1 0 1 1 0 99.85 349.97 10.55 36.57 89.3 313.4
ynao_sd_19621011_0440_li 5 3 2 2 0 281.03 427.92 75.64 108.84 205.39 319.08
ynao_sd_19621013_0030_li 10 8 2 2 0 263.91 299.03 83.11 93.35 180.8 205.68
ynao_sd_19621017_0755_li 8 7 1 1 0 113.42 283.76 80.97 240.21 32.45 43.55
ynao_sd_19621018_0955_li 2 2 0 0 0 18.14 33.88 18.14 33.88 0 0
ynao_sd_19621021_0350_cheng 3 3 0 0 0 18.43 33.84 18.43 33.84 0 0
ynao_sd_19621022_0210_li 0 0 0 0 0 0 0 0 0 0 0
ynao_sd_19621023_0145_li 2 2 0 0 0 10.91 18.25 10.91 18.25 0 0
ynao_sd_19621024_0155_li 3 3 0 0 0 17.93 23.55 17.93 23.55 0 0
ynao_sd_19621025_0100_cheng 6 6 0 0 0 34.86 58.42 34.86 58.42 0 0
ynao_sd_19621026_0240_cheng 4 4 0 0 0 20.4 47.9 20.4 47.9 0 0
ynao_sd_19621027_0440_li 1 1 0 0 0 15.97 67.07 15.97 67.07 0 0
ynao_sd_19621029_0240_cheng 1 1 0 0 0 10.4 15.32 10.4 15.32 0 0
ynao_sd_19621101_0135_li 2 2 0 0 0 23.69 28.23 23.69 28.23 0 0
ynao_sd_19621102_0050_li 8 8 0 0 0 36.87 42.92 36.87 42.92 0 0
ynao_sd_19621103_0210_li 9 9 0 0 0 47.66 53.66 47.66 53.66 0 0
ynao_sd_19621104_0630_li 6 6 0 0 0 25.25 33.42 25.25 33.42 0 0
ynao_sd_19621105_0450_li 0 0 0 0 0 0 0 0 0 0 0
ynao_sd_19621106_0050_li 1 1 0 0 0 86.68 89.75 86.68 89.75 0 0
ynao_sd_19621107_0100_li 3 1 2 1 0 249.81 728.86 50.92 113.34 198.89 615.52
ynao_sd_19621108_0050_li 1 0 1 1 0 310.56 592.79 41.35 78.57 269.21 514.22
ynao_sd_19621109_0350_li 4 3 1 1 0 514.3 724.39 103.83 148.65 410.47 575.74
ynao_sd_19621110_0430_li 2 1 1 1 0 568.61 666.91 100.95 117.69 467.66 549.22
ynao_sd_19621111_0150_cheng 3 2 1 1 0 644.4 701.71 143.61 157.06 500.79 544.65
ynao_sd_19621112_0050_li 2 1 1 1 0 670.82 711.87 103.74 117.86 567.08 594.01
ynao_sd_19621113_0050_li 1 0 1 1 0 585.84 618.71 83.66 88.35 502.18 530.36
ynao_sd_19621114_0010_li 6 4 2 1 0 634.47 780.95 147.95 235.3 486.52 545.65
ynao_sd_19621115_0215_li 1 0 1 1 0 485.75 616.51 66.74 84.84 419.01 531.67
ynao_sd_19621116_0240_li 11 10 1 1 0 433.97 661.13 100.77 135.62 333.2 525.51
ynao_sd_19621117_0120_li 13 12 1 1 0 289.86 550.44 86.5 123.66 203.36 426.78
ynao_sd_19621118_0140_cheng 11 10 1 1 0 166.55 471.91 72.0 114.25 94.55 357.66
ynao_sd_19621119_0115_li 16 16 0 0 0 78.25 100.94 78.25 100.94 0 0
ynao_sd_19621120_0110_li 5 5 0 0 0 43.05 57.95 43.05 57.95 0 0
ynao_sd_19621121_0130_cheng 2 2 0 0 0 41.87 54.22 41.87 54.22 0 0
ynao_sd_19621122_0520_cheng 1 1 0 0 0 5.15 9.56 5.15 9.56 0 0
ynao_sd_19621123_0140_cheng 2 2 0 0 0 20.89 33.95 20.89 33.95 0 0
ynao_sd_19621124_0550_li 0 0 0 0 0 0 0 0 0 0 0
ynao_sd_19621125_0150_cheng 0 0 0 0 0 0 0 0 0 0 0
ynao_sd_19621126_0120_cheng 1 1 0 0 0 35.56 38.38 35.56 38.38 0 0
ynao_sd_19621127_0630_cheng 0 0 0 0 0 0 0 0 0 0 0
ynao_sd_19621202_0600_li 0 0 0 0 0 0 0 0 0 0 0
ynao_sd_19621203_0415_li 1 1 0 0 0 58.26 64.65 58.26 64.65 0 0
ynao_sd_19621205_0640_li 3 0 3 2 0 225.21 408.41 25.76 47.62 199.45 360.79
ynao_sd_19621206_0415_li 2 0 2 2 0 285.61 439.83 34.76 54.32 250.85 385.51
ynao_sd_19621207_0115_li 5 2 3 1 0 287.79 391.57 43.96 122.35 243.83 269.22
ynao_sd_19621208_0710_li 4 2 2 1 0 176.95 189.21 31.13 33.34 145.82 155.87
ynao_sd_19621209_0250_cheng 8 6 2 2 0 125.43 136.27 40.32 48.52 85.11 87.75
ynao_sd_19621210_0200_li 7 5 2 2 0 243.77 321.88 189.67 266.12 54.1 55.76
ynao_sd_19621211_0050_li 3 3 0 0 0 32.85 35.33 32.85 35.33 0 0
ynao_sd_19621212_0120_li 5 5 0 0 0 21.66 31.53 21.66 31.53 0 0
ynao_sd_19621213_0105_li 4 4 0 0 0 27.15 61.44 27.15 61.44 0 0
ynao_sd_19621214_0050_cheng 5 5 0 0 0 36.58 39.59 36.58 39.59 0 0
ynao_sd_19621215_0110_li 2 2 0 0 0 18.15 18.49 18.15 18.49 0 0
ynao_sd_19621217_0050_li 6 6 0 0 0 26.23 33.47 26.23 33.47 0 0
ynao_sd_19621218_0050_li 6 6 0 0 0 40.5 59.9 40.5 59.9 0 0
ynao_sd_19621219_0640_cheng 2 2 0 0 0 9.8 16.35 9.8 16.35 0 0
ynao_sd_19621220_0840_cheng 0 0 0 0 0 0 0 0 0 0 0
ynao_sd_19621221_0720_li 1 1 0 0 0 7.15 7.55 7.15 7.55 0 0
ynao_sd_19621223_0750_cheng 0 0 0 0 0 0 0 0 0 0 0
ynao_sd_19621224_0100_cheng 0 0 0 0 0 0 0 0 0 0 0
ynao_sd_19621225_0210_cheng 0 0 0 0 0 0 0 0 0 0 0
ynao_sd_19621226_0210_cheng 0 0 0 0 0 0 0 0 0 0 0
ynao_sd_19621227_0200_cheng 1 1 0 0 0 5.52 9.06 5.52 9.06 0 0
ynao_sd_19621228_0830_li 1 1 0 0 0 4.12 6.1 4.12 6.1 0 0
ynao_sd_19621229_0140_li 0 0 0 0 0 0 0 0 0 0 0
