ynao_sd_19630110_0320_li 2 2 0 0 0 16.05 50.49 16.05 50.49 0 0
ynao_sd_19630115_0600_chen 2 2 0 0 0 27.52 36.8 27.52 36.8 0 0
ynao_sd_19630117_0710_chen 0 0 0 0 0 0 0 0 0 0 0
ynao_sd_19630118_0340_chen 2 2 0 0 0 15.63 21.5 15.63 21.5 0 0
ynao_sd_19630119_0240_gong 1 1 0 0 0 13.39 13.79 13.39 13.79 0 0
ynao_sd_19630120_0230_chen 0 0 0 0 0 0 0 0 0 0 0
ynao_sd_19630121_0210_chen 1 1 0 0 0 15.79 24.15 15.79 24.15 0 0
ynao_sd_19630122_0250_chen 0 0 0 0 0 0 0 0 0 0 0
ynao_sd_19630123_0710_chen 0 0 0 0 0 0 0 0 0 0 0
ynao_sd_19630128_0600_chen 1 1 0 0 0 7.43 7.57 7.43 7.57 0 0
ynao_sd_19630129_0215_huang 1 1 0 0 0 5.44 11.39 5.44 11.39 0 0
ynao_sd_19630130_0632_gong 2 2 0 0 0 54.89 54.99 54.89 54.99 0 0
ynao_sd_19630131_0505_gong 1 1 0 0 0 69.78 79.17 69.78 79.17 0 0
ynao_sd_19630201_0240_chen 4 4 0 0 0 48.72 74.78 48.72 74.78 0 0
ynao_sd_19630202_0130_chen 14 12 2 1 0 165.45 292.85 76.69 142.71 88.76 150.14
ynao_sd_19630203_0140_chen 16 8 8 4 0 308.65 463.73 81.09 148.55 227.56 315.18
ynao_sd_19630204_0140_chen 16 7 9 6 0 358.98 421.21 71.55 83.78 287.43 337.43
ynao_sd_19630205_0140_chen 26 22 4 4 0 315.89 336.25 204.13 218.04 111.76 118.21
ynao_sd_19630206_0135_li 18 13 5 2 0 256.44 281.06 125.36 147.39 131.08 133.67
ynao_sd_19630208_0810_huang 16 13 3 1 0 228.42 322.94 105.07 177.66 123.35 145.28
ynao_sd_19630209_0213_li 7 7 0 0 0 45.55 59.59 45.55 59.59 0 0
ynao_sd_19630210_0230_chen 7 7 0 0 0 52.8 77.21 52.8 77.21 0 0
ynao_sd_19630211_0133_li 2 2 0 0 0 10.26 24.22 10.26 24.22 0 0
ynao_sd_19630212_0120_li 1 1 0 0 0 18.48 18.84 18.48 18.84 0 0
ynao_sd_19630213_0220_li 1 1 0 0 0 5.37 5.93 5.37 5.93 0 0
ynao_sd_19630214_0108_li 2 2 0 0 0 25.94 35.92 25.94 35.92 0 0
ynao_sd_19630215_0140_li 0 0 0 0 0 0 0 0 0 0 0
ynao_sd_19630216_0130_li 3 3 0 0 0 68.17 121.7 68.17 121.7 0 0
ynao_sd_19630217_0130_li 2 2 0 0 0 11.85 23.55 11.85 23.55 0 0
ynao_sd_19630218_0150_li 1 1 0 0 0 10.89 13.03 10.89 13.03 0 0
ynao_sd_19630219_0120_li 0 0 0 0 0 0 0 0 0 0 0
ynao_sd_19630220_0100_li 4 4 0 0 0 34.65 54.27 34.65 54.27 0 0
ynao_sd_19630221_0525_li 1 1 0 0 0 27.16 27.16 27.16 27.16 0 0
ynao_sd_19630222_0120_li 2 2 0 0 0 20.94 26.65 20.94 26.65 0 0
ynao_sd_19630224_0130_chen 0 0 0 0 0 0 0 0 0 0 0
ynao_sd_19630225_0210_chen 0 0 0 0 0 0 0 0 0 0 0
ynao_sd_19630226_0710_li 2 2 0 0 0 39.7 40.55 39.7 40.55 0 0
ynao_sd_19630227_0800_li 1 1 0 0 0 9.11 13.59 9.11 13.59 0 0
ynao_sd_19630228_0240_li 2 2 0 0 0 309.23 336.54 309.23 336.54 0 0
ynao_sd_19630303_0130_chen 2 2 0 0 0 52.46 74.24 52.46 74.24 0 0
ynao_sd_19630304_0230_li 3 3 0 0 0 34.36 47.01 34.36 47.01 0 0
ynao_sd_19630306_0107_li 3 3 0 0 0 50.62 60.33 50.62 60.33 0 0
ynao_sd_19630307_0100_li 0 0 0 0 0 0 0 0 0 0 0
ynao_sd_19630308_0120_li 0 0 0 0 0 0 0 0 0 0 0
ynao_sd_19630309_0120_li 3 3 0 0 0 63.84 71.44 63.84 71.44 0 0
ynao_sd_19630310_0120_chen 1 1 0 0 0 6.25 6.69 6.25 6.69 0 0
ynao_sd_19630311_0130_li 1 1 0 0 0 4.42 7.07 4.42 7.07 0 0
ynao_sd_19630312_0305_li 1 1 0 0 0 3.47 3.51 3.47 3.51 0 0
ynao_sd_19630313_0020_li 1 1 0 0 0 5.47 6.64 5.47 6.64 0 0
ynao_sd_19630314_0050_li 3 3 0 0 0 25.32 30.88 25.32 30.88 0 0
ynao_sd_19630315_0340_li 0 0 0 0 0 0 0 0 0 0 0
ynao_sd_19630316_0340_li 1 1 0 0 0 9.87 12.8 9.87 12.8 0 0
ynao_sd_19630317_0220_chen 0 0 0 0 0 0 0 0 0 0 0
ynao_sd_19630318_0330_li 1 1 0 0 0 4.43 6.33 4.43 6.33 0 0
ynao_sd_19630319_0240_li 0 0 0 0 0 0 0 0 0 0 0
ynao_sd_19630320_0210_li 1 1 0 0 0 13.28 17.88 13.28 17.88 0 0
ynao_sd_19630321_0100_li 3 3 0 0 0 14.42 20.04 14.42 20.04 0 0
ynao_sd_19630322_0105_li 0 0 0 0 0 0 0 0 0 0 0
ynao_sd_19630323_0105_li 1 1 0 0 0 6.14 6.53 6.14 6.53 0 0
ynao_sd_19630324_0110_chen 1 1 0 0 0 11.04 12.34 11.04 12.34 0 0
ynao_sd_19630325_0105_li 0 0 0 0 0 0 0 0 0 0 0
ynao_sd_19630326_0220_li 2 2 0 0 0 21.53 24.72 21.53 24.72 0 0
ynao_sd_19630327_0105_li 1 1 0 0 0 5.38 6.53 5.38 6.53 0 0
ynao_sd_19630330_0115_li 9 8 1 1 0 131.55 151.68 67.03 78.12 64.52 73.56
ynao_sd_19630331_0320_chen 9 7 2 1 0 200.82 207.86 59.22 61.68 141.6 146.18
ynao_sd_19630401_0130_li 8 6 2 1 0 214.29 215.87 86.87 88.35 127.42 127.52
ynao_sd_19630402_0120_li 3 1 2 1 0 148.91 150.96 56.07 56.4 92.84 94.56
ynao_sd_19630403_0210_li 10 9 1 1 0 96.08 105.1 54.75 59.55 41.33 45.55
ynao_sd_19630404_0140_li 3 3 0 0 0 32.45 40.43 32.45 40.43 0 0
ynao_sd_19630405_0130_li 3 3 0 0 0 73.02 93.97 73.02 93.97 0 0
ynao_sd_19630406_0030_li 1 1 0 1 0 695.79 1536.33 10.23 22.2 685.56 1514.13
ynao_sd_19630407_0120_chen 1 1 0 0 0 4.87 5.08 4.87 5.08 0 0
ynao_sd_19630409_0745_li 5 5 0 0 0 90.46 267.34 90.46 267.34 0 0
ynao_sd_19630410_0820_li 15 11 4 3 0 368.48 634.93 179.35 281.46 189.13 353.47
ynao_sd_19630411_0300_li 12 7 5 4 0 449.5 663.83 119.23 175.45 330.27 488.38
ynao_sd_19630412_0045_li 11 3 8 3 0 486.76 606.56 97.38 123.09 389.38 483.47
ynao_sd_19630413_0150_li 10 5 5 4 0 546.54 597.83 89.07 99.31 457.47 498.52
ynao_sd_19630414_0130_li 12 8 4 3 0 507.53 519.83 122.96 125.9 384.57 393.93
ynao_sd_19630415_0130_li 20 16 4 3 0 738.24 744.55 172.79 175.07 565.45 569.48
ynao_sd_19630416_0210_li 20 15 5 2 0 743.33 771.34 205.58 214.26 537.75 557.08
ynao_sd_19630419_0100_li 13 7 6 2 0 412.19 677.94 103.99 182.31 308.2 495.63
ynao_sd_19630420_0105_li 10 5 5 4 0 267.87 562.39 102.46 190.65 165.41 371.74
ynao_sd_19630421_0120_chen 4 3 1 1 0 179.52 499.45 85.54 141.15 93.98 358.3
ynao_sd_19630424_0830_li 0 0 0 0 0 0 0 0 0 0 0
ynao_sd_19630429_0040_li 0 0 0 0 0 0 0 0 0 0 0
ynao_sd_19630430_0050_chen 0 0 0 0 0 0 0 0 0 0 0
ynao_sd_19630501_0100_chen 1 1 0 0 0 5.82 8.56 5.82 8.56 0 0
ynao_sd_19630502_0120_li 1 1 0 0 0 36.22 36.22 36.22 36.22 0 0
ynao_sd_19630503_0110_li 1 1 0 0 0 26.93 40.67 26.93 40.67 0 0
ynao_sd_19630504_0130_chen 1 1 0 0 0 8.37 20.71 8.37 20.71 0 0
ynao_sd_19630505_0150_li 5 5 0 0 0 26.15 42.02 26.15 42.02 0 0
ynao_sd_19630506_0120_li 3 3 0 0 0 123.79 179.38 123.79 179.38 0 0
ynao_sd_19630507_0800_li 9 8 1 1 0 184.07 187.31 58.97 60.3 125.1 127.01
ynao_sd_19630508_0320_li 8 7 1 1 0 284.0 290.28 55.34 56.55 228.66 233.73
ynao_sd_19630509_0033_li 6 4 2 2 0 301.73 572.44 74.53 129.92 227.2 442.52
ynao_sd_19630510_0100_li 7 5 2 2 0 279.26 462.99 50.41 72.99 228.85 390.0
ynao_sd_19630511_0120_li 4 2 2 2 0 329.43 489.46 52.49 74.51 276.94 414.95
ynao_sd_19630512_0130_chen 10 5 5 2 0 423.27 567.13 88.95 114.54 334.32 452.59
ynao_sd_19630513_0100_li 6 5 1 1 0 398.19 489.9 106.87 171.8 291.32 318.1
ynao_sd_19630514_0150_li 5 3 2 1 0 333.4 338.86 62.23 62.88 271.17 275.98
ynao_sd_19630515_0040_li 4 3 1 1 0 402.57 484.06 85.48 165.24 317.09 318.82
ynao_sd_19630516_0120_li 3 2 1 1 0 400.44 420.5 59.33 65.16 341.11 355.34
ynao_sd_19630517_0115_li 1 0 1 1 0 229.81 262.77 26.67 30.48 203.14 232.29
ynao_sd_19630518_0045_li 5 4 1 1 0 279.05 361.63 76.85 91.82 202.2 269.81
ynao_sd_19630519_0210_chen 2 1 1 1 0 125.86 213.61 23.49 35.45 102.37 178.16
ynao_sd_19630520_0130_li 1 0 1 1 0 73.2 184.24 5.31 13.32 67.89 170.92
ynao_sd_19630521_0140_li 1 1 0 0 0 22.29 109.24 22.29 109.24 0 0
ynao_sd_19630522_0115_li 1 1 0 0 0 29.47 29.47 29.47 29.47 0 0
ynao_sd_19630523_0115_li 0 0 0 0 0 0 0 0 0 0 0
ynao_sd_19630524_0010_li 0 0 0 0 0 0 0 0 0 0 0
ynao_sd_19630525_0050_li 0 0 0 0 0 0 0 0 0 0 0
ynao_sd_19630526_0150_chen 1 1 0 0 0 10.94 12.61 10.94 12.61 0 0
ynao_sd_19630527_0130_li 0 0 0 0 0 0 0 0 0 0 0
ynao_sd_19630528_0300_li 2 2 0 0 0 31.87 31.95 31.87 31.95 0 0
ynao_sd_19630530_0040_li 1 1 0 0 0 31.7 32.35 31.7 32.35 0 0
ynao_sd_19630530_0100_chen 2 2 0 0 0 32.67 48.14 32.67 48.14 0 0
ynao_sd_19630602_0050_li 0 0 0 0 0 0 0 0 0 0 0
ynao_sd_19630603_0205_li 4 4 0 0 0 94.59 101.5 94.59 101.5 0 0
ynao_sd_19630604_0030_li 0 0 0 0 0 0 0 0 0 0 0
ynao_sd_19630605_0130_li 0 0 0 0 0 0 0 0 0 0 0
ynao_sd_19630606_0005_li 2 2 0 0 0 7.76 13.23 7.76 13.23 0 0
ynao_sd_19630607_0030_li 2 1 1 1 0 61.42 92.06 18.2 24.2 43.22 67.86
ynao_sd_19630615_0005_li 1 1 0 0 0 21.73 25.36 21.73 25.36 0 0
ynao_sd_19630616_0400_chen 0 0 0 0 0 0 0 0 0 0 0
ynao_sd_19630617_0150_li 0 0 0 0 0 0 0 0 0 0 0
ynao_sd_19630618_0205_li 0 0 0 0 0 0 0 0 0 0 0
ynao_sd_19630619_0715_li 1 1 0 0 0 44.8 52.24 44.8 52.24 0 0
ynao_sd_19630620_0600_li 0 0 0 0 0 0 0 0 0 0 0
ynao_sd_19630621_0750_chen 0 0 0 0 0 0 0 0 0 0 0
ynao_sd_19630622_0115_li 0 0 0 0 0 0 0 0 0 0 0
ynao_sd_19630623_0140_chen 2 2 0 0 0 9.54 14.43 9.54 14.43 0 0
ynao_sd_19630624_0350_chen 2 2 0 0 0 25.39 28.7 25.39 28.7 0 0
ynao_sd_19630625_0750_chen 0 0 0 0 0 0 0 0 0 0 0
ynao_sd_19630626_0030_chen 2 2 0 0 0 9.94 15.84 9.94 15.84 0 0
ynao_sd_19630628_0510_li 0 0 0 0 0 0 0 0 0 0 0
ynao_sd_19630629_0220_li 4 4 0 0 0 22.06 106.06 22.06 106.06 0 0
ynao_sd_19630701_0520_chen 0 0 0 0 0 0 0 0 0 0 0
ynao_sd_19630704_0850_li 0 0 0 0 0 0 0 0 0 0 0
ynao_sd_19630705_0205_li 2 2 0 0 0 10.09 19.14 10.09 19.14 0 0
ynao_sd_19630706_0510_li 0 0 0 0 0 0 0 0 0 0 0
ynao_sd_19630710_0440_li 2 2 0 0 0 11.77 45.48 11.77 45.48 0 0
ynao_sd_19630712_0650_li 0 0 0 0 0 0 0 0 0 0 0
ynao_sd_19630713_0510_li 1 1 0 0 0 4.81 12.14 4.81 12.14 0 0
ynao_sd_19630714_0200_chen 1 1 0 0 0 7.03 8.6 7.03 8.6 0 0
ynao_sd_19630715_0520_chen 1 1 0 0 0 5.88 9.14 5.88 9.14 0 0
ynao_sd_19630716_0040_li 1 1 0 0 0 6.49 8.7 6.49 8.7 0 0
ynao_sd_19630717_0130_li 1 1 0 0 0 4.6 5.74 4.6 5.74 0 0
ynao_sd_19630719_0915_li 0 0 0 0 0 0 0 0 0 0 0
ynao_sd_19630720_0500_li 1 1 0 0 0 13.95 24.26 13.95 24.26 0 0
ynao_sd_19630721_0700_chen 0 0 0 0 0 0 0 0 0 0 0
ynao_sd_19630723_0450_li 0 0 0 0 0 0 0 0 0 0 0
ynao_sd_19630724_0110_chen 0 0 0 0 0 0 0 0 0 0 0
ynao_sd_19630725_0710_li 1 1 0 0 0 3.67 6.01 3.67 6.01 0 0
ynao_sd_19630726_0430_chen 1 1 0 0 0 3.89 6.15 3.89 6.15 0 0
ynao_sd_19630727_0120_li 1 1 0 0 0 5.33 15.72 5.33 15.72 0 0
ynao_sd_19630729_0730_li 1 1 0 0 0 4.82 5.7 4.82 5.7 0 0
ynao_sd_19630730_0110_li 1 1 0 0 0 7.96 15.96 7.96 15.96 0 0
ynao_sd_19630801_0810_li 1 1 0 0 0 14.21 18.55 14.21 18.55 0 0
ynao_sd_19630802_0640_li 0 0 0 0 0 0 0 0 0 0 0
ynao_sd_19630803_0100_li 1 1 0 0 0 4.8 9.52 4.8 9.52 0 0
ynao_sd_19630804_0940_chen 0 0 0 0 0 0 0 0 0 0 0
ynao_sd_19630805_0650_chen 1 1 0 0 0 13.05 55.31 13.05 55.31 0 0
ynao_sd_19630806_0730_li 0 0 0 0 0 0 0 0 0 0 0
ynao_sd_19630807_0510_li 0 0 0 0 0 0 0 0 0 0 0
ynao_sd_19630808_0430_li 0 0 0 0 0 0 0 0 0 0 0
ynao_sd_19630809_0005_li 1 1 0 0 0 13.49 14.99 13.49 14.99 0 0
ynao_sd_19630810_0010_li 0 0 0 0 0 0 0 0 0 0 0
ynao_sd_19630811_0730_chen 0 0 0 0 0 0 0 0 0 0 0
ynao_sd_19630813_0005_li 2 2 0 0 0 15.31 40.87 15.31 40.87 0 0
ynao_sd_19630814_0020_li 1 1 0 0 0 6.67 11.21 6.67 11.21 0 0
ynao_sd_19630815_0640_li 1 1 0 0 0 5.33 7.51 5.33 7.51 0 0
ynao_sd_19630816_0220_li 10 10 0 0 0 46.43 56.46 46.43 56.46 0 0
ynao_sd_19630817_0210_li 6 2 4 2 0 208.05 226.36 44.68 48.83 163.37 177.53
ynao_sd_19630819_0840_li 9 5 4 3 0 355.09 608.02 87.86 136.1 267.23 471.92
ynao_sd_19630820_0240_li 5 2 3 3 0 287.78 417.05 40.89 55.96 246.89 361.09
ynao_sd_19630823_1010_li 14 10 4 2 0 201.83 273.58 65.38 87.87 136.45 185.71
ynao_sd_19630824_0005_li 16 13 3 2 0 231.46 347.6 96.32 135.28 135.14 212.32
ynao_sd_19630825_0840_chen 9 9 0 0 0 43.29 126.13 43.29 126.13 0 0
ynao_sd_19630826_0450_li 1 1 0 0 0 7.28 12.35 7.28 12.35 0 0
ynao_sd_19630827_0320_chen 1 1 0 0 0 40.11 41.84 40.11 41.84 0 0
ynao_sd_19630828_0210_li 1 1 0 0 0 4.44 8.28 4.44 8.28 0 0
ynao_sd_19630829_0430_li 1 1 0 0 0 18.69 24.31 18.69 24.31 0 0
ynao_sd_19630830_0120_chen 0 0 0 0 0 0 0 0 0 0 0
ynao_sd_19630831_0110_li 3 3 0 0 0 18.73 45.14 18.73 45.14 0 0
ynao_sd_19630901_0710_chen 2 2 0 0 0 12.34 16.86 12.34 16.86 0 0
ynao_sd_19630902_0150_li 1 1 0 0 0 4.41 4.99 4.41 4.99 0 0
ynao_sd_19630903_0120_li 0 0 0 0 0 0 0 0 0 0 0
ynao_sd_19630904_0010_li 2 2 0 0 0 29.64 33.64 29.64 33.64 0 0
ynao_sd_19630905_0140_li 0 0 0 0 0 0 0 0 0 0 0
ynao_sd_19630906_0100_li 2 2 0 0 0 8.72 52.54 8.72 52.54 0 0
ynao_sd_19630907_0210_li 0 0 0 0 0 0 0 0 0 0 0
ynao_sd_19630908_0100_li 2 2 0 0 0 29.5 40.96 29.5 40.96 0 0
ynao_sd_19630909_0540_li 5 5 0 0 0 116.47 137.83 116.47 137.83 0 0
ynao_sd_19630910_0010_li 1 1 0 0 0 4.41 13.92 4.41 13.92 0 0
ynao_sd_19630911_0130_chen 3 2 1 1 0 829.36 1721.67 16.19 40.41 813.17 1681.26
ynao_sd_19630912_0005_li 2 2 0 0 0 13.28 22.06 13.28 22.06 0 0
ynao_sd_19630913_0050_li 15 9 6 3 0 268.8 406.42 92.3 141.35 176.5 265.07
ynao_sd_19630914_0040_li 17 12 5 4 0 560.26 682.98 107.82 130.08 452.44 552.9
ynao_sd_19630915_0130_chen 37 30 7 2 0 459.15 498.14 170.06 186.63 289.09 311.51
ynao_sd_19630916_0820_li 21 18 3 2 0 449.22 474.83 159.09 168.69 290.13 306.14
ynao_sd_19630917_0450_chen 14 12 2 2 0 472.3 516.62 140.49 151.7 331.81 364.92
ynao_sd_19630918_0130_li 3 2 1 1 0 309.24 376.02 48.59 60.26 260.65 315.76
ynao_sd_19630921_0600_li 1 1 0 1 0 62.02 204.84 4.93 13.55 57.09 191.29
ynao_sd_19630922_0250_li 0 0 0 0 0 0 0 0 0 0 0
ynao_sd_19630923_0220_li 1 1 0 0 0 23.07 95.07 23.07 95.07 0 0
ynao_sd_19630926_0750_chen 0 0 0 0 0 0 0 0 0 0 0
ynao_sd_19630928_0930_li 1 1 0 0 0 6.24 8.73 6.24 8.73 0 0
ynao_sd_19630929_0330_li 1 1 0 0 0 51.41 63.07 51.41 63.07 0 0
ynao_sd_19631003_0105_li 1 1 0 0 0 8.27 9.65 8.27 9.65 0 0
ynao_sd_19631004_0530_li 0 0 0 0 0 0 0 0 0 0 0
ynao_sd_19631009_0420_li 1 1 0 0 0 7.3 9.69 7.3 9.69 0 0
ynao_sd_19631010_0020_li 1 1 0 0 0 6.49 7.08 6.49 7.08 0 0
ynao_sd_19631011_0030_li 0 0 0 0 0 0 0 0 0 0 0
ynao_sd_19631012_0040_li 1 1 0 0 0 10.84 13.28 10.84 13.28 0 0
ynao_sd_19631013_0430_chen 2 2 0 0 0 13.5 40.2 13.5 40.2 0 0
ynao_sd_19631014_0100_li 1 1 0 0 0 7.2 7.35 7.2 7.35 0 0
ynao_sd_19631015_0440_li 1 1 0 0 0 5.33 5.43 5.33 5.43 0 0
ynao_sd_19631023_0610_li 0 0 0 0 0 0 0 0 0 0 0
ynao_sd_19631028_0740_li 0 0 0 0 0 0 0 0 0 0 0
ynao_sd_19631029_0205_li 4 4 0 0 0 28.2 43.23 28.2 43.23 0 0
ynao_sd_19631030_0150_chen 6 4 2 2 0 172.57 320.09 35.51 45.79 137.06 274.3
ynao_sd_19631031_0630_chen 2 2 0 0 0 8.72 8.77 8.72 8.77 0 0
ynao_sd_19631101_0210_li 3 1 2 0 0 3.64 3.77 10.84 11.54 7.2 7.77
ynao_sd_19631102_0205_li 7 4 3 2 0 409.69 529.63 84.69 133.59 325.0 396.04
ynao_sd_19631103_0140_li 13 9 4 3 0 328.02 489.87 70.69 107.98 257.33 381.89
ynao_sd_19631104_0030_li 6 4 2 2 0 140.79 254.21 27.61 49.57 113.18 204.64
ynao_sd_19631105_0200_li 6 5 1 2 0 105.62 338.34 52.81 153.7 52.81 184.64
ynao_sd_19631107_0145_li 2 2 0 0 0 11.77 16.56 11.77 16.56 0 0
ynao_sd_19631108_0040_li 0 0 0 0 0 0 0 0 0 0 0
ynao_sd_19631109_0200_li 0 0 0 0 0 0 0 0 0 0 0
ynao_sd_19631111_0200_li 1 1 0 0 0 7.28 8.54 7.28 8.54 0 0
ynao_sd_19631112_0050_li 0 0 0 0 0 0 0 0 0 0 0
ynao_sd_19631113_0035_li 0 0 0 0 0 0 0 0 0 0 0
ynao_sd_19631115_0450_li 1 1 0 0 0 11.69 14.18 11.69 14.18 0 0
ynao_sd_19631116_0050_li 0 0 0 0 0 0 0 0 0 0 0
ynao_sd_19631117_0120_chen 0 0 0 0 0 0 0 0 0 0 0
ynao_sd_19631118_0130_li 3 3 0 0 0 14.02 15.19 14.02 15.19 0 0
ynao_sd_19631119_0105_li 2 2 0 0 0 25.67 32.94 25.67 32.94 0 0
ynao_sd_19631120_0200_li 1 1 0 0 0 6.7 10.13 6.7 10.13 0 0
ynao_sd_19631121_0130_li 1 1 0 0 0 18.54 30.86 18.54 30.86 0 0
ynao_sd_19631122_0100_li 0 0 0 0 0 0 0 0 0 0 0
ynao_sd_19631123_0120_li 2 2 0 0 0 20.2 22.33 20.2 22.33 0 0
ynao_sd_19631124_0800_chen 1 1 0 0 0 6.63 9.5 6.63 9.5 0 0
ynao_sd_19631125_0840_chen 2 2 0 0 0 16.27 29.97 16.27 29.97 0 0
ynao_sd_19631126_0230_li 0 0 0 0 0 0 0 0 0 0 0
ynao_sd_19631127_0810_li 0 0 0 0 0 0 0 0 0 0 0
ynao_sd_19631128_0130_chen 1 1 0 0 0 14.12 17.7 14.12 17.7 0 0
ynao_sd_19631129_0120_li 1 1 0 0 0 5.83 8.14 5.83 8.14 0 0
ynao_sd_19631130_0100_li 1 1 0 0 0 19.07 23.44 19.07 23.44 0 0
ynao_sd_19631201_0330_chen 1 0 1 1 0 82.63 273.15 9.01 29.93 73.62 243.22
ynao_sd_19631202_0100_li 1 0 1 1 0 124.76 261.33 16.98 35.51 107.78 225.82
ynao_sd_19631203_0650_li 5 4 1 1 0 156.08 217.68 34.12 44.12 121.96 173.56
ynao_sd_19631204_0240_li 10 9 1 1 0 192.46 237.24 51.41 64.27 141.05 172.97
ynao_sd_19631205_0200_li 6 5 1 1 0 219.22 318.2 54.71 139.34 164.51 178.86
ynao_sd_19631206_0140_li 6 5 1 1 0 204.26 210.59 38.93 40.54 165.33 170.05
ynao_sd_19631207_0045_li 14 11 3 1 0 201.51 219.46 73.6 88.63 127.91 130.83
ynao_sd_19631208_0720_chen 4 2 2 1 0 101.13 110.56 22.91 24.73 78.22 85.83
ynao_sd_19631210_0110_li 3 3 0 0 0 31.66 51.43 31.66 51.43 0 0
ynao_sd_19631211_0650_li 2 2 0 0 0 5.45 11.71 5.45 11.71 0 0
ynao_sd_19631213_0050_li 1 1 0 0 0 6.72 7.93 6.72 7.93 0 0
ynao_sd_19631214_0140_li 0 0 0 0 0 0 0 0 0 0 0
ynao_sd_19631215_0150_chen 1 1 0 0 0 4.79 6.33 4.79 6.33 0 0
ynao_sd_19631216_0140_li 0 0 0 0 0 0 0 0 0 0 0
ynao_sd_19631218_0140_chen 1 1 0 0 0 4.64 6.92 4.64 6.92 0 0
ynao_sd_19631219_0300_li 1 1 0 0 0 5.29 5.62 5.29 5.62 0 0
ynao_sd_19631220_0500_li 1 1 0 0 0 7.09 12.5 7.09 12.5 0 0
ynao_sd_19631221_0205_li 1 1 0 0 0 7.74 9.0 7.74 9.0 0 0
ynao_sd_19631222_0620_chen 2 2 0 1 0 722.58 885.88 10.06 11.03 712.52 874.85
ynao_sd_19631223_0150_li 0 0 0 0 0 0 0 0 0 0 0
ynao_sd_19631224_0100_li 1 1 0 0 0 7.46 8.4 7.46 8.4 0 0
ynao_sd_19631225_0130_chen 0 0 0 0 0 0 0 0 0 0 0
