ynao_sd_19640102_0310_li 0 0 0 0 0 0 0 0 0 0 0
ynao_sd_19640103_0140_li 0 0 0 0 0 0 0 0 0 0 0
ynao_sd_19640104_0140_li 1 1 0 0 0 6.05 7.67 6.05 7.67 0 0
ynao_sd_19640105_0200_chen 0 0 0 0 0 0 0 0 0 0 0
ynao_sd_19640106_0135_li 4 4 0 0 0 41.29 55.68 41.29 55.68 0 0
ynao_sd_19640107_0130_li 6 6 0 0 0 27.38 28.8 27.38 28.8 0 0
ynao_sd_19640108_0130_li 3 3 0 0 0 14.48 14.56 14.48 14.56 0 0
ynao_sd_19640109_0120_li 5 5 0 0 0 22.27 22.57 22.27 22.57 0 0
ynao_sd_19640110_0150_li 0 0 0 0 0 0 0 0 0 0 0
ynao_sd_19640111_0130_li 5 5 0 0 0 23.81 28.61 23.81 28.61 0 0
ynao_sd_19640112_0220_chen 2 2 0 0 0 9.21 14.45 9.21 14.45 0 0
ynao_sd_19640113_0245_li 0 0 0 0 0 0 0 0 0 0 0
ynao_sd_19640114_0205_li 1 1 0 0 0 7.07 15.57 7.07 15.57 0 0
ynao_sd_19640115_0215_li 0 0 0 0 0 0 0 0 0 0 0
ynao_sd_19640116_0150_li 0 0 0 0 0 0 0 0 0 0 0
ynao_sd_19640117_0200_chen 0 0 0 0 0 0 0 0 0 0 0
ynao_sd_19640118_0430_li 2 2 0 0 0 9.81 17.77 9.81 17.77 0 0
ynao_sd_19640119_0800_chen 1 1 0 0 0 4.43 9.41 4.43 9.41 0 0
ynao_sd_19640120_0120_li 2 2 0 0 0 11.55 16.18 11.55 16.18 0 0
ynao_sd_19640121_0120_li 0 0 0 0 0 0 0 0 0 0 0
ynao_sd_19640122_0200_li 0 0 0 0 0 0 0 0 0 0 0
ynao_sd_19640123_0230_li 2 2 0 0 0 11.34 12.1 11.34 12.1 0 0
ynao_sd_19640124_0115_li 0 0 0 0 0 0 0 0 0 0 0
ynao_sd_19640125_0140_li 1 1 0 0 0 14.94 22.81 14.94 22.81 0 0
ynao_sd_19640126_0740_li 1 1 0 0 0 6.19 7.05 6.19 7.05 0 0
ynao_sd_19640127_0235_li 0 0 0 0 0 0 0 0 0 0 0
ynao_sd_19640128_0130_li 5 5 0 0 0 31.53 41.16 31.53 41.16 0 0
ynao_sd_19640129_0320_li 4 2 2 2 0 257.22 439.08 37.95 62.29 219.27 376.79
ynao_sd_19640130_0110_li 6 2 4 2 0 265.3 679.68 50.39 127.38 214.91 552.3
ynao_sd_19640131_0440_li 2 1 1 1 0 58.04 249.0 9.52 30.56 48.52 218.44
ynao_sd_19640208_0100_chen 6 6 0 0 0 26.48 30.21 26.48 30.21 0 0
ynao_sd_19640209_0050_chen 7 7 0 0 0 36.88 50.12 36.88 50.12 0 0
ynao_sd_19640210_0120_chen 2 2 0 0 0 26.2 49.16 26.2 49.16 0 0
ynao_sd_19640215_0132_gong 1 1 0 0 0 28.96 101.31 28.96 101.31 0 0
ynao_sd_19640216_0130_chen 1 0 1 1 0 52.02 99.8 5.61 10.79 46.41 89.01
ynao_sd_19640217_0140_chen 2 1 1 1 0 68.04 96.12 17.69 24.75 50.35 71.37
ynao_sd_19640218_0100_chen 1 0 1 1 0 77.47 92.41 9.19 10.96 68.28 81.45
ynao_sd_19640219_0140_li 4 1 3 1 0 64.98 71.02 18.2 21.58 46.78 49.44
ynao_sd_19640221_0330_li 2 2 0 0 0 30.28 32.85 30.28 32.85 0 0
ynao_sd_19640222_0150_li 1 1 0 0 0 15.11 16.1 15.11 16.1 0 0
ynao_sd_19640223_0150_chen 2 2 0 0 0 14.9 17.36 14.9 17.36 0 0
ynao_sd_19640224_0710_li 1 1 0 0 0 10.73 16.31 10.73 16.31 0 0
ynao_sd_19640228_0150_li 0 0 0 0 0 0 0 0 0 0 0
ynao_sd_19640229_0110_li 2 2 0 0 0 11.32 14.85 11.32 14.85 0 0
ynao_sd_19640301_0130_chen 1 1 0 0 0 17.82 27.24 17.82 27.24 0 0
ynao_sd_19640302_0120_li 0 0 0 0 0 0 0 0 0 0 0
ynao_sd_19640303_0130_li 0 0 0 0 0 0 0 0 0 0 0
ynao_sd_19640305_0150_li 3 3 0 0 0 20.78 28.54 20.78 28.54 0 0
ynao_sd_19640306_0120_li 2 2 0 0 0 8.75 9.01 8.75 9.01 0 0
ynao_sd_19640307_0140_li 0 0 0 0 0 0 0 0 0 0 0
ynao_sd_19640308_0150_li 2 2 0 0 0 11.65 11.66 11.65 11.66 0 0
ynao_sd_19640309_0150_li 0 0 0 0 0 0 0 0 0 0 0
ynao_sd_19640311_0120_li 1 1 0 0 0 13.47 23.37 13.47 23.37 0 0
ynao_sd_19640312_0135_li 4 4 0 0 0 22.22 36.32 22.22 36.32 0 0
ynao_sd_19640313_0340_li 4 4 0 0 0 21.58 51.23 21.58 51.23 0 0
ynao_sd_19640314_0220_li 1 1 0 0 0 5.97 9.55 5.97 9.55 0 0
ynao_sd_19640315_0450_li 0 0 0 0 0 0 0 0 0 0 0
ynao_sd_19640316_0130_li 1 1 0 0 0 3.92 4.23 3.92 4.23 0 0
ynao_sd_19640317_0140_li 0 0 0 0 0 0 0 0 0 0 0
ynao_sd_19640318_0250_li 1 1 0 0 0 7.06 7.38 7.06 7.38 0 0
ynao_sd_19640319_0045_li 0 0 0 0 0 0 0 0 0 0 0
ynao_sd_19640321_0140_li 0 0 0 0 0 0 0 0 0 0 0
ynao_sd_19640322_0120_chen 0 0 0 0 0 0 0 0 0 0 0
ynao_sd_19640323_0120_li 0 0 0 0 0 0 0 0 0 0 0
ynao_sd_19640324_0130_li 0 0 0 0 0 0 0 0 0 0 0
ynao_sd_19640329_0120_chen 6 6 0 0 0 19.67 21.24 19.67 21.24 0 0
ynao_sd_19640330_0140_li 0 0 0 0 0 0 0 0 0 0 0
ynao_sd_19640331_0130_li 3 3 0 0 0 15.41 16.99 15.41 16.99 0 0
ynao_sd_19640401_0130_li 1 1 0 0 0 4.13 4.29 4.13 4.29 0 0
ynao_sd_19640403_0120_li 0 0 0 0 0 0 0 0 0 0 0
ynao_sd_19640404_0130_li 3 3 0 0 0 14.44 19.11 14.44 19.11 0 0
ynao_sd_19640405_0250_chen 0 0 0 0 0 0 0 0 0 0 0
ynao_sd_19640406_0020_li 1 1 0 0 0 8.99 10.58 8.99 10.58 0 0
ynao_sd_19640407_0015_li 0 0 0 0 0 0 0 0 0 0 0
ynao_sd_19640408_0140_li 1 1 0 0 0 42.98 203.47 42.98 203.47 0 0
ynao_sd_19640409_0740_li 0 0 0 0 0 0 0 0 0 0 0
ynao_sd_19640410_0040_li 1 1 0 0 0 8.83 9.98 8.83 9.98 0 0
ynao_sd_19640411_0050_li 0 0 0 0 0 0 0 0 0 0 0
ynao_sd_19640412_0640_chen 0 0 0 0 0 0 0 0 0 0 0
ynao_sd_19640413_0250_li 1 1 0 0 0 9.51 16.01 9.51 16.01 0 0
ynao_sd_19640414_0200_li 0 0 0 0 0 0 0 0 0 0 0
ynao_sd_19640415_0120_li 0 0 0 0 0 0 0 0 0 0 0
ynao_sd_19640416_0140_li 1 1 0 0 0 5.89 6.04 5.89 6.04 0 0
ynao_sd_19640420_0107_li 5 5 0 0 0 23.11 29.93 23.11 29.93 0 0
ynao_sd_19640421_0130_li 13 13 0 0 0 54.69 60.75 54.69 60.75 0 0
ynao_sd_19640422_0500_li 12 11 1 1 0 143.39 148.14 82.07 86.07 61.32 62.07
ynao_sd_19640423_0040_li 2 1 1 1 0 28.35 28.46 8.79 8.82 19.56 19.64
ynao_sd_19640424_0130_li 3 3 0 0 0 22.61 23.34 22.61 23.34 0 0
ynao_sd_19640424_0320_chen 1 1 0 0 0 5.0 6.89 5.0 6.89 0 0
ynao_sd_19640425_0100_li 7 7 0 0 0 34.91 47.81 34.91 47.81 0 0
ynao_sd_19640428_0105_li 1 1 0 0 0 9.34 9.83 9.34 9.83 0 0
ynao_sd_19640505_0700_li 6 6 0 0 0 32.48 41.21 32.48 41.21 0 0
ynao_sd_19640506_0750_li 5 5 0 0 0 32.51 32.92 32.51 32.92 0 0
ynao_sd_19640507_0043_li 3 3 0 0 0 22.17 23.52 22.17 23.52 0 0
ynao_sd_19640511_0150_li 0 0 0 0 0 0 0 0 0 0 0
ynao_sd_19640515_0307_li 0 0 0 0 0 0 0 0 0 0 0
ynao_sd_19640516_0150_li 0 0 0 0 0 0 0 0 0 0 0
ynao_sd_19640517_0300_chen 0 0 0 0 0 0 0 0 0 0 0
ynao_sd_19640518_0010_chen 0 0 0 0 0 0 0 0 0 0 0
ynao_sd_19640519_0012_li 0 0 0 0 0 0 0 0 0 0 0
ynao_sd_19640520_0020_li 1 1 0 0 0 5.75 8.76 5.75 8.76 0 0
ynao_sd_19640521_0050_li 0 0 0 0 0 0 0 0 0 0 0
ynao_sd_19640522_0210_li 0 0 0 0 0 0 0 0 0 0 0
ynao_sd_19640523_0305_li 0 0 0 0 0 0 0 0 0 0 0
ynao_sd_19640524_0200_chen 0 0 0 0 0 0 0 0 0 0 0
ynao_sd_19640525_0035_li 1 1 0 0 0 5.59 27.12 5.59 27.12 0 0
ynao_sd_19640526_0107_li 1 1 0 0 0 5.22 10.62 5.22 10.62 0 0
ynao_sd_19640527_0035_li 0 0 0 0 0 0 0 0 0 0 0
ynao_sd_19640528_0140_li 0 0 0 0 0 0 0 0 0 0 0
ynao_sd_19640529_0730_li 2 2 0 0 0 10.98 15.13 10.98 15.13 0 0
ynao_sd_19640530_0430_li 0 0 0 0 0 0 0 0 0 0 0
ynao_sd_19640531_0050_chen 1 1 0 0 0 11.35 14.13 11.35 14.13 0 0
ynao_sd_19640601_0700_li 0 0 0 0 0 0 0 0 0 0 0
ynao_sd_19640602_0040_chen 0 0 0 0 0 0 0 0 0 0 0
ynao_sd_19640603_0510_li 0 0 0 0 0 0 0 0 0 0 0
ynao_sd_19640607_0330_chen 0 0 0 0 0 0 0 0 0 0 0
ynao_sd_19640608_0110_li 0 0 0 0 0 0 0 0 0 0 0
ynao_sd_19640609_0015_li 1 1 0 0 0 8.33 10.14 8.33 10.14 0 0
ynao_sd_19640610_0207_li 0 0 0 0 0 0 0 0 0 0 0
ynao_sd_19640611_0145_li 1 1 0 0 0 5.81 8.62 5.81 8.62 0 0
ynao_sd_19640612_0520_li 0 0 0 0 0 0 0 0 0 0 0
ynao_sd_19640613_0610_li 0 0 0 0 0 0 0 0 0 0 0
ynao_sd_19640615_0330_li 1 1 0 0 0 10.84 11.75 10.84 11.75 0 0
ynao_sd_19640616_0710_li 0 0 0 0 0 0 0 0 0 0 0
ynao_sd_19640617_0430_li 0 0 0 0 0 0 0 0 0 0 0
ynao_sd_19640618_0220_li 0 0 0 0 0 0 0 0 0 0 0
ynao_sd_19640620_0925_li 2 2 0 0 0 11.05 23.93 11.05 23.93 0 0
ynao_sd_19640629_0655_li 1 1 0 0 0 5.97 17.75 5.97 17.75 0 0
ynao_sd_19640630_0140_li 1 1 0 0 0 7.74 15.3 7.74 15.3 0 0
ynao_sd_19640702_0140_li 0 0 0 0 0 0 0 0 0 0 0
ynao_sd_19640704_0420_li 0 0 0 0 0 0 0 0 0 0 0
ynao_sd_19640706_0150_li 0 0 0 0 0 0 0 0 0 0 0
ynao_sd_19640714_0630_li 1 1 0 0 0 16.45 25.19 16.45 25.19 0 0
ynao_sd_19640716_0610_li 0 0 0 0 0 0 0 0 0 0 0
ynao_sd_19640718_0705_li 1 1 0 0 0 22.23 23.19 22.23 23.19 0 0
ynao_sd_19640801_0915_huang 2 2 0 0 0 21.45 39.62 21.45 39.62 0 0
ynao_sd_19640803_0520_li 0 0 0 0 0 0 0 0 0 0 0
ynao_sd_19640805_0730_li 0 0 0 0 0 0 0 0 0 0 0
ynao_sd_19640806_0025_li 0 0 0 0 0 0 0 0 0 0 0
ynao_sd_19640807_0035_li 1 1 0 0 0 4.63 5.62 4.63 5.62 0 0
ynao_sd_19640809_0030_li 0 0 0 0 0 0 0 0 0 0 0
ynao_sd_19640811_0130_li 0 0 0 0 0 0 0 0 0 0 0
ynao_sd_19640813_0130_li 0 0 0 0 0 0 0 0 0 0 0
ynao_sd_19640814_0750_li 0 0 0 0 0 0 0 0 0 0 0
ynao_sd_19640815_0020_li 0 0 0 0 0 0 0 0 0 0 0
ynao_sd_19640816_0430_huang 2 2 0 0 0 11.04 13.1 11.04 13.1 0 0
ynao_sd_19640818_0640_li 0 0 0 0 0 0 0 0 0 0 0
ynao_sd_19640819_0030_huang 0 0 0 0 0 0 0 0 0 0 0
ynao_sd_19640821_0750_li 0 0 0 0 0 0 0 0 0 0 0
ynao_sd_19640822_0555_li 1 1 0 0 0 34.6 37.18 34.6 37.18 0 0
ynao_sd_19640901_0100_li 0 0 0 0 0 0 0 0 0 0 0
ynao_sd_19640902_0145_li 2 2 0 0 0 11.43 22.79 11.43 22.79 0 0
ynao_sd_19640903_0710_li 0 0 0 0 0 0 0 0 0 0 0
ynao_sd_19640905_0930_li 1 1 0 0 0 16.51 31.95 16.51 31.95 0 0
ynao_sd_19640907_0410_li 0 0 0 0 0 0 0 0 0 0 0
ynao_sd_19640909_0710_li 1 1 0 0 0 6.25 11.99 6.25 11.99 0 0
ynao_sd_19640910_0430_li 1 1 0 0 0 7.46 10.92 7.46 10.92 0 0
ynao_sd_19640912_0230_li 1 1 0 0 0 8.13 10.43 8.13 10.43 0 0
ynao_sd_19640913_0745_huang 0 0 0 0 0 0 0 0 0 0 0
ynao_sd_19640914_0020_li 0 0 0 0 0 0 0 0 0 0 0
ynao_sd_19640915_0020_li 0 0 0 0 0 0 0 0 0 0 0
ynao_sd_19641001_0130_li 3 3 0 0 0 25.48 30.5 25.48 30.5 0 0
ynao_sd_19641002_0755_li 1 1 0 0 0 12.39 15.2 12.39 15.2 0 0
ynao_sd_19641008_0035_li 0 0 0 0 0 0 0 0 0 0 0
ynao_sd_19641019_0120_li 0 0 0 0 0 0 0 0 0 0 0
ynao_sd_19641020_0015_li 0 0 0 0 0 0 0 0 0 0 0
ynao_sd_19641021_0020_li 0 0 0 0 0 0 0 0 0 0 0
ynao_sd_19641025_0150_li 0 0 0 0 0 0 0 0 0 0 0
ynao_sd_19641026_0500_li 0 0 0 0 0 0 0 0 0 0 0
ynao_sd_19641030_0710_li 0 0 0 0 0 0 0 0 0 0 0
ynao_sd_19641031_0045_li 2 2 0 0 0 23.43 28.86 23.43 28.86 0 0
ynao_sd_19641101_0350_huang 3 2 1 1 0 33.24 34.41 12.65 13.18 20.59 21.23
ynao_sd_19641102_0155_li 2 2 0 0 0 28.0 34.55 28.0 34.55 0 0
ynao_sd_19641103_0200_li 0 0 0 0 0 0 0 0 0 0 0
ynao_sd_19641113_0240_li 1 1 0 0 0 3.53 3.73 3.53 3.73 0 0
ynao_sd_19641114_0625_li 0 0 0 0 0 0 0 0 0 0 0
ynao_sd_19641115_0803_huang 0 0 0 0 0 0 0 0 0 0 0
ynao_sd_19641116_0250_li 0 0 0 0 0 0 0 0 0 0 0
ynao_sd_19641117_0300_li 0 0 0 0 0 0 0 0 0 0 0
ynao_sd_19641118_0250_li 2 2 0 0 0 10.76 24.35 10.76 24.35 0 0
ynao_sd_19641125_0040_li 0 0 0 0 0 0 0 0 0 0 0
ynao_sd_19641205_0310_huang 3 3 0 0 0 14.53 42.08 14.53 42.08 0 0
ynao_sd_19641208_0840_li 1 1 0 0 0 5.45 5.59 5.45 5.59 0 0
ynao_sd_19641209_0100_li 0 0 0 0 0 0 0 0 0 0 0
ynao_sd_19641210_0100_li 2 2 0 0 0 23.98 102.21 23.98 102.21 0 0
ynao_sd_19641211_0110_li 5 4 1 1 0 74.5 213.01 32.07 98.6 42.43 114.41
ynao_sd_19641212_0130_huang 3 0 3 2 0 80.74 134.49 13.54 22.57 67.2 111.92
ynao_sd_19641213_0135_huang 2 2 0 0 0 50.13 65.69 50.13 65.69 0 0
ynao_sd_19641214_0120_li 5 4 1 1 0 63.22 71.92 21.59 24.64 41.63 47.28
ynao_sd_19641216_0215_li 0 0 0 0 0 0 0 0 0 0 0
ynao_sd_19641219_0710_li 6 6 0 0 0 23.38 27.45 23.38 27.45 0 0
ynao_sd_19641221_0140_li 5 5 0 0 0 28.19 28.79 28.19 28.79 0 0
ynao_sd_19641222_0200_li 4 4 0 0 0 35.15 41.76 35.15 41.76 0 0
ynao_sd_19641224_0330_li 0 0 0 0 0 0 0 0 0 0 0
ynao_sd_19641225_0140_li 1 1 0 0 0 4.27 5.28 4.27 5.28 0 0
ynao_sd_19641227_0825_huang 4 3 1 1 0 238.78 387.12 35.22 52.51 203.56 334.61
ynao_sd_19641228_0140_huang 0 0 0 0 0 0 0 0 0 0 0
ynao_sd_19641229_0305_huang 1 1 0 0 0 4.48 5.05 4.48 5.05 0 0
