ynao_sd_19650101_0250_huang 1 1 0 0 0 28.64 53.55 28.64 53.55 0 0
ynao_sd_19650102_0140_li 0 0 0 0 0 0 0 0 0 0 0
ynao_sd_19650103_0230_li 0 0 0 0 0 0 0 0 0 0 0
ynao_sd_19650104_0210_li 1 1 0 0 0 9.8 10.56 9.8 10.56 0 0
ynao_sd_19650105_0130_li 1 1 0 0 0 10.48 11.82 10.48 11.82 0 0
ynao_sd_19650106_0130_li 2 2 0 0 0 16.32 36.21 16.32 36.21 0 0
ynao_sd_19650107_0620_li 1 1 0 0 0 8.42 29.07 8.42 29.07 0 0
ynao_sd_19650109_0140_li 0 0 0 0 0 0 0 0 0 0 0
ynao_sd_19650110_0125_huang 2 2 0 0 0 16.11 16.95 16.11 16.95 0 0
ynao_sd_19650114_0220_li 0 0 0 0 0 0 0 0 0 0 0
ynao_sd_19650116_0635_huang 0 0 0 0 0 0 0 0 0 0 0
ynao_sd_19650117_0625_huang 0 0 0 0 0 0 0 0 0 0 0
ynao_sd_19650118_0315_huang 1 1 0 0 0 5.52 5.53 5.52 5.53 0 0
ynao_sd_19650119_0650_huang 1 1 0 0 0 13.16 16.12 13.16 16.12 0 0
ynao_sd_19650120_0135_huang 0 0 0 0 0 0 0 0 0 0 0
ynao_sd_19650121_0145_huang 0 0 0 0 0 0 0 0 0 0 0
ynao_sd_19650122_0120_huang 0 0 0 0 0 0 0 0 0 0 0
ynao_sd_19650123_0115_huang 0 0 0 0 0 0 0 0 0 0 0
ynao_sd_19650124_0145_huang 1 1 0 0 0 5.73 10.67 5.73 10.67 0 0
ynao_sd_19650125_0338_huang 0 0 0 0 0 0 0 0 0 0 0
ynao_sd_19650126_0110_huang 1 1 0 0 0 7.57 8.43 7.57 8.43 0 0
ynao_sd_19650127_0111_huang 0 0 0 0 0 0 0 0 0 0 0
ynao_sd_19650128_0107_huang 1 1 0 0 0 9.57 9.99 9.57 9.99 0 0
ynao_sd_19650129_0116_huang 1 1 0 0 0 8.62 25.89 8.62 25.89 0 0
ynao_sd_19650130_0115_huang 0 0 0 0 0 0 0 0 0 0 0
ynao_sd_19650131_0301_huang 1 1 0 0 0 5.31 9.41 5.31 9.41 0 0
ynao_sd_19650201_0325_huang 1 1 0 0 0 10.53 11.39 10.53 11.39 0 0
ynao_sd_19650204_0337_huang 0 0 0 0 0 0 0 0 0 0 0
ynao_sd_19650208_0840_huang 0 0 0 0 0 0 0 0 0 0 0
ynao_sd_19650209_0710_li 1 1 0 0 0 6.41 7.32 6.41 7.32 0 0
ynao_sd_19650210_0120_li 1 1 0 0 0 5.81 5.83 5.81 5.83 0 0
ynao_sd_19650211_0130_li 0 0 0 0 0 0 0 0 0 0 0
ynao_sd_19650212_0145_huang 2 2 0 0 0 18.71 24.02 18.71 24.02 0 0
ynao_sd_19650213_0110_li 2 2 0 0 0 9.28 13.31 9.28 13.31 0 0
ynao_sd_19650214_0135_li 0 0 0 0 0 0 0 0 0 0 0
ynao_sd_19650215_0130_li 1 1 0 0 0 10.49 11.07 10.49 11.07 0 0
ynao_sd_19650217_0130_li 0 0 0 0 0 0 0 0 0 0 0
ynao_sd_19650218_0130_li 1 1 0 0 0 4.12 5.28 4.12 5.28 0 0
ynao_sd_19650225_0120_li 1 1 0 0 0 8.2 16.61 8.2 16.61 0 0
ynao_sd_19650226_0240_li 2 2 0 0 0 22.37 28.84 22.37 28.84 0 0
ynao_sd_19650227_0125_li 3 3 0 0 0 16.52 20.37 16.52 20.37 0 0
ynao_sd_19650228_0340_huang 2 2 0 0 0 9.43 10.05 9.43 10.05 0 0
ynao_sd_19650301_0850_li 2 2 0 0 0 10.38 11.24 10.38 11.24 0 0
ynao_sd_19650302_0130_li 1 1 0 0 0 7.59 7.65 7.59 7.65 0 0
ynao_sd_19650303_0220_li 1 1 0 0 0 7.07 12.44 7.07 12.44 0 0
ynao_sd_19650304_0130_li 0 0 0 0 0 0 0 0 0 0 0
ynao_sd_19650305_0405_li 2 2 0 0 0 14.91 17.93 14.91 17.93 0 0
ynao_sd_19650306_0130_li 1 1 0 0 0 9.09 37.98 9.09 37.98 0 0
ynao_sd_19650308_0630_li 4 4 0 0 0 54.58 69.1 54.58 69.1 0 0
ynao_sd_19650310_0050_li 0 0 0 0 0 0 0 0 0 0 0
ynao_sd_19650311_0130_li 0 0 0 0 0 0 0 0 0 0 0
ynao_sd_19650312_0130_li 0 0 0 0 0 0 0 0 0 0 0
ynao_sd_19650313_0210_li 0 0 0 0 0 0 0 0 0 0 0
ynao_sd_19650314_0208_huang 0 0 0 0 0 0 0 0 0 0 0
ynao_sd_19650316_0140_li 1 1 0 0 0 4.92 7.3 4.92 7.3 0 0
ynao_sd_19650317_0210_li 1 1 0 0 0 8.0 10.7 8.0 10.7 0 0
ynao_sd_19650318_0110_li 1 1 0 0 0 7.35 7.98 7.35 7.98 0 0
ynao_sd_19650319_0120_li 0 0 0 0 0 0 0 0 0 0 0
ynao_sd_19650320_0100_li 1 1 0 0 0 8.78 9.42 8.78 9.42 0 0
ynao_sd_19650321_0107_huang 2 2 0 0 0 9.34 10.76 9.34 10.76 0 0
ynao_sd_19650325_0100_li 1 1 0 0 0 4.2 5.51 4.2 5.51 0 0
ynao_sd_19650326_0040_li 2 2 0 0 0 26.17 30.77 26.17 30.77 0 0
ynao_sd_19650327_0040_li 0 0 0 0 0 0 0 0 0 0 0
ynao_sd_19650328_0135_huang 1 1 0 0 0 14.48 14.81 14.48 14.81 0 0
ynao_sd_19650329_0140_li 0 0 0 0 0 0 0 0 0 0 0
ynao_sd_19650330_0100_li 0 0 0 0 0 0 0 0 0 0 0
ynao_sd_19650331_0130_li 1 1 0 0 0 6.48 8.57 6.48 8.57 0 0
ynao_sd_19650406_0140_li 0 0 0 0 0 0 0 0 0 0 0
ynao_sd_19650412_0920_li 1 1 0 0 0 8.1 12.81 8.1 12.81 0 0
ynao_sd_19650413_0200_li 1 1 0 0 0 7.59 15.4 7.59 15.4 0 0
ynao_sd_19650415_0120_li 2 2 0 0 0 9.87 13.26 9.87 13.26 0 0
ynao_sd_19650416_0130_li 2 2 0 0 0 8.03 9.92 8.03 9.92 0 0
ynao_sd_19650417_0230_li 0 0 0 0 0 0 0 0 0 0 0
ynao_sd_19650418_0115_huang 0 0 0 0 0 0 0 0 0 0 0
ynao_sd_19650420_0140_li 1 1 0 0 0 32.38 34.57 32.38 34.57 0 0
ynao_sd_19650422_0120_li 1 1 0 0 0 4.7 6.75 4.7 6.75 0 0
ynao_sd_19650423_0130_li 2 2 0 0 0 18.73 22.37 18.73 22.37 0 0
ynao_sd_19650424_0120_li 11 11 0 0 0 51.42 60.89 51.42 60.89 0 0
ynao_sd_19650425_0323_huang 0 0 0 0 0 0 0 0 0 0 0
ynao_sd_19650426_0105_huang 8 8 0 0 0 84.39 92.36 84.39 92.36 0 0
ynao_sd_19650427_0145_li 3 3 0 0 0 28.25 38.12 28.25 38.12 0 0
ynao_sd_19650428_0045_li 4 4 0 0 0 29.25 47.55 29.25 47.55 0 0
ynao_sd_19650430_0320_li 1 1 0 0 0 4.71 6.96 4.71 6.96 0 0
ynao_sd_19650504_0145_li 1 1 0 0 0 4.79 5.9 4.79 5.9 0 0
ynao_sd_19650506_0240_li 0 0 0 0 0 0 0 0 0 0 0
ynao_sd_19650508_0135_huang 0 0 0 0 0 0 0 0 0 0 0
ynao_sd_19650509_0320_li 0 0 0 0 0 0 0 0 0 0 0
ynao_sd_19650510_0230_li 1 1 0 0 0 15.35 25.16 15.35 25.16 0 0
ynao_sd_19650511_0120_li 0 0 0 0 0 0 0 0 0 0 0
ynao_sd_19650512_0040_li 0 0 0 0 0 0 0 0 0 0 0
ynao_sd_19650513_0150_li 2 2 0 0 0 51.03 105.62 51.03 105.62 0 0
ynao_sd_19650514_0220_li 0 0 0 0 0 0 0 0 0 0 0
ynao_sd_19650515_0145_huang 0 0 0 0 0 0 0 0 0 0 0
ynao_sd_19650516_0650_li 0 0 0 0 0 0 0 0 0 0 0
ynao_sd_19650518_0040_li 0 0 0 0 0 0 0 0 0 0 0
ynao_sd_19650519_0235_li 1 1 0 0 0 36.3 51.27 36.3 51.27 0 0
ynao_sd_19650521_0750_li 0 0 0 0 0 0 0 0 0 0 0
ynao_sd_19650522_0055_li 0 0 0 0 0 0 0 0 0 0 0
ynao_sd_19650523_0340_huang 1 1 0 0 0 4.5 6.59 4.5 6.59 0 0
ynao_sd_19650524_0320_li 0 0 0 0 0 0 0 0 0 0 0
ynao_sd_19650525_0030_li 1 1 0 0 0 8.56 11.49 8.56 11.49 0 0
ynao_sd_19650526_0250_li 0 0 0 0 0 0 0 0 0 0 0
ynao_sd_19650527_0430_li 0 0 0 0 0 0 0 0 0 0 0
ynao_sd_19650602_0120_li 10 9 1 1 0 88.09 99.02 55.06 61.24 33.03 37.78
ynao_sd_19650603_0120_li 12 9 3 2 0 211.48 219.82 75.33 77.94 136.15 141.88
ynao_sd_19650605_0745_li 18 13 5 3 0 342.24 415.01 102.39 140.64 239.85 274.37
ynao_sd_19650606_0312_huang 14 9 5 2 0 300.41 411.61 79.58 107.6 220.83 304.01
ynao_sd_19650607_0230_huang 7 4 3 1 0 151.62 236.7 37.26 64.0 114.36 172.7
ynao_sd_19650608_0050_li 2 1 1 1 0 76.59 152.82 13.59 24.59 63.0 128.23
ynao_sd_19650609_0025_li 1 1 0 0 0 26.69 88.93 26.69 88.93 0 0
ynao_sd_19650610_0650_li 0 0 0 0 0 0 0 0 0 0 0
ynao_sd_19650611_0900_li 0 0 0 0 0 0 0 0 0 0 0
ynao_sd_19650612_0640_li 0 0 0 0 0 0 0 0 0 0 0
ynao_sd_19650617_0310_li 0 0 0 0 0 0 0 0 0 0 0
ynao_sd_19650624_0540_li 0 0 0 0 0 0 0 0 0 0 0
ynao_sd_19650626_0740_li 0 0 0 0 0 0 0 0 0 0 0
ynao_sd_19650630_0120_li 1 1 0 0 0 5.98 6.61 5.98 6.61 0 0
ynao_sd_19650701_0640_li 0 0 0 0 0 0 0 0 0 0 0
ynao_sd_19650702_0835_huang 1 1 0 0 0 5.6 7.36 5.6 7.36 0 0
ynao_sd_19650703_0137_huang 0 0 0 0 0 0 0 0 0 0 0
ynao_sd_19650706_0640_li 0 0 0 0 0 0 0 0 0 0 0
ynao_sd_19650707_0240_li 0 0 0 0 0 0 0 0 0 0 0
ynao_sd_19650710_0245_li 0 0 0 0 0 0 0 0 0 0 0
ynao_sd_19650711_1015_gong 0 0 0 0 0 0 0 0 0 0 0
ynao_sd_19650712_0220_li 0 0 0 0 0 0 0 0 0 0 0
ynao_sd_19650713_0040_li 0 0 0 0 0 0 0 0 0 0 0
ynao_sd_19650714_0830_li 0 0 0 0 0 0 0 0 0 0 0
ynao_sd_19650716_0205_li 0 0 0 0 0 0 0 0 0 0 0
ynao_sd_19650716_0710_li 0 0 0 0 0 0 0 0 0 0 0
ynao_sd_19650727_0025_li 0 0 0 0 0 0 0 0 0 0 0
ynao_sd_19650728_0115_li 1 1 0 0 0 5.02 7.26 5.02 7.26 0 0
ynao_sd_19650731_0130_li 0 0 0 0 0 0 0 0 0 0 0
ynao_sd_19650801_0150_li 0 0 0 0 0 0 0 0 0 0 0
ynao_sd_19650803_0230_li 0 0 0 0 0 0 0 0 0 0 0
ynao_sd_19650806_0140_li 2 2 0 0 0 9.52 19.24 9.52 19.24 0 0
ynao_sd_19650812_0235_li 3 3 0 0 0 48.94 70.21 48.94 70.21 0 0
ynao_sd_19650814_0330_li 0 0 0 0 0 0 0 0 0 0 0
ynao_sd_19650819_0110_li 0 0 0 0 0 0 0 0 0 0 0
ynao_sd_19650821_0035_li 0 0 0 0 0 0 0 0 0 0 0
ynao_sd_19650827_0320_li 0 0 0 0 0 0 0 0 0 0 0
ynao_sd_19650828_0033_li 2 2 0 0 0 9.36 13.6 9.36 13.6 0 0
ynao_sd_19650829_0222_huang 0 0 0 0 0 0 0 0 0 0 0
ynao_sd_19650830_0440_li 1 1 0 0 0 6.06 7.43 6.06 7.43 0 0
ynao_sd_19650831_0605_li 0 0 0 0 0 0 0 0 0 0 0
ynao_sd_19650901_0430_li 1 1 0 0 0 9.24 10.36 9.24 10.36 0 0
ynao_sd_19650902_0720_li 0 0 0 0 0 0 0 0 0 0 0
ynao_sd_19650903_0050_li 1 1 0 0 0 10.73 12.39 10.73 12.39 0 0
ynao_sd_19650904_0140_li 0 0 0 0 0 0 0 0 0 0 0
ynao_sd_19650906_0400_li 0 0 0 0 0 0 0 0 0 0 0
ynao_sd_19650909_0710_cheng 0 0 0 0 0 0 0 0 0 0 0
ynao_sd_19650910_0920_li 0 0 0 0 0 0 0 0 0 0 0
ynao_sd_19650911_0730_li 0 0 0 0 0 0 0 0 0 0 0
ynao_sd_19650917_0240_huang 0 0 0 0 0 0 0 0 0 0 0
ynao_sd_19650924_0605_huang 0 0 0 0 0 0 0 0 0 0 0
ynao_sd_19650925_0420_huang 0 0 0 0 0 0 0 0 0 0 0
ynao_sd_19650926_0500_huang 0 0 0 0 0 0 0 0 0 0 0
ynao_sd_19650927_0830_huang 0 0 0 0 0 0 0 0 0 0 0
ynao_sd_19650928_0255_huang 0 0 0 0 0 0 0 0 0 0 0
ynao_sd_19650929_0230_cheng 1 1 0 0 0 7.98 8.79 7.98 8.79 0 0
ynao_sd_19650930_0430_huang 1 1 0 0 0 3.84 5.83 3.84 5.83 0 0
ynao_sd_19651003_0315_huang 10 10 0 0 0 52.38 59.67 52.38 59.67 0 0
ynao_sd_19651006_0510_cheng 13 10 3 3 0 231.59 479.23 82.17 155.58 149.42 323.65
ynao_sd_19651007_0810_cheng 3 2 1 1 0 46.33 195.72 12.12 36.2 34.21 159.52
ynao_sd_19651008_0238_huang 1 1 0 0 0 7.69 11.17 7.69 11.17 0 0
ynao_sd_19651009_0650_huang 0 0 0 0 0 0 0 0 0 0 0
ynao_sd_19651010_0127_huang 0 0 0 0 0 0 0 0 0 0 0
ynao_sd_19651011_0137_huang 2 2 0 0 0 9.83 22.31 9.83 22.31 0 0
ynao_sd_19651012_0730_cheng 0 0 0 0 0 0 0 0 0 0 0
ynao_sd_19651016_0305_huang 0 0 0 0 0 0 0 0 0 0 0
ynao_sd_19651028_0215_huang 1 0 1 1 0 119.17 128.15 18.99 20.42 100.18 107.73
ynao_sd_19651029_0040_cheng 4 3 1 1 0 177.6 210.51 40.42 63.71 137.18 146.8
ynao_sd_19651030_0305_huang 1 0 1 1 0 110.36 124.61 15.65 17.66 94.71 106.95
ynao_sd_19651101_0755_huang 3 1 2 1 0 77.55 119.41 29.1 42.76 48.45 76.65
ynao_sd_19651103_0110_cheng 1 1 0 0 0 9.87 30.88 9.87 30.88 0 0
ynao_sd_19651104_0115_huang 2 2 0 0 0 17.1 33.75 17.1 33.75 0 0
ynao_sd_19651105_0220_huang 0 0 0 0 0 0 0 0 0 0 0
ynao_sd_19651106_0120_huang 3 3 0 0 0 14.51 17.83 14.51 17.83 0 0
ynao_sd_19651107_0300_huang 1 1 0 0 0 4.65 5.59 4.65 5.59 0 0
ynao_sd_19651108_0733_huang 1 1 0 0 0 3.54 3.56 3.54 3.56 0 0
ynao_sd_19651109_0153_huang 1 1 0 0 0 3.69 3.72 3.69 3.72 0 0
ynao_sd_19651110_0340_cheng 0 0 0 0 0 0 0 0 0 0 0
ynao_sd_19651111_0438_huang 1 1 0 0 0 3.39 3.41 3.39 3.41 0 0
ynao_sd_19651112_0750_huang 0 0 0 0 0 0 0 0 0 0 0
ynao_sd_19651113_0705_huang 2 2 0 0 0 18.65 24.05 18.65 24.05 0 0
ynao_sd_19651114_0245_huang 0 0 0 0 0 0 0 0 0 0 0
ynao_sd_19651115_0320_huang 0 0 0 0 0 0 0 0 0 0 0
ynao_sd_19651116_0245_huang 0 0 0 0 0 0 0 0 0 0 0
ynao_sd_19651117_0120_cheng 0 0 0 0 0 0 0 0 0 0 0
ynao_sd_19651122_0455_huang 2 2 0 0 0 15.9 18.36 15.9 18.36 0 0
ynao_sd_19651124_0815_huang 0 0 0 0 0 0 0 0 0 0 0
ynao_sd_19651128_0620_huang 0 0 0 0 0 0 0 0 0 0 0
ynao_sd_19651129_0730_huang 0 0 0 0 0 0 0 0 0 0 0
ynao_sd_19651201_0550_chen 0 0 0 0 0 0 0 0 0 0 0
ynao_sd_19651202_0153_huang 1 1 0 0 0 5.56 6.92 5.56 6.92 0 0
ynao_sd_19651203_0240_huang 6 6 0 0 0 23.47 33.73 23.47 33.73 0 0
ynao_sd_19651204_0148_huang 0 0 0 0 0 0 0 0 0 0 0
ynao_sd_19651205_0125_huang 0 0 0 0 0 0 0 0 0 0 0
ynao_sd_19651206_0130_huang 2 2 0 0 0 11.98 19.89 11.98 19.89 0 0
ynao_sd_19651207_0320_huang 1 1 0 0 0 5.69 6.4 5.69 6.4 0 0
ynao_sd_19651210_0745_huang 1 1 0 0 0 7.61 8.47 7.61 8.47 0 0
ynao_sd_19651219_0250_huang 0 0 0 0 0 0 0 0 0 0 0
ynao_sd_19651220_0335_huang 0 0 0 0 0 0 0 0 0 0 0
ynao_sd_19651222_0250_huang 2 2 0 0 0 10.14 18.68 10.14 18.68 0 0
ynao_sd_19651223_0135_huang 0 0 0 0 0 0 0 0 0 0 0
ynao_sd_19651224_0905_huang 0 0 0 0 0 0 0 0 0 0 0
ynao_sd_19651226_0110_huang 0 0 0 0 0 0 0 0 0 0 0
ynao_sd_19651226_0135_huang 1 1 0 0 0 8.13 18.89 8.13 18.89 0 0
ynao_sd_19651227_0310_huang 0 0 0 0 0 0 0 0 0 0 0
ynao_sd_19651228_0210_huang 12 12 0 0 0 68.69 102.92 68.69 102.92 0 0
ynao_sd_19651229_0340_chen 2 1 1 2 0 176.15 226.65 18.75 29.17 157.4 197.48
ynao_sd_19651230_0710_huang 2 1 1 1 0 167.97 188.88 43.03 49.33 124.94 139.55
ynao_sd_19651231_0715_huang 3 3 0 1 0 172.53 189.57 26.99 29.72 145.54 159.85
