ynao_sd_19660101_0430_huang 3 1 2 1 0 141.41 158.46 43.09 47.09 98.32 111.37
ynao_sd_19660102_0210_huang 2 1 1 1 0 41.19 50.06 11.45 13.89 29.74 36.17
ynao_sd_19660104_0230_xuang 2 2 0 0 0 31.01 52.12 31.01 52.12 0 0
ynao_sd_19660108_0250_xuang 0 0 0 0 0 0 0 0 0 0 0
ynao_sd_19660109_0228_xuang 0 0 0 0 0 0 0 0 0 0 0
ynao_sd_19660113_0223_xuang 2 2 0 0 0 9.7 12.5 9.7 12.5 0 0
ynao_sd_19660115_0630_huang 1 1 0 0 0 3.97 5.46 3.97 5.46 0 0
ynao_sd_19660116_0200_huang 0 0 0 0 0 0 0 0 0 0 0
ynao_sd_19660117_0230_huang 1 1 0 0 0 4.03 5.74 4.03 5.74 0 0
ynao_sd_19660118_0225_huang 0 0 0 0 0 0 0 0 0 0 0
ynao_sd_19660119_0710_huang 0 0 0 0 0 0 0 0 0 0 0
ynao_sd_19660120_0350_huang 0 0 0 0 0 0 0 0 0 0 0
ynao_sd_19660121_0300_huang 1 1 0 0 0 3.75 4.1 3.75 4.1 0 0
ynao_sd_19660122_0200_huang 0 0 0 0 0 0 0 0 0 0 0
ynao_sd_19660123_0350_li 4 2 2 2 0 120.53 142.34 21.91 25.79 98.62 116.55
ynao_sd_19660124_0135_li 12 8 4 2 0 365.94 411.06 98.7 119.21 267.24 291.85
ynao_sd_19660125_0130_cheng 11 5 6 2 0 472.72 498.7 113.39 119.99 359.33 378.71
ynao_sd_19660126_0300_cheng 9 5 4 2 0 419.22 451.85 69.18 77.2 350.04 374.65
ynao_sd_19660127_0150_huang 7 5 2 1 0 251.75 285.03 70.53 79.38 181.22 205.65
ynao_sd_19660128_0719_xuang 8 7 1 1 0 154.94 203.28 62.8 80.93 92.14 122.35
ynao_sd_19660129_0630_huang 9 7 2 1 0 116.01 196.96 45.84 80.53 70.17 116.43
ynao_sd_19660130_0340_huang 13 11 2 1 0 135.12 243.26 86.02 141.54 49.1 101.72
ynao_sd_19660131_0820_huang 3 2 1 1 0 78.71 337.31 44.44 185.8 34.27 151.51
ynao_sd_19660202_0648_xuang 0 0 0 0 0 0 0 0 0 0 0
ynao_sd_19660203_0730_huang 0 0 0 0 0 0 0 0 0 0 0
ynao_sd_19660204_0220_huang 0 0 0 0 0 0 0 0 0 0 0
ynao_sd_19660205_0340_huang 0 0 0 0 0 0 0 0 0 0 0
ynao_sd_19660206_0710_huang 0 0 0 0 0 0 0 0 0 0 0
ynao_sd_19660207_0200_huang 1 1 0 0 0 15.2 26.19 15.2 26.19 0 0
ynao_sd_19660208_0155_xuang 1 1 0 0 0 4.84 6.16 4.84 6.16 0 0
ynao_sd_19660209_0214_xuang 0 0 0 0 0 0 0 0 0 0 0
ynao_sd_19660210_0240_huang 0 0 0 0 0 0 0 0 0 0 0
ynao_sd_19660211_0120_huang 0 0 0 0 0 0 0 0 0 0 0
ynao_sd_19660212_0300_huang 1 1 0 0 0 4.47 9.97 4.47 9.97 0 0
ynao_sd_19660214_0300_huang 0 0 0 0 0 0 0 0 0 0 0
ynao_sd_19660215_0110_huang 2 2 0 0 0 9.66 10.26 9.66 10.26 0 0
ynao_sd_19660216_0246_xuang 0 0 0 0 0 0 0 0 0 0 0
ynao_sd_19660217_0258_xuang 0 0 0 0 0 0 0 0 0 0 0
ynao_sd_19660218_0300_huang 0 0 0 0 0 0 0 0 0 0 0
ynao_sd_19660219_0150_huang 1 1 0 0 0 4.98 8.12 4.98 8.12 0 0
ynao_sd_19660220_0140_huang 0 0 0 0 0 0 0 0 0 0 0
ynao_sd_19660221_0210_huang 0 0 0 0 0 0 0 0 0 0 0
ynao_sd_19660222_0230_huang 1 1 0 0 0 4.1 5.94 4.1 5.94 0 0
ynao_sd_19660223_0640_huang 1 1 0 0 0 5.14 5.6 5.14 5.6 0 0
ynao_sd_19660224_0640_cheng 0 0 0 0 0 0 0 0 0 0 0
ynao_sd_19660225_0236_xuang 0 0 0 0 0 0 0 0 0 0 0
ynao_sd_19660226_0400_huang 0 0 0 0 0 0 0 0 0 0 0
ynao_sd_19660227_0340_huang 0 0 0 0 0 0 0 0 0 0 0
ynao_sd_19660228_0730_huang 0 0 0 0 0 0 0 0 0 0 0
ynao_sd_19660301_0630_huang 1 1 0 0 0 14.25 50.55 14.25 50.55 0 0
ynao_sd_19660302_0300_cheng 0 0 0 0 0 0 0 0 0 0 0
ynao_sd_19660303_0230_cheng 0 0 0 0 0 0 0 0 0 0 0
ynao_sd_19660304_0815_huang 0 0 0 0 0 0 0 0 0 0 0
ynao_sd_19660305_0820_huang 0 0 0 0 0 0 0 0 0 0 0
ynao_sd_19660306_0635_huang 1 1 0 0 0 9.21 13.41 9.21 13.41 0 0
ynao_sd_19660307_0125_huang 2 2 0 0 0 26.75 31.95 26.75 31.95 0 0
ynao_sd_19660308_0235_huang 1 1 0 0 0 11.22 18.04 11.22 18.04 0 0
ynao_sd_19660309_0530_cheng 0 0 0 0 0 0 0 0 0 0 0
ynao_sd_19660310_0215_huang 0 0 0 0 0 0 0 0 0 0 0
ynao_sd_19660311_1005_huang 0 0 0 0 0 0 0 0 0 0 0
ynao_sd_19660314_0150_huang 0 0 0 0 0 0 0 0 0 0 0
ynao_sd_19660315_0200_huang 0 0 0 0 0 0 0 0 0 0 0
ynao_sd_19660316_0110_cheng 2 2 0 0 0 10.33 18.49 10.33 18.49 0 0
ynao_sd_19660317_0130_huang 1 1 0 0 0 5.22 12.49 5.22 12.49 0 0
ynao_sd_19660318_0230_huang 0 0 0 0 0 0 0 0 0 0 0
ynao_sd_19660319_0240_huang 1 1 0 0 0 19.61 23.17 19.61 23.17 0 0
ynao_sd_19660320_0400_huang 0 0 0 0 0 0 0 0 0 0 0
ynao_sd_19660321_0300_huang 2 2 0 0 0 62.15 86.46 62.15 86.46 0 0
ynao_sd_19660322_0220_huang 0 0 0 0 0 0 0 0 0 0 0
ynao_sd_19660323_0150_cheng 1 1 0 0 0 5.72 8.13 5.72 8.13 0 0
ynao_sd_19660324_0230_huang 1 1 0 0 0 4.85 5.12 4.85 5.12 0 0
ynao_sd_19660325_0210_huang 0 0 0 0 0 0 0 0 0 0 0
ynao_sd_19660327_0605_huang 2 2 0 0 0 21.23 29.79 21.23 29.79 0 0
ynao_sd_19660328_0150_huang 0 0 0 0 0 0 0 0 0 0 0
ynao_sd_19660329_0240_huang 1 1 0 0 0 7.11 24.03 7.11 24.03 0 0
ynao_sd_19660330_0200_huang 0 0 0 0 0 0 0 0 0 0 0
ynao_sd_19660331_0320_huang 0 0 0 0 0 0 0 0 0 0 0
ynao_sd_19660401_0715_huang 2 2 0 0 0 15.13 16.15 15.13 16.15 0 0
ynao_sd_19660402_0300_huang 2 2 0 0 0 25.45 45.33 25.45 45.33 0 0
ynao_sd_19660403_0150_xuang 1 1 0 0 0 9.83 13.84 9.83 13.84 0 0
ynao_sd_19660404_0330_huang 0 0 0 0 0 0 0 0 0 0 0
ynao_sd_19660405_0240_huang 0 0 0 0 0 0 0 0 0 0 0
ynao_sd_19660406_0140_huang 0 0 0 0 0 0 0 0 0 0 0
ynao_sd_19660407_0150_huang 1 1 0 0 0 3.88 4.49 3.88 4.49 0 0
ynao_sd_19660408_0200_cheng 0 0 0 0 0 0 0 0 0 0 0
ynao_sd_19660409_0120_huang 1 1 0 0 0 3.38 4.21 3.38 4.21 0 0
ynao_sd_19660410_0100_huang 0 0 0 0 0 0 0 0 0 0 0
ynao_sd_19660411_0750_huang 0 0 0 0 0 0 0 0 0 0 0
ynao_sd_19660412_0200_huang 1 1 0 0 0 8.08 9.93 8.08 9.93 0 0
ynao_sd_19660413_0405_huang 1 1 0 0 0 6.0 7.74 6.0 7.74 0 0
ynao_sd_19660414_0200_cheng 0 0 0 0 0 0 0 0 0 0 0
ynao_sd_19660415_0140_huang 1 1 0 0 0 4.85 5.28 4.85 5.28 0 0
ynao_sd_19660416_0340_huang 0 0 0 0 0 0 0 0 0 0 0
ynao_sd_19660417_0800_huang 1 1 0 0 0 4.26 4.33 4.26 4.33 0 0
ynao_sd_19660418_0220_huang 4 4 0 0 0 35.46 49.57 35.46 49.57 0 0
ynao_sd_19660419_0120_huang 0 0 0 0 0 0 0 0 0 0 0
ynao_sd_19660420_0740_cheng 0 0 0 0 0 0 0 0 0 0 0
ynao_sd_19660421_0250_huang 0 0 0 0 0 0 0 0 0 0 0
ynao_sd_19660422_0205_huang 1 1 0 0 0 5.36 6.21 5.36 6.21 0 0
ynao_sd_19660423_0220_huang 0 0 0 0 0 0 0 0 0 0 0
ynao_sd_19660424_0035_xuang 0 0 0 0 0 0 0 0 0 0 0
ynao_sd_19660425_0220_huang 1 1 0 0 0 4.77 6.14 4.77 6.14 0 0
ynao_sd_19660426_0840_huang 0 0 0 0 0 0 0 0 0 0 0
ynao_sd_19660427_0130_huang 0 0 0 0 0 0 0 0 0 0 0
ynao_sd_19660428_0240_huang 1 1 0 0 0 10.44 11.66 10.44 11.66 0 0
ynao_sd_19660429_0255_huang 0 0 0 0 0 0 0 0 0 0 0
ynao_sd_19660430_0110_cheng 1 1 0 0 0 4.62 4.97 4.62 4.97 0 0
ynao_sd_19660501_0220_xuang 3 3 0 0 0 44.08 46.81 44.08 46.81 0 0
ynao_sd_19660502_0730_huang 1 1 0 0 0 5.95 6.87 5.95 6.87 0 0
ynao_sd_19660503_0630_huang 3 3 0 0 0 22.44 30.82 22.44 30.82 0 0
ynao_sd_19660505_0650_huang 0 0 0 0 0 0 0 0 0 0 0
ynao_sd_19660508_0030_xuang 0 0 0 0 0 0 0 0 0 0 0
ynao_sd_19660509_0137_huang 1 1 0 0 0 6.69 8.88 6.69 8.88 0 0
ynao_sd_19660513_0835_huang 0 0 0 0 0 0 0 0 0 0 0
ynao_sd_19660514_0050_huang 0 0 0 0 0 0 0 0 0 0 0
ynao_sd_19660519_0950_cheng 1 1 0 0 0 7.22 8.22 7.22 8.22 0 0
ynao_sd_19660520_0400_huang 8 5 3 1 0 101.35 108.45 39.84 43.31 61.51 65.14
ynao_sd_19660521_0120_huang 12 5 7 2 0 418.62 440.38 85.28 89.9 333.34 350.48
ynao_sd_19660522_0720_huang 8 4 4 2 0 571.33 636.63 104.14 115.79 467.19 520.84
ynao_sd_19660525_0820_huang 12 9 3 2 0 248.8 488.8 100.92 208.77 147.88 280.03
ynao_sd_19660526_0650_huang 5 5 0 0 0 39.96 133.5 39.96 133.5 0 0
ynao_sd_19660527_0150_cheng 3 3 0 0 0 227.75 394.47 227.75 394.47 0 0
ynao_sd_19660528_0210_huang 0 0 0 0 0 0 0 0 0 0 0
ynao_sd_19660529_0420_huang 0 0 0 0 0 0 0 0 0 0 0
ynao_sd_19660530_0330_cheng 2 2 0 0 0 7.7 8.91 7.7 8.91 0 0
ynao_sd_19660531_0220_huang 4 4 0 0 0 15.53 50.18 15.53 50.18 0 0
ynao_sd_19660601_0120_huang 3 3 0 0 0 12.41 25.2 12.41 25.2 0 0
ynao_sd_19660602_0300_huang 2 2 0 0 0 9.9 14.41 9.9 14.41 0 0
ynao_sd_19660607_0640_huang 2 2 0 0 0 9.2 10.92 9.2 10.92 0 0
ynao_sd_19660611_0750_huang 0 0 0 0 0 0 0 0 0 0 0
ynao_sd_19660614_0830_huang 1 1 0 0 0 5.95 6.98 5.95 6.98 0 0
ynao_sd_19660615_0500_huang 0 0 0 0 0 0 0 0 0 0 0
ynao_sd_19660621_0215_huang 0 0 0 0 0 0 0 0 0 0 0
ynao_sd_19660623_0740_huang 11 11 0 0 0 60.36 71.55 60.36 71.55 0 0
ynao_sd_19660624_0100_huang 10 8 2 1 0 107.51 121.72 55.94 63.34 51.57 58.38
ynao_sd_19660625_0735_xuang 7 6 1 1 0 234.05 258.22 131.25 145.47 102.8 112.75
ynao_sd_19660626_0205_xuang 4 3 1 1 0 208.99 239.16 88.98 103.84 120.01 135.32
ynao_sd_19660701_0820_huang 0 0 0 0 0 0 0 0 0 0 0
ynao_sd_19660704_0700_niu 0 0 0 0 0 0 0 0 0 0 0
ynao_sd_19660706_0830_niu 0 0 0 0 0 0 0 0 0 0 0
ynao_sd_19660707_0600_niu 0 0 0 0 0 0 0 0 0 0 0
ynao_sd_19660708_0840_niu 0 0 0 0 0 0 0 0 0 0 0
ynao_sd_19660713_0310_niu 1 1 0 0 0 27.53 36.33 27.53 36.33 0 0
ynao_sd_19660714_0400_niu 4 4 0 0 0 17.03 25.47 17.03 25.47 0 0
ynao_sd_19660715_0340_niu 1 1 0 0 0 7.87 10.8 7.87 10.8 0 0
ynao_sd_19660716_0410_niu 1 1 0 0 0 23.7 130.67 23.7 130.67 0 0
ynao_sd_19660718_0210_niu 6 4 2 1 0 126.8 281.64 50.06 98.47 76.74 183.17
ynao_sd_19660719_0520_niu 6 4 2 2 0 142.56 220.65 49.44 75.86 93.12 144.79
ynao_sd_19660720_0430_niu 4 1 3 2 0 118.45 154.94 25.18 33.25 93.27 121.69
ynao_sd_19660721_0230_niu 3 2 1 1 0 57.16 70.31 28.54 37.19 28.62 33.12
ynao_sd_19660726_0100_niu 2 2 0 0 0 21.47 24.26 21.47 24.26 0 0
ynao_sd_19660727_0540_niu 0 0 0 0 0 0 0 0 0 0 0
ynao_sd_19660729_0220_niu 0 0 0 0 0 0 0 0 0 0 0
ynao_sd_19660730_0040_niu 0 0 0 0 0 0 0 0 0 0 0
ynao_sd_19660731_0210_niu 0 0 0 0 0 0 0 0 0 0 0
ynao_sd_19660801_0050_niu 0 0 0 0 0 0 0 0 0 0 0
ynao_sd_19660802_0130_niu 3 3 0 0 0 15.8 20.41 15.8 20.41 0 0
ynao_sd_19660804_0040_niu 1 1 0 0 0 3.46 17.7 3.46 17.7 0 0
ynao_sd_19660805_0000_niu 0 0 0 0 0 0 0 0 0 0 0
ynao_sd_19660806_0310_niu 1 1 0 0 0 6.57 8.57 6.57 8.57 0 0
ynao_sd_19660812_0700_niu 1 1 0 0 0 12.57 17.73 12.57 17.73 0 0
ynao_sd_19660813_0020_niu 0 0 0 0 0 0 0 0 0 0 0
ynao_sd_19660814_0020_niu 3 3 0 0 0 20.52 27.77 20.52 27.77 0 0
ynao_sd_19660815_0150_niu 1 1 0 0 0 14.15 22.07 14.15 22.07 0 0
ynao_sd_19660816_0100_niu 3 3 0 0 0 22.2 44.45 22.2 44.45 0 0
ynao_sd_19660818_0050_niu 1 1 0 0 0 5.54 7.57 5.54 7.57 0 0
ynao_sd_19660821_0110_niu 4 4 0 0 0 19.21 26.23 19.21 26.23 0 0
ynao_sd_19660901_0110_niu 0 0 0 0 0 0 0 0 0 0 0
ynao_sd_19660902_0030_niu 0 0 0 0 0 0 0 0 0 0 0
ynao_sd_19660903_0140_niu 0 0 0 0 0 0 0 0 0 0 0
ynao_sd_19660904_0200_niu 0 0 0 0 0 0 0 0 0 0 0
ynao_sd_19660908_0100_niu 4 4 0 0 0 25.85 45.74 25.85 45.74 0 0
ynao_sd_19660909_0620_niu 10 10 0 0 0 85.17 103.37 85.17 103.37 0 0
ynao_sd_19660910_0110_huang 6 5 1 1 0 116.02 159.86 60.84 84.61 55.18 75.25
ynao_sd_19660911_0330_cheng 9 5 4 4 0 209.85 370.37 41.81 71.79 168.04 298.58
ynao_sd_19660912_0300_cheng 3 1 2 1 0 69.68 175.58 13.91 35.57 55.77 140.01
ynao_sd_19660916_0840_huang 0 0 0 0 0 0 0 0 0 0 0
ynao_sd_19660920_0230_huang 0 0 0 0 0 0 0 0 0 0 0
ynao_sd_19661003_0715_cheng 14 14 0 0 0 99.81 231.65 99.81 231.65 0 0
ynao_sd_19661009_0330_cheng 7 1 6 3 0 180.6 271.77 32.79 49.18 147.81 222.59
ynao_sd_19661011_0330_cheng 4 4 0 0 0 20.45 50.93 20.45 50.93 0 0
ynao_sd_19661020_0840_cheng 2 0 2 2 0 103.85 244.57 12.38 29.14 91.47 215.43
ynao_sd_19661021_0840_xuang 2 0 2 1 0 147.97 246.95 22.46 37.44 125.51 209.51
ynao_sd_19661022_0335_xuang 2 0 2 2 0 135.91 188.85 27.71 38.42 108.2 150.43
ynao_sd_19661023_0130_cheng 1 0 1 1 0 117.4 141.68 10.73 12.95 106.67 128.73
ynao_sd_19661024_0120_cheng 1 0 1 1 0 63.24 69.49 10.81 11.87 52.43 57.62
ynao_sd_19661025_0100_cheng 7 6 1 1 0 76.33 85.05 43.84 50.39 32.49 34.66
ynao_sd_19661026_0120_cheng 2 2 0 0 0 26.48 35.42 26.48 35.42 0 0
ynao_sd_19661029_0350_cheng 0 0 0 0 0 0 0 0 0 0 0
ynao_sd_19661030_0230_cheng 0 0 0 0 0 0 0 0 0 0 0
ynao_sd_19661101_0730_cheng 0 0 0 0 0 0 0 0 0 0 0
ynao_sd_19661102_0410_cheng 0 0 0 0 0 0 0 0 0 0 0
ynao_sd_19661103_0100_cheng 0 0 0 0 0 0 0 0 0 0 0
ynao_sd_19661104_0110_cheng 0 0 0 0 0 0 0 0 0 0 0
ynao_sd_19661105_0030_cheng 2 2 0 0 0 15.62 23.44 15.62 23.44 0 0
ynao_sd_19661106_0830_cheng 2 2 0 0 0 63.94 82.48 63.94 82.48 0 0
ynao_sd_19661107_0620_cheng 0 0 0 0 0 0 0 0 0 0 0
ynao_sd_19661108_0120_cheng 0 0 0 0 0 0 0 0 0 0 0
ynao_sd_19661109_0030_cheng 0 0 0 0 0 0 0 0 0 0 0
ynao_sd_19661110_0340_cheng 1 1 0 0 0 3.84 8.03 3.84 8.03 0 0
ynao_sd_19661111_0030_cheng 0 0 0 0 0 0 0 0 0 0 0
ynao_sd_19661112_0030_cheng 0 0 0 0 0 0 0 0 0 0 0
ynao_sd_19661113_0100_cheng 0 0 0 0 0 0 0 0 0 0 0
ynao_sd_19661116_0300_cheng 0 0 0 0 0 0 0 0 0 0 0
ynao_sd_19661117_0030_cheng 0 0 0 0 0 0 0 0 0 0 0
ynao_sd_19661118_0300_cheng 0 0 0 0 0 0 0 0 0 0 0
ynao_sd_19661119_0030_cheng 0 0 0 0 0 0 0 0 0 0 0
ynao_sd_19661122_0740_cheng 2 2 0 0 0 9.44 12.83 9.44 12.83 0 0
ynao_sd_19661123_0620_cheng 2 2 0 1 0 1398.98 2419.9 12.39 16.36 1386.59 2403.54
ynao_sd_19661124_0030_cheng 0 0 0 0 0 0 0 0 0 0 0
ynao_sd_19661126_0650_cheng 3 3 0 0 0 32.48 36.95 32.48 36.95 0 0
ynao_sd_19661128_0040_cheng 0 0 0 0 0 0 0 0 0 0 0
ynao_sd_19661128_0110_cheng 0 0 0 0 0 0 0 0 0 0 0
ynao_sd_19661129_0050_cheng 0 0 0 0 0 0 0 0 0 0 0
ynao_sd_19661204_0742_xuang 0 0 0 0 0 0 0 0 0 0 0
ynao_sd_19661205_0730_cheng 0 0 0 0 0 0 0 0 0 0 0
ynao_sd_19661206_0130_cheng 1 1 0 0 0 6.91 16.79 6.91 16.79 0 0
ynao_sd_19661207_0130_cheng 8 8 0 0 0 41.82 70.69 41.82 70.69 0 0
ynao_sd_19661208_0120_cheng 7 5 2 2 0 137.75 200.07 40.76 56.94 96.99 143.13
ynao_sd_19661209_0220_cheng 17 14 3 2 0 170.28 209.02 80.1 97.07 90.18 111.95
ynao_sd_19661210_0150_cheng 37 25 12 7 0 628.93 708.11 171.06 190.07 457.87 518.04
ynao_sd_19661211_0140_xuang 35 20 15 7 0 1427.58 1538.84 439.45 472.18 988.13 1066.66
ynao_sd_19661212_0120_cheng 33 15 18 5 0 900.89 988.8 180.35 198.3 720.54 790.5
ynao_sd_19661214_0040_cheng 38 19 19 7 0 1043.12 1402.51 195.92 258.34 847.2 1144.17
ynao_sd_19661215_0050_cheng 18 11 7 3 0 564.21 958.93 152.47 264.23 411.74 694.7
ynao_sd_19661216_0140_cheng 8 4 4 3 0 241.89 561.07 49.05 108.68 192.84 452.39
ynao_sd_19661217_0100_cheng 6 6 0 0 0 54.57 134.45 54.57 134.45 0 0
ynao_sd_19661218_0417_xuang 0 0 0 0 0 0 0 0 0 0 0
ynao_sd_19661219_0100_cheng 2 2 0 0 0 20.06 40.74 20.06 40.74 0 0
ynao_sd_19661220_0100_cheng 0 0 0 0 0 0 0 0 0 0 0
ynao_sd_19661221_0150_cheng 2 1 1 1 0 28.54 29.83 9.22 9.66 19.32 20.17
ynao_sd_19661222_0050_cheng 1 0 1 1 0 458.95 461.04 8.17 8.2 450.78 452.84
ynao_sd_19661223_0140_cheng 1 0 1 1 0 77.7 226.84 6.93 20.45 70.77 206.39
ynao_sd_19661224_0120_cheng 8 4 4 2 0 949.57 2834.87 41.22 95.44 908.35 2739.43
ynao_sd_19661225_0539_xuang 6 5 1 1 0 197.19 296.09 67.6 110.69 129.59 185.4
ynao_sd_19661226_0120_cheng 12 9 3 1 0 188.23 256.09 92.46 136.82 95.77 119.27
ynao_sd_19661227_0300_cheng 6 4 2 1 0 158.92 182.04 32.99 39.98 125.93 142.06
ynao_sd_19661228_0300_cheng 8 6 2 1 0 195.81 213.57 56.19 63.03 139.62 150.54
ynao_sd_19661229_0200_cheng 8 7 1 1 0 188.72 204.63 63.42 69.4 125.3 135.23
ynao_sd_19661230_0115_cheng 12 11 1 1 0 217.76 265.78 85.12 115.31 132.64 150.47
ynao_sd_19661231_0115_cheng 12 8 4 3 0 299.15 361.29 84.98 102.19 214.17 259.1
