ynao_sd_19670101_0225_bao 19 13 6 3 0 535.22 593.23 222.74 246.64 312.48 346.59
ynao_sd_19670102_0200_chen 45 26 19 6 0 878.65 1002.38 222.58 252.09 656.07 750.29
ynao_sd_19670106_0615_chen 38 14 24 9 0 2037.21 3127.67 285.81 400.57 1751.4 2727.1
ynao_sd_19670107_0115_chen 23 6 17 7 0 1719.51 3079.88 246.93 444.66 1472.58 2635.22
ynao_sd_19670109_0320_chen 6 2 4 2 0 488.25 642.38 62.06 79.63 426.19 562.75
ynao_sd_19670110_0120_chen 5 0 5 2 0 307.84 503.57 42.61 70.08 265.23 433.49
ynao_sd_19670115_0800_chen 22 12 10 3 0 949.11 1026.8 211.45 227.57 737.66 799.23
ynao_sd_19670116_0630_chen 17 8 9 3 0 1026.32 1088.3 196.56 208.41 829.76 879.89
ynao_sd_19670117_0320_chen 14 7 7 3 0 1007.1 1092.04 155.6 168.78 851.5 923.26
ynao_sd_19670118_0640_chen 15 9 6 3 0 558.97 670.21 113.77 134.43 445.2 535.78
ynao_sd_19670119_0130_chen 10 3 7 4 0 422.52 555.96 84.15 111.8 338.37 444.16
ynao_sd_19670120_0120_chen 7 5 2 1 0 258.74 452.27 46.9 73.51 211.84 378.76
ynao_sd_19670121_0130_chen 6 3 3 2 0 181.89 389.9 44.97 82.55 136.92 307.35
ynao_sd_19670122_0210_huang 6 6 0 1 0 105.33 312.85 85.29 291.66 20.04 21.19
ynao_sd_19670123_0300_chen 8 6 2 1 0 210.09 957.38 47.69 147.04 162.4 810.34
ynao_sd_19670124_0130_chen 4 2 2 1 0 280.3 726.81 35.26 72.69 245.04 654.12
ynao_sd_19670125_0145_chen 3 0 3 1 0 419.22 768.09 30.74 56.22 388.48 711.87
ynao_sd_19670126_0220_chen 3 1 2 1 0 536.5 759.16 77.32 106.69 459.18 652.47
ynao_sd_19670127_0240_chen 4 1 3 1 0 606.97 727.59 78.52 93.68 528.45 633.91
ynao_sd_19670128_0100_chen 5 2 3 1 0 551.23 603.01 94.05 102.74 457.18 500.27
ynao_sd_19670129_0300_xu 8 5 3 1 0 583.39 610.32 191.01 200.25 392.38 410.07
ynao_sd_19670130_0200_chen 5 3 2 1 0 613.76 649.84 104.44 114.71 509.32 535.13
ynao_sd_19670202_0730_chen 11 7 4 2 0 459.97 706.3 84.54 118.86 375.43 587.44
ynao_sd_19670203_0320_huang 6 2 4 2 0 571.68 983.08 104.19 171.89 467.49 811.19
ynao_sd_19670204_0540_huang 5 2 3 3 0 1288.34 1818.41 101.86 177.04 1186.48 1641.37
ynao_sd_19670206_0630_chen 6 2 4 2 0 421.91 568.47 68.95 94.19 352.96 474.28
ynao_sd_19670207_0620_huang 13 8 5 2 0 562.0 663.38 174.51 202.7 387.49 460.68
ynao_sd_19670208_0235_li 12 11 1 1 0 307.56 349.57 84.98 98.59 222.58 250.98
ynao_sd_19670210_0750_li 3 2 1 1 0 121.3 205.89 23.22 35.43 98.08 170.46
ynao_sd_19670211_0320_chen 1 0 1 1 0 100.2 230.91 11.22 25.69 88.98 205.22
ynao_sd_19670212_0140_huang 3 3 0 0 0 55.62 214.27 55.62 214.27 0 0
ynao_sd_19670213_0130_li 1 1 0 0 0 19.36 44.88 19.36 44.88 0 0
ynao_sd_19670215_0145_chen 3 1 2 1 0 140.86 209.92 25.46 35.11 115.4 174.81
ynao_sd_19670215_0450_li 3 1 2 1 0 112.3 208.77 19.84 34.87 92.46 173.9
ynao_sd_19670217_0440_li 2 1 1 1 0 123.36 152.57 27.91 33.8 95.45 118.77
ynao_sd_19670218_0110_li 4 2 2 1 0 106.06 119.75 30.24 34.24 75.82 85.51
ynao_sd_19670219_0150_chen 3 2 1 1 0 95.09 100.72 19.06 20.22 76.03 80.5
ynao_sd_19670220_0145_huang 5 3 2 1 0 157.91 391.44 81.61 311.72 76.3 79.72
ynao_sd_19670221_0230_huang 7 6 1 1 0 138.9 277.29 68.97 109.4 69.93 167.89
ynao_sd_19670222_0220_huang 5 4 1 1 0 166.18 277.2 45.77 69.93 120.41 207.27
ynao_sd_19670223_0200_chen 4 3 1 1 0 196.65 269.13 37.87 48.95 158.78 220.18
ynao_sd_19670224_0230_huang 5 3 2 1 0 281.94 382.27 60.16 120.35 221.78 261.92
ynao_sd_19670225_0110_chen 2 1 1 1 0 187.55 206.51 31.14 37.31 156.41 169.2
ynao_sd_19670226_0350_huang 2 1 1 1 0 275.92 290.06 38.42 43.14 237.5 246.92
ynao_sd_19670227_0810_chen 25 22 3 2 0 748.39 2398.68 134.05 254.58 614.34 2144.1
ynao_sd_19670228_0620_chen 29 22 7 4 0 461.02 767.04 159.6 252.02 301.42 515.02
ynao_sd_19670301_0330_huang 36 23 13 6 0 907.94 1395.58 250.98 338.04 656.96 1057.54
ynao_sd_19670302_0350_huang 41 19 22 5 0 1299.36 1690.02 282.97 351.49 1016.39 1338.53
ynao_sd_19670303_0710_huang 43 21 22 7 0 1342.01 2369.71 293.69 505.21 1048.32 1864.5
ynao_sd_19670304_0400_huang 49 32 17 6 0 1472.61 2289.4 451.99 825.86 1020.62 1463.54
ynao_sd_19670305_0500_chen 31 13 18 7 0 1616.42 2352.84 234.9 308.39 1381.52 2044.45
ynao_sd_19670308_0310_chen 35 13 22 6 0 1836.54 2066.17 261.3 293.86 1575.24 1772.31
ynao_sd_19670309_0110_chen 30 16 14 6 0 1313.12 1474.0 205.1 242.78 1108.02 1231.22
ynao_sd_19670311_0310_chen 23 20 3 1 0 524.82 601.5 171.79 215.99 353.03 385.51
ynao_sd_19670312_0250_huang 27 23 4 1 0 367.63 442.68 176.13 209.93 191.5 232.75
ynao_sd_19670313_0120_chen 16 14 2 1 0 158.42 290.92 89.41 191.87 69.01 99.05
ynao_sd_19670314_0120_chen 10 9 1 1 0 107.35 211.46 48.83 99.32 58.52 112.14
ynao_sd_19670315_0100_huang 16 13 3 2 0 199.62 327.45 89.65 162.62 109.97 164.83
ynao_sd_19670317_0200_chen 8 5 3 2 0 105.3 114.03 43.14 46.88 62.16 67.15
ynao_sd_19670318_0440_huang 17 12 5 3 0 348.87 357.89 80.34 82.83 268.53 275.06
ynao_sd_19670319_0040_xuan 16 16 0 0 0 174.44 177.3 174.44 177.3 0 0
ynao_sd_19670320_0420_huang 8 8 0 1 0 107.36 114.47 54.75 58.65 52.61 55.82
ynao_sd_19670321_0130_li 7 7 0 0 0 52.37 61.16 52.37 61.16 0 0
ynao_sd_19670322_0110_chen 4 4 0 0 0 17.7 23.33 17.7 23.33 0 0
ynao_sd_19670323_0110_chen 6 6 0 0 0 31.08 48.05 31.08 48.05 0 0
ynao_sd_19670324_0120_li 0 0 0 0 0 0 0 0 0 0 0
ynao_sd_19670326_0800_li 4 2 2 1 0 106.32 283.38 21.6 43.02 84.72 240.36
ynao_sd_19670327_0100_li 4 2 2 1 0 165.22 334.74 21.78 39.91 143.44 294.83
ynao_sd_19670328_0315_li 16 7 9 4 0 420.83 577.69 123.12 150.34 297.71 427.35
ynao_sd_19670329_0040_li 21 11 10 5 0 615.24 748.48 143.48 173.57 471.76 574.91
ynao_sd_19670330_0040_chen 34 18 16 5 0 1035.65 1356.54 213.83 278.64 821.82 1077.9
ynao_sd_19670331_0200_chen 23 14 9 5 0 598.92 947.06 143.5 220.24 455.42 726.82
ynao_sd_19670401_0215_li 20 10 10 4 0 492.35 1022.4 133.29 229.01 359.06 793.39
ynao_sd_19670402_0120_chen 24 20 4 2 0 313.17 847.69 187.39 364.06 125.78 483.63
ynao_sd_19670403_0230_chen 9 7 2 0 0 85.59 104.19 95.34 140.48 9.75 36.29
ynao_sd_19670404_0810_chen 3 3 0 1 0 213.54 435.86 20.61 28.13 192.93 407.73
ynao_sd_19670405_0040_chen 14 14 0 0 0 97.52 185.48 97.52 185.48 0 0
ynao_sd_19670406_0040_chen 10 8 2 1 0 140.6 172.48 68.76 87.08 71.84 85.4
ynao_sd_19670407_0110_li 17 14 3 2 0 156.13 165.63 108.53 115.03 47.6 50.6
ynao_sd_19670408_0230_chen 29 19 10 5 0 454.58 496.24 166.07 182.86 288.51 313.38
ynao_sd_19670409_0050_li 23 9 14 4 0 828.38 1009.86 179.69 221.5 648.69 788.36
ynao_sd_19670410_0140_chen 24 8 16 8 0 655.53 951.87 115.03 166.74 540.5 785.13
ynao_sd_19670411_0120_chen 17 7 10 4 0 655.59 1213.93 97.59 181.68 558.0 1032.25
ynao_sd_19670413_0710_li 4 4 0 0 0 22.39 42.78 22.39 42.78 0 0
ynao_sd_19670414_0210_li 1 1 0 0 0 4.36 10.02 4.36 10.02 0 0
ynao_sd_19670418_0110_chen 3 2 1 1 0 80.42 198.43 21.65 37.74 58.77 160.69
ynao_sd_19670419_0800_li 2 1 1 1 0 100.42 161.32 15.64 23.03 84.78 138.29
ynao_sd_19670421_0120_chen 10 7 3 2 0 215.27 273.56 68.36 91.98 146.91 181.58
ynao_sd_19670422_0100_chen 19 15 4 2 0 428.6 572.31 114.12 154.76 314.48 417.55
ynao_sd_19670423_0120_li 17 12 5 2 0 325.88 473.32 85.68 123.12 240.2 350.2
ynao_sd_19670424_0640_li 6 3 3 1 0 178.74 227.71 55.93 96.56 122.81 131.15
ynao_sd_19670425_0125_li 6 5 1 1 0 157.99 222.02 48.74 99.23 109.25 122.79
ynao_sd_19670426_0200_li 3 1 2 2 0 90.86 114.35 12.83 16.12 78.03 98.23
ynao_sd_19670427_0850_li 6 6 0 0 0 41.05 59.78 41.05 59.78 0 0
ynao_sd_19670428_0037_li 9 8 1 1 0 195.99 393.9 156.14 349.56 39.85 44.34
ynao_sd_19670429_0100_li 18 12 6 4 0 411.95 573.0 133.85 202.35 278.1 370.65
ynao_sd_19670430_0210_niu 15 13 2 1 0 252.17 279.4 88.72 109.99 163.45 169.41
ynao_sd_19670501_0210_chen 15 12 3 2 0 434.39 497.65 98.66 116.13 335.73 381.52
ynao_sd_19670502_0040_chen 21 17 4 2 0 385.08 466.43 125.47 153.91 259.61 312.52
ynao_sd_19670503_0055_li 15 10 5 3 0 456.29 588.41 94.67 125.18 361.62 463.23
ynao_sd_19670504_0100_chen 14 8 6 3 0 1927.07 4409.91 71.73 104.97 1855.34 4304.94
ynao_sd_19670505_0030_li 10 8 2 2 0 197.07 386.18 78.14 112.26 118.93 273.92
ynao_sd_19670507_0103_li 5 4 1 1 0 63.07 100.57 24.02 44.44 39.05 56.13
ynao_sd_19670508_0044_li 2 2 0 0 0 38.43 113.45 38.43 113.45 0 0
ynao_sd_19670509_0500_li 3 3 0 0 0 33.53 89.09 33.53 89.09 0 0
ynao_sd_19670510_0130_li 2 2 0 0 0 14.72 25.34 14.72 25.34 0 0
ynao_sd_19670511_0040_li 1 1 0 0 0 7.68 12.71 7.68 12.71 0 0
ynao_sd_19670512_0150_li 2 2 0 0 0 15.45 23.16 15.45 23.16 0 0
ynao_sd_19670513_0100_li 4 4 0 0 0 21.98 26.5 21.98 26.5 0 0
ynao_sd_19670514_0140_chen 5 5 0 0 0 44.9 71.75 44.9 71.75 0 0
ynao_sd_19670515_0240_li 6 6 0 0 0 51.95 88.1 51.95 88.1 0 0
ynao_sd_19670516_0105_li 11 10 1 1 0 93.21 165.83 55.54 77.02 37.67 88.81
ynao_sd_19670517_0110_li 10 5 5 2 0 158.27 209.04 56.28 67.38 101.99 141.66
ynao_sd_19670520_0030_chen 15 12 3 3 0 249.47 501.77 125.38 162.36 124.09 339.41
ynao_sd_19670521_0120_li 6 3 3 3 0 279.79 536.38 51.71 74.94 228.08 461.44
ynao_sd_19670522_0054_li 10 8 2 2 0 361.69 546.18 140.73 176.96 220.96 369.22
ynao_sd_19670523_0015_li 9 8 1 1 0 384.02 531.23 101.99 147.02 282.03 384.21
ynao_sd_19670524_0350_li 3 2 1 1 0 388.26 448.95 67.88 79.14 320.38 369.81
ynao_sd_19670525_0230_li 7 6 1 1 0 423.93 474.24 99.06 127.3 324.87 346.94
ynao_sd_19670526_0255_li 11 3 8 5 0 713.67 1342.37 106.25 158.21 607.42 1184.16
ynao_sd_19670528_0650_chen 20 12 8 4 0 713.15 943.17 168.02 209.58 545.13 733.59
ynao_sd_19670529_0250_li 18 11 7 4 0 886.23 1161.95 193.47 255.56 692.76 906.39
ynao_sd_19670530_0210_li 17 10 7 4 0 802.76 1059.58 119.46 160.44 683.3 899.14
ynao_sd_19670601_0950_cheng 10 6 4 2 0 331.11 585.84 123.56 368.19 207.55 217.65
ynao_sd_19670602_0250_cheng 7 1 6 3 0 334.89 359.8 43.82 46.95 291.07 312.85
ynao_sd_19670603_0710_cheng 8 3 5 2 0 303.93 364.55 59.77 77.58 244.16 286.97
ynao_sd_19670605_0250_cheng 8 6 2 1 0 139.15 225.54 88.66 144.05 50.49 81.49
ynao_sd_19670606_0810_cheng 2 1 1 1 0 49.8 116.8 12.12 22.64 37.68 94.16
ynao_sd_19670610_0005_li 0 0 0 0 0 0 0 0 0 0 0
ynao_sd_19670611_0230_cheng 3 3 0 0 0 19.92 22.28 19.92 22.28 0 0
ynao_sd_19670612_0130_cheng 3 1 2 1 0 92.07 116.75 25.57 31.79 66.5 84.96
ynao_sd_19670614_0120_li 4 4 0 0 0 34.06 77.84 34.06 77.84 0 0
ynao_sd_19670616_0016_li 1 1 0 0 0 9.71 15.53 9.71 15.53 0 0
ynao_sd_19670617_0250_cheng 3 2 1 1 0 50.89 122.52 21.06 37.15 29.83 85.37
ynao_sd_19670618_0040_li 2 1 1 1 0 31.55 57.7 9.51 14.2 22.04 43.5
ynao_sd_19670618_0050_li 1 0 1 1 0 35.9 54.24 4.5 6.79 31.4 47.45
ynao_sd_19670620_0820_li 2 2 0 0 0 18.53 38.2 18.53 38.2 0 0
ynao_sd_19670621_0400_li 0 0 0 0 0 0 0 0 0 0 0
ynao_sd_19670623_0200_li 3 3 0 0 0 15.45 29.99 15.45 29.99 0 0
ynao_sd_19670624_0900_li 15 13 2 2 0 307.45 409.42 78.82 105.55 228.63 303.87
ynao_sd_19670625_0750_cheng 16 9 7 2 0 348.82 416.64 65.7 79.31 283.12 337.33
ynao_sd_19670628_0140_li 11 7 4 2 0 397.47 454.4 74.25 83.84 323.22 370.56
ynao_sd_19670629_0130_li 3 0 3 1 0 337.87 426.05 52.77 66.63 285.1 359.42
ynao_sd_19670630_0820_li 6 2 4 1 0 254.2 421.75 82.28 150.31 171.92 271.44
ynao_sd_19670702_0830_li 6 3 3 2 0 152.36 346.66 38.21 74.41 114.15 272.25
ynao_sd_19670703_0825_li 14 7 7 4 0 393.55 481.37 91.16 109.84 302.39 371.53
ynao_sd_19670704_0030_li 7 4 3 3 0 444.55 501.36 61.52 72.44 383.03 428.92
ynao_sd_19670709_0740_cheng 0 0 0 1 0 106.48 288.95 0 0 106.48 288.95
ynao_sd_19670710_0750_cheng 1 1 0 0 0 17.8 92.53 17.8 92.53 0 0
ynao_sd_19670711_0050_li 1 1 0 0 0 7.56 15.01 7.56 15.01 0 0
ynao_sd_19670712_0220_li 4 4 0 0 0 21.22 39.04 21.22 39.04 0 0
ynao_sd_19670715_0630_cheng 21 21 0 0 0 128.04 181.6 128.04 181.6 0 0
ynao_sd_19670716_0630_li 19 17 2 2 0 212.86 262.71 181.0 227.94 31.86 34.77
ynao_sd_19670717_0615_li 19 17 2 1 0 167.01 205.81 146.49 183.74 20.52 22.07
ynao_sd_19670718_0350_li 11 10 1 1 0 119.86 137.22 93.95 108.91 25.91 28.31
ynao_sd_19670719_0025_cheng 17 17 0 0 0 87.99 145.32 87.99 145.32 0 0
ynao_sd_19670720_0250_li 6 5 1 1 0 72.07 126.73 42.92 72.45 29.15 54.28
ynao_sd_19670721_0100_cheng 12 12 0 0 0 98.32 144.0 98.32 144.0 0 0
ynao_sd_19670722_0608_li 7 6 1 1 0 143.26 179.05 62.07 82.21 81.19 96.84
ynao_sd_19670725_1020_cheng 9 8 1 1 0 159.66 233.59 59.21 70.23 100.45 163.36
ynao_sd_19670727_0400_li 1 0 1 1 0 56.64 159.52 5.85 16.44 50.79 143.08
ynao_sd_19670730_0107_li 2 2 0 1 0 44.79 75.35 13.11 16.95 31.68 58.4
ynao_sd_19670731_0017_li 1 1 0 0 0 7.1 10.39 7.1 10.39 0 0
ynao_sd_19670801_0025_li 1 1 0 0 0 8.34 10.4 8.34 10.4 0 0
ynao_sd_19670802_0130_cheng 7 6 1 1 0 165.55 203.78 52.78 64.73 112.77 139.05
ynao_sd_19670803_0010_li 4 2 2 1 0 122.04 147.76 37.26 44.64 84.78 103.12
ynao_sd_19670804_0802_li 4 2 2 1 0 96.66 129.61 36.45 51.79 60.21 77.82
ynao_sd_19670806_0600_cheng 16 12 4 3 0 494.74 1093.49 126.84 248.8 367.9 844.69
ynao_sd_19670809_0650_cheng 13 8 5 4 0 1085.16 2866.35 149.13 267.26 936.03 2599.09
ynao_sd_19670810_0150_cheng 12 8 4 3 0 835.42 1093.05 159.07 203.94 676.35 889.11
ynao_sd_19670811_0140_cheng 10 7 3 3 0 999.08 1179.54 165.75 200.98 833.33 978.56
ynao_sd_19670812_0040_cheng 16 12 4 3 0 946.48 1076.87 179.25 212.1 767.23 864.77
ynao_sd_19670813_0630_li 5 2 3 3 0 912.07 1049.86 163.54 188.91 748.53 860.95
ynao_sd_19670814_0700_li 7 3 4 3 0 801.72 1240.68 132.4 203.34 669.32 1037.34
ynao_sd_19670817_0700_li 6 0 6 3 0 1025.8 1826.25 160.91 262.7 864.89 1563.55
ynao_sd_19670818_0010_li 4 0 4 2 0 859.94 1264.22 145.58 204.7 714.36 1059.52
ynao_sd_19670820_0825_li 2 1 1 1 0 720.81 910.07 120.46 151.48 600.35 758.59
ynao_sd_19670821_0145_li 3 0 3 1 0 629.63 819.2 93.53 121.58 536.1 697.62
ynao_sd_19670822_0240_cheng 8 6 2 1 0 529.28 761.67 113.2 162.47 416.08 599.2
ynao_sd_19670823_0030_li 2 0 2 1 0 360.39 600.93 54.25 90.16 306.14 510.77
ynao_sd_19670824_0300_li 2 0 2 1 0 288.42 623.91 31.16 67.88 257.26 556.03
ynao_sd_19670825_0240_li 6 4 2 1 0 251.1 709.23 46.05 91.48 205.05 617.75
ynao_sd_19670826_0120_cheng 17 16 1 1 0 126.4 180.52 97.18 147.52 29.22 33.0
ynao_sd_19670827_0200_li 8 3 5 2 0 182.47 210.79 52.89 61.36 129.58 149.43
ynao_sd_19670828_0100_cheng 16 12 4 2 0 207.39 258.31 81.44 102.06 125.95 156.25
ynao_sd_19670829_0040_cheng 13 8 5 2 0 263.25 361.05 70.49 95.47 192.76 265.58
ynao_sd_19670830_0040_cheng 10 7 3 3 0 248.15 424.65 71.56 112.47 176.59 312.18
ynao_sd_19670831_0220_cheng 13 11 2 2 0 259.3 474.47 103.55 172.23 155.75 302.24
ynao_sd_19670902_0910_cheng 24 18 6 4 0 404.09 578.75 139.9 217.85 264.19 360.9
ynao_sd_19670903_0510_li 5 1 4 4 0 243.84 374.12 35.88 61.08 207.96 313.04
ynao_sd_19670904_0520_li 11 5 6 4 0 260.29 381.36 60.6 80.87 199.69 300.49
ynao_sd_19670906_0330_li 10 6 4 4 0 350.92 631.87 86.68 149.33 264.24 482.54
ynao_sd_19670907_0035_li 8 3 5 3 0 365.22 584.8 75.8 119.7 289.42 465.1
ynao_sd_19670908_0730_cheng 17 10 7 3 0 360.37 557.28 107.92 205.22 252.45 352.06
ynao_sd_19670909_0330_cheng 22 15 7 3 0 337.5 459.67 110.41 172.24 227.09 287.43
ynao_sd_19670912_0945_li 4 3 1 1 0 110.38 135.0 35.86 48.08 74.52 86.92
ynao_sd_19670914_0120_cheng 2 1 1 1 0 36.0 61.98 14.98 32.98 21.02 29.0
ynao_sd_19670915_0012_li 3 2 1 1 0 138.63 202.66 28.31 41.26 110.32 161.4
ynao_sd_19670916_0020_cheng 3 2 1 1 0 107.94 146.6 22.37 34.81 85.57 111.79
ynao_sd_19670917_0144_li 7 6 1 1 0 188.48 244.28 62.56 88.95 125.92 155.33
ynao_sd_19670920_0715_li 9 2 7 4 0 521.29 634.87 76.73 93.31 444.56 541.56
ynao_sd_19670923_0920_cheng 8 4 4 2 0 207.16 423.51 54.13 142.23 153.03 281.28
ynao_sd_19670924_0050_li 4 4 0 0 0 121.35 276.52 121.35 276.52 0 0
ynao_sd_19670927_0845_li 1 1 0 0 0 5.89 9.08 5.89 9.08 0 0
ynao_sd_19670930_0450_cheng 6 4 2 1 0 135.36 217.07 35.04 57.62 100.32 159.45
ynao_sd_19671004_0925_li 3 0 3 2 0 295.32 331.31 38.7 43.81 256.62 287.5
ynao_sd_19671008_0510_li 8 6 2 2 0 307.63 502.58 107.89 187.33 199.74 315.25
ynao_sd_19671009_0330_li 4 2 2 2 0 191.03 323.09 45.76 78.17 145.27 244.92
ynao_sd_19671010_0730_li 2 1 1 1 0 81.05 107.59 25.89 39.83 55.16 67.76
ynao_sd_19671012_0140_li 2 2 0 0 0 29.18 45.41 29.18 45.41 0 0
ynao_sd_19671013_0310_cheng 4 2 2 1 0 115.36 208.02 27.87 53.42 87.49 154.6
ynao_sd_19671014_0540_cheng 3 1 2 1 0 106.56 165.05 19.98 46.39 86.58 118.66
ynao_sd_19671016_0420_li 4 2 2 1 0 129.56 159.5 30.86 45.07 98.7 114.43
ynao_sd_19671017_0500_cheng 5 3 2 1 0 112.99 129.58 29.72 33.66 83.27 95.92
ynao_sd_19671018_0020_cheng 5 4 1 1 0 110.16 130.3 28.15 32.91 82.01 97.39
ynao_sd_19671019_0120_cheng 5 4 1 1 0 51.84 64.87 22.13 25.37 29.71 39.5
ynao_sd_19671020_0200_cheng 4 4 0 0 0 31.81 52.26 31.81 52.26 0 0
ynao_sd_19671023_0300_cheng 0 0 0 0 0 0 0 0 0 0 0
ynao_sd_19671026_0630_cheng 0 0 0 0 0 0 0 0 0 0 0
ynao_sd_19671027_0230_cheng 2 2 0 0 0 17.09 20.65 17.09 20.65 0 0
ynao_sd_19671028_0300_cheng 5 3 2 1 0 90.21 241.23 30.56 64.37 59.65 176.86
ynao_sd_19671029_0210_niu 17 10 7 3 0 343.76 612.74 102.55 218.0 241.21 394.74
ynao_sd_19671030_0050_cheng 23 14 9 4 0 497.28 978.35 131.04 220.41 366.24 757.94
ynao_sd_19671031_0135_cheng 26 14 12 6 0 642.24 971.25 135.39 185.48 506.85 785.77
ynao_sd_19671101_0125_li 9 3 6 4 0 677.35 896.1 133.39 164.37 543.96 731.73
ynao_sd_19671102_0350_li 9 5 4 4 0 667.06 797.98 136.16 167.79 530.9 630.19
ynao_sd_19671103_0625_cheng 22 16 6 4 0 711.32 807.9 184.58 214.21 526.74 593.69
ynao_sd_19671104_0230_cheng 33 28 5 2 0 709.9 839.76 252.5 324.32 457.4 515.44
ynao_sd_19671105_0320_li 5 2 3 2 0 352.71 402.67 60.23 76.73 292.48 325.94
ynao_sd_19671106_0033_li 7 3 4 2 0 263.23 322.92 46.83 68.69 216.4 254.23
ynao_sd_19671107_0110_cheng 14 11 3 2 0 239.47 364.93 78.7 154.0 160.77 210.93
ynao_sd_19671108_0033_li 3 1 2 2 0 114.09 203.47 23.13 60.45 90.96 143.02
ynao_sd_19671109_0100_li 3 1 2 2 0 109.24 224.55 18.18 34.53 91.06 190.02
ynao_sd_19671110_0140_li 2 1 1 1 0 35.83 120.08 13.62 45.64 22.21 74.44
ynao_sd_19671111_0020_cheng 1 1 0 0 0 7.75 11.29 7.75 11.29 0 0
ynao_sd_19671114_0740_li 2 2 0 0 0 18.22 19.97 18.22 19.97 0 0
ynao_sd_19671116_0055_li 6 6 0 0 0 27.83 47.34 27.83 47.34 0 0
ynao_sd_19671117_0610_li 3 3 0 0 0 15.19 28.17 15.19 28.17 0 0
ynao_sd_19671118_0850_cheng 4 3 1 1 0 70.35 116.07 44.59 73.28 25.76 42.79
ynao_sd_19671119_0320_li 2 2 0 0 0 32.76 64.85 32.76 64.85 0 0
ynao_sd_19671120_0430_li 1 1 0 0 0 8.26 28.91 8.26 28.91 0 0
ynao_sd_19671121_0150_li 1 1 0 0 0 9.93 11.12 9.93 11.12 0 0
ynao_sd_19671122_0050_li 0 0 0 0 0 0 0 0 0 0 0
ynao_sd_19671123_0100_li 0 0 0 0 0 0 0 0 0 0 0
ynao_sd_19671124_0120_li 10 10 0 0 0 72.13 134.21 72.13 134.21 0 0
ynao_sd_19671125_0040_cheng 21 17 4 4 0 321.57 474.03 147.94 255.56 173.63 218.47
ynao_sd_19671127_0055_li 10 5 5 2 0 358.38 447.4 113.68 169.28 244.7 278.12
ynao_sd_19671128_0108_li 15 11 4 4 0 485.47 591.52 162.51 205.91 322.96 385.61
ynao_sd_19671129_0100_li 24 7 17 6 0 909.65 1263.68 142.8 205.36 766.85 1058.32
ynao_sd_19671201_0220_li 19 10 9 3 0 566.71 1059.37 199.21 327.43 367.5 731.94
ynao_sd_19671202_0030_cheng 30 20 10 5 0 428.64 754.49 169.05 380.59 259.59 373.9
ynao_sd_19671203_0225_li 5 3 2 2 0 126.98 245.78 37.63 66.31 89.35 179.47
ynao_sd_19671204_0055_li 5 5 0 0 0 39.41 54.3 39.41 54.3 0 0
ynao_sd_19671205_0205_li 5 4 1 1 0 88.31 210.34 41.32 83.63 46.99 126.71
ynao_sd_19671206_0020_cheng 11 8 3 2 0 183.33 454.63 63.45 139.46 119.88 315.17
ynao_sd_19671207_0100_li 11 6 5 3 0 450.99 706.7 78.58 119.96 372.41 586.74
ynao_sd_19671208_0210_cheng 12 6 6 3 0 489.74 623.07 101.15 131.73 388.59 491.34
ynao_sd_19671209_0130_li 15 11 4 3 0 371.96 434.74 112.04 133.21 259.92 301.53
ynao_sd_19671210_0140_zhou 19 16 3 2 0 374.55 408.35 170.03 185.87 204.52 222.48
ynao_sd_19671211_0150_zhou 22 20 2 3 0 362.7 385.87 156.01 166.37 206.69 219.5
ynao_sd_19671212_0155_zhou 24 16 8 4 0 599.37 669.65 198.2 218.31 401.17 451.34
ynao_sd_19671213_0205_zhou 19 12 7 5 0 726.18 876.83 187.65 217.22 538.53 659.61
ynao_sd_19671214_0310_zhou 23 18 5 3 0 671.22 949.44 235.73 306.68 435.49 642.76
ynao_sd_19671215_0210_zhou 10 6 4 4 0 735.03 1216.47 120.24 189.53 614.79 1026.94
ynao_sd_19671216_0140_cheng 13 9 4 2 0 401.32 893.95 126.75 330.72 274.57 563.23
ynao_sd_19671217_0225_zhou 11 8 3 3 0 505.21 1570.48 134.26 389.5 370.95 1180.98
ynao_sd_19671218_0210_zhou 7 5 2 3 0 409.11 1247.7 56.2 155.85 352.91 1091.85
ynao_sd_19671220_0200_zhou 4 2 2 1 0 357.71 494.32 36.71 48.79 321.0 445.53
ynao_sd_19671221_0155_zhou 13 10 3 2 0 535.57 620.47 98.46 114.85 437.11 505.62
ynao_sd_19671222_0135_zhou 17 11 6 5 0 760.09 1347.08 155.7 253.34 604.39 1093.74
ynao_sd_19671223_0140_zhou 11 6 5 5 0 739.11 1185.91 111.08 171.76 628.03 1014.15
ynao_sd_19671224_0135_zhou 19 10 9 7 0 879.12 1214.54 173.59 235.39 705.53 979.15
ynao_sd_19671225_0210_zhou 25 19 6 6 0 795.63 994.65 186.75 238.28 608.88 756.37
ynao_sd_19671226_0150_zhou 39 30 9 9 0 1306.02 1845.06 318.52 399.28 987.5 1445.78
ynao_sd_19671227_0155_zhou 36 25 11 8 0 2292.68 2973.59 445.03 607.75 1847.65 2365.84
ynao_sd_19671228_0155_zhou 31 21 10 7 0 2664.5 3123.69 512.15 610.76 2152.35 2512.93
ynao_sd_19671229_0150_zhou 32 16 16 10 0 2934.68 3459.82 535.67 714.19 2399.01 2745.63
ynao_sd_19671230_0145_zhou 27 12 15 9 0 3139.28 3952.64 601.12 799.21 2538.16 3153.43
ynao_sd_19671231_0150_zhou 28 19 9 6 0 2268.85 3120.46 460.95 668.94 1807.9 2451.52
