ynao_sd_19680102_0135_zhou 1 1 0 0 0 8.63 15.16 8.63 15.16 0 0
ynao_sd_19680103_0230_pang 0 0 0 0 0 0 0 0 0 0 0
ynao_sd_19680104_0255_pang 0 0 0 0 0 0 0 0 0 0 0
ynao_sd_19680105_0245_pang 0 0 0 0 0 0 0 0 0 0 0
ynao_sd_19680106_0235_zhou 0 0 0 0 0 0 0 0 0 0 0
ynao_sd_19680107_0210_zhou 0 0 0 0 0 0 0 0 0 0 0
ynao_sd_19680108_0350_xue 0 0 0 0 0 0 0 0 0 0 0
ynao_sd_19680109_0150_zhou 0 0 0 0 0 0 0 0 0 0 0
ynao_sd_19680110_0140_zhou 0 0 0 0 0 0 0 0 0 0 0
ynao_sd_19680111_0530_xue 0 0 0 0 0 0 0 0 0 0 0
ynao_sd_19680113_0450_xue 0 0 0 0 0 0 0 0 0 0 0
ynao_sd_19680114_0720_xue 0 0 0 0 0 0 0 0 0 0 0
ynao_sd_19680115_0205_zhou 0 0 0 0 0 0 0 0 0 0 0
ynao_sd_19680116_0150_zhou 0 0 0 0 0 0 0 0 0 0 0
ynao_sd_19680117_0320_xue 0 0 0 0 0 0 0 0 0 0 0
ynao_sd_19680121_0130_zhou 0 0 0 0 0 0 0 0 0 0 0
ynao_sd_19680122_0530_zhou 0 0 0 0 0 0 0 0 0 0 0
ynao_sd_19680124_0140_zhou 0 0 0 0 0 0 0 0 0 0 0
ynao_sd_19680125_0220_zhou 0 0 0 0 0 0 0 0 0 0 0
ynao_sd_19680129_0305_zhou 0 0 0 0 0 0 0 0 0 0 0
ynao_sd_19680130_0145_zhou 0 0 0 0 0 0 0 0 0 0 0
ynao_sd_19680131_0200_zhou 0 0 0 0 0 0 0 0 0 0 0
ynao_sd_19680202_0725_pang 0 0 0 0 0 0 0 0 0 0 0
ynao_sd_19680203_0225_zhou 0 0 0 0 0 0 0 0 0 0 0
ynao_sd_19680205_0335_pang 0 0 0 0 0 0 0 0 0 0 0
ynao_sd_19680206_0150_zhou 0 0 0 0 0 0 0 0 0 0 0
ynao_sd_19680207_0530_pang 0 0 0 0 0 0 0 0 0 0 0
ynao_sd_19680208_0330_pang 0 0 0 0 0 0 0 0 0 0 0
ynao_sd_19680209_0530_pang 0 0 0 0 0 0 0 0 0 0 0
ynao_sd_19680210_0330_pang 0 0 0 0 0 0 0 0 0 0 0
ynao_sd_19680211_0140_zhou 0 0 0 0 0 0 0 0 0 0 0
ynao_sd_19680212_0310_pang 0 0 0 0 0 0 0 0 0 0 0
ynao_sd_19680213_0140_zhou 0 0 0 0 0 0 0 0 0 0 0
ynao_sd_19680214_0205_zhou 0 0 0 0 0 0 0 0 0 0 0
ynao_sd_19680215_0230_zhou 0 0 0 0 0 0 0 0 0 0 0
ynao_sd_19680216_0230_xue 0 0 0 0 0 0 0 0 0 0 0
ynao_sd_19680217_0350_xue 0 0 0 0 0 0 0 0 0 0 0
ynao_sd_19680218_0350_xue 0 0 0 0 0 0 0 0 0 0 0
ynao_sd_19680219_0230_xue 0 0 0 0 0 0 0 0 0 0 0
ynao_sd_19680220_0310_xue 0 0 0 0 0 0 0 0 0 0 0
ynao_sd_19680221_0345_xue 0 0 0 0 0 0 0 0 0 0 0
ynao_sd_19680222_0330_xue 0 0 0 0 0 0 0 0 0 0 0
ynao_sd_19680223_0330_xue 0 0 0 0 0 0 0 0 0 0 0
ynao_sd_19680224_0345_xue 0 0 0 0 0 0 0 0 0 0 0
ynao_sd_19680225_0110_xue 0 0 0 0 0 0 0 0 0 0 0
ynao_sd_19680226_0130_zhou 1 1 0 0 0 11.99 16.74 11.99 16.74 0 0
ynao_sd_19680227_0200_zhou 0 0 0 0 0 0 0 0 0 0 0
ynao_sd_19680228_0610_pang 0 0 0 0 0 0 0 0 0 0 0
ynao_sd_19680301_0150_chen 0 0 0 0 0 0 0 0 0 0 0
ynao_sd_19680302_0800_chen 17 12 5 4 0 465.51 759.96 118.28 183.91 347.23 576.05
ynao_sd_19680303_0500_chen 21 17 4 2 0 541.85 820.19 155.04 246.13 386.81 574.06
ynao_sd_19680304_0030_chen 12 7 5 3 0 1526.71 3172.82 109.09 155.73 1417.62 3017.09
ynao_sd_19680307_0800_chen 20 15 5 3 0 678.76 719.84 153.85 164.56 524.91 555.28
ynao_sd_19680308_0115_chen 21 16 5 2 0 680.05 734.9 170.78 186.91 509.27 547.99
ynao_sd_19680309_0210_chen 16 9 7 2 0 582.65 692.5 156.88 191.4 425.77 501.1
ynao_sd_19680310_0110_chen 12 9 3 1 0 443.01 591.62 106.4 140.88 336.61 450.74
ynao_sd_19680311_0110_chen 17 13 4 2 0 360.78 543.8 122.7 168.63 238.08 375.17
ynao_sd_19680314_0830_chen 9 7 2 1 0 83.51 113.7 64.59 86.28 18.92 27.42
ynao_sd_19680315_0120_chen 4 3 1 1 0 58.26 104.89 26.88 41.53 31.38 63.36
ynao_sd_19680316_0110_chen 2 2 0 0 0 17.18 21.48 17.18 21.48 0 0
ynao_sd_19680317_0230_chen 2 2 0 0 0 22.35 31.78 22.35 31.78 0 0
ynao_sd_19680318_0120_chen 3 3 0 0 0 16.01 17.63 16.01 17.63 0 0
ynao_sd_19680319_0020_chen 0 0 0 0 0 0 0 0 0 0 0
ynao_sd_19680323_0330_chen 25 24 1 1 0 199.89 222.45 114.27 131.78 85.62 90.67
ynao_sd_19680324_0330_chen 36 29 7 1 0 626.2 639.58 211.48 220.92 414.72 418.66
ynao_sd_19680325_0455_chen 13 8 5 3 0 586.26 601.69 117.67 125.13 468.59 476.56
ynao_sd_19680326_0250_chen 19 18 1 1 0 414.88 497.5 156.43 219.49 258.45 278.01
ynao_sd_19680327_0055_li 20 17 3 2 0 508.54 670.88 191.13 293.01 317.41 377.87
ynao_sd_19680331_0240_li 21 11 10 3 0 980.99 1061.65 166.7 193.46 814.29 868.19
ynao_sd_19680401_0130_chen 24 18 6 3 0 978.41 1031.38 191.77 211.29 786.64 820.09
ynao_sd_19680402_0145_chen 14 9 5 3 0 932.25 1002.34 153.95 172.37 778.3 829.97
ynao_sd_19680403_0150_chen 20 14 6 2 0 913.71 1073.39 184.88 241.13 728.83 832.26
ynao_sd_19680407_0030_li 10 5 5 4 0 167.11 326.16 61.86 84.11 105.25 242.05
ynao_sd_19680408_0110_chen 21 15 6 5 0 303.48 344.31 107.06 123.62 196.42 220.69
ynao_sd_19680409_0200_chen 17 14 3 3 0 231.18 275.87 117.03 157.13 114.15 118.74
ynao_sd_19680410_0045_li 17 15 2 2 0 216.92 316.03 107.69 157.88 109.23 158.15
ynao_sd_19680414_0040_li 5 5 0 0 0 52.7 54.82 52.7 54.82 0 0
ynao_sd_19680415_0025_li 9 9 0 0 0 67.3 107.72 67.3 107.72 0 0
ynao_sd_19680416_0030_li 11 10 1 1 0 105.98 184.07 69.86 116.64 36.12 67.43
ynao_sd_19680417_0800_li 10 9 1 1 0 136.78 199.89 98.8 150.8 37.98 49.09
ynao_sd_19680418_0105_li 6 5 1 1 0 78.14 123.53 51.6 92.73 26.54 30.8
ynao_sd_19680419_0040_li 4 3 1 1 0 56.36 65.58 27.77 35.52 28.59 30.06
ynao_sd_19680421_0045_li 2 2 0 0 0 21.2 23.06 21.2 23.06 0 0
ynao_sd_19680423_0520_chen 1 0 1 1 0 63.3 213.33 6.2 21.08 57.1 192.25
ynao_sd_19680429_0520_li 5 2 3 2 0 166.2 193.51 32.25 45.62 133.95 147.89
ynao_sd_19680430_0440_chen 4 1 3 2 0 111.86 118.81 24.84 26.47 87.02 92.34
ynao_sd_19680501_0100_chen 3 2 1 1 0 83.5 87.5 19.94 22.74 63.56 64.76
ynao_sd_19680502_0400_chen 4 3 1 1 0 83.32 125.29 33.89 73.82 49.43 51.47
ynao_sd_19680503_0030_chen 2 1 1 1 0 64.72 76.07 12.68 18.42 52.04 57.65
ynao_sd_19680504_0050_chen 1 0 1 1 0 33.98 43.03 3.85 4.88 30.13 38.15
ynao_sd_19680505_0010_chen 2 2 0 0 0 22.49 28.9 22.49 28.9 0 0
ynao_sd_19680508_0500_chen 6 6 0 0 0 43.04 71.14 43.04 71.14 0 0
ynao_sd_19680509_0930_chen 7 7 0 0 0 49.96 75.12 49.96 75.12 0 0
ynao_sd_19680510_0730_chen 8 8 0 0 0 37.08 49.08 37.08 49.08 0 0
ynao_sd_19680511_0130_chen 4 4 0 0 0 23.13 28.18 23.13 28.18 0 0
ynao_sd_19680513_0020_chen 5 5 0 0 0 23.11 23.54 23.11 23.54 0 0
ynao_sd_19680516_0330_chen 19 13 6 3 0 714.03 1372.71 211.38 410.16 502.65 962.55
ynao_sd_19680517_0040_chen 19 10 9 6 0 1069.76 2399.35 191.14 365.97 878.62 2033.38
ynao_sd_19680518_0440_chen 35 25 10 5 0 1631.84 2680.94 437.81 681.15 1194.03 1999.79
ynao_sd_19680519_0030_chen 37 27 10 6 0 2112.51 3020.45 468.28 629.79 1644.23 2390.66
ynao_sd_19680520_0310_chen 50 35 15 7 0 2144.44 2568.03 449.27 537.45 1695.17 2030.58
ynao_sd_19680521_0005_chen 30 24 6 4 0 2119.48 2429.04 443.81 535.83 1675.67 1893.21
ynao_sd_19680524_0600_chen 25 20 5 3 0 1624.86 2058.13 361.04 464.19 1263.82 1593.94
ynao_sd_19680525_0500_chen 12 6 6 3 0 1268.56 1819.12 288.56 430.05 980.0 1389.07
ynao_sd_19680526_0030_chen 9 4 5 3 0 1019.2 1749.24 193.51 338.78 825.69 1410.46
ynao_sd_19680528_0450_chen 8 3 5 5 0 510.21 1415.14 67.48 152.84 442.73 1262.3
ynao_sd_19680602_0930_chen 25 14 11 3 0 898.41 1030.22 147.06 169.47 751.35 860.75
ynao_sd_19680603_0145_chen 23 14 9 4 0 824.39 971.89 165.63 225.27 658.76 746.62
ynao_sd_19680604_0025_chen 21 8 13 4 0 1034.66 1624.62 170.05 247.51 864.61 1377.11
ynao_sd_19680606_0030_chen 26 9 17 9 0 853.7 1190.02 143.22 199.79 710.48 990.23
ynao_sd_19680616_0600_chen 20 12 8 4 0 1366.15 1686.66 227.91 289.29 1138.24 1397.37
ynao_sd_19680620_0800_chen 8 4 4 1 0 577.07 631.46 118.26 132.42 458.81 499.04
ynao_sd_19680627_0800_chen 27 26 1 1 0 168.25 187.94 126.93 140.26 41.32 47.68
ynao_sd_19680628_0300_chen 19 14 5 2 0 209.52 248.07 103.36 122.56 106.16 125.51
ynao_sd_19680629_0910_chen 18 16 2 1 0 204.12 350.36 115.31 191.75 88.81 158.61
ynao_sd_19680630_0840_chen 14 11 3 2 0 204.21 471.04 73.19 141.0 131.02 330.04
ynao_sd_19680705_0150_chen 1 0 1 1 0 43.18 243.05 4.0 22.8 39.18 220.25
ynao_sd_19680706_0810_chen 2 1 1 1 0 78.03 162.59 14.6 25.74 63.43 136.85
ynao_sd_19680721_0420_chen 11 8 3 3 0 434.92 592.5 91.46 118.73 343.46 473.77
ynao_sd_19680722_0140_chen 14 11 3 3 0 440.07 629.77 127.59 156.25 312.48 473.52
ynao_sd_19680723_0300_chen 44 37 7 4 0 600.13 670.01 250.09 282.17 350.04 387.84
ynao_sd_19680724_0300_chen 48 36 12 4 0 1210.72 1388.32 321.69 379.09 889.03 1009.23
ynao_sd_19680730_0645_chen 2 2 0 0 0 13.48 44.22 13.48 44.22 0 0
ynao_sd_19680801_0510_chen 1 1 0 0 0 8.04 12.79 8.04 12.79 0 0
ynao_sd_19680805_0850_chen 3 3 0 0 0 16.67 36.69 16.67 36.69 0 0
ynao_sd_19680806_0920_chen 1 1 0 0 0 5.91 7.04 5.91 7.04 0 0
ynao_sd_19680817_0510_chen 56 35 21 8 0 2047.16 2379.89 497.18 589.66 1549.98 1790.23
ynao_sd_19680818_0450_chen 52 34 18 8 0 2392.9 2667.55 395.32 442.66 1997.58 2224.89
ynao_sd_19680820_0120_chen 32 13 19 9 0 2007.15 2282.7 299.43 344.57 1707.72 1938.13
ynao_sd_19680821_0150_chen 44 20 24 8 0 1905.95 2376.09 314.43 409.03 1591.52 1967.06
ynao_sd_19680827_0720_chen 15 14 1 1 0 132.97 230.23 90.53 169.02 42.44 61.21
ynao_sd_19680828_0620_chen 15 15 0 0 0 119.37 209.56 119.37 209.56 0 0
ynao_sd_19680902_0655_chen 12 10 2 2 0 263.88 354.2 100.73 129.29 163.15 224.91
ynao_sd_19680906_0120_chen 32 28 4 3 0 996.58 1215.41 294.75 363.57 701.83 851.84
ynao_sd_19680909_0455_chen 17 11 6 5 0 450.44 1267.28 130.19 332.53 320.25 934.75
ynao_sd_19680910_0450_chen 27 20 7 5 0 648.43 1367.7 195.56 360.51 452.87 1007.19
ynao_sd_19680911_0805_chen 58 45 13 4 0 1048.47 1727.72 426.45 606.71 622.02 1121.01
ynao_sd_19680913_0840_chen 46 36 10 7 0 2079.82 2712.15 301.47 378.83 1778.35 2333.32
ynao_sd_19680914_0230_chen 27 19 8 6 0 892.24 1128.9 204.01 264.97 688.23 863.93
ynao_sd_19680915_0230_li 21 17 4 4 0 612.56 787.18 165.64 258.03 446.92 529.15
ynao_sd_19680916_0640_chen 10 6 4 3 0 277.62 381.9 67.98 90.11 209.64 291.79
ynao_sd_19680917_0825_chen 5 4 1 1 0 161.05 199.94 49.1 61.9 111.95 138.04
ynao_sd_19680918_0710_li 10 8 2 1 0 153.92 249.42 49.7 101.54 104.22 147.88
ynao_sd_19680919_0640_chen 6 5 1 1 0 92.17 175.47 35.9 69.1 56.27 106.37
ynao_sd_19680923_0145_li 7 5 2 1 0 66.78 81.48 33.06 39.87 33.72 41.61
ynao_sd_19681003_0640_chen 2 1 1 1 0 362.54 453.09 37.77 46.57 324.77 406.52
ynao_sd_19681004_0240_li 2 1 1 1 0 357.25 502.73 67.43 94.28 289.82 408.45
ynao_sd_19681005_0520_li 1 0 1 1 0 243.67 457.38 50.05 93.56 193.62 363.82
ynao_sd_19681006_0230_li 2 1 1 1 0 173.07 431.49 21.29 47.8 151.78 383.69
ynao_sd_19681007_0115_li 2 1 1 1 0 51.93 215.89 12.43 41.58 39.5 174.31
ynao_sd_19681008_0140_chen 9 5 4 2 0 153.03 586.31 62.7 275.64 90.33 310.67
ynao_sd_19681009_0410_li 10 7 3 3 0 255.98 551.25 65.16 126.31 190.82 424.94
ynao_sd_19681011_0340_chen 9 3 6 3 0 213.87 277.07 45.88 58.66 167.99 218.41
ynao_sd_19681014_0850_li 7 6 1 1 0 70.81 76.13 42.15 45.24 28.66 30.89
ynao_sd_19681016_0110_li 11 9 2 1 0 109.04 127.51 73.94 88.22 35.1 39.29
ynao_sd_19681017_0140_chen 5 4 1 1 0 49.93 61.89 24.3 32.18 25.63 29.71
ynao_sd_19681020_0930_li 8 6 2 1 0 173.55 470.38 51.3 108.98 122.25 361.4
ynao_sd_19681021_0250_li 1 0 1 1 0 153.99 328.46 17.67 37.68 136.32 290.78
ynao_sd_19681030_0220_li 26 6 20 7 0 2053.71 2429.8 406.8 473.63 1646.91 1956.17
ynao_sd_19681031_0640_chen 44 16 28 8 0 1899.77 2544.04 330.75 431.7 1569.02 2112.34
ynao_sd_19681101_0050_chen 45 25 20 4 0 2036.58 2841.78 339.01 451.61 1697.57 2390.17
ynao_sd_19681102_0110_li 36 14 22 8 0 1717.39 2852.52 276.92 438.71 1440.47 2413.81
ynao_sd_19681103_0020_li 23 8 15 5 0 1263.54 2374.29 220.02 379.93 1043.52 1994.36
ynao_sd_19681104_0140_li 14 8 6 4 0 649.25 827.55 251.84 366.9 397.41 460.65
ynao_sd_19681105_0415_li 11 5 6 4 0 338.53 458.22 71.3 95.34 267.23 362.88
ynao_sd_19681106_0230_li 11 8 3 3 0 308.93 491.13 94.41 132.6 214.52 358.53
ynao_sd_19681107_0040_li 11 9 2 2 0 243.38 490.2 74.18 102.01 169.2 388.19
ynao_sd_19681108_0112_li 12 11 1 1 0 118.76 387.29 95.16 242.77 23.6 144.52
ynao_sd_19681109_0300_li 3 2 1 1 0 74.82 243.48 41.1 157.81 33.72 85.67
ynao_sd_19681111_0140_li 5 3 2 2 0 117.59 181.85 30.44 50.03 87.15 131.82
ynao_sd_19681112_0120_li 3 3 0 1 0 88.48 116.6 17.95 35.05 70.53 81.55
ynao_sd_19681113_0130_chen 1 0 1 1 0 34.14 36.32 3.83 4.07 30.31 32.25
ynao_sd_19681115_0710_chen 3 3 0 0 0 21.8 31.19 21.8 31.19 0 0
ynao_sd_19681116_0410_li 2 2 0 0 0 25.49 29.21 25.49 29.21 0 0
ynao_sd_19681117_0240_li 1 1 0 0 0 17.0 22.52 17.0 22.52 0 0
ynao_sd_19681118_0110_li 2 2 0 0 0 25.67 31.56 25.67 31.56 0 0
ynao_sd_19681119_0240_chen 1 0 1 1 0 39.34 222.59 4.34 24.34 35.0 198.25
ynao_sd_19681120_0130_li 9 2 7 3 0 311.98 871.6 48.9 118.67 263.08 752.93
ynao_sd_19681121_0120_chen 11 2 9 3 0 335.3 607.52 74.25 130.08 261.05 477.44
ynao_sd_19681122_0110_li 11 5 6 3 0 518.43 734.11 94.53 135.96 423.9 598.15
ynao_sd_19681123_0105_li 9 5 4 2 0 505.62 616.16 81.66 106.86 423.96 509.3
ynao_sd_19681124_0050_li 22 18 4 2 0 639.5 742.25 180.7 242.09 458.8 500.16
ynao_sd_19681126_0630_chen 40 25 15 6 0 1415.59 1503.4 322.78 352.18 1092.81 1151.22
ynao_sd_19681129_0615_chen 33 20 13 4 0 1063.66 1311.84 195.48 231.84 868.18 1080.0
ynao_sd_19681130_0630_li 13 5 8 5 0 535.73 849.53 76.25 112.81 459.48 736.72
ynao_sd_19681201_0110_li 28 19 9 6 0 558.23 1011.26 138.65 230.67 419.58 780.59
ynao_sd_19681202_0055_li 17 8 9 4 0 629.48 1071.44 139.29 292.95 490.19 778.49
ynao_sd_19681203_0130_chen 14 8 6 3 0 795.68 980.4 112.05 153.95 683.63 826.45
ynao_sd_19681204_0140_li 10 7 3 3 0 701.1 755.0 86.16 93.2 614.94 661.8
ynao_sd_19681205_0130_li 18 13 5 2 0 690.17 720.32 148.23 165.12 541.94 555.2
ynao_sd_19681206_0130_li 11 5 6 3 0 679.28 709.88 95.47 100.97 583.81 608.91
ynao_sd_19681207_0120_li 13 8 5 3 0 458.04 515.82 96.97 109.44 361.07 406.38
ynao_sd_19681208_0045_li 10 5 5 2 0 227.74 316.25 55.78 93.25 171.96 223.0
ynao_sd_19681209_0120_li 9 6 3 3 0 239.55 415.39 69.48 120.98 170.07 294.41
ynao_sd_19681210_0120_li 17 11 6 4 0 255.07 437.48 101.29 163.0 153.78 274.48
ynao_sd_19681211_0120_li 33 23 10 3 0 788.53 1118.02 201.12 340.26 587.41 777.76
ynao_sd_19681212_0250_li 27 21 6 3 0 930.09 1201.59 215.77 331.74 714.32 869.85
ynao_sd_19681213_0120_li 28 21 7 4 0 986.89 1191.66 224.32 296.44 762.57 895.22
ynao_sd_19681214_0120_li 37 32 5 4 0 996.76 1230.35 272.71 349.09 724.05 881.26
ynao_sd_19681215_0050_li 24 11 13 7 0 1217.19 1571.65 189.56 245.43 1027.63 1326.22
ynao_sd_19681217_0130_li 7 6 1 2 0 421.95 739.64 105.51 171.29 316.44 568.35
ynao_sd_19681218_0215_li 17 16 1 1 0 352.22 778.21 129.44 221.95 222.78 556.26
ynao_sd_19681219_0130_li 26 21 5 4 0 379.73 862.04 173.94 240.91 205.79 621.13
ynao_sd_19681220_0140_chen 25 16 9 7 0 571.43 710.45 167.13 191.05 404.3 519.4
ynao_sd_19681221_0105_li 29 26 3 3 0 380.5 514.2 232.87 326.02 147.63 188.18
ynao_sd_19681223_0300_li 18 14 4 3 0 495.41 868.21 142.18 237.82 353.23 630.39
ynao_sd_19681224_0210_li 19 13 6 5 0 477.95 754.51 111.64 159.26 366.31 595.25
ynao_sd_19681225_0110_chen 33 24 9 5 0 533.06 711.14 218.55 311.45 314.51 399.69
ynao_sd_19681226_0120_li 19 11 8 5 0 752.86 1109.72 178.17 257.96 574.69 851.76
ynao_sd_19681227_0500_li 24 17 7 6 0 544.78 878.54 139.13 206.94 405.65 671.6
ynao_sd_19681228_0230_li 25 18 7 5 0 495.47 810.86 185.7 285.3 309.77 525.56
ynao_sd_19681229_0100_li 14 11 3 2 0 323.6 417.99 91.95 129.0 231.65 288.99
ynao_sd_19681230_0150_li 10 4 6 4 0 299.27 384.65 50.6 69.06 248.67 315.59
ynao_sd_19681231_0055_li 9 7 2 1 0 171.05 235.62 57.83 90.16 113.22 145.46
