ynao_sd_19690101_0110_li 1 0 1 1 0 89.98 135.88 15.87 23.9 74.11 111.98
ynao_sd_19690102_0200_li 1 0 1 1 0 56.53 109.48 7.17 13.81 49.36 95.67
ynao_sd_19690103_0200_li 1 0 1 1 0 40.73 115.78 4.29 12.14 36.44 103.64
ynao_sd_19690104_0200_li 5 2 3 3 0 159.83 881.2 29.39 105.42 130.44 775.78
ynao_sd_19690105_0045_li 3 1 2 1 0 194.66 566.38 38.1 99.92 156.56 466.46
ynao_sd_19690106_0620_li 7 4 3 2 0 503.87 921.76 103.78 237.05 400.09 684.71
ynao_sd_19690107_0440_li 11 5 6 4 0 758.76 1268.98 116.38 244.46 642.38 1024.52
ynao_sd_19690108_0320_li 14 4 10 5 0 1046.82 1458.8 155.1 221.45 891.72 1237.35
ynao_sd_19690110_0130_cheng 26 4 22 6 0 1756.71 2016.68 168.53 203.06 1588.18 1813.62
ynao_sd_19690111_0050_cheng 28 9 19 5 0 2146.96 2273.13 238.35 254.01 1908.61 2019.12
ynao_sd_19690113_0140_cheng 24 9 15 5 0 1587.91 1800.38 193.62 230.16 1394.29 1570.22
ynao_sd_19690114_0250_cheng 17 6 11 8 0 1237.86 1505.81 179.25 221.33 1058.61 1284.48
ynao_sd_19690116_0130_cheng 17 11 6 4 0 586.51 959.5 133.39 210.42 453.12 749.08
ynao_sd_19690117_0120_cheng 11 7 4 3 0 611.16 1047.58 110.01 206.88 501.15 840.7
ynao_sd_19690118_0120_cheng 9 5 4 2 0 271.0 550.22 54.0 133.05 217.0 417.17
ynao_sd_19690120_0630_cheng 2 1 1 1 0 79.28 91.17 16.97 21.94 62.31 69.23
ynao_sd_19690121_0130_cheng 3 2 1 1 0 104.74 129.58 20.05 25.64 84.69 103.94
ynao_sd_19690122_0120_cheng 1 0 1 1 0 57.96 86.76 4.73 7.09 53.23 79.67
ynao_sd_19690123_0100_cheng 2 1 1 1 0 42.89 83.97 10.0 16.21 32.89 67.76
ynao_sd_19690124_0110_cheng 2 2 0 0 0 11.51 16.96 11.51 16.96 0 0
ynao_sd_19690125_0130_cheng 2 2 0 0 0 10.3 13.27 10.3 13.27 0 0
ynao_sd_19690127_0220_cheng 0 0 0 0 0 0 0 0 0 0 0
ynao_sd_19690128_0240_cheng 0 0 0 0 0 0 0 0 0 0 0
ynao_sd_19690129_0130_cheng 0 0 0 0 0 0 0 0 0 0 0
ynao_sd_19690208_0710_cheng 13 8 5 2 0 156.79 166.52 56.56 61.34 100.23 105.18
ynao_sd_19690209_0610_cheng 11 10 1 1 0 106.54 135.36 65.71 86.93 40.83 48.43
ynao_sd_19690210_0140_niu 8 7 1 1 0 104.0 174.6 65.93 120.66 38.07 53.94
ynao_sd_19690211_0450_li 3 3 0 0 0 15.31 31.16 15.31 31.16 0 0
ynao_sd_19690212_0620_niu 4 3 1 1 0 638.61 2621.31 31.39 121.37 607.22 2499.94
ynao_sd_19690214_0630_niu 10 7 3 1 0 147.01 286.4 56.96 107.25 90.05 179.15
ynao_sd_19690215_0105_li 11 11 0 1 0 92.39 134.93 72.67 105.21 19.72 29.72
ynao_sd_19690216_0310_li 13 7 6 3 0 259.07 314.5 63.66 77.32 195.41 237.18
ynao_sd_19690218_0200_li 15 11 4 2 0 410.03 428.53 95.96 104.62 314.07 323.91
ynao_sd_19690219_0130_li 16 12 4 1 0 350.17 370.07 97.66 114.92 252.51 255.15
ynao_sd_19690220_0200_li 10 6 4 1 0 193.06 206.59 46.56 52.56 146.5 154.03
ynao_sd_19690221_0105_li 14 12 2 1 0 136.86 155.13 77.18 85.84 59.68 69.29
ynao_sd_19690222_0130_li 15 12 3 2 0 167.88 192.56 80.87 89.31 87.01 103.25
ynao_sd_19690223_0230_li 19 17 2 1 0 170.55 248.09 131.66 208.92 38.89 39.17
ynao_sd_19690224_0115_li 14 11 3 3 0 318.38 680.15 102.45 190.42 215.93 489.73
ynao_sd_19690226_0115_li 32 22 10 6 1 908.39 1295.99 213.43 309.14 694.96 986.85
ynao_sd_19690228_0115_li 40 26 14 7 0 1313.1 1422.65 289.18 322.98 1023.92 1099.67
ynao_sd_19690301_0120_li 44 23 21 4 0 1502.89 1553.3 320.85 340.12 1182.04 1213.18
ynao_sd_19690304_0230_niu 26 13 13 3 0 2980.4 3411.94 1032.37 1162.9 1948.03 2249.04
ynao_sd_19690305_0220_niu 16 10 6 2 0 1504.26 2049.68 149.28 196.87 1354.98 1852.81
ynao_sd_19690307_0140_li 7 5 2 2 0 131.28 327.03 33.67 68.33 97.61 258.7
ynao_sd_19690308_0200_li 3 3 0 0 0 24.85 73.89 24.85 73.89 0 0
ynao_sd_19690309_0150_li 1 1 0 1 0 66.59 172.3 5.95 23.84 60.64 148.46
ynao_sd_19690310_0130_li 2 1 1 1 0 79.5 134.28 20.93 34.81 58.57 99.47
ynao_sd_19690311_0147_li 5 4 1 1 0 104.3 165.54 43.21 84.89 61.09 80.65
ynao_sd_19690313_0210_li 11 8 3 3 0 139.41 221.09 58.86 93.45 80.55 127.64
ynao_sd_19690314_0130_li 18 17 1 1 0 127.55 166.0 105.87 144.29 21.68 21.71
ynao_sd_19690315_0210_li 17 16 1 1 0 103.34 119.86 83.05 99.27 20.29 20.59
ynao_sd_19690318_0120_li 16 13 3 2 0 325.27 572.38 97.07 168.25 228.2 404.13
ynao_sd_19690319_0130_li 12 7 5 3 0 506.64 680.64 94.74 127.93 411.9 552.71
ynao_sd_19690320_0230_li 15 10 5 3 0 529.3 614.49 126.14 149.49 403.16 465.0
ynao_sd_19690321_0210_li 19 17 2 2 0 540.68 590.24 152.68 176.83 388.0 413.41
ynao_sd_19690322_0220_li 35 27 8 6 0 969.89 1073.26 250.88 301.85 719.01 771.41
ynao_sd_19690324_0150_li 34 20 14 6 0 958.41 1064.11 218.39 242.19 740.02 821.92
ynao_sd_19690325_0230_niu 29 15 14 4 0 929.66 1116.23 207.51 248.84 722.15 867.39
ynao_sd_19690326_0145_gong 25 22 3 3 0 1789.88 2996.84 255.04 347.74 1534.84 2649.1
ynao_sd_19690328_0240_niu 11 8 3 3 0 1104.58 2012.63 99.83 159.57 1004.75 1853.06
ynao_sd_19690329_0140_niu 13 9 4 2 0 260.9 378.62 100.22 201.11 160.68 177.51
ynao_sd_19690330_0205_li 13 11 2 1 0 118.52 142.18 90.84 105.34 27.68 36.84
ynao_sd_19690331_0500_li 10 8 2 2 0 101.92 123.29 55.85 73.12 46.07 50.17
ynao_sd_19690401_0140_li 8 8 0 0 0 68.65 82.5 68.65 82.5 0 0
ynao_sd_19690402_0140_li 10 10 0 0 0 46.02 65.99 46.02 65.99 0 0
ynao_sd_19690403_0340_li 3 3 0 0 0 35.49 68.18 35.49 68.18 0 0
ynao_sd_19690407_0430_li 2 1 1 1 0 148.05 175.52 18.35 24.52 129.7 151.0
ynao_sd_19690408_0340_niu 9 5 4 1 0 173.62 187.88 51.55 58.82 122.07 129.06
ynao_sd_19690410_0130_li 18 12 6 3 0 323.79 597.98 81.19 143.62 242.6 454.36
ynao_sd_19690411_0145_cheng 25 16 9 5 0 436.65 637.71 120.24 173.43 316.41 464.28
ynao_sd_19690412_0155_cheng 41 28 13 5 0 675.84 844.26 209.52 264.72 466.32 579.54
ynao_sd_19690413_0045_cheng 30 19 11 7 0 511.58 679.2 136.83 164.2 374.75 515.0
ynao_sd_19690414_0145_cheng 26 14 12 6 0 720.23 847.06 112.21 126.77 608.02 720.29
ynao_sd_19690416_0140_cheng 20 6 14 6 0 908.28 985.17 136.8 161.24 771.48 823.93
ynao_sd_19690418_0035_cheng 30 22 8 7 0 764.12 861.82 145.75 169.78 618.37 692.04
ynao_sd_19690419_0045_cheng 25 16 9 6 0 505.89 625.57 131.91 174.42 373.98 451.15
ynao_sd_19690420_0030_cheng 25 15 10 6 0 597.86 837.4 157.35 223.41 440.51 613.99
ynao_sd_19690421_0020_cheng 24 14 10 5 0 411.15 622.45 128.22 239.58 282.93 382.87
ynao_sd_19690422_0125_cheng 14 9 5 4 0 404.02 623.25 86.35 135.5 317.67 487.75
ynao_sd_19690423_0052_li 14 11 3 2 0 229.69 302.89 70.7 90.05 158.99 212.84
ynao_sd_19690424_0115_li 7 6 1 1 0 82.25 149.05 49.9 77.7 32.35 71.35
ynao_sd_19690425_0125_cheng 11 11 0 0 0 64.7 144.59 64.7 144.59 0 0
ynao_sd_19690426_0040_cheng 1 1 0 0 0 3.75 4.23 3.75 4.23 0 0
ynao_sd_19690427_0150_cheng 2 2 0 0 0 14.08 16.63 14.08 16.63 0 0
ynao_sd_19690428_0105_cheng 0 0 0 0 0 0 0 0 0 0 0
ynao_sd_19690429_0105_cheng 1 1 0 0 0 4.11 7.86 4.11 7.86 0 0
ynao_sd_19690430_0115_cheng 0 0 0 0 0 0 0 0 0 0 0
ynao_sd_19690501_0030_cheng 3 3 0 0 0 14.32 15.49 14.32 15.49 0 0
ynao_sd_19690502_0030_cheng 7 6 1 1 0 123.92 444.34 43.39 128.61 80.53 315.73
ynao_sd_19690503_0115_cheng 14 5 9 3 0 365.32 782.44 83.31 176.57 282.01 605.87
ynao_sd_19690504_0120_cheng 15 7 8 3 0 644.67 984.23 116.18 179.19 528.49 805.04
ynao_sd_19690505_0125_cheng 30 21 9 7 0 828.54 1259.49 188.48 361.16 640.06 898.33
ynao_sd_19690506_0140_cheng 35 24 11 3 0 727.92 923.79 206.24 307.21 521.68 616.58
ynao_sd_19690507_0625_cheng 18 11 7 3 0 651.68 687.85 121.19 137.1 530.49 550.75
ynao_sd_19690508_0100_cheng 28 24 4 2 0 558.85 594.58 181.92 205.87 376.93 388.71
ynao_sd_19690509_0115_cheng 34 31 3 2 0 565.07 705.52 218.52 251.46 346.55 454.06
ynao_sd_19690510_0125_cheng 20 13 7 4 0 537.27 687.41 130.51 159.73 406.76 527.68
ynao_sd_19690511_0100_cheng 18 15 3 2 0 417.5 601.44 119.85 161.91 297.65 439.53
ynao_sd_19690512_0240_cheng 18 9 9 4 0 490.79 729.45 120.26 153.66 370.53 575.79
ynao_sd_19690513_0135_cheng 27 18 9 4 0 490.82 721.38 132.05 162.5 358.77 558.88
ynao_sd_19690514_0105_cheng 29 21 8 2 0 551.87 580.07 150.16 168.02 401.71 412.05
ynao_sd_19690515_0105_cheng 25 18 7 2 0 412.93 447.47 130.93 148.2 282.0 299.27
ynao_sd_19690516_0135_cheng 17 15 2 1 0 196.37 235.36 82.83 90.54 113.54 144.82
ynao_sd_19690518_0235_cheng 8 5 3 3 0 244.96 792.78 47.07 140.36 197.89 652.42
ynao_sd_19690519_0125_cheng 10 3 7 4 0 443.32 1032.8 54.53 120.85 388.79 911.95
ynao_sd_19690520_0245_cheng 27 17 10 6 0 826.48 1267.48 194.56 279.47 631.92 988.01
ynao_sd_19690521_0210_cheng 44 25 19 9 0 1223.31 1471.33 232.33 267.98 990.98 1203.35
ynao_sd_19690522_0110_cheng 41 16 25 5 0 2141.95 2297.89 299.24 325.11 1842.71 1972.78
ynao_sd_19690523_0315_cheng 56 23 33 8 0 2238.59 2344.5 319.2 335.24 1919.39 2009.26
ynao_sd_19690524_0840_cheng 45 21 24 8 0 2044.07 2247.91 376.53 421.68 1667.54 1826.23
ynao_sd_19690525_0525_cheng 38 19 19 9 0 1632.2 1989.07 293.25 356.25 1338.95 1632.82
ynao_sd_19690527_0950_cheng 36 14 22 9 0 1272.76 2861.24 278.33 607.51 994.43 2253.73
ynao_sd_19690528_0710_cheng 15 7 8 6 0 543.58 1517.28 147.9 388.29 395.68 1128.99
ynao_sd_19690529_0240_cheng 7 3 4 3 0 149.8 401.57 32.81 79.58 116.99 321.99
ynao_sd_19690530_0110_cheng 3 1 2 2 0 105.22 288.3 13.42 47.83 91.8 240.47
ynao_sd_19690531_0120_cheng 3 0 3 2 0 64.03 94.62 8.7 12.82 55.33 81.8
ynao_sd_19690601_0215_cheng 7 5 2 1 0 98.94 123.22 29.11 37.19 69.83 86.03
ynao_sd_19690602_0220_cheng 6 6 0 0 0 49.03 54.77 49.03 54.77 0 0
ynao_sd_19690603_0020_cheng 3 3 0 0 0 16.35 18.18 16.35 18.18 0 0
ynao_sd_19690604_0040_cheng 4 4 0 0 0 24.06 65.17 24.06 65.17 0 0
ynao_sd_19690606_0335_cheng 24 13 11 5 0 885.02 1503.15 229.94 368.83 655.08 1134.32
ynao_sd_19690607_0640_cheng 27 14 13 4 0 1261.3 1647.71 226.37 291.01 1034.93 1356.7
ynao_sd_19690608_0420_cheng 36 15 21 6 0 2010.67 2348.86 250.16 293.18 1760.51 2055.68
ynao_sd_19690609_0035_cheng 41 19 22 6 0 2424.71 2622.48 391.44 420.8 2033.27 2201.68
ynao_sd_19690611_0840_cheng 43 14 29 6 0 3523.52 3769.46 633.87 681.6 2889.65 3087.86
ynao_sd_19690613_0325_cheng 41 14 27 5 0 3075.77 4031.08 364.62 497.5 2711.15 3533.58
ynao_sd_19690614_0300_cheng 25 4 21 5 0 2675.14 4320.26 324.33 555.16 2350.81 3765.1
ynao_sd_19690615_0235_cheng 13 6 7 2 0 1878.1 4174.76 187.37 445.25 1690.73 3729.51
ynao_sd_19690623_0545_cheng 1 1 0 0 0 9.91 29.44 9.91 29.44 0 0
ynao_sd_19690624_0440_cheng 3 3 0 0 0 20.57 39.17 20.57 39.17 0 0
ynao_sd_19690625_0320_cheng 6 6 0 0 0 25.79 77.72 25.79 77.72 0 0
ynao_sd_19690628_0320_cheng 10 8 2 1 0 109.67 138.08 43.72 56.13 65.95 81.95
ynao_sd_19690629_0545_cheng 19 12 7 1 0 340.42 369.03 80.17 87.75 260.25 281.28
ynao_sd_19690630_0620_cheng 14 7 7 2 0 413.7 426.19 90.14 93.22 323.56 332.97
ynao_sd_19690702_0445_cheng 30 20 10 4 0 1264.29 2169.47 180.41 311.93 1083.88 1857.54
ynao_sd_19690703_0500_cheng 41 20 21 8 0 1913.31 2851.84 229.22 331.16 1684.09 2520.68
ynao_sd_19690705_0500_cheng 29 13 16 5 1 1719.88 2271.11 185.45 258.84 1534.43 2012.27
ynao_sd_19690706_0415_cheng 23 9 14 3 0 1547.77 1777.56 202.83 233.78 1344.94 1543.78
ynao_sd_19690712_0550_cheng 28 19 9 6 0 1270.16 2386.82 137.88 195.86 1132.28 2190.96
ynao_sd_19690713_0620_cheng 18 15 3 2 0 292.51 642.97 107.15 191.75 185.36 451.22
ynao_sd_19690714_0240_cheng 5 3 2 1 0 127.57 140.26 38.06 41.28 89.51 98.98
ynao_sd_19690719_0600_cheng 0 0 0 0 0 0 0 0 0 0 0
ynao_sd_19690720_0310_cheng 0 0 0 0 0 0 0 0 0 0 0
ynao_sd_19690722_0450_cheng 6 6 0 0 0 30.42 55.68 30.42 55.68 0 0
ynao_sd_19690723_0150_cheng 5 5 0 0 0 28.21 57.71 28.21 57.71 0 0
ynao_sd_19690724_0230_cheng 2 0 2 2 0 74.35 367.95 7.44 37.42 66.91 330.53
ynao_sd_19690725_0640_cheng 8 4 4 1 0 256.9 548.21 55.72 108.14 201.18 440.07
ynao_sd_19690726_0310_cheng 12 8 4 3 0 241.76 473.92 74.56 134.0 167.2 339.92
ynao_sd_19690727_0245_cheng 24 16 8 4 0 460.5 782.67 118.78 216.79 341.72 565.88
ynao_sd_19690728_0120_cheng 37 23 14 5 0 786.29 1171.84 188.76 273.78 597.53 898.06
ynao_sd_19690729_0220_cheng 51 32 19 6 0 1111.43 1377.49 276.58 338.96 834.85 1038.53
ynao_sd_19690801_0640_cheng 77 32 45 14 0 2852.77 3499.59 376.66 459.42 2476.11 3040.17
ynao_sd_19690802_0600_cheng 90 44 46 13 0 2934.31 3589.67 460.81 592.63 2473.5 2997.04
ynao_sd_19690803_0440_cheng 85 38 47 16 0 2864.09 3483.86 394.1 525.82 2469.99 2958.04
ynao_sd_19690804_0140_cheng 76 40 36 11 0 2852.59 3519.47 462.06 590.52 2390.53 2928.95
ynao_sd_19690805_0120_chen 66 32 34 15 0 2124.38 2905.11 377.55 507.94 1746.83 2397.17
ynao_sd_19690807_0610_cheng 39 29 10 4 0 697.39 899.42 250.77 380.25 446.62 519.17
ynao_sd_19690808_0635_cheng 21 12 9 6 0 455.28 588.82 103.42 129.85 351.86 458.97
ynao_sd_19690809_0050_cheng 28 24 4 3 0 314.23 452.74 157.3 212.11 156.93 240.63
ynao_sd_19690810_0550_cheng 27 20 7 3 0 379.64 586.81 155.84 251.55 223.8 335.26
ynao_sd_19690812_0040_cheng 19 13 6 3 0 445.1 729.14 112.71 196.65 332.39 532.49
ynao_sd_19690814_0830_cheng 9 6 3 3 0 231.64 496.03 63.18 121.45 168.46 374.58
ynao_sd_19690815_0330_cheng 14 11 3 3 0 223.44 497.84 96.45 162.64 126.99 335.2
ynao_sd_19690816_0230_cheng 15 12 3 3 0 152.59 264.63 75.62 167.48 76.97 97.15
ynao_sd_19690820_0830_cheng 8 8 0 0 0 55.49 66.76 55.49 66.76 0 0
ynao_sd_19690821_0340_cheng 9 9 0 0 0 50.79 63.16 50.79 63.16 0 0
ynao_sd_19690822_0830_cheng 4 4 0 0 0 31.01 34.25 31.01 34.25 0 0
ynao_sd_19690823_0525_cheng 2 2 0 0 0 14.23 19.59 14.23 19.59 0 0
ynao_sd_19690824_0250_cheng 4 4 0 0 0 34.0 99.33 34.0 99.33 0 0
ynao_sd_19690825_0950_cheng 5 4 1 1 0 73.71 159.63 26.48 52.43 47.23 107.2
ynao_sd_19690831_0810_li 6 2 4 1 0 144.53 159.41 26.01 28.47 118.52 130.94
ynao_sd_19690901_0900_cheng 9 8 1 1 0 194.45 243.58 61.4 75.22 133.05 168.36
ynao_sd_19690903_0745_cheng 15 14 1 1 0 137.33 246.52 78.93 124.24 58.4 122.28
ynao_sd_19690904_0300_cheng 6 2 4 3 0 279.42 597.02 39.73 88.18 239.69 508.84
ynao_sd_19690905_0140_cheng 4 3 1 1 0 205.85 563.24 57.69 141.51 148.16 421.73
ynao_sd_19690906_0040_cheng 4 3 1 0 0 18.94 24.48 24.96 52.42 6.02 27.94
ynao_sd_19690907_0825_cheng 4 4 0 0 0 20.72 46.1 20.72 46.1 0 0
ynao_sd_19690908_0115_cheng 12 8 4 2 0 180.18 248.88 58.63 81.61 121.55 167.27
ynao_sd_19690909_0320_cheng 18 12 6 3 0 421.75 650.83 114.59 252.29 307.16 398.54
ynao_sd_19690910_0135_cheng 13 6 7 3 0 344.09 567.32 60.67 96.47 283.42 470.85
ynao_sd_19690914_0045_cheng 34 21 13 4 0 546.4 719.17 196.16 333.25 350.24 385.92
ynao_sd_19690915_0110_cheng 31 26 5 3 0 432.64 525.59 161.28 225.4 271.36 300.19
ynao_sd_19690916_0110_cheng 19 10 9 4 0 389.47 436.59 94.19 113.16 295.28 323.43
ynao_sd_19690917_0115_cheng 33 25 8 4 0 393.4 445.25 167.95 191.54 225.45 253.71
ynao_sd_19690918_0210_cheng 25 22 3 1 0 220.45 262.0 150.01 165.38 70.44 96.62
ynao_sd_19690919_0840_cheng 20 20 0 0 0 107.14 138.71 107.14 138.71 0 0
ynao_sd_19690920_0140_cheng 13 13 0 0 0 64.18 121.16 64.18 121.16 0 0
ynao_sd_19690921_0210_li 3 1 2 1 0 97.91 157.31 25.07 50.41 72.84 106.9
ynao_sd_19690922_0810_cheng 4 3 1 1 0 106.54 284.29 40.76 82.42 65.78 201.87
ynao_sd_19690923_0510_cheng 4 2 2 1 0 137.01 293.84 26.02 57.29 110.99 236.55
ynao_sd_19690924_0150_cheng 3 2 1 1 0 124.6 201.3 31.69 49.0 92.91 152.3
ynao_sd_19690925_0130_cheng 17 10 7 3 0 339.9 411.14 85.06 101.63 254.84 309.51
ynao_sd_19690926_0040_cheng 16 9 7 3 0 457.33 498.29 83.9 93.55 373.43 404.74
ynao_sd_19690927_0050_cheng 9 4 5 3 0 323.29 348.82 61.44 70.86 261.85 277.96
ynao_sd_19690928_0250_cheng 12 5 7 5 0 565.79 632.8 89.64 106.1 476.15 526.7
ynao_sd_19690929_0150_cheng 21 10 11 5 0 546.44 623.88 108.53 132.88 437.91 491.0
ynao_sd_19691004_0340_cheng 17 13 4 2 0 619.49 710.38 161.78 210.09 457.71 500.29
ynao_sd_19691005_0120_cheng 15 7 8 4 0 569.26 803.81 95.53 127.44 473.73 676.37
ynao_sd_19691007_0615_cheng 8 4 4 2 0 410.99 691.32 61.38 99.43 349.61 591.89
ynao_sd_19691012_0435_li 1 0 1 1 0 191.51 220.53 22.75 26.18 168.76 194.35
ynao_sd_19691013_0930_li 7 6 1 1 0 195.98 276.56 54.51 81.88 141.47 194.68
ynao_sd_19691014_0003_li 11 10 1 1 0 205.62 319.41 86.88 137.66 118.74 181.75
ynao_sd_19691015_0125_li 13 12 1 1 0 160.3 270.65 73.29 89.32 87.01 181.33
ynao_sd_19691016_0125_cheng 10 4 6 5 0 198.14 337.97 39.1 63.5 159.04 274.47
ynao_sd_19691017_0120_cheng 6 3 3 1 0 76.7 129.05 24.71 41.52 51.99 87.53
ynao_sd_19691018_0110_li 4 4 0 0 0 21.95 53.57 21.95 53.57 0 0
ynao_sd_19691019_0025_cheng 7 7 0 0 0 39.41 64.53 39.41 64.53 0 0
ynao_sd_19691020_0120_cheng 3 3 0 0 0 20.97 34.24 20.97 34.24 0 0
ynao_sd_19691021_0120_cheng 10 10 0 0 0 53.43 127.55 53.43 127.55 0 0
ynao_sd_19691022_0150_cheng 13 8 5 3 0 180.47 325.44 56.11 88.22 124.36 237.22
ynao_sd_19691023_0600_cheng 17 14 3 2 0 216.7 302.91 119.32 153.7 97.38 149.21
ynao_sd_19691024_0200_cheng 11 5 6 4 0 213.77 272.46 57.28 72.77 156.49 199.69
ynao_sd_19691025_0020_li 4 2 2 2 0 109.79 214.9 30.85 47.91 78.94 166.99
ynao_sd_19691028_0200_chen 6 4 2 2 0 208.49 248.37 34.16 50.1 174.33 198.27
ynao_sd_19691029_0500_chen 9 5 4 2 0 172.64 208.24 50.47 66.38 122.17 141.86
ynao_sd_19691030_0210_chen 17 14 3 2 0 155.22 181.1 71.72 84.24 83.5 96.86
ynao_sd_19691031_0500_chen 7 6 1 1 0 103.85 113.73 39.69 44.12 64.16 69.61
ynao_sd_19691102_0650_chen 5 4 1 1 0 71.34 97.22 44.11 58.59 27.23 38.63
ynao_sd_19691103_0330_chen 2 1 1 1 0 44.66 80.97 9.49 18.98 35.17 61.99
ynao_sd_19691104_0605_chen 0 0 0 0 0 0 0 0 0 0 0
ynao_sd_19691107_0810_li 3 2 1 1 0 35.38 36.39 14.36 15.04 21.02 21.35
ynao_sd_19691108_0030_li 5 5 0 0 0 33.34 37.38 33.34 37.38 0 0
ynao_sd_19691109_0020_li 1 1 0 0 0 10.48 11.87 10.48 11.87 0 0
ynao_sd_19691110_0100_chen 6 6 0 0 0 31.55 72.9 31.55 72.9 0 0
ynao_sd_19691111_0420_chen 2 2 0 0 0 31.16 52.09 31.16 52.09 0 0
ynao_sd_19691112_0110_li 6 6 0 0 0 31.4 43.13 31.4 43.13 0 0
ynao_sd_19691113_0040_li 2 2 0 0 0 15.43 18.29 15.43 18.29 0 0
ynao_sd_19691114_0340_chen 3 3 0 0 0 12.4 13.48 12.4 13.48 0 0
ynao_sd_19691115_0040_li 4 4 0 0 0 20.48 25.12 20.48 25.12 0 0
ynao_sd_19691116_0030_chen 0 0 0 0 0 0 0 0 0 0 0
ynao_sd_19691117_0540_chen 9 8 1 1 0 59.78 102.08 37.53 62.42 22.25 39.66
ynao_sd_19691118_0610_li 2 2 0 0 0 25.96 65.56 25.96 65.56 0 0
ynao_sd_19691120_0120_li 1 0 1 1 0 40.7 92.76 5.8 13.27 34.9 79.49
ynao_sd_19691121_0120_chen 2 1 1 1 0 31.16 48.34 6.84 9.96 24.32 38.38
ynao_sd_19691122_0320_li 8 8 0 0 0 37.21 48.76 37.21 48.76 0 0
ynao_sd_19691126_0510_li 3 3 0 0 0 48.0 152.27 48.0 152.27 0 0
ynao_sd_19691127_0640_li 12 5 7 3 0 863.14 1296.45 142.4 214.63 720.74 1081.82
ynao_sd_19691201_0100_li 13 6 7 3 0 979.25 1042.88 190.33 209.13 788.92 833.75
ynao_sd_19691203_0900_li 26 17 9 5 0 855.67 1061.0 177.77 211.12 677.9 849.88
ynao_sd_19691204_0330_li 25 17 8 6 1 793.97 1049.25 178.46 222.51 615.51 826.74
ynao_sd_19691206_0100_li 12 8 4 3 0 412.42 615.54 98.66 129.48 313.76 486.06
ynao_sd_19691207_0320_li 4 3 1 1 0 257.47 322.48 42.07 50.31 215.4 272.17
ynao_sd_19691211_0820_li 4 2 2 1 0 70.63 107.31 15.53 23.07 55.1 84.24
ynao_sd_19691213_0530_chen 14 6 8 3 0 314.93 706.77 67.05 128.5 247.88 578.27
ynao_sd_19691214_0135_xuan 15 8 7 3 0 477.17 819.01 150.98 247.08 326.19 571.93
ynao_sd_19691215_0200_chen 22 14 8 3 0 494.42 664.88 115.78 152.22 378.64 512.66
ynao_sd_19691216_0140_chen 33 20 13 3 0 587.99 678.1 137.15 158.94 450.84 519.16
ynao_sd_19691217_0130_chen 29 14 15 7 0 535.89 564.34 93.15 97.82 442.74 466.52
ynao_sd_19691219_0500_chen 24 15 9 2 0 342.82 356.87 115.47 120.49 227.35 236.38
ynao_sd_19691221_0130_chen 44 33 11 5 0 765.91 980.88 250.71 327.56 515.2 653.32
ynao_sd_19691222_0645_chen 45 26 19 4 0 1920.35 2529.39 647.99 853.69 1272.36 1675.7
ynao_sd_19691223_0145_chen 29 13 16 4 0 1557.61 1849.31 203.17 248.94 1354.44 1600.37
ynao_sd_19691224_0155_chen 33 15 18 4 0 1585.8 1890.38 259.75 352.44 1326.05 1537.94
ynao_sd_19691225_0340_chen 41 24 17 5 0 1708.23 1930.93 236.87 287.68 1471.36 1643.25
ynao_sd_19691226_0230_chen 37 20 17 6 0 1862.35 2026.46 264.97 292.54 1597.38 1733.92
ynao_sd_19691227_0140_chen 37 25 12 7 0 1544.81 1832.07 249.16 294.67 1295.65 1537.4
ynao_sd_19691228_0520_chen 41 25 16 8 0 919.6 1256.83 198.07 260.27 721.53 996.56
ynao_sd_19691230_0200_chen 37 24 13 7 0 930.94 1351.99 192.28 290.33 738.66 1061.66
ynao_sd_19691231_0120_chen 34 19 15 6 0 1009.95 1301.52 181.1 255.27 828.85 1046.25
