ynao_sd_19700103_0137_chen 14 7 7 2 0 627.59 969.55 143.61 223.06 483.98 746.49
ynao_sd_19700104_0145_chen 8 1 7 2 0 388.02 789.54 98.93 197.45 289.09 592.09
ynao_sd_19700105_0630_chen 4 2 2 1 0 73.03 288.64 42.03 166.95 31.0 121.69
ynao_sd_19700106_0420_chen 0 0 0 0 0 0 0 0 0 0 0
ynao_sd_19700107_0310_chen 0 0 0 0 0 0 0 0 0 0 0
ynao_sd_19700108_0625_chen 1 1 0 0 0 5.28 9.62 5.28 9.62 0 0
ynao_sd_19700109_0130_chen 5 4 1 1 0 59.61 69.93 23.0 28.65 36.61 41.28
ynao_sd_19700111_0505_chen 40 25 15 7 0 768.4 1238.77 251.41 394.22 516.99 844.55
ynao_sd_19700112_0130_chen 62 41 21 10 0 1491.19 2706.89 273.52 417.78 1217.67 2289.11
ynao_sd_19700113_0130_chen 39 15 24 12 0 1503.48 2620.25 289.08 490.19 1214.4 2130.06
ynao_sd_19700114_0200_chen 65 39 26 16 0 1568.24 2457.54 338.43 560.35 1229.81 1897.19
ynao_sd_19700115_0150_chen 66 40 26 13 0 1600.74 1922.98 312.07 384.08 1288.67 1538.9
ynao_sd_19700116_0150_chen 58 37 21 9 0 1644.93 1890.68 334.56 394.99 1310.37 1495.69
ynao_sd_19700117_0110_li 59 43 16 7 0 1719.15 2004.35 436.46 519.46 1282.69 1484.89
ynao_sd_19700118_0440_li 51 37 14 9 0 1390.23 1921.72 331.49 446.19 1058.74 1475.53
ynao_sd_19700119_0830_chen 28 12 16 10 0 856.3 1180.15 153.77 208.32 702.53 971.83
ynao_sd_19700120_0140_chen 37 25 12 7 0 722.84 997.57 204.45 237.23 518.39 760.34
ynao_sd_19700121_0330_li 28 15 13 10 0 1033.54 1517.9 162.57 244.97 870.97 1272.93
ynao_sd_19700122_0350_chen 16 6 10 7 0 914.54 1417.86 138.64 248.5 775.9 1169.36
ynao_sd_19700123_0300_chen 15 3 12 8 0 784.17 1337.59 85.55 153.86 698.62 1183.73
ynao_sd_19700124_0125_chen 13 4 9 6 0 833.38 1118.17 87.9 144.67 745.48 973.5
ynao_sd_19700125_0210_chen 41 29 12 7 0 958.74 1125.97 223.27 253.18 735.47 872.79
ynao_sd_19700126_0135_chen 39 25 14 9 0 992.13 1090.1 230.49 251.16 761.64 838.94
ynao_sd_19700127_0130_chen 65 36 29 13 0 2503.28 2651.59 377.25 403.37 2126.03 2248.22
ynao_sd_19700128_0505_chen 60 41 19 12 0 1766.4 1995.86 423.12 461.36 1343.28 1534.5
ynao_sd_19700129_0140_chen 61 34 27 9 0 2483.83 2988.08 356.28 461.28 2127.55 2526.8
ynao_sd_19700130_0510_chen 46 23 23 12 0 1823.62 2781.34 272.44 375.72 1551.18 2405.62
ynao_sd_19700131_0100_chen 48 26 22 11 0 1504.26 2769.64 238.31 380.29 1265.95 2389.35
ynao_sd_19700201_0120_chen 22 9 13 8 0 1192.89 2862.37 168.8 397.26 1024.09 2465.11
ynao_sd_19700202_0140_xuan 22 19 3 4 0 385.79 746.21 175.51 387.17 210.28 359.04
ynao_sd_19700203_0120_chen 18 13 5 3 0 204.99 354.85 83.94 144.17 121.05 210.68
ynao_sd_19700204_0125_chen 15 15 0 0 0 74.89 78.77 74.89 78.77 0 0
ynao_sd_19700205_0450_niu 16 10 6 4 1 2225.43 3519.24 129.25 179.75 2096.18 3339.49
ynao_sd_19700206_0214_xuan 25 22 3 4 0 2015.78 2565.65 135.73 217.62 1880.05 2348.03
ynao_sd_19700207_0155_xuan 30 19 11 3 0 731.19 1055.18 267.63 400.91 463.56 654.27
ynao_sd_19700208_0120_chen 29 21 8 3 0 854.48 1166.31 203.27 259.63 651.21 906.68
ynao_sd_19700209_0140_chen 31 24 7 4 0 685.37 878.57 190.99 242.04 494.38 636.53
ynao_sd_19700210_0130_chen 34 29 5 4 0 664.05 817.59 207.02 246.78 457.03 570.81
ynao_sd_19700212_0330_li 42 33 9 7 0 1305.08 1637.88 271.06 384.86 1034.02 1253.02
ynao_sd_19700213_0200_chen 37 19 18 8 0 2050.76 3378.14 405.12 739.37 1645.64 2638.77
ynao_sd_19700214_0200_li 62 43 19 9 0 2235.82 3497.95 434.41 628.42 1801.41 2869.53
ynao_sd_19700215_0150_li 69 52 17 9 0 2277.98 3202.78 520.16 711.21 1757.82 2491.57
ynao_sd_19700216_0650_chen 62 47 15 7 0 2017.81 3020.09 530.7 736.81 1487.11 2283.28
ynao_sd_19700217_0140_chen 65 48 17 8 0 1973.82 2897.37 415.7 608.75 1558.12 2288.62
ynao_sd_19700218_0130_li 68 48 20 12 0 2665.6 4089.92 470.83 709.75 2194.77 3380.17
ynao_sd_19700219_0130_chen 59 35 24 10 0 2667.32 4114.17 464.45 684.14 2202.87 3430.03
ynao_sd_19700220_0120_chen 65 44 21 10 0 2271.99 3043.62 420.03 604.24 1851.96 2439.38
ynao_sd_19700221_0230_chen 48 31 17 8 0 2376.01 2959.09 441.52 537.65 1934.49 2421.44
ynao_sd_19700222_0130_chen 59 37 22 10 0 2060.91 2412.98 387.26 449.76 1673.65 1963.22
ynao_sd_19700224_0150_li 28 16 12 7 0 1706.88 2006.87 292.27 331.81 1414.61 1675.06
ynao_sd_19700225_0130_LI 33 24 9 7 0 1704.2 2026.72 295.01 342.48 1409.19 1684.24
ynao_sd_19700226_0130_chen 28 16 12 4 0 1622.79 1926.29 278.15 331.41 1344.64 1594.88
ynao_sd_19700227_0145_chen 24 13 11 4 0 1286.39 1687.79 220.67 309.05 1065.72 1378.74
ynao_sd_19700228_0110_li 32 22 10 5 0 988.12 1518.4 224.87 350.55 763.25 1167.85
ynao_sd_19700301_0120_li 18 10 8 4 0 676.82 1101.78 117.35 192.38 559.47 909.4
ynao_sd_19700302_0140_chen 12 9 3 3 0 400.4 944.2 122.38 350.88 278.02 593.32
ynao_sd_19700303_0130_li 15 10 5 5 0 298.8 633.18 114.01 163.28 184.79 469.9
ynao_sd_19700304_0310_li 22 12 10 6 0 580.52 1687.43 114.88 229.64 465.64 1457.79
ynao_sd_19700305_0120_li 21 12 9 6 0 724.04 1606.86 152.39 309.73 571.65 1297.13
ynao_sd_19700306_0115_li 55 43 12 6 0 1044.63 1788.17 306.06 512.07 738.57 1276.1
ynao_sd_19700307_0120_li 47 36 11 6 0 956.72 1342.1 265.0 397.93 691.72 944.17
ynao_sd_19700308_0130_li 64 56 8 4 0 1316.87 1530.41 409.12 465.46 907.75 1064.95
ynao_sd_19700309_0110_li 46 29 17 5 0 1437.27 1543.07 352.61 394.91 1084.66 1148.16
ynao_sd_19700310_0105_li 53 45 8 2 0 1449.41 1540.77 419.46 478.64 1029.95 1062.13
ynao_sd_19700311_0055_li 63 56 7 4 0 1209.49 1283.94 473.64 535.83 735.85 748.11
ynao_sd_19700312_0450_li 52 40 12 6 0 1447.04 1682.01 399.5 467.33 1047.54 1214.68
ynao_sd_19700313_0150_xuan 19 14 5 5 0 1609.24 1933.99 517.59 625.66 1091.65 1308.33
ynao_sd_19700314_0040_li 27 14 13 7 0 928.07 1350.71 222.79 303.26 705.28 1047.45
ynao_sd_19700315_0050_li 18 14 4 3 0 537.11 963.89 167.04 325.41 370.07 638.48
ynao_sd_19700316_0208_xuan 6 2 4 3 0 454.42 925.59 113.12 220.47 341.3 705.12
ynao_sd_19700317_0127_xuan 3 2 1 1 0 212.96 335.32 54.94 74.37 158.02 260.95
ynao_sd_19700318_0435_li 5 1 4 3 0 374.38 612.6 51.83 77.43 322.55 535.17
ynao_sd_19700319_0155_xuan 4 0 4 3 0 412.18 677.9 83.27 125.36 328.91 552.54
ynao_sd_19700320_0155_xuan 6 3 3 3 0 374.79 584.24 82.9 131.37 291.89 452.87
ynao_sd_19700321_0200_xuan 10 7 3 2 0 399.37 545.89 135.25 236.45 264.12 309.44
ynao_sd_19700322_0220_xuan 5 4 1 1 0 354.08 386.58 228.89 258.07 125.19 128.51
ynao_sd_19700323_0230_li 6 3 3 2 0 402.39 429.0 71.01 74.34 331.38 354.66
ynao_sd_19700325_0350_li 17 14 3 3 0 445.41 506.24 133.42 158.84 311.99 347.4
ynao_sd_19700326_0450_li 10 8 2 2 0 249.1 335.45 66.77 89.5 182.33 245.95
ynao_sd_19700327_0150_li 5 4 1 1 0 198.63 260.55 51.14 83.1 147.49 177.45
ynao_sd_19700328_0200_li 4 2 2 2 0 154.72 216.25 33.1 44.79 121.62 171.46
ynao_sd_19700329_0130_li 22 21 1 1 0 198.88 280.35 136.58 159.16 62.3 121.19
ynao_sd_19700330_0110_li 25 24 1 1 0 195.85 279.18 160.1 233.3 35.75 45.88
ynao_sd_19700331_0150_li 25 25 0 0 0 140.35 256.07 140.35 256.07 0 0
ynao_sd_19700401_0350_li 17 15 2 2 0 348.99 978.31 148.55 362.26 200.44 616.05
ynao_sd_19700402_0205_li 8 3 5 3 0 405.77 804.37 65.75 131.62 340.02 672.75
ynao_sd_19700403_0115_li 13 5 8 4 0 932.44 1959.69 133.69 257.42 798.75 1702.27
ynao_sd_19700404_0810_li 20 7 13 7 0 1985.17 3352.24 363.11 643.02 1622.06 2709.22
ynao_sd_19700405_0640_li 32 17 15 8 0 2563.81 3621.01 412.76 574.37 2151.05 3046.64
ynao_sd_19700406_0110_li 32 15 17 7 0 2703.78 3450.38 400.42 499.1 2303.36 2951.28
ynao_sd_19700407_0115_li 31 17 14 11 0 2634.54 2969.03 439.71 492.28 2194.83 2476.75
ynao_sd_19700408_0120_li 36 24 12 7 0 2699.23 2880.73 483.46 534.79 2215.77 2345.94
ynao_sd_19700409_0105_li 25 16 9 5 0 2461.89 2572.74 439.4 472.71 2022.49 2100.03
ynao_sd_19700410_0640_chen 39 16 23 10 0 2373.56 2535.73 374.04 404.56 1999.52 2131.17
ynao_sd_19700411_0130_li 39 20 19 7 0 3515.22 4017.27 615.75 708.35 2899.47 3308.92
ynao_sd_19700413_0115_li 21 6 15 8 0 2002.23 3547.01 292.23 505.7 1710.0 3041.31
ynao_sd_19700414_0120_li 12 5 7 7 0 1223.14 2561.88 177.17 397.46 1045.97 2164.42
ynao_sd_19700415_0130_li 14 6 8 7 0 906.54 2060.06 156.49 378.84 750.05 1681.22
ynao_sd_19700417_0120_li 10 8 2 2 0 626.12 753.77 118.09 158.38 508.03 595.39
ynao_sd_19700418_0050_li 6 4 2 2 0 651.18 688.78 86.9 92.52 564.28 596.26
ynao_sd_19700419_0020_li 6 3 3 2 0 609.19 614.41 75.35 75.88 533.84 538.53
ynao_sd_19700420_0150_li 19 15 4 2 0 580.68 589.79 121.15 124.33 459.53 465.46
ynao_sd_19700421_0225_chen 13 9 4 2 0 451.28 491.43 96.75 105.56 354.53 385.87
ynao_sd_19700422_0120_chen 8 5 3 2 0 342.89 410.65 67.81 74.94 275.08 335.71
ynao_sd_19700423_0120_chen 23 17 6 3 0 372.48 501.56 104.19 117.8 268.29 383.76
ynao_sd_19700424_0250_chen 15 7 8 2 0 317.46 454.92 86.26 109.5 231.2 345.42
ynao_sd_19700425_0300_chen 13 3 10 4 0 440.11 744.81 52.66 93.57 387.45 651.24
ynao_sd_19700426_0800_chen 21 12 9 4 0 376.68 691.95 93.59 161.58 283.09 530.37
ynao_sd_19700427_0920_chen 21 14 7 4 0 431.94 702.89 102.98 183.72 328.96 519.17
ynao_sd_19700428_0120_li 19 14 5 3 0 556.62 821.02 114.73 178.31 441.89 642.71
ynao_sd_19700429_0030_li 36 25 11 4 0 877.42 1065.86 218.84 289.32 658.58 776.54
ynao_sd_19700501_0105_li 36 27 9 6 0 1336.26 1901.15 258.54 339.57 1077.72 1561.58
ynao_sd_19700502_0055_li 21 13 8 5 0 1326.71 1765.6 230.32 301.26 1096.39 1464.34
ynao_sd_19700503_0105_li 12 5 7 5 0 1303.7 1538.18 184.62 221.39 1119.08 1316.79
ynao_sd_19700504_0002_li 8 4 4 4 0 1363.34 1548.08 212.57 238.17 1150.77 1309.91
ynao_sd_19700507_0150_li 6 1 5 5 0 910.34 1250.02 96.92 142.32 813.42 1107.7
ynao_sd_19700508_0135_li 6 3 3 2 0 656.16 798.44 91.45 133.52 564.71 664.92
ynao_sd_19700509_0005_li 10 6 4 2 0 674.62 925.86 168.47 236.1 506.15 689.76
ynao_sd_19700510_0030_li 13 8 5 2 0 459.62 806.5 94.68 181.35 364.94 625.15
ynao_sd_19700511_0030_li 14 8 6 3 0 339.81 845.82 85.09 201.83 254.72 643.99
ynao_sd_19700512_0115_li 15 9 6 5 0 326.36 692.51 76.53 131.95 249.83 560.56
ynao_sd_19700513_0010_li 19 9 10 5 0 662.74 843.5 107.38 127.98 555.36 715.52
ynao_sd_19700514_0140_li 30 12 18 5 0 1528.77 1656.52 201.32 249.45 1327.45 1407.07
ynao_sd_19700522_0250_chen 14 13 1 1 0 90.9 123.68 57.69 82.77 33.21 40.91
ynao_sd_19700523_0320_gu 7 7 0 0 0 37.63 53.56 37.63 53.56 0 0
ynao_sd_19700525_0315_gu 29 14 15 5 0 1282.05 1621.4 336.04 469.13 946.01 1152.27
ynao_sd_19700526_0620_gu 39 24 15 6 0 2066.43 2349.26 673.8 765.04 1392.63 1584.22
ynao_sd_19700527_0315_xuan 48 29 19 9 0 1260.82 1896.18 539.36 1186.01 721.46 710.17
ynao_sd_19700528_0300_xuan 43 22 21 11 0 2971.45 5564.02 313.08 405.95 2658.37 5158.07
ynao_sd_19700529_0430_gu 47 31 16 9 0 1597.18 2055.15 655.85 793.52 941.33 1261.63
ynao_sd_19700530_0555_xuang 36 14 22 10 0 1319.84 1725.23 269.46 345.19 1050.38 1380.04
ynao_sd_19700531_0300_xuang 31 16 15 6 0 1363.02 1747.27 311.15 455.73 1051.87 1291.54
ynao_sd_19700601_0430_gu 27 19 8 6 0 1271.81 1802.24 352.12 501.69 919.69 1300.55
ynao_sd_19700603_0925_xuang 6 2 4 3 0 479.7 522.1 98.83 108.45 380.87 413.65
ynao_sd_19700604_1000_gu 5 2 3 3 0 391.96 467.58 82.94 100.47 309.02 367.11
ynao_sd_19700606_0140_gu 3 1 2 2 0 482.67 860.21 132.78 234.15 349.89 626.06
ynao_sd_19700607_0125_xuang 3 1 2 2 0 363.39 613.57 56.95 92.28 306.44 521.29
ynao_sd_19700608_0325_gu 5 2 3 2 0 467.29 732.71 97.95 148.93 369.34 583.78
ynao_sd_19700609_0315_gu 6 4 2 1 0 363.51 405.01 85.87 94.47 277.64 310.54
ynao_sd_19700610_0100_xuang 6 3 3 1 0 334.9 357.68 57.83 65.27 277.07 292.41
ynao_sd_19700613_0020_xuang 3 1 2 1 0 199.56 232.4 36.96 42.35 162.6 190.05
ynao_sd_19700614_0030_xuang 3 1 2 1 0 184.26 309.49 54.07 135.46 130.19 174.03
ynao_sd_19700615_0025_xuang 12 9 3 2 0 306.78 593.74 69.3 116.5 237.48 477.24
ynao_sd_19700616_0815_gu 7 5 2 2 0 348.83 617.39 87.47 132.8 261.36 484.59
ynao_sd_19700617_0835_gu 11 8 3 2 0 410.35 687.88 129.72 198.14 280.63 489.74
ynao_sd_19700624_0635_xuang 16 12 4 3 0 328.49 488.83 114.23 179.27 214.26 309.56
ynao_sd_19700625_0340_cheng 18 16 2 2 0 152.87 250.67 79.7 107.96 73.17 142.71
ynao_sd_19700627_0540_xuang 10 7 3 1 0 154.36 206.38 80.08 109.2 74.28 97.18
ynao_sd_19700628_0600_xuang 9 7 2 1 0 290.18 924.02 70.01 153.23 220.17 770.79
ynao_sd_19700629_0055_xuang 15 14 1 1 0 467.86 1003.12 118.2 191.78 349.66 811.34
ynao_sd_19700630_0505_xuang 21 13 8 3 0 931.98 1388.0 234.4 337.07 697.58 1050.93
ynao_sd_19700701_0700_xuang 27 18 9 4 0 1644.23 1987.79 280.24 342.05 1363.99 1645.74
ynao_sd_19700703_1115_xuang 47 34 13 4 0 2403.6 2654.09 551.73 627.11 1851.87 2026.98
ynao_sd_19700704_0520_xuang 62 44 18 6 0 2619.89 2863.82 585.14 668.1 2034.75 2195.72
ynao_sd_19700705_0700_xuang 67 46 21 9 0 3013.0 3349.52 667.72 749.73 2345.28 2599.79
ynao_sd_19700706_0620_li 52 38 14 6 0 1827.4 2132.97 336.45 392.21 1490.95 1740.76
ynao_sd_19700709_0640_li 14 10 4 3 0 683.06 1180.53 146.33 211.12 536.73 969.41
ynao_sd_19700711_0810_li 18 16 2 2 0 273.18 571.87 107.62 231.64 165.56 340.23
ynao_sd_19700715_1010_li 7 6 1 1 0 181.35 197.94 37.51 42.34 143.84 155.6
ynao_sd_19700716_0700_li 2 1 1 1 0 152.15 165.16 18.08 21.01 134.07 144.15
ynao_sd_19700717_0710_li 1 0 1 1 0 118.21 132.35 17.78 19.91 100.43 112.44
ynao_sd_19700718_0603_li 1 0 1 1 0 129.69 159.34 18.2 22.34 111.49 137.0
ynao_sd_19700720_0910_li 4 3 1 1 0 69.11 134.38 29.09 58.11 40.02 76.27
ynao_sd_19700724_0700_li 11 8 3 2 0 219.29 336.16 61.82 105.19 157.47 230.97
ynao_sd_19700725_0130_cheng 18 13 5 2 0 254.12 399.87 100.79 204.17 153.33 195.7
ynao_sd_19700726_0410_li 10 5 5 3 0 375.8 634.95 58.16 104.79 317.64 530.16
ynao_sd_19700731_0400_li 9 3 6 3 0 333.52 357.96 51.96 55.36 281.56 302.6
ynao_sd_19700801_0020_li 14 8 6 3 0 241.14 262.62 95.6 108.61 145.54 154.01
ynao_sd_19700802_0010_li 11 9 2 2 0 183.05 193.38 63.72 69.08 119.33 124.3
ynao_sd_19700803_0700_li 4 3 1 1 0 105.29 116.34 35.44 42.32 69.85 74.02
ynao_sd_19700804_0055_cheng 3 2 1 1 0 85.99 100.09 19.39 25.64 66.6 74.45
ynao_sd_19700805_0040_li 2 1 1 1 0 96.84 127.18 13.67 21.95 83.17 105.23
ynao_sd_19700808_0240_li 14 12 2 1 0 239.54 246.74 76.44 78.89 163.1 167.85
ynao_sd_19700809_0300_li 19 17 2 1 0 203.63 210.88 94.56 97.34 109.07 113.54
ynao_sd_19700811_0035_li 10 9 1 1 0 91.25 110.69 35.87 42.46 55.38 68.23
ynao_sd_19700812_0045_li 5 5 0 0 0 21.55 31.55 21.55 31.55 0 0
ynao_sd_19700813_0700_li 1 1 0 0 0 5.5 11.9 5.5 11.9 0 0
ynao_sd_19700814_0030_li 1 1 0 0 0 5.45 9.1 5.45 9.1 0 0
ynao_sd_19700815_0025_li 17 17 0 0 0 81.37 99.03 81.37 99.03 0 0
ynao_sd_19700816_0550_li 30 18 12 6 0 929.05 1078.21 179.23 211.78 749.82 866.43
ynao_sd_19700817_0035_li 17 8 9 4 0 1140.02 1468.91 176.61 223.97 963.41 1244.94
ynao_sd_19700818_0140_li 23 13 10 4 0 887.79 1365.8 151.72 218.57 736.07 1147.23
ynao_sd_19700819_0110_li 16 11 5 3 0 551.7 956.01 123.85 206.0 427.85 750.01
ynao_sd_19700820_0055_li 4 2 2 2 0 191.74 368.04 20.42 38.83 171.32 329.21
ynao_sd_19700821_0050_li 9 7 2 2 0 120.62 283.08 43.44 65.09 77.18 217.99
ynao_sd_19700822_0530_li 8 8 0 0 0 43.54 45.95 43.54 45.95 0 0
ynao_sd_19700824_0200_li 13 11 2 2 0 196.58 276.88 74.43 116.64 122.15 160.24
ynao_sd_19700825_0030_go 16 9 7 4 0 478.36 793.79 138.7 236.71 339.66 557.08
ynao_sd_19700826_0040_li 16 15 1 1 0 207.16 287.37 102.96 152.44 104.2 134.93
ynao_sd_19700828_0120_li 4 3 1 1 0 135.08 142.37 30.23 31.72 104.85 110.65
ynao_sd_19700829_0010_li 8 7 1 1 0 202.58 223.33 57.18 71.39 145.4 151.94
ynao_sd_19700830_0500_li 4 3 1 1 0 122.7 145.99 22.76 35.7 99.94 110.29
ynao_sd_19700831_0150_li 12 11 1 1 0 138.64 208.51 77.69 134.35 60.95 74.16
ynao_sd_19700901_0110_li 3 2 1 1 0 94.69 133.23 27.78 37.56 66.91 95.67
ynao_sd_19700902_0015_li 9 8 1 1 0 84.55 128.17 46.23 57.73 38.32 70.44
ynao_sd_19700903_0020_li 4 4 0 0 0 17.23 27.31 17.23 27.31 0 0
ynao_sd_19700904_0125_li 3 3 0 0 0 18.94 19.37 18.94 19.37 0 0
ynao_sd_19700906_0700_li 11 11 0 0 0 67.19 107.46 67.19 107.46 0 0
ynao_sd_19700907_0710_li 11 9 2 2 0 129.4 239.91 52.55 87.29 76.85 152.62
ynao_sd_19700908_0010_li 17 16 1 1 0 150.17 273.99 95.58 177.34 54.59 96.65
ynao_sd_19700909_0010_li 7 5 2 1 0 132.6 249.43 44.91 127.14 87.69 122.29
ynao_sd_19700910_0400_gu 14 9 5 2 0 258.12 461.49 118.25 237.76 139.87 223.73
ynao_sd_19700911_0840_li 9 6 3 2 0 104.47 146.09 44.24 62.69 60.23 83.4
ynao_sd_19700912_0940_li 13 11 2 1 0 165.67 213.09 61.91 85.32 103.76 127.77
ynao_sd_19700913_0310_li 10 8 2 1 0 141.13 176.24 57.11 80.99 84.02 95.25
ynao_sd_19700914_0205_gu 16 14 2 1 0 217.91 276.41 127.11 180.21 90.8 96.2
ynao_sd_19700916_0740_li 5 4 1 1 0 68.41 98.77 27.96 52.42 40.45 46.35
ynao_sd_19700917_0830_li 7 7 0 0 0 56.89 76.06 56.89 76.06 0 0
ynao_sd_19700918_0540_li 9 9 0 0 0 54.19 74.39 54.19 74.39 0 0
ynao_sd_19700919_0145_li 9 9 0 0 0 56.81 88.03 56.81 88.03 0 0
ynao_sd_19700920_0810_li 4 4 0 0 0 16.58 27.71 16.58 27.71 0 0
ynao_sd_19700921_0715_gu 8 8 0 0 0 52.92 140.41 52.92 140.41 0 0
ynao_sd_19700922_0650_li 0 0 0 0 0 0 0 0 0 0 0
ynao_sd_19700925_0720_li 3 2 1 1 0 450.79 782.41 73.79 122.52 377.0 659.89
ynao_sd_19700926_0500_li 3 2 1 1 0 589.57 827.26 112.18 156.5 477.39 670.76
ynao_sd_19700927_0105_li 1 0 1 1 0 725.09 878.63 122.06 147.77 603.03 730.86
ynao_sd_19700928_0440_li 5 3 2 1 0 762.74 822.2 113.56 124.6 649.18 697.6
ynao_sd_19701004_0305_gu 26 17 9 4 0 491.44 872.24 176.24 276.24 315.2 596.0
ynao_sd_19701005_0020_li 17 4 13 3 0 963.65 1363.65 147.67 247.07 815.98 1116.58
ynao_sd_19701006_0150_gu 22 13 9 3 0 794.97 854.39 212.43 227.91 582.54 626.48
ynao_sd_19701007_0120_gu 29 18 11 3 0 623.06 679.67 236.51 274.3 386.55 405.37
ynao_sd_19701008_0015_gu 44 38 6 3 0 811.36 907.74 308.88 364.98 502.48 542.76
ynao_sd_19701009_0020_li 48 29 19 7 0 1105.18 1289.48 221.94 267.49 883.24 1021.99
ynao_sd_19701010_0430_li 50 36 14 5 0 1060.51 1474.69 251.29 336.59 809.22 1138.1
ynao_sd_19701011_0650_li 24 15 9 6 0 639.45 1165.39 145.99 226.72 493.46 938.67
ynao_sd_19701012_0100_li 14 6 8 5 0 565.57 1277.25 88.06 180.6 477.51 1096.65
ynao_sd_19701014_0510_li 8 8 0 0 0 49.24 59.36 49.24 59.36 0 0
ynao_sd_19701016_0730_li 7 7 0 0 0 32.09 48.22 32.09 48.22 0 0
ynao_sd_19701017_0040_gu 7 7 0 0 0 59.72 66.61 59.72 66.61 0 0
ynao_sd_19701018_0030_gu 6 6 0 0 0 49.65 52.78 49.65 52.78 0 0
ynao_sd_19701019_0150_cheng 0 0 0 0 0 0 0 0 0 0 0
ynao_sd_19701020_0110_cheng 0 0 0 0 0 0 0 0 0 0 0
ynao_sd_19701021_0045_cheng 3 3 0 0 0 12.95 37.99 12.95 37.99 0 0
ynao_sd_19701022_0030_cheng 0 0 0 0 0 0 0 0 0 0 0
ynao_sd_19701023_0115_cheng 4 4 0 0 0 19.78 43.07 19.78 43.07 0 0
ynao_sd_19701024_0015_cheng 3 3 0 0 0 18.3 26.83 18.3 26.83 0 0
ynao_sd_19701025_0030_cheng 1 1 0 0 0 13.17 14.46 13.17 14.46 0 0
ynao_sd_19701030_0620_gu 1 0 1 2 0 223.08 305.03 43.41 58.96 179.67 246.07
ynao_sd_19701103_0450_gu 25 24 1 1 0 410.29 591.96 242.06 412.49 168.23 179.47
ynao_sd_19701104_0140_gu 43 42 1 2 0 413.74 525.91 252.4 340.63 161.34 185.28
ynao_sd_19701105_0030_gu 31 30 1 1 0 426.64 549.49 266.7 341.45 159.94 208.04
ynao_sd_19701106_0710_gu 31 29 2 2 0 510.7 756.85 317.68 414.22 193.02 342.63
ynao_sd_19701107_0240_gu 56 54 2 1 0 535.7 823.93 417.77 529.72 117.93 294.21
ynao_sd_19701108_0320_cheng 27 26 1 0 0 116.28 143.97 122.3 170.13 6.02 26.16
ynao_sd_19701113_0025_gu 9 8 1 2 0 367.36 569.06 212.42 290.17 154.94 278.89
ynao_sd_19701116_0500_cheng 22 15 7 4 0 503.85 524.78 102.5 107.58 401.35 417.2
ynao_sd_19701117_0230_gu 19 13 6 4 0 649.91 666.98 190.81 195.98 459.1 471.0
ynao_sd_19701118_0140_li 17 16 1 0 0 74.45 87.51 91.01 105.27 16.56 17.76
ynao_sd_19701119_0140_gu 22 19 3 3 0 357.39 451.09 152.59 206.91 204.8 244.18
ynao_sd_19701120_0115_gu 16 14 2 2 0 227.94 353.04 122.14 198.74 105.8 154.3
ynao_sd_19701121_0030_gu 1 0 1 1 0 93.47 178.66 11.91 22.78 81.56 155.88
ynao_sd_19701122_0055_li 1 1 0 0 0 4.78 4.96 4.78 4.96 0 0
ynao_sd_19701123_0300_li 2 1 1 1 0 54.11 234.02 7.55 22.73 46.56 211.29
ynao_sd_19701124_0040_li 4 2 2 2 0 175.5 368.17 22.39 34.76 153.11 333.41
ynao_sd_19701125_0640_cheng 7 5 2 1 0 138.57 209.2 32.56 46.94 106.01 162.26
ynao_sd_19701126_0140_cheng 8 6 2 1 0 184.86 242.91 46.68 62.73 138.18 180.18
ynao_sd_19701127_0105_li 4 3 1 1 0 122.85 138.34 29.32 32.92 93.53 105.42
ynao_sd_19701128_0055_li 11 9 2 1 0 105.67 116.51 65.12 74.08 40.55 42.43
ynao_sd_19701129_0705_li 7 6 1 1 0 534.3 1347.8 58.39 131.43 475.91 1216.37
ynao_sd_19701203_0540_cheng 22 14 8 2 0 593.55 721.31 111.52 132.89 482.03 588.42
ynao_sd_19701205_0150_li 44 39 5 4 0 768.84 890.58 250.4 296.21 518.44 594.37
ynao_sd_19701206_0150_li 32 26 6 4 0 689.63 759.82 206.49 246.67 483.14 513.15
ynao_sd_19701207_0455_gu 41 38 3 3 0 823.25 950.48 319.34 385.93 503.91 564.55
ynao_sd_19701208_0635_gu 25 20 5 4 0 732.64 893.59 233.85 278.47 498.79 615.12
ynao_sd_19701209_0130_li 18 16 2 1 0 309.29 413.06 104.83 121.95 204.46 291.11
ynao_sd_19701210_0130_li 27 24 3 2 0 290.76 423.79 132.68 157.58 158.08 266.21
ynao_sd_19701211_0110_gu 45 42 3 1 0 365.12 614.34 268.22 355.26 96.9 259.08
ynao_sd_19701212_0100_li 27 25 2 2 0 229.34 252.65 155.69 173.88 73.65 78.77
ynao_sd_19701214_0815_gu 6 1 5 2 0 566.16 952.91 123.95 210.28 442.21 742.63
ynao_sd_19701215_0350_cheng 7 4 3 2 0 246.52 539.35 29.09 61.95 217.43 477.4
ynao_sd_19701216_0055_gu 16 16 0 0 0 124.58 299.0 124.58 299.0 0 0
ynao_sd_19701217_0110_gu 4 3 1 1 0 48.62 71.52 26.0 38.68 22.62 32.84
ynao_sd_19701218_0220_li 10 8 2 1 0 75.26 101.27 42.08 67.58 33.18 33.69
ynao_sd_19701219_0320_li 29 29 0 0 0 192.27 310.77 192.27 310.77 0 0
ynao_sd_19701220_0220_li 20 20 0 0 0 99.16 142.1 99.16 142.1 0 0
ynao_sd_19701221_0115_gu 33 28 5 3 0 344.07 459.45 212.97 282.25 131.1 177.2
ynao_sd_19701222_0100_gu 30 23 7 4 0 307.96 383.17 221.04 284.26 86.92 98.91
ynao_sd_19701223_0115_gu 14 13 1 2 0 264.58 283.93 128.81 140.08 135.77 143.85
ynao_sd_19701224_0135_gu 24 24 0 0 0 151.74 155.36 151.74 155.36 0 0
ynao_sd_19701225_0210_gu 13 13 0 0 0 148.99 151.09 148.99 151.09 0 0
ynao_sd_19701226_0130_li 8 8 0 0 0 30.26 32.85 30.26 32.85 0 0
ynao_sd_19701227_0205_guo 3 3 0 0 0 15.96 18.54 15.96 18.54 0 0
ynao_sd_19701228_0110_li 1 1 0 0 0 12.28 20.02 12.28 20.02 0 0
ynao_sd_19701229_0210_li 8 8 0 0 0 41.52 46.22 41.52 46.22 0 0
