ynao_sd_19710103_0135_chen 1 1 0 0 0 3.97 13.34 3.97 13.34 0 0
ynao_sd_19710104_0430_li 3 1 2 1 0 171.21 804.83 19.35 106.9 151.86 697.93
ynao_sd_19710105_0345_li 9 2 7 2 0 716.13 1958.95 122.72 366.93 593.41 1592.02
ynao_sd_19710106_0650_li 24 11 13 5 0 1322.14 2296.91 185.79 325.17 1136.35 1971.74
ynao_sd_19710108_0950_gu 75 64 11 2 0 1797.07 1961.21 699.18 776.63 1097.89 1184.58
ynao_sd_19710109_0100_li 32 28 4 3 0 1557.54 1619.69 319.57 337.17 1237.97 1282.52
ynao_sd_19710110_0130_li 37 33 4 1 0 1545.66 1558.46 382.64 394.29 1163.02 1164.17
ynao_sd_19710111_0120_gu 67 63 4 3 0 1821.3 1929.17 856.26 940.17 965.04 989.0
ynao_sd_19710112_0230_gu 38 32 6 3 0 1877.07 2096.9 753.4 863.79 1123.67 1233.11
ynao_sd_19710113_0040_gu 30 26 4 1 0 1254.45 1535.02 434.11 526.64 820.34 1008.38
ynao_sd_19710114_0045_gu 34 30 4 3 0 1101.02 1611.62 456.6 641.55 644.42 970.07
ynao_sd_19710115_0050_gu 34 32 2 2 0 965.3 1874.89 373.8 634.2 591.5 1240.69
ynao_sd_19710116_0105_li 8 5 3 1 0 221.5 1052.55 57.0 236.07 164.5 816.48
ynao_sd_19710117_0100_li 1 1 0 0 0 4.71 4.83 4.71 4.83 0 0
ynao_sd_19710118_0210_gu 4 3 1 1 0 101.97 301.45 59.55 174.32 42.42 127.13
ynao_sd_19710119_0055_li 14 10 4 2 0 395.11 771.58 76.33 157.38 318.78 614.2
ynao_sd_19710120_0105_li 10 3 7 4 0 839.52 1223.79 129.19 194.86 710.33 1028.93
ynao_sd_19710121_0055_li 15 10 5 2 0 1102.2 1323.35 161.27 198.54 940.93 1124.81
ynao_sd_19710122_0110_li 14 8 6 3 0 1161.57 1252.37 164.17 185.12 997.4 1067.25
ynao_sd_19710123_0110_li 14 4 10 4 0 1227.77 1248.9 124.67 127.06 1103.1 1121.84
ynao_sd_19710124_0055_li 20 10 10 5 0 1240.82 2006.89 184.05 223.12 1056.77 1783.77
ynao_sd_19710125_0420_gu 25 11 14 10 0 1991.11 3180.42 506.32 831.18 1484.79 2349.24
ynao_sd_19710126_0520_li 33 13 20 6 0 1637.19 2434.61 268.36 379.71 1368.83 2054.9
ynao_sd_19710128_0140_li 26 15 11 5 0 1422.49 1886.65 220.39 300.77 1202.1 1585.88
ynao_sd_19710131_0500_li 14 11 3 4 0 789.99 1019.74 151.14 199.86 638.85 819.88
ynao_sd_19710201_0210_gu 17 14 3 3 0 1128.11 1686.93 270.99 405.66 857.12 1281.27
ynao_sd_19710202_0505_li 10 7 3 2 0 826.43 1143.24 128.82 174.68 697.61 968.56
ynao_sd_19710205_0450_li 3 1 2 2 0 534.3 678.79 65.58 82.19 468.72 596.6
ynao_sd_19710207_0705_li 2 1 1 1 0 482.15 501.88 71.86 75.91 410.29 425.97
ynao_sd_19710208_0125_li 4 3 1 1 0 418.22 461.11 103.7 114.89 314.52 346.22
ynao_sd_19710209_0105_li 1 0 1 1 0 390.6 490.89 45.6 57.26 345.0 433.63
ynao_sd_19710210_0040_li 3 2 1 1 0 355.6 549.35 38.57 57.59 317.03 491.76
ynao_sd_19710211_0055_li 1 1 0 1 0 191.85 412.35 6.84 9.1 185.01 403.25
ynao_sd_19710212_0100_li 2 1 1 1 0 57.43 180.8 9.77 22.04 47.66 158.76
ynao_sd_19710213_0120_li 9 9 0 0 0 32.14 77.57 32.14 77.57 0 0
ynao_sd_19710214_0115_li 1 0 1 1 0 49.86 125.82 3.74 9.42 46.12 116.4
ynao_sd_19710215_0500_li 3 2 1 1 0 129.05 242.53 41.72 97.05 87.33 145.48
ynao_sd_19710216_0025_li 4 3 1 1 0 151.42 213.87 36.57 59.8 114.85 154.07
ynao_sd_19710217_0025_li 6 1 5 3 0 216.28 407.42 39.48 88.51 176.8 318.91
ynao_sd_19710218_0045_li 14 9 5 3 0 314.37 471.65 79.28 187.3 235.09 284.35
ynao_sd_19710219_0055_li 21 12 9 7 0 799.52 1675.78 132.87 256.83 666.65 1418.95
ynao_sd_19710220_0035_li 35 21 14 4 0 1153.42 2022.31 232.1 422.99 921.32 1599.32
ynao_sd_19710221_0100_li 24 12 12 5 0 1240.36 1796.62 205.47 280.31 1034.89 1516.31
ynao_sd_19710222_0100_li 44 28 16 7 0 1620.85 1985.73 310.87 364.26 1309.98 1621.47
ynao_sd_19710223_0110_li 56 39 17 7 0 1680.97 1858.86 363.12 394.8 1317.85 1464.06
ynao_sd_19710224_0055_li 62 49 13 5 0 1596.89 1681.98 415.41 460.26 1181.48 1221.72
ynao_sd_19710225_0130_li 38 28 10 5 0 1323.57 1418.66 331.04 396.74 992.53 1021.92
ynao_sd_19710226_0055_li 15 9 6 4 0 1038.74 1108.71 163.51 174.27 875.23 934.44
ynao_sd_19710227_0055_li 13 7 6 3 0 871.36 1005.86 155.62 188.95 715.74 816.91
ynao_sd_19710228_0055_li 10 6 4 3 0 707.58 921.88 97.14 130.46 610.44 791.42
ynao_sd_19710301_0200_li 9 4 5 4 0 533.93 907.88 78.94 141.17 454.99 766.71
ynao_sd_19710302_0110_gu 4 3 1 2 0 228.27 575.83 47.23 122.51 181.04 453.32
ynao_sd_19710303_0115_gu 19 17 2 2 0 280.73 594.42 175.45 290.41 105.28 304.01
ynao_sd_19710304_0055_gu 14 12 2 2 0 209.22 246.68 135.46 164.22 73.76 82.46
ynao_sd_19710305_0050_chen 6 4 2 2 0 80.61 97.43 30.55 35.72 50.06 61.71
ynao_sd_19710306_0230_gu 7 5 2 2 0 95.79 134.05 46.2 62.24 49.59 71.81
ynao_sd_19710307_0240_gu 6 6 0 0 0 45.02 72.81 45.02 72.81 0 0
ynao_sd_19710308_0045_gu 4 2 2 2 0 251.38 785.99 67.4 210.46 183.98 575.53
ynao_sd_19710309_0340_gu 15 8 7 2 0 538.06 1040.4 157.16 272.36 380.9 768.04
ynao_sd_19710310_0040_gu 19 16 3 2 0 704.46 1020.79 214.45 285.02 490.01 735.77
ynao_sd_19710311_0110_chen 18 12 6 2 0 564.06 743.25 137.4 213.73 426.66 529.52
ynao_sd_19710312_0105_gu 25 21 4 3 0 837.7 1193.81 250.81 327.59 586.89 866.22
ynao_sd_19710314_0510_gu 13 9 4 3 0 706.38 812.67 172.53 196.73 533.85 615.94
ynao_sd_19710315_0515_gu 10 8 2 2 0 651.3 719.44 134.2 150.85 517.1 568.59
ynao_sd_19710316_0135_gu 19 15 4 2 0 637.23 719.49 177.99 208.98 459.24 510.51
ynao_sd_19710317_0055_gu 38 32 6 2 0 748.28 870.79 304.42 344.93 443.86 525.86
ynao_sd_19710318_0105_li 19 13 6 3 0 615.15 794.43 107.96 135.49 507.19 658.94
ynao_sd_19710319_0150_gu 23 14 9 4 0 691.18 1193.28 203.42 323.81 487.76 869.47
ynao_sd_19710320_0125_gu 21 19 2 3 0 606.28 1149.47 206.49 308.68 399.79 840.79
ynao_sd_19710321_0105_li 15 12 3 2 0 317.29 538.54 107.28 157.72 210.01 380.82
ynao_sd_19710322_0105_gu 20 12 8 5 0 490.9 528.4 157.58 164.41 333.32 363.99
ynao_sd_19710323_0020_li 26 25 1 1 0 235.55 293.4 134.83 188.62 100.72 104.78
ynao_sd_19710324_0025_li 14 11 3 2 0 233.66 315.61 64.15 97.78 169.51 217.83
ynao_sd_19710325_0035_li 14 10 4 2 0 238.14 320.0 74.07 138.12 164.07 181.88
ynao_sd_19710326_0040_li 18 14 4 2 0 291.97 419.07 106.73 218.35 185.24 200.72
ynao_sd_19710327_0320_li 19 14 5 4 0 357.21 525.36 101.64 152.9 255.57 372.46
ynao_sd_19710328_0040_li 26 17 9 4 0 456.83 597.64 143.0 195.38 313.83 402.26
ynao_sd_19710329_0025_li 15 4 11 5 0 634.31 762.53 93.65 124.62 540.66 637.91
ynao_sd_19710330_0040_gu 19 12 7 3 0 654.72 699.16 177.59 190.29 477.13 508.87
ynao_sd_19710331_0040_gu 10 3 7 3 0 816.21 853.44 157.13 163.79 659.08 689.65
ynao_sd_19710401_0905_li 12 10 2 2 0 788.48 841.14 148.26 168.49 640.22 672.65
ynao_sd_19710402_0030_gu 12 9 3 2 0 1084.07 1232.24 231.91 273.5 852.16 958.74
ynao_sd_19710403_0040_gu 18 13 5 2 0 796.43 1004.95 174.09 253.75 622.34 751.2
ynao_sd_19710404_0410_li 6 3 3 2 0 369.19 549.78 53.0 76.98 316.19 472.8
ynao_sd_19710405_0055_gu 8 4 4 3 0 365.57 742.99 83.61 166.07 281.96 576.92
ynao_sd_19710406_0045_gu 16 11 5 1 0 589.77 1085.36 140.14 317.18 449.63 768.18
ynao_sd_19710407_0230_gu 8 5 3 1 0 199.76 283.33 71.49 116.37 128.27 166.96
ynao_sd_19710408_0020_li 4 1 3 2 0 112.1 133.82 22.11 26.72 89.99 107.1
ynao_sd_19710409_0625_gu 3 3 0 0 0 46.24 52.18 46.24 52.18 0 0
ynao_sd_19710410_0150_li 2 2 0 0 0 17.54 17.9 17.54 17.9 0 0
ynao_sd_19710411_0017_li 5 3 2 1 0 88.95 318.87 20.68 42.33 68.27 276.54
ynao_sd_19710412_0035_gu 12 11 1 1 0 336.1 611.6 186.29 289.08 149.81 322.52
ynao_sd_19710413_0045_gu 27 22 5 3 0 774.05 1106.98 232.91 388.15 541.14 718.83
ynao_sd_19710414_0040_li 32 27 5 3 0 828.31 982.44 238.63 299.78 589.68 682.66
ynao_sd_19710415_0535_gu 55 47 8 4 0 1076.97 1165.95 388.29 426.74 688.68 739.21
ynao_sd_19710416_0140_li 22 15 7 3 0 833.53 880.73 168.57 182.05 664.96 698.68
ynao_sd_19710417_0010_li 24 18 6 2 0 764.36 837.62 194.15 219.04 570.21 618.58
ynao_sd_19710418_0035_li 15 12 3 2 0 681.94 866.11 143.31 244.65 538.63 621.46
ynao_sd_19710419_0025_li 14 11 3 2 0 552.46 748.54 100.98 139.0 451.48 609.54
ynao_sd_19710420_0030_li 10 5 5 3 0 493.18 800.89 72.78 117.62 420.4 683.27
ynao_sd_19710421_0120_li 10 8 2 1 0 305.48 511.32 74.17 118.3 231.31 393.02
ynao_sd_19710422_0100_li 10 9 1 1 0 145.26 304.26 57.39 94.97 87.87 209.29
ynao_sd_19710423_0002_li 4 4 0 0 0 19.76 29.01 19.76 29.01 0 0
ynao_sd_19710424_0030_chen 7 7 0 0 0 29.9 39.15 29.9 39.15 0 0
ynao_sd_19710425_0020_li 16 15 1 1 0 150.11 169.93 81.5 94.53 68.61 75.4
ynao_sd_19710426_0010_li 17 16 1 1 0 135.27 204.83 116.34 184.84 18.93 19.99
ynao_sd_19710427_0040_li 14 13 1 1 0 175.96 254.22 63.59 71.88 112.37 182.34
ynao_sd_19710428_0110_li 11 10 1 1 0 195.89 239.17 57.63 62.8 138.26 176.37
ynao_sd_19710429_0020_li 8 7 1 1 0 214.16 239.14 61.93 69.36 152.23 169.78
ynao_sd_19710430_0010_li 3 2 1 1 0 250.66 264.29 50.31 58.64 200.35 205.65
ynao_sd_19710501_0035_li 3 2 1 1 0 219.53 225.22 33.47 39.06 186.06 186.16
ynao_sd_19710502_0102_gu 6 4 2 1 0 285.38 291.81 84.55 86.91 200.83 204.9
ynao_sd_19710503_0005_li 4 3 1 1 0 206.96 242.63 33.17 51.67 173.79 190.96
ynao_sd_19710504_0010_li 1 0 1 1 0 154.14 195.09 14.49 18.33 139.65 176.76
ynao_sd_19710505_0750_li 3 2 1 1 0 96.27 164.73 17.48 26.5 78.79 138.23
ynao_sd_19710508_0600_li 7 7 0 0 0 39.14 57.74 39.14 57.74 0 0
ynao_sd_19710509_0230_li 1 1 0 0 0 6.77 8.57 6.77 8.57 0 0
ynao_sd_19710510_0113_gu 3 3 0 0 0 14.99 18.49 14.99 18.49 0 0
ynao_sd_19710511_0100_gu 1 1 0 0 0 4.63 6.61 4.63 6.61 0 0
ynao_sd_19710512_0332_gu 0 0 0 0 0 0 0 0 0 0 0
ynao_sd_19710513_0013_gu 0 0 0 0 0 0 0 0 0 0 0
ynao_sd_19710514_0025_li 2 2 0 0 0 8.74 12.43 8.74 12.43 0 0
ynao_sd_19710515_0020_li 2 2 0 0 0 10.12 12.0 10.12 12.0 0 0
ynao_sd_19710516_0025_li 1 1 0 0 0 3.89 4.91 3.89 4.91 0 0
ynao_sd_19710517_0015_gu 9 9 0 0 0 80.9 97.98 80.9 97.98 0 0
ynao_sd_19710518_0030_gu 10 10 0 0 0 51.4 93.68 51.4 93.68 0 0
ynao_sd_19710519_0025_li 0 0 0 0 0 0 0 0 0 0 0
ynao_sd_19710520_0730_li 0 0 0 0 0 0 0 0 0 0 0
ynao_sd_19710521_0100_li 0 0 0 0 0 0 0 0 0 0 0
ynao_sd_19710522_0002_li 2 2 0 0 0 9.16 11.39 9.16 11.39 0 0
ynao_sd_19710523_0025_li 1 1 0 0 0 5.52 6.79 5.52 6.79 0 0
ynao_sd_19710524_0750_li 0 0 0 0 0 0 0 0 0 0 0
ynao_sd_19710526_0630_gu 0 0 0 0 0 0 0 0 0 0 0
ynao_sd_19710527_0237_gu 33 33 0 0 0 153.27 166.56 153.27 166.56 0 0
ynao_sd_19710530_0205_li 10 9 1 1 0 136.21 362.58 74.68 209.85 61.53 152.73
ynao_sd_19710531_0130_li 8 8 0 0 0 54.45 209.44 54.45 209.44 0 0
ynao_sd_19710601_0246_gu 2 0 2 1 0 130.17 445.15 31.0 103.9 99.17 341.25
ynao_sd_19710602_0220_li 6 3 3 1 0 205.0 432.27 35.31 65.47 169.69 366.8
ynao_sd_19710603_0230_li 7 4 3 2 0 253.28 456.14 41.08 68.5 212.2 387.64
ynao_sd_19710604_0030_li 6 1 5 2 0 322.95 486.01 31.64 47.01 291.31 439.0
ynao_sd_19710606_0620_li 7 6 1 1 0 205.14 230.82 45.58 50.36 159.56 180.46
ynao_sd_19710607_0120_li 3 1 2 2 0 426.64 439.01 52.87 54.63 373.77 384.38
ynao_sd_19710609_0250_li 2 1 1 1 0 233.97 238.7 38.51 39.63 195.46 199.07
ynao_sd_19710611_0350_li 2 1 1 1 0 206.37 256.1 30.79 38.22 175.58 217.88
ynao_sd_19710612_0025_li 2 1 1 1 0 171.02 260.3 41.41 71.29 129.61 189.01
ynao_sd_19710613_0420_li 1 0 1 2 0 160.88 287.59 19.45 40.44 141.43 247.15
ynao_sd_19710614_0935_chen 4 4 0 0 0 20.47 21.19 20.47 21.19 0 0
ynao_sd_19710615_0019_gu 10 10 0 0 0 53.77 82.71 53.77 82.71 0 0
ynao_sd_19710616_0525_chen 3 3 0 0 0 14.89 31.23 14.89 31.23 0 0
ynao_sd_19710617_0015_li 6 6 0 0 0 36.51 42.37 36.51 42.37 0 0
ynao_sd_19710618_0013_gu 10 10 0 0 0 75.56 90.07 75.56 90.07 0 0
ynao_sd_19710619_0648_gu 5 5 0 0 0 34.39 36.91 34.39 36.91 0 0
ynao_sd_19710620_0545_li 6 6 0 0 0 92.1 103.68 92.1 103.68 0 0
ynao_sd_19710621_0325_gu 21 21 0 0 0 100.59 127.75 100.59 127.75 0 0
ynao_sd_19710623_0715_li 9 9 0 0 0 45.58 50.32 45.58 50.32 0 0
ynao_sd_19710624_0335_li 13 13 0 0 0 69.85 76.22 69.85 76.22 0 0
ynao_sd_19710625_0300_li 22 17 5 3 0 235.77 259.53 109.4 119.87 126.37 139.66
ynao_sd_19710627_0505_li 20 15 5 3 0 284.44 664.63 105.58 209.41 178.86 455.22
ynao_sd_19710628_0115_gu 33 28 5 3 0 755.04 1877.46 289.92 768.71 465.12 1108.75
ynao_sd_19710629_0330_gu 24 14 10 5 0 930.54 1553.09 274.87 482.9 655.67 1070.19
ynao_sd_19710701_0520_gu 39 27 12 9 0 1836.7 2117.81 389.19 457.47 1447.51 1660.34
ynao_sd_19710702_0225_gu 74 63 11 5 0 1768.0 1896.53 674.66 741.84 1093.34 1154.69
ynao_sd_19710703_0150_gu 63 57 6 5 0 1783.71 1854.05 566.35 593.09 1217.36 1260.96
ynao_sd_19710704_0340_gu 56 40 16 6 0 2151.74 2303.4 504.36 541.21 1647.38 1762.19
ynao_sd_19710705_0715_gu 49 31 18 7 0 2211.85 2790.44 545.17 872.51 1666.68 1917.93
ynao_sd_19710707_0245_gu 43 33 10 3 0 1334.43 2232.49 357.0 591.49 977.43 1641.0
ynao_sd_19710708_0135_gu 33 21 12 5 0 940.44 2012.52 263.85 495.75 676.59 1516.77
ynao_sd_19710709_0140_gu 26 21 5 2 0 466.31 1145.13 211.98 385.42 254.33 759.71
ynao_sd_19710710_0400_chen 12 11 1 1 0 102.65 133.5 70.7 85.27 31.95 48.23
ynao_sd_19710711_0810_li 16 15 1 2 0 128.18 143.51 94.32 105.97 33.86 37.54
ynao_sd_19710712_0240_chen 23 23 0 0 0 118.9 126.12 118.9 126.12 0 0
ynao_sd_19710713_0445_gu 35 24 11 2 0 530.05 589.26 224.42 248.25 305.63 341.01
ynao_sd_19710715_0700_li 4 2 2 1 0 109.34 188.51 18.66 39.35 90.68 149.16
ynao_sd_19710716_0200_chen 7 5 2 2 0 113.37 221.66 42.1 78.6 71.27 143.06
ynao_sd_19710717_0650_li 15 14 1 1 0 111.85 175.87 87.2 143.85 24.65 32.02
ynao_sd_19710718_0030_li 6 6 0 0 0 40.56 59.02 40.56 59.02 0 0
ynao_sd_19710719_0420_li 4 4 0 0 0 16.07 17.25 16.07 17.25 0 0
ynao_sd_19710720_0750_gu 0 0 0 0 0 0 0 0 0 0 0
ynao_sd_19710721_0450_li 0 0 0 0 0 0 0 0 0 0 0
ynao_sd_19710722_0022_gu 5 5 0 1 0 1002.43 1035.63 23.21 24.6 979.22 1011.03
ynao_sd_19710723_0040_gu 5 4 1 1 0 81.5 87.84 38.28 41.37 43.22 46.47
ynao_sd_19710724_0640_li 13 12 1 1 0 112.63 226.16 72.02 111.91 40.61 114.25
ynao_sd_19710725_0540_li 10 7 3 3 0 1522.98 2575.55 87.6 191.75 1435.38 2383.8
ynao_sd_19710726_0060_li 9 6 3 2 0 420.88 749.61 103.32 182.46 317.56 567.15
ynao_sd_19710727_0030_li 6 3 3 2 0 370.87 537.89 50.7 72.5 320.17 465.39
ynao_sd_19710801_0140_gu 14 10 4 2 0 394.23 486.92 111.83 169.82 282.4 317.1
ynao_sd_19710802_0418_gu 14 6 8 5 0 431.72 572.26 104.44 147.32 327.28 424.94
ynao_sd_19710803_0440_gu 14 12 2 2 0 286.43 409.51 117.65 159.13 168.78 250.38
ynao_sd_19710804_0045_gu 14 10 4 3 0 332.0 734.17 112.54 215.2 219.46 518.97
ynao_sd_19710805_0750_gu 18 16 2 2 0 353.29 698.5 141.57 291.86 211.72 406.64
ynao_sd_19710806_0030_gu 14 12 2 2 0 434.52 647.4 137.41 207.01 297.11 440.39
ynao_sd_19710807_0100_gu 15 12 3 3 0 556.13 695.54 170.06 220.86 386.07 474.68
ynao_sd_19710808_0045_gu 26 19 7 4 0 808.37 916.44 212.31 249.85 596.06 666.59
ynao_sd_19710809_0220_li 34 24 10 3 0 711.11 759.48 200.44 222.56 510.67 536.92
ynao_sd_19710810_0420_li 19 15 4 3 0 893.29 937.54 175.32 184.07 717.97 753.47
ynao_sd_19710811_0200_li 14 8 6 3 0 596.09 650.66 76.14 82.38 519.95 568.28
ynao_sd_19710812_0020_li 8 3 5 3 0 424.27 512.96 59.33 71.51 364.94 441.45
ynao_sd_19710813_0850_li 14 12 2 1 0 250.82 409.3 76.85 116.19 173.97 293.11
ynao_sd_19710814_0220_li 6 4 2 1 0 141.51 286.98 37.63 72.65 103.88 214.33
ynao_sd_19710815_0305_li 4 2 2 1 0 55.91 177.64 14.2 41.81 41.71 135.83
ynao_sd_19710819_0705_gu 21 9 12 3 0 1335.06 3059.75 239.42 475.08 1095.64 2584.67
ynao_sd_19710820_0710_gu 37 12 25 5 0 2777.28 4220.96 508.55 771.42 2268.73 3449.54
ynao_sd_19710821_0335_li 44 14 30 6 0 3272.67 4329.08 441.57 581.3 2831.1 3747.78
ynao_sd_19710822_0105_gu 58 17 41 12 0 3906.46 4633.32 699.52 832.68 3206.94 3800.64
ynao_sd_19710823_0820_li 71 32 39 9 0 3694.44 3985.37 544.49 593.27 3149.95 3392.1
ynao_sd_19710827_0110_li 55 34 21 8 0 1721.12 2443.29 368.71 508.59 1352.41 1934.7
ynao_sd_19710828_0035_li 26 16 10 5 0 1303.26 2254.94 217.3 375.92 1085.96 1879.02
ynao_sd_19710829_0520_li 13 8 5 3 0 374.23 689.06 94.65 246.63 279.58 442.43
ynao_sd_19710830_0105_gu 5 4 1 1 0 203.05 383.84 72.67 192.44 130.38 191.4
ynao_sd_19710831_0030_gu 3 2 1 1 0 145.69 283.31 27.95 49.98 117.74 233.33
ynao_sd_19710901_0220_gu 2 1 1 1 0 78.5 246.18 15.79 44.18 62.71 202.0
ynao_sd_19710902_0001_gu 4 4 0 0 0 15.76 19.73 15.76 19.73 0 0
ynao_sd_19710903_0038_gu 12 12 0 0 0 112.42 120.69 112.42 120.69 0 0
ynao_sd_19710904_0300_gu 18 11 7 2 0 352.35 369.41 116.19 127.15 236.16 242.26
ynao_sd_19710905_0300_li 16 14 2 2 0 204.29 215.9 100.64 105.85 103.65 110.05
ynao_sd_19710906_0042_gu 30 25 5 2 0 334.42 381.36 177.56 200.06 156.86 181.3
ynao_sd_19710907_0805_gu 20 16 4 2 0 578.58 861.02 242.78 351.12 335.8 509.9
ynao_sd_19710908_0047_gu 22 19 3 1 0 512.01 925.66 186.84 320.26 325.17 605.4
ynao_sd_19710909_0115_gu 8 2 6 2 0 415.21 1084.18 72.33 182.88 342.88 901.3
ynao_sd_19710910_0235_gu 3 3 0 0 0 14.99 61.24 14.99 61.24 0 0
ynao_sd_19710911_0424_gu 1 1 0 0 0 4.49 9.84 4.49 9.84 0 0
ynao_sd_19710912_0646_gu 4 4 0 0 0 20.82 22.9 20.82 22.9 0 0
ynao_sd_19710913_0415_gu 11 11 0 0 0 69.41 74.79 69.41 74.79 0 0
ynao_sd_19710914_0645_gu 17 16 1 2 0 213.4 527.79 110.96 255.16 102.44 272.63
ynao_sd_19710915_0420_li 22 20 2 2 0 247.57 444.19 108.42 184.88 139.15 259.31
ynao_sd_19710920_0742_gu 20 19 1 1 0 166.8 181.7 128.05 139.45 38.75 42.25
ynao_sd_19710921_0018_gu 24 23 1 1 0 164.14 186.5 136.75 155.1 27.39 31.4
ynao_sd_19710922_0002_li 10 10 0 0 0 47.03 67.1 47.03 67.1 0 0
ynao_sd_19710923_0941_gu 20 20 0 0 0 119.29 158.62 119.29 158.62 0 0
ynao_sd_19710924_0345_gu 12 10 2 1 0 110.21 129.39 54.41 64.19 55.8 65.2
ynao_sd_19710927_0805_gu 25 23 2 2 0 830.63 1083.13 212.26 290.16 618.37 792.97
ynao_sd_19710928_0315_gu 24 20 4 3 0 1153.75 1418.24 300.18 382.0 853.57 1036.24
ynao_sd_19710929_0315_gu 24 15 9 5 0 1111.66 1257.62 264.18 297.54 847.48 960.08
ynao_sd_19710930_0315_li 20 15 5 3 0 1102.2 1178.64 225.72 251.76 876.48 926.88
ynao_sd_19711002_0330_chen 10 9 1 1 0 704.37 770.59 171.1 184.9 533.27 585.69
ynao_sd_19711003_0206_gu 10 8 2 1 0 718.2 878.23 159.87 190.36 558.33 687.87
ynao_sd_19711004_0442_gu 5 4 1 1 0 563.22 863.54 104.93 155.84 458.29 707.7
ynao_sd_19711007_0230_gu 11 11 0 0 0 47.04 61.48 47.04 61.48 0 0
ynao_sd_19711008_0220_gu 7 7 0 0 0 27.7 37.97 27.7 37.97 0 0
ynao_sd_19711009_0008_gu 8 8 0 0 0 34.43 51.19 34.43 51.19 0 0
ynao_sd_19711012_0010_gu 5 5 0 0 0 37.26 40.05 37.26 40.05 0 0
ynao_sd_19711013_0125_gu 11 11 0 0 0 45.93 48.43 45.93 48.43 0 0
ynao_sd_19711014_0020_gu 16 16 0 0 0 87.73 97.19 87.73 97.19 0 0
ynao_sd_19711015_0010_gu 11 11 0 0 0 79.17 94.11 79.17 94.11 0 0
ynao_sd_19711016_0015_li 9 9 0 0 0 46.11 58.49 46.11 58.49 0 0
ynao_sd_19711017_0025_li 0 0 0 0 0 0 0 0 0 0 0
ynao_sd_19711018_0150_li 0 0 0 0 0 0 0 0 0 0 0
ynao_sd_19711019_0050_li 1 1 0 0 0 3.9 4.36 3.9 4.36 0 0
ynao_sd_19711020_0140_li 1 1 0 0 0 3.89 9.82 3.89 9.82 0 0
ynao_sd_19711021_0120_li 8 8 0 0 0 36.64 40.85 36.64 40.85 0 0
ynao_sd_19711022_0140_li 3 2 1 1 0 138.93 470.62 19.98 49.33 118.95 421.29
ynao_sd_19711023_0210_li 3 2 1 1 0 241.08 485.59 36.42 66.82 204.66 418.77
ynao_sd_19711024_0020_li 1 0 1 1 0 364.1 552.97 45.85 69.63 318.25 483.34
ynao_sd_19711029_0510_li 9 8 1 1 0 436.91 476.51 101.34 116.08 335.57 360.43
ynao_sd_19711030_0250_li 20 19 1 1 0 513.34 599.45 155.01 175.92 358.33 423.53
ynao_sd_19711031_0200_gu 26 25 1 1 0 471.72 625.28 190.73 235.47 280.99 389.81
ynao_sd_19711101_0025_li 31 29 2 2 0 573.11 1264.03 186.32 329.32 386.79 934.71
ynao_sd_19711102_0015_li 19 13 6 4 0 582.51 1180.25 139.72 227.22 442.79 953.03
ynao_sd_19711103_0020_li 20 13 7 4 0 674.5 1087.82 145.54 230.17 528.96 857.65
ynao_sd_19711104_0910_li 21 17 4 2 0 676.68 828.72 147.3 208.23 529.38 620.49
ynao_sd_19711105_0005_li 19 13 6 4 0 754.08 978.15 130.73 188.71 623.35 789.44
ynao_sd_19711106_0015_guo 19 13 6 3 0 811.03 982.02 229.58 375.16 581.45 606.86
ynao_sd_19711108_0015_li 8 6 2 2 0 608.98 659.06 91.92 99.66 517.06 559.4
ynao_sd_19711109_0035_guo 12 8 4 1 0 503.4 602.57 132.14 156.07 371.26 446.5
ynao_sd_19711110_0040_guo 10 7 3 1 0 468.47 657.77 128.56 174.57 339.91 483.2
ynao_sd_19711111_0200_guo 7 6 1 1 0 394.7 741.56 74.25 129.36 320.45 612.2
ynao_sd_19711112_0150_li 7 6 1 1 0 165.23 427.74 46.6 89.98 118.63 337.76
ynao_sd_19711114_0100_li 1 0 1 1 0 208.86 619.27 27.07 79.39 181.79 539.88
ynao_sd_19711115_0035_li 8 6 2 1 0 466.53 892.59 81.66 153.67 384.87 738.92
ynao_sd_19711116_0015_li 7 5 2 1 0 645.59 945.82 74.02 108.9 571.57 836.92
ynao_sd_19711117_0040_li 6 5 1 1 0 734.77 898.94 111.03 136.7 623.74 762.24
ynao_sd_19711118_0030_li 7 5 2 2 0 875.39 1127.5 133.17 174.96 742.22 952.54
ynao_sd_19711119_0020_li 7 5 2 2 0 1002.59 1264.28 192.29 260.13 810.3 1004.15
ynao_sd_19711120_0025_li 10 6 4 3 0 1135.99 1385.27 174.45 228.95 961.54 1156.32
ynao_sd_19711121_0115_li 11 8 3 2 0 1060.38 1216.72 161.91 184.21 898.47 1032.51
ynao_sd_19711122_0030_li 18 11 7 4 0 1043.56 1330.48 176.67 259.69 866.89 1070.79
ynao_sd_19711123_0045_li 21 18 3 2 0 909.49 1225.47 205.29 326.28 704.2 899.19
ynao_sd_19711124_0120_li 24 19 5 3 0 850.88 1315.64 179.51 276.62 671.37 1039.02
ynao_sd_19711125_0035_li 26 23 3 2 0 524.44 855.14 158.31 244.13 366.13 611.01
ynao_sd_19711126_0055_li 46 43 3 3 0 541.09 607.26 226.28 257.03 314.81 350.23
ynao_sd_19711127_0035_li 68 58 10 5 0 834.18 940.23 342.43 378.82 491.75 561.41
ynao_sd_19711128_0040_li 71 59 12 7 0 995.88 1168.89 370.48 415.19 625.4 753.7
ynao_sd_19711201_0215_li 26 16 10 5 0 552.48 908.64 172.43 278.73 380.05 629.91
ynao_sd_19711202_0115_li 17 11 6 3 0 279.4 624.17 140.68 313.39 138.72 310.78
ynao_sd_19711203_0310_li 17 11 6 3 0 370.82 776.31 88.86 201.6 281.96 574.71
ynao_sd_19711204_0025_li 20 13 7 2 0 470.69 589.15 119.36 150.03 351.33 439.12
ynao_sd_19711205_0030_li 28 18 10 2 0 911.36 1026.53 158.12 194.74 753.24 831.79
ynao_sd_19711206_0100_li 22 12 10 6 0 1063.97 1199.54 177.31 286.22 886.66 913.32
ynao_sd_19711207_0110_li 27 13 14 6 0 1103.06 1221.08 227.71 253.24 875.35 967.84
ynao_sd_19711208_0920_li 19 5 14 6 0 1192.49 1347.54 142.95 159.13 1049.54 1188.41
ynao_sd_19711209_0040_li 18 5 13 4 0 1118.48 1304.92 147.02 165.73 971.46 1139.19
ynao_sd_19711210_0110_li 17 12 5 3 0 914.23 1174.1 149.44 191.57 764.79 982.53
ynao_sd_19711211_0620_li 10 7 3 3 0 653.79 1142.99 114.75 197.58 539.04 945.41
ynao_sd_19711212_0330_li 5 0 5 4 0 403.94 817.98 43.5 92.63 360.44 725.35
ynao_sd_19711213_0045_li 6 4 2 2 0 208.99 273.35 65.79 97.35 143.2 176.0
ynao_sd_19711214_0600_li 5 2 3 2 0 217.74 264.92 39.26 58.72 178.48 206.2
ynao_sd_19711216_0305_li 6 3 3 3 0 185.36 327.44 45.61 71.06 139.75 256.38
ynao_sd_19711217_0300_li 7 2 5 4 0 259.95 652.49 54.13 148.44 205.82 504.05
ynao_sd_19711218_0040_li 12 6 6 3 0 582.6 1182.61 103.95 211.51 478.65 971.1
ynao_sd_19711219_0240_li 22 11 11 6 0 962.18 1588.84 190.83 309.98 771.35 1278.86
ynao_sd_19711220_0430_li 28 7 21 6 0 1325.0 1783.37 190.15 258.46 1134.85 1524.91
ynao_sd_19711222_0415_li 64 40 24 7 0 1508.59 1645.27 329.37 372.58 1179.22 1272.69
ynao_sd_19711224_0115_guo 60 44 16 5 0 1429.24 1510.44 533.05 559.94 896.19 950.5
ynao_sd_19711225_0145_guo 53 28 25 3 0 1628.46 1797.77 433.31 477.4 1195.15 1320.37
ynao_sd_19711226_0300_guo 38 27 11 7 0 1076.52 1335.75 297.18 362.75 779.34 973.0
ynao_sd_19711227_0405_li 27 20 7 3 0 559.51 836.57 190.47 269.96 369.04 566.61
ynao_sd_19711228_0055_li 15 12 3 4 0 326.95 710.36 89.31 126.55 237.64 583.81
ynao_sd_19711229_0050_li 14 12 2 3 0 229.83 441.72 97.52 180.92 132.31 260.8
