ynao_sd_19720101_0510_li 11 8 3 2 0 290.36 350.71 87.13 136.61 203.23 214.1
ynao_sd_19720104_0600_li 7 5 2 2 0 284.51 343.07 48.04 63.88 236.47 279.19
ynao_sd_19720107_0345_guo 7 6 1 1 0 184.42 301.41 73.09 99.44 111.33 201.97
ynao_sd_19720108_0125_guo 12 11 1 1 0 147.16 308.7 87.46 152.26 59.7 156.44
ynao_sd_19720109_0245_li 10 10 0 0 0 59.6 143.23 59.6 143.23 0 0
ynao_sd_19720110_0055_guo 14 14 0 0 0 97.97 117.62 97.97 117.62 0 0
ynao_sd_19720111_0120_guo 16 16 0 0 0 80.4 89.24 80.4 89.24 0 0
ynao_sd_19720112_0210_guo 34 31 3 2 0 348.49 359.51 237.54 245.12 110.95 114.39
ynao_sd_19720113_0050_guo 19 15 4 2 0 319.67 337.42 166.7 175.32 152.97 162.1
ynao_sd_19720114_0710_guo 13 9 4 2 0 215.61 672.37 95.23 240.84 120.38 431.53
ynao_sd_19720115_0155_guo 16 9 7 2 0 456.76 1359.41 131.37 367.05 325.39 992.36
ynao_sd_19720116_0315_li 11 6 5 4 0 292.33 540.43 59.17 112.34 233.16 428.09
ynao_sd_19720117_0425_guo 20 12 8 5 0 546.71 766.21 228.21 323.59 318.5 442.62
ynao_sd_19720118_0050_guo 46 35 11 7 0 924.02 1121.03 375.76 463.22 548.26 657.81
ynao_sd_19720119_0050_guo 58 47 11 3 0 805.06 879.95 349.77 390.01 455.29 489.94
ynao_sd_19720120_0110_li 42 34 8 4 0 634.92 649.85 195.44 200.25 439.48 449.6
ynao_sd_19720121_0100_guo 66 57 9 4 0 1029.62 1073.59 493.92 525.42 535.7 548.17
ynao_sd_19720122_0115_guo 56 44 12 7 0 1007.26 1142.73 470.3 522.93 536.96 619.8
ynao_sd_19720123_0100_li 37 25 12 5 0 505.53 667.05 212.03 297.14 293.5 369.91
ynao_sd_19720124_0100_guo 60 48 12 2 0 590.62 970.26 464.72 790.82 125.9 179.44
ynao_sd_19720125_0112_guo 49 40 9 4 0 661.74 1071.31 450.3 694.85 211.44 376.46
ynao_sd_19720126_0115_guo 65 56 9 3 0 631.55 824.89 515.89 690.87 115.66 134.02
ynao_sd_19720127_0150_li 39 38 1 1 0 221.64 298.91 172.95 240.68 48.69 58.23
ynao_sd_19720128_0135_li 35 33 2 1 0 242.83 321.23 210.06 275.53 32.77 45.7
ynao_sd_19720129_0055_li 25 23 2 2 0 150.76 279.74 114.09 206.74 36.67 73.0
ynao_sd_19720130_0620_li 17 13 4 1 0 119.1 177.48 89.92 172.83 29.18 4.65
ynao_sd_19720131_0105_guo 23 21 2 1 0 359.2 401.71 197.94 223.4 161.26 178.31
ynao_sd_19720201_0105_li 12 10 2 2 0 165.25 208.39 66.7 83.83 98.55 124.56
ynao_sd_19720202_0100_li 18 18 0 0 0 92.13 131.9 92.13 131.9 0 0
ynao_sd_19720203_0130_li 10 10 0 0 0 53.52 109.6 53.52 109.6 0 0
ynao_sd_19720204_0320_li 14 14 0 0 0 117.17 159.31 117.17 159.31 0 0
ynao_sd_19720205_0055_li 7 7 0 0 0 70.56 80.75 70.56 80.75 0 0
ynao_sd_19720206_0338_gu 21 19 2 2 0 185.66 212.55 108.59 130.9 77.07 81.65
ynao_sd_19720207_0350_li 17 13 4 1 0 162.83 191.0 108.35 125.5 54.48 65.5
ynao_sd_19720208_0050_li 9 9 0 0 0 70.39 93.28 70.39 93.28 0 0
ynao_sd_19720210_0100_li 9 7 2 2 0 202.04 248.59 58.59 76.39 143.45 172.2
ynao_sd_19720211_0045_li 21 14 7 3 0 390.01 638.15 129.42 182.35 260.59 455.8
ynao_sd_19720212_0050_li 17 10 7 2 0 462.05 622.48 102.37 123.23 359.68 499.25
ynao_sd_19720213_0045_li 17 13 4 2 0 344.01 447.32 100.01 119.48 244.0 327.84
ynao_sd_19720214_0105_li 27 21 6 3 0 478.07 641.01 158.7 242.66 319.37 398.35
ynao_sd_19720215_0115_li 52 46 6 3 0 678.63 861.54 318.17 456.97 360.46 404.57
ynao_sd_19720216_0015_li 66 58 8 6 0 877.08 1013.65 384.86 465.46 492.22 548.19
ynao_sd_19720217_0015_li 61 48 13 8 0 968.62 1106.1 335.19 411.49 633.43 694.61
ynao_sd_19720218_0045_li 51 31 20 11 0 1228.23 1379.56 267.86 302.39 960.37 1077.17
ynao_sd_19720219_0140_li 39 14 25 9 0 1646.94 2468.81 251.89 373.33 1395.05 2095.48
ynao_sd_19720220_0110_li 40 25 15 9 0 1691.79 2722.94 311.62 436.19 1380.17 2286.75
ynao_sd_19720221_0055_li 21 9 12 8 0 1515.78 2216.33 209.22 306.18 1306.56 1910.15
ynao_sd_19720222_0050_li 28 13 15 9 0 1472.93 1940.95 232.03 301.24 1240.9 1639.71
ynao_sd_19720223_0125_li 34 25 9 8 0 1257.01 1593.46 241.88 304.08 1015.13 1289.38
ynao_sd_19720224_0150_li 26 17 9 5 0 997.27 1083.35 185.71 217.37 811.56 865.98
ynao_sd_19720225_0130_li 16 9 7 6 0 865.83 947.33 149.7 190.19 716.13 757.14
ynao_sd_19720226_0625_li 15 11 4 2 0 952.2 1367.94 133.54 203.02 818.66 1164.92
ynao_sd_19720227_0655_gu 23 18 5 3 0 901.61 1158.41 216.92 308.28 684.69 850.13
ynao_sd_19720302_0620_li 11 10 1 1 0 532.15 1200.5 148.1 285.69 384.05 914.81
ynao_sd_19720303_0700_li 24 17 7 4 0 1324.68 2223.86 323.99 454.88 1000.69 1768.98
ynao_sd_19720304_0115_li 29 24 5 5 0 1481.46 2192.71 288.53 414.55 1192.93 1778.16
ynao_sd_19720305_0100_li 37 32 5 5 0 1803.21 2381.3 235.85 318.66 1567.36 2062.64
ynao_sd_19720306_0100_li 22 14 8 6 0 2012.48 2403.85 324.17 370.89 1688.31 2032.96
ynao_sd_19720307_0120_li 51 37 14 7 0 2255.12 2455.79 480.18 505.33 1774.94 1950.46
ynao_sd_19720308_0050_li 57 43 14 5 0 2203.1 2386.19 435.85 502.06 1767.25 1884.13
ynao_sd_19720309_0045_li 27 17 10 3 0 2035.37 2210.23 298.14 337.98 1737.23 1872.25
ynao_sd_19720310_0040_li 33 21 12 6 0 1801.61 2102.63 291.21 375.62 1510.4 1727.01
ynao_sd_19720311_0045_li 25 14 11 5 0 1354.48 1783.48 207.46 278.72 1147.02 1504.76
ynao_sd_19720312_0100_li 21 11 10 5 0 1078.09 1691.53 191.14 300.13 886.95 1391.4
ynao_sd_19720313_0120_li 15 7 8 5 0 601.92 1176.96 104.29 205.44 497.63 971.52
ynao_sd_19720314_0045_li 8 4 4 3 0 274.28 464.81 59.53 122.17 214.75 342.64
ynao_sd_19720315_0045_li 8 7 1 2 0 208.78 306.07 66.89 108.92 141.89 197.15
ynao_sd_19720316_0030_li 5 4 1 2 0 114.07 222.41 41.75 97.45 72.32 124.96
ynao_sd_19720317_0050_li 15 15 0 0 0 96.78 100.12 96.78 100.12 0 0
ynao_sd_19720318_0035_li 23 22 1 1 0 185.33 272.73 150.96 238.36 34.37 34.37
ynao_sd_19720319_0030_li 20 17 3 2 0 144.95 162.2 115.44 128.93 29.51 33.27
ynao_sd_19720320_0015_li 17 17 0 0 0 95.46 117.93 95.46 117.93 0 0
ynao_sd_19720321_0040_li 30 30 0 0 0 146.34 189.59 146.34 189.59 0 0
ynao_sd_19720322_0120_li 34 34 0 0 0 129.67 139.66 129.67 139.66 0 0
ynao_sd_19720323_0050_gu 23 23 0 0 0 134.5 171.41 134.5 171.41 0 0
ynao_sd_19720324_0030_li 34 34 0 0 0 147.05 179.96 147.05 179.96 0 0
ynao_sd_19720325_0040_li 11 11 0 0 0 66.66 96.88 66.66 96.88 0 0
ynao_sd_19720326_0150_li 7 7 0 0 0 38.63 68.06 38.63 68.06 0 0
ynao_sd_19720327_0040_li 7 7 0 0 0 26.65 50.64 26.65 50.64 0 0
ynao_sd_19720328_0130_li 0 0 0 0 0 0 0 0 0 0 0
ynao_sd_19720329_0300_li 2 1 1 2 0 72.99 220.58 10.86 28.81 62.13 191.77
ynao_sd_19720330_0020_li 9 8 1 1 0 160.7 326.73 76.82 143.35 83.88 183.38
ynao_sd_19720331_0600_li 12 11 1 1 0 203.44 284.71 87.08 118.5 116.36 166.21
ynao_sd_19720401_0110_li 13 10 3 1 0 191.41 281.41 65.01 125.15 126.4 156.26
ynao_sd_19720402_0030_li 17 16 1 1 0 213.92 252.57 104.04 132.7 109.88 119.87
ynao_sd_19720403_0320_li 26 23 3 1 0 231.07 263.32 126.72 157.68 104.35 105.64
ynao_sd_19720404_0320_li 18 16 2 1 0 188.78 207.15 93.77 111.84 95.01 95.31
ynao_sd_19720405_0015_li 12 11 1 1 0 153.75 168.57 80.87 92.77 72.88 75.8
ynao_sd_19720406_0030_li 10 9 1 1 0 97.97 156.26 64.01 117.51 33.96 38.75
ynao_sd_19720407_0020_li 13 7 6 4 0 288.88 592.24 95.43 176.05 193.45 416.19
ynao_sd_19720408_0940_li 21 13 8 5 0 388.48 653.63 161.99 303.18 226.49 350.45
ynao_sd_19720409_0205_li 32 26 6 5 0 447.96 672.35 194.52 279.94 253.44 392.41
ynao_sd_19720411_0100_li 30 24 6 4 0 481.1 548.28 208.06 241.82 273.04 306.46
ynao_sd_19720412_0100_li 38 31 7 3 0 455.79 489.89 227.57 252.81 228.22 237.08
ynao_sd_19720413_0025_li 26 22 4 3 0 341.19 351.86 180.36 187.24 160.83 164.62
ynao_sd_19720414_0140_li 23 22 1 2 0 201.35 215.89 104.71 113.36 96.64 102.53
ynao_sd_19720415_0020_li 19 18 1 1 0 150.02 181.58 117.81 144.24 32.21 37.34
ynao_sd_19720416_0010_li 18 15 3 1 0 180.44 363.6 136.16 221.82 44.28 141.78
ynao_sd_19720417_0010_li 35 31 4 3 0 506.4 908.53 253.39 377.96 253.01 530.57
ynao_sd_19720418_0005_li 26 22 4 2 0 565.46 824.06 173.22 235.06 392.24 589.0
ynao_sd_19720419_0005_li 28 23 5 4 0 639.95 784.4 166.7 198.07 473.25 586.33
ynao_sd_19720420_0010_li 24 17 7 4 0 408.86 445.55 139.77 151.78 269.09 293.77
ynao_sd_19720421_0005_li 36 32 4 2 0 514.64 548.33 191.68 216.8 322.96 331.53
ynao_sd_19720422_0005_li 23 19 4 1 0 394.42 424.88 158.99 188.4 235.43 236.48
ynao_sd_19720423_0015_li 41 38 3 3 0 513.6 598.18 249.24 308.08 264.36 290.1
ynao_sd_19720427_0245_li 5 4 1 1 0 93.09 186.28 38.52 51.8 54.57 134.48
ynao_sd_19720428_0045_hong 4 3 1 1 0 61.09 189.46 28.34 59.75 32.75 129.71
ynao_sd_19720429_0045_hong 1 1 0 0 0 5.36 8.61 5.36 8.61 0 0
ynao_sd_19720430_0050_hong 0 0 0 0 0 0 0 0 0 0 0
ynao_sd_19720501_0005_li 3 3 0 0 0 16.83 85.33 16.83 85.33 0 0
ynao_sd_19720502_0005_li 4 4 0 0 0 26.82 78.27 26.82 78.27 0 0
ynao_sd_19720503_0035_hong 4 3 1 1 0 55.28 233.13 34.11 154.05 21.17 79.08
ynao_sd_19720504_0030_hong 13 10 3 1 0 199.4 408.52 79.09 162.99 120.31 245.53
ynao_sd_19720505_0030_hong 17 13 4 2 0 249.98 381.3 116.85 177.02 133.13 204.28
ynao_sd_19720506_0020_li 30 21 9 4 0 456.31 572.96 188.97 236.18 267.34 336.78
ynao_sd_19720507_0015_li 26 17 9 3 0 968.48 1075.4 186.43 207.58 782.05 867.82
ynao_sd_19720508_0045_hong 37 26 11 5 0 1206.27 1254.72 315.83 329.73 890.44 924.99
ynao_sd_19720509_0040_hong 37 23 14 7 0 961.18 1077.41 284.91 415.18 676.27 662.23
ynao_sd_19720510_0045_hong 36 26 10 4 0 981.37 1287.45 283.28 368.7 698.09 918.75
ynao_sd_19720511_0040_hong 40 28 12 6 0 1090.57 1498.26 344.46 480.79 746.11 1017.47
ynao_sd_19720512_0045_hong 24 15 9 6 0 858.26 1549.24 204.77 408.18 653.49 1141.06
ynao_sd_19720513_0140_hong 34 18 16 11 0 978.27 1947.2 228.71 403.23 749.56 1543.97
ynao_sd_19720514_0145_hong 40 13 27 14 0 1447.1 2784.47 309.9 554.52 1137.2 2229.95
ynao_sd_19720515_0020_li 61 27 34 6 0 1625.71 2980.18 377.63 584.18 1248.08 2396.0
ynao_sd_19720516_0110_hong 55 21 34 9 0 3091.28 4433.77 624.51 866.61 2466.77 3567.16
ynao_sd_19720517_0830_hong 62 32 30 12 0 2505.25 3134.62 685.48 843.22 1819.77 2291.4
ynao_sd_19720518_0035_hong 69 44 25 6 0 2865.2 3405.41 680.55 787.0 2184.65 2618.41
ynao_sd_19720520_0600_li 40 21 19 6 0 2138.46 2264.12 426.58 453.95 1711.88 1810.17
ynao_sd_19720521_0105_li 41 23 18 4 0 2171.99 2371.6 424.63 505.53 1747.36 1866.07
ynao_sd_19720522_0002_li 22 11 11 3 0 1763.15 1987.43 256.34 290.05 1506.81 1697.38
ynao_sd_19720523_0050_hong 35 22 13 4 0 1556.28 2024.99 381.9 501.31 1174.38 1523.68
ynao_sd_19720524_0020_hong 16 6 10 2 0 1216.33 2031.46 254.95 420.92 961.38 1610.54
ynao_sd_19720525_0030_hong 16 6 10 2 0 895.06 1681.15 220.27 405.07 674.79 1276.08
ynao_sd_19720526_0035_hong 21 12 9 3 0 616.03 1647.44 151.12 379.82 464.91 1267.62
ynao_sd_19720527_0230_hong 3 2 1 1 0 132.88 557.17 34.69 140.41 98.19 416.76
ynao_sd_19720528_0145_li 3 3 0 0 0 17.51 23.64 17.51 23.64 0 0
ynao_sd_19720529_0020_li 1 1 0 0 0 3.61 3.65 3.61 3.65 0 0
ynao_sd_19720531_0740_hong 7 2 5 3 0 353.58 828.61 82.13 181.62 271.45 646.99
ynao_sd_19720601_0300_hong 12 8 4 3 0 546.07 990.64 128.14 226.58 417.93 764.06
ynao_sd_19720602_0630_li 10 7 3 3 0 625.94 809.61 90.07 111.57 535.87 698.04
ynao_sd_19720603_0550_li 18 10 8 6 0 1079.01 1205.71 180.07 202.05 898.94 1003.66
ynao_sd_19720604_0210_li 33 25 8 4 0 1127.96 1214.18 296.71 323.35 831.25 890.83
ynao_sd_19720605_0010_li 46 36 10 6 0 1484.1 1590.97 433.55 468.23 1050.55 1122.74
ynao_sd_19720606_0030_hong 96 56 40 12 0 2813.43 3059.58 728.04 793.28 2085.39 2266.3
ynao_sd_19720607_0240_hong 64 35 29 13 0 2437.43 2833.54 525.88 594.44 1911.55 2239.1
ynao_sd_19720608_0240_hong 50 27 23 12 0 2532.07 3241.26 526.18 641.39 2005.89 2599.87
ynao_sd_19720609_0430_li 35 15 20 5 0 2031.88 2714.66 324.26 434.53 1707.62 2280.13
ynao_sd_19720610_0105_hong 29 13 16 6 0 2388.21 3642.16 379.3 593.1 2008.91 3049.06
ynao_sd_19720611_0010_li 28 14 14 6 0 1057.66 2669.9 164.6 421.28 893.06 2248.62
ynao_sd_19720612_0805_hong 22 15 7 6 0 717.46 1851.79 174.88 396.14 542.58 1455.65
ynao_sd_19720613_0130_hong 40 28 12 8 0 822.12 1257.44 311.94 465.11 510.18 792.33
ynao_sd_19720614_0115_hong 38 28 10 6 0 2162.53 2701.33 278.95 340.92 1883.58 2360.41
ynao_sd_19720615_0620_li 38 32 6 2 0 919.74 998.57 250.54 271.6 669.2 726.97
ynao_sd_19720617_0330_hong 60 51 9 5 0 1461.91 2071.96 528.75 826.27 933.16 1245.69
ynao_sd_19720619_1025_li 44 36 8 5 0 1409.3 1630.9 346.08 406.51 1063.22 1224.39
ynao_sd_19720620_0340_hong 47 37 10 5 0 1662.75 1884.91 563.28 635.5 1099.47 1249.41
ynao_sd_19720621_0050_hong 38 33 5 5 0 1507.27 1736.67 462.78 547.2 1044.49 1189.47
ynao_sd_19720622_0130_hong 36 26 10 4 0 1555.01 1774.38 415.6 467.79 1139.41 1306.59
ynao_sd_19720623_0030_hong 23 12 11 4 0 1347.58 1649.34 318.95 380.45 1028.63 1268.89
ynao_sd_19720624_0040_li 11 6 5 2 0 908.02 1096.22 175.35 211.26 732.67 884.96
ynao_sd_19720625_0120_li 13 8 5 2 0 695.96 1020.97 128.01 183.1 567.95 837.87
ynao_sd_19720626_0120_hong 9 6 3 2 0 523.8 1027.96 137.85 262.0 385.95 765.96
ynao_sd_19720627_0140_hong 8 4 4 4 0 354.9 1165.54 115.41 343.18 239.49 822.36
ynao_sd_19720629_0125_hong 3 2 1 1 0 233.88 376.44 61.09 94.54 172.79 281.9
ynao_sd_19720630_0320_hong 3 2 1 1 0 332.68 527.81 77.5 202.09 255.18 325.72
ynao_sd_19720701_0110_hong 1 0 1 1 0 282.59 318.38 57.66 65.0 224.93 253.38
ynao_sd_19720702_0200_li 1 0 1 1 0 334.5 355.33 49.81 52.86 284.69 302.47
ynao_sd_19720703_0002_li 7 6 1 1 0 322.44 346.11 74.39 87.18 248.05 258.93
ynao_sd_19720704_0630_hong 17 10 7 2 0 511.91 871.29 176.12 369.79 335.79 501.5
ynao_sd_19720705_0030_hong 38 30 8 6 0 727.76 1249.55 261.0 434.83 466.76 814.72
ynao_sd_19720706_0035_hong 26 18 8 4 0 700.29 1020.84 235.81 340.6 464.48 680.24
ynao_sd_19720707_0220_hong 26 18 8 3 0 635.24 883.37 215.78 287.31 419.46 596.06
ynao_sd_19720708_0115_hong 24 14 10 7 0 537.55 923.92 164.86 255.64 372.69 668.28
ynao_sd_19720709_0040_li 14 8 6 3 0 184.99 249.06 76.31 95.14 108.68 153.92
ynao_sd_19720710_0045_hong 19 15 4 3 0 246.39 321.5 119.73 143.94 126.66 177.56
ynao_sd_19720711_0050_hong 24 17 7 3 0 308.48 366.98 131.69 151.32 176.79 215.66
ynao_sd_19720712_0415_hong 21 16 5 4 0 367.88 770.38 153.48 311.75 214.4 458.63
ynao_sd_19720713_0105_hong 20 18 2 2 0 426.28 874.98 178.56 327.35 247.72 547.63
ynao_sd_19720714_0235_hong 11 6 5 3 0 535.5 1127.53 135.3 269.13 400.2 858.4
ynao_sd_19720716_0330_hong 9 4 5 2 0 968.01 1299.77 222.14 303.02 745.87 996.75
ynao_sd_19720717_0130_hong 29 17 12 3 0 1019.45 1174.34 266.08 316.54 753.37 857.8
ynao_sd_19720718_0045_guo 25 16 9 2 0 1075.73 1152.66 265.03 294.61 810.7 858.05
ynao_sd_19720719_0055_guo 24 14 10 4 0 787.11 821.46 193.45 204.98 593.66 616.48
ynao_sd_19720721_0845_guo 23 16 7 2 0 471.44 610.75 132.65 180.94 338.79 429.81
ynao_sd_19720722_0056_guo 28 23 5 2 0 317.0 455.22 158.47 219.22 158.53 236.0
ynao_sd_19720723_0220_guo 7 4 3 2 0 199.8 376.36 93.9 166.63 105.9 209.73
ynao_sd_19720724_0210_hong 11 6 5 3 0 200.26 779.13 92.83 383.47 107.43 395.66
ynao_sd_19720729_0020_li 22 19 3 1 0 458.36 517.59 160.95 189.17 297.41 328.42
ynao_sd_19720731_0330_hong 38 25 13 4 0 912.17 1005.44 315.69 352.43 596.48 653.01
ynao_sd_19720801_0035_hong 46 38 8 3 0 835.32 955.9 330.26 376.02 505.06 579.88
ynao_sd_19720802_0350_hong 27 24 3 2 0 469.16 600.0 224.17 279.36 244.99 320.64
ynao_sd_19720803_0015_hong 41 36 5 2 0 457.5 642.4 227.68 298.96 229.82 343.44
ynao_sd_19720804_0020_hong 32 26 6 2 0 392.07 596.46 216.94 308.49 175.13 287.97
ynao_sd_19720805_0400_hong 38 33 5 2 0 514.32 735.73 282.08 377.45 232.24 358.28
ynao_sd_19720806_0550_li 24 22 2 1 0 235.81 307.55 116.5 151.91 119.31 155.64
ynao_sd_19720807_0030_hong 18 11 7 5 0 285.72 394.39 109.92 145.46 175.8 248.93
ynao_sd_19720808_0030_hong 11 8 3 2 0 159.07 301.14 68.2 122.43 90.87 178.71
ynao_sd_19720809_0025_hong 13 8 5 2 0 202.75 653.78 109.14 338.54 93.61 315.24
ynao_sd_19720810_0140_hong 5 2 3 1 0 80.05 394.78 27.01 137.77 53.04 257.01
ynao_sd_19720811_0135_hong 1 1 0 0 0 5.36 6.02 5.36 6.02 0 0
ynao_sd_19720812_0015_hong 8 6 2 1 0 55.28 71.69 30.36 39.55 24.92 32.14
ynao_sd_19720813_0640_li 8 8 0 0 0 47.17 60.43 47.17 60.43 0 0
ynao_sd_19720814_0020_li 4 3 1 1 0 43.93 144.23 26.7 59.42 17.23 84.81
ynao_sd_19720815_0015_hong 7 5 2 1 0 75.71 179.62 40.14 81.64 35.57 97.98
ynao_sd_19720816_0640_hong 12 9 3 2 0 138.44 229.36 65.39 96.0 73.05 133.36
ynao_sd_19720817_0440_hong 23 20 3 1 0 259.07 352.75 134.94 169.19 124.13 183.56
ynao_sd_19720818_0020_hong 26 21 5 2 0 412.97 505.23 159.46 187.22 253.51 318.01
ynao_sd_19720819_0030_hong 25 21 4 2 0 384.09 442.14 134.65 152.64 249.44 289.5
ynao_sd_19720820_0050_li 7 5 2 1 0 171.52 207.6 50.33 66.41 121.19 141.19
ynao_sd_19720821_0610_li 23 21 2 2 0 260.88 413.37 126.92 162.55 133.96 250.82
ynao_sd_19720822_0420_li 25 19 6 4 0 372.64 763.57 131.74 206.44 240.9 557.13
ynao_sd_19720823_0410_li 30 20 10 4 0 429.75 733.46 144.9 235.77 284.85 497.69
ynao_sd_19720824_0120_hong 36 25 11 5 0 685.08 1304.66 229.73 441.2 455.35 863.46
ynao_sd_19720825_0030_hong 35 22 13 4 0 807.0 1311.62 240.41 382.7 566.59 928.92
ynao_sd_19720826_0030_hong 44 30 14 5 0 1043.91 1377.39 314.44 396.64 729.47 980.75
ynao_sd_19720827_0005_li 22 9 13 4 0 665.8 789.08 150.78 177.5 515.02 611.58
ynao_sd_19720828_0020_li 17 8 9 5 0 540.09 608.55 116.54 134.43 423.55 474.12
ynao_sd_19720829_0230_hong 46 35 11 7 0 1001.74 1172.22 457.09 537.95 544.65 634.27
ynao_sd_19720830_0500_li 21 13 8 4 0 539.65 797.84 142.56 201.63 397.09 596.21
ynao_sd_19720831_0150_hong 21 15 6 4 0 541.31 994.33 168.45 304.01 372.86 690.32
ynao_sd_19720901_0030_hong 23 17 6 4 0 374.53 1064.42 144.99 324.7 229.54 739.72
ynao_sd_19720904_0330_hong 24 16 8 2 0 470.33 862.99 164.41 248.5 305.92 614.49
ynao_sd_19720905_0730_hong 27 23 4 2 0 359.89 972.66 210.32 452.88 149.57 519.78
ynao_sd_19720906_0130_hong 18 16 2 1 0 699.24 2579.34 109.99 206.6 589.25 2372.74
ynao_sd_19720907_0350_hong 12 6 6 2 0 362.36 441.64 86.67 104.29 275.69 337.35
ynao_sd_19720908_0310_hong 14 10 4 3 0 269.8 383.44 94.08 130.47 175.72 252.97
ynao_sd_19720909_0040_hong 24 21 3 2 0 280.23 771.41 154.15 424.98 126.08 346.43
ynao_sd_19720910_0030_li 4 4 0 0 0 70.35 234.02 70.35 234.02 0 0
ynao_sd_19720911_0220_hong 15 10 5 3 0 202.42 422.8 109.1 198.59 93.32 224.21
ynao_sd_19720912_0230_hong 16 12 4 3 0 229.06 400.37 107.55 207.17 121.51 193.2
ynao_sd_19720913_0405_hong 24 16 8 4 0 291.09 373.6 117.65 149.44 173.44 224.16
ynao_sd_19720914_0100_hong 16 10 6 3 0 263.11 328.52 102.96 142.88 160.15 185.64
ynao_sd_19720915_0500_hong 11 7 4 2 0 229.84 248.06 73.2 78.55 156.64 169.51
ynao_sd_19720916_0640_hong 22 19 3 2 0 292.66 318.9 130.87 143.78 161.79 175.12
ynao_sd_19720918_0600_hong 10 7 3 2 0 176.73 315.79 71.22 116.91 105.51 198.88
ynao_sd_19720919_0140_hong 8 7 1 2 0 201.25 332.14 63.53 106.62 137.72 225.52
ynao_sd_19720920_0400_hong 24 19 5 3 0 357.51 778.28 173.36 387.76 184.15 390.52
ynao_sd_19720921_0005_hong 34 28 6 3 0 529.12 1134.89 229.97 504.51 299.15 630.38
ynao_sd_19720922_0040_hong 32 20 12 5 0 773.32 1308.79 220.95 371.83 552.37 936.96
ynao_sd_19720923_0050_hong 47 21 26 7 0 1500.22 2085.99 410.41 557.12 1089.81 1528.87
ynao_sd_19720927_0400_hong 50 36 14 7 0 854.66 987.78 302.6 344.64 552.06 643.14
ynao_sd_19720928_0120_hong 39 30 9 5 0 590.6 727.99 244.45 287.8 346.15 440.19
ynao_sd_19720929_0620_hong 29 21 8 4 0 475.44 625.04 199.7 260.05 275.74 364.99
ynao_sd_19720930_0130_hong 37 19 18 7 0 561.03 829.78 221.62 397.58 339.41 432.2
ynao_sd_19721001_0020_hong 30 21 9 3 0 423.37 561.97 196.22 326.89 227.15 235.08
ynao_sd_19721002_0040_hong 20 13 7 4 0 266.35 373.22 119.49 194.25 146.86 178.97
ynao_sd_19721003_0040_li 7 6 1 1 0 163.68 201.53 140.63 173.5 23.05 28.03
ynao_sd_19721004_0050_li 14 13 1 1 0 95.53 116.88 69.12 87.75 26.41 29.13
ynao_sd_19721005_0050_hong 15 15 0 0 0 107.26 136.82 107.26 136.82 0 0
ynao_sd_19721006_0050_hong 20 20 0 0 0 141.99 165.7 141.99 165.7 0 0
ynao_sd_19721007_0120_hong 23 23 0 0 0 138.93 158.75 138.93 158.75 0 0
ynao_sd_19721008_0110_hong 12 12 0 0 0 78.56 116.13 78.56 116.13 0 0
ynao_sd_19721009_0620_li 3 3 0 0 0 13.98 17.84 13.98 17.84 0 0
ynao_sd_19721012_0620_hong 6 6 0 0 0 78.27 217.25 78.27 217.25 0 0
ynao_sd_19721013_0240_hong 4 4 0 0 0 31.22 122.03 31.22 122.03 0 0
ynao_sd_19721014_0020_hong 0 0 0 0 0 0 0 0 0 0 0
ynao_sd_19721015_0725_li 3 3 0 0 0 20.39 60.76 20.39 60.76 0 0
ynao_sd_19721017_0120_hong 18 11 7 4 0 559.03 1408.03 165.34 417.14 393.69 990.89
ynao_sd_19721018_0020_lik 25 21 4 3 0 561.77 978.52 179.77 321.46 382.0 657.06
ynao_sd_19721019_0040_hong 43 33 10 3 0 967.64 1347.22 324.73 450.99 642.91 896.23
ynao_sd_19721020_0030_hong 43 26 17 7 0 1350.24 1613.54 390.43 505.74 959.81 1107.8
ynao_sd_19721021_0040_hong 42 27 15 7 0 1518.52 1903.3 424.33 522.2 1094.19 1381.1
ynao_sd_19721022_0505_hong 50 33 17 9 0 1860.78 2223.93 523.91 648.23 1336.87 1575.7
ynao_sd_19721023_0045_lik 40 28 12 8 0 1708.9 2180.71 466.99 689.75 1241.91 1490.96
ynao_sd_19721023_0305_lik 39 12 27 6 0 4273.1 5842.87 611.58 836.89 3661.52 5005.98
ynao_sd_19721024_0105_hong 48 31 17 8 0 2657.82 6444.14 574.05 1101.8 2083.77 5342.34
ynao_sd_19721025_0140_lik 36 14 22 7 0 3385.28 6760.73 573.13 1028.38 2812.15 5732.35
ynao_sd_19721028_0315_lik 59 15 44 7 0 3400.22 4313.64 796.72 1015.45 2603.5 3298.19
ynao_sd_19721029_0220_lik 75 28 47 8 0 3697.98 3918.16 817.38 867.85 2880.6 3050.31
ynao_sd_19721030_0050_hong 101 48 53 7 0 3842.9 4029.85 882.09 940.17 2960.81 3089.68
ynao_sd_19721031_0040_hong 100 44 56 9 1 3662.42 3948.01 945.29 1038.49 2717.13 2909.52
ynao_sd_19721101_0040_hong 67 31 36 6 0 2778.06 3268.55 676.81 809.3 2101.25 2459.25
ynao_sd_19721102_0040_hong 54 19 35 5 0 1395.21 1989.44 513.4 730.81 881.81 1258.63
ynao_sd_19721103_0030_hong 44 18 26 5 1 1423.11 2524.49 343.88 575.69 1079.23 1948.8
ynao_sd_19721104_0045_hong 21 11 10 4 0 696.31 1756.06 172.93 391.41 523.38 1364.65
ynao_sd_19721109_0435_lik 2 2 0 0 0 8.88 23.83 8.88 23.83 0 0
ynao_sd_19721110_0515_lik 0 0 0 0 0 0 0 0 0 0 0
ynao_sd_19721111_0310_lik 2 2 0 0 0 10.72 15.11 10.72 15.11 0 0
ynao_sd_19721112_0115_lik 3 3 0 0 0 27.85 64.16 27.85 64.16 0 0
ynao_sd_19721113_0030_hong 4 0 4 2 0 259.2 668.79 45.7 124.43 213.5 544.36
ynao_sd_19721114_0020_hong 8 4 4 2 0 390.25 693.58 80.88 134.29 309.37 559.29
ynao_sd_19721115_0040_hong 11 6 5 1 0 453.88 696.93 116.94 223.29 336.94 473.64
ynao_sd_19721117_0130_hong 9 5 4 2 0 507.52 550.2 100.44 112.23 407.08 437.97
ynao_sd_19721118_0930_lik 7 5 2 2 0 394.13 436.92 91.96 123.43 302.17 313.49
ynao_sd_19721119_0130_hong 31 27 4 2 0 529.0 665.34 186.52 270.17 342.48 395.17
ynao_sd_19721122_0045_lik 28 23 5 5 0 739.37 1102.24 273.82 352.84 465.55 749.4
ynao_sd_19721123_0025_lik 29 19 10 5 0 624.58 992.75 213.66 291.52 410.92 701.23
ynao_sd_19721124_0030_lik 33 20 13 7 0 1315.24 1882.45 248.6 352.26 1066.64 1530.19
ynao_sd_19721125_0050_lik 18 11 7 5 0 894.91 1209.37 204.8 276.81 690.11 932.56
ynao_sd_19721126_0100_lik 19 12 7 5 0 723.38 1068.79 183.92 272.2 539.46 796.59
ynao_sd_19721127_0730_hong 20 14 6 5 0 619.18 1087.53 220.76 337.66 398.42 749.87
ynao_sd_19721201_0630_hong 17 5 12 4 0 422.77 549.27 111.49 166.62 311.28 382.65
ynao_sd_19721202_0230_hong 20 12 8 3 0 338.58 492.21 120.89 175.45 217.69 316.76
ynao_sd_19721203_0350_hong 16 10 6 2 0 215.66 401.05 95.27 149.24 120.39 251.81
ynao_sd_19721204_0505_lik 8 8 0 0 0 59.75 119.4 59.75 119.4 0 0
ynao_sd_19721205_0040_lik 6 6 0 0 0 33.67 50.18 33.67 50.18 0 0
ynao_sd_19721206_0115_lik 10 10 0 0 0 43.53 62.69 43.53 62.69 0 0
ynao_sd_19721207_0045_lik 2 2 0 0 0 21.63 35.54 21.63 35.54 0 0
ynao_sd_19721208_0120_lik 2 2 0 0 0 8.37 11.65 8.37 11.65 0 0
ynao_sd_19721209_0038_lik 1 1 0 0 0 4.4 4.44 4.4 4.44 0 0
ynao_sd_19721210_0035_lik 7 7 0 0 0 49.39 59.34 49.39 59.34 0 0
ynao_sd_19721211_0050_hong 6 6 0 0 0 33.69 38.12 33.69 38.12 0 0
ynao_sd_19721214_0650_hong 34 22 12 4 0 1039.9 1129.21 275.84 301.26 764.06 827.95
ynao_sd_19721215_0210_hong 41 33 8 3 0 1115.28 1189.09 352.59 380.23 762.69 808.86
ynao_sd_19721216_0040_hong 41 33 8 5 0 1065.66 1156.71 356.58 401.8 709.08 754.91
ynao_sd_19721217_0050_lik 38 26 12 6 0 955.99 1103.58 299.02 346.17 656.97 757.41
ynao_sd_19721218_0035_lik 20 17 3 3 0 618.66 791.69 191.78 242.9 426.88 548.79
ynao_sd_19721219_0455_lik 12 7 5 1 0 415.13 665.63 134.61 191.87 280.52 473.76
ynao_sd_19721220_0140_lik 10 8 2 1 0 260.76 530.42 82.62 137.95 178.14 392.47
ynao_sd_19721221_0040_lik 6 5 1 3 0 888.83 1328.65 78.98 162.34 809.85 1166.31
ynao_sd_19721222_0110_lik 3 3 0 0 0 17.18 20.25 17.18 20.25 0 0
ynao_sd_19721223_0115_lik 3 3 0 0 0 21.64 26.73 21.64 26.73 0 0
ynao_sd_19721224_0215_li 0 0 0 0 0 0 0 0 0 0 0
ynao_sd_19721225_0110_hong 1 1 0 0 0 6.68 7.56 6.68 7.56 0 0
ynao_sd_19721226_0105_hong 1 1 0 0 0 5.05 7.44 5.05 7.44 0 0
ynao_sd_19721227_0100_hong 2 2 0 0 0 18.48 37.32 18.48 37.32 0 0
ynao_sd_19721228_0105_hong 8 8 0 1 0 69.43 160.98 49.32 100.47 20.11 60.51
ynao_sd_19721229_0705_hong 7 5 2 1 0 60.68 67.96 42.78 47.8 17.9 20.16
ynao_sd_19721230_0100_hong 12 11 1 1 0 127.09 157.55 83.74 102.65 43.35 54.9
ynao_sd_19721231_0100_li 3 3 0 0 0 48.63 74.18 48.63 74.18 0 0
