ynao_sd_19730101_0110_lik 2 2 0 0 0 23.05 56.44 23.05 56.44 0 0
ynao_sd_19730103_0450_lik 6 6 0 0 0 35.23 37.83 35.23 37.83 0 0
ynao_sd_19730104_0115_lik 4 4 0 0 0 39.25 41.12 39.25 41.12 0 0
ynao_sd_19730105_0715_lik 2 2 0 0 0 13.08 14.62 13.08 14.62 0 0
ynao_sd_19730108_0315_lik 3 2 1 1 0 710.57 1910.09 59.81 96.8 650.76 1813.29
ynao_sd_19730109_0100_hong 4 2 2 1 0 62.46 105.06 31.56 67.8 30.9 37.26
ynao_sd_19730110_0105_hong 9 8 1 1 0 95.6 173.03 75.42 124.89 20.18 48.14
ynao_sd_19730111_0730_hong 7 7 0 0 0 74.83 95.01 74.83 95.01 0 0
ynao_sd_19730112_0120_hong 16 16 0 0 0 79.45 94.05 79.45 94.05 0 0
ynao_sd_19730113_0100_lik 3 3 0 0 0 13.6 15.2 13.6 15.2 0 0
ynao_sd_19730114_0130_hong 3 3 0 0 0 14.13 14.54 14.13 14.54 0 0
ynao_sd_19730115_0240_lik 2 1 1 0 0 4.71 5.64 10.23 13.82 5.52 8.18
ynao_sd_19730117_0120_lik 2 2 0 0 0 16.29 20.58 16.29 20.58 0 0
ynao_sd_19730118_0450_lik 13 13 0 0 0 104.31 120.5 104.31 120.5 0 0
ynao_sd_19730119_0135_lik 10 10 0 0 0 105.84 130.46 105.84 130.46 0 0
ynao_sd_19730120_0035_lik 16 16 0 0 0 144.08 278.38 144.08 278.38 0 0
ynao_sd_19730121_0105_lik 21 20 1 1 0 137.71 181.82 116.44 157.12 21.27 24.7
ynao_sd_19730122_0105_hong 16 16 0 0 0 137.83 174.86 137.83 174.86 0 0
ynao_sd_19730123_0110_hong 19 19 0 0 0 101.94 131.24 101.94 131.24 0 0
ynao_sd_19730124_0110_hong 17 17 0 1 0 144.82 226.23 125.11 196.35 19.71 29.88
ynao_sd_19730125_0110_hong 10 9 1 1 0 77.88 162.48 54.3 73.87 23.58 88.61
ynao_sd_19730126_0105_hong 7 7 0 0 0 51.08 64.2 51.08 64.2 0 0
ynao_sd_19730127_0110_hong 2 2 0 0 0 10.16 10.25 10.16 10.25 0 0
ynao_sd_19730128_0105_hong 8 8 0 0 0 44.79 49.49 44.79 49.49 0 0
ynao_sd_19730129_0110_hong 4 4 0 0 0 20.01 23.06 20.01 23.06 0 0
ynao_sd_19730130_0105_lik 4 4 0 0 0 20.38 35.03 20.38 35.03 0 0
ynao_sd_19730131_0100_lik 0 0 0 0 0 0 0 0 0 0 0
ynao_sd_19730201_0040_lik 0 0 0 0 0 0 0 0 0 0 0
ynao_sd_19730202_0510_lik 4 4 0 0 0 54.93 105.04 54.93 105.04 0 0
ynao_sd_19730203_0145_lik 7 5 2 1 0 145.62 237.09 48.86 81.43 96.76 155.66
ynao_sd_19730204_0045_li 10 8 2 2 0 165.95 212.99 55.26 71.7 110.69 141.29
ynao_sd_19730205_0100_li 13 11 2 2 0 138.81 157.14 65.26 75.34 73.55 81.8
ynao_sd_19730206_0110_hong 18 17 1 1 0 122.42 128.56 100.53 106.09 21.89 22.47
ynao_sd_19730207_0120_lik 8 8 0 0 0 45.39 45.42 45.39 45.42 0 0
ynao_sd_19730208_0110_hong 5 5 0 0 0 21.74 26.39 21.74 26.39 0 0
ynao_sd_19730209_0100_hong 9 9 0 0 0 46.22 92.79 46.22 92.79 0 0
ynao_sd_19730210_0105_hong 8 7 1 1 0 79.35 307.01 55.79 176.42 23.56 130.59
ynao_sd_19730211_0105_hong 14 11 3 1 0 224.25 629.56 111.13 292.01 113.12 337.55
ynao_sd_19730212_0050_lik 10 7 3 2 0 767.44 1042.76 84.43 137.06 683.01 905.7
ynao_sd_19730213_0130_lik 15 9 6 4 0 2312.99 2634.16 172.01 321.43 2140.98 2312.73
ynao_sd_19730215_0225_lik 30 22 8 2 0 591.98 684.99 260.92 331.9 331.06 353.09
ynao_sd_19730216_0105_lik 28 22 6 2 0 619.12 693.17 219.22 282.79 399.9 410.38
ynao_sd_19730217_0025_lik 23 18 5 2 0 512.54 554.48 165.23 200.67 347.31 353.81
ynao_sd_19730219_0055_gu 17 13 4 2 0 447.87 524.8 153.77 181.72 294.1 343.08
ynao_sd_19730220_0050_hong 20 16 4 2 0 373.04 501.85 141.16 179.12 231.88 322.73
ynao_sd_19730221_0055_hong 22 20 2 3 0 424.62 651.32 211.47 303.19 213.15 348.13
ynao_sd_19730222_0100_hong 18 15 3 2 0 272.96 578.7 110.46 198.76 162.5 379.94
ynao_sd_19730223_0050_hong 11 8 3 2 0 146.88 411.28 58.45 130.13 88.43 281.15
ynao_sd_19730224_0050_hong 20 20 0 0 0 106.68 180.5 106.68 180.5 0 0
ynao_sd_19730225_0055_lik 3 3 0 0 0 28.16 85.83 28.16 85.83 0 0
ynao_sd_19730226_0040_lik 2 2 0 0 0 12.44 52.08 12.44 52.08 0 0
ynao_sd_19730227_0110_lik 3 3 0 0 0 14.41 60.81 14.41 60.81 0 0
ynao_sd_19730228_0315_lik 5 5 0 0 0 58.72 106.24 58.72 106.24 0 0
ynao_sd_19730301_0050_hong 9 7 2 1 0 107.8 156.89 78.39 122.1 29.41 34.79
ynao_sd_19730302_0040_lik 9 9 0 1 0 120.93 247.86 65.4 167.92 55.53 79.94
ynao_sd_19730303_0045_lik 4 3 1 1 0 1104.96 2042.57 37.69 97.03 1067.27 1945.54
ynao_sd_19730304_0025_lik 3 3 0 0 0 17.61 38.64 17.61 38.64 0 0
ynao_sd_19730305_0140_hong 6 4 2 1 0 143.68 404.29 38.91 126.34 104.77 277.95
ynao_sd_19730306_0050_hong 17 13 4 1 0 243.16 501.15 118.05 267.94 125.11 233.21
ynao_sd_19730307_0105_hong 21 18 3 2 0 329.01 473.42 141.41 200.52 187.6 272.9
ynao_sd_19730309_0150_hong 33 18 15 6 0 764.79 1310.48 238.47 412.0 526.32 898.48
ynao_sd_19730310_0110_hong 47 27 20 6 0 1313.37 1865.89 398.96 587.87 914.41 1278.02
ynao_sd_19730311_0120_hong 60 44 16 5 0 1407.62 1679.81 496.26 594.2 911.36 1085.61
ynao_sd_19730312_0050_lik 27 20 7 6 0 1400.15 1531.26 313.16 346.22 1086.99 1185.04
ynao_sd_19730313_0050_lik 49 31 18 6 0 1457.75 1506.73 397.06 419.58 1060.69 1087.15
ynao_sd_19730314_0100_lik 56 41 15 7 0 1297.08 1317.27 398.48 411.52 898.6 905.75
ynao_sd_19730315_0150_hong 65 44 21 7 0 1258.4 1326.77 409.22 443.11 849.18 883.66
ynao_sd_19730316_0315_lik 39 28 11 8 0 1005.13 1157.18 266.86 304.8 738.27 852.38
ynao_sd_19730317_0215_lik 36 28 8 6 0 688.71 924.35 245.31 329.86 443.4 594.49
ynao_sd_19730318_0050_hong 35 25 10 8 0 606.47 1046.08 238.35 415.9 368.12 630.18
ynao_sd_19730319_0130_lik 21 14 7 1 0 260.53 741.14 203.65 628.19 56.88 112.95
ynao_sd_19730320_0030_hong 3 1 2 1 0 78.75 344.8 17.01 74.07 61.74 270.73
ynao_sd_19730321_0030_hong 1 1 0 0 0 4.71 31.69 4.71 31.69 0 0
ynao_sd_19730322_0030_hong 0 0 0 0 0 0 0 0 0 0 0
ynao_sd_19730323_0040_hong 1 1 0 0 0 5.72 41.0 5.72 41.0 0 0
ynao_sd_19730324_0035_hon 2 2 0 0 0 10.3 40.26 10.3 40.26 0 0
ynao_sd_19730325_0220_hong 2 2 0 0 0 10.82 17.47 10.82 17.47 0 0
ynao_sd_19730326_0105_lik 1 1 0 0 0 6.31 7.44 6.31 7.44 0 0
ynao_sd_19730327_0040_hong 5 3 2 1 0 97.37 596.77 36.63 226.84 60.74 369.93
ynao_sd_19730328_0050_hong 10 2 8 2 0 393.04 1015.59 115.81 301.01 277.23 714.58
ynao_sd_19730329_0100_hong 32 17 15 4 0 707.09 1217.35 213.84 383.3 493.25 834.05
ynao_sd_19730330_0040_hong 37 19 18 6 0 991.94 1317.13 279.98 369.11 711.96 948.02
ynao_sd_19730331_0040_hong 39 20 19 5 0 1285.13 1488.79 312.39 385.66 972.74 1103.13
ynao_sd_19730401_0045_hong 40 21 19 8 0 1136.55 1183.45 261.19 274.17 875.36 909.28
ynao_sd_19730402_0200_lik 41 29 12 5 0 1043.17 1086.56 297.23 339.72 745.94 746.84
ynao_sd_19730403_0105_lik 48 30 18 9 1 2753.43 4479.17 438.41 583.36 2315.02 3895.81
ynao_sd_19730404_0345_lik 59 32 27 11 0 3043.04 3571.27 438.46 568.05 2604.58 3003.22
ynao_sd_19730405_0250_hong 66 44 22 6 0 1618.41 2100.99 549.06 711.17 1069.35 1389.82
ynao_sd_19730406_0050_lik 34 18 16 6 0 983.78 1521.82 261.28 392.56 722.5 1129.26
ynao_sd_19730407_0040_lik 29 21 8 4 0 1210.76 1839.02 278.7 528.87 932.06 1310.15
ynao_sd_19730408_0045_lik 56 49 7 3 0 587.43 1199.63 333.22 535.04 254.21 664.59
ynao_sd_19730409_0110_hong 69 46 23 6 0 1446.16 1592.77 471.41 511.7 974.75 1081.07
ynao_sd_19730410_0240_lik 67 51 16 6 0 941.19 994.88 413.22 455.61 527.97 539.27
ynao_sd_19730411_0110_hong 82 67 15 5 0 1023.62 1059.5 576.72 605.64 446.9 453.86
ynao_sd_19730412_0100_hong 63 51 12 6 0 713.12 778.35 356.56 401.62 356.56 376.73
ynao_sd_19730413_0050_hong 55 43 12 6 0 714.67 885.83 367.88 498.36 346.79 387.47
ynao_sd_19730414_0030_hong 42 34 8 6 0 576.44 777.54 235.76 337.47 340.68 440.07
ynao_sd_19730415_0040_hong 31 28 3 2 0 293.77 466.95 233.22 367.87 60.55 99.08
ynao_sd_19730416_0105_lik 26 18 8 1 0 373.3 856.82 143.28 313.39 230.02 543.43
ynao_sd_19730417_0120_hong 12 7 5 1 0 204.78 748.19 80.52 264.79 124.26 483.4
ynao_sd_19730418_0740_hong 5 4 1 0 0 22.72 55.33 34.27 67.47 11.55 12.14
ynao_sd_19730419_0350_hong 13 13 0 0 0 79.93 98.29 79.93 98.29 0 0
ynao_sd_19730420_0030_hong 19 17 2 2 0 206.8 223.76 103.33 111.13 103.47 112.63
ynao_sd_19730421_0110_hong 25 23 2 1 0 210.66 255.13 142.31 184.15 68.35 70.98
ynao_sd_19730422_0040_hong 24 24 0 0 0 119.35 149.36 119.35 149.36 0 0
ynao_sd_19730423_0050_lik 17 16 1 1 0 257.75 775.98 112.05 260.94 145.7 515.04
ynao_sd_19730424_0040_hong 19 13 6 1 0 419.97 767.81 142.96 240.45 277.01 527.36
ynao_sd_19730425_0050_hong 27 21 6 3 0 496.05 738.61 172.2 274.23 323.85 464.38
ynao_sd_19730426_0150_hong 23 18 5 4 0 487.1 597.86 125.48 161.2 361.62 436.66
ynao_sd_19730427_0100_hong 28 22 6 3 0 586.63 634.76 164.21 185.51 422.42 449.25
ynao_sd_19730428_0100_hong 34 27 7 3 0 558.07 564.6 145.26 147.95 412.81 416.65
ynao_sd_19730429_0105_hong 26 20 6 3 0 329.42 331.24 144.48 145.56 184.94 185.68
ynao_sd_19730430_0040_hong 24 21 3 2 0 195.95 204.28 109.63 113.94 86.32 90.34
ynao_sd_19730501_0100_lik 5 5 0 0 0 44.82 68.63 44.82 68.63 0 0
ynao_sd_19730502_0230_lik 13 7 6 3 1 576.43 1465.0 96.05 210.05 480.38 1254.95
ynao_sd_19730503_0150_hong 24 12 12 7 0 903.0 1585.39 266.4 472.69 636.6 1112.7
ynao_sd_19730504_0030_hong 52 40 12 7 0 922.52 1437.54 344.59 652.3 577.93 785.24
ynao_sd_19730505_0130_hong 55 40 15 6 0 1090.22 1278.93 365.8 451.66 724.42 827.27
ynao_sd_19730506_0300_hong 65 48 17 6 0 1018.03 1114.06 333.46 398.51 684.57 715.55
ynao_sd_19730507_0710_hong 72 59 13 7 0 957.06 976.18 362.19 372.1 594.87 604.08
ynao_sd_19730508_0110_hong 64 61 3 3 0 739.73 798.88 364.89 404.38 374.84 394.5
ynao_sd_19730509_0220_hong 31 26 5 4 0 566.54 648.06 179.63 203.66 386.91 444.4
ynao_sd_19730510_0330_lik 19 14 5 2 0 267.4 364.35 80.76 107.54 186.64 256.81
ynao_sd_19730511_0130_lik 6 3 3 2 0 173.28 327.92 37.79 88.92 135.49 239.0
ynao_sd_19730512_0040_hong 7 4 3 2 0 120.55 326.57 32.05 100.49 88.5 226.08
ynao_sd_19730513_0040_hong 2 2 0 0 0 23.39 101.8 23.39 101.8 0 0
ynao_sd_19730514_0405_lik 1 1 0 0 0 3.68 4.41 3.68 4.41 0 0
ynao_sd_19730515_0105_lik 3 3 0 0 0 14.85 18.45 14.85 18.45 0 0
ynao_sd_19730517_0030_lik 11 10 1 1 0 116.14 118.59 41.42 42.43 74.72 76.16
ynao_sd_19730518_0010_lik 8 8 0 0 0 37.38 57.5 37.38 57.5 0 0
ynao_sd_19730519_0040_lik 4 4 0 0 0 19.12 30.88 19.12 30.88 0 0
ynao_sd_19730520_0110_lik 2 2 0 0 0 8.43 10.15 8.43 10.15 0 0
ynao_sd_19730521_0230_hong 2 2 0 0 0 11.23 13.35 11.23 13.35 0 0
ynao_sd_19730522_0100_hong 3 3 0 0 0 13.14 19.95 13.14 19.95 0 0
ynao_sd_19730523_0230_hong 9 9 0 0 0 40.66 69.61 40.66 69.61 0 0
ynao_sd_19730524_0250_hong 13 13 0 0 0 55.61 71.24 55.61 71.24 0 0
ynao_sd_19730525_0300_hong 36 33 3 2 0 292.0 295.58 179.25 182.68 112.75 112.9
ynao_sd_19730526_0140_hong 26 21 5 2 0 398.31 412.92 162.33 171.73 235.98 241.19
ynao_sd_19730527_0550_hong 17 11 6 2 0 383.8 431.85 104.81 117.1 278.99 314.75
ynao_sd_19730528_0315_hong 17 13 4 2 0 305.33 393.03 97.93 126.02 207.4 267.01
ynao_sd_19730529_0315_lik 11 10 1 1 0 256.56 429.4 93.94 160.09 162.62 269.31
ynao_sd_19730530_0155_lik 6 4 2 1 0 108.61 237.69 33.96 62.38 74.65 175.31
ynao_sd_19730531_0005_lik 3 3 0 0 0 21.81 28.14 21.81 28.14 0 0
ynao_sd_19730601_0115_lik 4 4 0 0 0 13.21 15.52 13.21 15.52 0 0
ynao_sd_19730602_0200_lik 7 7 0 0 0 30.88 58.38 30.88 58.38 0 0
ynao_sd_19730603_0045_lik 8 8 0 0 0 57.82 63.87 57.82 63.87 0 0
ynao_sd_19730604_0205_hong 11 11 0 0 0 49.49 68.03 49.49 68.03 0 0
ynao_sd_19730605_0305_hong 6 6 0 0 0 29.67 57.1 29.67 57.1 0 0
ynao_sd_19730606_0300_hong 1 1 0 0 0 4.11 5.0 4.11 5.0 0 0
ynao_sd_19730607_0535_lik 6 6 0 0 0 66.86 162.96 66.86 162.96 0 0
ynao_sd_19730608_0420_hong 5 3 2 1 0 80.48 175.26 30.31 62.24 50.17 113.02
ynao_sd_19730609_0230_hong 5 3 2 1 0 105.63 183.3 24.04 49.71 81.59 133.59
ynao_sd_19730611_0710_lik 8 7 1 1 0 107.41 132.75 45.77 63.59 61.64 69.16
ynao_sd_19730612_0530_lik 12 12 0 1 0 119.84 131.88 72.21 81.57 47.63 50.31
ynao_sd_19730613_0010_lik 7 6 1 1 0 94.0 105.36 67.6 77.87 26.4 27.49
ynao_sd_19730614_0415_lik 3 3 0 0 0 31.11 40.56 31.11 40.56 0 0
ynao_sd_19730615_0115_lik 4 4 0 0 0 38.63 46.07 38.63 46.07 0 0
ynao_sd_19730616_0020_lik 6 6 0 0 0 32.5 41.54 32.5 41.54 0 0
ynao_sd_19730617_0615_lik 3 3 0 0 0 13.59 23.98 13.59 23.98 0 0
ynao_sd_19730618_0230_hong 8 8 0 0 0 42.02 65.37 42.02 65.37 0 0
ynao_sd_19730619_0220_hong 18 12 6 2 0 222.69 623.55 98.25 272.96 124.44 350.59
ynao_sd_19730620_0205_hong 38 26 12 3 0 713.36 1331.04 242.98 486.64 470.38 844.4
ynao_sd_19730621_0015_hong 50 32 18 8 0 1142.45 1692.94 395.35 612.23 747.1 1080.71
ynao_sd_19730622_0030_hong 62 40 22 8 0 1268.87 1515.17 382.7 477.61 886.17 1037.56
ynao_sd_19730623_0050_hong 57 32 25 8 0 1428.24 1554.33 376.98 431.0 1051.26 1123.33
ynao_sd_19730624_0110_hong 52 38 14 6 0 1110.31 1132.79 363.59 372.39 746.72 760.4
ynao_sd_19730625_0730_hong 42 27 15 7 0 846.59 890.3 319.77 340.35 526.82 549.95
ynao_sd_19730626_0150_lik 51 36 15 5 0 793.85 893.13 252.11 280.77 541.74 612.36
ynao_sd_19730627_0140_lik 39 31 8 3 0 629.62 811.85 245.21 302.01 384.41 509.84
ynao_sd_19730628_0020_lik 31 25 6 2 0 350.97 539.58 166.59 227.72 184.38 311.86
ynao_sd_19730629_0300_lik 18 16 2 1 0 151.93 358.21 78.86 162.92 73.07 195.29
ynao_sd_19730630_0130_lik 12 11 1 1 0 89.1 190.54 67.01 134.31 22.09 56.23
ynao_sd_19730702_0050_hong 13 13 0 0 0 74.12 97.21 74.12 97.21 0 0
ynao_sd_19730703_0110_hong 13 13 0 0 0 80.97 112.32 80.97 112.32 0 0
ynao_sd_19730704_0040_hong 18 18 0 0 0 92.84 112.65 92.84 112.65 0 0
ynao_sd_19730705_0030_hong 26 26 0 0 0 96.14 100.3 96.14 100.3 0 0
ynao_sd_19730706_0030_hong 37 37 0 0 0 178.25 204.12 178.25 204.12 0 0
ynao_sd_19730707_0040_hong 25 23 2 1 0 162.26 180.69 109.32 124.35 52.94 56.34
ynao_sd_19730708_0040_hong 25 25 0 0 0 114.76 138.12 114.76 138.12 0 0
ynao_sd_19730709_0330_lik 5 5 0 0 0 26.71 40.4 26.71 40.4 0 0
ynao_sd_19730711_0355_lik 0 0 0 0 0 0 0 0 0 0 0
ynao_sd_19730712_0320_lik 11 11 0 0 0 47.84 57.21 47.84 57.21 0 0
ynao_sd_19730713_0015_lik 1 1 0 0 0 9.91 14.46 9.91 14.46 0 0
ynao_sd_19730714_0155_lik 8 8 0 0 0 28.98 38.01 28.98 38.01 0 0
ynao_sd_19730716_0110_hong 12 12 0 0 0 57.14 98.62 57.14 98.62 0 0
ynao_sd_19730717_0040_hong 16 16 0 0 0 89.41 162.71 89.41 162.71 0 0
ynao_sd_19730718_0030_hong 23 23 0 0 0 111.68 144.57 111.68 144.57 0 0
ynao_sd_19730719_0215_hong 9 9 0 0 0 44.3 57.19 44.3 57.19 0 0
ynao_sd_19730720_0120_hong 4 4 0 0 0 14.8 23.03 14.8 23.03 0 0
ynao_sd_19730721_0105_hong 11 11 0 0 0 94.37 130.08 94.37 130.08 0 0
ynao_sd_19730722_0330_hong 3 3 0 0 0 16.37 30.4 16.37 30.4 0 0
ynao_sd_19730723_0400_lik 5 5 0 0 0 18.55 33.17 18.55 33.17 0 0
ynao_sd_19730724_0240_lik 1 1 0 0 0 4.03 6.1 4.03 6.1 0 0
ynao_sd_19730725_0210_lik 2 2 0 0 0 9.76 13.84 9.76 13.84 0 0
ynao_sd_19730727_0745_lik 1 0 1 1 0 156.04 261.56 29.02 48.65 127.02 212.91
ynao_sd_19730730_0200_hong 18 14 4 1 0 303.22 335.91 105.32 125.97 197.9 209.94
ynao_sd_19730731_0020_hong 25 23 2 1 0 258.27 281.03 132.65 153.11 125.62 127.92
ynao_sd_19730801_0030_hong 25 21 4 2 0 264.74 286.46 112.0 129.42 152.74 157.04
ynao_sd_19730802_0040_lik 10 8 2 1 0 219.08 294.08 79.79 141.35 139.29 152.73
ynao_sd_19730804_0020_hong 15 14 1 1 0 154.48 235.12 88.39 138.17 66.09 96.95
ynao_sd_19730805_0050_hong 13 12 1 1 0 197.27 266.8 89.78 136.09 107.49 130.71
ynao_sd_19730806_0035_lik 2 1 1 1 0 139.11 151.39 32.84 35.73 106.27 115.66
ynao_sd_19730807_0455_lik 13 12 1 1 0 199.9 242.57 96.97 136.49 102.93 106.08
ynao_sd_19730808_0515_lik 11 9 2 1 0 164.09 186.23 61.59 78.87 102.5 107.36
ynao_sd_19730809_0720_lik 8 6 2 2 0 132.7 149.69 40.45 45.79 92.25 103.9
ynao_sd_19730810_0025_lik 7 5 2 1 0 66.8 78.89 35.7 40.06 31.1 38.83
ynao_sd_19730811_0020_lik 4 4 0 0 0 65.93 81.63 65.93 81.63 0 0
ynao_sd_19730812_0020_lik 3 3 0 0 0 15.55 18.52 15.55 18.52 0 0
ynao_sd_19730813_0040_hong 5 5 0 0 0 18.57 24.52 18.57 24.52 0 0
ynao_sd_19730814_0030_hong 5 5 0 0 0 18.21 20.32 18.21 20.32 0 0
ynao_sd_19730815_0600_hong 3 3 0 0 0 13.23 13.98 13.23 13.98 0 0
ynao_sd_19730816_0340_hong 3 3 0 0 0 11.41 13.68 11.41 13.68 0 0
ynao_sd_19730817_0030_hong 2 2 0 0 0 15.66 48.18 15.66 48.18 0 0
ynao_sd_19730818_1025_lik 0 0 0 0 0 0 0 0 0 0 0
ynao_sd_19730819_0105_hong 0 0 0 0 0 0 0 0 0 0 0
ynao_sd_19730820_0035_lik 1 1 0 0 0 5.97 11.04 5.97 11.04 0 0
ynao_sd_19730821_0015_lik 0 0 0 0 0 0 0 0 0 0 0
ynao_sd_19730822_0035_lik 0 0 0 0 0 0 0 0 0 0 0
ynao_sd_19730823_0010_lik 1 1 0 0 0 2.79 2.89 2.79 2.89 0 0
ynao_sd_19730824_0010_lik 6 6 0 0 0 21.13 24.0 21.13 24.0 0 0
ynao_sd_19730825_0015_lik 0 0 0 0 0 0 0 0 0 0 0
ynao_sd_19730826_0225_lik 0 0 0 0 0 0 0 0 0 0 0
ynao_sd_19730827_0230_hong 0 0 0 0 0 0 0 0 0 0 0
ynao_sd_19730828_0340_hong 0 0 0 0 0 0 0 0 0 0 0
ynao_sd_19730829_0310_hong 6 2 4 1 0 150.53 623.97 32.95 137.12 117.58 486.85
ynao_sd_19730830_0100_hong 26 18 8 2 0 495.1 1194.63 142.29 305.61 352.81 889.02
ynao_sd_19730831_0610_hong 33 19 14 2 0 701.3 1105.02 191.91 294.9 509.39 810.12
ynao_sd_19730901_0100_hong 37 25 12 2 0 864.63 1170.24 230.04 302.46 634.59 867.78
ynao_sd_19730902_0030_hong 63 49 14 5 0 1001.33 1249.32 304.69 402.28 696.64 847.04
ynao_sd_19730903_0345_lik 42 27 15 6 0 1401.26 1751.94 289.95 381.21 1111.31 1370.73
ynao_sd_19730904_0030_hong 63 46 17 9 0 1347.39 1724.95 319.04 438.57 1028.35 1286.38
ynao_sd_19730905_0405_hong 49 35 14 7 0 1122.84 1465.69 302.59 415.17 820.25 1050.52
ynao_sd_19730906_0310_hong 37 23 14 6 0 843.18 1005.01 193.76 230.68 649.42 774.33
ynao_sd_19730907_0030_hong 54 43 11 5 0 763.32 946.14 238.65 284.06 524.67 662.08
ynao_sd_19730908_0040_gu 60 48 12 7 0 910.09 1160.39 289.83 347.59 620.26 812.8
ynao_sd_19730909_0225_gu 43 30 13 5 0 629.95 962.99 196.82 251.87 433.13 711.12
ynao_sd_19730910_0130_hong 63 52 11 7 0 559.95 877.88 247.04 346.59 312.91 531.29
ynao_sd_19730911_0230_hong 43 40 3 4 0 262.66 403.58 150.41 214.87 112.25 188.71
ynao_sd_19730915_0430_hong 4 4 0 0 0 13.58 27.24 13.58 27.24 0 0
ynao_sd_19730916_0330_hong 2 2 0 0 0 6.23 10.25 6.23 10.25 0 0
ynao_sd_19730917_0115_hong 2 2 0 0 0 9.9 10.95 9.9 10.95 0 0
ynao_sd_19730920_0820_hong 1 1 0 0 0 4.26 5.8 4.26 5.8 0 0
ynao_sd_19730921_0220_hong 5 5 0 0 0 17.01 18.09 17.01 18.09 0 0
ynao_sd_19730922_0130_gu 1 1 0 0 0 6.01 9.95 6.01 9.95 0 0
ynao_sd_19730923_0550_hong 1 1 0 0 0 53.51 65.64 53.51 65.64 0 0
ynao_sd_19730924_0040_hong 1 1 0 0 0 11.43 14.64 11.43 14.64 0 0
ynao_sd_19730925_0030_hong 2 2 0 0 0 23.53 125.38 23.53 125.38 0 0
ynao_sd_19730926_0430_gu 5 4 1 1 0 46.95 138.35 19.8 57.57 27.15 80.78
ynao_sd_19730927_0300_hong 7 6 1 2 0 102.5 282.54 33.26 119.34 69.24 163.2
ynao_sd_19730928_0340_hong 14 12 2 2 0 117.21 215.8 63.97 127.62 53.24 88.18
ynao_sd_19730929_0220_hong 28 28 0 0 0 98.16 154.57 98.16 154.57 0 0
ynao_sd_19730930_0140_hong 36 36 0 0 0 128.86 163.49 128.86 163.49 0 0
ynao_sd_19731001_0225_gu 44 40 4 3 0 291.22 327.6 158.91 180.47 132.31 147.13
ynao_sd_19731002_0450_hong 39 38 1 1 0 210.63 231.13 194.76 213.56 15.87 17.57
ynao_sd_19731003_0225_gu 52 45 7 5 0 344.58 386.55 212.85 238.93 131.73 147.62
ynao_sd_19731004_0200_hong 37 35 2 1 0 153.14 178.91 130.85 154.45 22.29 24.46
ynao_sd_19731005_0250_hong 26 26 0 0 0 98.09 126.64 98.09 126.64 0 0
ynao_sd_19731006_0030_hong 12 12 0 0 0 44.91 86.04 44.91 86.04 0 0
ynao_sd_19731007_0040_hong 4 4 0 0 0 16.98 28.43 16.98 28.43 0 0
ynao_sd_19731009_0410_hong 5 5 0 0 0 22.42 37.42 22.42 37.42 0 0
ynao_sd_19731011_0800_gu 0 0 0 0 0 0 0 0 0 0 0
ynao_sd_19731012_0320_hong 1 1 0 0 0 5.35 6.13 5.35 6.13 0 0
ynao_sd_19731014_0400_gu 1 1 0 0 0 6.83 9.06 6.83 9.06 0 0
ynao_sd_19731015_0230_hong 5 5 0 0 0 17.26 19.03 17.26 19.03 0 0
ynao_sd_19731019_0530_hong 1 1 0 0 0 4.91 5.55 4.91 5.55 0 0
ynao_sd_19731020_0220_xuan 1 1 0 0 0 6.97 8.65 6.97 8.65 0 0
ynao_sd_19731021_0210_hong 0 0 0 0 0 0 0 0 0 0 0
ynao_sd_19731022_0130_hong 7 5 2 1 0 67.0 271.06 28.07 123.76 38.93 147.3
ynao_sd_19731026_0410_hong 25 15 10 3 0 981.33 1136.13 197.62 238.17 783.71 897.96
ynao_sd_19731027_0040_xuan 24 12 12 2 0 1313.32 1410.11 211.86 227.44 1101.46 1182.67
ynao_sd_19731028_0230_hong 37 22 15 4 0 1209.95 1272.4 274.2 288.32 935.75 984.08
ynao_sd_19731029_0100_hong 29 20 9 2 0 997.84 1082.85 245.26 268.75 752.58 814.1
ynao_sd_19731031_0600_hong 11 9 2 1 0 445.35 649.0 112.74 162.1 332.61 486.9
ynao_sd_19731101_0055_lik 6 4 2 1 0 318.74 560.7 47.11 80.74 271.63 479.96
ynao_sd_19731102_0120_hong 8 6 2 1 0 256.19 625.02 97.8 197.09 158.39 427.93
ynao_sd_19731103_0350_hong 7 5 2 1 0 112.68 399.18 51.38 100.91 61.3 298.27
ynao_sd_19731104_0240_hong 2 2 0 0 0 9.25 18.04 9.25 18.04 0 0
ynao_sd_19731105_0245_lik 0 0 0 0 0 0 0 0 0 0 0
ynao_sd_19731108_0010_lik 0 0 0 0 0 0 0 0 0 0 0
ynao_sd_19731109_0020_lik 0 0 0 0 0 0 0 0 0 0 0
ynao_sd_19731110_0100_lik 1 1 0 0 0 8.44 13.72 8.44 13.72 0 0
ynao_sd_19731114_0030_hong 0 0 0 0 0 0 0 0 0 0 0
ynao_sd_19731116_0425_lik 0 0 0 0 0 0 0 0 0 0 0
ynao_sd_19731120_0615_lik 1 1 0 0 0 3.75 5.23 3.75 5.23 0 0
ynao_sd_19731122_0055_lik 2 2 0 1 0 113.9 403.2 7.95 11.48 105.95 391.72
ynao_sd_19731123_0135_likai 22 16 6 2 0 454.38 888.79 139.34 235.21 315.04 653.58
ynao_sd_19731124_0350_lik 16 11 5 3 0 704.92 1022.67 159.06 224.16 545.86 798.51
ynao_sd_19731125_0205_hong 42 28 14 3 0 868.15 1103.39 198.79 260.48 669.36 842.91
ynao_sd_19731126_0050_hong 51 35 16 3 0 1035.06 1200.16 299.32 381.02 735.74 819.14
ynao_sd_19731127_0040_hong 44 35 9 3 0 751.33 848.07 292.53 374.35 458.8 473.72
ynao_sd_19731128_0630_hong 34 28 6 5 0 579.72 630.94 196.65 236.22 383.07 394.72
ynao_sd_19731129_0110_lik 46 41 5 3 0 461.43 524.16 225.86 272.41 235.57 251.75
ynao_sd_19731130_0320_hong 51 38 13 8 0 747.65 972.9 236.98 340.7 510.67 632.2
ynao_sd_19731201_0100_lik 25 21 4 4 0 369.86 593.71 132.17 196.48 237.69 397.23
ynao_sd_19731202_0400_hong 17 14 3 2 0 171.98 306.28 98.95 175.28 73.03 131.0
ynao_sd_19731203_0045_lik 8 8 0 0 0 51.89 131.34 51.89 131.34 0 0
ynao_sd_19731204_0050_lik 1 1 0 0 0 5.81 25.91 5.81 25.91 0 0
ynao_sd_19731205_0030_lik 1 1 0 0 0 3.23 4.24 3.23 4.24 0 0
ynao_sd_19731206_0100_lik 1 1 0 0 0 3.59 4.96 3.59 4.96 0 0
ynao_sd_19731207_0200_lik 0 0 0 0 0 0 0 0 0 0 0
ynao_sd_19731208_0230_lik 0 0 0 0 0 0 0 0 0 0 0
ynao_sd_19731209_0050_lik 0 0 0 0 0 0 0 0 0 0 0
ynao_sd_19731210_0250_hong 0 0 0 0 0 0 0 0 0 0 0
ynao_sd_19731211_0610_hong 1 1 0 0 0 5.43 6.0 5.43 6.0 0 0
ynao_sd_19731212_0100_hong 3 3 0 0 0 14.89 16.64 14.89 16.64 0 0
ynao_sd_19731213_0200_hong 3 3 0 0 0 11.21 20.0 11.21 20.0 0 0
ynao_sd_19731214_0050_hong 1 1 0 0 0 7.86 11.5 7.86 11.5 0 0
ynao_sd_19731215_0050_hong 0 0 0 0 0 0 0 0 0 0 0
ynao_sd_19731216_0410_lik 0 0 0 0 0 0 0 0 0 0 0
ynao_sd_19731217_0200_lik 5 4 1 0 0 12.38 37.06 16.28 51.53 3.9 14.47
ynao_sd_19731218_0050_lik 8 6 2 1 0 45.98 93.61 26.14 49.68 19.84 43.93
ynao_sd_19731219_0140_lik 19 19 0 0 0 91.04 126.7 91.04 126.7 0 0
ynao_sd_19731220_0120_hong 29 24 5 3 0 284.99 330.7 138.71 163.95 146.28 166.75
ynao_sd_19731221_0100_lik 26 22 4 3 0 504.49 541.34 193.29 208.86 311.2 332.48
ynao_sd_19731222_0430_lik 27 21 6 3 0 937.44 974.47 250.05 260.09 687.39 714.38
ynao_sd_19731223_0115_lik 20 13 7 4 0 969.45 1037.31 211.64 227.44 757.81 809.87
ynao_sd_19731226_0930_hong 6 4 2 2 0 539.9 1086.77 137.38 260.9 402.52 825.87
ynao_sd_19731227_0530_hong 4 3 1 1 0 323.43 829.89 76.01 188.09 247.42 641.8
ynao_sd_19731228_0250_hong 4 4 0 1 0 161.54 623.43 19.89 50.94 141.65 572.49
ynao_sd_19731229_0530_hong 0 0 0 0 0 0 0 0 0 0 0
ynao_sd_19731230_0600_hong 0 0 0 0 0 0 0 0 0 0 0
ynao_sd_19731231_0120_hong 1 1 0 0 0 2.65 2.65 2.65 2.65 0 0
