ynao_sd_19740101_0110_lik 0 0 0 0 0 0 0 0 0 0 0
ynao_sd_19740102_0035_lik 11 9 2 0 0 41.01 45.42 51.44 56.18 10.43 10.76
ynao_sd_19740103_0335_lik 6 5 1 1 0 123.06 126.66 52.31 53.71 70.75 72.95
ynao_sd_19740104_0110_lik 5 5 0 0 0 58.7 68.08 58.7 68.08 0 0
ynao_sd_19740106_0030_lik 0 0 0 0 0 0 0 0 0 0 0
ynao_sd_19740108_0045_hong 1 0 1 1 0 73.27 402.69 8.92 49.98 64.35 352.71
ynao_sd_19740110_0140_hong 6 4 2 1 0 186.23 336.94 51.48 91.87 134.75 245.07
ynao_sd_19740111_0210_hong 9 6 3 2 0 360.73 641.59 89.19 135.04 271.54 506.55
ynao_sd_19740112_0220_hong 16 9 7 3 0 528.86 946.91 121.03 213.01 407.83 733.9
ynao_sd_19740113_0130_hong 15 5 10 3 0 542.01 786.29 135.02 203.12 406.99 583.17
ynao_sd_19740114_0130_lik 15 7 8 4 0 517.03 660.28 116.45 145.82 400.58 514.46
ynao_sd_19740115_0130_lik 21 13 8 4 0 614.87 775.8 163.71 223.36 451.16 552.44
ynao_sd_19740116_0240_lik 24 16 8 5 0 590.29 705.21 176.72 211.79 413.57 493.42
ynao_sd_19740117_0115_lik 12 6 6 4 0 478.08 538.55 108.12 122.84 369.96 415.71
ynao_sd_19740118_0045_lik 16 14 2 2 0 437.7 488.75 189.32 209.07 248.38 279.68
ynao_sd_19740119_0130_lik 14 13 1 1 0 386.76 420.58 205.7 233.79 181.06 186.79
ynao_sd_19740120_0100_lik 11 10 1 2 0 315.05 342.44 116.21 129.3 198.84 213.14
ynao_sd_19740121_0110_hong 9 7 2 1 0 168.47 201.44 65.39 78.84 103.08 122.6
ynao_sd_19740122_0100_hong 5 3 2 1 0 90.95 125.77 31.28 41.38 59.67 84.39
ynao_sd_19740123_0210_lik 11 11 0 0 0 63.22 100.42 63.22 100.42 0 0
ynao_sd_19740124_0105_lik 5 5 0 0 0 42.41 99.86 42.41 99.86 0 0
ynao_sd_19740125_0200_hong 4 4 0 0 0 24.75 84.19 24.75 84.19 0 0
ynao_sd_19740126_0140_hong 3 3 0 0 0 11.6 17.4 11.6 17.4 0 0
ynao_sd_19740127_0040_lik 1 1 0 0 0 4.12 4.27 4.12 4.27 0 0
ynao_sd_19740128_0140_lik 2 2 0 0 0 44.97 50.19 44.97 50.19 0 0
ynao_sd_19740129_0105_hong 0 0 0 0 0 0 0 0 0 0 0
ynao_sd_19740130_0110_hong 2 2 0 0 0 13.57 14.17 13.57 14.17 0 0
ynao_sd_19740131_0120_lik 3 3 0 0 0 25.51 30.19 25.51 30.19 0 0
ynao_sd_19740201_0120_lik 1 1 0 0 0 4.64 5.81 4.64 5.81 0 0
ynao_sd_19740202_0105_lik 0 0 0 0 0 0 0 0 0 0 0
ynao_sd_19740203_0115_lik 2 2 0 0 0 14.8 15.97 14.8 15.97 0 0
ynao_sd_19740204_0110_hong 2 2 0 0 0 8.97 20.79 8.97 20.79 0 0
ynao_sd_19740205_0100_hong 1 1 0 0 0 5.73 5.87 5.73 5.87 0 0
ynao_sd_19740206_0210_hong 2 2 0 0 0 43.08 86.46 43.08 86.46 0 0
ynao_sd_19740207_0730_hong 1 1 0 0 0 4.05 4.82 4.05 4.82 0 0
ynao_sd_19740208_0840_hong 1 1 0 0 0 8.76 29.99 8.76 29.99 0 0
ynao_sd_19740209_0330_hong 7 3 4 2 0 174.61 463.42 46.24 117.32 128.37 346.1
ynao_sd_19740211_0245_lik 5 0 5 2 0 274.61 361.79 45.35 60.36 229.26 301.43
ynao_sd_19740212_0510_lik 8 6 2 1 0 273.66 305.61 72.46 83.95 201.2 221.66
ynao_sd_19740213_0220_lik 16 14 2 1 0 323.21 420.7 135.19 226.69 188.02 194.01
ynao_sd_19740214_0245_lik 7 5 2 3 0 1097.1 1244.9 72.77 89.13 1024.33 1155.77
ynao_sd_19740215_0045_lik 10 8 2 2 0 352.88 422.42 101.32 126.88 251.56 295.54
ynao_sd_19740216_0100_lik 15 11 4 3 0 521.01 671.92 189.32 245.06 331.69 426.86
ynao_sd_19740217_0100_lik 25 18 7 5 0 676.32 883.62 224.9 319.71 451.42 563.91
ynao_sd_19740218_0105_hong 39 26 13 9 0 800.8 1049.23 264.6 362.04 536.2 687.19
ynao_sd_19740219_0040_hong 33 18 15 9 0 975.52 1170.69 265.92 302.8 709.6 867.89
ynao_sd_19740220_0040_hong 24 12 12 5 0 646.4 837.04 213.58 351.77 432.82 485.27
ynao_sd_19740221_0035_hong 29 21 8 3 0 556.47 724.86 197.61 260.83 358.86 464.03
ynao_sd_19740222_0050_hong 29 25 4 2 0 419.39 638.44 214.52 304.26 204.87 334.18
ynao_sd_19740223_0030_hong 20 14 6 3 0 278.74 518.45 114.67 192.55 164.07 325.9
ynao_sd_19740224_0110_hong 8 3 5 3 0 259.98 627.29 51.45 133.37 208.53 493.92
ynao_sd_19740226_0900_lik 0 0 0 0 0 0 0 0 0 0 0
ynao_sd_19740227_0340_lik 0 0 0 0 0 0 0 0 0 0 0
ynao_sd_19740228_0045_lik 2 2 0 0 0 9.54 40.3 9.54 40.3 0 0
ynao_sd_19740301_0050_lik 1 1 0 0 0 5.29 36.82 5.29 36.82 0 0
ynao_sd_19740302_0115_lik 7 7 0 0 0 36.08 100.75 36.08 100.75 0 0
ynao_sd_19740303_0045_lik 1 1 0 0 0 5.44 5.51 5.44 5.51 0 0
ynao_sd_19740304_0050_hong 5 5 0 0 0 24.05 55.45 24.05 55.45 0 0
ynao_sd_19740305_0110_hong 0 0 0 0 0 0 0 0 0 0 0
ynao_sd_19740306_0100_hong 0 0 0 0 0 0 0 0 0 0 0
ynao_sd_19740307_0030_hong 3 3 0 0 0 30.93 84.75 30.93 84.75 0 0
ynao_sd_19740308_0020_lik 1 1 0 0 0 6.17 40.69 6.17 40.69 0 0
ynao_sd_19740309_0050_hong 1 1 0 0 0 8.45 33.17 8.45 33.17 0 0
ynao_sd_19740310_0105_hong 7 7 0 0 0 30.34 31.09 30.34 31.09 0 0
ynao_sd_19740311_0030_lik 11 9 2 1 0 272.12 307.36 83.52 115.24 188.6 192.12
ynao_sd_19740312_0055_lik 9 7 2 1 0 635.71 861.45 135.74 250.24 499.97 611.21
ynao_sd_19740313_0050_hong 8 8 0 0 0 50.81 79.31 50.81 79.31 0 0
ynao_sd_19740314_0015_lik 2 1 1 0 0 9.84 12.42 33.35 48.4 23.51 35.98
ynao_sd_19740315_0030_lik 13 9 4 3 0 557.39 1198.9 263.84 506.37 293.55 692.53
ynao_sd_19740316_0030_lik 5 5 0 0 0 24.73 27.79 24.73 27.79 0 0
ynao_sd_19740317_0820_lik 6 6 0 0 0 30.64 31.57 30.64 31.57 0 0
ynao_sd_19740318_0335_hong 13 13 0 0 0 56.86 59.87 56.86 59.87 0 0
ynao_sd_19740319_0900_lik 4 3 1 1 0 84.63 255.65 30.17 109.38 54.46 146.27
ynao_sd_19740321_0040_hong 5 4 1 1 0 168.15 256.34 55.17 93.23 112.98 163.11
ynao_sd_19740322_0030_hong 6 5 1 1 0 238.47 320.87 82.34 132.28 156.13 188.59
ynao_sd_19740323_0035_hong 3 2 1 1 0 226.88 248.46 46.82 55.19 180.06 193.27
ynao_sd_19740324_0040_hong 3 1 2 1 0 237.6 241.36 58.75 60.45 178.85 180.91
ynao_sd_19740325_0025_lik 6 5 1 2 0 627.49 2793.14 197.67 539.86 429.82 2253.28
ynao_sd_19740327_0025_lik 1 1 0 0 0 19.67 24.3 19.67 24.3 0 0
ynao_sd_19740328_0035_lik 2 1 1 1 0 161.21 217.25 37.12 48.58 124.09 168.67
ynao_sd_19740329_0100_lik 4 3 1 1 0 149.74 277.26 42.26 89.2 107.48 188.06
ynao_sd_19740330_0015_lik 3 2 1 1 0 77.91 195.49 22.74 51.24 55.17 144.25
ynao_sd_19740331_0005_lik 4 4 0 0 0 18.36 59.8 18.36 59.8 0 0
ynao_sd_19740401_0640_hong 6 6 0 0 0 36.29 75.29 36.29 75.29 0 0
ynao_sd_19740402_0030_hong 8 8 0 0 0 46.31 81.3 46.31 81.3 0 0
ynao_sd_19740403_0110_lik 1 1 0 0 0 5.06 36.76 5.06 36.76 0 0
ynao_sd_19740404_0310_hong 7 7 0 0 0 39.78 40.95 39.78 40.95 0 0
ynao_sd_19740405_0110_hong 7 7 0 0 0 26.73 62.38 26.73 62.38 0 0
ynao_sd_19740406_0020_hong 2 2 0 0 0 8.88 11.37 8.88 11.37 0 0
ynao_sd_19740407_0040_hong 5 5 0 0 0 28.65 84.62 28.65 84.62 0 0
ynao_sd_19740408_0020_lik 10 10 0 0 0 62.29 104.98 62.29 104.98 0 0
ynao_sd_19740409_0010_lik 25 23 2 1 0 210.29 247.93 157.55 185.92 52.74 62.01
ynao_sd_19740410_0005_lik 45 37 8 6 0 525.0 552.21 273.71 289.01 251.29 263.2
ynao_sd_19740411_0010_lik 47 27 20 4 0 1157.95 1201.45 398.9 435.69 759.05 765.76
ynao_sd_19740412_0025_lik 68 46 22 7 0 1706.08 1787.39 525.71 571.35 1180.37 1216.04
ynao_sd_19740413_0015_lik 65 40 25 5 0 1800.22 2030.01 563.48 652.04 1236.74 1377.97
ynao_sd_19740414_1040_hong 66 42 24 5 0 1459.27 2063.99 632.92 902.92 826.35 1161.07
ynao_sd_19740415_0040_hong 76 52 24 10 0 1668.69 2691.76 496.24 772.64 1172.45 1919.12
ynao_sd_19740416_0030_hong 64 40 24 12 0 1716.9 3661.04 473.95 989.3 1242.95 2671.74
ynao_sd_19740417_0040_hong 55 39 16 10 0 983.69 2817.92 401.62 1053.91 582.07 1764.01
ynao_sd_19740418_0220_hong 22 18 4 4 0 265.26 646.71 142.19 300.08 123.07 346.63
ynao_sd_19740419_0240_hong 22 12 10 3 0 462.97 693.38 168.96 282.62 294.01 410.76
ynao_sd_19740420_0050_hong 20 15 5 3 0 340.82 641.59 130.44 250.12 210.38 391.47
ynao_sd_19740422_0110_lik 5 3 2 0 0 16.59 50.55 35.98 126.27 19.39 75.72
ynao_sd_19740423_0000_lik 7 7 0 0 0 27.95 34.14 27.95 34.14 0 0
ynao_sd_19740424_0600_lik 13 13 0 0 0 88.0 98.0 88.0 98.0 0 0
ynao_sd_19740425_0330_lik 9 8 1 2 0 162.67 164.8 74.35 75.34 88.32 89.46
ynao_sd_19740426_0010_lik 24 20 4 2 0 207.82 242.56 115.6 149.96 92.22 92.6
ynao_sd_19740427_0010_lik 6 6 0 1 0 138.87 146.01 90.28 95.86 48.59 50.15
ynao_sd_19740428_0820_lik 5 5 0 0 0 24.27 65.9 24.27 65.9 0 0
ynao_sd_19740429_0150_hong 2 1 1 1 0 56.51 339.35 9.87 63.77 46.64 275.58
ynao_sd_19740430_0030_hong 4 3 1 1 0 125.05 324.64 28.95 62.83 96.1 261.81
ynao_sd_19740501_0020_hong 6 2 4 2 0 265.12 785.5 51.04 171.23 214.08 614.27
ynao_sd_19740502_0100_li 26 21 5 3 0 530.38 1216.68 156.85 409.55 373.53 807.13
ynao_sd_19740503_0020_hong 40 30 10 5 0 884.82 1618.9 289.61 676.85 595.21 942.05
ynao_sd_19740504_0030_hong 43 28 15 8 0 1134.58 1652.29 301.52 444.43 833.06 1207.86
ynao_sd_19740505_0040_hong 48 38 10 6 0 1209.57 1438.88 380.03 459.03 829.54 979.85
ynao_sd_19740506_0010_li 66 56 10 6 0 1217.35 1323.3 386.44 417.0 830.91 906.3
ynao_sd_19740507_0015_li 66 56 10 5 0 1195.67 1258.4 416.33 436.9 779.34 821.5
ynao_sd_19740508_0115_li 71 60 11 6 0 1282.78 1367.29 403.13 424.46 879.65 942.83
ynao_sd_19740509_0010_li 89 81 8 6 0 1047.66 1179.31 452.22 501.99 595.44 677.32
ynao_sd_19740510_0045_li 53 45 8 7 0 681.3 865.86 261.58 317.26 419.72 548.6
ynao_sd_19740511_0020_li 41 35 6 4 0 516.03 686.71 213.74 284.92 302.29 401.79
ynao_sd_19740512_0035_li 10 9 1 1 0 155.19 217.08 64.61 104.8 90.58 112.28
ynao_sd_19740513_0110_hong 12 10 2 1 0 146.12 227.85 62.81 102.04 83.31 125.81
ynao_sd_19740514_0330_hong 18 17 1 1 0 126.49 216.67 86.29 132.97 40.2 83.7
ynao_sd_19740515_0600_li 4 4 0 0 0 53.53 102.33 53.53 102.33 0 0
ynao_sd_19740516_0020_li 4 4 0 0 0 51.23 56.23 51.23 56.23 0 0
ynao_sd_19740517_0020_li 3 3 0 0 0 43.92 50.07 43.92 50.07 0 0
ynao_sd_19740518_0002_li 1 1 0 0 0 30.89 30.89 30.89 30.89 0 0
ynao_sd_19740519_0001_li 1 1 0 0 0 29.74 29.74 29.74 29.74 0 0
ynao_sd_19740520_0003_li 1 1 0 0 0 29.7 29.7 29.7 29.7 0 0
ynao_sd_19740521_0320_hong 3 3 0 0 0 12.64 25.35 12.64 25.35 0 0
ynao_sd_19740522_0050_hong 1 1 0 0 0 4.68 5.02 4.68 5.02 0 0
ynao_sd_19740525_0300_li 2 2 0 0 0 16.77 26.1 16.77 26.1 0 0
ynao_sd_19740526_0010_li 2 2 0 0 0 11.19 13.4 11.19 13.4 0 0
ynao_sd_19740527_0130_hong 16 12 4 1 0 173.11 248.6 82.19 120.5 90.92 128.1
ynao_sd_19740528_0230_hong 10 4 6 3 0 338.08 630.49 78.82 141.31 259.26 489.18
ynao_sd_19740529_0400_hong 4 2 2 2 0 187.67 583.37 27.67 82.7 160.0 500.67
ynao_sd_19740531_0240_hong 15 12 3 3 0 226.33 850.33 120.77 446.27 105.56 404.06
ynao_sd_19740601_0040_hong 36 29 7 4 0 328.49 783.35 153.05 360.5 175.44 422.85
ynao_sd_19740602_0140_hong 40 30 10 7 0 471.7 759.49 187.52 305.45 284.18 454.04
ynao_sd_19740604_0500_li 42 40 2 1 0 302.35 332.06 187.69 206.5 114.66 125.56
ynao_sd_19740605_0350_li 41 40 1 1 0 297.18 313.87 174.74 186.72 122.44 127.15
ynao_sd_19740606_0800_li 38 37 1 1 0 260.33 291.29 185.93 213.85 74.4 77.44
ynao_sd_19740607_0530_li 34 33 1 1 0 217.4 239.11 147.68 162.91 69.72 76.2
ynao_sd_19740608_0120_li 30 29 1 1 0 177.37 202.98 131.49 148.06 45.88 54.92
ynao_sd_19740609_0010_li 16 15 1 1 0 126.02 165.55 74.49 93.85 51.53 71.7
ynao_sd_19740611_0020_li 11 11 0 0 0 78.85 176.59 78.85 176.59 0 0
ynao_sd_19740612_0620_hong 3 3 0 0 0 13.05 25.69 13.05 25.69 0 0
ynao_sd_19740613_0100_hong 4 3 1 1 0 127.04 714.07 30.22 94.8 96.82 619.27
ynao_sd_19740614_0240_hong 4 1 3 1 0 230.62 585.71 35.61 83.18 195.01 502.53
ynao_sd_19740615_0910_hong 8 5 3 1 0 366.93 638.33 100.44 210.68 266.49 427.65
ynao_sd_19740616_0050_hong 5 1 4 1 0 315.85 438.27 51.31 71.48 264.54 366.79
ynao_sd_19740617_0320_hong 8 3 5 1 0 378.98 442.74 97.29 113.97 281.69 328.77
ynao_sd_19740618_0315_hong 11 6 5 1 0 406.07 433.79 112.35 120.31 293.72 313.48
ynao_sd_19740620_0930_hong 4 1 3 2 0 152.14 162.44 32.67 34.89 119.47 127.55
ynao_sd_19740621_0105_hong 11 7 4 2 0 186.34 211.35 62.98 71.5 123.36 139.85
ynao_sd_19740622_0640_li 5 5 0 0 0 41.66 56.02 41.66 56.02 0 0
ynao_sd_19740623_0020_li 5 5 0 0 0 31.13 47.69 31.13 47.69 0 0
ynao_sd_19740624_0010_li 1 1 0 0 0 8.97 14.26 8.97 14.26 0 0
ynao_sd_19740625_0035_li 0 0 0 0 0 0 0 0 0 0 0
ynao_sd_19740627_0820_li 0 0 0 1 0 52.62 123.95 0 0 52.62 123.95
ynao_sd_19740628_0930_li 2 1 1 1 0 77.0 172.87 23.69 86.81 53.31 86.06
ynao_sd_19740701_0820_hong 67 47 20 10 0 1067.42 1297.0 396.86 470.44 670.56 826.56
ynao_sd_19740702_0805_hong 66 40 26 8 0 1630.3 1807.9 463.92 518.01 1166.38 1289.89
ynao_sd_19740703_0840_hong 78 48 30 5 0 2387.18 2615.57 668.81 735.77 1718.37 1879.8
ynao_sd_19740704_0220_hong 73 40 33 6 0 2503.9 2874.52 459.21 545.6 2044.69 2328.92
ynao_sd_19740705_0705_hong 58 27 31 11 0 1898.0 2459.24 544.63 676.34 1353.37 1782.9
ynao_sd_19740706_0105_hong 70 42 28 7 0 1879.07 2603.17 541.2 708.72 1337.87 1894.45
ynao_sd_19740708_0210_li 33 21 12 5 0 666.18 1219.07 192.17 337.44 474.01 881.63
ynao_sd_19740710_0810_li 6 5 1 1 0 552.31 1007.51 113.74 213.0 438.57 794.51
ynao_sd_19740711_0140_lik 4 3 1 1 0 612.12 909.3 123.08 184.62 489.04 724.68
ynao_sd_19740714_0135_lik 11 10 1 1 0 874.97 914.8 164.81 182.61 710.16 732.19
ynao_sd_19740715_0015_lik 9 5 4 1 0 814.99 842.75 184.0 193.82 630.99 648.93
ynao_sd_19740717_0820_hong 33 22 11 5 0 1357.59 1630.07 328.75 386.34 1028.84 1243.73
ynao_sd_19740718_0120_hong 26 16 10 5 0 1158.64 1453.35 322.51 409.47 836.13 1043.88
ynao_sd_19740719_0030_hong 32 25 7 4 0 986.81 1449.72 281.93 381.64 704.88 1068.08
ynao_sd_19740720_0025_hong 20 16 4 3 0 563.33 1071.96 159.88 233.35 403.45 838.61
ynao_sd_19740721_0020_hong 12 9 3 3 0 428.85 965.13 102.59 193.87 326.26 771.26
ynao_sd_19740722_0050_li 24 19 5 3 0 499.22 865.16 139.42 215.83 359.8 649.33
ynao_sd_19740723_0045_li 27 14 13 4 0 724.18 1021.07 188.85 245.78 535.33 775.29
ynao_sd_19740724_0010_li 34 22 12 5 0 753.87 928.99 181.44 216.52 572.43 712.47
ynao_sd_19740725_0100_hong 30 22 8 5 0 604.72 809.42 171.71 205.54 433.01 603.88
ynao_sd_19740729_0310_hong 20 16 4 3 0 241.17 399.65 96.47 140.17 144.7 259.48
ynao_sd_19740730_0640_hong 24 24 0 0 0 114.27 130.98 114.27 130.98 0 0
ynao_sd_19740731_0650_li 26 25 1 1 0 166.64 196.43 120.17 144.13 46.47 52.3
ynao_sd_19740801_0100_hong 23 18 5 3 0 218.52 268.29 113.44 143.24 105.08 125.05
ynao_sd_19740806_0215_li 7 6 1 1 0 383.87 809.8 75.81 189.95 308.06 619.85
ynao_sd_19740807_0550_li 15 13 2 2 0 518.69 788.26 139.43 240.39 379.26 547.87
ynao_sd_19740809_0850_li 15 12 3 2 0 681.08 743.58 133.02 152.22 548.06 591.36
ynao_sd_19740810_0110_hong 13 10 3 2 0 696.72 738.18 184.79 201.52 511.93 536.66
ynao_sd_19740811_0920_hong 18 11 7 4 0 714.81 761.19 182.56 198.3 532.25 562.89
ynao_sd_19740813_0025_lik 16 11 5 4 0 1019.45 1126.7 230.33 254.72 789.12 871.98
ynao_sd_19740814_0015_lik 20 12 8 5 0 984.77 1415.42 207.26 281.56 777.51 1133.86
ynao_sd_19740815_0105_lik 12 7 5 4 0 759.76 1242.09 171.82 267.21 587.94 974.88
ynao_sd_19740816_0155_lik 4 1 3 3 0 593.69 1032.16 110.76 191.28 482.93 840.88
ynao_sd_19740817_0025_lik 17 15 2 2 0 571.45 822.78 169.78 256.1 401.67 566.68
ynao_sd_19740818_0020_lik 6 3 3 3 0 482.77 716.34 96.26 153.47 386.51 562.87
ynao_sd_19740819_0040_hong 4 1 3 2 0 445.62 714.28 88.54 159.8 357.08 554.48
ynao_sd_19740820_0020_hong 4 3 1 1 0 409.78 438.67 83.02 88.44 326.76 350.23
ynao_sd_19740821_0040_hong 9 8 1 1 0 426.8 474.75 121.19 134.34 305.61 340.41
ynao_sd_19740822_0030_hong 4 2 2 2 0 402.21 496.05 89.83 111.34 312.38 384.71
ynao_sd_19740823_0820_hong 15 14 1 1 0 328.72 524.86 108.58 180.72 220.14 344.14
ynao_sd_19740901_0445_li 2 2 0 1 0 107.59 345.17 54.24 167.77 53.35 177.4
ynao_sd_19740902_0020_hong 1 0 1 1 0 108.76 233.0 24.07 51.57 84.69 181.43
ynao_sd_19740903_0130_hong 2 0 2 2 0 219.05 548.8 32.38 82.99 186.67 465.81
ynao_sd_19740904_0150_hong 6 4 2 2 0 323.25 566.66 83.33 148.97 239.92 417.69
ynao_sd_19740905_0210_hong 7 5 2 2 0 410.08 562.33 88.14 121.87 321.94 440.46
ynao_sd_19740906_0110_li 6 4 2 2 0 347.62 409.19 66.84 83.59 280.78 325.6
ynao_sd_19740907_0110_hong 8 6 2 2 0 440.83 485.11 111.07 123.94 329.76 361.17
ynao_sd_19740908_0120_hong 4 2 2 2 0 402.16 431.9 75.11 81.32 327.05 350.58
ynao_sd_19740909_0535_li 5 3 2 2 0 391.51 667.49 104.95 342.58 286.56 324.91
ynao_sd_19740910_0720_li 7 3 4 3 0 448.52 791.18 92.84 179.91 355.68 611.27
ynao_sd_19740911_0645_li 7 2 5 3 0 430.06 720.93 73.81 132.43 356.25 588.5
ynao_sd_19740912_0340_li 11 5 6 3 0 288.4 410.07 76.22 111.05 212.18 299.02
ynao_sd_19740913_0820_li 9 5 4 4 0 222.05 299.87 66.65 79.21 155.4 220.66
ynao_sd_19740914_0250_li 15 15 0 1 0 134.04 167.75 116.01 147.98 18.03 19.77
ynao_sd_19740915_0830_li 15 15 0 0 0 138.63 197.98 138.63 197.98 0 0
ynao_sd_19740916_0720_hong 11 11 0 0 0 88.61 97.21 88.61 97.21 0 0
ynao_sd_19740917_0410_hong 9 8 1 1 0 105.41 123.93 84.46 98.52 20.95 25.41
ynao_sd_19740918_0300_hong 7 7 0 0 0 58.9 90.88 58.9 90.88 0 0
ynao_sd_19740919_0040_hong 9 9 0 0 0 51.88 135.79 51.88 135.79 0 0
ynao_sd_19740920_0850_hong 0 0 0 0 0 0 0 0 0 0 0
ynao_sd_19740922_0505_hong 0 0 0 0 0 0 0 0 0 0 0
ynao_sd_19740923_0845_li 0 0 0 0 0 0 0 0 0 0 0
ynao_sd_19740924_0600_li 0 0 0 0 0 0 0 0 0 0 0
ynao_sd_19740925_0410_li 0 0 0 0 0 0 0 0 0 0 0
ynao_sd_19740926_0125_li 1 1 0 0 0 7.51 8.84 7.51 8.84 0 0
ynao_sd_19740927_0030_hong 1 1 0 0 0 5.42 8.0 5.42 8.0 0 0
ynao_sd_19740928_0500_li 2 2 0 0 0 13.0 65.77 13.0 65.77 0 0
ynao_sd_19740929_0115_li 4 3 1 1 0 43.95 112.68 18.3 52.21 25.65 60.47
ynao_sd_19740930_0040_li 31 25 6 2 0 470.2 772.19 191.43 301.32 278.77 470.87
ynao_sd_19741001_0050_li 28 25 3 2 0 621.18 820.09 175.84 223.49 445.34 596.6
ynao_sd_19741002_0250_li 19 13 6 3 0 781.46 888.56 137.33 156.24 644.13 732.32
ynao_sd_19741003_0200_hong 16 11 5 2 0 812.73 859.35 207.44 221.13 605.29 638.22
ynao_sd_19741004_0320_hong 21 15 6 3 0 772.48 839.87 178.06 223.74 594.42 616.13
ynao_sd_19741005_0310_hong 27 20 7 2 0 832.4 945.52 247.73 332.19 584.67 613.33
ynao_sd_19741006_0520_hong 17 7 10 4 0 591.32 716.62 133.11 183.69 458.21 532.93
ynao_sd_19741007_0310_hong 18 16 2 2 0 542.43 729.65 164.44 225.12 377.99 504.53
ynao_sd_19741008_0040_hong 27 20 7 2 0 452.22 696.29 156.31 218.56 295.91 477.73
ynao_sd_19741009_0205_li 31 28 3 2 0 290.43 552.22 135.69 186.9 154.74 365.32
ynao_sd_19741010_0750_li 37 33 4 1 0 311.79 421.99 183.8 268.36 127.99 153.63
ynao_sd_19741012_0520_li 14 12 2 1 0 206.32 343.27 84.01 134.46 122.31 208.81
ynao_sd_19741013_0130_li 8 5 3 2 0 162.82 345.35 76.1 156.21 86.72 189.14
ynao_sd_19741014_0250_hong 10 9 1 1 0 101.87 427.13 57.55 203.71 44.32 223.42
ynao_sd_19741016_0730_hong 0 0 0 0 0 0 0 0 0 0 0
ynao_sd_19741017_0030_hong 1 1 0 0 0 5.37 6.14 5.37 6.14 0 0
ynao_sd_19741018_0350_li 0 0 0 0 0 0 0 0 0 0 0
ynao_sd_19741019_0030_hong 2 2 0 0 0 6.98 13.01 6.98 13.01 0 0
ynao_sd_19741020_0010_hong 1 1 0 0 0 3.42 4.2 3.42 4.2 0 0
ynao_sd_19741021_0250_li 0 0 0 0 0 0 0 0 0 0 0
ynao_sd_19741023_0608_li 2 2 0 0 0 8.84 24.4 8.84 24.4 0 0
ynao_sd_19741024_0210_li 1 1 0 0 0 4.31 4.38 4.31 4.38 0 0
ynao_sd_19741025_0530_li 3 2 1 1 0 76.07 225.97 15.78 29.93 60.29 196.04
ynao_sd_19741026_0510_li 6 4 2 1 0 107.28 205.01 38.08 66.25 69.2 138.76
ynao_sd_19741027_0230_li 9 7 2 1 0 177.05 268.01 54.67 79.32 122.38 188.69
ynao_sd_19741028_0820_hong 10 8 2 1 0 148.63 174.53 53.4 60.97 95.23 113.56
ynao_sd_19741029_0810_hong 8 7 1 1 0 232.1 251.81 64.68 71.6 167.42 180.21
ynao_sd_19741030_0750_hong 3 1 2 2 0 220.5 303.95 49.09 62.5 171.41 241.45
ynao_sd_19741031_0030_hong 5 1 4 2 0 189.71 240.28 35.19 42.37 154.52 197.91
ynao_sd_19741101_0055_hong 6 5 1 1 0 96.27 156.87 39.75 97.1 56.52 59.77
ynao_sd_19741102_0025_hong 5 3 2 1 0 50.38 59.27 21.95 26.54 28.43 32.73
ynao_sd_19741103_0120_hong 2 1 1 1 0 36.18 49.45 12.18 16.25 24.0 33.2
ynao_sd_19741104_0040_li 5 5 0 0 0 22.16 33.69 22.16 33.69 0 0
ynao_sd_19741105_0320_li 3 3 0 0 0 14.76 40.19 14.76 40.19 0 0
ynao_sd_19741106_0030_li 6 6 0 0 0 35.0 155.89 35.0 155.89 0 0
ynao_sd_19741107_0120_li 1 1 0 0 0 5.42 7.22 5.42 7.22 0 0
ynao_sd_19741108_0105_li 2 2 0 0 0 15.88 80.31 15.88 80.31 0 0
ynao_sd_19741109_0020_li 1 1 0 0 0 11.81 93.44 11.81 93.44 0 0
ynao_sd_19741110_0020_li 0 0 0 0 0 0 0 0 0 0 0
ynao_sd_19741111_0025_hong 0 0 0 0 0 0 0 0 0 0 0
ynao_sd_19741112_0910_hong 0 0 0 0 0 0 0 0 0 0 0
ynao_sd_19741113_0240_hong 0 0 0 0 0 0 0 0 0 0 0
ynao_sd_19741119_0045_li 0 0 0 0 0 0 0 0 0 0 0
ynao_sd_19741120_0620_li 1 1 0 0 0 13.19 19.83 13.19 19.83 0 0
ynao_sd_19741121_0620_li 0 0 0 0 0 0 0 0 0 0 0
ynao_sd_19741122_0700_li 2 2 0 0 0 31.09 47.16 31.09 47.16 0 0
ynao_sd_19741124_0440_li 3 3 0 0 0 10.53 10.94 10.53 10.94 0 0
ynao_sd_19741125_0050_hong 3 3 0 0 0 11.96 12.64 11.96 12.64 0 0
ynao_sd_19741127_0310_hong 2 2 0 0 0 17.01 20.64 17.01 20.64 0 0
ynao_sd_19741128_0130_hong 0 0 0 0 0 0 0 0 0 0 0
ynao_sd_19741129_0300_hong 1 1 0 0 0 7.07 8.29 7.07 8.29 0 0
ynao_sd_19741130_0055_hong 0 0 0 0 0 0 0 0 0 0 0
ynao_sd_19741201_0050_hong 1 1 0 0 0 3.94 5.81 3.94 5.81 0 0
ynao_sd_19741202_0030_li 0 0 0 0 0 0 0 0 0 0 0
ynao_sd_19741203_0020_li 0 0 0 0 0 0 0 0 0 0 0
ynao_sd_19741204_0205_hong 1 1 0 0 0 3.71 4.62 3.71 4.62 0 0
ynao_sd_19741205_0030_li 1 1 0 0 0 14.11 25.06 14.11 25.06 0 0
ynao_sd_19741206_0340_li 0 0 0 0 0 0 0 0 0 0 0
ynao_sd_19741207_0110_li 0 0 0 0 0 0 0 0 0 0 0
ynao_sd_19741208_0105_li 0 0 0 0 0 0 0 0 0 0 0
ynao_sd_19741209_0110_hong 0 0 0 0 0 0 0 0 0 0 0
ynao_sd_19741210_0040_hong 0 0 0 0 0 0 0 0 0 0 0
ynao_sd_19741211_0040_hong 0 0 0 0 0 0 0 0 0 0 0
ynao_sd_19741212_0020_li 1 1 0 0 0 4.46 6.54 4.46 6.54 0 0
ynao_sd_19741213_0220_hong 0 0 0 0 0 0 0 0 0 0 0
ynao_sd_19741215_0140_hong 0 0 0 0 0 0 0 0 0 0 0
ynao_sd_19741216_0050_hong 1 1 0 0 0 11.66 92.45 11.66 92.45 0 0
ynao_sd_19741217_0025_hong 0 0 0 0 0 0 0 0 0 0 0
ynao_sd_19741218_0240_hong 0 0 0 0 0 0 0 0 0 0 0
ynao_sd_19741219_0015_hong 1 1 0 0 0 8.63 11.54 8.63 11.54 0 0
ynao_sd_19741220_0650_hong 7 7 0 0 0 41.63 81.92 41.63 81.92 0 0
ynao_sd_19741221_0110_hong 3 3 0 0 0 19.68 47.04 19.68 47.04 0 0
ynao_sd_19741222_0640_ding 0 0 0 0 0 0 0 0 0 0 0
ynao_sd_19741223_0105_hong 1 1 0 0 0 7.44 7.78 7.44 7.78 0 0
ynao_sd_19741224_0420_hong 2 2 0 0 0 17.85 95.44 17.85 95.44 0 0
ynao_sd_19741225_0120_hong 1 1 0 0 0 6.84 15.13 6.84 15.13 0 0
ynao_sd_19741226_0140_hong 1 1 0 0 0 3.86 3.89 3.86 3.89 0 0
ynao_sd_19741227_0040_hong 0 0 0 0 0 0 0 0 0 0 0
ynao_sd_19741228_0035_hong 2 2 0 0 0 11.5 13.31 11.5 13.31 0 0
ynao_sd_19741229_0140_hong 2 2 0 0 0 12.16 45.54 12.16 45.54 0 0
ynao_sd_19741230_0040_hong 4 3 1 1 0 70.68 213.54 31.36 107.51 39.32 106.03
ynao_sd_19741231_0035_hong 8 5 3 2 0 181.29 322.05 43.72 76.5 137.57 245.55
