ynao_sd_19750101_0120_hong 13 10 3 2 0 193.79 257.1 66.92 89.36 126.87 167.74
ynao_sd_19750102_0225_hong 7 4 3 2 0 175.51 199.35 39.42 45.59 136.09 153.76
ynao_sd_19750103_0045_hong 8 6 2 1 0 165.2 172.97 57.64 62.32 107.56 110.65
ynao_sd_19750104_0720_hong 6 4 2 2 0 147.56 150.73 61.91 64.5 85.65 86.23
ynao_sd_19750106_0230_li 6 6 0 0 0 20.3 22.9 20.3 22.9 0 0
ynao_sd_19750107_0055_li 3 3 0 0 0 18.55 93.45 18.55 93.45 0 0
ynao_sd_19750108_0050_hong 2 2 0 0 0 12.04 19.44 12.04 19.44 0 0
ynao_sd_19750109_0050_li 3 3 0 0 0 37.55 40.18 37.55 40.18 0 0
ynao_sd_19750112_0550_li 3 3 0 0 0 20.95 34.96 20.95 34.96 0 0
ynao_sd_19750113_0905_hong 1 1 0 0 0 30.67 30.67 30.67 30.67 0 0
ynao_sd_19750114_0100_hong 1 1 0 0 0 11.03 84.54 11.03 84.54 0 0
ynao_sd_19750115_0050_hong 4 4 0 0 0 43.95 47.8 43.95 47.8 0 0
ynao_sd_19750116_0045_hong 2 2 0 0 0 9.69 12.67 9.69 12.67 0 0
ynao_sd_19750117_0050_hong 1 1 0 0 0 6.74 12.69 6.74 12.69 0 0
ynao_sd_19750118_0100_hong 1 1 0 0 0 6.66 8.2 6.66 8.2 0 0
ynao_sd_19750119_0130_hong 2 2 0 0 0 12.77 16.19 12.77 16.19 0 0
ynao_sd_19750120_0140_li 0 0 0 0 0 0 0 0 0 0 0
ynao_sd_19750121_0050_li 0 0 0 0 0 0 0 0 0 0 0
ynao_sd_19750122_0150_li 1 1 0 0 0 3.48 4.69 3.48 4.69 0 0
ynao_sd_19750123_0120_li 1 1 0 0 0 29.05 29.05 29.05 29.05 0 0
ynao_sd_19750124_0100_li 6 6 0 0 0 25.86 34.01 25.86 34.01 0 0
ynao_sd_19750125_0120_li 3 3 0 0 0 39.41 40.94 39.41 40.94 0 0
ynao_sd_19750126_0050_li 5 5 0 0 0 50.44 52.07 50.44 52.07 0 0
ynao_sd_19750127_0050_hong 0 0 0 0 0 0 0 0 0 0 0
ynao_sd_19750128_0055_hong 2 2 0 0 0 37.98 40.38 37.98 40.38 0 0
ynao_sd_19750129_0050_hong 2 2 0 0 0 13.09 15.65 13.09 15.65 0 0
ynao_sd_19750130_0040_hong 1 1 0 0 0 28.28 28.28 28.28 28.28 0 0
ynao_sd_19750131_0040_hong 3 3 0 0 0 53.6 54.62 53.6 54.62 0 0
ynao_sd_19750201_0050_hong 1 1 0 0 0 4.81 5.03 4.81 5.03 0 0
ynao_sd_19750202_0120_hong 5 5 0 0 0 30.6 74.39 30.6 74.39 0 0
ynao_sd_19750203_0055_li 6 6 0 0 0 48.19 87.42 48.19 87.42 0 0
ynao_sd_19750204_0105_li 8 7 1 1 0 79.03 102.73 36.6 48.54 42.43 54.19
ynao_sd_19750205_0100_li 5 5 0 0 0 55.7 65.38 55.7 65.38 0 0
ynao_sd_19750206_0130_li 6 6 0 0 0 31.74 32.89 31.74 32.89 0 0
ynao_sd_19750207_0130_li 1 1 0 0 0 5.78 5.83 5.78 5.83 0 0
ynao_sd_19750208_0110_li 2 2 0 0 0 36.39 37.5 36.39 37.5 0 0
ynao_sd_19750209_0110_li 1 1 0 0 0 3.62 3.77 3.62 3.77 0 0
ynao_sd_19750210_0110_hong 0 0 0 0 0 0 0 0 0 0 0
ynao_sd_19750211_0140_li 0 0 0 0 0 0 0 0 0 0 0
ynao_sd_19750212_0510_hong 2 2 0 0 0 44.53 47.63 44.53 47.63 0 0
ynao_sd_19750213_0440_li 0 0 0 0 0 0 0 0 0 0 0
ynao_sd_19750214_0110_hong 6 6 0 0 0 38.58 136.2 38.58 136.2 0 0
ynao_sd_19750215_0100_hong 1 1 0 0 0 4.81 6.92 4.81 6.92 0 0
ynao_sd_19750216_0120_hong 0 0 0 0 0 0 0 0 0 0 0
ynao_sd_19750217_0130_lik 3 3 0 0 0 15.09 28.45 15.09 28.45 0 0
ynao_sd_19750218_0700_ding 1 1 0 0 0 4.8 5.59 4.8 5.59 0 0
ynao_sd_19750219_0110_ding 3 3 0 0 0 40.93 44.03 40.93 44.03 0 0
ynao_sd_19750220_0730_ding 1 1 0 0 0 4.3 6.2 4.3 6.2 0 0
ynao_sd_19750221_0100_ding 0 0 0 0 0 0 0 0 0 0 0
ynao_sd_19750222_0310_hong 0 0 0 0 0 0 0 0 0 0 0
ynao_sd_19750223_0110_ding 0 0 0 0 0 0 0 0 0 0 0
ynao_sd_19750224_0130_hong 7 7 0 0 0 41.84 42.33 41.84 42.33 0 0
ynao_sd_19750225_0640_hong 4 4 0 0 0 29.95 42.99 29.95 42.99 0 0
ynao_sd_19750226_0040_hong 5 5 0 0 0 50.52 52.37 50.52 52.37 0 0
ynao_sd_19750227_0100_li 2 2 0 0 0 41.71 54.62 41.71 54.62 0 0
ynao_sd_19750228_0030_hong 2 2 0 0 0 42.23 45.34 42.23 45.34 0 0
ynao_sd_19750301_0045_hong 2 2 0 0 0 32.86 33.09 32.86 33.09 0 0
ynao_sd_19750302_0105_hong 1 1 0 0 0 3.63 4.6 3.63 4.6 0 0
ynao_sd_19750303_0105_li 1 1 0 0 0 11.46 26.76 11.46 26.76 0 0
ynao_sd_19750304_0040_li 1 1 0 0 0 5.78 6.16 5.78 6.16 0 0
ynao_sd_19750305_0050_li 3 3 0 0 0 41.76 48.35 41.76 48.35 0 0
ynao_sd_19750306_0025_li 1 1 0 0 0 4.28 5.19 4.28 5.19 0 0
ynao_sd_19750307_0040_li 1 1 0 0 0 29.45 29.45 29.45 29.45 0 0
ynao_sd_19750308_0030_lik 0 0 0 0 0 0 0 0 0 0 0
ynao_sd_19750309_0035_lik 5 5 0 0 0 30.81 31.76 30.81 31.76 0 0
ynao_sd_19750310_0030_lik 19 19 0 0 0 79.13 79.65 79.13 79.65 0 0
ynao_sd_19750311_0155_lik 9 9 0 0 0 49.53 53.33 49.53 53.33 0 0
ynao_sd_19750312_0040_lik 11 11 0 0 0 52.1 60.32 52.1 60.32 0 0
ynao_sd_19750313_0040_hong 11 11 0 0 0 55.28 73.6 55.28 73.6 0 0
ynao_sd_19750314_0220_lik 13 11 2 2 0 93.54 160.21 65.7 112.52 27.84 47.69
ynao_sd_19750315_0750_hong 14 14 0 0 0 86.18 182.49 86.18 182.49 0 0
ynao_sd_19750316_0120_hong 29 28 1 1 0 141.0 217.61 120.03 194.81 20.97 22.8
ynao_sd_19750317_0100_hong 22 13 9 3 0 543.13 720.09 206.51 280.15 336.62 439.94
ynao_sd_19750318_0035_hong 11 7 4 3 0 243.65 420.98 89.89 198.33 153.76 222.65
ynao_sd_19750319_0030_hong 16 12 4 2 0 141.63 278.89 81.29 160.11 60.34 118.78
ynao_sd_19750320_0025_hong 11 11 0 0 0 53.97 134.82 53.97 134.82 0 0
ynao_sd_19750321_0040_hong 1 1 0 0 0 4.59 5.05 4.59 5.05 0 0
ynao_sd_19750322_0020_lik 2 2 0 0 0 9.04 15.82 9.04 15.82 0 0
ynao_sd_19750323_0105_hong 2 2 0 0 0 40.29 40.41 40.29 40.41 0 0
ynao_sd_19750324_0130_li 3 3 0 0 0 36.33 37.28 36.33 37.28 0 0
ynao_sd_19750325_0020_li 0 0 0 0 0 0 0 0 0 0 0
ynao_sd_19750326_0010_li 2 2 0 0 0 9.07 12.61 9.07 12.61 0 0
ynao_sd_19750327_0002_li 2 2 0 0 0 36.35 38.94 36.35 38.94 0 0
ynao_sd_19750328_0015_li 3 3 0 0 0 41.51 57.89 41.51 57.89 0 0
ynao_sd_19750329_0001_li 1 1 0 0 0 28.69 28.69 28.69 28.69 0 0
ynao_sd_19750330_0305_li 1 1 0 0 0 29.0 29.0 29.0 29.0 0 0
ynao_sd_19750331_0210_li 6 6 0 0 0 37.41 43.56 37.41 43.56 0 0
ynao_sd_19750401_0230_hong 5 5 0 0 0 49.61 52.94 49.61 52.94 0 0
ynao_sd_19750402_0650_hong 5 5 0 0 0 22.4 26.9 22.4 26.9 0 0
ynao_sd_19750403_0040_hong 2 2 0 0 0 15.12 22.15 15.12 22.15 0 0
ynao_sd_19750404_0030_hong 3 3 0 0 0 41.44 41.73 41.44 41.73 0 0
ynao_sd_19750405_0015_hong 1 1 0 0 0 27.22 33.43 27.22 33.43 0 0
ynao_sd_19750406_0105_hong 4 4 0 0 0 46.78 47.75 46.78 47.75 0 0
ynao_sd_19750407_0100_li 4 4 0 0 0 40.98 44.8 40.98 44.8 0 0
ynao_sd_19750408_0205_li 0 0 0 0 0 0 0 0 0 0 0
ynao_sd_19750409_0025_li 1 1 0 0 0 33.39 33.39 33.39 33.39 0 0
ynao_sd_19750410_0130_hong 3 3 0 0 0 15.12 20.21 15.12 20.21 0 0
ynao_sd_19750411_0105_hong 0 0 0 0 0 0 0 0 0 0 0
ynao_sd_19750412_0030_li 4 4 0 0 0 43.9 47.02 43.9 47.02 0 0
ynao_sd_19750413_0140_li 2 2 0 0 0 37.09 38.33 37.09 38.33 0 0
ynao_sd_19750414_0120_hong 1 1 0 0 0 32.19 32.19 32.19 32.19 0 0
ynao_sd_19750415_0050_hong 1 1 0 0 0 32.05 32.05 32.05 32.05 0 0
ynao_sd_19750416_0001_hong 0 0 0 0 0 0 0 0 0 0 0
ynao_sd_19750417_0030_hong 3 3 0 0 0 17.91 26.89 17.91 26.89 0 0
ynao_sd_19750418_0040_hong 3 3 0 0 0 46.8 54.69 46.8 54.69 0 0
ynao_sd_19750419_0050_hong 0 0 0 0 0 0 0 0 0 0 0
ynao_sd_19750420_0210_hong 4 4 0 0 0 18.9 28.74 18.9 28.74 0 0
ynao_sd_19750421_0040_li 4 4 0 0 0 46.05 47.88 46.05 47.88 0 0
ynao_sd_19750422_0040_li 5 5 0 0 0 30.75 36.05 30.75 36.05 0 0
ynao_sd_19750423_0040_hong 2 2 0 0 0 12.09 12.22 12.09 12.22 0 0
ynao_sd_19750424_0030_li 1 1 0 0 0 4.74 4.79 4.74 4.79 0 0
ynao_sd_19750425_0050_hong 1 1 0 0 0 7.48 18.25 7.48 18.25 0 0
ynao_sd_19750426_0100_hong 2 2 0 0 0 33.55 33.82 33.55 33.82 0 0
ynao_sd_19750427_0120_hong 2 2 0 0 0 9.18 21.15 9.18 21.15 0 0
ynao_sd_19750428_0110_hong 3 3 0 0 0 15.7 25.89 15.7 25.89 0 0
ynao_sd_19750429_0020_hong 1 1 0 0 0 3.04 4.31 3.04 4.31 0 0
ynao_sd_19750430_0020_hong 4 4 0 0 0 20.65 39.24 20.65 39.24 0 0
ynao_sd_19750501_0150_hong 5 5 0 0 0 23.36 30.36 23.36 30.36 0 0
ynao_sd_19750502_0025_hong 24 22 2 3 0 207.08 257.18 133.34 167.86 73.74 89.32
ynao_sd_19750503_0105_hong 21 13 8 4 0 701.39 764.0 208.88 231.73 492.51 532.27
ynao_sd_19750504_0110_hong 29 24 5 3 0 666.94 802.35 210.82 245.63 456.12 556.72
ynao_sd_19750505_0030_hong 25 18 7 2 0 473.88 797.93 163.0 333.7 310.88 464.23
ynao_sd_19750506_0200_ding 10 5 5 3 0 288.51 580.38 101.9 182.04 186.61 398.34
ynao_sd_19750507_0055_li 5 5 0 0 0 48.43 145.93 48.43 145.93 0 0
ynao_sd_19750509_0720_ding 2 2 0 0 0 9.34 11.91 9.34 11.91 0 0
ynao_sd_19750510_0130_hong 1 1 0 0 0 33.19 33.19 33.19 33.19 0 0
ynao_sd_19750511_0120_li 2 2 0 0 0 33.47 38.64 33.47 38.64 0 0
ynao_sd_19750512_0020_li 2 2 0 0 0 36.74 38.33 36.74 38.33 0 0
ynao_sd_19750513_0030_li 3 3 0 0 0 39.28 39.28 39.28 39.28 0 0
ynao_sd_19750514_0025_li 2 2 0 0 0 7.76 11.51 7.76 11.51 0 0
ynao_sd_19750515_0100_li 3 3 0 0 0 39.42 42.75 39.42 42.75 0 0
ynao_sd_19750516_0002_li 2 2 0 0 0 14.94 18.05 14.94 18.05 0 0
ynao_sd_19750517_0230_li 3 3 0 0 0 52.03 57.45 52.03 57.45 0 0
ynao_sd_19750518_0002_li 2 2 0 0 0 19.46 30.04 19.46 30.04 0 0
ynao_sd_19750519_0130_ding 1 1 0 0 0 31.3 31.3 31.3 31.3 0 0
ynao_sd_19750520_0020_ding 0 0 0 0 0 0 0 0 0 0 0
ynao_sd_19750521_0200_ding 2 2 0 0 0 38.56 41.21 38.56 41.21 0 0
ynao_sd_19750522_0040_ding 3 3 0 0 0 45.27 48.69 45.27 48.69 0 0
ynao_sd_19750523_0130_li 2 2 0 0 0 12.92 14.03 12.92 14.03 0 0
ynao_sd_19750524_0020_hong 6 6 0 1 0 3531.28 4085.04 30.24 33.91 3501.04 4051.13
ynao_sd_19750525_0500_ding 3 3 0 0 0 16.99 19.47 16.99 19.47 0 0
ynao_sd_19750526_0650_li 4 4 0 0 0 40.7 43.91 40.7 43.91 0 0
ynao_sd_19750527_0320_li 2 2 0 0 0 34.23 34.97 34.23 34.97 0 0
ynao_sd_19750531_0120_hong 2 1 1 1 0 39.44 147.85 10.78 28.46 28.66 119.39
ynao_sd_19750601_0120_hong 4 3 1 1 0 42.94 95.21 19.73 44.9 23.21 50.31
ynao_sd_19750602_0250_hong 5 5 0 0 0 28.28 41.6 28.28 41.6 0 0
ynao_sd_19750603_0230_hong 5 5 0 0 0 18.58 22.8 18.58 22.8 0 0
ynao_sd_19750604_0220_hong 5 5 0 0 0 50.77 52.2 50.77 52.2 0 0
ynao_sd_19750605_0120_hong 5 5 0 0 0 18.91 19.3 18.91 19.3 0 0
ynao_sd_19750606_0410_hong 2 2 0 0 0 10.75 12.83 10.75 12.83 0 0
ynao_sd_19750607_0720_hong 1 1 0 0 0 5.7 6.09 5.7 6.09 0 0
ynao_sd_19750608_0320_hong 1 1 0 0 0 28.61 28.61 28.61 28.61 0 0
ynao_sd_19750609_0100_li 0 0 0 0 0 0 0 0 0 0 0
ynao_sd_19750610_0110_li 0 0 0 0 0 0 0 0 0 0 0
ynao_sd_19750611_0805_li 0 0 0 0 0 0 0 0 0 0 0
ynao_sd_19750612_0120_li 0 0 0 0 0 0 0 0 0 0 0
ynao_sd_19750613_0730_li 5 5 0 0 0 17.18 24.82 17.18 24.82 0 0
ynao_sd_19750614_0500_li 1 1 0 0 0 4.81 5.82 4.81 5.82 0 0
ynao_sd_19750617_0330_hong 0 0 0 0 0 0 0 0 0 0 0
ynao_sd_19750618_0300_hong 0 0 0 0 0 0 0 0 0 0 0
ynao_sd_19750619_0115_ding 0 0 0 0 0 0 0 0 0 0 0
ynao_sd_19750620_0150_ding 1 1 0 0 0 6.38 27.32 6.38 27.32 0 0
ynao_sd_19750621_0610_ding 1 1 0 0 0 5.11 7.35 5.11 7.35 0 0
ynao_sd_19750622_0240_ding 0 0 0 0 0 0 0 0 0 0 0
ynao_sd_19750624_0240_hong 13 13 0 0 0 54.8 60.4 54.8 60.4 0 0
ynao_sd_19750625_0410_hong 11 11 0 0 0 128.08 166.36 128.08 166.36 0 0
ynao_sd_19750626_0220_hong 17 17 0 0 0 91.19 168.4 91.19 168.4 0 0
ynao_sd_19750627_0130_hong 17 17 0 0 0 74.38 104.71 74.38 104.71 0 0
ynao_sd_19750628_0640_hong 13 9 4 2 0 126.39 287.03 70.17 145.17 56.22 141.86
ynao_sd_19750629_0230_hong 5 2 3 2 0 102.96 356.83 22.97 67.76 79.99 289.07
ynao_sd_19750630_0300_li 0 0 0 0 0 0 0 0 0 0 0
ynao_sd_19750701_0300_hong 0 0 0 0 0 0 0 0 0 0 0
ynao_sd_19750702_0130_hong 3 3 0 0 0 14.14 15.08 14.14 15.08 0 0
ynao_sd_19750703_0750_li 1 1 0 0 0 3.41 3.69 3.41 3.69 0 0
ynao_sd_19750704_0605_li 1 1 0 0 0 14.56 14.74 14.56 14.74 0 0
ynao_sd_19750707_0330_hong 4 4 0 0 0 24.38 25.7 24.38 25.7 0 0
ynao_sd_19750708_0120_hong 3 3 0 0 0 10.97 11.2 10.97 11.2 0 0
ynao_sd_19750709_0140_hong 0 0 0 0 0 0 0 0 0 0 0
ynao_sd_19750710_0630_hong 1 0 1 1 0 53.23 231.99 7.75 34.09 45.48 197.9
ynao_sd_19750712_0340_hong 3 2 1 1 0 120.62 204.92 23.38 38.41 97.24 166.51
ynao_sd_19750713_0620_li 8 6 2 1 0 126.18 161.93 34.1 40.14 92.08 121.79
ynao_sd_19750715_0930_hong 13 8 5 3 0 497.46 838.97 108.94 199.38 388.52 639.59
ynao_sd_19750716_0220_hong 16 14 2 2 0 454.88 632.58 128.01 192.38 326.87 440.2
ynao_sd_19750717_0050_hong 11 5 6 4 0 543.33 664.01 100.76 127.83 442.57 536.18
ynao_sd_19750719_0015_li 31 25 6 2 0 564.23 616.37 224.6 249.76 339.63 366.61
ynao_sd_19750720_0050_li 12 9 3 1 0 447.58 479.81 127.25 153.67 320.33 326.14
ynao_sd_19750721_0040_hong 18 16 2 2 0 440.69 508.1 150.97 175.72 289.72 332.38
ynao_sd_19750722_0040_hong 14 12 2 1 0 364.31 434.64 113.97 142.52 250.34 292.12
ynao_sd_19750723_0130_hong 3 2 1 1 0 259.09 359.89 65.7 91.05 193.39 268.84
ynao_sd_19750724_0410_hong 1 0 1 1 0 183.55 347.41 28.37 54.02 155.18 293.39
ynao_sd_19750727_0650_hong 0 0 0 0 0 0 0 0 0 0 0
ynao_sd_19750728_0300_li 4 4 0 0 0 18.13 27.76 18.13 27.76 0 0
ynao_sd_19750729_0030_hong 1 1 0 0 0 5.49 6.27 5.49 6.27 0 0
ynao_sd_19750730_0200_hong 2 2 0 0 0 9.58 14.08 9.58 14.08 0 0
ynao_sd_19750731_0120_li 0 0 0 0 0 0 0 0 0 0 0
ynao_sd_19750801_0040_hong 2 2 0 0 0 7.56 11.74 7.56 11.74 0 0
ynao_sd_19750802_0035_hong 0 0 0 0 0 0 0 0 0 0 0
ynao_sd_19750803_0120_li 0 0 0 0 0 0 0 0 0 0 0
ynao_sd_19750804_0410_hong 2 2 0 0 0 9.04 10.7 9.04 10.7 0 0
ynao_sd_19750805_0200_hong 1 1 0 0 0 23.66 24.38 23.66 24.38 0 0
ynao_sd_19750806_0150_hong 1 1 0 0 0 6.88 8.49 6.88 8.49 0 0
ynao_sd_19750807_0010_hong 0 0 0 0 0 0 0 0 0 0 0
ynao_sd_19750808_0740_hong 1 1 0 0 0 4.16 6.09 4.16 6.09 0 0
ynao_sd_19750811_0050_hong 2 2 0 0 0 12.88 21.65 12.88 21.65 0 0
ynao_sd_19750812_0150_hong 4 4 0 0 0 20.54 29.09 20.54 29.09 0 0
ynao_sd_19750813_0300_hong 3 3 0 0 0 13.4 17.19 13.4 17.19 0 0
ynao_sd_19750815_0020_hong 2 2 0 0 0 7.63 7.9 7.63 7.9 0 0
ynao_sd_19750816_0025_hong 6 6 0 0 0 47.1 103.91 47.1 103.91 0 0
ynao_sd_19750817_0010_hong 17 17 0 0 0 76.84 119.22 76.84 119.22 0 0
ynao_sd_19750818_0250_hong 8 8 0 0 0 54.37 71.48 54.37 71.48 0 0
ynao_sd_19750819_0330_li 4 4 0 0 0 28.46 39.9 28.46 39.9 0 0
ynao_sd_19750820_0705_wangj 2 2 0 0 0 12.96 16.77 12.96 16.77 0 0
ynao_sd_19750821_0240_wangj 2 2 0 0 0 11.34 13.23 11.34 13.23 0 0
ynao_sd_19750822_0220_wangj 2 2 0 0 0 13.46 76.64 13.46 76.64 0 0
ynao_sd_19750823_0020_wangj 2 2 0 0 0 10.44 68.61 10.44 68.61 0 0
ynao_sd_19750824_0205_li 3 3 0 0 0 34.27 217.73 34.27 217.73 0 0
ynao_sd_19750825_0200_hong 1 1 0 0 0 6.82 66.71 6.82 66.71 0 0
ynao_sd_19750826_0220_hong 27 22 5 1 0 236.43 262.68 138.17 152.86 98.26 109.82
ynao_sd_19750827_0400_hong 23 21 2 2 0 283.83 416.33 113.69 199.21 170.14 217.12
ynao_sd_19750828_0720_hong 14 13 1 1 0 152.58 252.35 64.03 100.24 88.55 152.11
ynao_sd_19750829_0110_hong 1 0 1 1 0 68.39 149.68 9.49 20.67 58.9 129.01
ynao_sd_19750830_0050_hong 4 3 1 1 0 63.37 216.72 19.57 52.68 43.8 164.04
ynao_sd_19750831_0110_hong 3 3 0 0 0 9.54 9.97 9.54 9.97 0 0
ynao_sd_19750901_0030_wangj 6 6 0 0 0 23.94 25.67 23.94 25.67 0 0
ynao_sd_19750902_0830_wangj 0 0 0 0 0 0 0 0 0 0 0
ynao_sd_19750903_0340_li 3 3 0 0 0 12.14 13.58 12.14 13.58 0 0
ynao_sd_19750904_0710_li 0 0 0 0 0 0 0 0 0 0 0
ynao_sd_19750906_0625_wangj 0 0 0 0 0 0 0 0 0 0 0
ynao_sd_19750907_0140_ding 4 2 2 1 0 93.51 251.05 30.36 64.42 63.15 186.63
ynao_sd_19750908_0040_li 2 1 1 1 0 106.43 205.17 19.92 43.74 86.51 161.43
ynao_sd_19750909_0030_li 2 1 1 1 0 146.0 207.65 21.56 31.73 124.44 175.92
ynao_sd_19750910_0005_li 6 5 1 1 0 164.13 199.05 45.29 55.9 118.84 143.15
ynao_sd_19750911_0030_li 12 10 2 1 0 216.27 244.29 67.8 82.99 148.47 161.3
ynao_sd_19750912_0230_li 11 10 1 1 0 173.84 191.69 56.96 70.27 116.88 121.42
ynao_sd_19750913_0250_li 12 11 1 1 0 183.72 198.43 67.69 76.27 116.03 122.16
ynao_sd_19750914_0400_ding 6 4 2 1 0 252.17 302.43 76.41 103.7 175.76 198.73
ynao_sd_19750915_0730_li 6 5 1 1 0 113.4 146.6 38.4 49.69 75.0 96.91
ynao_sd_19750916_0730_li 5 4 1 1 0 84.02 144.26 26.62 44.13 57.4 100.13
ynao_sd_19750917_0300_li 1 1 0 0 0 17.67 39.57 17.67 39.57 0 0
ynao_sd_19750918_0150_li 0 0 0 0 0 0 0 0 0 0 0
ynao_sd_19750919_0250_li 0 0 0 0 0 0 0 0 0 0 0
ynao_sd_19750920_0220_li 1 1 0 0 0 6.06 7.43 6.06 7.43 0 0
ynao_sd_19750921_0315_li 1 1 0 0 0 10.59 13.06 10.59 13.06 0 0
ynao_sd_19750922_0615_wangj 1 1 0 0 0 3.71 3.74 3.71 3.74 0 0
ynao_sd_19750923_0020_li 0 0 0 0 0 0 0 0 0 0 0
ynao_sd_19750924_0020_li 2 2 0 0 0 19.88 122.37 19.88 122.37 0 0
ynao_sd_19750925_0005_li 1 1 0 0 0 17.64 132.74 17.64 132.74 0 0
ynao_sd_19750926_0040_wangj 3 3 0 0 0 32.11 213.51 32.11 213.51 0 0
ynao_sd_19750927_0110_li 1 1 0 0 0 3.92 5.52 3.92 5.52 0 0
ynao_sd_19750928_0130_li 2 2 0 0 0 90.35 311.7 90.35 311.7 0 0
ynao_sd_19750929_0330_ding 1 1 0 0 0 3.7 6.05 3.7 6.05 0 0
ynao_sd_19750930_0030_ding 2 2 0 0 0 27.55 145.88 27.55 145.88 0 0
ynao_sd_19751001_0300_ding 2 2 0 0 0 24.06 136.29 24.06 136.29 0 0
ynao_sd_19751002_0230_li 1 1 0 0 0 2.96 3.23 2.96 3.23 0 0
ynao_sd_19751003_0010_ding 0 0 0 0 0 0 0 0 0 0 0
ynao_sd_19751004_0845_ding 2 2 0 0 0 15.38 77.59 15.38 77.59 0 0
ynao_sd_19751005_0100_ding 1 1 0 0 0 8.09 9.27 8.09 9.27 0 0
ynao_sd_19751006_0050_li 0 0 0 0 0 0 0 0 0 0 0
ynao_sd_19751007_0540_li 0 0 0 0 0 0 0 0 0 0 0
ynao_sd_19751009_0540_li 0 0 0 0 0 0 0 0 0 0 0
ynao_sd_19751010_0940_li 1 1 0 0 0 11.11 20.84 11.11 20.84 0 0
ynao_sd_19751011_1040_li 1 1 0 0 0 3.55 3.6 3.55 3.6 0 0
ynao_sd_19751012_0050_li 1 1 0 0 0 4.23 7.24 4.23 7.24 0 0
ynao_sd_19751013_0110_hong 1 1 0 0 0 4.95 5.06 4.95 5.06 0 0
ynao_sd_19751014_0125_hong 0 0 0 0 0 0 0 0 0 0 0
ynao_sd_19751016_0120_hong 3 3 0 0 0 19.96 101.73 19.96 101.73 0 0
ynao_sd_19751017_0110_hong 3 3 0 0 0 13.86 31.65 13.86 31.65 0 0
ynao_sd_19751018_0840_hong 0 0 0 0 0 0 0 0 0 0 0
ynao_sd_19751019_0540_hong 1 1 0 0 0 4.75 5.13 4.75 5.13 0 0
ynao_sd_19751020_0330_li 1 1 0 0 0 3.64 4.2 3.64 4.2 0 0
ynao_sd_19751021_0330_hong 1 1 0 0 0 11.31 13.13 11.31 13.13 0 0
ynao_sd_19751022_0520_hong 1 1 0 0 0 17.08 115.34 17.08 115.34 0 0
ynao_sd_19751023_0230_hong 1 1 0 0 0 4.01 4.13 4.01 4.13 0 0
ynao_sd_19751024_0030_hong 2 2 0 0 0 29.94 38.39 29.94 38.39 0 0
ynao_sd_19751025_0340_li 0 0 0 0 0 0 0 0 0 0 0
ynao_sd_19751026_0140_li 0 0 0 0 0 0 0 0 0 0 0
ynao_sd_19751027_0030_li 3 3 0 0 0 19.03 98.8 19.03 98.8 0 0
ynao_sd_19751028_0040_wangj 5 5 0 0 0 19.79 29.1 19.79 29.1 0 0
ynao_sd_19751102_0710_wangj 1 1 0 0 0 3.99 4.55 3.99 4.55 0 0
ynao_sd_19751103_0640_hong 3 3 0 0 0 10.23 16.09 10.23 16.09 0 0
ynao_sd_19751104_0130_hong 9 9 0 0 0 42.1 55.1 42.1 55.1 0 0
ynao_sd_19751105_0150_hong 9 7 2 1 0 82.15 97.15 59.9 72.65 22.25 24.5
ynao_sd_19751106_0140_hong 8 7 1 1 0 99.98 102.96 38.19 39.49 61.79 63.47
ynao_sd_19751107_0730_hong 11 9 2 1 0 106.58 177.82 85.99 156.79 20.59 21.03
ynao_sd_19751108_0120_hong 7 7 0 0 0 43.98 49.64 43.98 49.64 0 0
ynao_sd_19751109_0020_li 2 2 0 0 0 11.9 19.01 11.9 19.01 0 0
ynao_sd_19751110_0030_li 4 4 0 0 0 26.81 43.05 26.81 43.05 0 0
ynao_sd_19751114_0100_li 2 1 1 1 0 61.19 268.89 14.68 62.53 46.51 206.36
ynao_sd_19751115_0100_li 4 2 2 1 0 194.4 450.83 32.95 72.65 161.45 378.18
ynao_sd_19751116_0030_li 10 9 1 1 0 325.14 521.71 73.62 115.92 251.52 405.79
ynao_sd_19751117_0040_hong 16 7 9 2 0 865.33 1115.93 158.67 204.43 706.66 911.5
ynao_sd_19751118_0110_hong 15 4 11 2 0 793.25 888.56 176.98 197.81 616.27 690.75
ynao_sd_19751119_0050_hong 17 9 8 2 0 915.22 999.07 221.42 281.4 693.8 717.67
ynao_sd_19751120_0100_hong 28 18 10 4 0 779.65 789.78 198.47 201.55 581.18 588.23
ynao_sd_19751121_0110_hong 15 9 6 3 0 605.49 631.37 151.26 158.76 454.23 472.61
ynao_sd_19751122_0105_hong 23 18 5 3 0 604.54 785.44 202.32 332.76 402.22 452.68
ynao_sd_19751124_0600_li 3 0 3 2 0 301.03 536.23 44.28 79.18 256.75 457.05
ynao_sd_19751125_0400_li 1 0 1 1 0 119.11 312.09 15.85 41.33 103.26 270.76
ynao_sd_19751126_0730_li 2 2 0 0 0 9.47 16.09 9.47 16.09 0 0
ynao_sd_19751127_0350_li 2 2 0 0 0 20.87 84.49 20.87 84.49 0 0
ynao_sd_19751128_0620_li 0 0 0 0 0 0 0 0 0 0 0
ynao_sd_19751201_0030_wangj 0 0 0 0 0 0 0 0 0 0 0
ynao_sd_19751202_0050_wangj 0 0 0 0 0 0 0 0 0 0 0
ynao_sd_19751203_0115_wangj 1 1 0 0 0 15.67 126.04 15.67 126.04 0 0
ynao_sd_19751204_0115_wangj 0 0 0 0 0 0 0 0 0 0 0
ynao_sd_19751205_0140_wangj 1 1 0 0 0 43.11 56.55 43.11 56.55 0 0
ynao_sd_19751206_0105_wangj 0 0 0 0 0 0 0 0 0 0 0
ynao_sd_19751207_0225_wangj 2 2 0 0 0 10.03 25.0 10.03 25.0 0 0
ynao_sd_19751208_0220_hong 3 3 0 0 0 56.14 176.42 56.14 176.42 0 0
ynao_sd_19751209_0130_hong 1 1 0 0 0 31.61 31.61 31.61 31.61 0 0
ynao_sd_19751210_0030_hong 0 0 0 0 0 0 0 0 0 0 0
ynao_sd_19751215_0640_wangj 2 2 0 0 0 36.53 42.2 36.53 42.2 0 0
ynao_sd_19751217_0430_wangj 11 11 0 0 0 72.08 72.24 72.08 72.24 0 0
ynao_sd_19751218_0630_wangj 11 11 0 0 0 56.7 59.74 56.7 59.74 0 0
ynao_sd_19751219_0120_wangj 5 5 0 0 0 24.41 27.16 24.41 27.16 0 0
ynao_sd_19751220_0230_wangj 1 1 0 0 0 32.86 32.86 32.86 32.86 0 0
ynao_sd_19751221_0235_wangj 3 3 0 0 0 35.17 39.03 35.17 39.03 0 0
ynao_sd_19751222_0040_hong 1 1 0 0 0 28.66 28.66 28.66 28.66 0 0
ynao_sd_19751223_0500_wangj 1 1 0 0 0 30.24 30.24 30.24 30.24 0 0
ynao_sd_19751224_0110_hong 2 2 0 0 0 41.46 42.03 41.46 42.03 0 0
ynao_sd_19751225_0120_ding 4 4 0 0 0 62.63 89.21 62.63 89.21 0 0
ynao_sd_19751226_0120_hong 3 3 0 0 0 39.77 46.34 39.77 46.34 0 0
ynao_sd_19751227_0110_hong 1 1 0 0 0 29.67 29.67 29.67 29.67 0 0
ynao_sd_19751228_0230_hong 1 1 0 0 0 31.9 31.9 31.9 31.9 0 0
ynao_sd_19751229_0200_wangj 2 2 0 0 0 42.13 42.71 42.13 42.71 0 0
ynao_sd_19751230_0200_wangj 2 2 0 0 0 32.64 34.62 32.64 34.62 0 0
ynao_sd_19751231_0240_wangj 1 1 0 0 0 32.35 32.35 32.35 32.35 0 0
