ynao_sd_19760101_0115_li 3 3 0 0 0 15.8 39.35 15.8 39.35 0 0
ynao_sd_19760102_0200_li 2 2 0 0 0 31.85 32.76 31.85 32.76 0 0
ynao_sd_19760103_0110_hong 1 1 0 0 0 32.2 32.2 32.2 32.2 0 0
ynao_sd_19760104_0120_hong 3 3 0 0 0 40.27 46.66 40.27 46.66 0 0
ynao_sd_19760105_0150_hong 2 2 0 0 0 39.52 40.33 39.52 40.33 0 0
ynao_sd_19760106_0200_hong 2 2 0 0 0 32.29 33.78 32.29 33.78 0 0
ynao_sd_19760107_0030_hong 5 5 0 0 0 65.33 191.46 65.33 191.46 0 0
ynao_sd_19760108_0140_hong 3 3 0 0 0 38.37 40.49 38.37 40.49 0 0
ynao_sd_19760109_0310_hong 2 2 0 0 0 39.94 41.55 39.94 41.55 0 0
ynao_sd_19760112_0840_hong 8 7 1 1 0 104.29 332.93 65.09 168.64 39.2 164.29
ynao_sd_19760113_0640_hong 23 16 7 2 0 363.32 830.26 126.1 299.54 237.22 530.72
ynao_sd_19760114_0730_hong 25 11 14 6 0 671.91 1016.32 191.11 288.42 480.8 727.9
ynao_sd_19760115_0110_hong 28 13 15 5 0 694.05 930.23 195.54 273.37 498.51 656.86
ynao_sd_19760116_0040_hong 21 14 7 2 0 633.51 716.49 137.13 156.26 496.38 560.23
ynao_sd_19760117_0110_hong 26 21 5 2 0 625.6 648.77 157.4 165.44 468.2 483.33
ynao_sd_19760118_0140_hong 16 9 7 2 0 556.61 566.22 153.83 160.7 402.78 405.52
ynao_sd_19760119_0250_li 16 10 6 2 0 488.76 508.57 112.59 117.28 376.17 391.29
ynao_sd_19760120_0110_li 9 6 3 2 0 275.78 305.64 85.34 92.04 190.44 213.6
ynao_sd_19760121_0700_li 9 6 3 2 0 215.42 285.74 87.67 112.33 127.75 173.41
ynao_sd_19760123_0345_li 4 3 1 1 0 101.72 200.1 70.21 119.26 31.51 80.84
ynao_sd_19760124_0730_li 2 2 0 0 0 33.07 38.08 33.07 38.08 0 0
ynao_sd_19760125_0420_li 1 1 0 0 0 29.77 29.77 29.77 29.77 0 0
ynao_sd_19760126_0830_hong 3 3 0 0 0 38.57 39.2 38.57 39.2 0 0
ynao_sd_19760127_0030_hong 1 1 0 0 0 31.54 31.54 31.54 31.54 0 0
ynao_sd_19760128_0040_hong 0 0 0 0 0 0 0 0 0 0 0
ynao_sd_19760129_0500_hong 3 3 0 0 0 38.44 40.3 38.44 40.3 0 0
ynao_sd_19760130_0800_hong 5 5 0 0 0 58.82 72.02 58.82 72.02 0 0
ynao_sd_19760131_0305_hong 3 3 0 0 0 13.65 16.39 13.65 16.39 0 0
ynao_sd_19760202_0140_hong 2 2 0 0 0 33.67 33.73 33.67 33.73 0 0
ynao_sd_19760203_0440_jing 4 4 0 0 0 38.58 39.59 38.58 39.59 0 0
ynao_sd_19760204_0155_hong 1 1 0 0 0 29.57 29.57 29.57 29.57 0 0
ynao_sd_19760205_0050_hong 2 2 0 0 0 37.3 38.2 37.3 38.2 0 0
ynao_sd_19760206_0040_hong 3 3 0 0 0 40.14 41.75 40.14 41.75 0 0
ynao_sd_19760208_0105_hong 1 1 0 0 0 31.53 31.53 31.53 31.53 0 0
ynao_sd_19760209_0630_hong 2 2 0 0 0 35.27 35.87 35.27 35.87 0 0
ynao_sd_19760210_0050_hong 1 1 0 0 0 30.52 30.52 30.52 30.52 0 0
ynao_sd_19760211_0040_hong 4 4 0 0 0 53.86 58.53 53.86 58.53 0 0
ynao_sd_19760212_0050_hong 2 2 0 0 0 31.28 33.72 31.28 33.72 0 0
ynao_sd_19760213_0040_hong 8 8 0 0 0 76.1 77.6 76.1 77.6 0 0
ynao_sd_19760214_0105_hong 13 12 1 0 0 131.26 134.02 135.26 138.04 4.0 4.02
ynao_sd_19760215_0140_hong 11 8 3 2 0 139.63 144.11 84.55 86.72 55.08 57.39
ynao_sd_19760216_0050_hong 11 8 3 1 0 106.14 118.6 80.22 88.8 25.92 29.8
ynao_sd_19760217_0040_hong 6 6 0 0 0 73.7 98.11 73.7 98.11 0 0
ynao_sd_19760218_0030_hong 5 5 0 0 0 53.51 84.77 53.51 84.77 0 0
ynao_sd_19760219_0040_hong 7 7 0 0 0 38.21 56.69 38.21 56.69 0 0
ynao_sd_19760220_0035_hong 6 6 0 0 0 82.49 95.32 82.49 95.32 0 0
ynao_sd_19760221_0120_li 6 6 0 0 0 24.01 27.99 24.01 27.99 0 0
ynao_sd_19760222_0135_hong 7 7 0 0 0 62.49 97.4 62.49 97.4 0 0
ynao_sd_19760223_0035_li 2 2 0 0 0 7.17 8.26 7.17 8.26 0 0
ynao_sd_19760224_0025_li 3 3 0 0 0 41.73 44.54 41.73 44.54 0 0
ynao_sd_19760225_0250_li 1 1 0 0 0 28.92 28.92 28.92 28.92 0 0
ynao_sd_19760226_0040_li 4 4 0 0 0 43.75 46.95 43.75 46.95 0 0
ynao_sd_19760227_0040_hong 1 1 0 0 0 35.22 35.22 35.22 35.22 0 0
ynao_sd_19760228_0050_li 2 2 0 0 0 35.3 38.74 35.3 38.74 0 0
ynao_sd_19760229_0035_li 1 1 0 0 0 29.22 29.22 29.22 29.22 0 0
ynao_sd_19760304_0610_li 1 1 0 0 0 26.04 26.04 26.04 26.04 0 0
ynao_sd_19760305_0030_hong 1 1 0 0 0 27.52 27.52 27.52 27.52 0 0
ynao_sd_19760306_0040_hong 4 4 0 0 0 55.27 59.95 55.27 59.95 0 0
ynao_sd_19760307_0130_hong 7 7 0 0 0 64.31 83.78 64.31 83.78 0 0
ynao_sd_19760308_0040_li 3 3 0 0 0 36.13 41.29 36.13 41.29 0 0
ynao_sd_19760309_0050_li 4 4 0 0 0 100.11 129.34 100.11 129.34 0 0
ynao_sd_19760310_0030_li 4 3 1 1 0 27.08 34.02 15.28 18.99 11.8 15.03
ynao_sd_19760311_0050_li 11 11 0 0 0 79.98 88.31 79.98 88.31 0 0
ynao_sd_19760312_0110_li 11 11 0 0 0 96.71 111.1 96.71 111.1 0 0
ynao_sd_19760313_0030_li 8 8 0 0 0 56.07 63.22 56.07 63.22 0 0
ynao_sd_19760314_0110_li 14 14 0 0 0 111.66 126.17 111.66 126.17 0 0
ynao_sd_19760315_0050_hong 13 13 0 0 0 57.18 73.11 57.18 73.11 0 0
ynao_sd_19760316_0040_hong 1 1 0 0 0 4.89 8.16 4.89 8.16 0 0
ynao_sd_19760317_0030_hong 6 6 0 0 0 65.08 92.99 65.08 92.99 0 0
ynao_sd_19760318_0040_hong 7 7 0 0 0 31.09 37.68 31.09 37.68 0 0
ynao_sd_19760319_0040_hong 8 8 0 1 0 115.67 122.28 82.45 88.28 33.22 34.0
ynao_sd_19760320_0040_hong 9 8 1 1 0 106.02 108.91 71.27 74.01 34.75 34.9
ynao_sd_19760321_0310_hong 4 4 0 0 0 19.41 20.16 19.41 20.16 0 0
ynao_sd_19760322_0045_li 2 2 0 0 0 12.63 14.94 12.63 14.94 0 0
ynao_sd_19760323_0310_li 2 2 0 0 0 8.96 9.73 8.96 9.73 0 0
ynao_sd_19760324_0210_li 3 3 0 0 0 20.64 117.39 20.64 117.39 0 0
ynao_sd_19760325_0200_li 8 5 3 1 0 313.53 1147.39 84.98 235.95 228.55 911.44
ynao_sd_19760326_0055_li 21 14 7 1 0 703.59 1591.35 193.24 384.24 510.35 1207.11
ynao_sd_19760327_0040_li 33 21 12 2 0 1102.24 1768.17 246.24 375.55 856.0 1392.62
ynao_sd_19760328_0105_li 28 19 9 2 0 1250.77 1606.84 230.38 295.67 1020.39 1311.17
ynao_sd_19760329_0050_hong 23 16 7 2 0 1275.32 1412.22 276.99 305.17 998.33 1107.05
ynao_sd_19760330_0030_hong 20 11 9 1 0 1271.89 1314.55 304.3 318.32 967.59 996.23
ynao_sd_19760331_0030_hong 14 8 6 1 0 1291.32 1297.38 316.47 321.66 974.85 975.72
ynao_sd_19760401_0020_hong 21 11 10 1 0 1340.66 1378.38 362.36 381.14 978.3 997.24
ynao_sd_19760402_0050_hong 13 7 6 3 0 1069.37 1176.73 286.31 313.82 783.06 862.91
ynao_sd_19760403_0105_hong 12 5 7 1 0 857.65 1096.34 232.91 290.47 624.74 805.87
ynao_sd_19760404_0100_hong 11 6 5 1 0 807.2 1260.88 178.84 261.53 628.36 999.35
ynao_sd_19760405_0040_li 4 3 1 1 0 440.06 981.09 55.0 115.64 385.06 865.45
ynao_sd_19760406_0100_li 6 4 2 1 0 232.26 722.21 86.85 211.29 145.41 510.92
ynao_sd_19760407_0110_li 2 2 0 0 0 35.89 36.07 35.89 36.07 0 0
ynao_sd_19760408_0100_li 2 2 0 0 0 35.23 35.59 35.23 35.59 0 0
ynao_sd_19760409_0120_li 0 0 0 0 0 0 0 0 0 0 0
ynao_sd_19760410_0140_li 1 1 0 0 0 26.75 26.75 26.75 26.75 0 0
ynao_sd_19760411_0100_li 3 3 0 0 0 45.9 47.82 45.9 47.82 0 0
ynao_sd_19760412_0100_li 2 2 0 0 0 8.64 20.04 8.64 20.04 0 0
ynao_sd_19760413_0720_hong 6 6 0 0 0 48.16 49.67 48.16 49.67 0 0
ynao_sd_19760414_0330_hong 4 4 0 0 0 49.28 50.86 49.28 50.86 0 0
ynao_sd_19760415_0050_hong 2 2 0 0 0 8.68 26.19 8.68 26.19 0 0
ynao_sd_19760416_0025_hong 2 2 0 0 0 33.44 33.63 33.44 33.63 0 0
ynao_sd_19760417_0030_hong 3 3 0 0 0 45.62 49.35 45.62 49.35 0 0
ynao_sd_19760418_0050_hong 9 9 0 0 0 63.24 85.35 63.24 85.35 0 0
ynao_sd_19760419_0110_li 9 9 0 0 0 52.24 58.76 52.24 58.76 0 0
ynao_sd_19760420_0035_li 8 8 0 0 0 32.01 33.14 32.01 33.14 0 0
ynao_sd_19760421_0030_li 13 12 1 1 0 119.46 331.83 77.45 98.68 42.01 233.15
ynao_sd_19760422_0020_li 4 2 2 1 0 140.15 352.06 50.07 87.7 90.08 264.36
ynao_sd_19760424_0230_li 9 7 2 1 0 349.17 464.49 92.56 112.71 256.61 351.78
ynao_sd_19760425_0615_li 6 4 2 1 0 376.23 421.4 98.03 107.96 278.2 313.44
ynao_sd_19760426_0030_hong 5 4 1 1 0 404.78 424.61 123.51 128.22 281.27 296.39
ynao_sd_19760427_0020_li 7 5 2 1 0 410.48 418.6 98.78 103.94 311.7 314.66
ynao_sd_19760428_0030_hong 7 6 1 1 0 362.53 370.87 110.12 115.37 252.41 255.5
ynao_sd_19760429_0025_hong 12 11 1 1 0 404.92 430.75 147.67 156.02 257.25 274.73
ynao_sd_19760430_0205_hong 24 15 9 3 0 791.06 952.95 266.55 315.93 524.51 637.02
ynao_sd_19760501_0110_li 38 34 4 4 0 473.79 693.21 221.41 323.18 252.38 370.03
ynao_sd_19760505_0200_li 2 2 0 0 0 35.12 36.51 35.12 36.51 0 0
ynao_sd_19760506_0020_li 2 2 0 0 0 32.23 33.13 32.23 33.13 0 0
ynao_sd_19760507_0310_li 4 3 1 1 0 168.43 312.47 42.91 55.12 125.52 257.35
ynao_sd_19760508_0015_li 1 1 0 0 0 6.64 6.82 6.64 6.82 0 0
ynao_sd_19760509_0020_li 2 0 2 1 0 177.22 220.29 30.16 37.48 147.06 182.81
ynao_sd_19760510_0050_li 3 2 1 1 0 269.47 293.06 68.03 73.94 201.44 219.12
ynao_sd_19760511_0720_li 2 1 1 0 0 32.9 32.9 45.17 45.25 12.27 12.35
ynao_sd_19760512_0040_li 4 2 2 1 0 218.5 229.78 32.7 43.64 185.8 186.14
ynao_sd_19760513_0850_li 2 2 0 0 0 7.91 13.9 7.91 13.9 0 0
ynao_sd_19760514_0830_li 2 2 0 0 0 37.51 46.19 37.51 46.19 0 0
ynao_sd_19760515_0040_li 4 3 1 1 0 150.89 196.59 46.74 56.31 104.15 140.28
ynao_sd_19760516_0100_li 9 8 1 1 0 132.69 224.03 56.03 93.12 76.66 130.91
ynao_sd_19760517_0020_li 12 12 0 0 0 103.06 194.92 103.06 194.92 0 0
ynao_sd_19760518_0020_li 5 5 0 0 0 31.48 97.73 31.48 97.73 0 0
ynao_sd_19760519_0020_li 7 7 0 0 0 33.02 45.86 33.02 45.86 0 0
ynao_sd_19760520_0030_li 8 8 0 0 0 59.91 69.25 59.91 69.25 0 0
ynao_sd_19760521_0005_li 6 6 0 0 0 24.9 31.07 24.9 31.07 0 0
ynao_sd_19760522_0115_li 6 6 0 0 0 25.85 32.52 25.85 32.52 0 0
ynao_sd_19760523_0050_li 3 3 0 0 0 24.09 29.25 24.09 29.25 0 0
ynao_sd_19760524_0030_li 5 5 0 0 0 55.75 58.69 55.75 58.69 0 0
ynao_sd_19760525_0035_li 1 1 0 0 0 5.09 5.43 5.09 5.43 0 0
ynao_sd_19760526_0110_li 5 5 0 0 0 46.32 46.98 46.32 46.98 0 0
ynao_sd_19760527_0220_li 1 1 0 0 0 3.93 4.57 3.93 4.57 0 0
ynao_sd_19760528_0430_li 1 1 0 0 0 31.55 31.55 31.55 31.55 0 0
ynao_sd_19760529_0740_li 1 1 0 0 0 29.62 29.62 29.62 29.62 0 0
ynao_sd_19760530_0130_li 3 3 0 0 0 39.77 42.95 39.77 42.95 0 0
ynao_sd_19760531_0045_li 2 2 0 0 0 36.63 37.01 36.63 37.01 0 0
ynao_sd_19760601_0800_li 3 3 0 0 0 42.72 44.43 42.72 44.43 0 0
ynao_sd_19760602_0600_li 2 2 0 0 0 36.41 39.44 36.41 39.44 0 0
ynao_sd_19760603_0100_li 1 1 0 0 0 34.74 34.74 34.74 34.74 0 0
ynao_sd_19760604_0205_li 2 2 0 0 0 34.53 35.07 34.53 35.07 0 0
ynao_sd_19760605_0020_li 1 1 0 0 0 27.71 27.71 27.71 27.71 0 0
ynao_sd_19760606_0023_li 1 1 0 0 0 30.41 30.41 30.41 30.41 0 0
ynao_sd_19760608_0250_hong 9 9 0 0 0 36.21 44.65 36.21 44.65 0 0
ynao_sd_19760610_0210_li 5 5 0 0 0 17.03 27.45 17.03 27.45 0 0
ynao_sd_19760613_0200_li 2 2 0 0 0 6.8 9.33 6.8 9.33 0 0
ynao_sd_19760614_0100_hong 4 4 0 0 0 15.51 20.95 15.51 20.95 0 0
ynao_sd_19760615_0030_hong 2 2 0 0 0 8.71 14.8 8.71 14.8 0 0
ynao_sd_19760616_0025_hong 0 0 0 0 0 0 0 0 0 0 0
ynao_sd_19760617_0030_hong 0 0 0 0 0 0 0 0 0 0 0
ynao_sd_19760618_0220_hong 1 1 0 0 0 3.99 8.13 3.99 8.13 0 0
ynao_sd_19760619_0120_hong 0 0 0 0 0 0 0 0 0 0 0
ynao_sd_19760620_0140_hong 0 0 0 0 0 0 0 0 0 0 0
ynao_sd_19760621_0040_hong 1 1 0 0 0 4.65 6.7 4.65 6.7 0 0
ynao_sd_19760622_0220_hong 7 7 0 0 0 34.11 104.63 34.11 104.63 0 0
ynao_sd_19760623_0040_hong 5 3 2 1 0 85.69 185.75 27.73 63.45 57.96 122.3
ynao_sd_19760624_0150_hong 10 8 2 1 0 150.08 231.9 66.34 101.23 83.74 130.67
ynao_sd_19760625_0220_hong 11 10 1 1 0 188.92 247.17 69.86 91.01 119.06 156.16
ynao_sd_19760626_0250_hong 5 4 1 1 0 168.96 201.17 38.82 48.61 130.14 152.56
ynao_sd_19760628_1020_hong 4 3 1 1 0 136.86 160.61 32.62 39.38 104.24 121.23
ynao_sd_19760630_0030_hong 3 2 1 1 0 122.39 208.25 23.42 73.62 98.97 134.63
ynao_sd_19760701_0830_hong 3 2 1 1 0 116.29 201.41 23.67 44.43 92.62 156.98
ynao_sd_19760703_0255_hong 2 2 0 0 0 25.48 75.45 25.48 75.45 0 0
ynao_sd_19760704_0520_hong 1 1 0 0 0 3.35 3.87 3.35 3.87 0 0
ynao_sd_19760705_0120_hong 3 3 0 0 0 17.42 28.39 17.42 28.39 0 0
ynao_sd_19760706_0505_hong 0 0 0 0 0 0 0 0 0 0 0
ynao_sd_19760707_0520_hong 1 1 0 0 0 5.03 7.25 5.03 7.25 0 0
ynao_sd_19760708_0340_li 2 2 0 0 0 9.22 11.51 9.22 11.51 0 0
ynao_sd_19760709_0405_hong 0 0 0 0 0 0 0 0 0 0 0
ynao_sd_19760710_0240_hong 0 0 0 0 0 0 0 0 0 0 0
ynao_sd_19760711_0040_li 1 1 0 0 0 4.67 5.81 4.67 5.81 0 0
ynao_sd_19760712_0010_li 2 2 0 0 0 6.06 9.27 6.06 9.27 0 0
ynao_sd_19760713_0105_li 1 1 0 0 0 4.22 9.5 4.22 9.5 0 0
ynao_sd_19760714_0140_li 2 2 0 0 0 8.8 17.93 8.8 17.93 0 0
ynao_sd_19760715_0130_li 0 0 0 0 0 0 0 0 0 0 0
ynao_sd_19760716_0030_li 0 0 0 0 0 0 0 0 0 0 0
ynao_sd_19760717_0205_li 0 0 0 0 0 0 0 0 0 0 0
ynao_sd_19760718_0105_li 3 3 0 0 0 14.82 19.37 14.82 19.37 0 0
ynao_sd_19760719_0015_li 0 0 0 0 0 0 0 0 0 0 0
ynao_sd_19760720_0610_hong 0 0 0 0 0 0 0 0 0 0 0
ynao_sd_19760721_0505_li 1 1 0 0 0 6.52 7.62 6.52 7.62 0 0
ynao_sd_19760722_0330_hong 1 1 0 0 0 5.03 7.94 5.03 7.94 0 0
ynao_sd_19760723_0145_li 0 0 0 0 0 0 0 0 0 0 0
ynao_sd_19760724_0020_hong 1 1 0 0 0 3.55 3.83 3.55 3.83 0 0
ynao_sd_19760725_0005_hong 1 1 0 0 0 3.86 4.19 3.86 4.19 0 0
ynao_sd_19760726_0030_hong 4 4 0 0 0 18.53 21.45 18.53 21.45 0 0
ynao_sd_19760727_0030_hong 0 0 0 0 0 0 0 0 0 0 0
ynao_sd_19760728_0620_hong 4 4 0 0 0 18.86 22.12 18.86 22.12 0 0
ynao_sd_19760729_0001_li 29 29 0 0 0 84.27 123.97 84.27 123.97 0 0
ynao_sd_19760730_0100_li 0 0 0 0 0 0 0 0 0 0 0
ynao_sd_19760731_0020_li 1 1 0 0 0 2.89 3.47 2.89 3.47 0 0
ynao_sd_19760801_0035_li 1 1 0 0 0 6.68 8.01 6.68 8.01 0 0
ynao_sd_19760802_0035_hong 8 8 0 0 0 37.42 43.82 37.42 43.82 0 0
ynao_sd_19760803_0030_hong 0 0 0 0 0 0 0 0 0 0 0
ynao_sd_19760804_0030_hong 0 0 0 0 0 0 0 0 0 0 0
ynao_sd_19760805_0100_hong 0 0 0 0 0 0 0 0 0 0 0
ynao_sd_19760806_0110_hong 0 0 0 0 0 0 0 0 0 0 0
ynao_sd_19760807_0050_hong 0 0 0 0 0 0 0 0 0 0 0
ynao_sd_19760808_0140_hong 4 4 0 0 0 22.66 40.82 22.66 40.82 0 0
ynao_sd_19760809_0050_li 2 2 0 0 0 9.98 15.02 9.98 15.02 0 0
ynao_sd_19760810_0020_li 3 3 0 0 0 14.55 23.22 14.55 23.22 0 0
ynao_sd_19760811_0010_li 2 2 0 0 0 9.7 21.06 9.7 21.06 0 0
ynao_sd_19760812_0045_li 1 1 0 0 0 8.73 8.96 8.73 8.96 0 0
ynao_sd_19760813_0335_li 2 2 0 0 0 6.46 6.85 6.46 6.85 0 0
ynao_sd_19760814_0310_li 0 0 0 0 0 0 0 0 0 0 0
ynao_sd_19760815_0110_li 0 0 0 0 0 0 0 0 0 0 0
ynao_sd_19760817_0505_hong 20 20 0 0 0 141.41 148.33 141.41 148.33 0 0
ynao_sd_19760818_0650_li 29 27 2 1 0 188.81 242.88 158.07 207.74 30.74 35.14
ynao_sd_19760819_0405_hong 14 9 5 4 0 177.28 325.48 69.51 106.49 107.77 218.99
ynao_sd_19760821_0900_hong 10 8 2 1 0 148.0 236.37 60.38 111.06 87.62 125.31
ynao_sd_19760822_0030_hong 4 2 2 1 0 122.11 153.99 33.06 42.66 89.05 111.33
ynao_sd_19760823_0030_li 6 4 2 1 0 136.59 153.56 45.73 52.04 90.86 101.52
ynao_sd_19760824_0015_li 4 3 1 1 0 101.09 107.55 32.34 34.42 68.75 73.13
ynao_sd_19760825_0115_li 3 3 0 0 0 42.85 45.44 42.85 45.44 0 0
ynao_sd_19760826_0610_li 1 1 0 0 0 23.82 27.23 23.82 27.23 0 0
ynao_sd_19760827_0215_li 3 3 0 0 0 10.89 11.43 10.89 11.43 0 0
ynao_sd_19760828_0250_li 3 3 0 0 0 20.95 29.26 20.95 29.26 0 0
ynao_sd_19760829_0130_li 0 0 0 0 0 0 0 0 0 0 0
ynao_sd_19760830_0200_hong 0 0 0 0 0 0 0 0 0 0 0
ynao_sd_19760831_0250_hong 1 1 0 0 0 2.81 3.77 2.81 3.77 0 0
ynao_sd_19760901_0120_hong 0 0 0 0 0 0 0 0 0 0 0
ynao_sd_19760902_0530_hong 1 1 0 0 0 4.3 5.23 4.3 5.23 0 0
ynao_sd_19760903_0205_hong 2 2 0 0 0 21.37 27.84 21.37 27.84 0 0
ynao_sd_19760904_0150_hong 1 1 0 0 0 4.66 8.67 4.66 8.67 0 0
ynao_sd_19760905_0200_hong 2 2 0 0 0 15.84 24.32 15.84 24.32 0 0
ynao_sd_19760906_0540_lik 1 1 0 0 0 17.17 131.39 17.17 131.39 0 0
ynao_sd_19760907_0120_lik 0 0 0 0 0 0 0 0 0 0 0
ynao_sd_19760908_0040_hong 0 0 0 0 0 0 0 0 0 0 0
ynao_sd_19760909_0110_lik 2 2 0 0 0 6.0 8.88 6.0 8.88 0 0
ynao_sd_19760910_0035_lik 11 10 1 1 0 104.99 230.5 85.59 207.66 19.4 22.84
ynao_sd_19760911_0120_lik 21 18 3 2 0 278.32 314.91 135.65 154.24 142.67 160.67
ynao_sd_19760912_0425_lik 19 17 2 3 0 248.68 284.63 116.49 134.77 132.19 149.86
ynao_sd_19760913_0330_hong 18 16 2 1 0 163.0 197.95 77.07 93.34 85.93 104.61
ynao_sd_19760914_0330_hong 6 3 3 1 0 70.49 100.85 23.35 32.62 47.14 68.23
ynao_sd_19760915_0310_hong 8 6 2 1 0 63.15 122.51 33.72 68.72 29.43 53.79
ynao_sd_19760916_0720_hong 4 4 0 0 0 18.47 47.86 18.47 47.86 0 0
ynao_sd_19760917_0810_hong 6 5 1 1 0 61.38 95.61 33.69 50.55 27.69 45.06
ynao_sd_19760918_0220_hong 4 4 0 0 0 18.47 24.64 18.47 24.64 0 0
ynao_sd_19760919_0450_hong 1 1 0 0 0 3.18 3.68 3.18 3.68 0 0
ynao_sd_19760921_0240_wang 0 0 0 0 0 0 0 0 0 0 0
ynao_sd_19760923_0025_wang 3 3 0 0 0 10.57 18.05 10.57 18.05 0 0
ynao_sd_19760924_0145_wang 3 3 0 0 0 12.36 13.29 12.36 13.29 0 0
ynao_sd_19760927_0200_hong 0 0 0 0 0 0 0 0 0 0 0
ynao_sd_19760928_0035_hong 3 1 2 1 0 160.89 266.0 30.77 65.33 130.12 200.67
ynao_sd_19760930_0030_hong 2 1 1 1 0 155.25 188.25 37.29 44.3 117.96 143.95
ynao_sd_19761001_0030_li 1 0 1 1 0 147.69 174.32 24.39 28.78 123.3 145.54
ynao_sd_19761002_0100_hong 2 1 1 1 0 180.34 217.64 31.6 38.0 148.74 179.64
ynao_sd_19761003_0050_hong 2 1 1 1 0 144.31 187.22 29.87 38.71 114.44 148.51
ynao_sd_19761004_0045_li 1 0 1 1 0 86.11 127.02 11.78 17.37 74.33 109.65
ynao_sd_19761005_0100_li 2 1 1 1 0 74.95 132.57 16.01 23.46 58.94 109.11
ynao_sd_19761006_0340_li 2 1 1 1 0 64.32 168.27 15.06 33.11 49.26 135.16
ynao_sd_19761007_0230_li 2 2 0 0 0 27.97 99.43 27.97 99.43 0 0
ynao_sd_19761008_0140_li 3 3 0 0 0 13.1 16.87 13.1 16.87 0 0
ynao_sd_19761009_0040_li 1 1 0 0 0 4.14 4.22 4.14 4.22 0 0
ynao_sd_19761010_0130_li 1 1 0 0 0 5.26 6.28 5.26 6.28 0 0
ynao_sd_19761011_0010_wang 1 1 0 0 0 13.04 15.99 13.04 15.99 0 0
ynao_sd_19761012_0245_wang 2 2 0 0 0 30.8 171.78 30.8 171.78 0 0
ynao_sd_19761013_0150_hong 3 2 1 1 0 59.9 159.19 23.77 51.94 36.13 107.25
ynao_sd_19761014_0615_wang 13 11 2 2 0 117.1 176.26 59.81 83.03 57.29 93.23
ynao_sd_19761015_0255_wang 20 15 5 2 0 215.12 269.89 101.31 128.6 113.81 141.29
ynao_sd_19761016_0050_wang 18 12 6 2 0 339.75 405.16 100.61 120.76 239.14 284.4
ynao_sd_19761017_0035_wang 20 15 5 3 0 396.18 547.76 159.67 267.04 236.51 280.72
ynao_sd_19761018_0040_hong 17 13 4 3 0 347.18 431.15 118.04 145.14 229.14 286.01
ynao_sd_19761022_0040_hong 2 2 0 0 0 21.76 31.3 21.76 31.3 0 0
ynao_sd_19761023_0030_hong 2 2 0 0 0 18.15 101.58 18.15 101.58 0 0
ynao_sd_19761024_0130_hong 2 2 0 0 0 11.18 14.02 11.18 14.02 0 0
ynao_sd_19761025_0140_li 1 1 0 0 0 3.77 3.91 3.77 3.91 0 0
ynao_sd_19761026_0350_li 2 2 0 0 0 20.03 27.95 20.03 27.95 0 0
ynao_sd_19761029_0320_li 5 5 0 0 0 33.54 148.95 33.54 148.95 0 0
ynao_sd_19761030_0140_li 0 0 0 0 0 0 0 0 0 0 0
ynao_sd_19761031_0010_li 3 3 0 0 0 10.95 14.3 10.95 14.3 0 0
ynao_sd_19761101_0505_zhao 1 1 0 0 0 11.63 12.86 11.63 12.86 0 0
ynao_sd_19761102_0245_zha 1 1 0 0 0 6.59 7.91 6.59 7.91 0 0
ynao_sd_19761103_0220_zhao 1 1 0 0 0 8.44 9.0 8.44 9.0 0 0
ynao_sd_19761104_0135_zhao 1 1 0 0 0 10.85 12.77 10.85 12.77 0 0
ynao_sd_19761105_0315_zhao 1 1 0 0 0 3.63 4.57 3.63 4.57 0 0
ynao_sd_19761106_0040_zhao 4 4 0 0 0 19.68 24.68 19.68 24.68 0 0
ynao_sd_19761107_0025_zhao 1 1 0 0 0 6.37 29.78 6.37 29.78 0 0
ynao_sd_19761108_0230_wang 3 3 0 0 0 29.42 104.72 29.42 104.72 0 0
ynao_sd_19761109_0050_wang 1 1 0 0 0 6.14 6.77 6.14 6.77 0 0
ynao_sd_19761110_0630_wang 0 0 0 0 0 0 0 0 0 0 0
ynao_sd_19761111_0350_wang 1 1 0 0 0 12.01 90.7 12.01 90.7 0 0
ynao_sd_19761112_0040_li 1 1 0 0 0 12.86 86.31 12.86 86.31 0 0
ynao_sd_19761113_0200_wang 1 1 0 0 0 6.44 7.67 6.44 7.67 0 0
ynao_sd_19761114_0710_wang 0 0 0 0 0 0 0 0 0 0 0
ynao_sd_19761115_0110_hong 0 0 0 0 0 0 0 0 0 0 0
ynao_sd_19761116_0020_hong 0 0 0 0 0 0 0 0 0 0 0
ynao_sd_19761118_0740_hong 3 3 0 0 0 23.74 107.33 23.74 107.33 0 0
ynao_sd_19761119_0130_hong 1 1 0 0 0 6.83 6.88 6.83 6.88 0 0
ynao_sd_19761129_0815_wang 1 1 0 0 0 3.33 4.32 3.33 4.32 0 0
ynao_sd_19761201_0130_wang 2 2 0 0 0 13.81 17.97 13.81 17.97 0 0
ynao_sd_19761202_0300_wang 2 2 0 0 0 7.57 8.1 7.57 8.1 0 0
ynao_sd_19761203_0810_wang 1 1 0 0 0 4.3 5.71 4.3 5.71 0 0
ynao_sd_19761204_0150_wang 1 1 0 0 0 5.87 5.98 5.87 5.98 0 0
ynao_sd_19761205_0040_wang 0 0 0 0 0 0 0 0 0 0 0
ynao_sd_19761206_0135_zhao 1 1 0 0 0 4.22 4.37 4.22 4.37 0 0
ynao_sd_19761207_0455_zhao 3 3 0 0 0 38.43 42.53 38.43 42.53 0 0
ynao_sd_19761210_0050_hong 1 1 0 0 0 16.96 19.23 16.96 19.23 0 0
ynao_sd_19761211_0040_hong 2 2 0 0 0 6.01 8.31 6.01 8.31 0 0
ynao_sd_19761212_0050_zhao 1 1 0 0 0 6.31 7.14 6.31 7.14 0 0
ynao_sd_19761213_0140_zhao 1 1 0 0 0 7.5 8.88 7.5 8.88 0 0
ynao_sd_19761214_0850_hong 9 9 0 0 0 98.0 108.67 98.0 108.67 0 0
ynao_sd_19761215_0100_zhao 12 7 5 4 0 257.25 287.13 120.24 132.36 137.01 154.77
ynao_sd_19761216_0030_zhao 13 11 2 1 0 168.6 214.53 78.04 102.61 90.56 111.92
ynao_sd_19761217_0040_zhao 7 6 1 1 0 68.24 102.21 42.33 64.21 25.91 38.0
ynao_sd_19761218_0130_hong 10 10 0 0 0 90.34 123.22 90.34 123.22 0 0
ynao_sd_19761219_0105_zhao 6 6 0 0 0 59.78 118.16 59.78 118.16 0 0
ynao_sd_19761220_0040_hong 4 4 0 0 0 41.68 50.65 41.68 50.65 0 0
ynao_sd_19761221_0040_zhao 0 0 0 0 0 0 0 0 0 0 0
ynao_sd_19761222_0030_hong 0 0 0 0 0 0 0 0 0 0 0
ynao_sd_19761223_0035_hong 1 1 0 0 0 4.15 5.49 4.15 5.49 0 0
ynao_sd_19761224_0040_hong 5 4 1 1 0 90.19 245.07 65.53 105.4 24.66 139.67
ynao_sd_19761225_0140_wang 5 1 4 2 0 75.25 313.36 34.32 136.16 40.93 177.2
ynao_sd_19761226_0100_hong 9 5 4 3 0 211.67 464.34 48.01 103.46 163.66 360.88
ynao_sd_19761227_0120_wang 15 10 5 4 0 299.23 452.51 142.95 211.97 156.28 240.54
ynao_sd_19761228_0100_wang 13 11 2 1 0 321.93 401.16 143.32 185.69 178.61 215.47
ynao_sd_19761229_0040_wang 12 10 2 2 0 249.74 277.2 99.96 114.16 149.78 163.04
ynao_sd_19761230_0100_wang 20 16 4 1 0 327.01 342.6 135.19 142.83 191.82 199.77
ynao_sd_19761231_0100_wang 22 21 1 1 0 330.54 347.13 157.65 165.48 172.89 181.65
