ynao_sd_19770101_0500_wang 5 3 2 1 0 227.39 254.9 78.88 86.07 148.51 168.83
ynao_sd_19770102_0120_hong 12 10 2 1 0 213.87 265.22 90.11 108.08 123.76 157.14
ynao_sd_19770103_0040_hong 7 6 1 1 0 186.52 270.48 84.45 112.05 102.07 158.43
ynao_sd_19770104_0735_wang 3 2 1 1 0 85.93 189.73 27.85 52.59 58.08 137.14
ynao_sd_19770105_0200_wang 7 5 2 1 0 76.59 235.24 40.07 149.45 36.52 85.79
ynao_sd_19770106_0050_wang 7 7 0 0 0 44.8 55.54 44.8 55.54 0 0
ynao_sd_19770107_0110_hong 2 2 0 0 0 35.72 35.9 35.72 35.9 0 0
ynao_sd_19770108_0050_hong 5 5 0 0 0 39.1 40.71 39.1 40.71 0 0
ynao_sd_19770109_0105_hong 6 6 0 0 0 43.73 49.83 43.73 49.83 0 0
ynao_sd_19770110_0300_hong 5 5 0 0 0 40.18 43.96 40.18 43.96 0 0
ynao_sd_19770112_0110_wang 17 17 0 0 0 66.52 76.73 66.52 76.73 0 0
ynao_sd_19770113_0630_wang 25 13 12 5 0 481.95 535.33 193.35 213.34 288.6 321.99
ynao_sd_19770114_0150_wang 22 16 6 2 0 585.36 696.55 257.19 304.55 328.17 392.0
ynao_sd_19770115_0045_wang 23 17 6 2 0 536.17 728.14 177.07 239.4 359.1 488.74
ynao_sd_19770116_0510_wang 18 13 5 3 0 431.05 731.98 205.54 337.56 225.51 394.42
ynao_sd_19770117_0150_hong 19 15 4 2 0 281.04 616.3 92.52 181.02 188.52 435.28
ynao_sd_19770118_0040_hong 8 5 3 1 0 143.43 453.88 65.43 156.29 78.0 297.59
ynao_sd_19770119_0045_hong 3 3 0 0 0 37.65 46.79 37.65 46.79 0 0
ynao_sd_19770120_0040_hong 2 2 0 0 0 6.64 16.26 6.64 16.26 0 0
ynao_sd_19770121_0050_hong 3 3 0 0 0 6.88 9.06 6.88 9.06 0 0
ynao_sd_19770122_0220_hong 3 3 0 0 0 40.79 43.82 40.79 43.82 0 0
ynao_sd_19770123_0440_hong 9 9 0 0 0 40.0 69.72 40.0 69.72 0 0
ynao_sd_19770124_0100_wang 8 8 0 0 0 57.68 63.45 57.68 63.45 0 0
ynao_sd_19770125_0050_wang 10 10 0 0 0 52.23 65.18 52.23 65.18 0 0
ynao_sd_19770126_0115_wang 1 1 0 0 0 4.51 4.75 4.51 4.75 0 0
ynao_sd_19770127_0120_wang 1 0 1 0 0 0 0 4.8 6.01 4.8 6.01
ynao_sd_19770128_0110_wang 12 12 0 0 0 93.32 122.45 93.32 122.45 0 0
ynao_sd_19770129_0720_hong 8 8 0 0 0 42.22 83.05 42.22 83.05 0 0
ynao_sd_19770130_0310_hong 5 4 1 0 0 44.94 46.77 50.4 81.66 5.46 34.89
ynao_sd_19770131_0110_chao 2 2 0 0 0 4.95 5.5 4.95 5.5 0 0
ynao_sd_19770201_0050_chao 2 2 0 0 0 7.61 9.35 7.61 9.35 0 0
ynao_sd_19770202_0100_chao 3 3 0 0 0 42.73 42.74 42.73 42.74 0 0
ynao_sd_19770203_0120_chao 2 2 0 0 0 4.5 8.03 4.5 8.03 0 0
ynao_sd_19770204_0330_chao 0 0 0 0 0 0 0 0 0 0 0
ynao_sd_19770205_0120_chao 1 1 0 1 0 55.42 55.44 3.55 3.56 51.87 51.88
ynao_sd_19770206_0105_chao 3 3 0 0 0 12.29 32.1 12.29 32.1 0 0
ynao_sd_19770207_0050_hong 2 2 0 0 0 7.04 12.42 7.04 12.42 0 0
ynao_sd_19770209_0210_wang 27 23 4 2 0 211.85 308.46 154.49 227.59 57.36 80.87
ynao_sd_19770210_0700_hong 28 24 4 3 0 398.55 506.69 186.18 235.77 212.37 270.92
ynao_sd_19770211_0200_wang 52 43 9 4 0 546.6 669.28 275.95 339.4 270.65 329.88
ynao_sd_19770212_0050_hong 34 24 10 6 0 500.06 598.71 211.36 249.24 288.7 349.47
ynao_sd_19770213_0100_hong 31 25 6 4 0 401.75 486.61 199.37 238.09 202.38 248.52
ynao_sd_19770214_0210_chao 21 17 4 3 0 427.51 764.03 195.24 313.66 232.27 450.37
ynao_sd_19770218_0510_chao 16 14 2 1 0 382.2 441.54 132.9 159.24 249.3 282.3
ynao_sd_19770219_0105_chao 10 9 1 1 0 317.73 363.63 111.02 143.46 206.71 220.17
ynao_sd_19770220_0120_hong 10 9 1 1 0 264.76 276.15 80.08 87.69 184.68 188.46
ynao_sd_19770223_0550_hong 6 5 1 1 0 124.32 171.5 38.17 59.4 86.15 112.1
ynao_sd_19770224_0230_chao 8 7 1 1 0 178.45 249.26 85.47 106.38 92.98 142.88
ynao_sd_19770225_0100_chao 40 39 1 1 0 182.42 355.11 145.99 283.86 36.43 71.25
ynao_sd_19770226_0345_hong 7 6 1 1 0 61.31 176.91 28.22 69.13 33.09 107.78
ynao_sd_19770227_0120_hong 2 2 0 0 0 35.39 42.51 35.39 42.51 0 0
ynao_sd_19770228_0030_chao 3 3 0 0 0 39.63 40.46 39.63 40.46 0 0
ynao_sd_19770301_0050_chao 2 2 0 0 0 37.13 39.18 37.13 39.18 0 0
ynao_sd_19770302_0035_chao 6 6 0 0 0 44.62 53.27 44.62 53.27 0 0
ynao_sd_19770304_0505_chao 1 1 0 0 0 2.44 3.88 2.44 3.88 0 0
ynao_sd_19770305_0600_chao 1 1 0 0 0 2.81 11.86 2.81 11.86 0 0
ynao_sd_19770306_0330_chao 2 2 0 0 0 5.03 13.21 5.03 13.21 0 0
ynao_sd_19770307_0615_hong 4 4 0 0 0 14.41 16.85 14.41 16.85 0 0
ynao_sd_19770308_0040_hong 5 5 0 0 0 52.34 79.56 52.34 79.56 0 0
ynao_sd_19770309_0030_hong 4 4 0 0 0 15.84 17.29 15.84 17.29 0 0
ynao_sd_19770310_0320_hong 2 2 0 0 0 38.86 39.75 38.86 39.75 0 0
ynao_sd_19770311_0040_hong 1 1 0 0 0 3.76 4.72 3.76 4.72 0 0
ynao_sd_19770312_0035_hong 2 2 0 0 0 5.75 13.75 5.75 13.75 0 0
ynao_sd_19770313_0130_hong 3 3 0 0 0 9.22 16.9 9.22 16.9 0 0
ynao_sd_19770314_0040_wang 1 1 0 0 0 4.2 12.71 4.2 12.71 0 0
ynao_sd_19770315_0040_wang 2 2 0 0 0 33.71 38.39 33.71 38.39 0 0
ynao_sd_19770316_0020_wang 5 5 0 0 0 40.11 43.98 40.11 43.98 0 0
ynao_sd_19770317_0040_wang 3 3 0 0 0 10.5 11.19 10.5 11.19 0 0
ynao_sd_19770318_0050_hong 10 10 0 0 0 58.98 84.28 58.98 84.28 0 0
ynao_sd_19770319_0020_wang 1 1 0 0 0 30.03 30.03 30.03 30.03 0 0
ynao_sd_19770320_0100_wang 3 3 0 0 0 8.93 22.65 8.93 22.65 0 0
ynao_sd_19770321_0050_chao 3 3 0 0 0 39.47 47.57 39.47 47.57 0 0
ynao_sd_19770322_0110_chao 6 6 0 0 0 68.9 171.19 68.9 171.19 0 0
ynao_sd_19770323_0030_chao 9 7 2 1 0 91.5 119.48 55.04 69.73 36.46 49.75
ynao_sd_19770326_0030_chao 32 32 0 0 0 86.06 103.37 86.06 103.37 0 0
ynao_sd_19770327_0040_chao 0 0 0 0 0 0 0 0 0 0 0
ynao_sd_19770328_0040_hong 1 1 0 0 0 7.68 9.32 7.68 9.32 0 0
ynao_sd_19770328_0130_chao 0 0 0 0 0 0 0 0 0 0 0
ynao_sd_19770329_0040_hong 2 2 0 0 0 21.05 144.3 21.05 144.3 0 0
ynao_sd_19770330_0030_hong 0 0 0 0 0 0 0 0 0 0 0
ynao_sd_19770331_0620_hong 1 1 0 0 0 4.94 6.49 4.94 6.49 0 0
ynao_sd_19770401_0050_hong 2 2 0 0 0 34.65 39.29 34.65 39.29 0 0
ynao_sd_19770404_0025_wang 2 2 0 0 0 34.55 36.5 34.55 36.5 0 0
ynao_sd_19770405_0050_wang 2 2 0 0 0 36.95 38.98 36.95 38.98 0 0
ynao_sd_19770406_0000_wang 1 1 0 0 0 4.95 5.27 4.95 5.27 0 0
ynao_sd_19770407_0020_wang 3 3 0 0 0 16.11 24.88 16.11 24.88 0 0
ynao_sd_19770408_0710_wang 1 1 0 0 0 28.37 28.37 28.37 28.37 0 0
ynao_sd_19770409_0740_wang 2 2 0 0 0 34.13 35.07 34.13 35.07 0 0
ynao_sd_19770410_0040_hong 2 2 0 0 0 36.11 36.29 36.11 36.29 0 0
ynao_sd_19770411_0020_hong 9 9 0 0 0 65.01 74.88 65.01 74.88 0 0
ynao_sd_19770412_0030_hong 9 7 2 1 0 128.62 351.19 81.99 198.07 46.63 153.12
ynao_sd_19770413_0040_hong 10 6 4 2 0 224.48 566.33 56.13 133.26 168.35 433.07
ynao_sd_19770414_0020_hong 21 13 8 5 0 367.31 634.63 109.71 190.41 257.6 444.22
ynao_sd_19770415_0020_hong 25 18 7 4 0 399.59 542.87 126.6 175.17 272.99 367.7
ynao_sd_19770416_0000_wang 18 14 4 2 0 404.8 465.07 143.99 165.14 260.81 299.93
ynao_sd_19770417_0050_hong 23 19 4 2 0 448.53 482.18 152.46 165.5 296.07 316.68
ynao_sd_19770418_0105_wang 21 16 5 2 0 366.23 404.73 132.35 163.13 233.88 241.6
ynao_sd_19770419_0130_wang 8 6 2 2 0 249.47 284.24 56.21 76.95 193.26 207.29
ynao_sd_19770420_0210_wang 7 5 2 2 0 279.11 316.58 62.67 72.98 216.44 243.6
ynao_sd_19770421_0005_wang 11 10 1 2 0 324.64 403.08 113.67 138.85 210.97 264.23
ynao_sd_19770422_0005_wang 12 11 1 1 0 191.86 288.58 89.12 130.91 102.74 157.67
ynao_sd_19770423_0010_wang 12 11 1 1 0 114.57 212.98 60.58 103.54 53.99 109.44
ynao_sd_19770424_0030_wang 11 10 1 1 0 123.14 276.49 86.08 160.32 37.06 116.17
ynao_sd_19770425_0015_wang 2 2 0 0 0 12.31 30.46 12.31 30.46 0 0
ynao_sd_19770426_0055_wang 3 3 0 0 0 34.77 132.38 34.77 132.38 0 0
ynao_sd_19770427_0030_wang 2 0 2 1 0 64.51 169.91 11.09 29.11 53.42 140.8
ynao_sd_19770428_0040_hong 4 3 1 1 0 53.04 92.35 17.9 31.29 35.14 61.06
ynao_sd_19770429_0030_hong 9 8 1 1 0 79.88 105.07 40.94 51.62 38.94 53.45
ynao_sd_19770430_0020_hong 5 3 2 1 0 90.2 106.98 29.21 34.4 60.99 72.58
ynao_sd_19770501_0045_wang 9 7 2 1 0 63.65 90.41 41.84 66.67 21.81 23.74
ynao_sd_19770502_0220_hong 6 6 0 0 0 28.64 34.2 28.64 34.2 0 0
ynao_sd_19770503_0100_hong 5 4 1 0 0 43.55 45.13 59.59 173.71 16.04 128.58
ynao_sd_19770504_0030_hong 5 5 0 0 0 29.24 65.45 29.24 65.45 0 0
ynao_sd_19770505_0050_hong 2 2 0 0 0 7.62 9.65 7.62 9.65 0 0
ynao_sd_19770506_0020_hong 0 0 0 0 0 0 0 0 0 0 0
ynao_sd_19770507_0015_wang 0 0 0 0 0 0 0 0 0 0 0
ynao_sd_19770508_0115_hong 4 4 0 0 0 24.8 50.31 24.8 50.31 0 0
ynao_sd_19770509_0035_wang 4 4 0 0 0 50.15 83.25 50.15 83.25 0 0
ynao_sd_19770510_0020_wang 3 2 1 0 0 9.04 11.43 13.19 27.32 4.15 15.89
ynao_sd_19770511_0005_wang 3 1 2 2 0 89.89 202.49 20.9 41.47 68.99 161.02
ynao_sd_19770512_0050_wang 11 9 2 2 0 168.55 235.64 85.45 100.49 83.1 135.15
ynao_sd_19770513_0040_wang 7 5 2 2 0 132.7 169.13 48.02 57.56 84.68 111.57
ynao_sd_19770514_1015_wang 10 9 1 1 0 143.87 165.92 88.05 104.4 55.82 61.52
ynao_sd_19770515_0100_hong 9 8 1 1 0 114.08 125.12 55.97 63.06 58.11 62.06
ynao_sd_19770516_0030_hong 12 10 2 1 0 90.66 95.32 54.59 57.46 36.07 37.86
ynao_sd_19770517_0020_hong 15 15 0 0 0 89.79 95.8 89.79 95.8 0 0
ynao_sd_19770518_0025_hong 9 8 1 1 0 53.73 64.84 40.93 50.04 12.8 14.8
ynao_sd_19770519_0040_hong 2 2 0 0 0 9.39 12.5 9.39 12.5 0 0
ynao_sd_19770520_0020_hong 2 2 0 0 0 15.45 17.11 15.45 17.11 0 0
ynao_sd_19770521_0310_wang 10 10 0 0 0 52.97 71.92 52.97 71.92 0 0
ynao_sd_19770522_0005_hong 8 8 0 0 0 37.32 53.54 37.32 53.54 0 0
ynao_sd_19770523_0120_wang 3 3 0 0 0 18.48 25.47 18.48 25.47 0 0
ynao_sd_19770524_0110_hong 2 2 0 0 0 32.91 35.24 32.91 35.24 0 0
ynao_sd_19770525_0030_wang 1 1 0 0 0 33.65 33.65 33.65 33.65 0 0
ynao_sd_19770526_0110_wang 0 0 0 0 0 0 0 0 0 0 0
ynao_sd_19770527_0150_hong 2 2 0 0 0 8.58 10.61 8.58 10.61 0 0
ynao_sd_19770528_0020_wang 4 4 0 0 0 17.87 20.06 17.87 20.06 0 0
ynao_sd_19770529_0020_wang 4 4 0 0 0 34.78 40.56 34.78 40.56 0 0
ynao_sd_19770530_0000_duan 0 0 0 0 0 0 0 0 0 0 0
ynao_sd_19770531_0040_duan 0 0 0 0 0 0 0 0 0 0 0
ynao_sd_19770601_0010_duan 3 3 0 0 0 27.93 36.69 27.93 36.69 0 0
ynao_sd_19770602_0030_hong 14 14 0 0 0 75.6 115.92 75.6 115.92 0 0
ynao_sd_19770603_0040_duan 16 13 3 3 0 229.82 618.51 107.92 293.79 121.9 324.72
ynao_sd_19770604_0010_duan 21 20 1 1 0 268.87 590.75 133.0 326.94 135.87 263.81
ynao_sd_19770605_0020_duan 24 21 3 1 0 413.38 665.69 217.94 369.85 195.44 295.84
ynao_sd_19770606_0030_hong 22 16 6 3 0 409.36 535.95 113.52 153.55 295.84 382.4
ynao_sd_19770607_0110_hong 24 14 10 4 0 628.14 953.08 152.13 222.18 476.01 730.9
ynao_sd_19770608_0030_hong 22 11 11 5 0 700.96 998.82 181.17 277.92 519.79 720.9
ynao_sd_19770609_0010_hong 23 16 7 4 0 626.73 857.87 181.86 242.55 444.87 615.32
ynao_sd_19770610_0020_hong 17 14 3 2 0 609.48 788.13 176.44 219.66 433.04 568.47
ynao_sd_19770611_0030_hong 23 20 3 2 0 551.1 683.59 184.0 227.97 367.1 455.62
ynao_sd_19770612_0120_hong 13 10 3 2 0 558.93 690.73 138.19 175.68 420.74 515.05
ynao_sd_19770613_0040_duan 6 3 3 2 0 544.28 689.22 135.8 182.55 408.48 506.67
ynao_sd_19770614_0020_wang 5 2 3 2 0 417.4 544.74 74.84 92.34 342.56 452.4
ynao_sd_19770615_0010_wang 3 2 1 1 0 359.39 467.28 83.06 145.73 276.33 321.55
ynao_sd_19770616_0010_wang 5 3 2 1 0 276.01 363.92 76.3 100.64 199.71 263.28
ynao_sd_19770617_0010_wang 2 1 1 1 0 189.05 303.72 36.09 57.92 152.96 245.8
ynao_sd_19770618_0040_wang 3 1 2 1 0 124.65 272.83 32.87 74.21 91.78 198.62
ynao_sd_19770620_0040_duan 7 5 2 1 0 137.29 396.72 65.14 193.8 72.15 202.92
ynao_sd_19770624_0120_hong 36 31 5 2 0 442.33 501.52 226.57 259.58 215.76 241.94
ynao_sd_19770625_0040_wang 25 17 8 3 0 656.42 717.55 203.83 223.42 452.59 494.13
ynao_sd_19770626_0040_wang 40 33 7 3 0 615.48 681.1 260.89 290.44 354.59 390.66
ynao_sd_19770627_0335_wang 23 16 7 5 0 335.03 404.46 121.72 150.42 213.31 254.04
ynao_sd_19770628_0040_wang 25 22 3 3 0 264.8 361.12 127.2 174.54 137.6 186.58
ynao_sd_19770629_0050_hong 12 8 4 2 0 119.84 199.14 44.14 73.35 75.7 125.79
ynao_sd_19770630_0330_hong 7 4 3 2 0 100.71 220.81 40.68 81.98 60.03 138.83
ynao_sd_19770701_0140_hong 1 1 0 0 0 4.21 15.57 4.21 15.57 0 0
ynao_sd_19770702_0330_hong 3 3 0 0 0 12.72 18.65 12.72 18.65 0 0
ynao_sd_19770703_0620_hong 2 1 1 0 0 3.03 4.57 8.87 42.43 5.84 37.86
ynao_sd_19770704_0200_hong 0 0 0 0 0 0 0 0 0 0 0
ynao_sd_19770705_0140_hong 1 0 1 1 0 55.3 201.02 13.6 48.79 41.7 152.23
ynao_sd_19770706_0020_hong 3 2 1 1 0 99.6 220.57 37.97 80.5 61.63 140.07
ynao_sd_19770707_0040_hong 1 0 1 1 0 123.65 203.87 40.23 66.54 83.42 137.33
ynao_sd_19770708_0100_hong 1 0 1 1 0 106.66 141.68 29.55 39.28 77.11 102.4
ynao_sd_19770709_0220_hong 5 4 1 1 0 194.17 227.98 61.45 72.65 132.72 155.33
ynao_sd_19770710_0110_hong 3 0 3 1 0 177.62 196.34 39.04 43.11 138.58 153.23
ynao_sd_19770711_0030_hong 4 2 2 1 0 123.57 134.8 30.04 33.04 93.53 101.76
ynao_sd_19770713_0040_hong 10 10 0 0 0 71.93 89.39 71.93 89.39 0 0
ynao_sd_19770714_0030_hong 7 7 0 0 0 30.85 49.06 30.85 49.06 0 0
ynao_sd_19770716_0330_hong 1 1 0 0 0 5.7 6.41 5.7 6.41 0 0
ynao_sd_19770717_0335_hong 1 1 0 0 0 4.2 11.42 4.2 11.42 0 0
ynao_sd_19770718_0720_wang 0 0 0 0 0 0 0 0 0 0 0
ynao_sd_19770720_0020_wang 1 1 0 0 0 4.66 6.24 4.66 6.24 0 0
ynao_sd_19770721_0100_wang 1 1 0 0 0 4.5 5.23 4.5 5.23 0 0
ynao_sd_19770722_0040_wang 0 0 0 0 0 0 0 0 0 0 0
ynao_sd_19770723_0005_wang 6 6 0 0 0 42.39 124.95 42.39 124.95 0 0
ynao_sd_19770724_0120_wang 10 10 0 0 0 64.38 119.06 64.38 119.06 0 0
ynao_sd_19770725_0140_hong 12 12 0 0 0 57.82 85.66 57.82 85.66 0 0
ynao_sd_19770727_0540_wang 2 2 0 0 0 7.34 8.4 7.34 8.4 0 0
ynao_sd_19770728_0730_hong 2 2 0 0 0 11.35 12.92 11.35 12.92 0 0
ynao_sd_19770729_0330_hong 0 0 0 0 0 0 0 0 0 0 0
ynao_sd_19770730_0300_hong 0 0 0 0 0 0 0 0 0 0 0
ynao_sd_19770801_0250_wang 1 1 0 0 0 7.78 8.72 7.78 8.72 0 0
ynao_sd_19770802_0310_wang 0 0 0 0 0 0 0 0 0 0 0
ynao_sd_19770803_0000_wang 1 1 0 0 0 6.35 7.55 6.35 7.55 0 0
ynao_sd_19770804_0040_wang 1 1 0 0 0 5.33 9.84 5.33 9.84 0 0
ynao_sd_19770805_0310_wang 2 2 0 0 0 10.66 14.62 10.66 14.62 0 0
ynao_sd_19770806_0210_wang 2 2 0 0 0 14.59 16.66 14.59 16.66 0 0
ynao_sd_19770807_0120_wang 0 0 0 0 0 0 0 0 0 0 0
ynao_sd_19770808_0150_hong 1 1 0 0 0 6.07 6.63 6.07 6.63 0 0
ynao_sd_19770809_0240_hong 0 0 0 0 0 0 0 0 0 0 0
ynao_sd_19770810_0330_wang 6 6 0 0 0 35.59 55.3 35.59 55.3 0 0
ynao_sd_19770811_0250_hong 4 4 0 0 0 31.55 70.92 31.55 70.92 0 0
ynao_sd_19770812_0840_hong 0 0 0 0 0 0 0 0 0 0 0
ynao_sd_19770814_0100_wang 0 0 0 0 0 0 0 0 0 0 0
ynao_sd_19770815_0535_wang 0 0 0 0 0 0 0 0 0 0 0
ynao_sd_19770816_0215_wang 0 0 0 0 0 0 0 0 0 0 0
ynao_sd_19770817_0015_wang 2 2 0 0 0 10.73 33.68 10.73 33.68 0 0
ynao_sd_19770818_0030_wang 4 4 0 0 0 22.42 38.78 22.42 38.78 0 0
ynao_sd_19770819_0615_wang 3 3 0 0 0 11.83 20.12 11.83 20.12 0 0
ynao_sd_19770820_0015_wang 2 2 0 0 0 8.74 10.71 8.74 10.71 0 0
ynao_sd_19770822_0140_hong 14 14 0 0 0 62.1 115.77 62.1 115.77 0 0
ynao_sd_19770823_0030_hong 10 10 0 0 0 58.24 115.68 58.24 115.68 0 0
ynao_sd_19770826_0340_wang 16 14 2 2 0 274.29 324.33 121.71 144.65 152.58 179.68
ynao_sd_19770828_0130_hong 17 10 7 3 0 296.26 373.44 110.04 141.42 186.22 232.02
ynao_sd_19770829_0120_wang 17 15 2 2 0 167.68 228.77 99.88 136.53 67.8 92.24
ynao_sd_19770830_0030_wang 22 17 5 3 0 202.27 312.28 97.47 146.64 104.8 165.64
ynao_sd_19770831_0140_wang 15 13 2 1 0 87.73 156.23 66.23 112.93 21.5 43.3
ynao_sd_19770901_0310_wang 4 4 0 0 0 16.2 26.84 16.2 26.84 0 0
ynao_sd_19770902_0330_wang 1 1 0 0 0 7.26 9.02 7.26 9.02 0 0
ynao_sd_19770903_0040_wang 1 1 0 0 0 6.91 17.81 6.91 17.81 0 0
ynao_sd_19770904_0200_wang 0 0 0 0 0 0 0 0 0 0 0
ynao_sd_19770905_0030_hong 0 0 0 0 0 0 0 0 0 0 0
ynao_sd_19770906_0320_hong 0 0 0 0 0 0 0 0 0 0 0
ynao_sd_19770907_0830_hong 2 2 0 0 0 7.39 9.17 7.39 9.17 0 0
ynao_sd_19770908_0710_hong 0 0 0 0 0 0 0 0 0 0 0
ynao_sd_19770909_0020_hong 0 0 0 0 0 0 0 0 0 0 0
ynao_sd_19770910_0040_hong 1 1 0 0 0 6.6 18.75 6.6 18.75 0 0
ynao_sd_19770911_0050_hong 1 1 0 0 0 11.26 26.44 11.26 26.44 0 0
ynao_sd_19770912_0145_wang 1 1 0 0 0 3.19 5.13 3.19 5.13 0 0
ynao_sd_19770915_0800_wang 2 2 0 0 0 7.05 24.95 7.05 24.95 0 0
ynao_sd_19770916_0100_wang 2 2 0 0 0 6.54 8.62 6.54 8.62 0 0
ynao_sd_19770917_0230_wang 3 3 0 0 0 18.39 22.25 18.39 22.25 0 0
ynao_sd_19770922_0350_wang 25 17 8 6 0 830.52 986.4 230.28 280.74 600.24 705.66
ynao_sd_19770923_0030_hong 21 12 9 4 0 582.39 696.04 186.24 236.94 396.15 459.1
ynao_sd_19770924_0020_hong 14 5 9 2 0 577.61 730.55 137.56 205.11 440.05 525.44
ynao_sd_19770925_0110_hong 8 5 3 2 0 456.84 636.49 117.05 183.32 339.79 453.17
ynao_sd_19770927_0100_hong 9 8 1 1 0 231.08 449.92 74.57 133.86 156.51 316.06
ynao_sd_19770928_0120_hong 3 2 1 1 0 208.16 568.86 68.74 142.07 139.42 426.79
ynao_sd_19770929_0220_wang 4 2 2 1 0 104.05 342.73 24.86 78.3 79.19 264.43
ynao_sd_19770930_0700_hong 1 0 1 1 0 158.21 303.07 26.85 51.27 131.36 251.8
ynao_sd_19771001_0300_hong 4 3 1 1 0 262.94 404.57 53.28 83.03 209.66 321.54
ynao_sd_19771003_0240_hong 2 0 2 1 0 302.21 356.61 55.31 65.3 246.9 291.31
ynao_sd_19771004_0750_wang 12 10 2 1 0 336.73 418.37 87.93 139.41 248.8 278.96
ynao_sd_19771005_0810_wang 1 0 1 1 0 275.41 314.84 60.34 69.03 215.07 245.81
ynao_sd_19771006_0510_wang 6 3 3 1 0 274.73 335.23 52.6 65.85 222.13 269.38
ynao_sd_19771011_0320_wang 2 2 0 0 0 9.9 17.79 9.9 17.79 0 0
ynao_sd_19771012_0720_wang 0 0 0 0 0 0 0 0 0 0 0
ynao_sd_19771013_0210_wang 3 3 0 0 0 9.88 10.68 9.88 10.68 0 0
ynao_sd_19771014_0110_wang 3 3 0 0 0 12.38 24.89 12.38 24.89 0 0
ynao_sd_19771015_0030_wang 1 1 0 0 0 5.48 6.7 5.48 6.7 0 0
ynao_sd_19771016_0040_wang 0 0 0 0 0 0 0 0 0 0 0
ynao_sd_19771017_0550_hong 1 1 0 0 0 9.59 10.91 9.59 10.91 0 0
ynao_sd_19771018_0020_hong 3 3 0 0 0 17.79 24.7 17.79 24.7 0 0
ynao_sd_19771019_0050_hong 15 15 0 0 0 94.55 127.49 94.55 127.49 0 0
ynao_sd_19771020_0350_hong 18 15 3 2 0 547.86 650.84 167.09 201.72 380.77 449.12
ynao_sd_19771025_0200_hong 7 6 1 1 0 256.12 475.13 73.85 129.84 182.27 345.29
ynao_sd_19771026_0030_hong 3 2 1 1 0 181.97 482.13 40.05 94.48 141.92 387.65
ynao_sd_19771027_0120_hong 3 1 2 1 0 76.63 317.28 28.33 100.46 48.3 216.82
ynao_sd_19771028_0040_hong 1 1 0 0 0 5.56 6.2 5.56 6.2 0 0
ynao_sd_19771029_0030_hong 3 1 2 1 0 79.78 299.96 21.87 94.74 57.91 205.22
ynao_sd_19771030_0210_hong 6 4 2 1 0 210.64 480.89 52.94 138.31 157.7 342.58
ynao_sd_19771031_0330_lik 6 4 2 1 0 235.66 365.47 51.08 76.35 184.58 289.12
ynao_sd_19771101_0020_lik 6 3 3 1 0 248.34 331.22 56.62 77.68 191.72 253.54
ynao_sd_19771102_0645_lik 5 4 1 1 0 234.18 272.2 58.84 68.44 175.34 203.76
ynao_sd_19771103_0140_lik 5 4 1 1 0 229.38 258.09 57.67 65.15 171.71 192.94
ynao_sd_19771104_0115_lik 6 5 1 1 0 235.08 347.95 78.58 172.53 156.5 175.42
ynao_sd_19771105_0040_hong 3 2 1 1 0 230.18 273.08 41.91 49.76 188.27 223.32
ynao_sd_19771107_0030_hong 2 1 1 1 0 165.47 259.33 31.62 49.09 133.85 210.24
ynao_sd_19771108_0030_wang 3 2 1 1 0 96.55 190.45 22.85 40.58 73.7 149.87
ynao_sd_19771109_0040_hong 2 1 1 1 0 58.68 212.08 15.24 79.17 43.44 132.91
ynao_sd_19771110_0240_hong 3 2 1 1 0 68.06 96.47 43.75 60.55 24.31 35.92
ynao_sd_19771111_0410_hong 12 12 0 0 0 81.58 96.34 81.58 96.34 0 0
ynao_sd_19771112_0210_hong 11 11 0 0 0 58.86 66.03 58.86 66.03 0 0
ynao_sd_19771113_0300_hong 8 8 0 0 0 53.75 122.29 53.75 122.29 0 0
ynao_sd_19771116_0150_chao 6 6 0 0 0 63.18 110.76 63.18 110.76 0 0
ynao_sd_19771117_0020_chao 4 4 0 0 0 62.6 95.45 62.6 95.45 0 0
ynao_sd_19771118_0520_chao 9 9 0 0 0 87.43 200.57 87.43 200.57 0 0
ynao_sd_19771119_0200_chao 5 5 0 0 0 43.25 50.93 43.25 50.93 0 0
ynao_sd_19771120_0520_chao 8 8 0 0 0 77.15 98.38 77.15 98.38 0 0
ynao_sd_19771121_0300_hong 2 2 0 0 0 8.96 10.76 8.96 10.76 0 0
ynao_sd_19771122_0700_hong 4 4 0 0 0 31.15 123.23 31.15 123.23 0 0
ynao_sd_19771123_0900_hong 1 1 0 0 0 3.78 3.97 3.78 3.97 0 0
ynao_sd_19771124_0205_hong 0 0 0 0 0 0 0 0 0 0 0
ynao_sd_19771125_0050_hong 2 2 0 0 0 11.58 12.35 11.58 12.35 0 0
ynao_sd_19771126_0040_hong 3 3 0 0 0 14.08 15.93 14.08 15.93 0 0
ynao_sd_19771204_0540_chao 14 10 4 3 0 680.71 834.39 181.15 249.47 499.56 584.92
ynao_sd_19771205_0720_hong 13 9 4 4 0 814.11 909.72 198.06 237.73 616.05 671.99
ynao_sd_19771206_0640_hong 28 23 5 3 0 838.75 967.99 241.43 330.36 597.32 637.63
ynao_sd_19771207_0050_hong 27 23 4 4 0 904.65 1081.05 300.88 408.0 603.77 673.05
ynao_sd_19771208_0720_hong 31 23 8 4 0 1010.52 1276.52 302.45 382.94 708.07 893.58
ynao_sd_19771209_0120_hong 49 45 4 3 0 898.12 1179.43 390.68 511.14 507.44 668.29
ynao_sd_19771210_0120_hong 52 42 10 8 0 1131.17 1633.45 393.88 536.73 737.29 1096.72
ynao_sd_19771211_0205_hong 54 35 19 8 0 1217.6 1755.48 360.3 480.87 857.3 1274.61
ynao_sd_19771212_0040_chao 40 22 18 7 0 1145.52 1651.76 360.81 662.76 784.71 989.0
ynao_sd_19771213_0050_chao 29 26 3 1 0 577.86 722.73 316.43 417.02 261.43 305.71
ynao_sd_19771214_0240_chao 19 18 1 1 0 249.36 398.78 168.02 268.21 81.34 130.57
ynao_sd_19771215_0050_chao 9 8 1 1 0 146.72 296.49 92.89 185.89 53.83 110.6
ynao_sd_19771216_0040_chao 11 10 1 1 0 148.45 298.26 107.45 180.2 41.0 118.06
ynao_sd_19771217_0040_chao 9 8 1 1 0 87.59 97.51 64.25 72.25 23.34 25.26
ynao_sd_19771218_0100_chao 8 7 1 0 0 66.23 128.11 69.94 156.43 3.71 28.32
ynao_sd_19771219_0130_hong 3 2 1 1 0 44.77 54.0 23.05 27.7 21.72 26.3
ynao_sd_19771220_0100_wang 2 2 0 0 0 9.96 13.64 9.96 13.64 0 0
ynao_sd_19771221_0110_wang 3 3 0 0 0 20.2 27.92 20.2 27.92 0 0
ynao_sd_19771222_0130_wang 4 4 0 0 0 44.47 45.29 44.47 45.29 0 0
ynao_sd_19771223_0230_wang 8 8 0 0 0 61.55 97.41 61.55 97.41 0 0
ynao_sd_19771224_0040_wang 11 10 1 0 0 56.24 163.07 60.68 195.0 4.44 31.93
ynao_sd_19771225_0110_wang 11 10 1 1 0 112.52 165.1 90.72 133.02 21.8 32.08
ynao_sd_19771226_0040_hong 19 15 4 2 0 203.38 374.14 107.47 198.94 95.91 175.2
ynao_sd_19771227_0050_hong 11 7 4 2 0 195.21 661.72 92.62 249.83 102.59 411.89
ynao_sd_19771228_0150_zhao 12 6 6 3 0 267.3 668.51 101.88 252.61 165.42 415.9
ynao_sd_19771229_0050_hong 20 11 9 5 0 420.48 1038.07 134.24 395.41 286.24 642.66
ynao_sd_19771230_0530_wang 28 15 13 5 0 772.13 1354.63 213.8 367.23 558.33 987.4
ynao_sd_19771231_0030_hong 28 18 10 4 0 772.93 1102.24 214.39 313.08 558.54 789.16
