ynao_sd_19780101_0120_wang 42 33 9 4 0 872.59 1066.88 293.37 365.35 579.22 701.53
ynao_sd_19780103_0830_duan 31 26 5 3 0 767.39 822.57 277.17 303.67 490.22 518.9
ynao_sd_19780106_0950_duan 27 22 5 4 0 706.0 1038.66 303.7 405.91 402.3 632.75
ynao_sd_19780107_0100_duan 19 11 8 5 0 577.38 1100.95 200.01 369.12 377.37 731.83
ynao_sd_19780108_0410_duan 18 17 1 1 0 193.01 534.16 156.96 401.37 36.05 132.79
ynao_sd_19780109_0100_wang 5 5 0 0 0 24.08 31.13 24.08 31.13 0 0
ynao_sd_19780110_0340_wang 0 0 0 0 0 0 0 0 0 0 0
ynao_sd_19780112_0050_wang 1 1 0 0 0 6.74 21.52 6.74 21.52 0 0
ynao_sd_19780113_0050_wang 2 2 0 0 0 17.18 18.97 17.18 18.97 0 0
ynao_sd_19780114_0050_wang 6 6 0 0 0 44.54 57.79 44.54 57.79 0 0
ynao_sd_19780115_0440_wang 9 9 0 0 0 66.38 117.7 66.38 117.7 0 0
ynao_sd_19780116_0350_hong 10 10 0 0 0 61.33 84.1 61.33 84.1 0 0
ynao_sd_19780117_0640_hong 8 8 0 0 0 51.03 63.93 51.03 63.93 0 0
ynao_sd_19780119_0250_hong 4 4 0 0 0 18.71 53.55 18.71 53.55 0 0
ynao_sd_19780120_0205_hong 3 3 0 0 0 23.56 28.22 23.56 28.22 0 0
ynao_sd_19780121_0440_wang 4 4 0 0 0 17.51 22.85 17.51 22.85 0 0
ynao_sd_19780122_0440_hong 13 10 3 1 0 275.78 443.75 90.91 142.21 184.87 301.54
ynao_sd_19780123_0100_duan 14 9 5 2 0 326.47 755.41 143.36 343.18 183.11 412.23
ynao_sd_19780124_0130_wang 11 11 0 1 0 87.5 275.79 66.66 199.05 20.84 76.74
ynao_sd_19780125_0045_wang 4 4 0 0 0 26.63 33.21 26.63 33.21 0 0
ynao_sd_19780126_0100_wang 2 1 1 1 0 40.56 198.33 10.49 26.53 30.07 171.8
ynao_sd_19780129_0150_wang 38 32 6 6 0 696.4 1026.3 218.76 319.84 477.64 706.46
ynao_sd_19780130_0115_duan 45 36 9 5 0 798.91 1000.31 338.92 429.06 459.99 571.25
ynao_sd_19780131_0120_duan 50 35 15 6 0 1019.96 1173.72 433.75 504.81 586.21 668.91
ynao_sd_19780201_0140_qiu 33 28 5 4 0 843.64 1143.92 374.42 530.46 469.22 613.46
ynao_sd_19780202_0100_qiu 39 31 8 5 0 916.47 1334.99 363.57 471.94 552.9 863.05
ynao_sd_19780203_0100_qiu 38 28 10 5 0 989.23 1310.87 345.11 431.39 644.12 879.48
ynao_sd_19780204_0100_qiu 34 21 13 5 0 976.98 1316.5 380.22 504.77 596.76 811.73
ynao_sd_19780205_0040_qiu 24 18 6 7 0 905.16 1285.8 337.5 478.32 567.66 807.48
ynao_sd_19780206_0100_hong 25 20 5 5 0 570.24 917.74 200.84 325.02 369.4 592.72
ynao_sd_19780207_0110_wang 16 13 3 3 0 312.36 634.49 110.02 218.65 202.34 415.84
ynao_sd_19780208_0120_wang 3 1 2 1 0 142.54 154.23 39.93 86.64 102.61 67.59
ynao_sd_19780209_0205_hong 2 0 2 2 0 193.82 335.44 23.01 38.43 170.81 297.01
ynao_sd_19780210_0200_hong 12 9 3 2 0 186.58 295.1 58.39 92.41 128.19 202.69
ynao_sd_19780211_0130_hong 4 1 3 2 0 158.5 235.32 39.73 59.05 118.77 176.27
ynao_sd_19780212_0120_hong 9 6 3 3 0 255.21 312.14 76.26 89.39 178.95 222.75
ynao_sd_19780213_0050_wang 14 12 2 1 0 221.36 252.0 85.4 100.71 135.96 151.29
ynao_sd_19780214_0050_wang 14 11 3 1 0 197.45 216.95 76.29 88.63 121.16 128.32
ynao_sd_19780215_0050_wang 8 7 1 1 0 59.84 72.8 43.98 56.16 15.86 16.64
ynao_sd_19780218_0505_wang 0 0 0 0 0 0 0 0 0 0 0
ynao_sd_19780219_0120_wang 4 4 0 0 0 15.68 24.04 15.68 24.04 0 0
ynao_sd_19780220_0640_qiu 0 0 0 0 0 0 0 0 0 0 0
ynao_sd_19780221_0040_qiu 2 1 1 1 0 82.48 244.62 34.14 82.77 48.34 161.85
ynao_sd_19780222_0700_qiu 1 0 1 1 0 203.08 417.52 58.5 119.95 144.58 297.57
ynao_sd_19780223_0410_qiu 9 7 2 2 0 409.76 729.69 129.81 232.23 279.95 497.46
ynao_sd_19780224_0200_qiu 8 5 3 2 0 435.41 650.04 126.39 192.45 309.02 457.59
ynao_sd_19780225_0120_qiu 15 9 6 4 0 644.54 941.78 203.38 285.85 441.16 655.93
ynao_sd_19780226_0310_qiu 21 17 4 4 0 750.66 919.48 265.13 321.55 485.53 597.93
ynao_sd_19780227_0150_hong 9 6 3 3 0 643.54 729.1 157.92 177.17 485.62 551.93
ynao_sd_19780228_0040_hong 15 10 5 3 0 616.35 663.34 156.73 166.37 459.62 496.97
ynao_sd_19780301_0040_hong 13 8 5 3 0 550.55 605.3 123.75 135.6 426.8 469.7
ynao_sd_19780302_0045_hong 8 6 2 2 0 396.07 476.6 109.89 128.57 286.18 348.03
ynao_sd_19780303_0040_hong 8 5 3 2 0 266.9 370.35 75.89 101.05 191.01 269.3
ynao_sd_19780304_0040_hong 8 7 1 1 0 194.25 349.15 87.47 146.81 106.78 202.34
ynao_sd_19780305_0130_hong 13 12 1 1 0 163.61 359.08 85.13 128.77 78.48 230.31
ynao_sd_19780306_0040_wang 5 5 0 0 0 22.91 23.95 22.91 23.95 0 0
ynao_sd_19780307_0040_wang 4 4 0 0 0 18.5 19.49 18.5 19.49 0 0
ynao_sd_19780308_0155_wang 4 4 0 0 0 21.3 49.94 21.3 49.94 0 0
ynao_sd_19780309_0055_wang 6 6 0 0 0 24.38 51.6 24.38 51.6 0 0
ynao_sd_19780310_0110_wang 18 12 6 3 0 333.42 1177.09 102.06 366.48 231.36 810.61
ynao_sd_19780311_0210_wang 33 24 9 5 0 773.97 1879.39 223.13 536.85 550.84 1342.54
ynao_sd_19780312_0055_wang 35 28 7 4 0 1084.13 1921.72 267.54 461.68 816.59 1460.04
ynao_sd_19780313_0230_qiu 31 16 15 6 0 1360.5 1871.59 442.9 584.56 917.6 1287.03
ynao_sd_19780314_0140_qiu 40 20 20 6 0 1601.83 1999.9 482.33 598.11 1119.5 1401.79
ynao_sd_19780315_0230_qiu 46 29 17 6 0 1511.54 1749.96 485.35 560.68 1026.19 1189.28
ynao_sd_19780316_0050_qiu 37 30 7 4 0 1307.81 1474.87 462.43 527.78 845.38 947.09
ynao_sd_19780317_0100_qiu 23 18 5 3 0 1101.2 1226.53 304.88 346.5 796.32 880.03
ynao_sd_19780318_0050_qiu 21 15 6 3 0 920.87 1058.53 270.08 313.56 650.79 744.97
ynao_sd_19780319_0050_qiu 14 7 7 3 0 848.34 1042.34 235.78 290.39 612.56 751.95
ynao_sd_19780320_0050_hong 11 5 6 2 0 655.55 931.68 142.01 202.33 513.54 729.35
ynao_sd_19780322_0040_hong 7 5 2 2 0 89.45 169.19 32.44 56.8 57.01 112.39
ynao_sd_19780323_0130_wang 12 11 1 1 0 122.27 175.47 72.86 100.11 49.41 75.36
ynao_sd_19780324_0040_hong 4 2 2 1 0 50.44 60.96 20.91 24.34 29.53 36.62
ynao_sd_19780325_0040_hong 7 6 1 1 0 63.76 77.37 35.68 46.0 28.08 31.37
ynao_sd_19780326_0050_hong 12 11 1 1 0 76.63 88.9 56.14 67.38 20.49 21.52
ynao_sd_19780327_0050_wang 26 26 0 0 0 106.31 117.52 106.31 117.52 0 0
ynao_sd_19780328_0050_wang 24 22 2 1 0 284.64 337.23 120.61 139.56 164.03 197.67
ynao_sd_19780329_0100_wang 16 15 1 1 0 247.84 334.4 103.17 131.0 144.67 203.4
ynao_sd_19780330_0010_wang 19 16 3 1 0 179.53 298.0 86.44 140.21 93.09 157.79
ynao_sd_19780331_0220_wang 3 1 2 2 0 124.29 279.19 22.66 48.87 101.63 230.32
ynao_sd_19780401_0100_wang 9 8 1 1 0 117.72 160.13 53.75 68.92 63.97 91.21
ynao_sd_19780402_0025_wang 13 11 2 1 0 100.37 117.35 52.89 60.73 47.48 56.62
ynao_sd_19780403_0120_chao 12 10 2 1 0 113.65 119.68 76.44 79.94 37.21 39.74
ynao_sd_19780404_0100_chao 7 5 2 1 0 92.34 108.61 44.53 59.94 47.81 48.67
ynao_sd_19780405_0140_wang 2 0 2 2 0 114.37 180.05 18.66 29.86 95.71 150.19
ynao_sd_19780406_0110_chao 11 8 3 2 0 253.35 427.81 94.53 138.34 158.82 289.47
ynao_sd_19780407_0110_chao 13 10 3 3 0 236.98 342.14 98.63 141.77 138.35 200.37
ynao_sd_19780408_0110_chao 16 10 6 4 0 251.36 377.98 121.48 175.34 129.88 202.64
ynao_sd_19780409_0200_chao 24 19 5 5 0 383.14 539.07 179.24 246.85 203.9 292.22
ynao_sd_19780410_0030_hong 35 30 5 4 0 304.85 381.88 145.82 190.21 159.03 191.67
ynao_sd_19780411_0100_hong 37 33 4 2 0 246.55 292.46 192.64 229.83 53.91 62.63
ynao_sd_19780412_0140_hong 24 19 5 4 0 323.59 522.66 131.86 183.17 191.73 339.49
ynao_sd_19780413_0150_hong 20 14 6 4 0 303.4 555.47 111.73 180.88 191.67 374.59
ynao_sd_19780414_0120_hong 23 22 1 1 0 258.03 424.47 153.54 237.21 104.49 187.26
ynao_sd_19780415_0110_hong 16 15 1 1 0 246.72 355.74 117.49 157.91 129.23 197.83
ynao_sd_19780416_0240_hong 6 2 4 3 0 290.78 555.92 72.29 177.81 218.49 378.11
ynao_sd_19780417_0920_chao 4 3 1 1 0 257.59 362.38 99.16 160.43 158.43 201.95
ynao_sd_19780418_0510_chao 10 8 2 3 0 436.77 895.96 114.31 165.14 322.46 730.82
ynao_sd_19780419_0050_wang 29 24 5 3 0 445.34 714.3 145.04 207.97 300.3 506.33
ynao_sd_19780420_0050_wang 20 13 7 4 0 463.93 667.25 114.35 153.59 349.58 513.66
ynao_sd_19780421_0040_wang 15 13 2 3 0 425.69 573.71 65.61 77.25 360.08 496.46
ynao_sd_19780422_0000_wang 10 6 4 3 0 356.72 412.86 70.42 81.31 286.3 331.55
ynao_sd_19780423_0240_wang 12 9 3 2 0 266.95 290.2 61.38 67.67 205.57 222.53
ynao_sd_19780424_0030_wang 10 8 2 1 0 228.13 244.85 87.9 99.34 140.23 145.51
ynao_sd_19780425_0005_wang 26 23 3 2 0 199.47 235.82 121.47 148.44 78.0 87.38
ynao_sd_19780426_0500_chao 24 23 1 1 0 248.86 378.99 203.32 300.15 45.54 78.84
ynao_sd_19780427_0120_chao 5 4 1 1 0 101.83 212.32 34.66 58.21 67.17 154.11
ynao_sd_19780428_0110_chao 1 1 0 0 0 3.11 3.94 3.11 3.94 0 0
ynao_sd_19780429_0030_chao 0 0 0 0 0 0 0 0 0 0 0
ynao_sd_19780430_0110_chao 4 4 0 0 0 34.75 71.47 34.75 71.47 0 0
ynao_sd_19780501_0100_hong 8 5 3 2 0 153.11 545.88 43.89 123.32 109.22 422.56
ynao_sd_19780502_0230_hong 10 6 4 3 0 215.81 602.46 52.94 130.24 162.87 472.22
ynao_sd_19780503_0420_hong 7 0 7 4 0 367.62 774.92 42.41 91.63 325.21 683.29
ynao_sd_19780504_0340_hong 13 6 7 3 0 362.84 572.61 86.46 128.12 276.38 444.49
ynao_sd_19780505_0050_hong 17 8 9 3 0 301.76 405.52 81.42 109.29 220.34 296.23
ynao_sd_19780506_0040_hong 19 13 6 4 0 247.74 301.14 79.36 97.0 168.38 204.14
ynao_sd_19780508_0310_wang 12 10 2 1 0 105.23 114.71 63.78 69.34 41.45 45.37
ynao_sd_19780509_0100_wang 22 21 1 1 0 131.63 225.25 96.25 185.5 35.38 39.75
ynao_sd_19780510_0910_wang 11 6 5 4 0 227.54 391.25 65.16 103.24 162.38 288.01
ynao_sd_19780513_1035_wang 18 15 3 2 0 406.81 597.82 114.59 165.05 292.22 432.77
ynao_sd_19780514_0010_wang 53 49 4 3 0 533.37 741.22 230.65 298.82 302.72 442.4
ynao_sd_19780515_0150_hong 31 27 4 4 0 548.76 739.5 224.67 305.97 324.09 433.53
ynao_sd_19780521_0100_chao 29 24 5 2 0 410.14 559.33 198.13 289.58 212.01 269.75
ynao_sd_19780522_0020_hong 27 20 7 2 0 305.33 406.89 148.31 205.0 157.02 201.89
ynao_sd_19780523_0410_hong 16 13 3 2 0 232.39 316.61 79.06 119.54 153.33 197.07
ynao_sd_19780524_0400_hong 15 13 2 1 0 150.36 221.67 83.42 146.67 66.94 75.0
ynao_sd_19780525_0650_hong 8 6 2 1 0 63.25 74.24 32.18 37.68 31.07 36.56
ynao_sd_19780526_0200_hong 8 8 0 0 0 48.32 56.54 48.32 56.54 0 0
ynao_sd_19780527_0110_hong 11 11 0 0 0 54.87 81.18 54.87 81.18 0 0
ynao_sd_19780528_0100_hong 10 10 0 0 0 85.75 97.22 85.75 97.22 0 0
ynao_sd_19780529_0050_lik 7 6 1 1 0 89.09 112.51 61.96 70.86 27.13 41.65
ynao_sd_19780530_0025_lik 11 11 0 0 0 96.22 142.12 96.22 142.12 0 0
ynao_sd_19780531_0015_wang 26 26 0 0 0 130.95 215.53 130.95 215.53 0 0
ynao_sd_19780601_0125_lik 22 18 4 2 0 228.0 385.86 128.95 211.32 99.05 174.54
ynao_sd_19780602_0040_lik 17 14 3 2 0 267.39 595.05 111.54 195.14 155.85 399.91
ynao_sd_19780605_0300_hong 24 23 1 1 0 272.88 352.51 135.92 171.24 136.96 181.27
ynao_sd_19780606_0750_hong 11 9 2 1 0 191.03 331.4 64.66 109.47 126.37 221.93
ynao_sd_19780607_0120_hong 7 5 2 1 0 170.71 360.35 39.21 81.21 131.5 279.14
ynao_sd_19780609_1030_wang 1 1 0 0 0 4.82 10.13 4.82 10.13 0 0
ynao_sd_19780610_0400_hong 1 1 0 0 0 9.24 31.58 9.24 31.58 0 0
ynao_sd_19780611_0200_hong 0 0 0 0 0 0 0 0 0 0 0
ynao_sd_19780612_0040_li 4 4 0 0 0 23.67 41.11 23.67 41.11 0 0
ynao_sd_19780613_0015_li 4 4 0 0 0 23.54 78.49 23.54 78.49 0 0
ynao_sd_19780614_0310_li 2 2 0 0 0 6.52 8.02 6.52 8.02 0 0
ynao_sd_19780615_0220_li 1 1 0 0 0 4.0 5.26 4.0 5.26 0 0
ynao_sd_19780616_0130_li 4 2 2 2 0 126.16 490.75 40.73 183.72 85.43 307.03
ynao_sd_19780618_0310_li 13 8 5 5 0 190.44 308.5 66.38 110.21 124.06 198.29
ynao_sd_19780619_0640_wang 18 16 2 2 0 130.92 166.54 63.71 80.02 67.21 86.52
ynao_sd_19780620_0935_wang 29 27 2 1 0 244.41 963.52 125.13 255.96 119.28 707.56
ynao_sd_19780622_0950_wang 31 26 5 5 0 915.54 1713.94 224.18 360.33 691.36 1353.61
ynao_sd_19780623_0135_wang 65 52 13 8 0 1284.77 2041.58 361.13 526.86 923.64 1514.72
ynao_sd_19780624_0345_wang 60 44 16 9 0 1267.6 1680.38 358.42 473.56 909.18 1206.82
ynao_sd_19780625_0150_wang 47 27 20 9 0 1218.29 1458.36 281.64 340.06 936.65 1118.3
ynao_sd_19780626_0500_chao 74 53 21 9 0 1318.64 1479.87 506.94 590.27 811.7 889.6
ynao_sd_19780627_0340_chao 66 59 7 6 0 1124.85 1217.63 495.09 536.85 629.76 680.78
ynao_sd_19780628_0220_chao 66 59 7 4 0 851.25 958.12 375.44 420.95 475.81 537.17
ynao_sd_19780629_0150_wang 82 75 7 4 0 785.67 1008.13 389.79 513.06 395.88 495.07
ynao_sd_19780630_0100_chao 55 52 3 3 0 529.32 779.37 301.52 439.52 227.8 339.85
ynao_sd_19780701_0030_chao 27 25 2 1 0 298.07 595.67 158.46 321.9 139.61 273.77
ynao_sd_19780702_0110_chao 16 15 1 1 0 173.56 462.02 95.19 215.83 78.37 246.19
ynao_sd_19780703_0500_hong 5 5 0 0 0 34.82 40.45 34.82 40.45 0 0
ynao_sd_19780704_0405_hong 7 7 0 0 0 37.95 61.3 37.95 61.3 0 0
ynao_sd_19780705_0220_hong 16 15 1 1 0 211.78 261.88 104.91 129.25 106.87 132.63
ynao_sd_19780706_0610_hong 21 18 3 2 0 220.1 317.76 100.05 142.39 120.05 175.37
ynao_sd_19780707_0405_hong 27 24 3 3 0 260.32 506.54 169.54 327.55 90.78 178.99
ynao_sd_19780708_0020_hong 23 20 3 3 0 260.76 520.0 177.15 305.51 83.61 214.49
ynao_sd_19780709_0100_hong 28 24 4 3 0 305.63 430.92 157.96 270.19 147.67 160.73
ynao_sd_19780710_0140_li 23 20 3 3 0 330.41 390.21 124.29 163.52 206.12 226.69
ynao_sd_19780711_0015_li 21 17 4 2 0 424.59 505.43 137.95 168.35 286.64 337.08
ynao_sd_19780712_0110_li 20 14 6 3 0 516.65 683.09 120.51 153.56 396.14 529.53
ynao_sd_19780713_0100_li 12 9 3 2 0 343.78 540.91 86.78 127.32 257.0 413.59
ynao_sd_19780714_0120_li 8 4 4 2 0 165.4 374.05 46.12 112.84 119.28 261.21
ynao_sd_19780715_0140_li 7 7 0 0 0 36.52 52.48 36.52 52.48 0 0
ynao_sd_19780716_0130_li 6 4 2 1 0 70.15 90.92 33.01 42.79 37.14 48.13
ynao_sd_19780717_0150_chao 5 3 2 1 0 87.24 102.06 29.38 34.86 57.86 67.2
ynao_sd_19780718_0640_chao 1 0 1 1 0 129.02 144.89 24.38 27.38 104.64 117.51
ynao_sd_19780720_0020_chao 7 5 2 1 0 113.62 148.31 53.35 74.11 60.27 74.2
ynao_sd_19780721_0025_chao 12 10 2 1 0 133.55 192.01 68.59 101.1 64.96 90.91
ynao_sd_19780722_0335_chao 10 10 0 0 0 51.75 91.64 51.75 91.64 0 0
ynao_sd_19780723_0305_chao 1 1 0 0 0 7.39 18.19 7.39 18.19 0 0
ynao_sd_19780724_0230_wang 1 1 0 0 0 3.48 3.91 3.48 3.91 0 0
ynao_sd_19780725_0200_wang 2 2 0 0 0 10.43 26.7 10.43 26.7 0 0
ynao_sd_19780726_0040_wang 2 2 0 0 0 9.04 42.42 9.04 42.42 0 0
ynao_sd_19780727_0705_wang 0 0 0 0 0 0 0 0 0 0 0
ynao_sd_19780728_0000_wang 0 0 0 0 0 0 0 0 0 0 0
ynao_sd_19780729_0010_wang 2 2 0 0 0 8.07 9.97 8.07 9.97 0 0
ynao_sd_19780730_0000_wang 3 2 1 1 0 52.39 114.38 18.08 39.81 34.31 74.57
ynao_sd_19780731_0130_hong 7 6 1 1 0 108.8 174.62 40.34 66.26 68.46 108.36
ynao_sd_19780801_0020_hong 7 5 2 1 0 113.12 149.86 33.87 45.05 79.25 104.81
ynao_sd_19780802_0650_hong 15 13 2 1 0 173.84 210.68 81.59 103.6 92.25 107.08
ynao_sd_19780803_0035_hong 13 8 5 1 0 220.47 253.8 60.78 72.42 159.69 181.38
ynao_sd_19780804_0040_hong 15 12 3 1 0 267.31 305.32 88.61 100.86 178.7 204.46
ynao_sd_19780805_0110_hong 22 15 7 3 0 320.07 568.64 102.19 204.0 217.88 364.64
ynao_sd_19780806_0340_hong 25 20 5 2 0 340.61 622.75 148.74 310.76 191.87 311.99
ynao_sd_19780807_0150_chao 39 33 6 5 0 524.98 912.53 263.56 448.92 261.42 463.61
ynao_sd_19780808_0220_chao 38 28 10 4 0 842.08 1367.96 228.7 414.38 613.38 953.58
ynao_sd_19780809_0105_chao 64 50 14 8 0 1094.88 1561.48 429.24 557.58 665.64 1003.9
ynao_sd_19780810_0655_chao 53 40 13 4 0 837.24 989.01 378.51 447.15 458.73 541.86
ynao_sd_19780811_0025_chao 44 38 6 3 0 597.41 710.75 267.33 317.51 330.08 393.24
ynao_sd_19780812_0225_chao 27 22 5 3 0 446.53 596.07 160.37 234.5 286.16 361.57
ynao_sd_19780813_0030_chao 25 23 2 4 0 430.05 655.34 155.39 244.54 274.66 410.8
ynao_sd_19780814_0025_wang 46 39 7 5 0 384.81 786.35 198.88 391.93 185.93 394.42
ynao_sd_19780815_0040_wang 23 20 3 4 0 259.09 800.43 108.2 249.47 150.89 550.96
ynao_sd_19780816_0030_wang 13 11 2 1 0 243.28 778.12 132.59 452.91 110.69 325.21
ynao_sd_19780817_0030_wang 4 1 3 2 0 251.14 522.27 56.86 141.13 194.28 381.14
ynao_sd_19780818_0250_wang 4 2 2 1 0 267.61 388.66 68.29 101.67 199.32 286.99
ynao_sd_19780819_0000_wang 8 7 1 1 0 370.14 464.05 78.55 99.17 291.59 364.88
ynao_sd_19780820_0030_wang 9 7 2 1 0 411.42 474.07 78.26 92.42 333.16 381.65
ynao_sd_19780821_0030_hong 11 9 2 1 0 425.65 471.03 106.33 118.42 319.32 352.61
ynao_sd_19780822_0020_hong 12 9 3 1 0 400.47 453.95 103.89 119.33 296.58 334.62
ynao_sd_19780823_0030_hong 14 12 2 2 0 367.38 489.83 99.65 162.56 267.73 327.27
ynao_sd_19780824_0110_hong 15 13 2 1 0 318.58 484.08 128.77 215.03 189.81 269.05
ynao_sd_19780825_0030_hong 19 17 2 2 0 280.07 452.35 109.42 155.32 170.65 297.03
ynao_sd_19780826_0135_wang 11 10 1 1 0 137.82 273.2 65.37 88.99 72.45 184.21
ynao_sd_19780827_0040_hong 7 6 1 1 0 91.95 275.81 45.38 69.99 46.57 205.82
ynao_sd_19780830_0220_chao 6 6 0 0 0 31.28 68.38 31.28 68.38 0 0
ynao_sd_19780831_0300_chao 8 8 0 0 0 49.94 117.99 49.94 117.99 0 0
ynao_sd_19780901_0020_qiu 11 9 2 2 0 187.96 376.14 114.25 253.26 73.71 122.88
ynao_sd_19780902_0100_qiu 31 21 10 6 0 629.33 995.97 216.52 340.31 412.81 655.66
ynao_sd_19780903_0130_qiu 32 15 17 4 0 1566.3 2266.14 379.39 540.66 1186.91 1725.48
ynao_sd_19780906_0015_wang 99 78 21 5 0 1960.92 2517.2 602.33 766.82 1358.59 1750.38
ynao_sd_19780907_0640_wang 123 99 24 11 0 2066.14 2816.53 680.27 926.57 1385.87 1889.96
ynao_sd_19780908_0030_wang 98 64 34 13 0 2392.36 3452.53 522.45 776.75 1869.91 2675.78
ynao_sd_19780910_0910_wang 34 25 9 6 0 466.04 1324.05 195.49 537.66 270.55 786.39
ynao_sd_19780911_0950_hong 11 6 5 3 0 187.97 695.88 60.93 198.21 127.04 497.67
ynao_sd_19780912_0700_hong 2 2 0 0 0 8.65 50.32 8.65 50.32 0 0
ynao_sd_19780913_0820_hong 5 5 0 0 0 26.45 58.99 26.45 58.99 0 0
ynao_sd_19780914_0220_hong 4 4 0 0 0 24.44 28.1 24.44 28.1 0 0
ynao_sd_19780915_0150_hong 7 7 0 0 0 42.99 90.4 42.99 90.4 0 0
ynao_sd_19780916_0220_hong 19 17 2 3 0 251.29 531.96 144.79 250.75 106.5 281.21
ynao_sd_19780917_0230_hong 20 14 6 5 0 291.26 501.88 114.34 177.38 176.92 324.5
ynao_sd_19780918_0410_wang 38 34 4 2 0 335.54 475.04 182.8 245.2 152.74 229.84
ynao_sd_19780919_0315_qiu 31 26 5 4 0 319.64 421.07 168.16 219.51 151.48 201.56
ynao_sd_19780920_0020_qiu 39 37 2 1 0 285.26 406.08 218.48 324.67 66.78 81.41
ynao_sd_19780921_0205_qiu 25 22 3 4 0 631.07 852.86 220.84 316.2 410.23 536.66
ynao_sd_19780928_0445_wang 24 22 2 3 0 203.4 342.23 136.2 210.31 67.2 131.92
ynao_sd_19780929_0020_wang 19 18 1 1 0 119.55 225.6 102.92 200.71 16.63 24.89
ynao_sd_19780930_0035_wang 27 26 1 1 0 172.33 403.33 130.2 256.12 42.13 147.21
ynao_sd_19781001_0045_wang 32 30 2 1 0 330.71 572.14 171.14 245.16 159.57 326.98
ynao_sd_19781002_0040_li 14 11 3 2 0 177.89 259.33 75.61 107.37 102.28 151.96
ynao_sd_19781003_0030_li 29 26 3 2 0 306.68 395.79 166.8 222.71 139.88 173.08
ynao_sd_19781004_0120_li 28 24 4 2 0 331.91 376.82 131.93 155.18 199.98 221.64
ynao_sd_19781006_0025_li 19 17 2 1 0 274.19 292.82 109.84 116.91 164.35 175.91
ynao_sd_19781007_0250_li 21 17 4 1 0 589.84 770.12 180.32 300.08 409.52 470.04
ynao_sd_19781011_0100_hong 58 36 22 10 0 1391.39 2609.26 340.1 599.38 1051.29 2009.88
ynao_sd_19781012_0740_hong 57 36 21 12 0 1628.0 2735.5 393.4 627.82 1234.6 2107.68
ynao_sd_19781013_0040_hong 56 38 18 11 0 1367.15 2614.35 385.46 657.41 981.69 1956.94
ynao_sd_19781014_0340_hong 89 69 20 9 0 1281.23 2463.93 469.9 718.67 811.33 1745.26
ynao_sd_19781015_0010_hong 62 49 13 8 0 1191.81 1431.32 390.15 465.02 801.66 966.3
ynao_sd_19781016_0025_qiu 60 44 16 9 0 1568.51 1969.52 519.74 648.08 1048.77 1321.44
ynao_sd_19781017_0020_qiu 55 40 15 8 0 1285.92 1799.57 399.81 533.38 886.11 1266.19
ynao_sd_19781018_0325_qiu 33 21 12 8 0 875.39 1637.93 257.56 506.13 617.83 1131.8
ynao_sd_19781019_0135_qiu 39 30 9 8 0 814.9 1547.77 287.06 443.15 527.84 1104.62
ynao_sd_19781020_0130_qiu 43 37 6 5 0 628.89 1058.94 318.0 486.25 310.89 572.69
ynao_sd_19781021_0120_qiu 34 27 7 5 0 736.63 1253.31 278.35 434.72 458.28 818.59
ynao_sd_19781022_0130_qiu 23 16 7 3 0 575.63 995.94 203.28 354.35 372.35 641.59
ynao_sd_19781023_0905_wang 22 20 2 2 0 405.64 945.68 132.6 221.69 273.04 723.99
ynao_sd_19781025_0140_wang 7 3 4 4 0 586.79 1059.51 84.9 155.13 501.89 904.38
ynao_sd_19781026_0015_wang 15 9 6 5 0 1367.0 2253.3 132.0 197.73 1235.0 2055.57
ynao_sd_19781027_0030_wang 16 12 4 4 0 721.47 1080.27 121.85 186.37 599.62 893.9
ynao_sd_19781028_0325_wang 23 17 6 5 0 862.3 1136.06 169.06 221.01 693.24 915.05
ynao_sd_19781029_0015_wang 17 9 8 6 0 856.66 1465.61 160.88 329.44 695.78 1136.17
ynao_sd_19781030_0035_li 18 12 6 5 0 773.02 1025.29 154.23 228.77 618.79 796.52
ynao_sd_19781031_0020_li 14 9 5 4 0 704.49 930.43 124.99 207.12 579.5 723.31
ynao_sd_19781101_0025_li 13 9 4 3 0 614.78 784.02 140.25 168.78 474.53 615.24
ynao_sd_19781102_0450_li 39 34 5 4 0 682.42 906.82 275.57 340.88 406.85 565.94
ynao_sd_19781103_0200_li 38 29 9 5 0 792.43 1100.17 326.37 434.04 466.06 666.13
ynao_sd_19781104_0710_li 49 35 14 10 0 1227.33 1717.78 322.22 434.09 905.11 1283.69
ynao_sd_19781105_0140_li 57 36 21 9 0 1495.62 1831.76 415.17 504.17 1080.45 1327.59
ynao_sd_19781106_0130_qiu 94 81 13 5 0 1760.51 1988.46 687.42 797.77 1073.09 1190.69
ynao_sd_19781107_0030_qiu 63 53 10 7 0 1661.8 2045.44 550.78 685.68 1111.02 1359.76
ynao_sd_19781108_0030_qiu 51 41 10 7 0 1741.86 2140.22 664.63 772.73 1077.23 1367.49
ynao_sd_19781109_0120_qiu 54 44 10 9 0 1663.01 2047.65 586.23 707.16 1076.78 1340.49
ynao_sd_19781110_0940_qiu 52 36 16 9 0 1443.41 1914.45 482.07 643.39 961.34 1271.06
ynao_sd_19781111_0015_qiu 36 20 16 9 0 1435.03 2015.17 401.59 563.66 1033.44 1451.51
ynao_sd_19781112_0340_qiu 30 17 13 7 0 967.98 1682.55 287.07 506.31 680.91 1176.24
ynao_sd_19781113_0120_hong 23 16 7 6 0 704.45 1465.23 175.8 392.54 528.65 1072.69
ynao_sd_19781114_0040_hong 7 6 1 1 0 449.15 562.89 110.17 185.06 338.98 377.83
ynao_sd_19781115_0050_hong 5 4 1 1 0 398.51 484.71 69.82 83.94 328.69 400.77
ynao_sd_19781116_0030_hong 4 2 2 2 0 397.38 835.59 75.66 146.78 321.72 688.81
ynao_sd_19781117_0020_hong 19 14 5 3 0 508.4 1133.26 151.85 293.98 356.55 839.28
ynao_sd_19781118_0040_hong 28 22 6 4 0 689.52 1402.78 207.49 373.88 482.03 1028.9
ynao_sd_19781119_0105_hong 23 17 6 4 0 737.24 1354.22 188.89 328.24 548.35 1025.98
ynao_sd_19781120_0110_wang 10 6 4 2 0 664.49 872.85 117.82 171.08 546.67 701.77
ynao_sd_19781121_0040_wang 11 6 5 3 0 601.49 716.16 122.6 159.51 478.89 556.65
ynao_sd_19781122_0020_wang 20 15 5 3 0 643.63 720.32 143.8 163.55 499.83 556.77
ynao_sd_19781123_0050_wang 12 5 7 4 0 453.21 509.72 85.77 96.26 367.44 413.46
ynao_sd_19781124_0050_wang 16 14 2 2 0 362.14 424.95 121.2 141.27 240.94 283.68
ynao_sd_19781125_0105_wang 9 8 1 1 0 258.47 333.66 82.11 107.04 176.36 226.62
ynao_sd_19781126_0100_wang 5 4 1 1 0 194.64 290.13 52.27 80.44 142.37 209.69
ynao_sd_19781127_0125_li 7 6 1 1 0 138.77 228.48 47.56 61.56 91.21 166.92
ynao_sd_19781128_0230_li 9 6 3 2 0 141.9 397.03 52.63 95.96 89.27 301.07
ynao_sd_19781129_0625_li 13 12 1 1 0 207.18 381.51 136.3 235.21 70.88 146.3
ynao_sd_19781130_0230_li 15 11 4 4 0 351.39 581.29 102.65 170.63 248.74 410.66
ynao_sd_19781201_0120_li 24 19 5 3 0 545.06 728.88 185.16 254.11 359.9 474.77
ynao_sd_19781202_0315_li 30 18 12 5 0 817.41 959.62 224.85 271.35 592.56 688.27
ynao_sd_19781203_0110_li 30 21 9 4 0 897.32 1041.31 250.44 339.0 646.88 702.31
ynao_sd_19781205_0320_hong 69 56 13 6 0 1456.96 1721.01 468.6 570.75 988.36 1150.26
ynao_sd_19781206_0030_hong 58 47 11 8 0 1392.56 1743.01 390.87 491.42 1001.69 1251.59
ynao_sd_19781207_0105_li 50 41 9 8 0 1130.07 2027.0 377.27 735.05 752.8 1291.95
ynao_sd_19781208_0120_hong 79 61 18 13 0 1958.33 3690.98 590.34 1042.17 1367.99 2648.81
ynao_sd_19781209_0030_hong 75 47 28 13 0 2051.95 3653.29 553.7 909.71 1498.25 2743.58
ynao_sd_19781210_0050_hong 59 35 24 13 0 2438.65 3452.31 568.91 793.0 1869.74 2659.31
ynao_sd_19781211_0200_qiu 70 48 22 8 0 2934.49 3783.33 771.01 1129.51 2163.48 2653.82
ynao_sd_19781212_0130_qiu 100 68 32 9 0 4898.56 6689.97 1034.35 1284.44 3864.21 5405.53
ynao_sd_19781213_0100_qiu 84 53 31 10 0 3860.81 5673.19 981.2 1357.14 2879.61 4316.05
ynao_sd_19781214_0050_qiu 75 49 26 11 0 3159.05 4643.07 882.57 1329.12 2276.48 3313.95
ynao_sd_19781215_0030_qiu 59 44 15 8 0 3105.03 3705.62 720.26 862.05 2384.77 2843.57
ynao_sd_19781217_0100_qiu 41 27 14 9 0 1792.95 2749.34 517.9 766.27 1275.05 1983.07
ynao_sd_19781218_0120_li 14 8 6 4 0 757.6 1427.36 145.91 260.11 611.69 1167.25
ynao_sd_19781219_0115_li 16 12 4 2 0 1024.72 2182.94 115.04 210.97 909.68 1971.97
ynao_sd_19781220_0130_li 14 11 3 2 0 306.34 371.95 100.33 116.62 206.01 255.33
ynao_sd_19781221_0140_li 6 4 2 1 0 187.16 271.97 47.33 66.68 139.83 205.29
ynao_sd_19781222_0230_li 3 2 1 1 0 134.3 298.52 44.71 129.54 89.59 168.98
ynao_sd_19781223_0150_li 3 2 1 1 0 79.18 208.63 24.59 60.59 54.59 148.04
ynao_sd_19781224_0110_li 2 1 1 1 0 65.21 358.9 33.42 217.91 31.79 140.99
ynao_sd_19781225_0120_hong 11 6 5 3 0 312.27 1215.9 96.47 436.63 215.8 779.27
ynao_sd_19781226_0100_hong 29 19 10 6 0 438.56 1023.04 140.42 289.2 298.14 733.84
ynao_sd_19781227_0700_hong 21 14 7 5 0 533.31 866.68 136.94 208.87 396.37 657.81
ynao_sd_19781228_0200_hong 34 28 6 5 0 693.99 975.04 242.0 360.42 451.99 614.62
ynao_sd_19781229_0100_hong 53 41 12 7 0 1092.83 1880.29 379.02 692.28 713.81 1188.01
ynao_sd_19781230_0200_li 42 28 14 11 0 1269.95 2215.93 342.56 557.97 927.39 1657.96
ynao_sd_19781231_0100_hong 79 51 28 17 0 2152.98 3009.17 542.51 703.34 1610.47 2305.83
