ynao_sd_19790101_0250_li 30 17 13 10 0 1448.18 1798.26 212.96 246.16 1235.22 1552.1
ynao_sd_19790102_0120_li 79 51 28 15 0 2359.32 2721.4 563.15 645.98 1796.17 2075.42
ynao_sd_19790103_0130_li 61 33 28 17 0 2232.35 2584.36 396.83 456.28 1835.52 2128.08
ynao_sd_19790104_0130_li 65 33 32 16 0 2494.92 3360.17 424.34 562.59 2070.58 2797.58
ynao_sd_19790105_0105_li 47 28 19 13 0 1783.68 2567.96 362.15 508.33 1421.53 2059.63
ynao_sd_19790106_0115_li 43 28 15 11 0 1495.22 2373.2 311.07 474.11 1184.15 1899.09
ynao_sd_19790107_0140_li 21 10 11 9 0 995.76 1604.8 182.87 331.9 812.89 1272.9
ynao_sd_19790108_0100_wang 31 25 6 5 0 923.58 1308.19 240.5 413.98 683.08 894.21
ynao_sd_19790109_0100_wang 25 13 12 8 0 1383.8 2196.87 166.18 237.22 1217.62 1959.65
ynao_sd_19790110_0100_wang 20 14 6 5 0 812.22 1203.12 182.34 354.93 629.88 848.19
ynao_sd_19790111_0050_wang 31 26 5 4 0 797.33 933.74 213.57 291.65 583.76 642.09
ynao_sd_19790112_0058_wang 54 44 10 2 0 784.81 954.44 284.04 355.63 500.77 598.81
ynao_sd_19790113_0100_wang 44 34 10 4 0 609.03 812.5 226.78 285.73 382.25 526.77
ynao_sd_19790114_0120_li 23 19 4 6 0 541.3 844.78 173.73 237.68 367.57 607.1
ynao_sd_19790115_0115_zhao 55 45 10 11 0 859.72 1338.1 318.08 406.28 541.64 931.82
ynao_sd_19790116_0110_zhao 41 28 13 12 0 1110.15 1609.75 323.39 471.7 786.76 1138.05
ynao_sd_19790117_0050_zhao 41 28 13 9 0 997.37 1450.34 333.38 567.01 663.99 883.33
ynao_sd_19790118_0100_zhao 31 22 9 9 0 1107.33 1693.08 310.79 435.98 796.54 1257.1
ynao_sd_19790119_0045_zhao 40 33 7 7 0 1215.85 1747.94 420.43 595.83 795.42 1152.11
ynao_sd_19790120_0100_zhao 46 37 9 5 0 1103.62 1358.64 420.68 545.85 682.94 812.79
ynao_sd_19790121_0110_zhao 44 33 11 9 0 1270.38 1900.65 360.91 565.45 909.47 1335.2
ynao_sd_19790122_0055_wang 78 64 14 11 0 1583.18 2237.69 442.62 569.72 1140.56 1667.97
ynao_sd_19790123_0120_wang 73 51 22 14 0 1908.33 2761.48 494.39 690.54 1413.94 2070.94
ynao_sd_19790124_0100_wang 83 65 18 14 0 1934.38 2616.29 572.61 736.9 1361.77 1879.39
ynao_sd_19790125_0130_wang 68 51 17 14 0 2138.88 2707.99 497.76 630.05 1641.12 2077.94
ynao_sd_19790126_0050_wang 61 48 13 9 0 1690.99 1987.78 468.2 549.69 1222.79 1438.09
ynao_sd_19790127_0045_wang 51 35 16 10 0 1647.15 1893.39 375.28 433.84 1271.87 1459.55
ynao_sd_19790128_0110_wang 50 27 23 8 0 1848.36 2405.61 416.13 585.15 1432.23 1820.46
ynao_sd_19790129_0120_li 34 24 10 6 0 1452.96 2068.11 341.02 468.9 1111.94 1599.21
ynao_sd_19790130_0120_li 18 11 7 4 0 861.91 1103.67 189.43 288.57 672.48 815.1
ynao_sd_19790201_0630_li 12 9 3 2 0 454.21 772.7 107.32 175.12 346.89 597.58
ynao_sd_19790202_0115_li 22 17 5 6 0 491.67 862.61 141.46 213.07 350.21 649.54
ynao_sd_19790203_0140_li 34 24 10 5 0 708.61 1050.05 207.66 320.79 500.95 729.26
ynao_sd_19790204_0105_li 42 30 12 5 0 1046.64 1142.56 251.13 298.95 795.51 843.61
ynao_sd_19790205_0040_hong 60 35 25 11 0 1309.11 1512.69 330.29 378.63 978.82 1134.06
ynao_sd_19790206_0050_hong 61 38 23 13 0 1309.93 1449.08 334.06 381.86 975.87 1067.22
ynao_sd_19790207_0040_hong 60 37 23 17 0 1328.71 1736.26 314.02 421.83 1014.69 1314.43
ynao_sd_19790208_0100_hong 76 55 21 17 0 1336.62 1726.04 416.6 569.67 920.02 1156.37
ynao_sd_19790209_0050_hong 91 75 16 15 0 1316.54 1686.26 471.6 603.53 844.94 1082.73
ynao_sd_19790210_0150_hong 61 54 7 8 0 1057.04 1272.52 412.06 487.11 644.98 785.41
ynao_sd_19790211_0050_hong 75 66 9 6 0 1247.25 1464.94 446.4 545.14 800.85 919.8
ynao_sd_19790212_0120_wang 43 36 7 5 0 1069.52 1219.38 292.85 329.99 776.67 889.39
ynao_sd_19790213_0050_wang 30 27 3 3 0 942.13 1127.05 253.81 308.49 688.32 818.56
ynao_sd_19790214_0040_wang 25 19 6 4 0 1064.57 1334.27 160.72 222.28 903.85 1111.99
ynao_sd_19790215_0045_wang 41 34 7 4 0 741.65 1307.31 206.66 308.17 534.99 999.14
ynao_sd_19790216_0050_wang 38 33 5 3 0 708.36 1235.56 211.75 404.79 496.61 830.77
ynao_sd_19790217_0100_wang 25 18 7 5 0 974.04 1492.23 166.54 233.62 807.5 1258.61
ynao_sd_19790218_0130_wang 28 23 5 6 0 679.46 1223.8 170.21 218.95 509.25 1004.85
ynao_sd_19790219_0130_hong 12 5 7 6 0 629.38 1110.59 103.72 177.01 525.66 933.58
ynao_sd_19790220_0040_hong 11 9 2 2 0 510.98 686.49 125.56 159.2 385.42 527.29
ynao_sd_19790221_0050_hong 10 7 3 3 0 656.14 879.21 142.61 177.82 513.53 701.39
ynao_sd_19790222_0040_hong 12 8 4 3 0 739.1 902.13 156.87 188.42 582.23 713.71
ynao_sd_19790223_0040_hong 16 10 6 3 0 821.01 977.41 168.2 208.62 652.81 768.79
ynao_sd_19790224_0040_hong 14 10 4 5 0 834.8 1022.2 121.43 150.53 713.37 871.67
ynao_sd_19790225_0030_hong 18 12 6 5 0 740.97 903.77 166.68 208.87 574.29 694.9
ynao_sd_19790226_0040_li 13 9 4 4 0 534.07 671.95 90.58 115.7 443.49 556.25
ynao_sd_19790227_0040_li 22 19 3 3 0 516.9 721.75 170.31 214.38 346.59 507.37
ynao_sd_19790228_0205_li 24 17 7 4 0 597.57 823.92 184.36 239.51 413.21 584.41
ynao_sd_19790301_0230_li 13 8 5 6 0 479.44 715.56 109.07 166.08 370.37 549.48
ynao_sd_19790302_0035_li 17 13 4 4 0 491.46 691.78 125.9 194.51 365.56 497.27
ynao_sd_19790303_0040_li 20 15 5 3 0 473.15 598.34 128.66 180.94 344.49 417.4
ynao_sd_19790304_0050_li 22 16 6 3 0 591.57 748.52 163.8 249.33 427.77 499.19
ynao_sd_19790305_0050_wang 45 41 4 3 0 597.11 769.6 251.21 366.01 345.9 403.59
ynao_sd_19790306_0050_wang 58 48 10 5 0 1241.9 1523.35 295.87 440.01 946.03 1083.34
ynao_sd_19790307_0040_wang 59 54 5 3 0 599.19 884.9 281.57 409.14 317.62 475.76
ynao_sd_19790308_0050_wang 25 20 5 6 0 442.08 835.74 139.19 222.68 302.89 613.06
ynao_sd_19790309_0040_wang 62 56 6 5 0 526.22 756.72 298.29 370.77 227.93 385.95
ynao_sd_19790310_0100_wang 49 44 5 4 0 357.78 402.03 192.04 211.36 165.74 190.67
ynao_sd_19790311_0100_wang 56 50 6 4 0 405.68 465.27 239.79 270.39 165.89 194.88
ynao_sd_19790312_0040_hong 43 38 5 2 0 353.39 478.98 194.09 239.77 159.3 239.21
ynao_sd_19790313_0050_hong 15 13 2 1 0 121.41 219.7 61.26 98.52 60.15 121.18
ynao_sd_19790314_0150_hong 21 20 1 2 0 168.32 403.36 127.56 273.2 40.76 130.16
ynao_sd_19790315_0140_hong 25 13 12 6 0 600.57 843.46 151.8 227.78 448.77 615.68
ynao_sd_19790316_0040_hong 26 18 8 6 0 727.29 982.03 193.46 286.4 533.83 695.63
ynao_sd_19790317_0810_hong 41 30 11 9 0 1060.71 1657.59 289.08 426.74 771.63 1230.85
ynao_sd_19790318_0620_hong 39 30 9 7 0 1041.1 1541.28 330.79 463.52 710.31 1077.76
ynao_sd_19790319_0040_li 15 10 5 3 0 776.53 1192.88 117.49 163.15 659.04 1029.73
ynao_sd_19790320_0110_wang 20 13 7 5 0 1521.42 2734.55 165.15 243.91 1356.27 2490.64
ynao_sd_19790321_0050_wang 14 7 7 4 0 822.95 1079.52 150.84 203.49 672.11 876.03
ynao_sd_19790322_0015_wang 22 14 8 7 0 887.19 1075.84 142.28 173.21 744.91 902.63
ynao_sd_19790323_0045_wang 35 25 10 6 0 935.37 1146.5 212.09 260.96 723.28 885.54
ynao_sd_19790324_0155_wang 37 30 7 6 0 984.22 1283.09 236.56 311.93 747.66 971.16
ynao_sd_19790325_0100_wang 37 31 6 4 0 690.73 952.07 174.72 259.56 516.01 692.51
ynao_sd_19790326_0130_li 11 7 4 2 0 414.49 487.52 75.25 86.87 339.24 400.65
ynao_sd_19790327_0105_li 22 17 5 3 0 495.21 877.48 122.79 184.14 372.42 693.34
ynao_sd_19790328_0105_li 24 14 10 4 0 610.73 1335.01 133.27 276.33 477.46 1058.68
ynao_sd_19790329_0035_li 25 15 10 5 0 711.07 1260.94 143.71 264.3 567.36 996.64
ynao_sd_19790330_0040_li 33 20 13 7 0 1109.6 1581.81 201.52 286.71 908.08 1295.1
ynao_sd_19790331_0040_li 47 33 14 6 0 1463.25 1757.7 314.75 389.02 1148.5 1368.68
ynao_sd_19790401_0050_li 50 34 16 6 0 1747.06 1934.54 287.48 324.56 1459.58 1609.98
ynao_sd_19790402_0045_li 83 56 27 11 0 2544.77 2741.87 546.12 598.73 1998.65 2143.14
ynao_sd_19790403_0120_li 72 40 32 11 0 2012.4 2188.62 382.46 415.86 1629.94 1772.76
ynao_sd_19790404_0525_li 75 53 22 8 2 1754.36 2056.72 493.22 581.01 1261.14 1475.71
ynao_sd_19790405_0040_hong 70 50 20 11 0 1634.64 2331.57 415.62 576.28 1219.02 1755.29
ynao_sd_19790406_0105_hong 68 46 22 10 0 1587.32 2497.21 360.53 544.67 1226.79 1952.54
ynao_sd_19790407_0040_hong 48 28 20 7 0 1101.72 2243.04 226.98 426.99 874.74 1816.05
ynao_sd_19790408_0100_hong 23 15 8 6 0 387.67 864.85 107.21 204.4 280.46 660.45
ynao_sd_19790409_0110_hong 26 26 0 0 0 119.63 213.16 119.63 213.16 0 0
ynao_sd_19790410_0120_hong 10 10 0 0 0 55.85 72.01 55.85 72.01 0 0
ynao_sd_19790411_0050_wang 12 12 0 0 0 50.09 86.0 50.09 86.0 0 0
ynao_sd_19790412_0020_wang 7 6 1 1 0 509.44 1594.71 33.11 62.42 476.33 1532.29
ynao_sd_19790413_0030_wang 9 6 3 3 0 643.83 1184.86 37.46 67.5 606.37 1117.36
ynao_sd_19790414_0050_wang 23 21 2 1 0 245.73 342.74 124.36 191.69 121.37 151.05
ynao_sd_19790415_0050_wang 15 14 1 1 0 185.93 208.59 68.76 78.73 117.17 129.86
ynao_sd_19790416_0025_wang 36 32 4 2 0 386.29 412.76 169.69 183.87 216.6 228.89
ynao_sd_19790417_0025_wang 30 27 3 1 0 330.81 355.84 138.48 152.06 192.33 203.78
ynao_sd_19790418_0025_wang 32 30 2 1 0 262.79 289.95 137.7 150.0 125.09 139.95
ynao_sd_19790419_0025_wang 21 16 5 2 0 285.53 348.04 99.97 118.86 185.56 229.18
ynao_sd_19790420_1020_wang 13 11 2 2 0 121.29 188.91 54.71 84.76 66.58 104.15
ynao_sd_19790421_0115_wang 3 2 1 2 0 80.88 153.78 18.16 34.07 62.72 119.71
ynao_sd_19790422_0025_wang 3 3 0 0 0 22.26 56.72 22.26 56.72 0 0
ynao_sd_19790423_0025_li 2 1 1 1 0 59.87 375.16 9.03 42.6 50.84 332.56
ynao_sd_19790424_0040_li 6 3 3 1 0 262.9 802.21 34.09 109.6 228.81 692.61
ynao_sd_19790425_0050_li 12 8 4 3 0 437.96 874.33 97.04 193.35 340.92 680.98
ynao_sd_19790426_0050_li 12 9 3 3 0 385.75 575.54 59.58 85.61 326.17 489.93
ynao_sd_19790427_0025_li 13 9 4 2 0 528.59 675.84 98.11 124.54 430.48 551.3
ynao_sd_19790428_0040_li 34 29 5 2 0 513.44 585.41 175.06 198.52 338.38 386.89
ynao_sd_19790429_0045_li 15 11 4 4 0 365.37 400.73 83.37 95.62 282.0 305.11
ynao_sd_19790430_0030_li 26 22 4 1 0 417.01 453.52 128.48 144.14 288.53 309.38
ynao_sd_19790501_0245_wang 19 15 4 4 0 274.56 420.09 81.41 103.39 193.15 316.7
ynao_sd_19790502_0830_li 12 8 4 2 0 200.01 302.54 63.05 84.41 136.96 218.13
ynao_sd_19790503_0235_li 9 5 4 2 0 253.35 384.34 59.72 93.25 193.63 291.09
ynao_sd_19790504_0025_li 7 5 2 3 0 167.1 309.81 39.16 71.97 127.94 237.84
ynao_sd_19790505_0025_li 4 1 3 2 0 138.78 234.42 26.67 50.57 112.11 183.85
ynao_sd_19790506_0040_li 7 5 2 2 0 174.89 277.53 43.11 88.28 131.78 189.25
ynao_sd_19790507_0030_wang 16 15 1 1 0 211.0 307.96 72.03 132.15 138.97 175.81
ynao_sd_19790508_0035_wang 9 6 3 3 0 297.28 504.6 64.71 104.1 232.57 400.5
ynao_sd_19790509_0005_wang 6 4 2 2 0 267.22 451.18 48.15 70.38 219.07 380.8
ynao_sd_19790510_0220_wang 17 14 3 2 0 292.94 385.41 91.16 117.23 201.78 268.18
ynao_sd_19790511_0030_wang 17 15 2 2 0 362.49 457.13 104.73 123.4 257.76 333.73
ynao_sd_19790512_0050_wang 28 25 3 2 0 353.12 436.02 139.03 166.24 214.09 269.78
ynao_sd_19790513_0001_wang 19 16 3 2 0 333.38 414.75 92.27 112.38 241.11 302.37
ynao_sd_19790514_0040_wang 22 20 2 2 0 333.49 430.03 121.46 149.98 212.03 280.05
ynao_sd_19790515_1015_wang 20 12 8 4 0 712.43 920.14 143.47 176.85 568.96 743.29
ynao_sd_19790516_0255_wang 14 7 7 3 0 629.84 714.36 113.44 143.24 516.4 571.12
ynao_sd_19790519_0755_wang 9 5 4 3 0 245.67 427.9 52.4 88.62 193.27 339.28
ynao_sd_19790520_0320_wang 17 13 4 2 0 213.18 397.6 75.75 132.57 137.43 265.03
ynao_sd_19790521_0430_wang 17 14 3 2 0 202.79 361.66 83.93 123.26 118.86 238.4
ynao_sd_19790522_0035_wang 24 21 3 3 0 256.58 388.79 125.08 185.09 131.5 203.7
ynao_sd_19790524_0140_li 11 7 4 3 0 271.16 332.01 65.7 74.2 205.46 257.81
ynao_sd_19790525_0600_li 15 11 4 3 0 210.28 255.47 72.11 93.21 138.17 162.26
ynao_sd_19790526_0025_li 15 13 2 2 0 163.29 208.87 76.71 110.36 86.58 98.51
ynao_sd_19790527_0030_li 13 12 1 1 0 125.25 169.11 97.48 135.37 27.77 33.74
ynao_sd_19790528_0020_li 6 5 1 1 0 92.28 138.29 67.99 103.69 24.29 34.6
ynao_sd_19790529_0020_li 9 9 0 0 0 56.74 67.81 56.74 67.81 0 0
ynao_sd_19790530_0020_li 5 5 0 0 0 26.74 34.42 26.74 34.42 0 0
ynao_sd_19790531_0150_li 0 0 0 0 0 0 0 0 0 0 0
ynao_sd_19790601_0020_li 0 0 0 0 0 0 0 0 0 0 0
ynao_sd_19790602_0620_li 2 0 2 1 0 342.65 778.45 53.61 144.65 289.04 633.8
ynao_sd_19790603_0420_li 10 5 5 5 0 909.06 1655.77 121.45 221.91 787.61 1433.86
ynao_sd_19790604_0210_wang 22 15 7 4 0 1112.97 1600.43 215.53 307.16 897.44 1293.27
ynao_sd_19790605_0240_li 18 10 8 4 0 1124.38 1375.14 197.1 241.73 927.28 1133.41
ynao_sd_19790606_1050_li 23 15 8 4 0 1279.55 1400.75 280.94 312.07 998.61 1088.68
ynao_sd_19790607_0730_wang 43 35 8 5 0 1627.87 1872.38 357.13 436.96 1270.74 1435.42
ynao_sd_19790608_0750_wang 42 26 16 5 0 1880.34 2543.25 419.92 570.34 1460.42 1972.91
ynao_sd_19790609_0225_wang 55 41 14 6 0 2367.24 3207.21 587.36 743.76 1779.88 2463.45
ynao_sd_19790611_0435_wang 25 9 16 8 0 2590.15 3512.66 349.01 477.91 2241.14 3034.75
ynao_sd_19790612_0315_wang 50 36 14 8 0 2164.29 3243.47 410.82 593.41 1753.47 2650.06
ynao_sd_19790613_0040_wang 45 29 16 7 0 1813.44 2767.54 374.64 568.66 1438.8 2198.88
ynao_sd_19790614_0110_wang 30 20 10 3 0 1269.82 1370.43 225.32 243.72 1044.5 1126.71
ynao_sd_19790615_0230_wang 7 4 3 2 0 904.32 1061.49 117.49 137.93 786.83 923.56
ynao_sd_19790616_0210_wang 17 10 7 2 0 810.0 1104.86 137.72 188.99 672.28 915.87
ynao_sd_19790617_0905_wang 9 2 7 2 0 450.88 871.25 71.34 138.8 379.54 732.45
ynao_sd_19790618_0050_wang 18 16 2 2 0 362.97 916.63 131.77 335.91 231.2 580.72
ynao_sd_19790619_0850_li 4 4 0 0 0 24.65 76.74 24.65 76.74 0 0
ynao_sd_19790620_0410_li 23 20 3 2 0 286.05 448.85 137.51 216.4 148.54 232.45
ynao_sd_19790621_0730_li 10 6 4 3 0 465.43 557.93 88.62 107.41 376.81 450.52
ynao_sd_19790622_0240_li 23 17 6 3 0 595.01 822.13 163.86 199.36 431.15 622.77
ynao_sd_19790623_0330_li 19 12 7 3 0 593.27 731.61 129.6 153.58 463.67 578.03
ynao_sd_19790624_0200_li 11 8 3 4 0 608.17 725.82 113.66 137.97 494.51 587.85
ynao_sd_19790625_0030_li 8 2 6 3 0 559.73 672.71 84.2 100.93 475.53 571.78
ynao_sd_19790626_0240_li 10 4 6 3 0 565.95 731.11 83.55 113.88 482.4 617.23
ynao_sd_19790627_0230_li 9 7 2 2 0 387.54 470.04 84.71 118.04 302.83 352.0
ynao_sd_19790628_0720_li 6 5 1 1 0 277.89 339.1 67.94 114.84 209.95 224.26
ynao_sd_19790629_0210_li 5 3 2 2 0 415.0 954.37 77.29 171.9 337.71 782.47
ynao_sd_19790630_0520_li 2 0 2 2 0 497.73 891.32 68.95 132.72 428.78 758.6
ynao_sd_19790701_0710_li 4 3 1 2 0 654.93 1022.55 94.59 152.8 560.34 869.75
ynao_sd_19790702_0130_wang 9 7 2 2 0 720.3 1016.59 194.91 277.79 525.39 738.8
ynao_sd_19790703_0410_wang 23 22 1 1 0 829.47 1068.01 260.92 405.89 568.55 662.12
ynao_sd_19790704_0220_wang 11 10 1 1 0 809.92 1069.58 217.46 412.18 592.46 657.4
ynao_sd_19790705_0750_wang 14 9 5 4 0 963.64 1330.66 164.43 241.83 799.21 1088.83
ynao_sd_19790706_0215_wang 19 16 3 3 0 976.15 1294.73 210.91 312.25 765.24 982.48
ynao_sd_19790707_1115_wang 19 15 4 4 0 1777.2 2222.55 187.69 251.52 1589.51 1971.03
ynao_sd_19790708_0120_li 5 2 3 3 0 623.61 886.26 102.52 145.6 521.09 740.66
ynao_sd_19790709_0620_li 11 8 3 3 0 513.17 870.43 114.98 185.17 398.19 685.26
ynao_sd_19790710_0600_wang 9 4 5 5 0 562.54 1221.57 99.41 198.49 463.13 1023.08
ynao_sd_19790711_0400_wang 7 5 2 2 0 259.21 316.78 57.71 90.97 201.5 225.81
ynao_sd_19790712_0140_wang 3 0 3 3 0 264.25 400.43 31.25 45.28 233.0 355.15
ynao_sd_19790713_0320_wang 13 9 4 4 0 269.83 468.55 64.72 132.02 205.11 336.53
ynao_sd_19790714_0225_wang 14 11 3 2 0 236.28 376.33 77.74 122.39 158.54 253.94
ynao_sd_19790715_0100_wang 16 12 4 4 0 337.17 683.39 92.12 163.42 245.05 519.97
ynao_sd_19790716_0310_wang 16 14 2 3 0 378.86 639.12 115.95 208.94 262.91 430.18
ynao_sd_19790718_0545_wang 29 25 4 5 0 578.83 743.09 165.1 217.32 413.73 525.77
ynao_sd_19790719_0740_wang 19 13 6 5 0 511.74 623.49 110.46 154.24 401.28 469.25
ynao_sd_19790720_0530_wang 30 27 3 4 0 519.19 617.35 198.67 241.31 320.52 376.04
ynao_sd_19790721_0120_wang 22 19 3 3 0 480.68 595.12 172.99 210.46 307.69 384.66
ynao_sd_19790723_0710_li 24 21 3 4 0 329.13 419.19 151.31 182.51 177.82 236.68
ynao_sd_19790727_0040_li 27 21 6 5 0 775.45 1157.29 174.69 236.6 600.76 920.69
ynao_sd_19790728_0210_li 25 21 4 4 0 766.51 1095.4 206.02 271.73 560.49 823.67
ynao_sd_19790729_0010_li 13 8 5 6 0 788.74 1154.29 123.95 180.28 664.79 974.01
ynao_sd_19790730_0140_li 22 18 4 4 0 548.44 874.41 143.85 202.94 404.59 671.47
ynao_sd_19790731_0150_li 19 13 6 4 0 461.53 757.4 123.49 169.95 338.04 587.45
ynao_sd_19790801_0330_li 18 16 2 1 0 333.57 380.23 115.72 135.48 217.85 244.75
ynao_sd_19790802_0220_li 8 5 3 2 0 394.85 439.37 69.26 77.97 325.59 361.4
ynao_sd_19790803_0035_li 6 4 2 2 0 290.15 341.92 52.71 62.35 237.44 279.57
ynao_sd_19790804_0110_li 1 0 1 1 0 206.06 273.23 17.8 23.52 188.26 249.71
ynao_sd_19790805_0030_li 2 1 1 1 0 180.41 281.67 26.93 41.39 153.48 240.28
ynao_sd_19790806_0100_wang 10 5 5 3 0 257.14 648.83 53.63 146.16 203.51 502.67
ynao_sd_19790807_0220_wang 8 3 5 3 0 255.1 529.42 52.14 105.81 202.96 423.61
ynao_sd_19790808_0140_wang 11 9 2 2 0 255.26 421.71 87.23 178.1 168.03 243.61
ynao_sd_19790809_0050_wang 6 4 2 2 0 229.62 292.34 48.35 66.31 181.27 226.03
ynao_sd_19790810_0110_wang 10 9 1 1 0 239.39 272.67 65.41 79.22 173.98 193.45
ynao_sd_19790811_0015_wang 6 4 2 2 0 819.18 1135.94 119.68 128.15 699.5 1007.79
ynao_sd_19790812_0025_wang 3 2 1 1 0 186.9 206.32 33.21 39.15 153.69 167.17
ynao_sd_19790813_0050_wang 2 1 1 2 0 467.12 564.62 14.85 17.29 452.27 547.33
ynao_sd_19790814_0850_wang 11 6 5 3 0 337.15 1264.92 81.94 256.04 255.21 1008.88
ynao_sd_19790815_0210_wang 26 13 13 10 0 1429.16 4437.96 175.32 385.93 1253.84 4052.03
ynao_sd_19790816_0140_wang 34 22 12 6 0 1491.82 2864.09 244.66 433.93 1247.16 2430.16
ynao_sd_19790817_0150_wang 51 41 10 5 0 1186.8 1762.2 317.61 476.58 869.19 1285.62
ynao_sd_19790818_0500_wang 29 15 14 7 0 1583.64 2147.25 227.49 292.31 1356.15 1854.94
ynao_sd_19790819_0440_wang 53 40 13 4 0 1459.45 1816.06 380.11 504.47 1079.34 1311.59
ynao_sd_19790820_0340_li 17 6 11 4 0 1064.9 1283.41 167.86 211.94 897.04 1071.47
ynao_sd_19790821_0400_li 31 20 11 4 0 1142.88 1415.83 243.3 303.54 899.58 1112.29
ynao_sd_19790823_0400_li 23 10 13 7 0 1697.85 2623.92 280.01 402.88 1417.84 2221.04
ynao_sd_19790824_0100_li 40 31 9 6 0 1476.56 2387.52 329.6 496.78 1146.96 1890.74
ynao_sd_19790825_0030_li 24 16 8 5 0 1236.06 1998.86 255.54 378.36 980.52 1620.5
ynao_sd_19790826_0120_li 8 4 4 3 0 859.87 1117.63 101.13 141.4 758.74 976.23
ynao_sd_19790827_0200_li 9 2 7 5 0 1117.65 1488.01 110.18 153.36 1007.47 1334.65
ynao_sd_19790828_0210_li 15 6 9 4 0 933.96 1300.42 129.67 206.29 804.29 1094.13
ynao_sd_19790829_0200_li 11 2 9 4 0 765.9 1132.48 84.9 125.07 681.0 1007.41
ynao_sd_19790830_0140_li 10 4 6 6 0 473.16 841.25 75.2 128.02 397.96 713.23
ynao_sd_19790831_0050_li 5 2 3 3 0 205.69 500.32 38.78 95.74 166.91 404.58
ynao_sd_19790902_0420_li 2 1 1 1 0 76.55 165.08 15.51 29.22 61.04 135.86
ynao_sd_19790903_0620_wang 25 23 2 2 0 820.27 2004.65 148.27 269.58 672.0 1735.07
ynao_sd_19790904_0330_wang 38 35 3 3 0 427.06 562.04 176.55 242.49 250.51 319.55
ynao_sd_19790905_0120_wang 27 25 2 2 0 510.02 630.39 162.67 203.75 347.35 426.64
ynao_sd_19790906_0310_wang 22 19 3 2 0 495.83 637.3 139.83 176.79 356.0 460.51
ynao_sd_19790907_0615_wang 5 5 0 0 0 21.51 23.62 21.51 23.62 0 0
ynao_sd_19790909_0750_wang 10 8 2 1 0 178.19 241.32 60.6 83.07 117.59 158.25
ynao_sd_19790910_0950_wang 9 7 2 1 0 125.04 208.72 43.0 67.54 82.04 141.18
ynao_sd_19790911_0250_wang 10 9 1 1 0 114.92 206.48 64.91 100.3 50.01 106.18
ynao_sd_19790912_0100_wang 8 6 2 2 0 342.09 705.4 67.22 127.91 274.87 577.49
ynao_sd_19790913_0230_wang 5 3 2 2 0 454.32 811.02 86.15 155.76 368.17 655.26
ynao_sd_19790914_0110_wang 7 6 1 1 0 482.6 753.4 120.38 236.65 362.22 516.75
ynao_sd_19790915_0250_wang 13 11 2 2 0 549.79 717.94 125.9 168.7 423.89 549.24
ynao_sd_19790916_0250_wang 13 12 1 1 0 623.37 807.33 170.66 271.65 452.71 535.68
ynao_sd_19790917_0540_li 10 7 3 1 0 602.08 740.44 100.57 145.71 501.51 594.73
ynao_sd_19790918_0430_li 9 6 3 2 0 457.56 582.89 86.6 107.02 370.96 475.87
ynao_sd_19790919_0120_li 14 8 6 3 0 632.32 1216.48 118.04 284.73 514.28 931.75
ynao_sd_19790920_0350_li 14 9 5 3 0 562.82 978.71 89.29 161.81 473.53 816.9
ynao_sd_19790921_0120_li 10 5 5 2 0 279.02 399.23 73.3 122.46 205.72 276.77
ynao_sd_19790922_0040_li 8 5 3 2 0 454.39 801.65 63.97 89.02 390.42 712.63
ynao_sd_19790923_0650_li 19 17 2 2 0 437.55 502.65 149.49 175.38 288.06 327.27
ynao_sd_19790925_0620_li 14 9 5 4 0 549.84 670.97 103.35 124.74 446.49 546.23
ynao_sd_19790926_0040_li 16 9 7 4 0 789.82 940.96 132.18 160.97 657.64 779.99
ynao_sd_19790929_0200_li 12 7 5 4 0 752.76 1207.89 149.79 211.66 602.97 996.23
ynao_sd_19790930_0630_li 16 13 3 3 0 407.66 850.38 123.46 192.05 284.2 658.33
ynao_sd_19791010_0030_wang 12 7 5 4 0 429.27 733.45 83.64 111.27 345.63 622.18
ynao_sd_19791012_0055_wang 20 17 3 2 0 233.38 360.6 92.56 142.93 140.82 217.67
ynao_sd_19791013_0130_wang 19 16 3 2 0 646.78 1417.57 83.19 171.0 563.59 1246.57
ynao_sd_19791014_0250_wang 12 12 0 1 0 85.25 207.22 48.59 131.61 36.66 75.61
ynao_sd_19791015_0030_li 3 3 0 1 0 52.54 76.5 13.88 18.8 38.66 57.7
ynao_sd_19791016_0030_li 8 7 1 1 0 93.67 110.8 59.5 69.06 34.17 41.74
ynao_sd_19791017_0100_li 3 2 1 1 0 60.64 128.97 25.65 38.05 34.99 90.92
ynao_sd_19791018_0200_li 4 3 1 1 0 80.22 132.82 40.69 63.54 39.53 69.28
ynao_sd_19791019_0035_li 12 6 6 3 0 274.52 481.43 97.53 164.66 176.99 316.77
ynao_sd_19791020_0040_li 21 16 5 3 0 514.04 768.16 182.49 258.52 331.55 509.64
ynao_sd_19791021_0250_li 22 16 6 1 0 573.25 688.7 182.17 221.96 391.08 466.74
ynao_sd_19791022_0100_wang 39 33 6 3 0 772.3 972.99 223.64 267.32 548.66 705.67
ynao_sd_19791023_0030_wang 29 22 7 5 0 818.01 974.37 215.28 250.1 602.73 724.27
ynao_sd_19791024_0110_wang 56 49 7 5 0 1053.36 1219.08 337.52 405.12 715.84 813.96
ynao_sd_19791026_0020_wang 48 35 13 11 0 1690.27 2106.22 367.66 459.3 1322.61 1646.92
ynao_sd_19791027_0100_wang 51 36 15 8 0 1901.59 2322.91 423.91 543.05 1477.68 1779.86
ynao_sd_19791028_0050_wang 37 23 14 7 0 1598.69 1984.77 306.86 376.07 1291.83 1608.7
ynao_sd_19791029_0120_wang 30 15 15 5 0 1380.6 1948.5 245.24 375.92 1135.36 1572.58
ynao_sd_19791030_0020_wang 30 21 9 5 0 1006.08 1675.9 251.25 532.48 754.83 1143.42
ynao_sd_19791031_0020_wang 27 21 6 7 0 816.03 1448.86 185.97 312.45 630.06 1136.41
ynao_sd_19791101_0320_wang 20 14 6 5 0 594.02 1011.13 138.87 212.61 455.15 798.52
ynao_sd_19791102_0010_wang 16 14 2 2 0 458.73 543.48 140.33 168.22 318.4 375.26
ynao_sd_19791103_0010_wang 19 16 3 3 0 1067.7 1846.16 156.28 183.48 911.42 1662.68
ynao_sd_19791104_0040_wang 21 16 5 4 0 812.39 1722.87 189.54 289.88 622.85 1432.99
ynao_sd_19791105_0030_li 10 5 5 3 0 624.12 1070.21 102.13 172.71 521.99 897.5
ynao_sd_19791106_0030_li 33 25 8 5 0 1592.99 2671.93 350.74 679.82 1242.25 1992.11
ynao_sd_19791107_0040_li 62 29 33 15 0 2930.9 4279.93 495.36 746.83 2435.54 3533.1
ynao_sd_19791108_0045_li 83 40 43 12 0 4130.47 5456.41 710.61 894.85 3419.86 4561.56
ynao_sd_19791109_0100_wang 123 60 63 18 0 7039.71 8806.4 1150.97 1413.48 5888.74 7392.92
ynao_sd_19791110_0020_wang 113 61 52 19 0 6471.91 7766.46 897.33 1116.37 5574.58 6650.09
ynao_sd_19791111_0120_li 96 45 51 11 0 5626.21 6613.74 881.83 1097.86 4744.38 5515.88
ynao_sd_19791112_0430_li 63 38 25 7 0 4098.37 4655.11 481.94 612.95 3616.43 4042.16
ynao_sd_19791114_0510_li 51 40 11 6 0 1597.67 2464.58 437.37 639.89 1160.3 1824.69
ynao_sd_19791115_0055_li 40 37 3 4 0 1158.56 1984.98 354.95 472.15 803.61 1512.83
ynao_sd_19791116_0055_li 23 20 3 1 0 523.27 939.87 154.92 245.64 368.35 694.23
ynao_sd_19791117_0120_li 12 6 6 4 0 414.2 835.44 117.39 183.38 296.81 652.06
ynao_sd_19791120_0150_hong 31 20 11 9 0 983.88 1823.43 248.58 491.73 735.3 1331.7
ynao_sd_19791121_0550_hong 29 23 6 5 0 863.79 1588.75 227.92 405.96 635.87 1182.79
ynao_sd_19791125_0720_hong 26 13 13 7 0 896.36 1197.6 208.68 277.6 687.68 920.0
ynao_sd_19791128_0050_hong 14 8 6 5 0 566.68 1098.67 173.97 284.31 392.71 814.36
ynao_sd_19791203_0110_hong 48 38 10 11 0 1598.58 2794.19 443.58 682.85 1155.0 2111.34
ynao_sd_19791204_0040_wang 42 27 15 17 0 2385.27 4234.58 396.74 574.92 1988.53 3659.66
ynao_sd_19791205_0050_wang 88 50 38 22 0 3197.74 4040.22 622.02 771.42 2575.72 3268.8
ynao_sd_19791206_0050_wang 78 50 28 21 0 3847.07 5146.83 566.39 689.37 3280.68 4457.46
ynao_sd_19791207_0110_wang 70 49 21 13 0 2350.49 2829.69 487.47 586.87 1863.02 2242.82
ynao_sd_19791208_0220_wang 61 46 15 11 0 2748.48 5004.23 502.49 782.82 2245.99 4221.41
ynao_sd_19791209_0720_hong 44 30 14 10 0 2026.24 2627.79 484.94 678.56 1541.3 1949.23
ynao_sd_19791210_0320_wang 59 46 13 9 0 2196.37 2791.09 451.06 537.72 1745.31 2253.37
ynao_sd_19791211_0400_li 33 23 10 3 0 1095.56 1434.94 271.04 339.65 824.52 1095.29
ynao_sd_19791212_0930_hong 33 22 11 8 0 1095.96 1989.91 292.66 476.56 803.3 1513.35
ynao_sd_19791213_0240_hong 40 31 9 6 0 1053.34 1862.82 307.92 550.95 745.42 1311.87
ynao_sd_19791214_0230_hong 44 33 11 8 0 1160.36 2129.04 363.28 601.71 797.08 1527.33
ynao_sd_19791215_0040_hong 46 32 14 7 0 1072.45 1601.38 383.79 600.43 688.66 1000.95
ynao_sd_19791216_0130_hong 41 35 6 6 0 773.05 1057.77 336.78 458.08 436.27 599.69
ynao_sd_19791217_0205_li 12 9 3 3 0 326.63 549.82 112.59 164.24 214.04 385.58
ynao_sd_19791218_0230_li 6 5 1 2 0 259.74 328.24 69.08 90.96 190.66 237.28
ynao_sd_19791219_0040_li 12 11 1 2 0 224.37 289.89 84.63 118.32 139.74 171.57
ynao_sd_19791220_0100_li 35 29 6 5 0 638.64 759.07 234.99 279.01 403.65 480.06
ynao_sd_19791221_0100_li 55 40 15 8 0 1455.51 1667.66 381.24 443.48 1074.27 1224.18
ynao_sd_19791222_0125_li 53 39 14 11 0 1326.38 1724.37 519.56 665.43 806.82 1058.94
ynao_sd_19791223_0040_hong 50 37 13 11 0 1339.78 1769.74 390.53 508.18 949.25 1261.56
ynao_sd_19791224_0040_hong 71 51 20 16 0 1655.61 2512.62 432.52 603.67 1223.09 1908.95
ynao_sd_19791225_0720_hong 56 40 16 13 0 1108.51 1480.0 335.44 436.04 773.07 1043.96
ynao_sd_19791227_0105_hong 44 37 7 6 0 596.86 789.74 264.19 335.51 332.67 454.23
ynao_sd_19791228_0040_hong 33 24 9 9 0 485.58 933.6 210.22 363.36 275.36 570.24
ynao_sd_19791229_0040_hong 45 31 14 12 0 816.12 1540.11 267.82 481.0 548.3 1059.11
ynao_sd_19791230_0030_hong 34 21 13 10 0 883.89 1259.99 241.42 329.95 642.47 930.04
ynao_sd_19791231_0050_li 25 16 9 3 0 581.42 766.87 159.85 213.93 421.57 552.94
