ynao_sd_19800101_0050_li 15 7 8 2 0 793.23 926.81 187.67 219.94 605.56 706.87
ynao_sd_19800101_0050_li 15 7 8 2 0 793.23 926.81 187.67 219.94 605.56 706.87
ynao_sd_19800102_0120_li 21 12 9 3 0 877.93 954.4 205.45 221.69 672.48 732.71
ynao_sd_19800103_0120_li 29 21 8 5 0 808.66 1071.53 163.47 213.35 645.19 858.18
ynao_sd_19800104_0110_li 17 7 10 5 0 635.48 805.18 129.98 152.22 505.5 652.96
ynao_sd_19800105_0200_li 20 11 9 4 0 629.42 736.46 157.06 179.98 472.36 556.48
ynao_sd_19800106_0105_li 18 8 10 4 0 607.21 747.23 110.12 150.48 497.09 596.75
ynao_sd_19800108_0040_hong 37 23 14 9 0 1434.99 1861.48 300.01 426.58 1134.98 1434.9
ynao_sd_19800109_0100_hong 31 17 14 6 0 1478.58 1663.24 369.27 473.99 1109.31 1189.25
ynao_sd_19800110_0100_hong 27 7 20 7 0 1703.56 2024.64 327.15 420.3 1376.41 1604.34
ynao_sd_19800111_0105_hong 30 19 11 5 0 1711.95 1831.57 284.37 336.65 1427.58 1494.92
ynao_sd_19800112_0100_hong 25 12 13 6 0 1325.65 1462.95 290.82 337.78 1034.83 1125.17
ynao_sd_19800113_0110_hong 30 15 15 7 0 1101.19 1407.03 237.84 324.22 863.35 1082.81
ynao_sd_19800114_0110_li 24 19 5 3 0 744.51 1055.24 183.4 250.15 561.11 805.09
ynao_sd_19800115_0410_li 43 33 10 5 0 674.57 1002.29 294.77 423.05 379.8 579.24
ynao_sd_19800116_0100_li 21 15 6 5 0 641.85 821.85 164.98 224.98 476.87 596.87
ynao_sd_19800117_0140_li 25 15 10 5 0 645.69 807.97 180.27 216.46 465.42 591.51
ynao_sd_19800118_0130_li 20 13 7 6 0 809.24 963.3 190.8 219.88 618.44 743.42
ynao_sd_19800119_0115_li 15 9 6 4 0 482.46 561.04 118.77 134.98 363.69 426.06
ynao_sd_19800120_0110_li 21 18 3 3 0 434.23 506.19 126.77 140.48 307.46 365.71
ynao_sd_19800121_0040_hong 19 16 3 2 0 428.23 474.48 166.66 192.76 261.57 281.72
ynao_sd_19800122_0045_hong 23 18 5 5 0 478.62 552.85 160.16 210.62 318.46 342.23
ynao_sd_19800123_0050_hong 23 13 10 4 0 809.66 872.84 198.7 240.74 610.96 632.1
ynao_sd_19800124_0030_hong 37 25 12 4 0 1123.64 1270.35 316.37 373.36 807.27 896.99
ynao_sd_19800125_0040_hong 23 12 11 5 0 1046.96 1365.61 210.21 275.74 836.75 1089.87
ynao_sd_19800126_0040_hong 17 9 8 4 0 1022.15 1575.14 185.3 284.89 836.85 1290.25
ynao_sd_19800128_0150_li 4 4 0 1 0 53.59 92.16 30.37 68.83 23.22 23.33
ynao_sd_19800129_0120_li 6 6 0 0 0 36.37 42.57 36.37 42.57 0 0
ynao_sd_19800130_0530_li 10 5 5 2 0 332.43 988.6 57.15 117.33 275.28 871.27
ynao_sd_19800131_0530_li 12 6 6 3 0 848.77 1689.02 76.99 143.31 771.78 1545.71
ynao_sd_19800201_0120_li 9 4 5 2 0 628.79 952.57 109.17 173.84 519.62 778.73
ynao_sd_19800202_0125_li 32 12 20 3 0 1630.15 2063.44 239.62 300.54 1390.53 1762.9
ynao_sd_19800203_0120_li 23 8 15 4 0 2518.55 2786.58 234.44 261.12 2284.11 2525.46
ynao_sd_19800204_0105_hong 42 18 24 7 0 2467.7 2557.98 447.08 462.4 2020.62 2095.58
ynao_sd_19800205_0100_hong 44 16 28 6 2 2404.96 2708.58 467.8 609.2 1937.16 2099.38
ynao_sd_19800206_0630_hong 66 35 31 8 0 2648.91 3487.64 537.26 755.79 2111.65 2731.85
ynao_sd_19800207_0040_hong 52 13 39 13 1 2851.82 3521.81 403.02 499.95 2448.8 3021.86
ynao_sd_19800208_0200_hong 66 34 32 10 0 2583.44 3316.85 522.5 686.64 2060.94 2630.21
ynao_sd_19800209_0510_hong 52 26 26 8 0 2135.41 2943.16 375.7 492.19 1759.71 2450.97
ynao_sd_19800210_0100_hong 40 25 15 7 0 1502.97 2124.55 326.04 428.16 1176.93 1696.39
ynao_sd_19800211_0240_li 18 13 5 4 0 1060.0 1171.25 186.66 228.57 873.34 942.68
ynao_sd_19800212_0120_li 8 7 1 1 0 931.21 1005.34 115.67 123.93 815.54 881.41
ynao_sd_19800213_0130_li 16 8 8 3 0 986.07 1298.16 217.09 275.15 768.98 1023.01
ynao_sd_19800214_0130_li 7 4 3 2 0 817.37 1235.31 77.39 119.4 739.98 1115.91
ynao_sd_19800215_0230_li 24 22 2 2 0 510.09 947.06 141.79 226.52 368.3 720.54
ynao_sd_19800216_0140_li 10 8 2 2 0 314.62 703.7 82.71 144.78 231.91 558.92
ynao_sd_19800217_0300_li 8 6 2 1 0 313.93 339.36 72.8 80.96 241.13 258.4
ynao_sd_19800218_0220_li 9 7 2 3 0 272.13 436.07 66.57 80.19 205.56 355.88
ynao_sd_19800219_0110_hong 27 23 4 2 0 349.38 481.99 171.69 206.83 177.69 275.16
ynao_sd_19800220_0045_hong 35 28 7 2 0 565.36 682.29 242.69 276.1 322.67 406.19
ynao_sd_19800221_0040_hong 37 31 6 4 0 579.87 664.7 207.33 256.67 372.54 408.03
ynao_sd_19800222_0040_hong 28 20 8 5 0 624.22 948.12 167.26 245.94 456.96 702.18
ynao_sd_19800223_0110_hong 19 12 7 4 0 530.07 742.43 152.15 245.86 377.92 496.57
ynao_sd_19800224_0110_hong 12 9 3 4 0 1179.88 3172.77 110.4 208.39 1069.48 2964.38
ynao_sd_19800225_0100_wang 9 5 4 3 0 530.15 773.91 79.71 104.51 450.44 669.4
ynao_sd_19800226_0100_wang 22 17 5 4 0 647.53 1025.95 189.76 415.21 457.77 610.74
ynao_sd_19800227_0040_wang 31 24 7 6 0 991.88 1670.91 216.08 335.25 775.8 1335.66
ynao_sd_19800228_0040_wang 28 13 15 11 0 935.48 1307.84 190.7 254.81 744.78 1053.03
ynao_sd_19800229_0030_wang 46 38 8 7 1 1345.81 1950.38 288.51 421.27 1057.3 1529.11
ynao_sd_19800301_0100_wang 27 15 12 8 0 862.08 1078.16 198.07 262.8 664.01 815.36
ynao_sd_19800302_0330_wang 25 14 11 8 0 828.48 1521.06 227.9 450.78 600.58 1070.28
ynao_sd_19800303_0050_li 15 9 6 6 0 495.22 891.92 96.4 169.69 398.82 722.23
ynao_sd_19800304_0120_li 20 15 5 4 0 623.0 932.68 179.26 229.04 443.74 703.64
ynao_sd_19800305_0130_li 7 3 4 2 0 207.89 244.95 97.43 125.15 110.46 119.8
ynao_sd_19800306_0055_li 16 12 4 3 0 656.81 777.59 150.02 180.17 506.79 597.42
ynao_sd_19800307_0055_li 7 4 3 3 0 581.48 635.24 84.95 105.27 496.53 529.97
ynao_sd_19800308_0110_li 11 10 1 1 0 555.82 593.52 110.89 145.3 444.93 448.22
ynao_sd_19800309_0050_li 10 6 4 2 0 594.45 732.03 68.89 129.86 525.56 602.17
ynao_sd_19800310_0050_hong 19 13 6 2 0 719.35 881.73 151.2 213.49 568.15 668.24
ynao_sd_19800311_0040_hong 15 10 5 2 0 537.06 647.28 129.11 164.81 407.95 482.47
ynao_sd_19800312_0030_hong 24 19 5 3 0 586.44 797.23 182.69 240.61 403.75 556.62
ynao_sd_19800313_0035_hong 22 19 3 3 0 549.65 815.53 197.47 265.84 352.18 549.69
ynao_sd_19800314_0030_hong 14 12 2 3 0 333.08 645.33 103.05 168.49 230.03 476.84
ynao_sd_19800315_0035_hong 8 7 1 1 0 110.51 129.92 57.23 73.04 53.28 56.88
ynao_sd_19800316_0120_hong 11 11 0 0 0 77.28 101.69 77.28 101.69 0 0
ynao_sd_19800317_0050_wang 9 6 3 2 0 1163.98 1248.04 66.59 123.74 1097.39 1124.3
ynao_sd_19800318_0030_wang 17 17 0 0 0 74.92 117.66 74.92 117.66 0 0
ynao_sd_19800319_0040_wang 36 31 5 5 0 381.86 484.84 195.66 243.05 186.2 241.79
ynao_sd_19800320_0050_wang 35 23 12 6 0 747.68 861.21 202.28 241.26 545.4 619.95
ynao_sd_19800321_0045_wang 25 20 5 4 0 471.42 599.07 157.28 188.38 314.14 410.69
ynao_sd_19800322_0050_wang 28 22 6 5 0 336.88 398.86 121.19 146.03 215.69 252.83
ynao_sd_19800323_0140_li 5 3 2 2 0 112.39 179.89 48.79 93.97 63.6 85.92
ynao_sd_19800324_0035_li 16 14 2 2 0 157.51 273.53 94.57 143.22 62.94 130.31
ynao_sd_19800326_0700_li 11 7 4 3 0 234.98 349.2 57.15 103.03 177.83 246.17
ynao_sd_19800327_0930_li 11 5 6 3 0 566.42 851.21 78.36 110.21 488.06 741.0
ynao_sd_19800328_0110_li 14 8 6 2 0 504.59 696.32 120.02 157.94 384.57 538.38
ynao_sd_19800329_0040_wang 29 25 4 2 0 684.58 823.07 168.78 201.6 515.8 621.47
ynao_sd_19800330_0120_hong 9 4 5 3 0 587.62 726.2 70.17 77.3 517.45 648.9
ynao_sd_19800331_0040_hong 17 12 5 3 0 775.9 930.77 145.57 173.58 630.33 757.19
ynao_sd_19800401_0050_hong 12 6 6 4 0 815.98 1012.8 134.23 161.06 681.75 851.74
ynao_sd_19800402_0230_hong 10 4 6 4 0 681.14 794.11 117.77 141.32 563.37 652.79
ynao_sd_19800403_0030_hong 7 3 4 3 0 498.23 590.87 85.04 106.58 413.19 484.29
ynao_sd_19800404_0035_hong 7 5 2 2 0 458.36 533.63 75.53 90.22 382.83 443.41
ynao_sd_19800405_0035_hong 12 9 3 2 0 403.05 524.3 109.84 147.19 293.21 377.11
ynao_sd_19800406_0115_hong 12 6 6 4 0 521.2 1406.69 93.97 228.5 427.23 1178.19
ynao_sd_19800407_0110_wang 11 6 5 3 0 452.33 1082.03 111.14 269.32 341.19 812.71
ynao_sd_19800408_0040_wang 15 10 5 5 0 850.4 1952.45 150.24 407.44 700.16 1545.01
ynao_sd_19800409_0035_wang 40 28 12 5 0 1650.29 2991.19 368.88 662.27 1281.41 2328.92
ynao_sd_19800410_0040_wang 46 30 16 6 0 2241.08 3259.19 376.46 568.89 1864.62 2690.3
ynao_sd_19800411_0310_wang 56 37 19 13 0 3256.02 4965.06 441.63 545.95 2814.39 4419.11
ynao_sd_19800412_0050_wang 107 80 27 9 0 3178.95 3562.57 737.2 827.11 2441.75 2735.46
ynao_sd_19800413_0040_wang 91 65 26 10 0 2790.87 2990.6 609.4 661.34 2181.47 2329.26
ynao_sd_19800414_0100_li 68 41 27 10 0 2530.66 2683.73 432.81 454.29 2097.85 2229.44
ynao_sd_19800415_0130_li 44 25 19 6 0 1600.9 1788.57 317.25 348.16 1283.65 1440.41
ynao_sd_19800416_0650_li 42 30 12 7 0 1032.23 1340.03 281.5 338.71 750.73 1001.32
ynao_sd_19800417_0040_li 34 27 7 4 0 709.48 1076.99 247.36 336.78 462.12 740.21
ynao_sd_19800418_0120_li 28 23 5 3 0 507.52 1209.4 174.57 293.48 332.95 915.92
ynao_sd_19800419_0030_li 14 10 4 3 0 575.61 1128.29 141.27 222.73 434.34 905.56
ynao_sd_19800420_0055_li 30 22 8 3 0 932.36 1549.66 252.99 385.44 679.37 1164.22
ynao_sd_19800421_0040_hong 51 35 16 8 0 1558.68 2088.0 370.7 478.61 1187.98 1609.39
ynao_sd_19800422_0030_hong 45 29 16 5 0 1820.55 2088.77 382.71 432.05 1437.84 1656.72
ynao_sd_19800423_0030_hong 47 35 12 6 0 2081.41 2740.56 622.96 1213.14 1458.45 1527.42
ynao_sd_19800424_0250_hong 56 38 18 5 0 2014.16 2050.28 490.41 506.61 1523.75 1543.67
ynao_sd_19800425_0230_hong 55 33 22 7 0 2356.37 2490.59 430.78 462.4 1925.59 2028.19
ynao_sd_19800426_0030_hong 57 43 14 5 0 1960.93 2327.22 435.72 592.09 1525.21 1735.13
ynao_sd_19800427_0110_hong 52 35 17 12 0 2143.94 2997.51 491.28 704.68 1652.66 2292.83
ynao_sd_19800428_0130_wang 53 39 14 11 0 1852.09 2877.13 446.59 681.47 1405.5 2195.66
ynao_sd_19800429_0030_wang 57 48 9 8 0 1876.96 3322.05 494.07 869.65 1382.89 2452.4
ynao_sd_19800430_0040_wang 32 22 10 10 0 1141.11 2190.78 220.04 411.69 921.07 1779.09
ynao_sd_19800501_0025_wang 54 44 10 7 0 1181.03 1777.13 310.06 441.36 870.97 1335.77
ynao_sd_19800502_0035_wang 70 55 15 9 0 1946.49 2602.32 517.36 706.67 1429.13 1895.65
ynao_sd_19800503_0105_wang 63 31 32 10 0 2549.53 3152.54 510.44 630.74 2039.09 2521.8
ynao_sd_19800504_0030_wang 78 61 17 10 0 2021.48 2506.04 540.39 703.01 1481.09 1803.03
ynao_sd_19800506_0310_hong 59 47 12 9 0 1518.02 2215.65 441.83 677.56 1076.19 1538.09
ynao_sd_19800507_0720_hong 32 23 9 5 0 1046.52 1390.69 212.33 324.85 834.19 1065.84
ynao_sd_19800509_0710_hong 38 26 12 6 0 1426.24 2255.73 360.71 603.42 1065.53 1652.31
ynao_sd_19800510_0205_hong 36 24 12 9 0 1280.52 2030.68 313.1 472.64 967.42 1558.04
ynao_sd_19800511_0110_hong 48 32 16 9 0 1425.62 2108.59 416.21 584.14 1009.41 1524.45
ynao_sd_19800512_0040_wang 67 53 14 10 0 1507.24 2162.91 387.36 487.16 1119.88 1675.75
ynao_sd_19800513_0030_wang 83 72 11 8 0 1526.62 1767.91 548.65 657.83 977.97 1110.08
ynao_sd_19800514_0030_wang 68 52 16 11 1 1632.21 1953.87 426.36 499.54 1205.85 1454.33
ynao_sd_19800515_0035_wang 55 43 12 8 0 1900.37 2594.08 446.41 609.3 1453.96 1984.78
ynao_sd_19800516_0120_wang 65 43 22 11 0 1728.16 2412.35 387.34 536.57 1340.82 1875.78
ynao_sd_19800517_0045_wang 42 24 18 15 0 1982.4 2750.01 315.84 441.39 1666.56 2308.62
ynao_sd_19800518_0050_wang 46 28 18 14 0 1755.26 2389.32 302.81 409.91 1452.45 1979.41
ynao_sd_19800519_0650_li 36 22 14 9 0 1347.39 1858.2 280.26 372.18 1067.13 1486.02
ynao_sd_19800520_0050_li 36 17 19 11 0 1450.29 2632.16 257.98 358.17 1192.31 2273.99
ynao_sd_19800521_0230_li 43 25 18 11 0 2676.24 5210.02 287.49 475.62 2388.75 4734.4
ynao_sd_19800523_0345_wang 86 54 32 13 1 4581.7 6002.77 945.06 1211.16 3636.64 4791.61
ynao_sd_19800524_0820_li 74 53 21 9 0 4142.25 4651.2 753.92 883.85 3388.33 3767.35
ynao_sd_19800525_0250_li 47 26 21 8 0 4098.41 4652.35 655.13 737.71 3443.28 3914.64
ynao_sd_19800526_1040_hong 98 67 31 12 0 4500.34 5114.07 1049.25 1244.73 3451.09 3869.34
ynao_sd_19800527_0040_hong 82 60 22 12 0 4311.48 4909.71 969.41 1143.7 3342.07 3766.01
ynao_sd_19800528_0120_hong 76 50 26 12 0 3784.27 4774.62 827.33 1038.06 2956.94 3736.56
ynao_sd_19800529_0040_hong 75 49 26 12 0 3490.23 4596.43 757.76 985.69 2732.47 3610.74
ynao_sd_19800530_0210_hong 62 46 16 11 0 2879.68 4275.59 658.5 934.31 2221.18 3341.28
ynao_sd_19800531_0040_hong 45 35 10 8 0 2121.87 3455.26 442.63 709.28 1679.24 2745.98
ynao_sd_19800601_0410_hong 29 16 13 9 0 1662.35 2948.7 336.12 489.05 1326.23 2459.65
ynao_sd_19800603_0055_wang 45 35 10 8 0 1436.63 2033.9 312.32 463.08 1124.31 1570.82
ynao_sd_19800604_0330_wang 45 33 12 8 0 1934.13 3436.03 405.56 695.15 1528.57 2740.88
ynao_sd_19800606_0940_wang 39 27 12 5 0 1771.94 2378.6 234.08 319.77 1537.86 2058.83
ynao_sd_19800607_0540_hong 54 42 12 4 0 1008.72 1192.45 346.21 409.68 662.51 782.77
ynao_sd_19800608_0055_li 34 28 6 5 0 588.41 712.62 195.86 250.77 392.55 461.85
ynao_sd_19800609_0100_li 18 12 6 5 0 458.8 480.32 109.05 118.38 349.75 361.94
ynao_sd_19800610_0410_li 28 21 7 4 0 566.74 992.84 181.58 242.16 385.16 750.68
ynao_sd_19800611_0130_li 32 26 6 2 0 587.93 959.99 205.29 267.73 382.64 692.26
ynao_sd_19800612_0050_li 29 22 7 4 0 630.42 887.72 273.61 386.67 356.81 501.05
ynao_sd_19800613_0050_li 12 7 5 4 0 602.32 757.92 132.37 179.83 469.95 578.09
ynao_sd_19800614_0150_li 15 11 4 2 0 502.51 567.0 111.97 149.53 390.54 417.47
ynao_sd_19800615_0450_li 9 4 5 3 0 594.42 612.3 98.35 101.39 496.07 510.91
ynao_sd_19800616_0650_hong 19 16 3 2 0 743.89 1072.84 147.74 208.49 596.15 864.35
ynao_sd_19800617_0250_hong 25 17 8 4 0 884.9 1455.31 181.93 301.11 702.97 1154.2
ynao_sd_19800618_0130_hong 42 37 5 3 1 877.93 1416.29 320.3 562.0 557.63 854.29
ynao_sd_19800619_0640_hong 33 23 10 7 0 1019.72 1804.59 241.31 379.08 778.41 1425.51
ynao_sd_19800621_0620_hong 53 38 15 13 0 1738.82 3136.06 461.53 835.58 1277.29 2300.48
ynao_sd_19800622_0310_hong 67 51 16 10 0 2177.59 3142.32 570.71 845.47 1606.88 2296.85
ynao_sd_19800623_0445_wang 66 48 18 11 0 2381.0 2937.86 623.57 772.04 1757.43 2165.82
ynao_sd_19800624_0130_wang 74 58 16 11 0 2845.47 3363.61 578.25 690.33 2267.22 2673.28
ynao_sd_19800625_1015_wang 27 19 8 6 0 2495.92 2969.73 447.6 558.95 2048.32 2410.78
ynao_sd_19800626_0040_wang 42 34 8 6 0 2242.31 2775.31 463.01 574.79 1779.3 2200.52
ynao_sd_19800627_0050_wang 26 11 15 8 0 1928.79 2595.84 333.01 455.31 1595.78 2140.53
ynao_sd_19800628_0110_wang 29 25 4 5 0 1455.5 2107.58 321.73 533.94 1133.77 1573.64
ynao_sd_19800629_0120_wang 21 14 7 4 0 1238.02 1545.4 259.59 349.1 978.43 1196.3
ynao_sd_19800630_0230_hong 30 18 12 6 0 1305.61 1729.72 270.17 360.83 1035.44 1368.89
ynao_sd_19800701_0910_hong 36 19 17 6 0 1362.05 2008.88 283.1 430.42 1078.95 1578.46
ynao_sd_19800702_0100_hong 33 21 12 6 0 870.43 1599.27 263.81 459.71 606.62 1139.56
ynao_sd_19800703_0050_hong 35 29 6 6 0 436.02 795.95 200.85 368.45 235.17 427.5
ynao_sd_19800704_0740_hong 20 14 6 4 0 275.93 493.69 110.68 157.94 165.25 335.75
ynao_sd_19800705_0540_hong 18 16 2 1 0 182.06 287.35 128.92 182.6 53.14 104.75
ynao_sd_19800706_0520_hong 16 15 1 1 0 172.79 478.63 100.94 164.32 71.85 314.31
ynao_sd_19800707_0110_wang 8 6 2 2 0 232.83 457.47 69.79 112.78 163.04 344.69
ynao_sd_19800708_0830_wang 5 4 1 1 0 267.01 421.62 48.94 83.48 218.07 338.14
ynao_sd_19800709_0330_wang 4 3 1 1 0 351.1 464.82 57.64 79.16 293.46 385.66
ynao_sd_19800710_0100_wang 16 15 1 1 0 387.1 453.63 126.55 152.92 260.55 300.71
ynao_sd_19800711_0230_wang 5 1 4 4 0 510.25 928.34 91.45 173.82 418.8 754.52
ynao_sd_19800713_0110_wang 31 16 15 4 0 1505.18 2451.9 258.55 425.37 1246.63 2026.53
ynao_sd_19800714_0200_wang 32 16 16 8 0 2065.97 3520.25 269.21 410.65 1796.76 3109.6
ynao_sd_19800715_0040_li 36 22 14 8 0 1490.05 2496.92 266.67 372.51 1223.38 2124.41
ynao_sd_19800717_0740_li 47 36 11 7 0 2694.0 3625.1 536.15 711.52 2157.85 2913.58
ynao_sd_19800719_0800_li 46 37 9 7 0 2704.17 3587.36 541.51 718.19 2162.66 2869.17
ynao_sd_19800720_0450_li 26 17 9 6 0 2481.13 3198.98 508.77 680.54 1972.36 2518.44
ynao_sd_19800721_0300_hong 53 36 17 7 0 2603.77 3442.29 641.41 858.4 1962.36 2583.89
ynao_sd_19800722_0210_hong 45 30 15 9 0 2669.06 3686.99 540.52 737.15 2128.54 2949.84
ynao_sd_19800723_0150_hong 43 27 16 10 0 2316.63 3291.15 491.81 701.94 1824.82 2589.21
ynao_sd_19800725_0310_hong 31 22 9 6 0 1366.06 2446.26 321.32 520.61 1044.74 1925.65
ynao_sd_19800726_0050_hong 26 17 9 6 0 1047.09 1859.92 211.13 356.21 835.96 1503.71
ynao_sd_19800727_0040_hong 27 21 6 5 0 869.87 1378.72 223.23 337.65 646.64 1041.07
ynao_sd_19800728_0500_wang 17 14 3 2 0 576.61 787.38 184.53 248.99 392.08 538.39
ynao_sd_19800729_0120_wang 16 12 4 3 0 489.64 756.01 154.21 232.74 335.43 523.27
ynao_sd_19800731_0315_wang 4 3 1 3 0 1441.3 2245.65 31.41 35.3 1409.89 2210.35
ynao_sd_19800801_0510_wang 2 1 1 2 0 515.26 1134.56 24.51 31.55 490.75 1103.01
ynao_sd_19800802_0130_wang 4 3 1 1 0 120.5 175.01 30.79 45.56 89.71 129.45
ynao_sd_19800803_0220_wang 5 3 2 3 0 1466.73 3724.1 70.96 200.98 1395.77 3523.12
ynao_sd_19800804_0705_li 1 1 0 0 0 19.23 71.84 19.23 71.84 0 0
ynao_sd_19800805_0015_li 4 4 0 0 0 44.48 57.27 44.48 57.27 0 0
ynao_sd_19800806_0150_wang 12 10 2 2 0 136.6 278.89 61.0 91.79 75.6 187.1
ynao_sd_19800807_0920_li 13 11 2 1 0 207.38 328.57 74.17 86.68 133.21 241.89
ynao_sd_19800809_0820_li 10 8 2 2 0 293.51 370.31 65.51 79.86 228.0 290.45
ynao_sd_19800810_0530_li 10 6 4 3 0 435.45 603.29 105.65 159.91 329.8 443.38
ynao_sd_19800811_0400_hong 32 26 6 4 0 550.5 992.88 251.72 533.62 298.78 459.26
ynao_sd_19800814_0350_hong 21 16 5 4 0 364.63 606.84 140.95 262.05 223.68 344.79
ynao_sd_19800817_0520_hong 23 17 6 5 0 456.44 533.5 165.74 197.49 290.7 336.01
ynao_sd_19800818_1010_li 19 17 2 2 0 276.6 317.94 129.81 144.56 146.79 173.38
ynao_sd_19800819_0650_li 21 19 2 2 0 289.87 366.52 159.95 215.37 129.92 151.15
ynao_sd_19800820_0530_li 9 7 2 2 0 211.89 273.88 54.36 73.57 157.53 200.31
ynao_sd_19800821_0110_li 4 2 2 2 0 271.92 398.65 30.25 43.89 241.67 354.76
ynao_sd_19800822_0045_li 5 2 3 2 0 153.7 275.41 32.89 55.68 120.81 219.73
ynao_sd_19800823_0150_li 1 0 1 0 0 0 0 7.69 19.9 7.69 19.9
ynao_sd_19800824_0820_li 1 1 0 0 0 7.26 36.43 7.26 36.43 0 0
ynao_sd_19800825_0120_wang 9 9 0 0 0 46.73 55.73 46.73 55.73 0 0
ynao_sd_19800826_0150_wang 16 13 3 1 0 612.2 671.54 81.95 100.09 530.25 571.45
ynao_sd_19800827_0025_wang 16 12 4 2 0 245.02 310.79 89.56 114.68 155.46 196.11
ynao_sd_19800828_0300_wang 21 9 12 8 0 1236.11 2668.21 210.09 554.53 1026.02 2113.68
ynao_sd_19800829_0100_wang 35 20 15 10 0 1728.58 3250.01 320.25 637.78 1408.33 2612.23
ynao_sd_19800830_0045_wang 58 36 22 10 0 1973.94 3085.87 412.74 651.06 1561.2 2434.81
ynao_sd_19800831_0030_wang 57 37 20 13 0 2036.09 2744.99 445.46 600.93 1590.63 2144.06
ynao_sd_19800901_0100_hong 58 40 18 12 0 2243.39 2780.26 482.0 587.63 1761.39 2192.63
ynao_sd_19800902_0830_wang 66 49 17 9 0 2402.89 3481.37 483.94 561.93 1918.95 2919.44
ynao_sd_19800903_0110_hong 45 23 22 12 0 2256.77 2658.02 424.0 533.16 1832.77 2124.86
ynao_sd_19800904_0300_hong 54 31 23 11 0 2002.08 2183.28 463.99 529.02 1538.09 1654.26
ynao_sd_19800905_0030_hong 47 30 17 10 0 1651.38 1955.29 360.83 440.43 1290.55 1514.86
ynao_sd_19800906_0040_hong 32 25 7 4 0 1103.39 1519.06 280.06 382.07 823.33 1136.99
ynao_sd_19800907_0140_hong 14 7 7 3 0 719.06 1309.74 136.49 245.75 582.57 1063.99
ynao_sd_19800908_0240_wang 14 12 2 2 0 362.81 1024.55 108.56 262.89 254.25 761.66
ynao_sd_19800909_0220_wang 4 3 1 1 0 60.56 157.33 21.05 36.27 39.51 121.06
ynao_sd_19800910_0320_wang 4 4 0 1 0 601.55 852.29 40.3 174.98 561.25 677.31
ynao_sd_19800911_0040_wang 11 10 1 1 0 134.85 380.01 83.1 211.51 51.75 168.5
ynao_sd_19800912_0040_wang 20 19 1 3 0 307.01 690.0 122.22 272.65 184.79 417.35
ynao_sd_19800913_0230_wang 18 14 4 3 0 430.4 749.62 149.28 297.55 281.12 452.07
ynao_sd_19800914_0050_wang 27 21 6 3 0 500.72 639.48 159.04 192.27 341.68 447.21
ynao_sd_19800915_0045_wang 14 10 4 3 0 411.32 470.66 107.67 122.12 303.65 348.54
ynao_sd_19800916_0200_hong 15 10 5 4 0 323.64 345.46 83.67 90.09 239.97 255.37
ynao_sd_19800917_0110_hong 40 35 5 3 0 425.46 466.04 218.53 246.62 206.93 219.42
ynao_sd_19800918_0100_hong 35 29 6 4 0 480.59 533.06 198.32 226.72 282.27 306.34
ynao_sd_19800922_0340_wang 36 27 9 8 0 1324.79 2294.14 244.14 474.32 1080.65 1819.82
ynao_sd_19800923_0520_wang 30 15 15 10 0 1325.37 1968.23 177.29 243.13 1148.08 1725.1
ynao_sd_19800926_0520_wang 35 29 6 4 0 796.59 1347.22 261.19 457.85 535.4 889.37
ynao_sd_19800927_0340_wang 36 33 3 4 0 1240.37 1580.95 246.13 347.47 994.24 1233.48
ynao_sd_19800930_0630_hong 18 13 5 2 0 362.23 403.42 101.89 117.88 260.34 285.54
ynao_sd_19801001_0805_wang 11 7 4 2 0 303.57 356.59 82.98 102.37 220.59 254.22
ynao_sd_19801003_0810_hong 10 5 5 2 0 203.89 390.66 52.49 103.37 151.4 287.29
ynao_sd_19801004_0820_hong 8 6 2 2 0 165.01 316.74 53.21 98.17 111.8 218.57
ynao_sd_19801005_0100_wang 5 4 1 1 0 145.15 258.28 45.73 107.96 99.42 150.32
ynao_sd_19801006_0200_wang 8 5 3 2 0 422.36 785.26 56.68 96.45 365.68 688.81
ynao_sd_19801007_0230_wang 10 9 1 1 0 285.47 388.17 161.6 239.23 123.87 148.94
ynao_sd_19801008_0840_hong 27 16 11 7 0 704.86 1909.53 168.43 374.89 536.43 1534.64
ynao_sd_19801009_0800_wang 74 53 21 13 0 1471.97 2598.03 407.0 709.07 1064.97 1888.96
ynao_sd_19801010_0100_wang 65 39 26 18 0 1636.36 2465.27 421.76 632.51 1214.6 1832.76
ynao_sd_19801011_0045_wang 79 56 23 19 0 1728.1 2234.32 477.5 612.82 1250.6 1621.5
ynao_sd_19801012_0110_wang 108 82 26 16 0 1777.14 2143.43 603.65 729.98 1173.49 1413.45
ynao_sd_19801013_0050_hong 70 36 34 13 0 1817.27 2237.46 427.22 499.28 1390.05 1738.18
ynao_sd_19801014_0330_hong 77 42 35 13 0 2248.14 2596.27 458.31 562.78 1789.83 2033.49
ynao_sd_19801015_0140_hong 80 55 25 15 0 1500.57 1769.78 424.98 515.89 1075.59 1253.89
ynao_sd_19801016_0110_hong 58 43 15 10 0 1115.42 1516.26 333.05 423.89 782.37 1092.37
ynao_sd_19801017_0100_hong 31 22 9 8 0 599.53 1121.39 187.44 252.73 412.09 868.66
ynao_sd_19801018_0110_hong 38 19 19 9 0 1250.05 3602.14 273.15 696.15 976.9 2905.99
ynao_sd_19801021_0410_wang 48 29 19 8 0 2286.18 2963.85 522.39 672.03 1763.79 2291.82
ynao_sd_19801023_0510_wang 70 48 22 14 0 2799.8 3207.3 499.29 567.51 2300.51 2639.79
ynao_sd_19801024_0030_wang 46 32 14 10 0 2072.45 2525.81 421.9 547.65 1650.55 1978.16
ynao_sd_19801025_0800_wang 47 29 18 9 0 2180.15 2742.87 411.27 514.45 1768.88 2228.42
ynao_sd_19801026_0310_wang 42 30 12 9 0 1694.27 2179.76 369.32 474.72 1324.95 1705.04
ynao_sd_19801027_0220_hong 41 31 10 5 0 1282.95 1972.96 374.35 582.39 908.6 1390.57
ynao_sd_19801028_0050_hong 30 20 10 9 0 886.13 1584.9 227.37 384.63 658.76 1200.27
ynao_sd_19801029_0130_hong 29 26 3 3 0 411.89 998.59 216.78 477.97 195.11 520.62
ynao_sd_19801030_0430_hong 32 30 2 2 0 295.7 535.19 203.45 232.77 92.25 302.42
ynao_sd_19801031_0100_hong 22 19 3 4 0 532.25 648.34 159.99 181.84 372.26 466.5
ynao_sd_19801101_0040_hong 11 7 4 4 0 474.64 652.11 88.85 119.38 385.79 532.73
ynao_sd_19801102_0220_hong 14 10 4 3 0 588.52 1145.16 112.22 204.56 476.3 940.6
ynao_sd_19801103_0340_wang 15 10 5 3 0 395.41 970.37 99.87 217.26 295.54 753.11
ynao_sd_19801104_0150_wang 8 5 3 2 0 389.42 477.33 82.76 101.72 306.66 375.61
ynao_sd_19801105_0040_wang 20 19 1 2 0 614.3 872.9 188.9 402.69 425.4 470.21
ynao_sd_19801106_0055_wang 44 28 16 3 0 1336.19 2924.1 321.31 595.41 1014.88 2328.69
ynao_sd_19801107_0030_wang 85 62 23 9 0 2499.57 4346.07 571.83 889.71 1927.74 3456.36
ynao_sd_19801108_0210_wang 82 59 23 7 0 3520.65 4853.26 708.52 917.32 2812.13 3935.94
ynao_sd_19801109_0350_wang 61 34 27 9 0 5151.8 6017.48 518.74 619.14 4633.06 5398.34
ynao_sd_19801110_0120_hong 66 34 32 11 0 3705.82 4298.4 788.36 923.66 2917.46 3374.74
ynao_sd_19801111_0130_hong 65 35 30 12 0 4915.99 5493.52 869.23 1027.94 4046.76 4465.58
ynao_sd_19801112_0145_hong 40 19 21 7 1 4079.63 4612.14 609.69 702.08 3469.94 3910.06
ynao_sd_19801113_0540_hong 36 10 26 9 0 4351.07 5079.78 626.03 726.71 3725.04 4353.07
ynao_sd_19801114_0250_hong 37 22 15 10 2 3572.81 4646.13 535.4 715.75 3037.41 3930.38
ynao_sd_19801115_0340_hong 46 16 30 9 0 2302.99 3541.09 422.47 649.51 1880.52 2891.58
ynao_sd_19801116_0050_hong 26 10 16 6 0 2155.29 4014.6 320.42 583.85 1834.87 3430.75
ynao_sd_19801117_0040_wang 28 15 13 6 0 994.15 2425.0 244.62 651.3 749.53 1773.7
ynao_sd_19801118_0350_wang 5 3 2 1 0 274.25 386.7 82.65 182.78 191.6 203.92
ynao_sd_19801119_0240_wang 6 4 2 3 0 965.07 1385.87 79.57 131.42 885.5 1254.45
ynao_sd_19801120_0110_hong 5 2 3 2 0 441.75 681.42 83.69 134.63 358.06 546.79
ynao_sd_19801121_0040_hong 5 0 5 2 0 543.27 756.35 77.84 104.25 465.43 652.1
ynao_sd_19801122_0105_wang 6 1 5 2 0 512.52 659.51 66.63 84.56 445.89 574.95
ynao_sd_19801123_0050_wang 4 1 3 2 0 506.61 636.59 67.26 83.52 439.35 553.07
ynao_sd_19801124_0050_hong 7 3 4 2 0 463.06 622.19 124.52 162.15 338.54 460.04
ynao_sd_19801125_0040_hong 6 3 3 3 0 576.12 830.04 116.43 171.26 459.69 658.78
ynao_sd_19801126_0030_hong 8 3 5 3 0 477.82 780.02 82.32 131.56 395.5 648.46
ynao_sd_19801127_0040_hong 33 29 4 3 0 445.2 656.23 196.98 252.44 248.22 403.79
ynao_sd_19801128_0030_hong 25 15 10 5 0 629.21 1262.43 175.56 342.35 453.65 920.08
ynao_sd_19801129_0140_hong 20 13 7 5 0 922.83 1568.85 199.75 324.83 723.08 1244.02
ynao_sd_19801130_0110_hong 39 26 13 6 0 1215.25 1765.22 301.75 457.28 913.5 1307.94
ynao_sd_19801201_0100_wang 32 20 12 7 0 1880.06 3408.9 273.5 455.56 1606.56 2953.34
ynao_sd_19801202_0110_wang 44 32 12 3 0 1506.25 1596.25 329.22 356.31 1177.03 1239.94
ynao_sd_19801203_0110_wang 54 38 16 6 0 1527.79 1671.73 375.8 394.99 1151.99 1276.74
ynao_sd_19801204_0110_wang 56 46 10 4 0 1486.07 1627.2 414.56 437.57 1071.51 1189.63
ynao_sd_19801205_0230_wang 39 28 11 7 0 1503.96 1720.13 264.23 299.73 1239.73 1420.4
ynao_sd_19801206_0115_wang 33 22 11 8 0 1493.19 1893.12 227.98 285.06 1265.21 1608.06
ynao_sd_19801207_0115_wang 26 10 16 9 0 976.66 1479.08 151.47 223.12 825.19 1255.96
ynao_sd_19801208_0150_hong 27 16 11 9 0 764.29 1572.77 180.8 371.3 583.49 1201.47
ynao_sd_19801210_0220_hong 22 18 4 4 0 269.54 302.72 123.41 133.04 146.13 169.68
ynao_sd_19801211_0230_hong 36 30 6 4 0 436.09 468.86 202.73 217.66 233.36 251.2
ynao_sd_19801213_0320_hong 13 10 3 2 0 295.02 362.02 100.75 126.46 194.27 235.56
ynao_sd_19801214_0120_hong 24 16 8 5 0 547.3 945.85 157.52 252.32 389.78 693.53
ynao_sd_19801215_0140_wang 29 23 6 5 0 496.08 765.64 181.01 268.32 315.07 497.32
ynao_sd_19801216_0140_wang 30 23 7 5 0 725.96 1222.13 190.89 274.25 535.07 947.88
ynao_sd_19801217_0110_wang 29 25 4 3 0 697.2 936.06 197.53 235.61 499.67 700.45
ynao_sd_19801218_0215_wang 29 20 9 7 0 1142.39 1969.39 234.14 324.53 908.25 1644.86
ynao_sd_19801221_0410_wang 26 13 13 8 0 1236.64 1399.84 205.32 238.18 1031.32 1161.66
ynao_sd_19801222_0640_hong 33 21 12 5 0 1044.74 1148.14 287.86 314.76 756.88 833.38
ynao_sd_19801223_0240_hong 45 33 12 6 0 1064.43 1897.06 323.95 625.93 740.48 1271.13
ynao_sd_19801224_0110_hong 34 20 14 7 0 1365.53 2686.89 361.26 729.97 1004.27 1956.92
ynao_sd_19801225_0030_hong 30 15 15 9 0 2153.54 3954.03 377.28 725.97 1776.26 3228.06
ynao_sd_19801226_0250_hong 48 33 15 8 0 2572.11 3902.31 556.24 844.25 2015.87 3058.06
ynao_sd_19801227_0040_hong 48 23 25 11 0 2839.94 3684.38 501.5 660.61 2338.44 3023.77
ynao_sd_19801228_0140_hong 61 42 19 9 0 2441.03 2759.03 535.07 637.4 1905.96 2121.63
ynao_sd_19801229_0110_wang 71 55 16 12 0 2200.19 2354.01 516.96 564.13 1683.23 1789.88
ynao_sd_19801230_0115_wang 52 42 10 8 0 1932.03 2038.13 469.98 498.42 1462.05 1539.71
ynao_sd_19801231_0105_wang 36 28 8 8 0 1925.04 2115.55 320.96 348.15 1604.08 1767.4
