ynao_sd_19810101_0405_wang 29 22 7 5 0 1297.12 1650.37 298.82 364.37 998.3 1286.0
ynao_sd_19810102_0305_wang 16 11 5 4 0 930.75 1451.23 205.66 309.58 725.09 1141.65
ynao_sd_19810103_0230_hong 12 7 5 4 0 583.83 1225.0 148.32 288.91 435.51 936.09
ynao_sd_19810104_0345_wang 12 10 2 2 0 276.49 704.95 73.64 171.33 202.85 533.62
ynao_sd_19810105_0050_hong 14 12 2 2 0 186.35 556.9 90.9 179.22 95.45 377.68
ynao_sd_19810106_0100_hong 11 10 1 1 0 89.61 115.28 52.09 65.44 37.52 49.84
ynao_sd_19810107_0030_hong 17 17 0 0 0 100.36 113.71 100.36 113.71 0 0
ynao_sd_19810108_0930_hong 32 22 10 7 0 899.4 918.02 255.11 263.77 644.29 654.25
ynao_sd_19810109_0610_hong 43 29 14 6 0 1140.01 1221.95 304.69 329.43 835.32 892.52
ynao_sd_19810110_0310_hong 43 27 16 13 0 1033.97 1223.65 273.71 325.82 760.26 897.83
ynao_sd_19810112_0500_wang 35 28 7 5 0 555.98 1123.85 191.56 315.47 364.42 808.38
ynao_sd_19810113_0600_wang 33 29 4 3 0 753.46 1831.23 176.6 282.74 576.86 1548.49
ynao_sd_19810114_0445_wang 18 18 0 0 0 94.42 99.82 94.42 99.82 0 0
ynao_sd_19810115_0215_wang 13 12 1 1 0 246.35 903.54 89.28 174.62 157.07 728.92
ynao_sd_19810116_0205_wang 11 8 3 2 0 332.74 778.43 84.26 160.39 248.48 618.04
ynao_sd_19810117_0100_wang 13 8 5 2 0 479.92 822.16 86.75 138.92 393.17 683.24
ynao_sd_19810118_0130_wang 10 6 4 3 0 545.54 747.5 88.5 122.16 457.04 625.34
ynao_sd_19810119_0040_hong 24 17 7 3 0 520.98 627.15 157.65 196.83 363.33 430.32
ynao_sd_19810120_0100_hong 20 16 4 2 0 434.22 828.66 132.35 291.07 301.87 537.59
ynao_sd_19810121_0140_hong 30 21 9 4 1 581.12 957.73 159.7 217.68 421.42 740.05
ynao_sd_19810122_0050_hong 14 6 8 6 0 1272.7 1931.06 109.16 147.88 1163.54 1783.18
ynao_sd_19810123_0400_hong 21 15 6 4 0 438.86 556.57 158.94 197.2 279.92 359.37
ynao_sd_19810124_0100_hong 30 25 5 4 0 459.49 554.52 187.36 218.29 272.13 336.23
ynao_sd_19810125_0120_hong 46 40 6 5 0 1096.63 1159.51 233.89 257.67 862.74 901.84
ynao_sd_19810126_0120_wang 23 14 9 6 0 540.17 1615.86 149.43 289.44 390.74 1326.42
ynao_sd_19810127_0105_wang 27 21 6 4 0 560.8 1246.77 163.49 264.36 397.31 982.41
ynao_sd_19810128_0115_wang 46 39 7 6 0 1053.44 2471.31 299.87 523.68 753.57 1947.63
ynao_sd_19810129_0130_wang 43 34 9 7 0 1363.45 2306.87 364.35 574.12 999.1 1732.75
ynao_sd_19810130_0125_wang 58 44 14 8 0 2455.96 3352.52 475.33 695.76 1980.63 2656.76
ynao_sd_19810131_0100_wang 36 23 13 9 0 2768.17 4454.43 308.13 373.79 2460.04 4080.64
ynao_sd_19810201_0120_wang 48 35 13 7 0 1635.39 1725.11 297.72 319.87 1337.67 1405.24
ynao_sd_19810202_0200_hong 44 32 12 6 0 1592.33 1626.85 358.09 367.53 1234.24 1259.32
ynao_sd_19810203_0050_hong 40 29 11 4 0 1378.26 1451.79 374.23 398.64 1004.03 1053.15
ynao_sd_19810204_0040_hong 23 17 6 4 0 982.03 1151.54 254.69 311.4 727.34 840.14
ynao_sd_19810205_0100_li 19 16 3 3 0 574.99 759.09 144.2 180.98 430.79 578.11
ynao_sd_19810207_0110_hong 46 30 16 10 0 1149.01 1800.81 311.39 450.68 837.62 1350.13
ynao_sd_19810208_0105_hong 33 24 9 5 0 972.15 1813.1 275.76 453.68 696.39 1359.42
ynao_sd_19810209_0120_wang 22 13 9 3 0 467.8 1150.15 130.28 274.84 337.52 875.31
ynao_sd_19810210_0100_wang 19 19 0 0 0 96.28 208.92 96.28 208.92 0 0
ynao_sd_19810213_0115_wang 11 10 1 1 0 179.34 261.88 65.79 82.24 113.55 179.64
ynao_sd_19810214_0115_wang 18 16 2 2 0 205.27 259.16 99.47 123.95 105.8 135.21
ynao_sd_19810215_0110_wang 21 18 3 2 0 255.63 292.98 122.77 144.8 132.86 148.18
ynao_sd_19810216_0030_hong 17 11 6 3 0 400.78 426.15 126.26 137.04 274.52 289.11
ynao_sd_19810217_0040_hong 15 5 10 4 0 491.19 505.24 98.32 101.2 392.87 404.04
ynao_sd_19810218_0040_hong 5 2 3 2 0 257.77 270.73 57.32 60.3 200.45 210.43
ynao_sd_19810219_0030_hong 9 8 1 1 0 123.7 140.14 60.67 67.52 63.03 72.62
ynao_sd_19810220_0050_hong 6 5 1 1 0 90.56 341.65 39.11 78.23 51.45 263.42
ynao_sd_19810221_0040_hong 6 2 4 4 0 448.44 1067.56 81.11 183.65 367.33 883.91
ynao_sd_19810222_0100_hong 6 2 4 2 0 475.18 1016.95 73.47 171.87 401.71 845.08
ynao_sd_19810223_0050_wang 24 17 7 4 0 757.47 1730.86 178.95 438.99 578.52 1291.87
ynao_sd_19810224_0100_wang 39 29 10 6 0 1340.73 2354.98 286.76 533.35 1053.97 1821.63
ynao_sd_19810225_0130_wang 47 28 19 13 0 2142.77 3835.06 326.38 605.92 1816.39 3229.14
ynao_sd_19810226_0055_wang 58 38 20 10 1 2867.41 4010.94 463.65 651.88 2403.76 3359.06
ynao_sd_19810227_0105_wang 92 57 35 9 0 3388.37 4107.51 675.52 823.71 2712.85 3283.8
ynao_sd_19810228_0120_wang 104 69 35 15 0 3711.78 4410.67 814.58 1043.33 2897.2 3367.34
ynao_sd_19810301_0200_wang 95 67 28 16 0 3171.19 3527.61 715.56 804.79 2455.63 2722.82
ynao_sd_19810302_0310_hong 93 69 24 14 0 2682.46 3063.52 805.06 911.86 1877.4 2151.66
ynao_sd_19810303_0110_hong 109 84 25 12 0 2941.3 3955.75 830.83 1125.62 2110.47 2830.13
ynao_sd_19810304_0100_hong 70 37 33 11 0 2950.13 3948.44 581.34 760.87 2368.79 3187.57
ynao_sd_19810305_0050_hong 56 36 20 8 0 2796.21 3763.82 575.07 755.88 2221.14 3007.94
ynao_sd_19810306_0040_hong 43 17 26 9 0 2925.54 4373.86 553.96 805.2 2371.58 3568.66
ynao_sd_19810307_0200_hong 24 7 17 7 0 2149.81 2598.51 349.45 419.33 1800.36 2179.18
ynao_sd_19810308_0210_wang 34 22 12 5 0 1698.51 2212.56 343.68 406.53 1354.83 1806.03
ynao_sd_19810309_0835_li 16 8 8 4 0 1102.76 1320.65 172.33 211.5 930.43 1109.15
ynao_sd_19810310_0205_li 14 6 8 3 0 962.38 1277.48 187.08 267.49 775.3 1009.99
ynao_sd_19810311_0030_li 18 12 6 2 0 735.25 1019.24 191.42 319.3 543.83 699.94
ynao_sd_19810312_0050_li 22 19 3 1 0 519.55 828.7 186.21 276.01 333.34 552.69
ynao_sd_19810313_0150_li 22 18 4 2 0 429.82 823.24 180.38 259.06 249.44 564.18
ynao_sd_19810314_0215_li 44 41 3 2 0 416.89 726.74 284.99 454.08 131.9 272.66
ynao_sd_19810315_0120_li 28 26 2 2 0 185.44 190.11 133.44 135.96 52.0 54.15
ynao_sd_19810316_0040_li 12 11 1 1 0 138.41 153.95 105.78 120.76 32.63 33.19
ynao_sd_19810317_0105_wang 11 11 0 0 0 59.44 70.38 59.44 70.38 0 0
ynao_sd_19810318_0255_wang 7 7 0 0 0 30.47 43.7 30.47 43.7 0 0
ynao_sd_19810319_0040_wang 0 0 0 0 0 0 0 0 0 0 0
ynao_sd_19810320_0100_wang 0 0 0 0 0 0 0 0 0 0 0
ynao_sd_19810321_0100_wang 4 2 2 2 0 103.1 172.06 22.55 37.37 80.55 134.69
ynao_sd_19810322_0105_wang 10 8 2 2 0 142.74 203.78 50.99 84.79 91.75 118.99
ynao_sd_19810323_0050_hong 13 11 2 1 0 172.74 213.15 68.83 95.77 103.91 117.38
ynao_sd_19810324_0100_hong 22 22 0 0 0 98.82 131.99 98.82 131.99 0 0
ynao_sd_19810325_0050_hong 9 5 4 4 0 209.59 476.92 55.89 102.67 153.7 374.25
ynao_sd_19810326_0140_hong 13 8 5 4 0 304.16 509.74 101.28 153.33 202.88 356.41
ynao_sd_19810327_0040_hong 13 8 5 3 0 305.49 421.21 68.5 88.4 236.99 332.81
ynao_sd_19810328_0150_hong 16 10 6 4 0 548.56 678.14 117.72 148.99 430.84 529.15
ynao_sd_19810329_0100_hong 24 11 13 4 0 1026.19 1365.93 214.85 288.89 811.34 1077.04
ynao_sd_19810330_0050_li 22 12 10 3 0 1117.4 1493.73 197.81 271.02 919.59 1222.71
ynao_sd_19810331_0110_li 25 14 11 3 0 1125.67 1630.03 236.52 359.13 889.15 1270.9
ynao_sd_19810401_0120_li 6 3 3 3 0 169.49 223.68 44.0 52.39 125.49 171.29
ynao_sd_19810402_0105_wang 17 14 3 3 0 262.75 335.45 109.5 164.95 153.25 170.5
ynao_sd_19810403_0055_wang 11 9 2 2 0 150.76 209.99 65.54 105.08 85.22 104.91
ynao_sd_19810404_0055_wang 8 6 2 2 0 80.61 104.98 37.7 45.71 42.91 59.27
ynao_sd_19810405_0040_wang 6 6 0 0 0 40.36 130.19 40.36 130.19 0 0
ynao_sd_19810406_0040_hong 2 2 0 0 0 6.74 6.86 6.74 6.86 0 0
ynao_sd_19810407_0030_hong 8 8 0 1 0 86.74 121.66 38.08 61.8 48.66 59.86
ynao_sd_19810408_0050_hong 12 11 1 1 0 99.75 136.7 72.03 94.56 27.72 42.14
ynao_sd_19810409_0215_wang 8 8 0 0 0 46.13 73.59 46.13 73.59 0 0
ynao_sd_19810410_0105_wang 4 4 0 0 0 20.65 32.3 20.65 32.3 0 0
ynao_sd_19810411_0620_wang 16 13 3 2 0 1066.83 2275.12 85.26 131.49 981.57 2143.63
ynao_sd_19810412_0130_wang 6 6 0 0 0 41.47 55.18 41.47 55.18 0 0
ynao_sd_19810413_0315_wang 33 33 0 1 0 901.84 965.95 166.83 227.41 735.01 738.54
ynao_sd_19810414_0420_wang 32 28 4 2 0 549.58 672.81 193.49 235.34 356.09 437.47
ynao_sd_19810415_0045_li 25 19 6 3 0 515.54 801.0 168.18 284.17 347.36 516.83
ynao_sd_19810416_0050_li 31 24 7 4 0 644.88 775.56 173.46 203.59 471.42 571.97
ynao_sd_19810417_0110_li 32 28 4 4 0 725.25 833.55 230.7 247.97 494.55 585.58
ynao_sd_19810418_0150_li 36 27 9 4 0 1093.65 1169.89 304.17 322.56 789.48 847.33
ynao_sd_19810419_0035_li 54 43 11 4 0 1113.4 1224.24 321.14 356.55 792.26 867.69
ynao_sd_19810420_0115_li 35 30 5 3 0 856.97 1010.08 248.65 299.81 608.32 710.27
ynao_sd_19810421_0030_li 28 22 6 3 0 631.49 838.68 212.46 294.64 419.03 544.04
ynao_sd_19810422_0730_hong 24 20 4 3 0 523.65 861.83 139.46 216.85 384.19 644.98
ynao_sd_19810423_0110_hong 17 13 4 2 0 341.97 580.92 100.17 184.29 241.8 396.63
ynao_sd_19810424_0030_hong 11 8 3 3 0 345.35 761.75 126.14 275.7 219.21 486.05
ynao_sd_19810425_0040_hong 12 9 3 3 0 258.77 575.2 67.32 141.05 191.45 434.15
ynao_sd_19810426_0120_hong 8 7 1 1 0 77.81 171.81 38.39 67.59 39.42 104.22
ynao_sd_19810427_0035_wang 15 15 0 0 0 67.25 119.97 67.25 119.97 0 0
ynao_sd_19810428_0035_wang 3 3 0 0 0 24.6 58.07 24.6 58.07 0 0
ynao_sd_19810429_0055_wang 11 11 0 0 0 62.03 63.93 62.03 63.93 0 0
ynao_sd_19810430_0055_wang 13 13 0 0 0 61.21 71.79 61.21 71.79 0 0
ynao_sd_19810501_0115_wang 13 12 1 1 0 119.32 150.81 78.47 96.79 40.85 54.02
ynao_sd_19810502_0110_wang 32 32 0 2 0 906.78 1014.32 150.74 184.69 756.04 829.63
ynao_sd_19810503_0630_wang 28 23 5 1 0 811.58 2051.9 176.03 322.39 635.55 1729.51
ynao_sd_19810505_0130_li 8 8 0 0 0 45.92 53.26 45.92 53.26 0 0
ynao_sd_19810506_0040_li 26 26 0 1 0 189.5 222.9 151.13 178.22 38.37 44.68
ynao_sd_19810507_0045_li 31 29 2 2 0 225.99 268.71 167.05 201.74 58.94 66.97
ynao_sd_19810508_0135_li 27 25 2 1 0 248.14 409.84 197.52 355.53 50.62 54.31
ynao_sd_19810509_0045_li 16 14 2 2 0 239.42 380.24 110.14 149.3 129.28 230.94
ynao_sd_19810510_0500_li 24 19 5 2 0 289.47 400.57 114.1 134.8 175.37 265.77
ynao_sd_19810511_0330_hong 18 17 1 1 0 291.04 379.43 110.28 147.36 180.76 232.07
ynao_sd_19810512_0040_hong 14 10 4 3 0 370.56 417.47 102.7 117.29 267.86 300.18
ynao_sd_19810513_0030_hong 20 18 2 1 0 314.84 351.75 125.05 155.51 189.79 196.24
ynao_sd_19810514_0130_hong 11 8 3 2 0 481.06 1564.03 108.41 276.05 372.65 1287.98
ynao_sd_19810515_0330_hong 18 15 3 2 0 665.65 1259.98 189.64 335.72 476.01 924.26
ynao_sd_19810516_0340_hong 36 30 6 3 0 963.79 1552.02 288.59 479.33 675.2 1072.69
ynao_sd_19810517_0540_hong 27 22 5 3 0 969.6 1289.51 265.9 343.67 703.7 945.84
ynao_sd_19810518_0200_wang 35 28 7 3 0 1111.74 1389.87 281.99 344.17 829.75 1045.7
ynao_sd_19810521_0630_wang 36 29 7 3 0 1685.09 2039.88 254.65 321.28 1430.44 1718.6
ynao_sd_19810522_0725_wang 25 18 7 3 0 1697.71 2065.38 273.61 358.64 1424.1 1706.74
ynao_sd_19810524_0550_wang 19 15 4 3 0 1532.31 2532.13 177.68 408.44 1354.63 2123.69
ynao_sd_19810525_0350_li 13 9 4 2 0 486.13 1229.82 116.72 284.69 369.41 945.13
ynao_sd_19810527_0705_li 18 10 8 2 0 586.24 788.7 158.41 203.8 427.83 584.9
ynao_sd_19810528_0130_li 13 8 5 2 0 648.29 767.57 134.31 160.34 513.98 607.23
ynao_sd_19810529_0200_li 15 11 4 1 0 548.13 587.44 133.61 149.47 414.52 437.97
ynao_sd_19810530_0035_wang 26 20 6 3 0 621.83 678.72 143.71 176.64 478.12 502.08
ynao_sd_19810531_0310_wang 18 16 2 1 0 511.47 626.2 155.16 264.64 356.31 361.56
ynao_sd_19810601_0200_wang 16 13 3 1 0 450.81 499.32 131.61 157.11 319.2 342.21
ynao_sd_19810602_0305_wang 4 1 3 1 0 322.57 390.99 54.51 65.9 268.06 325.09
ynao_sd_19810607_0330_hong 19 19 0 0 0 135.06 142.68 135.06 142.68 0 0
ynao_sd_19810608_0250_hong 18 17 1 2 0 148.02 156.91 93.99 102.02 54.03 54.89
ynao_sd_19810609_0310_hong 9 6 3 2 0 116.85 472.81 78.62 379.49 38.23 93.32
ynao_sd_19810610_0040_hong 15 12 3 2 0 194.23 494.92 90.35 198.05 103.88 296.87
ynao_sd_19810611_0640_hong 24 14 10 7 0 673.55 1495.9 166.0 324.19 507.55 1171.71
ynao_sd_19810613_0030_hong 40 29 11 7 0 728.46 1253.62 267.16 459.05 461.3 794.57
ynao_sd_19810614_0120_hong 44 34 10 10 0 949.8 1351.31 294.98 409.8 654.82 941.51
ynao_sd_19810615_0030_li 34 27 7 4 0 899.09 1122.61 233.97 304.13 665.12 818.48
ynao_sd_19810616_0050_li 57 44 13 8 0 1092.8 1289.09 342.78 408.94 750.02 880.15
ynao_sd_19810617_0050_hong 64 32 32 7 0 1731.04 1994.2 412.72 494.94 1318.32 1499.26
ynao_sd_19810618_0210_li 44 25 19 3 0 1598.31 1812.36 390.26 489.57 1208.05 1322.79
ynao_sd_19810619_0350_li 47 28 19 5 0 1365.68 1795.68 321.16 466.03 1044.52 1329.65
ynao_sd_19810620_0030_li 26 16 10 6 0 683.35 865.72 166.18 200.15 517.17 665.57
ynao_sd_19810621_0140_li 21 14 7 5 0 396.69 589.9 118.59 164.58 278.1 425.32
ynao_sd_19810622_0300_hong 40 36 4 3 0 380.24 692.38 241.99 394.82 138.25 297.56
ynao_sd_19810623_0320_hong 47 41 6 5 0 381.19 793.3 219.11 375.23 162.08 418.07
ynao_sd_19810624_0210_hong 24 24 0 1 0 159.5 315.09 128.72 213.07 30.78 102.02
ynao_sd_19810625_0220_hong 27 25 2 2 0 236.1 481.18 140.99 207.99 95.11 273.19
ynao_sd_19810626_0240_hong 33 24 9 6 0 631.76 1266.72 220.61 359.36 411.15 907.36
ynao_sd_19810629_0110_li 61 40 21 8 0 1934.66 2337.16 523.09 639.99 1411.57 1697.17
ynao_sd_19810630_0250_li 94 77 17 8 0 1905.9 2134.04 590.59 705.3 1315.31 1428.74
ynao_sd_19810701_0250_li 77 62 15 6 0 1628.4 1724.9 548.28 584.2 1080.12 1140.7
ynao_sd_19810702_0055_li 79 62 17 8 0 2051.88 2228.32 563.96 615.59 1487.92 1612.73
ynao_sd_19810703_0330_li 64 55 9 6 0 1745.79 2097.5 441.24 540.02 1304.55 1557.48
ynao_sd_19810705_0020_li 42 35 7 5 0 868.8 1458.94 268.14 425.05 600.66 1033.89
ynao_sd_19810706_0320_hong 39 34 5 4 0 607.74 1330.51 249.83 491.59 357.91 838.92
ynao_sd_19810707_0030_hong 24 19 5 3 0 1101.83 2958.25 140.99 273.89 960.84 2684.36
ynao_sd_19810708_0040_hong 17 15 2 2 0 135.31 309.62 84.47 165.53 50.84 144.09
ynao_sd_19810709_0030_hong 24 18 6 3 0 249.09 1029.39 138.75 584.0 110.34 445.39
ynao_sd_19810710_0150_hong 58 48 10 6 0 703.92 1675.04 312.06 699.51 391.86 975.53
ynao_sd_19810711_0140_hong 69 51 18 9 0 1171.55 2031.74 389.8 663.37 781.75 1368.37
ynao_sd_19810712_0530_hong 72 50 22 9 0 1307.8 1841.47 424.82 607.26 882.98 1234.21
ynao_sd_19810713_0200_li 47 37 10 5 0 1007.48 1284.09 248.92 324.15 758.56 959.94
ynao_sd_19810718_0830_li 71 47 24 9 0 2025.22 4913.31 517.6 1100.6 1507.62 3812.71
ynao_sd_19810719_0340_li 70 39 31 9 0 2417.59 5400.38 528.71 1060.92 1888.88 4339.46
ynao_sd_19810720_0130_wang 72 49 23 7 0 2557.66 5146.33 612.66 1254.12 1945.0 3892.21
ynao_sd_19810721_0045_wang 37 21 16 4 0 3550.68 5306.42 473.41 746.2 3077.27 4560.22
ynao_sd_19810722_0055_wang 43 11 32 5 0 4120.49 7356.49 532.41 1035.81 3588.08 6320.68
ynao_sd_19810723_1045_wang 65 32 33 12 1 5149.43 7884.99 875.84 1294.5 4273.59 6590.49
ynao_sd_19810724_0050_wang 98 52 46 10 0 5806.36 7866.93 948.43 1274.68 4857.93 6592.25
ynao_sd_19810725_0100_wang 151 104 47 15 0 6415.11 7875.99 1388.33 1738.88 5026.78 6137.11
ynao_sd_19810726_0445_wang 147 104 43 18 0 6510.28 7624.07 1471.78 1769.85 5038.5 5854.22
ynao_sd_19810727_0250_hong 163 87 76 25 0 6740.34 8051.2 1502.22 1812.43 5238.12 6238.77
ynao_sd_19810728_0110_hong 145 83 62 18 0 6097.3 7556.26 1237.83 1513.47 4859.47 6042.79
ynao_sd_19810729_0320_hong 132 97 35 12 0 4148.89 5501.09 1108.93 1414.98 3039.96 4086.11
ynao_sd_19810730_0305_hong 108 80 28 12 1 3182.37 4525.1 890.48 1292.36 2291.89 3232.74
ynao_sd_19810731_0250_hong 83 63 20 11 0 2305.32 2970.85 600.59 795.68 1704.73 2175.17
ynao_sd_19810801_0240_hong 56 38 18 9 0 1748.4 2894.83 506.58 837.85 1241.82 2056.98
ynao_sd_19810802_0110_hong 25 13 12 6 0 1342.2 2743.5 276.82 580.79 1065.38 2162.71
ynao_sd_19810803_0150_li 17 12 5 4 0 479.41 1366.26 144.68 373.65 334.73 992.61
ynao_sd_19810804_0100_li 21 16 5 3 0 415.52 1492.87 135.83 529.42 279.69 963.45
ynao_sd_19810805_0010_li 40 19 21 7 0 898.4 2103.76 233.99 560.09 664.41 1543.67
ynao_sd_19810806_0030_li 45 19 26 4 0 1794.89 3064.86 358.67 605.8 1436.22 2459.06
ynao_sd_19810807_0115_li 59 35 24 6 0 1677.27 2179.23 501.58 686.78 1175.69 1492.45
ynao_sd_19810808_0025_li 69 34 35 7 0 2688.05 3078.63 536.4 625.3 2151.65 2453.33
ynao_sd_19810809_0020_li 60 36 24 10 0 2347.6 2507.58 610.01 661.47 1737.59 1846.11
ynao_sd_19810810_0100_wang 125 106 19 8 0 2025.92 2161.79 735.87 808.03 1290.05 1353.76
ynao_sd_19810811_0630_li 73 56 17 4 0 1688.17 1927.23 556.71 661.23 1131.46 1266.0
ynao_sd_19810812_0305_wang 92 67 25 7 1 3138.35 5030.99 600.19 836.12 2538.16 4194.87
ynao_sd_19810813_0150_wang 88 56 32 9 0 2647.87 5549.2 563.23 1015.09 2084.64 4534.11
ynao_sd_19810814_0210_wang 79 46 33 8 0 2868.53 6092.38 577.75 1279.52 2290.78 4812.86
ynao_sd_19810815_0150_wang 81 57 24 13 0 3912.99 6800.48 656.31 1252.11 3256.68 5548.37
ynao_sd_19810816_0140_wang 65 41 24 9 0 3354.45 5286.79 668.22 1204.84 2686.23 4081.95
ynao_sd_19810817_0150_hong 76 31 45 10 0 3425.98 4612.41 712.94 977.96 2713.04 3634.45
ynao_sd_19810818_0330_hong 104 65 39 16 1 3489.0 4562.95 903.92 1140.2 2585.08 3422.75
ynao_sd_19810819_0050_hong 129 86 43 23 0 3819.72 5110.5 1026.31 1457.04 2793.41 3653.46
ynao_sd_19810820_0040_hong 140 93 47 21 0 3724.84 4564.86 961.51 1263.24 2763.33 3301.62
ynao_sd_19810821_0600_wang 125 94 31 18 0 3332.23 4281.39 956.12 1375.98 2376.11 2905.41
ynao_sd_19810822_0540_wang 127 105 22 10 0 2702.14 3575.22 891.05 1192.95 1811.09 2382.27
ynao_sd_19810823_0200_wang 100 88 12 8 0 2060.24 2796.51 747.75 955.53 1312.49 1840.98
ynao_sd_19810824_0040_li 59 50 9 5 0 1313.21 1796.24 443.84 587.34 869.37 1208.9
ynao_sd_19810825_0030_li 51 42 9 4 0 965.6 1264.16 347.32 413.58 618.28 850.58
ynao_sd_19810827_0330_li 52 34 18 7 0 1903.6 3166.0 351.4 533.57 1552.2 2632.43
ynao_sd_19810828_0250_wang 77 47 30 7 0 2913.13 5029.97 649.48 1178.02 2263.65 3851.95
ynao_sd_19810829_0600_li 59 40 19 7 0 1126.27 2076.19 442.1 775.32 684.17 1300.87
ynao_sd_19810830_0220_li 48 30 18 8 0 1846.33 2987.58 358.79 619.76 1487.54 2367.82
ynao_sd_19810831_0200_wang 82 61 21 11 0 1965.02 3319.04 520.17 936.21 1444.85 2382.83
ynao_sd_19810901_0055_wang 91 63 28 11 0 2620.8 4692.86 588.96 792.67 2031.84 3900.19
ynao_sd_19810902_0110_wang 96 77 19 6 0 3794.59 4699.31 668.7 913.55 3125.89 3785.76
ynao_sd_19810903_0040_wang 89 69 20 6 1 2719.99 3279.37 632.56 790.51 2087.43 2488.86
ynao_sd_19810904_0155_wang 95 72 23 9 0 2587.45 3080.02 642.33 760.72 1945.12 2319.3
ynao_sd_19810905_0320_wang 118 97 21 7 0 2545.18 3100.67 726.35 862.38 1818.83 2238.29
ynao_sd_19810906_0040_wang 117 90 27 9 0 3595.32 5908.51 723.33 1085.54 2871.99 4822.97
ynao_sd_19810907_0040_hong 79 53 26 13 0 2479.7 3463.6 629.15 880.0 1850.55 2583.6
ynao_sd_19810908_0530_hong 52 35 17 8 1 1549.52 2054.45 421.46 561.88 1128.06 1492.57
ynao_sd_19810909_0310_hong 51 43 8 5 0 1124.27 1756.59 374.09 569.43 750.18 1187.16
ynao_sd_19810910_0320_hong 35 27 8 6 0 721.53 1391.42 218.06 370.17 503.47 1021.25
ynao_sd_19810911_0220_hong 34 28 6 3 0 423.51 1150.28 188.05 362.87 235.46 787.41
ynao_sd_19810912_0050_hong 20 16 4 3 0 296.0 757.33 149.8 278.84 146.2 478.49
ynao_sd_19810913_0240_hong 22 19 3 2 0 189.14 405.87 126.55 255.02 62.59 150.85
ynao_sd_19810914_0040_li 11 11 0 0 0 82.28 117.62 82.28 117.62 0 0
ynao_sd_19810915_0740_li 12 12 0 0 0 59.52 113.13 59.52 113.13 0 0
ynao_sd_19810916_0540_li 21 20 1 1 0 126.69 195.51 100.5 149.94 26.19 45.57
ynao_sd_19810917_0200_li 15 15 0 0 0 134.02 442.34 134.02 442.34 0 0
ynao_sd_19810919_0220_li 35 32 3 2 0 462.91 732.16 213.16 293.09 249.75 439.07
ynao_sd_19810920_0320_li 26 23 3 2 0 456.37 593.15 144.44 172.89 311.93 420.26
ynao_sd_19810921_0350_wang 28 24 4 4 0 1673.14 1985.33 182.21 253.76 1490.93 1731.57
ynao_sd_19810922_0050_wang 25 18 7 5 0 2320.48 2859.22 186.74 290.08 2133.74 2569.14
ynao_sd_19810923_0340_wang 31 26 5 3 0 713.42 1081.44 257.55 471.67 455.87 609.77
ynao_sd_19810924_0025_wang 23 19 4 3 0 717.48 949.52 181.16 261.94 536.32 687.58
ynao_sd_19810925_0040_wang 30 25 5 4 0 762.98 980.49 228.36 300.57 534.62 679.92
ynao_sd_19810926_0055_wang 46 39 7 6 0 858.91 1046.19 295.88 349.26 563.03 696.93
ynao_sd_19810927_0040_wang 52 48 4 3 0 729.08 1043.74 344.65 530.01 384.43 513.73
ynao_sd_19810928_0040_hong 77 67 10 5 0 1035.79 1633.57 479.85 758.16 555.94 875.41
ynao_sd_19810929_0050_hong 66 53 13 8 0 838.9 1429.15 346.5 553.13 492.4 876.02
ynao_sd_19810930_0140_hong 60 47 13 9 0 2017.58 2511.44 389.31 511.11 1628.27 2000.33
ynao_sd_19811001_0100_wang 59 48 11 6 0 979.8 1297.12 364.44 506.96 615.36 790.16
ynao_sd_19811002_0230_hong 56 47 9 6 0 913.0 1253.2 384.46 556.46 528.54 696.74
ynao_sd_19811003_0250_li 32 28 4 5 0 932.41 1118.73 187.13 255.58 745.28 863.15
ynao_sd_19811004_0120_hong 68 53 15 4 0 632.89 828.44 384.4 518.67 248.49 309.77
ynao_sd_19811005_0340_wang 93 85 8 5 0 928.17 1079.63 513.5 601.65 414.67 477.98
ynao_sd_19811006_0050_wang 79 68 11 7 0 885.02 1077.91 432.24 527.33 452.78 550.58
ynao_sd_19811007_0045_wang 77 66 11 9 0 1108.86 1262.24 435.44 516.24 673.42 746.0
ynao_sd_19811011_0615_wang 66 44 22 7 0 3394.05 4729.35 640.14 873.08 2753.91 3856.27
ynao_sd_19811012_0115_wang 75 47 28 10 0 3638.22 4723.09 705.81 915.27 2932.41 3807.82
ynao_sd_19811013_0350_hong 126 76 50 13 0 4941.09 7305.12 1174.16 1899.47 3766.93 5405.65
ynao_sd_19811014_0310_hong 136 72 64 22 0 6114.23 8872.16 1335.55 1908.43 4778.68 6963.73
ynao_sd_19811015_0040_hong 181 96 85 37 0 7204.48 10637.85 1651.12 2419.58 5553.36 8218.27
ynao_sd_19811016_0110_hong 169 90 79 31 0 7334.89 10156.39 1585.46 2173.84 5749.43 7982.55
ynao_sd_19811017_0320_hong 199 115 84 34 0 7640.24 9799.71 1633.65 2133.38 6006.59 7666.33
ynao_sd_19811018_0520_hong 170 95 75 39 0 7339.56 9308.9 1515.45 1978.23 5824.11 7330.67
ynao_sd_19811019_0730_li 157 99 58 22 0 6222.94 7932.01 1477.87 1984.55 4745.07 5947.46
ynao_sd_19811020_0050_li 117 77 40 22 0 4690.45 6263.68 1192.42 1620.63 3498.03 4643.05
ynao_sd_19811021_0115_li 81 58 23 9 0 3027.4 3751.86 765.41 1021.37 2261.99 2730.49
ynao_sd_19811022_0100_li 67 53 14 7 0 2368.32 3139.74 590.83 796.79 1777.49 2342.95
ynao_sd_19811024_0520_li 35 26 9 5 0 1227.59 2802.93 325.83 659.99 901.76 2142.94
ynao_sd_19811025_0410_li 33 31 2 2 0 427.62 662.17 230.25 424.97 197.37 237.2
ynao_sd_19811026_0115_wang 28 26 2 3 0 360.64 538.63 148.03 211.85 212.61 326.78
ynao_sd_19811027_0105_wang 16 13 3 2 0 1122.53 1468.02 114.02 192.88 1008.51 1275.14
ynao_sd_19811029_0500_wang 19 11 8 5 0 412.74 977.98 116.41 272.52 296.33 705.46
ynao_sd_19811030_0055_wang 22 14 8 5 0 1151.48 3053.87 158.12 488.39 993.36 2565.48
ynao_sd_19811031_0055_wang 52 33 19 8 0 1968.81 4091.03 400.59 931.44 1568.22 3159.59
ynao_sd_19811101_0105_wang 60 29 31 9 0 3261.74 4628.24 367.96 568.96 2893.78 4059.28
ynao_sd_19811102_0250_hong 101 65 36 14 0 2950.77 4270.74 810.34 1242.16 2140.43 3028.58
ynao_sd_19811103_0320_hong 109 58 51 19 0 3645.75 4929.75 778.95 1068.97 2866.8 3860.78
ynao_sd_19811104_0105_li 124 61 63 15 0 2670.74 3272.7 846.13 1020.39 1824.61 2252.31
ynao_sd_19811105_0050_li 125 85 40 18 0 2578.22 3311.41 716.05 881.98 1862.17 2429.43
ynao_sd_19811106_0140_li 125 96 29 12 0 2293.16 2924.17 769.73 925.4 1523.43 1998.77
ynao_sd_19811110_0240_li 33 24 9 6 0 1462.27 1933.56 317.39 519.89 1144.88 1413.67
ynao_sd_19811111_0530_li 50 42 8 4 0 1302.35 1492.87 361.85 419.12 940.5 1073.75
ynao_sd_19811112_0250_li 42 32 10 4 0 1070.96 1340.21 317.68 393.97 753.28 946.24
ynao_sd_19811113_0155_wang 73 56 17 7 0 2891.2 4411.85 470.84 712.69 2420.36 3699.16
ynao_sd_19811114_0110_wang 52 40 12 7 0 2947.28 4179.28 335.17 628.09 2612.11 3551.19
ynao_sd_19811116_0350_wang 32 24 8 3 0 563.17 1119.5 208.93 416.15 354.24 703.35
ynao_sd_19811117_0105_wang 60 57 3 2 0 507.33 824.03 355.1 635.61 152.23 188.42
ynao_sd_19811118_0105_wang 57 51 6 6 0 1324.8 1798.08 363.69 540.14 961.11 1257.94
ynao_sd_19811120_0200_wang 39 32 7 3 0 819.86 1207.06 231.2 316.09 588.66 890.97
ynao_sd_19811122_0115_wang 16 13 3 4 0 427.62 1304.11 111.01 275.71 316.61 1028.4
ynao_sd_19811123_0330_hong 21 19 2 2 0 161.45 337.76 120.11 265.71 41.34 72.05
ynao_sd_19811124_0120_hong 11 10 1 0 0 60.22 149.58 63.74 156.77 3.52 7.19
ynao_sd_19811125_0040_hong 6 5 1 1 0 272.88 1146.79 88.28 378.16 184.6 768.63
ynao_sd_19811126_0050_hong 34 29 5 5 0 719.06 1947.08 246.11 684.28 472.95 1262.8
ynao_sd_19811127_0040_hong 58 49 9 4 0 1017.64 1778.94 385.82 695.65 631.82 1083.29
ynao_sd_19811128_0210_hong 82 62 20 13 1 1712.89 2300.36 568.22 797.87 1144.67 1502.49
ynao_sd_19811129_0120_hong 99 81 18 10 0 1919.31 2241.56 696.38 826.06 1222.93 1415.5
ynao_sd_19811202_0650_li 65 57 8 7 0 1147.99 1338.7 387.24 455.98 760.75 882.72
ynao_sd_19811203_0710_li 62 54 8 4 0 1054.4 1561.57 375.44 527.61 678.96 1033.96
ynao_sd_19811204_0050_li 45 36 9 6 0 1002.59 1718.29 327.08 496.72 675.51 1221.57
ynao_sd_19811205_0420_li 23 12 11 5 0 915.2 1587.37 169.73 260.77 745.47 1326.6
ynao_sd_19811206_0200_li 30 19 11 4 0 827.27 1473.36 216.45 457.21 610.82 1016.15
ynao_sd_19811207_0715_wang 55 45 10 6 0 2203.86 3722.87 331.09 513.99 1872.77 3208.88
ynao_sd_19811208_0135_wang 47 33 14 7 0 1689.57 3088.34 403.6 685.44 1285.97 2402.9
ynao_sd_19811209_0120_wang 53 32 21 11 0 2274.99 3287.35 448.89 694.17 1826.1 2593.18
ynao_sd_19811210_0520_wang 88 66 22 15 0 2835.63 3442.24 709.48 863.26 2126.15 2578.98
ynao_sd_19811211_0210_wang 96 74 22 15 0 2905.31 3262.24 627.2 703.45 2278.11 2558.79
ynao_sd_19811212_0140_wang 102 80 22 12 0 3064.87 3305.64 763.77 827.66 2301.1 2477.98
ynao_sd_19811213_0050_wang 83 59 24 11 0 3081.68 3327.6 663.11 736.88 2418.57 2590.72
ynao_sd_19811217_0105_hong 28 20 8 4 0 946.35 1845.96 313.44 612.89 632.91 1233.07
ynao_sd_19811220_0610_hong 25 25 0 0 0 157.82 222.85 157.82 222.85 0 0
ynao_sd_19811222_0700_li 14 13 1 1 0 199.74 416.85 99.07 175.32 100.67 241.53
ynao_sd_19811223_0300_li 14 13 1 1 0 316.21 550.15 118.74 195.08 197.47 355.07
ynao_sd_19811224_0120_li 14 9 5 2 0 378.11 523.52 80.57 108.8 297.54 414.72
ynao_sd_19811225_0105_li 9 6 3 3 0 443.52 535.74 72.36 86.66 371.16 449.08
ynao_sd_19811226_0300_li 20 18 2 1 0 424.17 477.67 148.13 171.31 276.04 306.36
ynao_sd_19811227_0100_li 40 36 4 1 0 520.69 582.98 218.51 258.76 302.18 324.22
ynao_sd_19811228_0105_wang 53 46 7 5 0 1086.71 1235.2 379.6 431.83 707.11 803.37
ynao_sd_19811229_0105_wang 43 38 5 4 0 983.2 1226.87 288.69 343.91 694.51 882.96
ynao_sd_19811230_0050_wang 34 23 11 5 0 825.63 1166.23 244.14 328.47 581.49 837.76
ynao_sd_19811231_0325_wang 25 20 5 2 0 562.25 971.29 178.09 319.72 384.16 651.57
