ynao_sd_19820101_0155_wang 13 10 3 2 0 356.11 789.65 115.48 283.44 240.63 506.21
ynao_sd_19820102_0110_wang 9 8 1 2 0 969.52 3155.39 57.33 129.52 912.19 3025.87
ynao_sd_19820103_0050_wang 7 5 2 2 0 213.68 691.46 62.19 150.78 151.49 540.68
ynao_sd_19820104_0050_hong 10 8 2 2 0 326.43 712.1 88.09 190.25 238.34 521.85
ynao_sd_19820105_0100_hong 16 14 2 2 0 478.16 725.88 169.61 241.13 308.55 484.75
ynao_sd_19820106_0305_hong 19 15 4 3 0 570.71 724.78 176.01 221.86 394.7 502.92
ynao_sd_19820107_0640_hong 27 25 2 2 0 680.46 756.91 238.23 261.36 442.23 495.55
ynao_sd_19820108_0140_hong 21 19 2 2 0 617.81 668.9 212.7 235.84 405.11 433.06
ynao_sd_19820109_0150_hong 27 22 5 5 0 698.42 736.6 225.15 240.03 473.27 496.57
ynao_sd_19820110_0120_hong 33 24 9 6 0 768.04 850.57 258.14 288.59 509.9 561.98
ynao_sd_19820111_0105_wang 25 16 9 6 0 1927.25 3662.06 211.45 262.88 1715.8 3399.18
ynao_sd_19820112_0050_wang 28 21 7 5 0 1292.03 1966.07 258.88 414.53 1033.15 1551.54
ynao_sd_19820113_0050_wang 38 31 7 4 0 817.21 1558.22 253.18 449.52 564.03 1108.7
ynao_sd_19820114_0145_wang 38 28 10 4 0 684.86 1332.4 228.5 418.17 456.36 914.23
ynao_sd_19820115_0050_wang 43 36 7 4 0 650.11 921.04 280.13 345.0 369.98 576.04
ynao_sd_19820117_0430_wang 53 44 9 3 0 917.68 1072.47 391.17 540.93 526.51 531.54
ynao_sd_19820119_0140_li 57 45 12 7 0 1211.08 1521.94 459.73 595.07 751.35 926.87
ynao_sd_19820120_0130_li 39 29 10 8 0 1018.45 1556.27 296.78 448.29 721.67 1107.98
ynao_sd_19820121_0130_li 42 32 10 5 0 643.41 1040.15 315.48 496.45 327.93 543.7
ynao_sd_19820122_0135_li 37 27 10 5 0 493.65 853.95 246.18 397.68 247.47 456.27
ynao_sd_19820123_0110_li 29 26 3 3 0 364.58 569.0 162.85 217.18 201.73 351.82
ynao_sd_19820124_0130_li 18 14 4 2 0 826.53 901.98 118.47 128.58 708.06 773.4
ynao_sd_19820125_0110_li 14 13 1 1 0 140.11 148.63 74.64 82.85 65.47 65.78
ynao_sd_19820126_0150_hong 19 16 3 2 0 306.65 615.48 119.05 204.56 187.6 410.92
ynao_sd_19820127_0200_hong 31 26 5 3 0 485.19 1082.83 192.86 372.11 292.33 710.72
ynao_sd_19820128_0110_hong 65 52 13 6 0 1262.09 1936.95 468.98 677.41 793.11 1259.54
ynao_sd_19820129_0105_hong 77 47 30 10 0 2828.25 3536.73 712.7 909.82 2115.55 2626.91
ynao_sd_19820130_0110_hong 108 75 33 16 0 3983.11 4732.77 940.38 1210.21 3042.73 3522.56
ynao_sd_19820131_0120_hong 133 99 34 21 0 3872.01 4341.89 1141.2 1342.28 2730.81 2999.61
ynao_sd_19820201_0115_wang 143 113 30 14 0 5589.37 6228.94 1117.58 1280.33 4471.79 4948.61
ynao_sd_19820202_0115_wang 133 98 35 13 0 3726.39 4296.2 1023.74 1201.88 2702.65 3094.32
ynao_sd_19820203_0110_wang 117 92 25 11 0 3963.5 6253.02 925.74 1129.18 3037.76 5123.84
ynao_sd_19820204_0115_wang 125 94 31 8 0 3453.05 6344.73 930.35 1395.28 2522.7 4949.45
ynao_sd_19820205_0120_wang 96 65 31 10 0 3292.38 6599.93 777.64 1320.8 2514.74 5279.13
ynao_sd_19820206_0710_wang 74 42 32 15 1 5130.67 9395.15 730.51 1273.61 4400.16 8121.54
ynao_sd_19820207_0100_wang 157 102 55 17 0 4720.93 7506.8 1193.25 1925.53 3527.68 5581.27
ynao_sd_19820208_0230_wang 134 91 43 18 0 5821.9 7681.9 1073.82 1369.25 4748.08 6312.65
ynao_sd_19820209_0220_wang 125 72 53 15 0 7304.1 8364.85 1219.46 1448.46 6084.64 6916.39
ynao_sd_19820211_0410_wang 119 72 47 8 1 6439.33 6680.3 1188.91 1234.25 5250.42 5446.05
ynao_sd_19820212_0140_wang 126 82 44 11 1 5130.95 5547.65 1039.68 1145.82 4091.27 4401.83
ynao_sd_19820213_0100_wang 100 63 37 12 0 4235.01 4987.78 726.36 865.16 3508.65 4122.62
ynao_sd_19820214_0550_li 52 32 20 7 0 2386.35 3510.85 439.61 634.22 1946.74 2876.63
ynao_sd_19820216_0110_li 21 13 8 6 0 531.01 1311.31 166.35 359.22 364.66 952.09
ynao_sd_19820217_0220_li 6 3 3 3 0 119.23 215.07 47.45 71.29 71.78 143.78
ynao_sd_19820218_0240_li 3 1 2 1 0 49.69 137.77 21.76 82.48 27.93 55.29
ynao_sd_19820219_0130_li 6 4 2 2 0 162.98 340.47 61.26 117.83 101.72 222.64
ynao_sd_19820220_0120_li 12 8 4 3 0 287.22 553.3 78.54 117.84 208.68 435.46
ynao_sd_19820221_0105_li 12 5 7 3 0 309.59 679.26 76.95 157.94 232.64 521.32
ynao_sd_19820222_0140_hong 15 6 9 3 0 499.2 922.12 155.54 276.32 343.66 645.8
ynao_sd_19820223_0045_hong 11 3 8 4 0 721.75 1090.38 144.37 234.4 577.38 855.98
ynao_sd_19820224_0050_hong 9 1 8 5 0 868.73 1283.98 168.95 238.55 699.78 1045.43
ynao_sd_19820225_0040_hong 14 4 10 5 0 1109.88 1414.85 228.25 293.77 881.63 1121.08
ynao_sd_19820226_0050_hong 28 16 12 5 0 1358.93 1578.24 302.88 348.6 1056.05 1229.64
ynao_sd_19820227_0100_hong 38 25 13 7 0 2861.07 4170.68 452.88 774.22 2408.19 3396.46
ynao_sd_19820228_0110_hong 62 38 24 10 0 2338.78 3649.24 579.61 861.57 1759.17 2787.67
ynao_sd_19820301_0105_wang 72 50 22 9 0 2822.04 3777.92 573.52 741.64 2248.52 3036.28
ynao_sd_19820302_0045_wang 84 52 32 12 1 3758.57 4815.59 713.77 871.75 3044.8 3943.84
ynao_sd_19820303_0045_wang 97 68 29 12 0 3157.96 3995.25 748.92 1052.48 2409.04 2942.77
ynao_sd_19820304_0350_wang 88 59 29 13 0 3896.23 4468.78 626.83 696.06 3269.4 3772.72
ynao_sd_19820305_0055_wang 136 98 38 16 0 3168.76 3792.23 849.22 1053.29 2319.54 2738.94
ynao_sd_19820306_0100_wang 93 62 31 12 0 3309.11 3795.4 804.99 1010.1 2504.12 2785.3
ynao_sd_19820307_0100_wang 70 43 27 12 0 2877.25 3471.93 554.17 725.69 2323.08 2746.24
ynao_sd_19820308_0040_wang 68 38 30 12 0 2704.06 3739.66 478.9 677.01 2225.16 3062.65
ynao_sd_19820309_0050_hong 53 33 20 9 0 1470.61 2295.25 351.42 527.27 1119.19 1767.98
ynao_sd_19820310_0100_hong 39 27 12 8 0 936.59 1769.21 232.06 412.04 704.53 1357.17
ynao_sd_19820311_0040_hong 26 21 5 6 0 565.62 1309.23 246.83 574.17 318.79 735.06
ynao_sd_19820312_0100_hong 28 24 4 4 0 496.51 884.4 230.95 334.91 265.56 549.49
ynao_sd_19820313_0040_hong 45 36 9 4 0 785.29 1722.16 271.27 429.95 514.02 1292.21
ynao_sd_19820314_0640_hong 10 9 1 1 0 359.32 898.43 119.15 222.11 240.17 676.32
ynao_sd_19820315_0035_wang 77 60 17 4 0 2007.85 2671.05 594.33 750.87 1413.52 1920.18
ynao_sd_19820316_0045_wang 56 31 25 10 0 2254.53 2628.55 472.96 576.16 1781.57 2052.39
ynao_sd_19820317_0055_wang 89 50 39 4 0 3051.71 3188.72 769.58 796.91 2282.13 2391.81
ynao_sd_19820318_0050_wang 98 54 44 6 1 3785.73 3862.65 774.37 791.53 3011.36 3071.12
ynao_sd_19820319_0050_wang 73 33 40 11 0 3952.25 4346.11 770.28 839.09 3181.97 3507.02
ynao_sd_19820320_0050_wang 75 41 34 9 0 3388.09 4066.14 620.54 736.73 2767.55 3329.41
ynao_sd_19820321_0045_wang 72 40 32 10 0 2873.08 4024.16 606.18 853.79 2266.9 3170.37
ynao_sd_19820322_0040_hong 57 30 27 12 0 2254.6 4151.59 530.65 977.79 1723.95 3173.8
ynao_sd_19820323_0030_hong 41 22 19 11 0 1661.97 3910.85 420.17 970.63 1241.8 2940.22
ynao_sd_19820324_0040_hong 25 15 10 6 0 1171.05 2310.18 222.34 459.73 948.71 1850.45
ynao_sd_19820325_0030_hong 26 15 11 4 0 1213.33 2092.26 250.85 436.38 962.48 1655.88
ynao_sd_19820326_0045_hong 43 25 18 8 0 1313.96 1924.68 308.7 493.91 1005.26 1430.77
ynao_sd_19820327_0150_hong 80 54 26 10 0 3017.16 5476.15 537.98 711.85 2479.18 4764.3
ynao_sd_19820328_0200_hong 71 49 22 10 0 1345.83 1537.94 522.47 609.18 823.36 928.76
ynao_sd_19820329_0100_li 61 53 8 5 0 879.39 963.71 440.43 482.06 438.96 481.65
ynao_sd_19820330_0135_li 56 49 7 6 0 742.64 857.42 295.99 333.49 446.65 523.93
ynao_sd_19820331_0200_li 39 33 6 5 0 573.41 752.08 218.39 263.26 355.02 488.82
ynao_sd_19820401_0220_li 34 31 3 2 0 423.63 557.53 250.67 351.08 172.96 206.45
ynao_sd_19820404_0050_li 39 35 4 3 0 538.57 863.37 265.94 394.23 272.63 469.14
ynao_sd_19820405_0810_wang 38 32 6 3 0 620.66 886.85 244.0 362.96 376.66 523.89
ynao_sd_19820406_0130_wang 44 38 6 2 0 573.26 816.52 278.99 450.72 294.27 365.8
ynao_sd_19820407_0055_wang 52 45 7 5 0 661.41 904.94 268.75 328.58 392.66 576.36
ynao_sd_19820408_0045_wang 42 32 10 6 0 1652.69 2755.87 320.67 654.46 1332.02 2101.41
ynao_sd_19820409_0740_wang 36 29 7 6 0 666.41 1426.89 194.13 344.21 472.28 1082.68
ynao_sd_19820410_0340_wang 69 63 6 5 0 2198.16 4777.46 483.68 753.43 1714.48 4024.03
ynao_sd_19820411_0250_wang 61 50 11 6 0 1357.44 1982.06 414.19 617.7 943.25 1364.36
ynao_sd_19820412_0050_hong 68 55 13 7 0 1322.05 1672.72 443.78 570.06 878.27 1102.66
ynao_sd_19820413_0200_hong 70 61 9 4 0 1291.88 1484.35 416.24 489.09 875.64 995.26
ynao_sd_19820414_0100_hong 51 41 10 4 0 1051.07 1154.32 324.3 373.52 726.77 780.8
ynao_sd_19820416_0250_hong 40 30 10 5 0 954.06 1082.23 270.45 314.61 683.61 767.62
ynao_sd_19820417_0020_hong 37 25 12 6 0 1004.04 1644.58 291.97 401.75 712.07 1242.83
ynao_sd_19820418_0140_hong 31 19 12 6 0 869.75 1380.8 234.05 371.47 635.7 1009.33
ynao_sd_19820419_0050_li 21 10 11 4 0 626.58 921.42 164.99 217.55 461.59 703.87
ynao_sd_19820420_0050_li 19 10 9 4 0 568.41 817.09 126.75 167.8 441.66 649.29
ynao_sd_19820421_0050_li 12 9 3 2 0 431.78 633.1 108.4 162.41 323.38 470.69
ynao_sd_19820422_0040_li 15 10 5 2 0 388.37 541.73 92.58 129.11 295.79 412.62
ynao_sd_19820423_0200_li 9 6 3 1 0 311.05 317.87 68.64 71.31 242.41 246.56
ynao_sd_19820424_0120_li 5 2 3 1 0 299.62 303.88 41.53 42.07 258.09 261.81
ynao_sd_19820425_0150_li 6 4 2 1 0 298.28 320.97 68.26 76.39 230.02 244.58
ynao_sd_19820426_0120_wang 19 18 1 1 0 364.61 484.9 135.83 216.63 228.78 268.27
ynao_sd_19820427_0100_wang 13 12 1 1 0 295.56 525.96 98.05 252.5 197.51 273.46
ynao_sd_19820428_0035_wang 20 17 3 2 0 973.25 1487.16 110.91 225.73 862.34 1261.43
ynao_sd_19820429_0025_wang 21 18 3 3 0 229.05 417.35 101.47 158.23 127.58 259.12
ynao_sd_19820430_0055_wang 34 28 6 3 0 685.28 951.71 228.67 388.4 456.61 563.31
ynao_sd_19820501_0050_wang 42 31 11 3 0 970.87 1085.81 255.4 305.91 715.47 779.9
ynao_sd_19820502_0045_wang 35 23 12 6 0 2873.74 3194.66 268.43 381.01 2605.31 2813.65
ynao_sd_19820503_0030_hong 46 36 10 4 0 988.6 1136.4 316.0 393.68 672.6 742.72
ynao_sd_19820504_0110_hong 56 41 15 5 0 1089.05 1372.76 365.3 498.33 723.75 874.43
ynao_sd_19820505_0300_hong 46 24 22 7 0 1066.69 1333.86 294.42 382.62 772.27 951.24
ynao_sd_19820506_0830_hong 58 36 22 5 0 1463.12 1830.81 433.19 567.7 1029.93 1263.11
ynao_sd_19820507_0040_hong 53 32 21 6 0 1610.81 1994.07 355.46 437.77 1255.35 1556.3
ynao_sd_19820508_0030_hong 52 39 13 7 0 1624.28 1962.4 440.12 520.37 1184.16 1442.03
ynao_sd_19820509_0010_hong 47 33 14 6 0 1197.32 1409.95 331.46 364.17 865.86 1045.78
ynao_sd_19820510_0040_li 41 33 8 3 0 848.97 988.42 276.76 315.23 572.21 673.19
ynao_sd_19820511_0050_li 32 24 8 5 0 693.45 953.13 230.9 305.02 462.55 648.11
ynao_sd_19820512_0100_li 33 28 5 3 0 430.3 971.77 190.04 400.97 240.26 570.8
ynao_sd_19820513_0100_li 23 20 3 2 0 392.71 920.88 169.51 377.57 223.2 543.31
ynao_sd_19820514_0720_li 9 8 1 1 0 361.61 540.8 86.79 143.56 274.82 397.24
ynao_sd_19820515_0140_li 10 9 1 1 0 431.43 558.09 130.15 184.16 301.28 373.93
ynao_sd_19820516_0140_li 19 14 5 4 0 597.92 658.68 156.52 180.18 441.4 478.5
ynao_sd_19820517_0105_li 21 15 6 3 0 963.6 984.31 202.48 208.03 761.12 776.28
ynao_sd_19820518_0100_li 20 14 6 3 0 716.8 761.02 159.5 194.17 557.3 566.85
ynao_sd_19820520_0240_li 12 7 5 2 0 469.27 554.96 105.54 125.67 363.73 429.29
ynao_sd_19820521_0050_li 9 6 3 2 0 397.46 546.22 69.14 92.3 328.32 453.92
ynao_sd_19820522_0045_li 18 14 4 2 0 329.36 580.29 107.47 187.64 221.89 392.65
ynao_sd_19820523_0040_li 21 19 2 1 0 223.44 440.41 137.74 237.17 85.7 203.24
ynao_sd_19820524_0205_wang 23 22 1 1 0 172.21 449.46 107.52 167.07 64.69 282.39
ynao_sd_19820525_0210_wang 10 9 1 1 0 123.62 199.98 59.39 77.04 64.23 122.94
ynao_sd_19820526_0050_wang 32 31 1 1 0 277.62 418.51 193.91 296.26 83.71 122.25
ynao_sd_19820527_0130_wang 67 56 11 7 0 1419.82 1728.56 418.07 553.09 1001.75 1175.47
ynao_sd_19820528_0055_wang 87 68 19 8 0 1771.25 2329.56 554.76 744.23 1216.49 1585.33
ynao_sd_19820529_0050_wang 76 45 31 11 0 2083.0 2684.53 492.77 622.47 1590.23 2062.06
ynao_sd_19820530_0050_wang 64 43 21 7 0 1563.03 2163.21 373.17 487.58 1189.86 1675.63
ynao_sd_19820531_0050_hong 51 40 11 8 0 976.75 1345.59 372.27 538.21 604.48 807.38
ynao_sd_19820601_0100_hong 40 33 7 2 0 662.38 715.7 253.11 275.88 409.27 439.82
ynao_sd_19820602_0040_hong 31 25 6 4 0 524.49 817.37 197.56 320.23 326.93 497.14
ynao_sd_19820603_0030_hong 33 23 10 10 0 908.98 2304.79 201.42 494.3 707.56 1810.49
ynao_sd_19820604_0150_hong 39 19 20 10 0 1306.52 2461.14 325.22 560.87 981.3 1900.27
ynao_sd_19820605_0500_hong 63 39 24 11 0 1665.64 2477.97 484.13 717.02 1181.51 1760.95
ynao_sd_19820608_0220_li 65 51 14 8 0 1672.15 1869.8 501.43 607.59 1170.72 1262.21
ynao_sd_19820610_0800_li 100 71 29 7 0 2560.92 2992.11 757.55 915.65 1803.37 2076.46
ynao_sd_19820611_0230_li 78 50 28 8 0 2461.53 2915.52 624.94 751.35 1836.59 2164.17
ynao_sd_19820613_0335_li 50 34 16 8 0 1578.34 2233.64 387.46 557.32 1190.88 1676.32
ynao_sd_19820614_0515_wang 53 39 14 7 0 1378.31 2329.97 394.47 758.53 983.84 1571.44
ynao_sd_19820615_0215_wang 33 22 11 6 0 1037.75 1639.49 222.81 370.97 814.94 1268.52
ynao_sd_19820616_0200_wang 43 37 6 3 0 879.65 1501.91 271.84 470.59 607.81 1031.32
ynao_sd_19820617_0035_wang 25 20 5 3 0 772.27 1327.04 240.37 381.24 531.9 945.8
ynao_sd_19820618_0210_wang 23 18 5 3 0 626.23 1171.51 171.16 297.82 455.07 873.69
ynao_sd_19820619_0405_wang 9 4 5 5 0 555.1 1079.93 96.37 163.81 458.73 916.12
ynao_sd_19820620_0000_wang 5 3 2 2 0 413.85 449.07 75.98 84.37 337.87 364.7
ynao_sd_19820621_0040_hong 8 6 2 2 0 358.54 383.48 122.27 131.29 236.27 252.19
ynao_sd_19820622_0320_hong 13 11 2 2 0 376.74 453.07 132.01 179.02 244.73 274.05
ynao_sd_19820623_0740_hong 0 0 0 0 0 0 0 0 0 0 0
ynao_sd_19820624_0240_hong 25 18 7 4 0 795.79 982.19 212.09 261.25 583.7 720.94
ynao_sd_19820625_0300_hong 20 14 6 3 0 617.6 908.35 143.07 203.53 474.53 704.82
ynao_sd_19820626_0115_wang 25 21 4 3 0 384.59 742.63 137.49 229.25 247.1 513.38
ynao_sd_19820627_0130_hong 20 19 1 1 0 184.52 376.77 115.48 186.8 69.04 189.97
ynao_sd_19820628_0600_li 8 6 2 1 0 123.2 128.97 44.48 46.71 78.72 82.26
ynao_sd_19820629_0950_li 12 9 3 1 0 128.7 136.3 59.19 62.63 69.51 73.67
ynao_sd_19820630_0400_li 16 15 1 1 0 121.29 148.09 70.82 91.58 50.47 56.51
ynao_sd_19820701_0125_li 17 17 0 0 0 87.13 123.09 87.13 123.09 0 0
ynao_sd_19820704_0100_li 13 13 0 0 0 66.88 87.21 66.88 87.21 0 0
ynao_sd_19820705_0645_wang 40 36 4 0 0 181.0 244.4 200.9 264.48 19.9 20.08
ynao_sd_19820706_0205_wang 23 22 1 2 0 220.04 332.91 120.79 160.52 99.25 172.39
ynao_sd_19820707_0220_wang 25 20 5 3 0 236.59 333.86 106.14 153.36 130.45 180.5
ynao_sd_19820710_0040_wang 36 33 3 1 0 1070.54 1469.05 260.29 543.18 810.25 925.87
ynao_sd_19820711_0305_wang 34 27 7 6 0 694.48 1353.15 208.55 371.06 485.93 982.09
ynao_sd_19820712_0330_li 27 20 7 5 0 728.89 1064.35 176.92 235.63 551.97 828.72
ynao_sd_19820713_0100_li 30 20 10 5 0 1011.21 1303.63 223.86 296.25 787.35 1007.38
ynao_sd_19820714_0500_li 36 23 13 6 0 1144.09 1370.6 271.54 338.26 872.55 1032.34
ynao_sd_19820715_0140_li 40 32 8 6 0 1009.87 1182.61 271.43 317.87 738.44 864.74
ynao_sd_19820716_0140_li 40 29 11 7 0 890.41 1019.85 310.14 353.11 580.27 666.74
ynao_sd_19820717_0100_li 57 45 12 9 0 993.07 1164.43 379.46 448.9 613.61 715.53
ynao_sd_19820718_0415_li 59 53 6 4 0 689.59 845.26 355.26 460.61 334.33 384.65
ynao_sd_19820719_0220_wang 62 51 11 7 0 1068.3 1512.34 338.42 421.49 729.88 1090.85
ynao_sd_19820720_0115_wang 39 33 6 4 0 630.13 873.01 243.21 328.75 386.92 544.26
ynao_sd_19820721_0210_wang 29 22 7 4 0 1086.37 2983.69 196.09 397.23 890.28 2586.46
ynao_sd_19820722_0200_wang 14 12 2 2 0 182.39 411.74 103.3 263.95 79.09 147.79
ynao_sd_19820723_0300_wang 10 9 1 0 0 78.07 215.08 82.02 232.49 3.95 17.41
ynao_sd_19820725_0430_wang 10 9 1 1 0 230.39 361.93 191.57 317.14 38.82 44.79
ynao_sd_19820726_0550_li 5 5 0 0 0 25.96 31.11 25.96 31.11 0 0
ynao_sd_19820727_0200_li 3 3 0 0 0 18.12 20.05 18.12 20.05 0 0
ynao_sd_19820728_0710_li 5 5 0 0 0 33.55 43.75 33.55 43.75 0 0
ynao_sd_19820729_0835_li 1 1 0 0 0 6.01 16.31 6.01 16.31 0 0
ynao_sd_19820730_0020_li 7 7 0 0 0 68.25 127.44 68.25 127.44 0 0
ynao_sd_19820731_0105_li 15 14 1 1 0 184.64 290.19 110.47 164.73 74.17 125.46
ynao_sd_19820801_0140_li 24 19 5 2 0 309.82 393.74 151.71 193.29 158.11 200.45
ynao_sd_19820802_0030_wang 47 37 10 6 0 1582.58 4254.88 296.2 474.16 1286.38 3780.72
ynao_sd_19820803_0045_wang 50 31 19 9 0 998.48 1167.41 287.46 316.8 711.02 850.61
ynao_sd_19820804_0210_wang 39 22 17 5 0 1304.72 1432.58 216.21 234.73 1088.51 1197.85
ynao_sd_19820806_0235_wang 62 52 10 5 0 759.56 921.35 331.1 393.12 428.46 528.23
ynao_sd_19820807_0100_wan 69 64 5 5 0 584.28 1023.89 331.5 547.1 252.78 476.79
ynao_sd_19820808_0110_wang 68 65 3 3 0 548.41 997.98 373.88 586.08 174.53 411.9
ynao_sd_19820809_0050_wang 47 43 4 2 0 412.62 683.71 252.85 393.76 159.77 289.95
ynao_sd_19820810_0540_li 38 36 2 1 0 347.38 464.25 194.72 263.16 152.66 201.09
ynao_sd_19820811_0030_li 39 37 2 4 0 1053.59 1374.78 215.79 274.64 837.8 1100.14
ynao_sd_19820812_0215_li 36 33 3 3 0 475.26 554.2 240.96 307.7 234.3 246.5
ynao_sd_19820813_0730_li 34 30 4 4 0 482.64 555.5 242.55 296.07 240.09 259.43
ynao_sd_19820814_0020_li 35 27 8 4 0 665.89 747.11 206.65 243.81 459.24 503.3
ynao_sd_19820815_0030_li 43 34 9 4 0 955.37 1071.04 284.78 347.56 670.59 723.48
ynao_sd_19820816_0040_hong 57 33 24 9 0 1707.31 1905.54 412.83 489.24 1294.48 1416.3
ynao_sd_19820817_0820_hong 42 29 13 5 0 1891.16 2283.43 493.22 599.22 1397.94 1684.21
ynao_sd_19820818_0335_hong 48 31 17 6 0 1973.99 2836.4 557.24 807.07 1416.75 2029.33
ynao_sd_19820819_0105_hong 49 27 22 8 0 2474.73 4074.38 482.7 815.36 1992.03 3259.02
ynao_sd_19820820_0535_hong 34 23 11 9 0 1480.75 2889.67 374.2 721.44 1106.55 2168.23
ynao_sd_19820821_0340_hong 44 32 12 5 0 1275.13 2572.08 414.98 803.26 860.15 1768.82
ynao_sd_19821028_0030_wang 78 59 19 6 0 2118.03 2259.09 616.13 690.82 1501.9 1568.27
ynao_sd_19821029_0040_wang 54 41 13 2 0 1774.94 1950.49 447.83 566.6 1327.11 1383.89
ynao_sd_19821030_0055_wang 34 25 9 3 0 1320.03 1560.34 291.79 378.03 1028.24 1182.31
ynao_sd_19821031_0035_wang 22 16 6 2 0 1124.69 1518.76 238.43 327.79 886.26 1190.97
ynao_sd_19821101_0150_li 12 9 3 2 0 438.97 767.92 103.37 169.86 335.6 598.06
ynao_sd_19821103_0150_li 3 3 0 0 0 18.44 23.92 18.44 23.92 0 0
ynao_sd_19821104_0130_li 12 12 0 0 0 74.01 106.77 74.01 106.77 0 0
ynao_sd_19821105_0110_li 19 19 0 0 0 115.86 175.57 115.86 175.57 0 0
ynao_sd_19821106_0420_li 15 15 0 0 0 83.77 111.52 83.77 111.52 0 0
ynao_sd_19821107_0200_li 13 13 0 0 0 77.88 146.01 77.88 146.01 0 0
ynao_sd_19821108_0300_hong 20 17 3 2 0 216.85 455.64 122.07 189.01 94.78 266.63
ynao_sd_19821109_0340_hong 12 8 4 4 0 332.44 1051.72 87.76 219.2 244.68 832.52
ynao_sd_19821110_0320_hong 27 17 10 5 0 824.6 2016.02 219.68 498.65 604.92 1517.37
ynao_sd_19821111_0830_hong 37 18 19 10 0 1502.38 2420.5 279.52 440.54 1222.86 1979.96
ynao_sd_19821112_0040_hong 51 23 28 8 1 1849.85 2576.37 406.01 556.9 1443.84 2019.47
ynao_sd_19821113_0740_hong 72 42 30 8 0 2643.91 2986.57 505.32 591.17 2138.59 2395.4
ynao_sd_19821114_0140_hong 98 53 45 11 0 2547.19 2889.81 628.48 747.75 1918.71 2142.06
ynao_sd_19821115_0140_wang 115 62 53 11 0 2953.36 3225.93 650.87 745.78 2302.49 2480.15
ynao_sd_19821116_0100_wang 94 66 28 12 0 2492.81 2744.24 559.94 651.21 1932.87 2093.03
ynao_sd_19821117_0130_wang 117 77 40 16 1 2341.93 2740.21 713.23 851.29 1628.7 1888.92
ynao_sd_19821118_0100_wang 106 84 22 9 0 1551.2 2297.36 567.14 755.56 984.06 1541.8
ynao_sd_19821119_0210_wang 98 76 22 15 0 2508.39 4111.58 591.69 807.73 1916.7 3303.85
ynao_sd_19821120_0050_wang 90 58 32 13 1 2891.89 3602.93 609.62 766.02 2282.27 2836.91
ynao_sd_19821121_0100_wang 120 80 40 6 0 3823.97 4386.03 838.41 1149.48 2985.56 3236.55
ynao_sd_19821122_0050_li 66 39 27 6 0 3157.17 3726.75 752.91 940.39 2404.26 2786.36
ynao_sd_19821123_0140_li 63 37 26 5 0 2741.09 3690.14 606.41 835.06 2134.68 2855.08
ynao_sd_19821124_0800_li 43 22 21 4 0 1822.08 3204.81 370.81 633.67 1451.27 2571.14
ynao_sd_19821125_0320_li 34 18 16 4 0 1194.67 2479.41 257.94 540.86 936.73 1938.55
ynao_sd_19821126_0545_li 29 25 4 3 0 565.52 1224.23 222.28 676.21 343.24 548.02
ynao_sd_19821127_0310_li 6 2 4 1 0 336.39 944.04 49.3 140.87 287.09 803.17
ynao_sd_19821128_0045_li 29 22 7 3 0 924.11 1689.09 226.5 368.57 697.61 1320.52
ynao_sd_19821129_0240_hong 57 35 22 8 1 1791.81 2634.01 498.89 703.7 1292.92 1930.31
ynao_sd_19821130_0050_hong 59 38 21 10 0 1788.29 2363.99 497.95 627.33 1290.34 1736.66
ynao_sd_19821201_0040_hong 50 32 18 9 0 1927.96 2069.72 538.73 583.11 1389.23 1486.61
ynao_sd_19821202_0050_hong 55 43 12 7 0 1931.18 2021.84 510.55 553.22 1420.63 1468.62
ynao_sd_19821203_0045_hong 67 52 15 7 0 1983.54 2092.89 551.41 579.26 1432.13 1513.63
ynao_sd_19821204_0100_hong 48 32 16 8 0 1752.9 1992.3 420.8 476.83 1332.1 1515.47
ynao_sd_19821205_0240_hong 55 35 20 8 1 2057.56 2844.58 501.93 702.96 1555.63 2141.62
ynao_sd_19821206_0705_wang 46 31 15 5 0 1790.17 3240.57 384.32 627.42 1405.85 2613.15
ynao_sd_19821207_0050_wang 70 59 11 5 0 1578.11 3536.33 433.69 834.02 1144.42 2702.31
ynao_sd_19821208_0050_wang 63 40 23 8 0 1515.63 3302.23 344.49 676.31 1171.14 2625.92
ynao_sd_19821209_0105_wang 43 27 16 8 0 1498.27 2558.15 327.04 568.25 1171.23 1989.9
ynao_sd_19821210_0100_wang 58 45 13 7 0 2255.21 3629.95 504.21 779.74 1751.0 2850.21
ynao_sd_19821212_0700_wang 82 51 31 12 0 3563.09 4565.12 671.16 824.36 2891.93 3740.76
ynao_sd_19821215_0120_li 124 88 36 10 0 2766.52 3163.98 762.48 898.1 2004.04 2265.88
ynao_sd_19821217_0910_li 78 58 20 10 0 2236.19 2986.06 535.92 662.1 1700.27 2323.96
ynao_sd_19821221_0320_hong 33 22 11 5 0 613.97 1022.69 199.08 293.82 414.89 728.87
ynao_sd_19821222_0110_hong 40 31 9 8 0 837.82 1777.32 325.85 657.1 511.97 1120.22
ynao_sd_19821223_0100_hong 71 57 14 9 0 1137.39 2212.04 392.86 649.44 744.53 1562.6
ynao_sd_19821224_0050_hong 60 42 18 10 0 1468.36 2388.94 444.99 686.21 1023.37 1702.73
ynao_sd_19821226_0300_hong 57 31 26 11 0 1890.83 2305.82 421.33 507.82 1469.5 1798.0
ynao_sd_19821227_0120_li 74 57 17 6 0 1876.67 2111.62 533.29 627.69 1343.38 1483.93
ynao_sd_19821228_0130_li 79 58 21 8 0 1651.34 1856.97 516.94 586.56 1134.4 1270.41
ynao_sd_19821229_0120_li 68 49 19 4 0 1147.93 1239.9 382.05 427.53 765.88 812.37
ynao_sd_19821230_0115_li 69 53 16 5 0 976.37 1122.21 428.62 511.47 547.75 610.74
ynao_sd_19821231_0130_li 55 45 10 5 0 566.0 708.17 303.96 380.99 262.04 327.18
