ynao_sd_19830101_0150_li 24 22 2 1 0 245.64 427.42 194.67 305.34 50.97 122.08
ynao_sd_19830102_0230_wang 19 18 1 1 0 146.7 373.44 110.67 202.08 36.03 171.36
ynao_sd_19830103_0440_wang 25 23 2 2 0 726.67 2679.42 106.43 151.04 620.24 2528.38
ynao_sd_19830104_0200_wang 26 24 2 2 0 279.8 485.66 155.81 199.55 123.99 286.11
ynao_sd_19830105_0315_wang 48 44 4 4 0 524.86 749.12 301.02 379.06 223.84 370.06
ynao_sd_19830106_0045_wang 49 32 17 8 0 972.63 1299.26 278.21 354.38 694.42 944.88
ynao_sd_19830107_0050_li 49 34 15 10 0 1099.72 1359.28 303.93 365.98 795.79 993.3
ynao_sd_19830109_0100_wang 80 68 12 6 0 1412.26 1979.97 479.6 647.73 932.66 1332.24
ynao_sd_19830110_0110_hong 77 62 15 11 0 1267.82 1972.08 436.77 614.81 831.05 1357.27
ynao_sd_19830111_0120_hong 58 45 13 8 0 891.22 1526.54 300.21 498.81 591.01 1027.73
ynao_sd_19830112_0320_hong 33 24 9 6 0 658.85 865.26 207.17 273.6 451.68 591.66
ynao_sd_19830113_0120_hong 36 25 11 6 0 539.17 725.05 176.18 221.69 362.99 503.36
ynao_sd_19830114_0100_hong 19 13 6 4 0 464.3 666.04 134.97 206.5 329.33 459.54
ynao_sd_19830115_0050_hong 23 16 7 5 0 499.58 825.35 189.86 322.09 309.72 503.26
ynao_sd_19830116_0110_hong 27 21 6 4 0 609.11 826.32 193.2 275.49 415.91 550.83
ynao_sd_19830117_0200_li 23 16 7 3 0 602.82 852.89 152.52 222.14 450.3 630.75
ynao_sd_19830118_0150_li 27 18 9 4 0 785.71 929.8 171.51 195.41 614.2 734.39
ynao_sd_19830122_0310_li 23 17 6 2 0 459.03 571.24 124.14 150.21 334.89 421.03
ynao_sd_19830123_0650_li 15 11 4 3 0 296.43 464.55 115.44 197.7 180.99 266.85
ynao_sd_19830124_0535_wang 18 16 2 2 0 250.01 457.54 95.51 160.5 154.5 297.04
ynao_sd_19830126_0340_wang 23 21 2 2 0 358.91 503.55 147.93 269.59 210.98 233.96
ynao_sd_19830126_0435_wang 14 13 1 1 0 139.62 367.64 75.95 192.51 63.67 175.13
ynao_sd_19830127_0115_wang 22 19 3 2 0 485.41 601.35 160.48 267.69 324.93 333.66
ynao_sd_19830128_0050_wang 44 39 5 3 0 626.42 786.53 241.46 313.27 384.96 473.26
ynao_sd_19830129_0115_wang 54 47 7 4 0 1511.58 3408.27 309.45 393.2 1202.13 3015.07
ynao_sd_19830130_0120_wang 60 56 4 4 0 999.88 1238.57 415.77 519.6 584.11 718.97
ynao_sd_19830201_0050_hong 79 48 31 8 0 2035.15 2392.91 495.04 576.13 1540.11 1816.78
ynao_sd_19830202_0045_hong 54 28 26 5 1 2380.9 2731.44 398.75 449.94 1982.15 2281.5
ynao_sd_19830203_0350_hong 64 46 18 5 0 2108.4 2427.51 457.18 537.92 1651.22 1889.59
ynao_sd_19830204_0100_hong 57 33 24 3 0 2015.29 2163.96 461.75 511.75 1553.54 1652.21
ynao_sd_19830205_0050_hong 79 47 32 4 0 2373.13 2655.75 597.91 669.78 1775.22 1985.97
ynao_sd_19830206_0200_hong 59 38 21 7 0 2535.17 3042.09 592.17 702.48 1943.0 2339.61
ynao_sd_19830207_0140_li 54 26 28 8 0 2158.89 2750.39 447.13 549.79 1711.76 2200.6
ynao_sd_19830208_0200_li 47 28 19 5 0 1731.19 2376.36 387.22 524.77 1343.97 1851.59
ynao_sd_19830209_0110_li 24 10 14 3 0 1037.88 1564.63 185.63 270.26 852.25 1294.37
ynao_sd_19830210_0115_li 12 5 7 2 0 723.36 1169.55 155.6 239.38 567.76 930.17
ynao_sd_19830211_0150_li 8 6 2 2 0 172.24 387.31 59.59 124.9 112.65 262.41
ynao_sd_19830212_0130_li 4 4 0 0 0 37.67 117.64 37.67 117.64 0 0
ynao_sd_19830213_0700_li 0 0 0 0 0 0 0 0 0 0 0
ynao_sd_19830214_0130_hong 0 0 0 0 0 0 0 0 0 0 0
ynao_sd_19830215_0050_wang 4 3 1 1 0 535.29 1135.3 19.95 26.47 515.34 1108.83
ynao_sd_19830216_0040_wang 4 4 0 0 0 17.57 24.57 17.57 24.57 0 0
ynao_sd_19830217_0040_wang 5 4 1 1 0 72.7 158.46 45.29 72.04 27.41 86.42
ynao_sd_19830218_0050_wang 16 14 2 2 0 200.66 507.27 87.23 139.92 113.43 367.35
ynao_sd_19830219_0105_wang 12 10 2 2 0 249.95 427.66 97.94 136.93 152.01 290.73
ynao_sd_19830220_0150_wang 11 9 2 2 0 290.11 400.02 77.21 93.44 212.9 306.58
ynao_sd_19830221_0050_hong 15 13 2 2 0 357.4 431.02 100.92 116.56 256.48 314.46
ynao_sd_19830222_0220_hong 5 4 1 1 0 287.16 313.71 82.33 89.1 204.83 224.61
ynao_sd_19830223_0100_hong 3 2 1 1 0 283.38 289.5 38.66 39.35 244.72 250.15
ynao_sd_19830224_0150_hong 7 3 4 2 0 1378.41 4175.76 116.95 462.29 1261.46 3713.47
ynao_sd_19830225_0040_hong 11 8 3 3 0 438.14 761.42 96.16 148.64 341.98 612.78
ynao_sd_19830226_0110_hong 12 10 2 2 0 521.55 792.55 161.56 234.84 359.99 557.71
ynao_sd_19830227_0620_hong 28 25 3 3 0 785.04 1365.74 280.79 400.99 504.25 964.75
ynao_sd_19830228_0215_wang 49 44 5 5 0 1159.27 1901.49 362.87 559.49 796.4 1342.0
ynao_sd_19830301_0045_wang 38 33 5 5 0 1214.59 1874.04 354.85 598.43 859.74 1275.61
ynao_sd_19830302_0130_wang 40 28 12 7 0 1530.63 2143.88 381.6 551.21 1149.03 1592.67
ynao_sd_19830303_0040_wang 66 57 9 4 0 1562.93 1812.18 410.13 508.9 1152.8 1303.28
ynao_sd_19830306_0215_wang 59 40 19 8 0 2007.8 2189.95 378.56 422.67 1629.24 1767.28
ynao_sd_19830307_0120_hong 64 41 23 8 0 1879.47 2313.97 537.58 683.94 1341.89 1630.03
ynao_sd_19830308_0040_wang 31 18 13 9 0 1399.57 1958.24 211.56 283.27 1188.01 1674.97
ynao_sd_19830309_0040_hong 51 41 10 8 0 1077.74 1859.47 365.53 547.81 712.21 1311.66
ynao_sd_19830310_0040_hong 34 24 10 5 0 854.98 1429.95 265.5 444.79 589.48 985.16
ynao_sd_19830311_0050_hong 29 21 8 6 0 583.92 1137.81 192.46 348.6 391.46 789.21
ynao_sd_19830312_0050_hong 23 20 3 3 0 236.98 559.23 123.07 230.79 113.91 328.44
ynao_sd_19830313_0820_hong 5 4 1 1 0 51.84 106.71 30.03 47.9 21.81 58.81
ynao_sd_19830314_0620_hong 9 8 1 1 0 92.69 347.43 53.81 135.09 38.88 212.34
ynao_sd_19830315_0220_wang 19 17 2 2 0 243.98 545.22 107.34 256.8 136.64 288.42
ynao_sd_19830318_0225_wang 66 52 14 7 0 1357.13 1619.31 442.1 629.73 915.03 989.58
ynao_sd_19830319_0045_wang 65 51 14 8 0 1403.62 1513.78 415.34 437.18 988.28 1076.6
ynao_sd_19830320_0100_wang 54 36 18 7 0 1871.55 1978.36 416.94 483.13 1454.61 1495.23
ynao_sd_19830321_0100_hong 81 62 19 7 0 1641.49 1788.92 480.54 524.07 1160.95 1264.85
ynao_sd_19830322_0120_hong 52 39 13 4 0 1337.8 1611.29 401.83 465.67 935.97 1145.62
ynao_sd_19830323_0100_hong 57 48 9 2 0 1054.41 1467.06 353.79 442.62 700.62 1024.44
ynao_sd_19830324_0040_hong 44 34 10 4 0 896.19 1612.09 256.43 378.03 639.76 1234.06
ynao_sd_19830325_0050_hong 28 25 3 2 0 426.76 980.49 190.61 362.7 236.15 617.79
ynao_sd_19830326_0030_hong 27 23 4 2 0 310.04 863.68 189.56 547.36 120.48 316.32
ynao_sd_19830327_0100_hong 18 16 2 2 0 224.25 462.66 127.32 242.74 96.93 219.92
ynao_sd_19830328_0100_wang 19 17 2 2 0 260.02 448.95 148.06 256.22 111.96 192.73
ynao_sd_19830329_0105_wang 15 13 2 2 0 238.51 324.81 97.37 134.37 141.14 190.44
ynao_sd_19830330_0030_wang 15 14 1 1 0 227.64 264.98 104.57 116.79 123.07 148.19
ynao_sd_19830331_0030_wang 14 12 2 2 0 282.1 301.7 110.61 117.31 171.49 184.39
ynao_sd_19830401_0040_wang 22 17 5 3 0 357.41 368.54 112.66 117.96 244.75 250.58
ynao_sd_19830402_0035_wang 30 27 3 2 0 428.65 489.3 194.89 250.27 233.76 239.03
ynao_sd_19830403_0040_wang 35 30 5 3 0 418.52 545.2 214.27 318.67 204.25 226.53
ynao_sd_19830404_0220_hong 34 30 4 3 0 370.92 513.34 206.53 288.24 164.39 225.1
ynao_sd_19830405_0300_hong 32 28 4 3 0 294.67 419.86 171.65 243.0 123.02 176.86
ynao_sd_19830406_0030_hong 34 32 2 2 0 273.89 412.47 197.34 273.97 76.55 138.5
ynao_sd_19830407_0150_hong 51 46 5 2 0 271.58 391.36 245.38 334.3 26.2 57.06
ynao_sd_19830408_0030_hong 57 51 6 3 0 422.92 537.84 291.15 346.58 131.77 191.26
ynao_sd_19830409_0040_hong 47 40 7 3 0 529.48 598.92 282.39 311.1 247.09 287.82
ynao_sd_19830410_0100_hong 54 50 4 4 0 643.54 689.59 305.23 331.7 338.31 357.89
ynao_sd_19830411_0050_li 32 31 1 1 1 394.53 451.32 228.61 283.21 165.92 168.11
ynao_sd_19830412_0100_li 24 22 2 1 0 365.02 426.71 183.13 238.22 181.89 188.49
ynao_sd_19830413_0100_li 19 18 1 1 0 266.18 361.07 174.05 258.29 92.13 102.78
ynao_sd_19830414_0100_li 26 25 1 1 0 236.54 304.02 186.34 240.08 50.2 63.94
ynao_sd_19830415_0040_li 25 24 1 1 0 180.86 224.63 164.53 207.25 16.33 17.38
ynao_sd_19830416_0130_li 15 15 0 0 0 72.49 86.01 72.49 86.01 0 0
ynao_sd_19830417_0040_li 26 25 1 1 0 185.36 230.49 144.38 179.52 40.98 50.97
ynao_sd_19830418_0100_li 36 27 9 3 0 849.93 1160.91 175.42 204.31 674.51 956.6
ynao_sd_19830419_0030_li 35 25 10 6 0 875.73 1611.07 265.86 409.33 609.87 1201.74
ynao_sd_19830420_0030_li 13 7 6 4 0 462.17 1013.81 96.46 191.08 365.71 822.73
ynao_sd_19830421_0130_li 18 15 3 1 0 504.56 813.74 148.41 217.77 356.15 595.97
ynao_sd_19830422_0030_li 16 8 8 2 0 604.44 1368.73 172.11 591.76 432.33 776.97
ynao_sd_19830423_0040_li 16 5 11 5 0 839.45 1472.62 120.64 211.39 718.81 1261.23
ynao_sd_19830424_0145_li 23 11 12 5 0 722.98 965.35 156.61 200.06 566.37 765.29
ynao_sd_19830425_0130_chai 48 33 15 9 0 1442.86 2055.34 410.11 596.87 1032.75 1458.47
ynao_sd_19830426_0045_chai 37 25 12 7 0 1456.08 1803.37 408.13 517.04 1047.95 1286.33
ynao_sd_19830427_0240_chai 43 33 10 8 0 1500.67 1721.45 427.67 487.73 1073.0 1233.72
ynao_sd_19830428_0040_chai 70 60 10 6 0 1509.28 1669.82 532.09 589.95 977.19 1079.87
ynao_sd_19830429_0115_chai 54 38 16 11 0 1726.0 2119.14 548.46 911.76 1177.54 1207.38
ynao_sd_19830430_0025_chai 51 40 11 7 0 1737.91 2329.28 536.53 743.22 1201.38 1586.06
ynao_sd_19830501_0030_chai 61 44 17 10 0 1900.85 2531.27 604.61 799.12 1296.24 1732.15
ynao_sd_19830502_0010_wang 58 41 17 10 0 1723.59 2193.02 410.66 511.53 1312.93 1681.49
ynao_sd_19830503_0155_wang 67 52 15 5 0 1514.63 2100.46 439.21 584.45 1075.42 1516.01
ynao_sd_19830504_0120_hong 50 34 16 6 1 1266.05 2134.16 314.78 500.35 951.27 1633.81
ynao_sd_19830505_0020_wang 35 26 9 8 0 728.44 1690.13 209.44 333.4 519.0 1356.73
ynao_sd_19830506_0050_wang 46 39 7 5 0 1125.13 1510.72 247.83 334.41 877.3 1176.31
ynao_sd_19830507_0050_wang 53 50 3 2 0 685.73 1587.85 412.9 865.18 272.83 722.67
ynao_sd_19830508_0030_wang 49 41 8 6 0 896.97 1752.77 301.95 475.34 595.02 1277.43
ynao_sd_19830509_0100_hong 71 55 16 11 0 1265.67 1971.11 410.43 585.49 855.24 1385.62
ynao_sd_19830510_0050_hong 123 105 18 9 0 1492.54 1980.62 661.25 868.04 831.29 1112.58
ynao_sd_19830511_0100_hong 79 44 35 14 0 2658.49 3070.48 631.4 765.82 2027.09 2304.66
ynao_sd_19830512_0100_hong 112 74 38 10 0 3434.11 4167.09 949.75 1144.45 2484.36 3022.64
ynao_sd_19830513_0050_hong 88 60 28 12 0 3099.44 4292.92 883.88 1173.58 2215.56 3119.34
ynao_sd_19830514_0100_hong 70 51 19 12 0 2733.45 4540.18 704.01 1079.31 2029.44 3460.87
ynao_sd_19830515_0110_hong 64 40 24 13 0 2008.02 4216.01 488.07 894.16 1519.95 3321.85
ynao_sd_19830516_0150_chai 50 33 17 8 0 1207.44 2065.58 416.39 737.24 791.05 1328.34
ynao_sd_19830517_0040_chai 38 29 9 8 0 1224.39 2039.75 395.84 645.97 828.55 1393.78
ynao_sd_19830518_0040_chai 41 28 13 7 0 1029.74 1807.08 373.76 655.48 655.98 1151.6
ynao_sd_19830519_0030_chai 25 18 7 6 0 882.92 1596.05 257.07 454.54 625.85 1141.51
ynao_sd_19830520_0025_chai 27 18 9 5 0 742.51 998.05 241.5 325.28 501.01 672.77
ynao_sd_19830521_0045_chai 28 20 8 7 0 1510.53 2939.23 250.01 410.75 1260.52 2528.48
ynao_sd_19830522_0020_chai 31 23 8 5 0 639.69 805.03 249.2 322.78 390.49 482.25
ynao_sd_19830523_0015_chai 41 35 6 4 0 604.27 800.13 285.85 393.01 318.42 407.12
ynao_sd_19830524_0030_li 35 27 8 4 0 634.15 839.53 230.54 311.26 403.61 528.27
ynao_sd_19830525_0030_chai 44 37 7 5 0 747.03 1011.77 278.79 393.41 468.24 618.36
ynao_sd_19830526_0005_chai 53 48 5 5 0 910.3 1117.48 401.98 474.21 508.32 643.27
ynao_sd_19830527_0335_chai 34 28 6 5 0 557.23 864.58 319.32 490.85 237.91 373.73
ynao_sd_19830528_0210_chai 41 36 5 5 0 532.33 658.75 297.98 361.57 234.35 297.18
ynao_sd_19830529_0345_chai 57 53 4 4 0 622.91 1168.34 431.3 650.03 191.61 518.31
ynao_sd_19830530_0140_hong 47 30 17 10 0 880.42 1813.74 303.01 567.77 577.41 1245.97
ynao_sd_19830531_0030_hong 77 62 15 10 0 1122.72 2307.3 415.79 796.28 706.93 1511.02
ynao_sd_19830601_0120_hong 67 51 16 10 1 1258.39 2153.22 424.19 752.93 834.2 1400.29
ynao_sd_19830602_0040_hong 64 52 12 8 0 1438.96 1858.4 457.36 618.62 981.6 1239.78
ynao_sd_19830603_0050_hong 72 55 17 5 0 1662.73 1880.0 583.08 668.22 1079.65 1211.78
ynao_sd_19830604_0040_hong 84 66 18 8 0 1775.91 1892.56 596.1 657.33 1179.81 1235.23
ynao_sd_19830605_0310_hong 63 37 26 11 0 2450.83 4073.98 515.85 744.43 1934.98 3329.55
ynao_sd_19830609_0803_chai 103 68 35 14 0 3404.1 4811.51 959.09 1312.39 2445.01 3499.12
ynao_sd_19830610_0404_chai 95 59 36 13 0 2885.25 4613.15 861.04 1363.93 2024.21 3249.22
ynao_sd_19830611_0820_chai 57 36 21 11 0 1840.6 3142.49 542.93 899.04 1297.67 2243.45
ynao_sd_19830612_0255_chai 65 53 12 8 0 1180.01 1310.56 474.18 571.42 705.83 739.14
ynao_sd_19830613_0915_chai 56 45 11 7 0 992.33 1193.04 389.14 451.22 603.19 741.82
ynao_sd_19830614_0105_chai 61 55 6 6 0 792.39 1066.88 394.59 538.58 397.8 528.3
ynao_sd_19830615_0020_chai 41 33 8 6 0 571.81 918.12 255.42 416.09 316.39 502.03
ynao_sd_19830616_0120_chai 27 24 3 2 0 306.98 575.03 212.3 352.02 94.68 223.01
ynao_sd_19830617_0010_chai 41 39 2 2 0 591.75 776.57 243.06 317.49 348.69 459.08
ynao_sd_19830618_0030_chai 46 41 5 3 0 700.0 1162.73 271.46 311.64 428.54 851.09
ynao_sd_19830619_0105_chai 41 38 3 2 0 317.23 332.76 227.25 237.8 89.98 94.96
ynao_sd_19830620_0030_li 28 25 3 1 0 169.76 209.64 130.12 168.78 39.64 40.86
ynao_sd_19830621_0030_li 19 17 2 2 0 151.7 244.79 85.61 174.63 66.09 70.16
ynao_sd_19830622_0630_li 28 25 3 2 0 205.26 310.58 138.2 218.33 67.06 92.25
ynao_sd_19830623_0530_li 19 15 4 4 0 191.77 267.33 96.98 133.01 94.79 134.32
ynao_sd_19830624_0540_li 9 7 2 2 0 134.06 222.08 77.56 113.7 56.5 108.38
ynao_sd_19830625_0140_li 10 10 0 0 0 89.96 152.58 89.96 152.58 0 0
ynao_sd_19830626_0110_li 9 9 0 0 0 112.82 445.24 112.82 445.24 0 0
ynao_sd_19830627_0050_wang 37 27 10 3 0 373.56 874.28 172.21 331.28 201.35 543.0
ynao_sd_19830628_0215_wang 40 35 5 2 0 402.67 705.41 175.59 314.02 227.08 391.39
ynao_sd_19830629_0115_wang 34 23 11 5 0 601.73 915.45 182.97 292.4 418.76 623.05
ynao_sd_19830630_0055_wang 43 31 12 4 0 811.39 1024.44 246.2 309.54 565.19 714.9
ynao_sd_19830701_0020_wang 32 25 7 3 0 784.62 894.73 237.95 275.21 546.67 619.52
ynao_sd_19830702_0010_wang 23 19 4 3 0 765.19 993.18 203.27 392.86 561.92 600.32
ynao_sd_19830703_0030_wang 41 35 6 5 0 814.02 1288.18 254.94 436.72 559.08 851.46
ynao_sd_19830704_0030_chai 50 43 7 4 0 901.74 1301.85 326.24 502.93 575.5 798.92
ynao_sd_19830705_0230_chai 75 67 8 4 0 1135.43 1508.64 418.77 588.72 716.66 919.92
ynao_sd_19830706_0020_chai 76 65 11 6 0 1271.0 1876.0 520.29 737.25 750.71 1138.75
ynao_sd_19830707_0040_chai 71 62 9 7 0 1297.92 2143.68 499.76 722.99 798.16 1420.69
ynao_sd_19830708_0100_chai 54 45 9 6 0 1381.16 2006.81 460.91 625.42 920.25 1381.39
ynao_sd_19830709_0040_chai 56 52 4 3 0 1407.34 1892.31 435.77 651.75 971.57 1240.56
ynao_sd_19830710_0150_chai 46 39 7 3 0 1285.86 1627.38 365.76 452.87 920.1 1174.51
ynao_sd_19830711_0120_chai 31 22 9 4 0 1049.94 1382.88 288.14 382.19 761.8 1000.69
ynao_sd_19830712_0215_chai 31 18 13 8 0 1991.62 2921.77 282.98 448.09 1708.64 2473.68
ynao_sd_19830713_0850_chai 24 14 10 4 0 848.38 1617.31 236.63 449.07 611.75 1168.24
ynao_sd_19830714_0350_chai 24 17 7 3 0 649.36 1131.31 191.06 349.98 458.3 781.33
ynao_sd_19830716_0740_chai 24 17 7 4 0 401.48 527.18 146.27 177.76 255.21 349.42
ynao_sd_19830718_0100_hong 35 32 3 2 0 304.0 487.31 227.48 287.67 76.52 199.64
ynao_sd_19830719_0420_hong 36 36 0 0 0 192.19 215.98 192.19 215.98 0 0
ynao_sd_19830720_0650_hong 37 36 1 1 0 257.92 302.04 207.13 239.97 50.79 62.07
ynao_sd_19830721_0040_hong 51 47 4 3 0 367.63 490.15 295.71 391.77 71.92 98.38
ynao_sd_19830721_0110_hong 40 31 9 5 0 424.98 663.51 201.04 302.66 223.94 360.85
ynao_sd_19830724_0110_hong 32 29 3 3 0 223.13 400.3 162.45 327.47 60.68 72.83
ynao_sd_19830725_0110_li 22 16 6 3 0 419.92 621.57 154.13 213.72 265.79 407.85
ynao_sd_19830726_0050_li 13 10 3 2 0 370.19 770.78 114.34 225.56 255.85 545.22
ynao_sd_19830727_0210_li 7 6 1 1 0 57.93 93.92 35.74 59.5 22.19 34.42
ynao_sd_19830728_0110_li 7 4 3 3 0 206.01 844.44 86.9 229.44 119.11 615.0
ynao_sd_19830729_0830_li 22 17 5 4 0 996.16 2359.65 202.69 427.49 793.47 1932.16
ynao_sd_19830803_0650_chai 80 72 8 5 0 1500.55 1631.49 674.34 749.84 826.21 881.65
ynao_sd_19830804_1005_chai 71 65 6 5 0 1328.3 1588.16 512.08 622.59 816.22 965.57
ynao_sd_19830805_0230_chai 51 46 5 3 0 1126.75 1354.94 428.69 564.25 698.06 790.69
ynao_sd_19830806_0140_chai 28 24 4 4 0 873.03 1127.8 243.81 320.89 629.22 806.91
ynao_sd_19830807_0020_li 19 16 3 3 0 600.09 924.73 204.71 313.45 395.38 611.28
ynao_sd_19830808_0040_hong 46 39 7 7 0 817.38 2371.64 318.47 858.35 498.91 1513.29
ynao_sd_19830809_0640_hong 42 26 16 9 0 939.65 2071.45 264.93 560.59 674.72 1510.86
ynao_sd_19830812_0140_hong 83 70 13 7 0 1342.51 1522.6 459.9 555.02 882.61 967.58
ynao_sd_19830813_0210_hong 84 67 17 8 0 1329.7 1405.91 491.54 540.42 838.16 865.49
ynao_sd_19830814_0120_hong 62 48 14 5 0 1126.91 1178.35 388.41 414.68 738.5 763.67
ynao_sd_19830815_0650_li 44 35 9 5 0 678.83 774.09 247.87 280.51 430.96 493.58
ynao_sd_19830816_0150_li 31 26 5 5 0 444.67 551.59 178.32 214.97 266.35 336.62
ynao_sd_19830817_0115_li 22 19 3 3 0 280.25 413.92 135.96 186.52 144.29 227.4
ynao_sd_19830818_0345_li 16 14 2 2 0 183.14 350.09 117.19 191.98 65.95 158.11
ynao_sd_19830819_0230_li 15 15 0 0 0 93.08 192.42 93.08 192.42 0 0
ynao_sd_19830821_0100_li 1 1 0 0 0 5.95 22.07 5.95 22.07 0 0
ynao_sd_19830822_0100_hong 8 8 0 0 0 75.66 120.05 75.66 120.05 0 0
ynao_sd_19830824_0050_hong 10 10 0 0 0 51.37 88.33 51.37 88.33 0 0
ynao_sd_19830826_0030_hong 18 17 1 1 0 203.93 387.43 110.43 161.73 93.5 225.7
ynao_sd_19830827_0300_hong 20 19 1 1 0 282.2 398.39 138.65 169.14 143.55 229.25
ynao_sd_19830829_0450_chai 14 13 1 1 0 301.58 346.63 122.35 145.52 179.23 201.11
ynao_sd_19830831_0600_chai 6 5 1 1 0 268.75 290.52 69.3 84.09 199.45 206.43
ynao_sd_19830901_0005_chai 12 9 3 2 0 883.6 3355.18 99.47 201.66 784.13 3153.52
ynao_sd_19830902_0810_wang 8 4 4 3 0 391.12 1009.67 89.09 198.98 302.03 810.69
ynao_sd_19830903_0020_chai 8 7 1 1 0 230.17 446.42 91.6 260.61 138.57 185.81
ynao_sd_19830904_0030_chai 5 4 1 1 0 205.0 597.09 107.15 431.07 97.85 166.02
ynao_sd_19830905_0735_chai 10 8 2 3 0 255.93 627.27 87.13 170.44 168.8 456.83
ynao_sd_19830906_0630_chai 13 8 5 3 0 300.14 677.96 80.98 146.54 219.16 531.42
ynao_sd_19830907_0605_chai 12 8 4 2 0 256.72 337.24 116.62 147.97 140.1 189.27
ynao_sd_19830908_0330_chai 16 13 3 2 0 265.08 303.87 123.65 138.35 141.43 165.52
ynao_sd_19830909_0530_chai 34 32 2 2 0 347.9 384.92 200.3 226.88 147.6 158.04
ynao_sd_19830911_0005_chai 11 10 1 1 0 110.32 124.83 63.27 75.06 47.05 49.77
ynao_sd_19830912_0140_li 7 7 0 0 0 40.5 52.66 40.5 52.66 0 0
ynao_sd_19830913_0145_li 6 6 0 0 0 43.37 61.58 43.37 61.58 0 0
ynao_sd_19830915_0400_li 16 13 3 3 0 244.59 297.95 80.9 111.88 163.69 186.07
ynao_sd_19830916_0310_li 26 18 8 4 0 308.41 342.22 132.01 153.53 176.4 188.69
ynao_sd_19830918_0950_wang 43 39 4 3 0 368.5 553.98 191.33 243.19 177.17 310.79
ynao_sd_19830919_0330_hong 24 21 3 2 0 279.83 404.64 146.13 201.44 133.7 203.2
ynao_sd_19830920_0430_hong 12 8 4 3 0 208.22 297.57 70.49 99.46 137.73 198.11
ynao_sd_19830921_0410_hong 11 8 3 2 0 184.64 265.81 89.56 152.46 95.08 113.35
ynao_sd_19830922_0140_hong 12 7 5 3 0 265.12 1075.31 100.92 297.94 164.2 777.37
ynao_sd_19830923_0130_hong 26 20 6 3 1 650.7 2356.07 202.74 575.72 447.96 1780.35
ynao_sd_19830924_0030_hong 30 20 10 6 0 1094.27 2346.83 251.13 483.95 843.14 1862.88
ynao_sd_19830925_0100_hong 31 16 15 4 0 994.19 1541.54 249.64 379.33 744.55 1162.21
ynao_sd_19830926_0200_chai 38 22 16 5 0 1322.44 1737.95 339.82 451.69 982.62 1286.26
ynao_sd_19830927_0650_chai 49 32 17 8 0 1470.52 1781.53 402.24 489.27 1068.28 1292.26
ynao_sd_19830929_0340_chai 44 37 7 5 0 1272.39 1470.23 398.36 495.08 874.03 975.15
ynao_sd_19830930_0240_chai 34 22 12 4 0 1206.16 1427.14 274.76 324.97 931.4 1102.17
ynao_sd_19831001_0040_li 18 9 9 4 0 880.74 1165.37 157.97 203.29 722.77 962.08
ynao_sd_19831002_0710_cai 16 5 11 4 0 748.29 1271.29 116.35 203.35 631.94 1067.94
ynao_sd_19831003_0250_cai 22 8 14 6 0 533.53 1168.38 116.09 247.53 417.44 920.85
ynao_sd_19831004_0630_cai 12 6 6 2 0 210.96 886.94 76.43 303.24 134.53 583.7
ynao_sd_19831005_0710_li 0 0 0 0 0 0 0 0 0 0 0
ynao_sd_19831006_0330_li 6 6 0 0 0 30.13 34.12 30.13 34.12 0 0
ynao_sd_19831008_0125_li 8 6 2 2 0 115.63 166.6 53.55 67.62 62.08 98.98
ynao_sd_19831009_0105_li 18 15 3 2 0 139.74 173.72 82.57 99.85 57.17 73.87
ynao_sd_19831010_0040_cai 32 32 0 0 0 156.18 177.19 156.18 177.19 0 0
ynao_sd_19831011_0110_cai 38 36 2 2 0 250.47 492.23 193.02 290.04 57.45 202.19
ynao_sd_19831012_0130_cai 38 29 9 4 0 390.68 859.98 192.74 380.51 197.94 479.47
ynao_sd_19831013_0120_cai 23 16 7 4 0 380.1 848.01 120.38 252.61 259.72 595.4
ynao_sd_19831014_0150_cai 6 3 3 3 0 312.65 442.81 61.38 85.94 251.27 356.87
ynao_sd_19831015_0200_cai 11 7 4 3 0 328.4 394.04 105.57 126.32 222.83 267.72
ynao_sd_19831017_0110_hong 14 10 4 3 0 390.68 410.09 106.57 119.51 284.11 290.58
ynao_sd_19831018_0120_hong 30 27 3 1 0 424.21 443.38 204.9 219.14 219.31 224.24
ynao_sd_19831019_0140_hong 19 18 1 1 0 284.71 309.33 135.65 148.07 149.06 161.26
ynao_sd_19831020_0150_hong 12 10 2 1 0 185.47 224.44 72.96 86.98 112.51 137.46
ynao_sd_19831021_0230_hong 6 5 1 1 0 105.96 199.15 47.14 111.71 58.82 87.44
ynao_sd_19831022_0410_hong 2 2 0 0 0 11.59 26.54 11.59 26.54 0 0
ynao_sd_19831023_0200_hong 6 6 0 0 0 37.3 56.97 37.3 56.97 0 0
ynao_sd_19831024_0110_li 2 2 0 0 0 10.87 14.78 10.87 14.78 0 0
ynao_sd_19831025_0030_li 2 2 0 0 0 19.56 30.27 19.56 30.27 0 0
ynao_sd_19831026_0635_li 5 5 0 0 0 27.41 34.99 27.41 34.99 0 0
ynao_sd_19831027_0450_li 5 5 0 0 0 27.16 35.69 27.16 35.69 0 0
ynao_sd_19831028_0510_li 2 2 0 0 0 19.12 22.15 19.12 22.15 0 0
ynao_sd_19831030_0720_li 3 3 0 0 0 16.61 24.5 16.61 24.5 0 0
ynao_sd_19831031_0105_cai 11 11 0 0 0 53.96 66.52 53.96 66.52 0 0
ynao_sd_19831101_0130_cai 13 13 0 0 0 59.08 76.5 59.08 76.5 0 0
ynao_sd_19831102_0240_cai 7 7 0 0 0 40.33 51.99 40.33 51.99 0 0
ynao_sd_19831103_0605_cai 10 8 2 2 0 176.45 558.53 77.66 197.33 98.79 361.2
ynao_sd_19831105_0250_cai 38 34 4 4 0 982.33 2904.98 263.82 496.52 718.51 2408.46
ynao_sd_19831106_0010_cai 38 33 5 4 0 433.14 617.4 298.36 433.13 134.78 184.27
ynao_sd_19831107_0530_cai 23 20 3 3 0 240.77 291.0 125.23 149.17 115.54 141.83
ynao_sd_19831112_0100_cai 13 7 6 1 0 162.43 253.51 85.18 124.25 77.25 129.26
ynao_sd_19831113_0150_cai 4 0 4 0 0 0 0 20.44 27.22 20.44 27.22
ynao_sd_19831114_0050_cai 31 27 4 2 0 243.36 517.59 146.46 323.89 96.9 193.7
ynao_sd_19831115_0140_hong 14 14 0 0 0 96.49 112.58 96.49 112.58 0 0
ynao_sd_19831116_0120_hong 47 47 0 0 0 273.58 310.1 273.58 310.1 0 0
ynao_sd_19831117_0220_hong 23 19 4 4 0 254.29 294.63 123.02 144.41 131.27 150.22
ynao_sd_19831118_0200_hong 29 27 2 2 0 230.18 293.02 166.42 201.08 63.76 91.94
ynao_sd_19831119_0050_hong 20 19 1 1 0 177.17 271.38 134.55 183.09 42.62 88.29
ynao_sd_19831120_0030_hong 8 8 0 0 0 56.99 124.7 56.99 124.7 0 0
ynao_sd_19831121_0130_li 1 1 0 0 0 6.17 6.72 6.17 6.72 0 0
ynao_sd_19831122_0040_li 3 3 0 0 0 36.52 66.71 36.52 66.71 0 0
ynao_sd_19831123_0100_li 2 2 0 0 0 37.23 68.63 37.23 68.63 0 0
ynao_sd_19831125_0230_li 4 4 0 0 0 20.66 30.27 20.66 30.27 0 0
ynao_sd_19831126_0400_li 0 0 0 0 0 0 0 0 0 0 0
ynao_sd_19831127_0110_wang 0 0 0 0 0 0 0 0 0 0 0
ynao_sd_19831128_0145_wang 0 0 0 0 0 0 0 0 0 0 0
ynao_sd_19831129_0030_wang 1 1 0 0 0 33.57 64.37 33.57 64.37 0 0
ynao_sd_19831130_0040_wang 0 0 0 0 0 0 0 0 0 0 0
ynao_sd_19831201_0050_wang 1 1 0 0 0 6.51 6.74 6.51 6.74 0 0
ynao_sd_19831202_0100_wang 0 0 0 0 0 0 0 0 0 0 0
ynao_sd_19831203_0100_wang 0 0 0 0 0 0 0 0 0 0 0
ynao_sd_19831204_0100_wang 3 3 0 0 0 11.55 15.02 11.55 15.02 0 0
ynao_sd_19831205_0120_cai 7 7 0 1 0 66.95 197.93 51.9 147.46 15.05 50.47
ynao_sd_19831206_0550_li 15 14 1 1 0 153.77 293.85 135.36 249.5 18.41 44.35
ynao_sd_19831207_0540_li 21 19 2 1 0 174.68 273.83 132.94 202.39 41.74 71.44
ynao_sd_19831208_0540_li 27 23 4 3 0 258.18 334.05 149.95 190.79 108.23 143.26
ynao_sd_19831209_0440_li 26 22 4 3 0 193.6 218.82 125.26 140.9 68.34 77.92
ynao_sd_19831210_0035_li 37 35 2 2 0 243.98 259.92 192.41 204.86 51.57 55.06
ynao_sd_19831211_0520_li 35 35 0 0 0 202.19 215.4 202.19 215.4 0 0
ynao_sd_19831212_0230_hong 40 38 2 1 0 257.51 299.49 216.79 257.36 40.72 42.13
ynao_sd_19831213_0105_hong 41 40 1 1 0 207.15 270.24 189.51 250.18 17.64 20.06
ynao_sd_19831214_0050_hong 23 22 1 2 0 181.64 265.1 129.38 197.38 52.26 67.72
ynao_sd_19831215_0105_hong 25 25 0 0 0 120.82 189.2 120.82 189.2 0 0
ynao_sd_19831216_0100_hong 26 26 0 0 0 159.76 257.07 159.76 257.07 0 0
ynao_sd_19831217_0110_hong 20 15 5 5 0 340.82 445.22 113.8 138.58 227.02 306.64
ynao_sd_19831218_0120_hong 28 26 2 4 0 414.07 559.72 166.21 195.85 247.86 363.87
ynao_sd_19831219_0050_cai 24 22 2 1 0 393.77 408.95 193.4 214.83 200.37 194.12
ynao_sd_19831220_0050_cai 19 17 2 2 0 376.31 384.42 156.9 160.04 219.41 224.38
ynao_sd_19831221_0030_cai 21 20 1 1 0 344.16 373.94 173.88 186.78 170.28 187.16
ynao_sd_19831222_0040_cai 14 13 1 1 0 256.02 318.81 100.14 121.04 155.88 197.77
ynao_sd_19831223_0235_cai 11 10 1 1 0 197.57 313.25 78.97 120.04 118.6 193.21
ynao_sd_19831225_0720_cai 2 2 0 0 0 13.43 43.31 13.43 43.31 0 0
ynao_sd_19831229_0450_wang 0 0 0 0 0 0 0 0 0 0 0
ynao_sd_19831230_0200_wang 0 0 0 0 0 0 0 0 0 0 0
ynao_sd_19831231_0205_wang 0 0 0 0 0 0 0 0 0 0 0
