ynao_sd_19840101_0110_wang 0 0 0 0 0 0 0 0 0 0 0
ynao_sd_19840102_0120_chai 0 0 0 0 0 0 0 0 0 0 0
ynao_sd_19840103_0850_chai 1 1 0 0 0 30.11 39.42 30.11 39.42 0 0
ynao_sd_19840104_0030_chai 0 0 0 0 0 0 0 0 0 0 0
ynao_sd_19840105_0120_chai 0 0 0 0 0 0 0 0 0 0 0
ynao_sd_19840106_0240_chai 4 4 0 1 0 750.46 945.56 44.93 161.02 705.53 784.54
ynao_sd_19840107_0445_li 4 3 1 1 0 70.64 140.49 32.16 55.36 38.48 85.13
ynao_sd_19840109_0305_li 17 14 3 3 0 204.29 461.31 96.15 163.26 108.14 298.05
ynao_sd_19840110_0200_li 19 16 3 2 0 312.96 574.12 161.98 204.64 150.98 369.48
ynao_sd_19840111_0110_li 18 14 4 3 0 346.13 545.51 129.53 184.85 216.6 360.66
ynao_sd_19840112_0130_li 15 10 5 4 0 511.64 824.25 120.26 180.42 391.38 643.83
ynao_sd_19840113_0140_li 25 15 10 3 0 1000.11 1348.6 203.34 271.59 796.77 1077.01
ynao_sd_19840114_0130_li 31 22 9 3 0 1139.45 1336.03 256.21 294.53 883.24 1041.5
ynao_sd_19840115_0130_li 38 28 10 3 0 1112.97 1186.37 269.72 287.64 843.25 898.73
ynao_sd_19840116_0105_hong 38 29 9 4 0 1385.5 1422.12 316.42 323.91 1069.08 1098.21
ynao_sd_19840117_0050_hong 27 17 10 4 0 1234.0 1409.53 305.02 366.09 928.98 1043.44
ynao_sd_19840118_0340_hong 24 13 11 4 0 1101.14 1274.31 232.78 279.52 868.36 994.79
ynao_sd_19840119_0050_hong 22 11 11 5 0 940.49 1183.49 198.88 260.15 741.61 923.34
ynao_sd_19840120_0110_hong 31 24 7 4 0 756.49 1093.35 223.61 296.73 532.88 796.62
ynao_sd_19840121_0100_hong 42 29 13 6 0 1032.06 1508.81 346.35 486.9 685.71 1021.91
ynao_sd_19840122_0130_hong 31 19 12 5 0 848.45 1201.21 205.54 267.48 642.91 933.73
ynao_sd_19840123_0110_chai 20 14 6 4 0 997.51 1141.88 245.16 372.54 752.35 769.34
ynao_sd_19840124_0120_chai 13 10 3 2 0 441.95 512.88 146.27 171.1 295.68 341.78
ynao_sd_19840125_0220_chai 12 9 3 2 0 289.6 400.96 107.18 145.4 182.42 255.56
ynao_sd_19840126_0140_chai 13 10 3 3 0 174.68 315.83 60.31 117.14 114.37 198.69
ynao_sd_19840127_0140_chai 7 4 3 3 0 108.15 311.72 31.71 85.29 76.44 226.43
ynao_sd_19840128_0210_chai 0 0 0 0 0 0 0 0 0 0 0
ynao_sd_19840129_0300_chai 4 4 0 0 0 46.65 61.79 46.65 61.79 0 0
ynao_sd_19840130_0200_li 7 7 0 0 0 59.71 90.73 59.71 90.73 0 0
ynao_sd_19840131_0150_li 0 0 0 0 0 0 0 0 0 0 0
ynao_sd_19840201_0130_li 7 6 1 1 0 105.62 239.3 65.76 97.98 39.86 141.32
ynao_sd_19840202_0130_li 6 5 1 2 0 68.94 106.61 37.62 42.89 31.32 63.72
ynao_sd_19840203_0110_hong 7 4 3 2 0 253.56 882.75 56.7 173.49 196.86 709.26
ynao_sd_19840204_0110_chai 12 6 6 4 0 446.04 1002.03 109.85 202.18 336.19 799.85
ynao_sd_19840205_0200_chai 18 13 5 4 0 595.46 1085.46 157.16 339.11 438.3 746.35
ynao_sd_19840206_0930_wang 30 22 8 6 0 1128.6 1686.91 252.46 378.76 876.14 1308.15
ynao_sd_19840207_0855_wang 47 37 10 5 0 1391.42 1769.52 396.35 512.22 995.07 1257.3
ynao_sd_19840208_0740_wang 41 30 11 5 0 1594.13 1825.48 442.77 531.82 1151.36 1293.66
ynao_sd_19840209_0340_wang 70 52 18 10 0 2208.46 2546.53 554.76 636.25 1653.7 1910.28
ynao_sd_19840210_0100_wang 93 68 25 9 0 3007.77 3394.41 733.82 855.69 2273.95 2538.72
ynao_sd_19840211_0050_wang 80 51 29 12 0 3246.4 3898.57 702.26 856.58 2544.14 3041.99
ynao_sd_19840212_0100_wang 65 35 30 8 0 2633.17 3288.53 516.28 644.95 2116.89 2643.58
ynao_sd_19840213_0120_chai 63 41 22 8 0 2546.63 3555.97 505.89 661.53 2040.74 2894.44
ynao_sd_19840214_0220_chai 31 22 9 5 0 1330.13 1672.33 332.95 427.41 997.18 1244.92
ynao_sd_19840215_0100_chai 31 18 13 5 0 831.98 1194.65 201.26 290.26 630.72 904.39
ynao_sd_19840216_0105_chai 20 17 3 1 0 538.94 786.79 191.92 306.03 347.02 480.76
ynao_sd_19840217_0100_chai 18 14 4 1 0 347.04 616.28 127.4 216.96 219.64 399.32
ynao_sd_19840218_0235_chai 6 4 2 1 0 139.17 357.72 38.08 89.66 101.09 268.06
ynao_sd_19840219_0420_chai 4 4 0 0 0 26.07 46.26 26.07 46.26 0 0
ynao_sd_19840220_0110_hong 3 3 0 0 0 15.05 17.4 15.05 17.4 0 0
ynao_sd_19840221_0100_hong 2 2 0 0 0 11.24 11.43 11.24 11.43 0 0
ynao_sd_19840222_0100_hong 17 16 1 1 0 140.42 213.25 109.34 156.13 31.08 57.12
ynao_sd_19840223_0105_hong 30 21 9 8 0 451.19 1229.37 169.0 401.32 282.19 828.05
ynao_sd_19840224_0100_hong 37 28 9 5 0 835.12 1510.2 238.45 410.52 596.67 1099.68
ynao_sd_19840225_0040_hong 30 21 9 7 0 894.0 1355.89 234.65 357.17 659.35 998.72
ynao_sd_19840226_0320_hong 25 10 15 10 0 1064.41 1324.83 214.2 265.02 850.21 1059.81
ynao_sd_19840227_0130_chai 34 28 6 4 0 757.06 821.97 248.45 280.98 508.61 540.99
ynao_sd_19840302_0700_chai 39 33 6 5 0 659.59 858.44 261.13 320.47 398.46 537.97
ynao_sd_19840304_0400_chai 21 18 3 2 0 350.02 711.8 177.4 313.92 172.62 397.88
ynao_sd_19840305_0120_li 23 18 5 2 0 312.42 684.29 149.75 269.59 162.67 414.7
ynao_sd_19840306_0120_li 28 25 3 2 0 358.38 562.76 198.5 325.85 159.88 236.91
ynao_sd_19840307_0120_li 28 23 5 2 0 488.66 563.42 186.93 215.33 301.73 348.09
ynao_sd_19840308_0130_li 29 25 4 2 0 605.5 637.98 191.87 203.15 413.63 434.83
ynao_sd_19840309_0130_li 17 13 4 2 0 722.9 744.84 146.79 155.58 576.11 589.26
ynao_sd_19840310_0230_li 27 22 5 2 0 616.9 641.83 172.94 186.06 443.96 455.77
ynao_sd_19840311_0100_li 29 23 6 2 0 566.48 617.29 203.18 219.26 363.3 398.03
ynao_sd_19840312_0110_hong 47 38 9 5 0 782.08 933.49 339.74 388.28 442.34 545.21
ynao_sd_19840313_0100_hong 55 38 17 9 0 920.27 1177.53 339.08 412.19 581.19 765.34
ynao_sd_19840314_0050_hong 46 24 22 8 0 1213.56 1710.4 296.39 394.69 917.17 1315.71
ynao_sd_19840315_0040_hong 67 46 21 11 0 1104.65 1658.79 342.22 472.34 762.43 1186.45
ynao_sd_19840316_0100_hong 77 58 19 11 0 1154.09 1807.91 441.07 622.49 713.02 1185.42
ynao_sd_19840317_0100_hong 56 40 16 9 0 814.09 1313.04 298.88 467.84 515.21 845.2
ynao_sd_19840318_0110_hong 33 26 7 5 0 514.23 774.17 208.92 303.12 305.31 471.05
ynao_sd_19840319_0100_chai 24 22 2 2 0 220.23 437.22 128.43 233.23 91.8 203.99
ynao_sd_19840320_0050_chai 21 21 0 1 0 1062.02 1491.69 129.32 362.88 932.7 1128.81
ynao_sd_19840321_0040_chai 13 11 2 2 0 417.38 1733.8 69.24 138.14 348.14 1595.66
ynao_sd_19840322_0100_chai 14 13 1 1 0 194.13 316.68 111.1 171.74 83.03 144.94
ynao_sd_19840323_0100_chai 14 13 1 1 0 249.46 325.14 103.84 127.5 145.62 197.64
ynao_sd_19840324_0050_chai 32 28 4 2 0 331.32 372.99 200.54 224.05 130.78 148.94
ynao_sd_19840325_0230_chai 34 33 1 1 0 249.94 258.98 223.49 231.17 26.45 27.81
ynao_sd_19840326_0100_chai 54 53 1 1 0 322.47 406.81 303.97 384.87 18.5 21.94
ynao_sd_19840327_0120_chai 44 39 5 3 0 421.7 966.12 241.66 537.57 180.04 428.55
ynao_sd_19840328_0300_li 34 30 4 4 0 863.0 1858.77 226.03 423.87 636.97 1434.9
ynao_sd_19840329_0110_chai 51 38 13 9 0 1524.23 2457.41 472.35 774.25 1051.88 1683.16
ynao_sd_19840330_0050_chai 58 44 14 8 0 2094.54 2689.7 621.67 775.21 1472.87 1914.49
ynao_sd_19840331_0630_chai 57 44 13 9 0 2010.01 2288.84 650.67 794.5 1359.34 1494.34
ynao_sd_19840401_0230_chai 94 82 12 6 0 2229.29 2385.56 797.54 908.52 1431.75 1477.04
ynao_sd_19840402_0030_hong 80 62 18 7 0 2301.53 2422.4 608.74 671.24 1692.79 1751.16
ynao_sd_19840403_0020_hong 55 43 12 6 0 1852.54 2009.0 521.24 582.71 1331.3 1426.29
ynao_sd_19840404_0040_hong 65 54 11 5 0 1818.63 2085.64 538.29 624.82 1280.34 1460.82
ynao_sd_19840405_0140_li 37 31 6 3 0 930.56 1251.71 280.87 372.81 649.69 878.9
ynao_sd_19840406_0210_hong 37 30 7 2 0 966.0 1626.54 320.8 526.59 645.2 1099.95
ynao_sd_19840407_0030_hong 42 40 2 2 0 675.76 1462.24 260.83 430.22 414.93 1032.02
ynao_sd_19840408_0110_hong 11 9 2 2 0 254.01 1049.71 74.61 184.27 179.4 865.44
ynao_sd_19840409_0020_li 5 5 0 0 0 48.22 60.45 48.22 60.45 0 0
ynao_sd_19840410_0040_li 2 2 0 0 0 9.99 10.42 9.99 10.42 0 0
ynao_sd_19840411_0040_li 4 4 0 0 0 27.28 44.21 27.28 44.21 0 0
ynao_sd_19840412_0310_li 2 2 0 0 0 11.08 22.59 11.08 22.59 0 0
ynao_sd_19840413_0030_li 0 0 0 0 0 0 0 0 0 0 0
ynao_sd_19840414_0050_li 0 0 0 0 0 0 0 0 0 0 0
ynao_sd_19840415_0050_li 11 11 0 0 0 84.52 224.04 84.52 224.04 0 0
ynao_sd_19840416_0050_chai 28 26 2 2 0 273.84 515.09 192.84 337.52 81.0 177.57
ynao_sd_19840417_0050_chai 28 23 5 2 0 331.93 504.82 211.16 306.82 120.77 198.0
ynao_sd_19840418_0030_chai 22 20 2 2 0 233.79 472.64 159.98 234.21 73.81 238.43
ynao_sd_19840419_0030_chai 30 27 3 2 0 361.3 572.25 175.8 233.07 185.5 339.18
ynao_sd_19840420_0040_chai 16 14 2 2 0 326.69 445.67 137.33 168.83 189.36 276.84
ynao_sd_19840421_0100_chai 24 23 1 1 0 369.47 569.25 164.2 306.99 205.27 262.26
ynao_sd_19840422_0210_chai 22 18 4 3 0 636.34 1388.68 236.52 540.42 399.82 848.26
ynao_sd_19840423_0040_hong 32 17 15 6 0 1590.25 3801.52 269.62 516.77 1320.63 3284.75
ynao_sd_19840424_0030_hong 65 28 37 6 0 3014.17 5244.85 650.45 1122.54 2363.72 4122.31
ynao_sd_19840425_0810_hong 77 43 34 8 0 3981.75 5338.21 763.36 1027.12 3218.39 4311.09
ynao_sd_19840426_0240_hong 110 59 51 10 0 5076.75 5946.52 1140.48 1340.82 3936.27 4605.7
ynao_sd_19840427_0310_hong 102 55 47 9 0 5334.6 5747.58 1137.58 1228.02 4197.02 4519.56
ynao_sd_19840428_0210_hong 135 88 47 17 0 5448.6 5718.59 1193.48 1248.41 4255.12 4470.18
ynao_sd_19840429_0040_hong 122 72 50 16 2 5770.53 6077.16 1161.44 1230.38 4609.09 4846.78
ynao_sd_19840430_0300_li 97 52 45 14 0 4918.47 5326.19 1048.94 1141.18 3869.53 4185.01
ynao_sd_19840501_0210_li 84 51 33 10 1 4178.58 4910.05 919.85 1106.48 3258.73 3803.57
ynao_sd_19840502_0020_li 80 47 33 11 0 2702.98 3694.65 688.21 924.62 2014.77 2770.03
ynao_sd_19840503_0005_li 54 31 23 11 0 1899.17 3228.66 438.11 770.91 1461.06 2457.75
ynao_sd_19840504_0120_li 35 24 11 6 0 920.7 1977.49 264.29 548.25 656.41 1429.24
ynao_sd_19840506_0030_li 4 4 0 0 0 57.03 161.46 57.03 161.46 0 0
ynao_sd_19840507_0530_chai 1 0 1 1 0 133.06 253.1 24.82 46.89 108.24 206.21
ynao_sd_19840508_0305_chai 4 4 0 0 0 44.68 70.06 44.68 70.06 0 0
ynao_sd_19840509_0010_chai 4 4 0 0 0 27.4 49.76 27.4 49.76 0 0
ynao_sd_19840510_0030_chai 5 5 0 0 0 49.92 50.04 49.92 50.04 0 0
ynao_sd_19840511_0010_chai 8 7 1 1 0 88.44 237.18 46.28 83.49 42.16 153.69
ynao_sd_19840512_0010_chai 5 5 0 0 0 36.54 51.75 36.54 51.75 0 0
ynao_sd_19840513_0040_chai 5 5 0 0 0 28.01 30.55 28.01 30.55 0 0
ynao_sd_19840514_0340_hong 17 15 2 1 0 197.72 213.08 101.79 111.24 95.93 101.84
ynao_sd_19840515_0140_hong 13 9 4 2 0 174.01 295.01 68.81 94.76 105.2 200.25
ynao_sd_19840516_0010_hong 18 17 1 2 0 210.56 282.45 139.62 164.39 70.94 118.06
ynao_sd_19840517_0040_hong 37 35 2 2 0 279.61 351.18 203.87 260.73 75.74 90.45
ynao_sd_19840519_0200_hong 37 27 10 5 0 398.54 1026.0 204.45 423.78 194.09 602.22
ynao_sd_19840520_0120_hong 43 25 18 10 0 1019.69 2134.82 275.47 506.02 744.22 1628.8
ynao_sd_19840521_0020_li 37 26 11 6 0 770.06 1107.72 224.56 322.13 545.5 785.59
ynao_sd_19840522_0620_wang 59 49 10 10 0 1498.73 1851.01 444.64 563.08 1054.09 1287.93
ynao_sd_19840523_0110_li 58 47 11 7 0 1073.17 1194.92 402.5 464.21 670.67 730.71
ynao_sd_19840524_0250_li 79 70 9 5 0 1031.91 1082.02 426.45 459.39 605.46 622.63
ynao_sd_19840525_0920_li 62 54 8 6 0 835.98 868.74 396.04 409.61 439.94 459.13
ynao_sd_19840526_0610_li 64 56 8 5 0 945.55 1382.39 424.08 556.52 521.47 825.87
ynao_sd_19840527_0330_li 44 40 4 3 0 790.49 1310.85 350.96 518.84 439.53 792.01
ynao_sd_19840528_0010_chai 47 43 4 4 0 887.87 1418.58 364.1 547.07 523.77 871.51
ynao_sd_19840529_0005_chai 38 34 4 3 0 869.19 1353.27 341.31 515.88 527.88 837.39
ynao_sd_19840530_0005_chai 51 43 8 5 0 974.17 1335.97 357.26 493.68 616.91 842.29
ynao_sd_19840531_0110_chai 44 39 5 3 0 891.59 1015.86 318.07 399.38 573.52 616.48
ynao_sd_19840603_0030_chai 25 22 3 2 0 661.81 738.58 211.02 243.89 450.79 494.69
ynao_sd_19840604_0020_hong 22 21 1 1 0 528.52 676.76 190.52 246.77 338.0 429.99
ynao_sd_19840605_0020_hong 15 14 1 1 0 435.9 666.66 178.04 267.36 257.86 399.3
ynao_sd_19840606_0050_li 5 2 3 1 0 237.03 504.62 44.44 97.07 192.59 407.55
ynao_sd_19840607_0150_hong 5 4 1 1 0 162.86 622.04 45.26 132.16 117.6 489.88
ynao_sd_19840608_0050_hong 2 2 0 0 0 33.73 64.94 33.73 64.94 0 0
ynao_sd_19840610_0110_hong 5 5 0 0 0 31.64 46.62 31.64 46.62 0 0
ynao_sd_19840611_0040_li 11 11 0 0 0 60.69 100.13 60.69 100.13 0 0
ynao_sd_19840612_0200_li 26 26 0 0 0 133.41 171.73 133.41 171.73 0 0
ynao_sd_19840613_0310_li 23 23 0 0 0 131.75 201.88 131.75 201.88 0 0
ynao_sd_19840614_0130_li 35 34 1 1 0 209.72 290.14 168.12 211.06 41.6 79.08
ynao_sd_19840615_0350_li 30 24 6 3 0 586.49 903.13 247.13 330.53 339.36 572.6
ynao_sd_19840616_0630_li 29 21 8 5 0 775.42 956.33 242.12 293.79 533.3 662.54
ynao_sd_19840617_0120_li 27 20 7 4 0 909.11 1045.11 191.08 234.51 718.03 810.6
ynao_sd_19840618_0310_hong 30 26 4 3 0 972.65 1095.84 279.78 341.07 692.87 754.77
ynao_sd_19840619_0100_hong 41 34 7 3 0 1066.9 1187.19 300.28 387.75 766.62 799.44
ynao_sd_19840620_0300_hong 32 28 4 3 0 978.94 1043.38 294.16 314.0 684.78 729.38
ynao_sd_19840621_0050_hong 39 37 2 2 0 841.14 972.21 293.37 341.44 547.77 630.77
ynao_sd_19840622_0230_hong 19 16 3 2 0 655.89 1105.12 253.2 565.82 402.69 539.3
ynao_sd_19840623_0505_hong 44 37 7 4 0 899.8 1428.54 333.9 447.61 565.9 980.93
ynao_sd_19840624_0105_hong 42 26 16 6 0 988.06 1592.21 227.31 301.69 760.75 1290.52
ynao_sd_19840625_0140_chai 25 21 4 3 0 999.39 1195.37 252.03 323.83 747.36 871.54
ynao_sd_19840626_0150_chai 29 22 7 3 0 863.64 1081.95 234.33 316.06 629.31 765.89
ynao_sd_19840627_0940_chai 13 7 6 3 0 635.58 904.01 175.51 252.38 460.07 651.63
ynao_sd_19840628_0210_chai 14 8 6 3 0 447.83 728.35 117.84 194.99 329.99 533.36
ynao_sd_19840630_0330_chai 4 2 2 1 0 124.83 193.12 47.51 107.77 77.32 85.35
ynao_sd_19840701_0520_chai 2 0 2 1 0 77.92 97.64 9.43 11.81 68.49 85.83
ynao_sd_19840704_0610_li 6 4 2 2 0 144.67 357.91 84.26 197.91 60.41 160.0
ynao_sd_19840705_0045_li 5 2 3 3 0 147.08 261.81 49.78 80.02 97.3 181.79
ynao_sd_19840707_0310_li 6 3 3 3 0 283.27 330.09 60.34 74.13 222.93 255.96
ynao_sd_19840708_0310_li 7 2 5 3 0 305.99 323.02 52.96 56.49 253.03 266.53
ynao_sd_19840709_0555_wang 30 25 5 4 0 518.3 636.39 183.3 276.19 335.0 360.2
ynao_sd_19840710_0045_wang 22 12 10 5 0 611.04 726.8 128.31 166.41 482.73 560.39
ynao_sd_19840711_0355_wang 23 16 7 3 0 608.9 755.78 178.82 277.91 430.08 477.87
ynao_sd_19840712_0620_wang 19 16 3 2 0 462.42 559.32 169.4 256.52 293.02 302.8
ynao_sd_19840713_0110_wang 27 24 3 1 0 283.99 325.1 139.87 176.27 144.12 148.83
ynao_sd_19840714_0130_wang 22 21 1 1 0 279.77 318.36 115.29 138.6 164.48 179.76
ynao_sd_19840715_0030_wang 12 11 1 1 0 214.31 268.83 98.74 127.02 115.57 141.81
ynao_sd_19840716_0020_wang 14 13 1 1 0 177.63 253.5 75.14 100.8 102.49 152.7
ynao_sd_19840717_0035_wang 12 11 1 1 0 147.91 262.85 83.57 131.95 64.34 130.9
ynao_sd_19840718_0035_wang 3 2 1 1 0 46.83 138.33 14.48 29.66 32.35 108.67
ynao_sd_19840719_0920_wang 8 8 0 0 0 64.11 84.94 64.11 84.94 0 0
ynao_sd_19840720_0720_wang 1 1 0 0 0 13.93 14.49 13.93 14.49 0 0
ynao_sd_19840721_0520_wang 5 4 1 0 0 80.69 88.15 85.07 92.63 4.38 4.48
ynao_sd_19840722_0725_wang 12 10 2 1 0 224.24 371.78 90.84 228.07 133.4 143.71
ynao_sd_19840724_0550_wang 17 14 3 3 0 247.84 370.7 111.03 155.53 136.81 215.17
ynao_sd_19840725_0540_wang 7 4 3 3 0 169.09 285.05 42.87 71.69 126.22 213.36
ynao_sd_19840727_0030_hong 3 2 1 1 0 80.55 94.99 32.17 40.85 48.38 54.14
ynao_sd_19840728_0040_hong 3 3 0 1 0 61.49 72.8 36.14 45.5 25.35 27.3
ynao_sd_19840729_0100_hong 2 2 0 0 0 26.62 29.28 26.62 29.28 0 0
ynao_sd_19840730_0105_hong 3 3 0 0 0 18.56 21.87 18.56 21.87 0 0
ynao_sd_19840731_0020_chai 4 4 0 0 0 20.27 46.84 20.27 46.84 0 0
ynao_sd_19840801_0050_hong 4 4 0 0 0 16.27 31.2 16.27 31.2 0 0
ynao_sd_19840802_0030_hong 8 8 0 0 0 44.95 74.2 44.95 74.2 0 0
ynao_sd_19840803_0220_chai 10 10 0 0 0 97.6 121.27 97.6 121.27 0 0
ynao_sd_19840804_0120_chai 8 8 0 0 0 47.37 56.84 47.37 56.84 0 0
ynao_sd_19840805_0020_chai 11 11 0 0 0 80.75 96.82 80.75 96.82 0 0
ynao_sd_19840806_0305_chai 0 0 0 0 0 0 0 0 0 0 0
ynao_sd_19840807_0050_hong 0 0 0 0 0 0 0 0 0 0 0
ynao_sd_19840808_0020_chai 0 0 0 0 0 0 0 0 0 0 0
ynao_sd_19840809_0030_chai 1 1 0 0 0 4.7 4.8 4.7 4.8 0 0
ynao_sd_19840810_0320_chai 2 2 0 0 0 8.94 10.05 8.94 10.05 0 0
ynao_sd_19840811_0030_chai 1 1 0 0 0 26.47 37.19 26.47 37.19 0 0
ynao_sd_19840812_0420_chai 0 0 0 0 0 0 0 0 0 0 0
ynao_sd_19840813_0210_hong 0 0 0 0 0 0 0 0 0 0 0
ynao_sd_19840814_0910_hong 0 0 0 0 0 0 0 0 0 0 0
ynao_sd_19840815_0050_hong 2 2 0 0 0 23.87 31.91 23.87 31.91 0 0
ynao_sd_19840816_0200_hong 0 0 0 0 0 0 0 0 0 0 0
ynao_sd_19840817_0140_hong 3 2 1 1 0 78.61 199.63 40.44 67.39 38.17 132.24
ynao_sd_19840818_0110_hong 2 0 2 1 0 60.36 127.26 13.15 27.62 47.21 99.64
ynao_sd_19840819_0140_chai 1 0 1 1 0 91.69 139.47 18.66 28.42 73.03 111.05
ynao_sd_19840820_0320_chai 3 2 1 1 0 132.67 167.94 34.91 48.82 97.76 119.12
ynao_sd_19840821_0240_chai 2 1 1 1 0 121.81 135.1 26.09 30.59 95.72 104.51
ynao_sd_19840822_0120_chai 2 1 1 1 0 135.26 141.51 36.2 38.4 99.06 103.11
ynao_sd_19840823_0550_chai 10 6 4 1 0 100.8 108.71 46.51 51.43 54.29 57.28
ynao_sd_19840824_0045_chai 10 10 0 0 0 86.34 98.92 86.34 98.92 0 0
ynao_sd_19840825_0205_chai 14 14 0 0 0 147.23 180.56 147.23 180.56 0 0
ynao_sd_19840826_0420_chai 16 14 2 1 0 207.3 390.3 115.63 202.3 91.67 188.0
ynao_sd_19840827_0150_hong 45 42 3 2 0 478.29 715.1 257.89 385.12 220.4 329.98
ynao_sd_19840828_0220_hong 31 28 3 2 0 454.75 657.14 201.12 283.61 253.63 373.53
ynao_sd_19840829_0230_hong 38 31 7 3 0 725.54 918.83 262.19 360.32 463.35 558.51
ynao_sd_19840830_0440_hong 22 11 11 2 0 751.04 777.47 255.54 264.73 495.5 512.74
ynao_sd_19840831_0040_hong 22 12 10 5 0 812.75 837.43 190.22 195.86 622.53 641.57
ynao_sd_19840901_0220_hong 44 28 16 5 0 942.69 1010.93 295.51 316.88 647.18 694.05
ynao_sd_19840902_0230_hong 27 19 8 4 0 764.97 909.71 203.47 242.84 561.5 666.87
ynao_sd_19840903_0130_chai 36 27 9 5 0 855.94 1167.55 245.49 319.01 610.45 848.54
ynao_sd_19840904_0010_chai 35 27 8 3 0 590.02 1007.15 246.46 373.69 343.56 633.46
ynao_sd_19840905_0640_chai 10 7 3 2 0 250.61 618.28 86.25 172.67 164.36 445.61
ynao_sd_19840906_0030_chai 6 5 1 1 0 79.61 117.59 56.26 79.63 23.35 37.96
ynao_sd_19840907_0440_chai 0 0 0 0 0 0 0 0 0 0 0
ynao_sd_19840908_0310_chai 2 2 0 0 0 8.8 14.39 8.8 14.39 0 0
ynao_sd_19840909_0250_chai 8 8 0 0 0 50.82 66.79 50.82 66.79 0 0
ynao_sd_19840910_0040_li 7 7 0 0 0 109.8 143.44 109.8 143.44 0 0
ynao_sd_19840911_0210_li 3 3 0 0 0 18.81 19.63 18.81 19.63 0 0
ynao_sd_19840915_0820_li 0 0 0 0 0 0 0 0 0 0 0
ynao_sd_19840916_0240_li 0 0 0 0 0 0 0 0 0 0 0
ynao_sd_19840919_0340_li 0 0 0 0 0 0 0 0 0 0 0
ynao_sd_19840920_0100_li 0 0 0 0 0 0 0 0 0 0 0
ynao_sd_19840921_0050_wang 4 4 0 0 0 43.41 55.57 43.41 55.57 0 0
ynao_sd_19840922_0055_wang 7 7 0 0 0 47.12 65.01 47.12 65.01 0 0
ynao_sd_19840923_0320_wang 3 3 0 0 0 17.56 28.66 17.56 28.66 0 0
ynao_sd_19840924_0040_wang 4 4 0 0 0 19.91 34.39 19.91 34.39 0 0
ynao_sd_19840925_0340_chai 2 2 0 0 0 16.82 18.12 16.82 18.12 0 0
ynao_sd_19840926_0210_chai 3 3 0 0 0 20.98 21.61 20.98 21.61 0 0
ynao_sd_19840927_0100_chai 0 0 0 0 0 0 0 0 0 0 0
ynao_sd_19840928_0100_chai 0 0 0 0 0 0 0 0 0 0 0
ynao_sd_19840929_0100_chai 0 0 0 0 0 0 0 0 0 0 0
ynao_sd_19840930_0210_chai 1 1 0 0 0 13.19 13.84 13.19 13.84 0 0
ynao_sd_19841001_0315_wang 1 1 0 0 0 20.33 28.99 20.33 28.99 0 0
ynao_sd_19841002_0530_hong 0 0 0 0 0 0 0 0 0 0 0
ynao_sd_19841003_0130_hong 0 0 0 0 0 0 0 0 0 0 0
ynao_sd_19841004_0650_hong 1 1 0 0 0 4.11 4.54 4.11 4.54 0 0
ynao_sd_19841005_0700_hong 0 0 0 0 0 0 0 0 0 0 0
ynao_sd_19841007_0150_hong 1 1 0 0 0 17.21 23.73 17.21 23.73 0 0
ynao_sd_19841008_0115_hong 0 0 0 0 0 0 0 0 0 0 0
ynao_sd_19841009_0110_li 5 5 0 0 0 40.24 40.89 40.24 40.89 0 0
ynao_sd_19841010_0005_li 6 6 0 0 0 45.95 48.05 45.95 48.05 0 0
ynao_sd_19841011_0040_li 8 8 0 0 0 60.35 66.49 60.35 66.49 0 0
ynao_sd_19841013_0330_li 3 3 0 0 0 15.95 16.62 15.95 16.62 0 0
ynao_sd_19841014_0140_li 1 1 0 0 0 5.63 6.0 5.63 6.0 0 0
ynao_sd_19841015_0045_li 2 2 0 0 0 8.89 9.67 8.89 9.67 0 0
ynao_sd_19841016_0230_li 0 0 0 0 0 0 0 0 0 0 0
ynao_sd_19841019_0740_li 0 0 0 0 0 0 0 0 0 0 0
ynao_sd_19841022_0440_chai 0 0 0 0 0 0 0 0 0 0 0
ynao_sd_19841023_0030_chai 0 0 0 0 0 0 0 0 0 0 0
ynao_sd_19841024_0035_chai 0 0 0 0 0 0 0 0 0 0 0
ynao_sd_19841025_0100_chai 0 0 0 0 0 0 0 0 0 0 0
ynao_sd_19841026_0100_chai 0 0 0 0 0 0 0 0 0 0 0
ynao_sd_19841027_0100_chai 0 0 0 0 0 0 0 0 0 0 0
ynao_sd_19841028_0100_chai 0 0 0 0 0 0 0 0 0 0 0
ynao_sd_19841029_0050_hong 2 2 0 0 0 29.0 39.57 29.0 39.57 0 0
ynao_sd_19841030_0350_hong 1 1 0 0 0 3.96 4.73 3.96 4.73 0 0
ynao_sd_19841031_0310_hong 5 5 0 0 0 30.32 42.45 30.32 42.45 0 0
ynao_sd_19841102_0650_hong 2 2 0 0 0 13.37 17.13 13.37 17.13 0 0
ynao_sd_19841103_0210_hong 0 0 0 0 0 0 0 0 0 0 0
ynao_sd_19841104_0150_hong 5 5 0 0 0 29.06 48.57 29.06 48.57 0 0
ynao_sd_19841105_0100_chai 5 5 0 0 0 34.93 65.45 34.93 65.45 0 0
ynao_sd_19841106_0100_chai 1 1 0 0 0 4.47 6.46 4.47 6.46 0 0
ynao_sd_19841107_0100_chai 0 0 0 0 0 0 0 0 0 0 0
ynao_sd_19841108_0110_chai 1 1 0 0 0 4.18 6.26 4.18 6.26 0 0
ynao_sd_19841109_0220_chai 0 0 0 0 0 0 0 0 0 0 0
ynao_sd_19841110_0050_chai 0 0 0 0 0 0 0 0 0 0 0
ynao_sd_19841111_0220_chai 3 3 0 0 0 12.54 13.56 12.54 13.56 0 0
ynao_sd_19841112_0100_li 1 1 0 0 0 4.33 4.54 4.33 4.54 0 0
ynao_sd_19841113_0050_li 0 0 0 0 0 0 0 0 0 0 0
ynao_sd_19841114_0040_li 1 1 0 0 0 5.51 5.89 5.51 5.89 0 0
ynao_sd_19841115_0100_li 4 4 0 0 0 36.92 44.91 36.92 44.91 0 0
ynao_sd_19841116_0140_li 1 1 0 0 0 21.02 22.6 21.02 22.6 0 0
ynao_sd_19841117_0105_li 2 2 0 0 0 13.6 13.84 13.6 13.84 0 0
ynao_sd_19841118_0035_li 1 1 0 0 0 4.06 4.53 4.06 4.53 0 0
ynao_sd_19841119_0030_hong 0 0 0 0 0 0 0 0 0 0 0
ynao_sd_19841120_0010_hong 1 0 1 1 0 79.6 362.38 11.53 52.93 68.07 309.45
ynao_sd_19841121_0145_wang 2 0 2 2 0 260.06 723.5 35.6 100.1 224.46 623.4
ynao_sd_19841122_0100_wang 3 1 2 2 0 454.39 843.47 66.92 118.92 387.47 724.55
ynao_sd_19841123_0040_wang 16 13 3 2 0 637.87 893.65 169.87 236.23 468.0 657.42
ynao_sd_19841124_0140_wang 18 13 5 2 0 696.98 826.46 147.24 180.26 549.74 646.2
ynao_sd_19841125_0020_chai 31 27 4 2 0 731.76 809.05 250.36 293.74 481.4 515.31
ynao_sd_19841126_0150_chai 26 19 7 2 0 1021.69 1069.96 339.94 366.17 681.75 703.79
ynao_sd_19841127_0320_li 18 12 6 2 0 824.78 869.21 213.02 233.59 611.76 635.62
ynao_sd_19841128_0200_chai 26 19 7 3 0 1001.51 1094.07 320.61 344.91 680.9 749.16
ynao_sd_19841129_0100_li 15 9 6 5 0 667.05 829.7 180.95 222.58 486.1 607.12
ynao_sd_19841130_0100_wang 13 10 3 2 0 392.93 602.62 95.38 136.92 297.55 465.7
ynao_sd_19841201_0120_chai 8 7 1 1 0 202.76 433.43 84.8 158.38 117.96 275.05
ynao_sd_19841202_0400_chai 6 5 1 1 0 113.65 391.39 63.77 168.45 49.88 222.94
ynao_sd_19841203_0240_li 1 1 0 0 0 6.24 8.42 6.24 8.42 0 0
ynao_sd_19841204_0045_li 4 4 0 0 0 22.0 29.59 22.0 29.59 0 0
ynao_sd_19841205_0320_li 1 1 0 0 0 7.71 10.22 7.71 10.22 0 0
ynao_sd_19841206_0250_li 2 2 0 0 0 13.5 15.41 13.5 15.41 0 0
ynao_sd_19841207_0100_li 8 8 0 0 0 78.31 91.07 78.31 91.07 0 0
ynao_sd_19841208_0040_li 8 8 0 0 0 83.31 94.09 83.31 94.09 0 0
ynao_sd_19841209_0110_li 5 5 0 0 0 32.87 34.16 32.87 34.16 0 0
ynao_sd_19841210_0100_chai 0 0 0 0 0 0 0 0 0 0 0
ynao_sd_19841211_0140_chai 6 3 3 2 0 164.88 168.98 56.61 57.92 108.27 111.06
ynao_sd_19841212_0330_chai 9 6 3 3 0 415.15 428.05 123.68 127.47 291.47 300.58
ynao_sd_19841213_0050_chai 12 8 4 2 0 581.51 627.87 177.48 191.56 404.03 436.31
ynao_sd_19841214_0100_chai 8 4 4 2 0 397.89 477.09 116.31 139.25 281.58 337.84
ynao_sd_19841215_0040_chai 4 1 3 3 0 298.22 427.15 89.59 128.0 208.63 299.15
ynao_sd_19841216_0100_hong 2 0 2 2 0 90.06 168.48 22.69 44.59 67.37 123.89
ynao_sd_19841217_0100_hong 3 1 2 2 0 61.74 182.71 13.16 37.66 48.58 145.05
ynao_sd_19841218_0050_hong 1 1 0 0 0 27.5 40.13 27.5 40.13 0 0
ynao_sd_19841219_0040_hong 0 0 0 0 0 0 0 0 0 0 0
ynao_sd_19841220_0045_hong 1 1 0 0 0 4.7 18.65 4.7 18.65 0 0
ynao_sd_19841221_0110_hong 0 0 0 0 0 0 0 0 0 0 0
ynao_sd_19841222_0100_hong 3 3 0 0 0 19.44 22.13 19.44 22.13 0 0
ynao_sd_19841223_0440_li 1 1 0 0 0 7.27 7.76 7.27 7.76 0 0
ynao_sd_19841224_0050_li 3 3 0 0 0 21.45 21.9 21.45 21.9 0 0
ynao_sd_19841225_0110_li 10 10 0 0 0 76.04 90.07 76.04 90.07 0 0
ynao_sd_19841226_0105_li 8 8 0 0 0 55.0 61.57 55.0 61.57 0 0
ynao_sd_19841227_0130_li 4 4 0 0 0 31.01 34.68 31.01 34.68 0 0
ynao_sd_19841228_0200_li 9 9 0 0 0 47.57 51.93 47.57 51.93 0 0
ynao_sd_19841229_0940_li 4 4 0 0 0 25.65 25.95 25.65 25.95 0 0
ynao_sd_19841230_0120_li 4 4 0 0 0 19.36 20.05 19.36 20.05 0 0
ynao_sd_19841231_0050_li 2 2 0 0 0 15.01 17.27 15.01 17.27 0 0
