ynao_sd_19850101_0140_chai 1 0 1 1 0 562.4 782.76 7.42 10.32 554.98 772.44
ynao_sd_19850102_0130_chai 1 1 0 0 0 2.21 15.56 2.21 15.56 0 0
ynao_sd_19850103_0910_li 0 0 0 0 0 0 0 0 0 0 0
ynao_sd_19850104_0100_chai 0 0 0 0 0 0 0 0 0 0 0
ynao_sd_19850105_0100_chai 0 0 0 0 0 0 0 0 0 0 0
ynao_sd_19850106_0100_chai 0 0 0 0 0 0 0 0 0 0 0
ynao_sd_19850107_0100_hong 0 0 0 0 0 0 0 0 0 0 0
ynao_sd_19850108_0110_hong 0 0 0 0 0 0 0 0 0 0 0
ynao_sd_19850109_0105_hong 1 1 0 0 0 8.88 9.18 8.88 9.18 0 0
ynao_sd_19850110_0220_hong 0 0 0 0 0 0 0 0 0 0 0
ynao_sd_19850111_0100_hong 0 0 0 0 0 0 0 0 0 0 0
ynao_sd_19850112_0120_hong 1 1 0 0 0 25.48 57.59 25.48 57.59 0 0
ynao_sd_19850113_0220_hong 8 8 0 0 0 45.4 57.15 45.4 57.15 0 0
ynao_sd_19850114_0110_li 15 13 2 1 0 190.63 191.78 113.24 113.87 77.39 77.91
ynao_sd_19850115_0150_li 10 8 2 1 0 168.41 170.92 93.87 95.3 74.54 75.62
ynao_sd_19850116_0120_li 18 16 2 1 0 190.06 204.6 128.48 138.55 61.58 66.05
ynao_sd_19850117_0120_li 26 22 4 3 0 274.64 372.03 183.14 260.76 91.5 111.27
ynao_sd_19850118_0050_li 20 16 4 2 0 208.15 306.56 106.87 160.3 101.28 146.26
ynao_sd_19850119_0145_li 16 16 0 0 0 135.23 269.93 135.23 269.93 0 0
ynao_sd_19850120_0105_li 26 22 4 1 0 299.71 418.16 193.24 307.17 106.47 110.99
ynao_sd_19850121_0100_wang 25 12 13 3 0 1108.96 1253.05 193.48 223.21 915.48 1029.84
ynao_sd_19850122_0100_wang 24 13 11 3 0 1033.78 1353.75 224.55 290.43 809.23 1063.32
ynao_sd_19850123_0045_wang 20 10 10 4 0 570.96 941.7 126.23 206.8 444.73 734.9
ynao_sd_19850124_0120_wang 12 5 7 2 0 331.72 798.2 93.45 214.33 238.27 583.87
ynao_sd_19850125_0140_wang 3 1 2 2 0 142.7 638.03 35.33 136.67 107.37 501.36
ynao_sd_19850126_0200_wang 0 0 0 0 0 0 0 0 0 0 0
ynao_sd_19850127_0100_wang 0 0 0 0 0 0 0 0 0 0 0
ynao_sd_19850128_0100_chai 1 1 0 0 0 4.92 5.13 4.92 5.13 0 0
ynao_sd_19850130_0510_chai 1 1 0 0 0 10.05 12.69 10.05 12.69 0 0
ynao_sd_19850131_0100_chai 3 3 0 0 0 29.74 61.42 29.74 61.42 0 0
ynao_sd_19850201_0100_chai 0 0 0 0 0 0 0 0 0 0 0
ynao_sd_19850202_0120_chai 2 2 0 0 0 20.96 31.83 20.96 31.83 0 0
ynao_sd_19850203_0430_chai 9 8 1 1 0 71.8 92.53 43.2 59.01 28.6 33.52
ynao_sd_19850204_0105_hong 5 5 0 0 0 30.77 39.28 30.77 39.28 0 0
ynao_sd_19850205_0050_hong 3 3 0 0 0 18.66 35.72 18.66 35.72 0 0
ynao_sd_19850206_0120_hong 3 3 0 0 0 21.16 35.55 21.16 35.55 0 0
ynao_sd_19850207_0105_hong 0 0 0 0 0 0 0 0 0 0 0
ynao_sd_19850208_0050_hong 2 2 0 0 0 11.36 12.87 11.36 12.87 0 0
ynao_sd_19850209_0045_hong 1 0 1 1 0 30.59 126.78 7.76 32.58 22.83 94.2
ynao_sd_19850210_0120_hong 2 1 1 1 0 57.52 129.35 23.57 52.89 33.95 76.46
ynao_sd_19850211_0120_wang 3 2 1 1 0 62.26 97.06 18.07 28.05 44.19 69.01
ynao_sd_19850212_0105_wang 2 1 1 1 0 77.98 97.62 14.14 17.66 63.84 79.96
ynao_sd_19850213_0105_wang 4 3 1 1 0 63.8 70.07 22.29 24.58 41.51 45.49
ynao_sd_19850214_0050_wang 3 2 1 1 0 63.72 65.23 19.17 19.7 44.55 45.53
ynao_sd_19850215_0100_wang 6 6 0 0 0 44.75 44.86 44.75 44.86 0 0
ynao_sd_19850216_0430_wang 1 1 0 0 0 4.76 4.99 4.76 4.99 0 0
ynao_sd_19850217_0610_wang 1 1 0 0 0 6.08 7.06 6.08 7.06 0 0
ynao_sd_19850218_0120_chai 2 2 0 0 0 12.87 16.98 12.87 16.98 0 0
ynao_sd_19850219_0120_chai 3 3 0 0 0 14.92 14.94 14.92 14.94 0 0
ynao_sd_19850220_0420_chai 5 5 0 1 0 100.67 140.77 71.49 110.53 29.18 30.24
ynao_sd_19850221_0800_chai 4 4 0 0 0 62.5 94.92 62.5 94.92 0 0
ynao_sd_19850222_0130_chai 3 3 0 0 0 24.68 31.16 24.68 31.16 0 0
ynao_sd_19850223_0120_hong 1 1 0 0 0 7.71 13.91 7.71 13.91 0 0
ynao_sd_19850224_0040_chai 1 1 0 0 0 8.35 9.07 8.35 9.07 0 0
ynao_sd_19850225_0120_chai 3 3 0 0 0 14.2 16.52 14.2 16.52 0 0
ynao_sd_19850226_0130_hong 1 1 0 0 0 11.82 11.84 11.82 11.84 0 0
ynao_sd_19850309_0100_li 2 2 0 0 0 16.68 25.19 16.68 25.19 0 0
ynao_sd_19850310_0150_li 3 3 0 0 0 19.47 29.73 19.47 29.73 0 0
ynao_sd_19850311_0830_hong 0 0 0 0 0 0 0 0 0 0 0
ynao_sd_19850312_0350_hong 0 0 0 0 0 0 0 0 0 0 0
ynao_sd_19850316_0530_hong 0 0 0 0 0 0 0 0 0 0 0
ynao_sd_19850317_0200_hong 5 5 0 0 0 27.9 37.8 27.9 37.8 0 0
ynao_sd_19850318_0350_wang 15 15 0 0 0 100.06 122.78 100.06 122.78 0 0
ynao_sd_19850320_0345_wang 9 9 0 0 0 50.57 51.85 50.57 51.85 0 0
ynao_sd_19850321_0615_wang 2 2 0 0 0 12.89 13.16 12.89 13.16 0 0
ynao_sd_19850322_0050_wang 1 1 0 0 0 5.27 5.28 5.27 5.28 0 0
ynao_sd_19850323_0105_wang 0 0 0 0 0 0 0 0 0 0 0
ynao_sd_19850324_0150_hong 3 3 0 0 0 14.1 21.96 14.1 21.96 0 0
ynao_sd_19850325_0040_li 5 5 0 0 0 23.69 29.37 23.69 29.37 0 0
ynao_sd_19850326_0040_li 1 1 0 0 0 3.59 4.68 3.59 4.68 0 0
ynao_sd_19850327_0040_li 0 0 0 0 0 0 0 0 0 0 0
ynao_sd_19850328_0040_li 0 0 0 0 0 0 0 0 0 0 0
ynao_sd_19850329_0055_li 0 0 0 0 0 0 0 0 0 0 0
ynao_sd_19850331_0750_li 1 1 0 0 0 31.69 69.16 31.69 69.16 0 0
ynao_sd_19850401_0100_hong 5 5 0 0 0 21.27 35.98 21.27 35.98 0 0
ynao_sd_19850402_0050_hong 5 5 0 0 0 34.57 64.57 34.57 64.57 0 0
ynao_sd_19850403_0050_hong 6 6 0 0 0 39.67 52.36 39.67 52.36 0 0
ynao_sd_19850404_0040_hong 8 8 0 0 0 56.77 64.65 56.77 64.65 0 0
ynao_sd_19850405_0040_hong 10 10 0 0 0 91.32 110.18 91.32 110.18 0 0
ynao_sd_19850406_0000_hong 9 9 0 0 0 64.05 73.67 64.05 73.67 0 0
ynao_sd_19850407_0003_hong 7 7 0 0 0 43.29 45.99 43.29 45.99 0 0
ynao_sd_19850408_0020_wang 1 1 0 0 0 18.27 41.13 18.27 41.13 0 0
ynao_sd_19850409_0010_wang 1 1 0 0 0 7.84 8.03 7.84 8.03 0 0
ynao_sd_19850410_0010_wang 0 0 0 0 0 0 0 0 0 0 0
ynao_sd_19850411_0120_wang 5 5 0 0 0 43.8 88.76 43.8 88.76 0 0
ynao_sd_19850412_0010_wang 0 0 0 0 0 0 0 0 0 0 0
ynao_sd_19850413_0040_wang 0 0 0 0 0 0 0 0 0 0 0
ynao_sd_19850414_0710_hong 1 1 0 0 0 32.94 74.94 32.94 74.94 0 0
ynao_sd_19850415_0640_hong 0 0 0 0 0 0 0 0 0 0 0
ynao_sd_19850416_0120_hong 1 1 0 0 0 25.82 56.92 25.82 56.92 0 0
ynao_sd_19850417_0110_hong 0 0 0 0 0 0 0 0 0 0 0
ynao_sd_19850418_0810_hong 2 2 0 0 0 20.22 52.55 20.22 52.55 0 0
ynao_sd_19850419_0040_hong 5 5 0 0 0 29.55 52.34 29.55 52.34 0 0
ynao_sd_19850420_0040_hong 4 4 0 0 0 44.51 84.52 44.51 84.52 0 0
ynao_sd_19850421_0200_hong 1 1 0 0 0 4.1 4.71 4.1 4.71 0 0
ynao_sd_19850422_0330_wang 0 0 0 0 0 0 0 0 0 0 0
ynao_sd_19850423_0140_wang 0 0 0 0 0 0 0 0 0 0 0
ynao_sd_19850424_0920_wang 2 2 0 0 0 50.52 57.98 50.52 57.98 0 0
ynao_sd_19850425_0110_wang 0 0 0 0 0 0 0 0 0 0 0
ynao_sd_19850426_0925_wang 3 3 0 0 0 36.36 116.07 36.36 116.07 0 0
ynao_sd_19850427_0305_wang 1 1 0 0 0 4.61 4.89 4.61 4.89 0 0
ynao_sd_19850428_0805_hong 0 0 0 0 0 0 0 0 0 0 0
ynao_sd_19850429_0200_hong 0 0 0 0 0 0 0 0 0 0 0
ynao_sd_19850430_0150_hong 1 1 0 0 0 4.32 8.58 4.32 8.58 0 0
ynao_sd_19850501_0105_hong 2 2 0 0 0 34.1 46.49 34.1 46.49 0 0
ynao_sd_19850502_0040_hong 1 1 0 0 0 5.08 6.82 5.08 6.82 0 0
ynao_sd_19850503_0040_hong 0 0 0 0 0 0 0 0 0 0 0
ynao_sd_19850504_0030_hong 0 0 0 0 0 0 0 0 0 0 0
ynao_sd_19850505_0120_hong 0 0 0 0 0 0 0 0 0 0 0
ynao_sd_19850506_0050_li 0 0 0 0 0 0 0 0 0 0 0
ynao_sd_19850507_0100_li 1 1 0 0 0 34.34 206.87 34.34 206.87 0 0
ynao_sd_19850508_0130_li 8 3 5 2 0 462.48 1431.01 105.76 302.15 356.72 1128.86
ynao_sd_19850509_0250_li 8 4 4 1 0 605.53 1151.4 92.0 176.84 513.53 974.56
ynao_sd_19850510_0040_li 9 3 6 2 0 800.19 1193.94 132.14 196.49 668.05 997.45
ynao_sd_19850511_0210_li 22 16 6 3 0 988.35 1202.15 230.32 286.76 758.03 915.39
ynao_sd_19850512_0040_li 24 18 6 3 0 1036.11 1126.77 249.42 272.96 786.69 853.81
ynao_sd_19850513_0020_wang 32 28 4 2 0 989.22 1012.77 242.3 248.74 746.92 764.03
ynao_sd_19850514_0040_wang 34 32 2 2 0 998.19 1015.87 274.46 279.96 723.73 735.91
ynao_sd_19850515_0040_wang 17 16 1 2 0 894.71 1237.79 304.6 609.88 590.11 627.91
ynao_sd_19850516_0010_wang 21 18 3 2 0 753.92 995.79 197.81 246.28 556.11 749.51
ynao_sd_19850517_0100_wang 9 6 3 2 0 636.77 932.63 93.58 134.62 543.19 798.01
ynao_sd_19850518_0105_wang 4 1 3 2 0 556.15 925.29 116.17 192.78 439.98 732.51
ynao_sd_19850519_0240_li 3 1 2 2 0 301.14 595.31 93.47 170.51 207.67 424.8
ynao_sd_19850525_0845_hong 1 0 1 1 0 80.23 138.53 14.69 25.42 65.54 113.11
ynao_sd_19850526_0950_hong 1 0 1 1 0 37.65 96.85 8.16 21.07 29.49 75.78
ynao_sd_19850527_0200_li 1 1 0 0 0 10.77 39.77 10.77 39.77 0 0
ynao_sd_19850528_0030_li 0 0 0 0 0 0 0 0 0 0 0
ynao_sd_19850529_0015_li 0 0 0 0 0 0 0 0 0 0 0
ynao_sd_19850530_0100_li 1 1 0 0 0 3.95 5.47 3.95 5.47 0 0
ynao_sd_19850531_0035_li 1 1 0 0 0 5.15 7.15 5.15 7.15 0 0
ynao_sd_19850601_0045_li 0 0 0 0 0 0 0 0 0 0 0
ynao_sd_19850602_0150_li 1 1 0 0 0 29.33 33.26 29.33 33.26 0 0
ynao_sd_19850603_0100_wang 1 1 0 0 0 6.19 24.64 6.19 24.64 0 0
ynao_sd_19850604_0110_wang 8 5 3 2 0 152.67 577.39 44.34 149.33 108.33 428.06
ynao_sd_19850605_0240_wang 20 18 2 2 0 343.67 751.71 116.87 258.89 226.8 492.82
ynao_sd_19850607_0850_wang 20 16 4 2 0 529.56 653.3 140.94 178.95 388.62 474.35
ynao_sd_19850608_0340_wang 17 15 2 2 0 554.85 620.87 157.66 179.15 397.19 441.72
ynao_sd_19850609_0050_li 15 14 1 1 0 534.16 572.75 171.81 192.04 362.35 380.71
ynao_sd_19850610_0300_hong 17 16 1 1 0 574.26 599.17 206.64 219.74 367.62 379.43
ynao_sd_19850611_0200_hong 32 30 2 2 0 883.54 942.9 322.81 350.99 560.73 591.91
ynao_sd_19850612_0210_hong 27 24 3 2 0 806.09 896.43 245.09 279.8 561.0 616.63
ynao_sd_19850614_0810_hong 13 11 2 2 0 529.79 785.7 145.42 224.11 384.37 561.59
ynao_sd_19850619_0200_li 1 1 0 0 0 5.0 6.07 5.0 6.07 0 0
ynao_sd_19850620_0250_li 0 0 0 0 0 0 0 0 0 0 0
ynao_sd_19850621_0520_li 0 0 0 0 0 0 0 0 0 0 0
ynao_sd_19850622_0140_li 1 1 0 0 0 20.82 29.3 20.82 29.3 0 0
ynao_sd_19850623_0035_li 0 0 0 0 0 0 0 0 0 0 0
ynao_sd_19850624_0320_li 4 4 0 0 0 38.38 41.21 38.38 41.21 0 0
ynao_sd_19850625_0845_wang 6 6 0 0 0 29.21 33.85 29.21 33.85 0 0
ynao_sd_19850627_0720_li 7 7 0 0 0 81.18 157.2 81.18 157.2 0 0
ynao_sd_19850629_0635_li 1 0 1 1 0 48.56 172.13 8.15 28.94 40.41 143.19
ynao_sd_19850630_0640_li 3 2 1 1 0 83.82 173.35 26.86 55.76 56.96 117.59
ynao_sd_19850701_0050_li 5 3 2 2 0 178.55 432.95 55.01 106.59 123.54 326.36
ynao_sd_19850703_0150_hong 21 16 5 3 0 543.5 763.0 164.11 232.58 379.39 530.42
ynao_sd_19850704_0300_wang 21 19 2 2 0 439.57 529.83 153.7 194.49 285.87 335.34
ynao_sd_19850705_0740_li 20 17 3 3 0 448.56 497.31 173.84 198.39 274.72 298.92
ynao_sd_19850707_0615_wang 51 33 18 5 0 1339.6 1451.28 369.22 398.46 970.38 1052.82
ynao_sd_19850708_0840_wang 60 44 16 7 0 1438.56 1644.48 360.51 412.56 1078.05 1231.92
ynao_sd_19850709_0330_wang 70 39 31 9 0 1910.85 2371.7 412.77 504.14 1498.08 1867.56
ynao_sd_19850710_0230_wang 64 44 20 8 0 1475.58 2166.65 374.04 537.21 1101.54 1629.44
ynao_sd_19850711_0140_wang 42 28 14 4 0 1246.88 2390.3 278.02 564.1 968.86 1826.2
ynao_sd_19850712_0455_wang 19 9 10 5 0 700.75 2015.2 150.38 385.18 550.37 1630.02
ynao_sd_19850713_0400_wang 5 3 2 1 0 179.92 757.54 56.92 239.04 123.0 518.5
ynao_sd_19850714_0020_wang 0 0 0 0 0 0 0 0 0 0 0
ynao_sd_19850715_0045_wang 0 0 0 0 0 0 0 0 0 0 0
ynao_sd_19850716_0150_wang 0 0 0 1 0 56.72 301.6 0 0 56.72 301.6
ynao_sd_19850717_0050_wang 3 2 1 1 0 84.61 213.81 22.29 55.31 62.32 158.5
ynao_sd_19850718_0040_wang 3 1 2 1 0 109.68 191.17 22.19 39.16 87.49 152.01
ynao_sd_19850719_0050_wang 3 2 1 1 0 147.9 201.2 24.2 32.75 123.7 168.45
ynao_sd_19850720_0355_wang 10 8 2 1 0 87.56 101.74 46.49 54.16 41.07 47.58
ynao_sd_19850721_0640_wang 7 5 2 1 0 64.64 116.02 34.96 84.24 29.68 31.78
ynao_sd_19850722_0940_hong 2 2 0 1 0 57.9 98.97 34.96 74.81 22.94 24.16
ynao_sd_19850725_0250_hong 1 1 0 0 0 6.17 7.12 6.17 7.12 0 0
ynao_sd_19850726_0310_hong 3 3 0 0 0 44.23 80.79 44.23 80.79 0 0
ynao_sd_19850727_0125_hong 2 2 0 0 0 38.24 81.7 38.24 81.7 0 0
ynao_sd_19850728_0205_hong 4 2 2 1 0 61.08 409.69 19.4 97.43 41.68 312.26
ynao_sd_19850729_0030_hong 10 7 3 1 0 166.42 435.44 53.84 118.82 112.58 316.62
ynao_sd_19850730_0130_hong 12 9 3 1 0 255.44 510.14 70.98 163.7 184.46 346.44
ynao_sd_19850731_0530_hong 6 3 3 1 0 277.08 405.09 80.09 132.04 196.99 273.05
ynao_sd_19850801_0540_hong 6 3 3 1 0 239.97 284.31 55.06 65.11 184.91 219.2
ynao_sd_19850802_0050_hong 10 7 3 1 0 282.92 342.36 82.57 122.29 200.35 220.07
ynao_sd_19850803_0310_hong 8 6 2 1 0 276.79 297.1 79.62 87.89 197.17 209.21
ynao_sd_19850804_0130_hong 8 5 3 1 0 294.62 350.99 95.34 134.65 199.28 216.34
ynao_sd_19850805_0100_wang 11 7 4 1 0 182.19 217.26 54.63 68.75 127.56 148.51
ynao_sd_19850806_0055_wang 9 7 2 1 0 154.79 205.29 51.48 67.09 103.31 138.2
ynao_sd_19850807_0905_wang 7 6 1 1 0 126.93 241.31 63.09 124.96 63.84 116.35
ynao_sd_19850808_0040_wang 9 8 1 1 0 104.41 245.04 61.02 142.22 43.39 102.82
ynao_sd_19850809_0015_wang 6 6 0 0 0 53.34 206.68 53.34 206.68 0 0
ynao_sd_19850810_0100_wang 3 3 0 0 0 11.6 14.98 11.6 14.98 0 0
ynao_sd_19850811_0045_wang 2 2 0 0 0 10.64 28.97 10.64 28.97 0 0
ynao_sd_19850812_0510_chai 1 1 0 0 0 20.98 93.51 20.98 93.51 0 0
ynao_sd_19850813_0420_li 1 1 0 0 0 27.22 59.3 27.22 59.3 0 0
ynao_sd_19850814_0120_chai 0 0 0 0 0 0 0 0 0 0 0
ynao_sd_19850815_0150_chai 0 0 0 0 0 0 0 0 0 0 0
ynao_sd_19850816_0100_chai 1 1 0 0 0 3.6 7.71 3.6 7.71 0 0
ynao_sd_19850817_0130_chai 0 0 0 0 0 0 0 0 0 0 0
ynao_sd_19850818_0110_chai 3 3 0 0 0 14.62 15.39 14.62 15.39 0 0
ynao_sd_19850819_0150_li 0 0 0 0 0 0 0 0 0 0 0
ynao_sd_19850820_0540_li 3 3 0 0 0 18.72 32.91 18.72 32.91 0 0
ynao_sd_19850821_0110_li 2 2 0 0 0 36.7 84.92 36.7 84.92 0 0
ynao_sd_19850822_0200_li 0 0 0 0 0 0 0 0 0 0 0
ynao_sd_19850823_0055_li 0 0 0 0 0 0 0 0 0 0 0
ynao_sd_19850824_0030_li 0 0 0 0 0 0 0 0 0 0 0
ynao_sd_19850825_0030_wang 1 1 0 0 0 5.93 7.39 5.93 7.39 0 0
ynao_sd_19850826_0330_wang 3 3 0 0 0 14.11 24.57 14.11 24.57 0 0
ynao_sd_19850827_0230_li 1 1 0 0 0 31.93 68.24 31.93 68.24 0 0
ynao_sd_19850828_0150_li 0 0 0 0 0 0 0 0 0 0 0
ynao_sd_19850829_0010_li 0 0 0 0 0 0 0 0 0 0 0
ynao_sd_19850830_0500_li 0 0 0 0 0 0 0 0 0 0 0
ynao_sd_19850831_0040_li 1 1 0 0 0 26.34 56.56 26.34 56.56 0 0
ynao_sd_19850901_0200_li 0 0 0 0 0 0 0 0 0 0 0
ynao_sd_19850902_0415_hong 1 1 0 0 0 21.09 45.44 21.09 45.44 0 0
ynao_sd_19850903_0530_hong 0 0 0 0 0 0 0 0 0 0 0
ynao_sd_19850904_0330_hong 0 0 0 0 0 0 0 0 0 0 0
ynao_sd_19850905_0320_hong 0 0 0 0 0 0 0 0 0 0 0
ynao_sd_19850906_0230_hong 1 1 0 0 0 7.63 7.98 7.63 7.98 0 0
ynao_sd_19850907_0800_hong 1 1 0 0 0 22.88 48.27 22.88 48.27 0 0
ynao_sd_19850908_0420_hong 0 0 0 0 0 0 0 0 0 0 0
ynao_sd_19850910_0040_li 0 0 0 0 0 0 0 0 0 0 0
ynao_sd_19850911_0230_wang 1 1 0 0 0 5.72 9.38 5.72 9.38 0 0
ynao_sd_19850912_0330_wang 1 1 0 0 0 3.82 18.2 3.82 18.2 0 0
ynao_sd_19850913_0330_wang 2 2 0 0 0 10.48 41.97 10.48 41.97 0 0
ynao_sd_19850914_0330_wang 5 3 2 1 0 92.08 207.91 58.16 130.39 33.92 77.52
ynao_sd_19850915_0140_wang 2 1 1 1 0 93.25 163.4 36.02 71.35 57.23 92.05
ynao_sd_19850916_0255_wang 2 1 1 1 0 128.2 185.86 35.12 67.51 93.08 118.35
ynao_sd_19850917_0040_hong 2 1 1 1 0 155.16 202.7 50.47 84.53 104.69 118.17
ynao_sd_19850918_0110_hong 3 2 1 1 0 138.76 146.91 36.67 38.9 102.09 108.01
ynao_sd_19850919_0040_hong 9 8 1 1 0 118.28 124.81 47.3 49.77 70.98 75.04
ynao_sd_19850920_0020_hong 3 2 1 1 0 35.8 39.93 13.4 14.91 22.4 25.02
ynao_sd_19850921_0240_hong 2 2 0 0 0 15.53 19.57 15.53 19.57 0 0
ynao_sd_19850922_0330_hong 1 1 0 0 0 5.79 7.22 5.79 7.22 0 0
ynao_sd_19850924_0200_hong 0 0 0 0 0 0 0 0 0 0 0
ynao_sd_19850925_0020_li 1 1 0 0 0 30.49 64.24 30.49 64.24 0 0
ynao_sd_19850926_0300_li 1 1 0 0 0 28.44 58.99 28.44 58.99 0 0
ynao_sd_19850928_0310_li 0 0 0 0 0 0 0 0 0 0 0
ynao_sd_19850929_0025_li 1 1 0 0 0 27.84 59.61 27.84 59.61 0 0
ynao_sd_19850930_0300_li 2 2 0 0 0 12.56 13.55 12.56 13.55 0 0
ynao_sd_19851003_0310_wang 0 0 0 0 0 0 0 0 0 0 0
ynao_sd_19851004_0030_wang 0 0 0 0 0 0 0 0 0 0 0
ynao_sd_19851005_0030_wang 0 0 0 0 0 0 0 0 0 0 0
ynao_sd_19851006_0100_wang 0 0 0 0 0 0 0 0 0 0 0
ynao_sd_19851007_0015_li 0 0 0 0 0 0 0 0 0 0 0
ynao_sd_19851008_0030_hong 0 0 0 0 0 0 0 0 0 0 0
ynao_sd_19851009_0040_hong 2 2 0 0 0 29.48 58.06 29.48 58.06 0 0
ynao_sd_19851010_0110_hong 0 0 0 0 0 0 0 0 0 0 0
ynao_sd_19851011_0110_hong 0 0 0 0 0 0 0 0 0 0 0
ynao_sd_19851012_0030_hong 0 0 0 0 0 0 0 0 0 0 0
ynao_sd_19851013_0510_hong 1 1 0 0 0 18.19 38.69 18.19 38.69 0 0
ynao_sd_19851014_0200_wang 3 3 0 0 0 16.6 17.9 16.6 17.9 0 0
ynao_sd_19851015_0050_wang 9 9 0 0 0 36.44 39.49 36.44 39.49 0 0
ynao_sd_19851016_0030_wang 3 3 0 0 0 20.23 23.25 20.23 23.25 0 0
ynao_sd_19851017_0140_wang 1 1 0 0 0 32.71 69.43 32.71 69.43 0 0
ynao_sd_19851018_0805_wang 1 1 0 0 0 30.11 64.33 30.11 64.33 0 0
ynao_sd_19851019_0340_wang 2 2 0 0 0 9.76 13.24 9.76 13.24 0 0
ynao_sd_19851024_0730_li 1 1 0 0 0 33.17 70.67 33.17 70.67 0 0
ynao_sd_19851025_0105_li 1 1 0 0 0 32.02 69.68 32.02 69.68 0 0
ynao_sd_19851026_0030_li 0 0 0 0 0 0 0 0 0 0 0
ynao_sd_19851027_0150_li 0 0 0 0 0 0 0 0 0 0 0
ynao_sd_19851028_0040_hong 0 0 0 0 0 0 0 0 0 0 0
ynao_sd_19851029_0030_hong 1 1 0 0 0 5.29 5.75 5.29 5.75 0 0
ynao_sd_19851030_0030_hong 1 1 0 0 0 4.49 11.11 4.49 11.11 0 0
ynao_sd_19851031_0200_hong 0 0 0 0 0 0 0 0 0 0 0
ynao_sd_19851101_0035_hong 0 0 0 0 0 0 0 0 0 0 0
ynao_sd_19851102_0710_hong 0 0 0 0 0 0 0 0 0 0 0
ynao_sd_19851103_0310_hong 0 0 0 0 0 0 0 0 0 0 0
ynao_sd_19851104_0030_li 0 0 0 0 0 0 0 0 0 0 0
ynao_sd_19851105_0105_li 4 4 0 0 0 41.19 92.72 41.19 92.72 0 0
ynao_sd_19851106_0100_li 0 0 0 0 0 0 0 0 0 0 0
ynao_sd_19851107_0045_li 1 1 0 0 0 4.64 6.63 4.64 6.63 0 0
ynao_sd_19851108_0045_li 0 0 0 0 0 0 0 0 0 0 0
ynao_sd_19851109_0135_li 3 2 1 1 0 65.88 234.63 40.05 130.57 25.83 104.06
ynao_sd_19851110_0115_li 5 3 2 1 0 105.6 234.65 57.66 129.8 47.94 104.85
ynao_sd_19851111_0040_hong 9 7 2 1 0 152.73 259.15 63.96 120.02 88.77 139.13
ynao_sd_19851113_0100_li 7 5 2 2 0 78.87 88.81 36.89 41.77 41.98 47.04
ynao_sd_19851115_0410_hong 27 19 8 3 0 487.8 650.54 171.17 237.78 316.63 412.76
ynao_sd_19851116_0040_hong 19 13 6 4 0 621.92 702.2 161.86 182.74 460.06 519.46
ynao_sd_19851117_0310_hong 22 18 4 2 0 500.44 520.39 152.08 158.88 348.36 361.51
ynao_sd_19851118_0105_li 16 15 1 1 0 294.27 301.31 131.87 134.6 162.4 166.71
ynao_sd_19851119_0115_li 9 7 2 1 0 203.79 218.76 63.81 67.55 139.98 151.21
ynao_sd_19851121_0030_li 7 6 1 1 0 126.05 202.28 70.19 120.38 55.86 81.9
ynao_sd_19851122_0115_li 3 3 0 0 0 33.15 65.49 33.15 65.49 0 0
ynao_sd_19851123_0115_li 2 2 0 0 0 38.87 94.37 38.87 94.37 0 0
ynao_sd_19851125_0220_hong 0 0 0 0 0 0 0 0 0 0 0
ynao_sd_19851126_0030_hong 1 1 0 0 0 4.57 5.01 4.57 5.01 0 0
ynao_sd_19851127_0035_hong 0 0 0 0 0 0 0 0 0 0 0
ynao_sd_19851128_0050_hong 0 0 0 0 0 0 0 0 0 0 0
ynao_sd_19851129_0040_hong 0 0 0 0 0 0 0 0 0 0 0
ynao_sd_19851130_0340_hong 1 1 0 0 0 31.66 68.03 31.66 68.03 0 0
ynao_sd_19851201_0430_hong 0 0 0 0 0 0 0 0 0 0 0
ynao_sd_19851202_0155_li 0 0 0 0 0 0 0 0 0 0 0
ynao_sd_19851203_0100_li 2 2 0 0 0 15.26 15.61 15.26 15.61 0 0
ynao_sd_19851204_0155_li 0 0 0 0 0 0 0 0 0 0 0
ynao_sd_19851205_0100_li 2 2 0 0 0 12.19 31.94 12.19 31.94 0 0
ynao_sd_19851206_0055_li 0 0 0 0 0 0 0 0 0 0 0
ynao_sd_19851207_0040_li 0 0 0 0 0 0 0 0 0 0 0
ynao_sd_19851208_0100_li 1 1 0 0 0 27.1 58.47 27.1 58.47 0 0
ynao_sd_19851209_0040_hong 0 0 0 0 0 0 0 0 0 0 0
ynao_sd_19851210_0050_hong 0 0 0 0 0 0 0 0 0 0 0
ynao_sd_19851211_0210_hong 0 0 0 0 0 0 0 0 0 0 0
ynao_sd_19851212_0310_hong 0 0 0 0 0 0 0 0 0 0 0
ynao_sd_19851213_0100_hong 0 0 0 0 0 0 0 0 0 0 0
ynao_sd_19851215_0910_hong 6 6 0 0 0 50.22 56.82 50.22 56.82 0 0
ynao_sd_19851216_0645_li 15 13 2 1 0 100.06 103.92 86.76 89.86 13.3 14.06
ynao_sd_19851217_0520_li 16 14 2 2 0 158.3 160.95 104.72 106.72 53.58 54.23
ynao_sd_19851218_0320_li 19 16 3 2 0 166.12 172.01 107.38 112.08 58.74 59.93
ynao_sd_19851219_0330_li 17 17 0 0 0 103.81 115.78 103.81 115.78 0 0
ynao_sd_19851220_0225_li 10 10 0 0 0 71.11 90.64 71.11 90.64 0 0
ynao_sd_19851221_0100_li 4 4 0 0 0 26.99 42.21 26.99 42.21 0 0
ynao_sd_19851222_0245_li 3 3 0 0 0 19.17 43.57 19.17 43.57 0 0
ynao_sd_19851223_0050_li 0 0 0 0 0 0 0 0 0 0 0
ynao_sd_19851224_0100_li 0 0 0 0 0 0 0 0 0 0 0
ynao_sd_19851225_0100_li 0 0 0 0 0 0 0 0 0 0 0
ynao_sd_19851226_0050_li 2 2 0 0 0 10.26 10.27 10.26 10.27 0 0
ynao_sd_19851227_0050_li 3 3 0 0 0 10.98 12.82 10.98 12.82 0 0
ynao_sd_19851228_0055_li 1 1 0 0 0 6.07 8.78 6.07 8.78 0 0
ynao_sd_19851229_0150_li 0 0 0 0 0 0 0 0 0 0 0
ynao_sd_19851230_0150_li 4 4 0 0 0 20.52 26.12 20.52 26.12 0 0
