ynao_sd_19860101_0400_li 1 1 0 0 0 6.77 12.65 6.77 12.65 0 0
ynao_sd_19860102_0150_li 0 0 0 0 0 0 0 0 0 0 0
ynao_sd_19860106_0250_hong 0 0 0 0 0 0 0 0 0 0 0
ynao_sd_19860107_0230_hong 1 1 0 0 0 8.16 10.15 8.16 10.15 0 0
ynao_sd_19860108_0820_hong 0 0 0 0 0 0 0 0 0 0 0
ynao_sd_19860109_0705_hong 1 1 0 0 0 6.18 22.81 6.18 22.81 0 0
ynao_sd_19860110_0320_hong 1 1 0 0 0 5.21 8.49 5.21 8.49 0 0
ynao_sd_19860111_0120_hong 1 1 0 0 0 6.34 6.39 6.34 6.39 0 0
ynao_sd_19860112_0430_hong 0 0 0 0 0 0 0 0 0 0 0
ynao_sd_19860113_0740_li 9 9 0 0 0 59.42 78.81 59.42 78.81 0 0
ynao_sd_19860114_0120_li 10 9 1 1 0 101.71 164.46 65.58 104.23 36.13 60.23
ynao_sd_19860115_0140_li 6 5 1 1 0 79.33 186.01 37.5 84.92 41.83 101.09
ynao_sd_19860116_0040_li 2 2 0 0 0 33.58 144.47 33.58 144.47 0 0
ynao_sd_19860117_0040_li 0 0 0 0 0 0 0 0 0 0 0
ynao_sd_19860118_0100_li 0 0 0 0 0 0 0 0 0 0 0
ynao_sd_19860119_0100_li 1 1 0 0 0 4.7 5.42 4.7 5.42 0 0
ynao_sd_19860120_0105_hong 0 0 0 0 0 0 0 0 0 0 0
ynao_sd_19860121_0210_hong 0 0 0 0 0 0 0 0 0 0 0
ynao_sd_19860122_0100_hong 0 0 0 0 0 0 0 0 0 0 0
ynao_sd_19860123_0100_hong 0 0 0 0 0 0 0 0 0 0 0
ynao_sd_19860124_0040_hong 1 1 0 0 0 29.79 46.37 29.79 46.37 0 0
ynao_sd_19860125_0630_hong 1 1 0 0 0 4.42 6.39 4.42 6.39 0 0
ynao_sd_19860126_0320_li 1 1 0 0 0 3.15 3.98 3.15 3.98 0 0
ynao_sd_19860127_0150_li 1 1 0 0 0 11.98 14.34 11.98 14.34 0 0
ynao_sd_19860128_0120_li 0 0 0 0 0 0 0 0 0 0 0
ynao_sd_19860129_0110_hong 0 0 0 0 0 0 0 0 0 0 0
ynao_sd_19860131_0100_li 5 3 2 1 0 150.45 472.67 61.34 150.31 89.11 322.36
ynao_sd_19860201_0135_li 6 3 3 1 0 342.23 709.83 59.51 120.82 282.72 589.01
ynao_sd_19860203_0100_hong 37 22 15 3 0 1234.24 1576.52 298.96 419.25 935.28 1157.27
ynao_sd_19860205_0100_hong 36 10 26 7 0 1558.34 1851.3 278.74 356.77 1279.6 1494.53
ynao_sd_19860206_0110_hong 43 21 22 7 0 1293.19 1372.84 316.12 354.79 977.07 1018.05
ynao_sd_19860207_0120_wang 38 18 20 9 0 935.36 990.64 244.24 259.75 691.12 730.89
ynao_sd_19860208_0220_wang 39 30 9 8 0 680.96 776.46 267.51 304.89 413.45 471.57
ynao_sd_19860209_0120_wang 49 40 9 3 0 491.05 566.53 226.31 277.03 264.74 289.5
ynao_sd_19860210_0500_wang 31 21 10 3 0 758.13 832.23 153.1 188.97 605.03 643.26
ynao_sd_19860211_0220_li 18 5 13 2 0 814.17 969.34 169.36 214.75 644.81 754.59
ynao_sd_19860213_0100_wang 21 8 13 2 0 728.0 1380.45 185.5 345.74 542.5 1034.71
ynao_sd_19860214_0100_wang 16 8 8 2 0 551.92 1597.81 130.77 347.97 421.15 1249.84
ynao_sd_19860215_0050_hong 16 2 14 2 0 786.35 1086.42 115.61 159.71 670.74 926.71
ynao_sd_19860215_0100_wang 0 0 0 1 0 125.9 674.78 0 0 125.9 674.78
ynao_sd_19860216_0030_wang 0 0 0 0 0 0 0 0 0 0 0
ynao_sd_19860217_0040_li 1 1 0 0 0 5.64 5.79 5.64 5.79 0 0
ynao_sd_19860218_0100_li 0 0 0 0 0 0 0 0 0 0 0
ynao_sd_19860219_0100_li 0 0 0 0 0 0 0 0 0 0 0
ynao_sd_19860220_0100_li 1 1 0 0 0 12.4 27.35 12.4 27.35 0 0
ynao_sd_19860222_0100_li 1 1 0 0 0 10.15 15.72 10.15 15.72 0 0
ynao_sd_19860223_0100_hong 1 1 0 0 0 6.68 8.3 6.68 8.3 0 0
ynao_sd_19860224_0050_hong 2 2 0 0 0 36.02 50.96 36.02 50.96 0 0
ynao_sd_19860225_0110_hong 0 0 0 0 0 0 0 0 0 0 0
ynao_sd_19860226_0110_hong 1 1 0 0 0 8.29 8.33 8.29 8.33 0 0
ynao_sd_19860227_0520_hong 0 0 0 0 0 0 0 0 0 0 0
ynao_sd_19860228_0300_hong 0 0 0 0 0 0 0 0 0 0 0
ynao_sd_19860304_0050_wang 15 7 8 3 0 661.49 855.2 154.51 199.47 506.98 655.73
ynao_sd_19860305_0050_wang 19 13 6 2 0 688.98 774.35 195.86 218.86 493.12 555.49
ynao_sd_19860306_0100_wang 20 12 8 2 0 702.27 725.92 172.18 177.83 530.09 548.09
ynao_sd_19860307_0100_wang 21 17 4 1 0 614.25 618.51 164.61 165.75 449.64 452.76
ynao_sd_19860308_0100_wang 21 17 4 1 0 540.22 556.81 104.56 108.26 435.66 448.55
ynao_sd_19860309_0030_wang 9 6 3 2 0 435.45 482.45 88.79 98.76 346.66 383.69
ynao_sd_19860310_0120_li 8 4 4 3 0 215.61 275.61 52.3 68.35 163.31 207.26
ynao_sd_19860311_0055_li 4 3 1 1 0 78.65 120.73 40.79 62.05 37.86 58.68
ynao_sd_19860312_0110_li 4 4 0 0 0 70.72 139.7 70.72 139.7 0 0
ynao_sd_19860313_0005_li 1 1 0 0 0 27.78 42.08 27.78 42.08 0 0
ynao_sd_19860314_0040_li 2 2 0 0 0 10.35 12.08 10.35 12.08 0 0
ynao_sd_19860315_0035_li 2 2 0 0 0 17.57 17.84 17.57 17.84 0 0
ynao_sd_19860316_0110_li 1 1 0 0 0 5.15 5.53 5.15 5.53 0 0
ynao_sd_19860321_0220_hong 4 4 0 0 0 16.36 18.3 16.36 18.3 0 0
ynao_sd_19860322_0030_hong 3 3 0 0 0 15.06 20.57 15.06 20.57 0 0
ynao_sd_19860323_0110_hong 2 2 0 0 0 9.02 14.86 9.02 14.86 0 0
ynao_sd_19860324_0020_wang 3 3 0 0 0 22.4 37.19 22.4 37.19 0 0
ynao_sd_19860325_0040_wang 0 0 0 0 0 0 0 0 0 0 0
ynao_sd_19860326_0020_wang 0 0 0 0 0 0 0 0 0 0 0
ynao_sd_19860327_0300_hong 1 1 0 0 0 17.28 26.38 17.28 26.38 0 0
ynao_sd_19860328_0050_wang 0 0 0 0 0 0 0 0 0 0 0
ynao_sd_19860329_0050_wang 2 2 0 0 0 25.29 43.72 25.29 43.72 0 0
ynao_sd_19860330_0410_wang 1 1 0 0 0 5.35 5.57 5.35 5.57 0 0
ynao_sd_19860331_0100_li 0 0 0 0 0 0 0 0 0 0 0
ynao_sd_19860401_0030_hong 4 4 0 0 0 33.73 44.23 33.73 44.23 0 0
ynao_sd_19860402_0030_hong 1 1 0 0 0 3.45 3.49 3.45 3.49 0 0
ynao_sd_19860403_0040_hong 2 2 0 0 0 8.51 8.59 8.51 8.59 0 0
ynao_sd_19860404_0030_hong 0 0 0 0 0 0 0 0 0 0 0
ynao_sd_19860405_0020_hong 0 0 0 0 0 0 0 0 0 0 0
ynao_sd_19860406_0540_wang 0 0 0 0 0 0 0 0 0 0 0
ynao_sd_19860407_0100_wang 1 1 0 0 0 6.39 8.4 6.39 8.4 0 0
ynao_sd_19860408_0020_wang 1 1 0 0 0 7.8 7.81 7.8 7.81 0 0
ynao_sd_19860409_0020_wang 3 3 0 0 0 39.64 60.66 39.64 60.66 0 0
ynao_sd_19860410_0020_wang 0 0 0 0 0 0 0 0 0 0 0
ynao_sd_19860411_0020_wang 3 3 0 0 0 11.19 16.56 11.19 16.56 0 0
ynao_sd_19860412_0020_wang 9 9 0 0 0 38.61 46.2 38.61 46.2 0 0
ynao_sd_19860413_0530_wang 8 8 0 0 0 35.45 38.64 35.45 38.64 0 0
ynao_sd_19860414_0030_hong 5 5 0 0 0 26.68 47.69 26.68 47.69 0 0
ynao_sd_19860415_0710_hong 5 4 1 0 0 31.22 57.47 37.01 73.42 5.79 15.95
ynao_sd_19860416_0250_hong 3 3 0 0 0 15.16 22.11 15.16 22.11 0 0
ynao_sd_19860417_0030_hong 3 3 0 0 0 13.31 18.94 13.31 18.94 0 0
ynao_sd_19860418_0035_hong 4 4 0 0 0 33.44 42.02 33.44 42.02 0 0
ynao_sd_19860419_0035_wang 3 3 0 0 0 34.98 58.74 34.98 58.74 0 0
ynao_sd_19860420_0010_hong 1 1 0 0 0 4.78 4.91 4.78 4.91 0 0
ynao_sd_19860421_0010_wang 5 4 1 0 0 44.11 56.01 55.41 67.48 11.3 11.47
ynao_sd_19860422_0150_wang 5 3 2 2 0 99.2 107.18 27.69 29.66 71.51 77.52
ynao_sd_19860423_0010_wang 8 7 1 1 0 78.28 98.11 52.65 66.84 25.63 31.27
ynao_sd_19860424_0040_wang 1 1 0 0 0 5.6 8.55 5.6 8.55 0 0
ynao_sd_19860425_0010_wang 0 0 0 0 0 0 0 0 0 0 0
ynao_sd_19860426_0025_wang 1 1 0 0 0 4.71 9.03 4.71 9.03 0 0
ynao_sd_19860427_0010_wang 2 2 0 0 0 41.39 59.29 41.39 59.29 0 0
ynao_sd_19860428_0040_li 0 0 0 0 0 0 0 0 0 0 0
ynao_sd_19860429_0040_li 1 1 0 0 0 26.68 39.19 26.68 39.19 0 0
ynao_sd_19860430_0140_li 2 2 0 0 0 9.08 15.28 9.08 15.28 0 0
ynao_sd_19860501_0500_li 1 1 0 0 0 11.2 12.66 11.2 12.66 0 0
ynao_sd_19860502_0715_li 1 1 0 0 0 27.5 40.97 27.5 40.97 0 0
ynao_sd_19860503_0120_li 2 2 0 0 0 8.38 14.95 8.38 14.95 0 0
ynao_sd_19860504_0030_li 0 0 0 0 0 0 0 0 0 0 0
ynao_sd_19860505_0305_hong 0 0 0 0 0 0 0 0 0 0 0
ynao_sd_19860510_0140_hong 0 0 0 0 0 0 0 0 0 0 0
ynao_sd_19860511_0140_hong 0 0 0 0 0 0 0 0 0 0 0
ynao_sd_19860512_0001_wang 0 0 0 0 0 0 0 0 0 0 0
ynao_sd_19860513_0001_wang 2 2 0 0 0 21.77 33.07 21.77 33.07 0 0
ynao_sd_19860514_0110_wang 0 0 0 0 0 0 0 0 0 0 0
ynao_sd_19860515_0130_wang 0 0 0 0 0 0 0 0 0 0 0
ynao_sd_19860516_0100_wang 0 0 0 0 0 0 0 0 0 0 0
ynao_sd_19860517_0120_wang 0 0 0 0 0 0 0 0 0 0 0
ynao_sd_19860518_0010_li 0 0 0 0 0 0 0 0 0 0 0
ynao_sd_19860519_0010_li 0 0 0 0 0 0 0 0 0 0 0
ynao_sd_19860520_0040_li 0 0 0 0 0 0 0 0 0 0 0
ynao_sd_19860521_0700_li 0 0 0 0 0 0 0 0 0 0 0
ynao_sd_19860522_0510_li 1 1 0 0 0 20.76 31.04 20.76 31.04 0 0
ynao_sd_19860523_0325_li 0 0 0 0 0 0 0 0 0 0 0
ynao_sd_19860524_0300_li 0 0 0 0 0 0 0 0 0 0 0
ynao_sd_19860525_0350_hong 0 0 0 0 0 0 0 0 0 0 0
ynao_sd_19860528_0010_hong 1 1 0 0 0 10.59 11.11 10.59 11.11 0 0
ynao_sd_19860529_0020_hong 2 2 0 0 0 25.41 29.86 25.41 29.86 0 0
ynao_sd_19860530_0010_hong 5 5 0 0 0 57.03 81.24 57.03 81.24 0 0
ynao_sd_19860531_0010_hong 4 4 0 0 0 59.23 124.48 59.23 124.48 0 0
ynao_sd_19860601_0005_hong 5 5 0 0 0 27.41 72.99 27.41 72.99 0 0
ynao_sd_19860602_0001_wang 1 1 0 0 0 4.4 4.79 4.4 4.79 0 0
ynao_sd_19860603_0030_wang 0 0 0 0 0 0 0 0 0 0 0
ynao_sd_19860604_0001_wang 0 0 0 0 0 0 0 0 0 0 0
ynao_sd_19860605_0020_hong 0 0 0 0 0 0 0 0 0 0 0
ynao_sd_19860606_0005_wang 0 0 0 0 0 0 0 0 0 0 0
ynao_sd_19860607_0310_wang 2 2 0 0 0 22.97 33.4 22.97 33.4 0 0
ynao_sd_19860608_0040_wang 0 0 0 0 0 0 0 0 0 0 0
ynao_sd_19860609_0100_li 0 0 0 0 0 0 0 0 0 0 0
ynao_sd_19860610_0140_li 1 1 0 0 0 6.03 7.43 6.03 7.43 0 0
ynao_sd_19860612_0001_li 0 0 0 0 0 0 0 0 0 0 0
ynao_sd_19860613_0105_li 1 1 0 0 0 25.16 34.94 25.16 34.94 0 0
ynao_sd_19860614_0245_li 4 4 0 0 0 21.26 23.66 21.26 23.66 0 0
ynao_sd_19860615_0830_li 1 1 0 0 0 20.67 34.37 20.67 34.37 0 0
ynao_sd_19860616_0440_hong 0 0 0 0 0 0 0 0 0 0 0
ynao_sd_19860617_0250_hong 1 1 0 0 0 17.9 30.02 17.9 30.02 0 0
ynao_sd_19860620_0150_hong 0 0 0 0 0 0 0 0 0 0 0
ynao_sd_19860621_0220_hong 1 1 0 0 0 18.22 26.58 18.22 26.58 0 0
ynao_sd_19860622_0150_hong 0 0 0 0 0 0 0 0 0 0 0
ynao_sd_19860623_0005_li 0 0 0 0 0 0 0 0 0 0 0
ynao_sd_19860624_0230_li 1 1 0 0 0 4.35 8.47 4.35 8.47 0 0
ynao_sd_19860625_0050_li 1 1 0 0 0 8.84 9.29 8.84 9.29 0 0
ynao_sd_19860626_0520_li 1 0 1 1 0 27.5 31.2 4.72 5.36 22.78 25.84
ynao_sd_19860627_0210_li 1 1 0 0 0 19.96 33.12 19.96 33.12 0 0
ynao_sd_19860628_0350_li 0 0 0 0 0 0 0 0 0 0 0
ynao_sd_19860629_0050_hong 1 0 1 0 0 0 0 6.24 6.31 6.24 6.31
ynao_sd_19860630_0120_hong 1 1 0 0 0 34.28 47.38 34.28 47.38 0 0
ynao_sd_19860701_0005_hong 0 0 0 0 0 0 0 0 0 0 0
ynao_sd_19860702_0100_hong 0 0 0 0 0 0 0 0 0 0 0
ynao_sd_19860703_0850_hong 2 2 0 0 0 24.12 37.68 24.12 37.68 0 0
ynao_sd_19860706_0630_wang 0 0 0 0 0 0 0 0 0 0 0
ynao_sd_19860707_0430_wang 1 1 0 0 0 17.66 27.23 17.66 27.23 0 0
ynao_sd_19860708_0350_wang 3 1 2 2 0 234.89 355.73 26.84 40.04 208.05 315.69
ynao_sd_19860709_0110_wang 4 0 4 2 0 237.48 296.72 36.83 45.96 200.65 250.76
ynao_sd_19860710_0620_wang 6 4 2 1 0 200.93 224.21 66.66 81.71 134.27 142.5
ynao_sd_19860711_0020_wang 16 13 3 1 0 224.37 228.23 105.53 107.67 118.84 120.56
ynao_sd_19860712_0005_wang 4 1 3 1 0 165.86 166.89 35.6 35.84 130.26 131.05
ynao_sd_19860713_0100_wang 7 4 3 2 0 135.77 142.87 38.69 40.61 97.08 102.26
ynao_sd_19860714_0830_wang 4 3 1 1 0 81.99 98.57 27.8 33.19 54.19 65.38
ynao_sd_19860715_0020_wang 6 4 2 1 0 65.03 89.27 41.83 57.05 23.2 32.22
ynao_sd_19860716_0350_wang 3 3 0 0 0 59.86 92.39 59.86 92.39 0 0
ynao_sd_19860718_0030_wang 2 2 0 0 0 8.66 9.77 8.66 9.77 0 0
ynao_sd_19860719_0115_wang 1 1 0 0 0 4.63 8.15 4.63 8.15 0 0
ynao_sd_19860721_0003_li 0 0 0 0 0 0 0 0 0 0 0
ynao_sd_19860722_0045_li 0 0 0 0 0 0 0 0 0 0 0
ynao_sd_19860724_0630_li 1 1 0 0 0 6.09 9.11 6.09 9.11 0 0
ynao_sd_19860726_0120_li 1 1 0 0 0 4.27 7.41 4.27 7.41 0 0
ynao_sd_19860727_0120_li 0 0 0 0 0 0 0 0 0 0 0
ynao_sd_19860728_0740_hong 0 0 0 0 0 0 0 0 0 0 0
ynao_sd_19860729_0720_hong 0 0 0 0 0 0 0 0 0 0 0
ynao_sd_19860730_0340_hong 0 0 0 0 0 0 0 0 0 0 0
ynao_sd_19860731_0240_hong 1 1 0 0 0 5.29 8.17 5.29 8.17 0 0
ynao_sd_19860801_0220_hong 1 1 0 0 0 24.31 36.67 24.31 36.67 0 0
ynao_sd_19860802_0110_hong 1 1 0 0 0 3.91 4.84 3.91 4.84 0 0
ynao_sd_19860803_0640_hong 1 1 0 0 0 4.78 7.55 4.78 7.55 0 0
ynao_sd_19860804_0600_wang 0 0 0 0 0 0 0 0 0 0 0
ynao_sd_19860805_0200_wang 1 1 0 0 0 17.89 27.04 17.89 27.04 0 0
ynao_sd_19860806_0001_wang 0 0 0 0 0 0 0 0 0 0 0
ynao_sd_19860807_0010_wang 0 0 0 0 0 0 0 0 0 0 0
ynao_sd_19860808_0010_wang 0 0 0 0 0 0 0 0 0 0 0
ynao_sd_19860809_0030_li 0 0 0 0 0 0 0 0 0 0 0
ynao_sd_19860810_0010_li 0 0 0 0 0 0 0 0 0 0 0
ynao_sd_19860811_0220_li 0 0 0 0 0 0 0 0 0 0 0
ynao_sd_19860812_0005_li 0 0 0 0 0 0 0 0 0 0 0
ynao_sd_19860813_0550_li 0 0 0 0 0 0 0 0 0 0 0
ynao_sd_19860815_0600_li 1 1 0 0 0 5.6 7.27 5.6 7.27 0 0
ynao_sd_19860816_0155_li 0 0 0 0 0 0 0 0 0 0 0
ynao_sd_19860818_0250_hong 0 0 0 0 0 0 0 0 0 0 0
ynao_sd_19860821_0340_hong 8 8 0 0 0 45.67 70.61 45.67 70.61 0 0
ynao_sd_19860822_0400_li 8 8 0 0 0 48.95 52.44 48.95 52.44 0 0
ynao_sd_19860823_0120_li 9 9 0 0 0 49.11 51.4 49.11 51.4 0 0
ynao_sd_19860824_0200_hong 1 1 0 0 0 6.04 6.54 6.04 6.54 0 0
ynao_sd_19860825_0140_li 2 2 0 0 0 10.45 14.66 10.45 14.66 0 0
ynao_sd_19860826_0720_li 1 1 0 0 0 13.46 39.76 13.46 39.76 0 0
ynao_sd_19860827_0015_li 0 0 0 0 0 0 0 0 0 0 0
ynao_sd_19860828_0610_li 0 0 0 0 0 0 0 0 0 0 0
ynao_sd_19860829_0200_li 0 0 0 0 0 0 0 0 0 0 0
ynao_sd_19860830_0720_li 0 0 0 0 0 0 0 0 0 0 0
ynao_sd_19860831_0740_li 0 0 0 0 0 0 0 0 0 0 0
ynao_sd_19860902_0610_hong 0 0 0 0 0 0 0 0 0 0 0
ynao_sd_19860903_0150_hong 0 0 0 0 0 0 0 0 0 0 0
ynao_sd_19860905_0720_hong 1 1 0 0 0 21.04 28.78 21.04 28.78 0 0
ynao_sd_19860906_0410_hong 0 0 0 0 0 0 0 0 0 0 0
ynao_sd_19860907_0450_hong 2 2 0 0 0 10.82 13.58 10.82 13.58 0 0
ynao_sd_19860908_0055_li 1 1 0 0 0 3.97 4.69 3.97 4.69 0 0
ynao_sd_19860909_0130_li 0 0 0 0 0 0 0 0 0 0 0
ynao_sd_19860910_0035_li 0 0 0 0 0 0 0 0 0 0 0
ynao_sd_19860911_0305_li 0 0 0 0 0 0 0 0 0 0 0
ynao_sd_19860912_0500_li 1 1 0 0 0 4.7 5.9 4.7 5.9 0 0
ynao_sd_19860913_0240_li 0 0 0 0 0 0 0 0 0 0 0
ynao_sd_19860914_0150_li 0 0 0 0 0 0 0 0 0 0 0
ynao_sd_19860915_0330_hong 0 0 0 0 0 0 0 0 0 0 0
ynao_sd_19860916_0410_hong 2 2 0 0 0 8.38 54.09 8.38 54.09 0 0
ynao_sd_19860917_0130_hong 0 0 0 0 0 0 0 0 0 0 0
ynao_sd_19860919_0740_hong 0 0 0 0 0 0 0 0 0 0 0
ynao_sd_19860920_0050_hong 1 1 0 0 0 4.2 5.05 4.2 5.05 0 0
ynao_sd_19860921_0510_li 1 1 0 0 0 7.89 10.61 7.89 10.61 0 0
ynao_sd_19860922_0110_li 2 2 0 0 0 10.42 12.36 10.42 12.36 0 0
ynao_sd_19860923_0140_li 0 0 0 0 0 0 0 0 0 0 0
ynao_sd_19860924_0040_li 1 1 0 0 0 5.37 6.05 5.37 6.05 0 0
ynao_sd_19860925_0040_li 0 0 0 0 0 0 0 0 0 0 0
ynao_sd_19860926_0150_li 1 1 0 0 0 3.68 3.78 3.68 3.78 0 0
ynao_sd_19860927_0620_li 4 4 0 0 0 27.76 33.73 27.76 33.73 0 0
ynao_sd_19860929_0430_hong 2 2 0 0 0 11.02 15.11 11.02 15.11 0 0
ynao_sd_19861001_0220_hong 0 0 0 0 0 0 0 0 0 0 0
ynao_sd_19861003_0630_hong 1 1 0 0 0 3.61 5.91 3.61 5.91 0 0
ynao_sd_19861004_0740_hong 0 0 0 0 0 0 0 0 0 0 0
ynao_sd_19861012_0510_hong 11 11 0 0 0 80.57 165.94 80.57 165.94 0 0
ynao_sd_19861013_0200_wang 10 9 1 1 0 115.32 512.32 91.98 394.1 23.34 118.22
ynao_sd_19861014_0020_wang 0 0 0 0 0 0 0 0 0 0 0
ynao_sd_19861015_0100_wang 0 0 0 0 0 0 0 0 0 0 0
ynao_sd_19861016_0035_wang 0 0 0 0 0 0 0 0 0 0 0
ynao_sd_19861017_0035_wang 0 0 0 0 0 0 0 0 0 0 0
ynao_sd_19861018_0045_wang 0 0 0 0 0 0 0 0 0 0 0
ynao_sd_19861019_0045_wang 2 2 0 0 0 36.22 55.66 36.22 55.66 0 0
ynao_sd_19861020_0050_li 1 1 0 0 0 5.0 7.58 5.0 7.58 0 0
ynao_sd_19861021_0100_wang 0 0 0 0 0 0 0 0 0 0 0
ynao_sd_19861022_0050_wang 3 3 0 0 0 27.73 49.56 27.73 49.56 0 0
ynao_sd_19861023_0040_wang 13 12 1 1 0 285.09 469.31 107.07 186.4 178.02 282.91
ynao_sd_19861026_0055_wang 11 9 2 2 0 316.62 393.64 106.03 153.62 210.59 240.02
ynao_sd_19861027_0120_li 10 8 2 1 0 204.21 240.04 100.3 118.44 103.91 121.6
ynao_sd_19861028_0105_li 11 10 1 1 0 223.37 275.03 106.53 130.01 116.84 145.02
ynao_sd_19861030_0055_li 9 8 1 1 0 117.91 173.75 72.85 98.1 45.06 75.65
ynao_sd_19861031_0105_li 7 6 1 1 0 74.82 139.65 36.27 54.31 38.55 85.34
ynao_sd_19861101_0055_li 3 3 0 0 0 31.42 83.87 31.42 83.87 0 0
ynao_sd_19861102_0045_li 5 2 3 0 0 8.36 8.65 59.44 59.93 51.08 51.28
ynao_sd_19861103_0050_hong 7 1 6 2 0 362.23 370.6 50.51 51.52 311.72 319.08
ynao_sd_19861104_0130_hong 8 7 1 1 0 371.12 410.11 97.81 106.46 273.31 303.65
ynao_sd_19861105_0120_hong 7 3 4 2 0 317.71 382.61 59.72 71.78 257.99 310.83
ynao_sd_19861106_0320_hong 11 6 5 2 0 331.49 451.14 73.04 98.72 258.45 352.42
ynao_sd_19861107_0050_hong 5 0 5 2 0 208.78 365.68 31.33 55.28 177.45 310.4
ynao_sd_19861108_0130_hong 5 3 2 2 0 110.68 281.02 37.29 74.81 73.39 206.21
ynao_sd_19861111_0440_wang 3 3 0 0 0 17.08 18.24 17.08 18.24 0 0
ynao_sd_19861112_0240_wang 0 0 0 0 0 0 0 0 0 0 0
ynao_sd_19861113_0700_wang 2 2 0 0 0 9.99 14.76 9.99 14.76 0 0
ynao_sd_19861114_0100_wang 0 0 0 0 0 0 0 0 0 0 0
ynao_sd_19861115_0130_wang 0 0 0 0 0 0 0 0 0 0 0
ynao_sd_19861116_0040_wang 0 0 0 0 0 0 0 0 0 0 0
ynao_sd_19861117_0300_hong 0 0 0 0 0 0 0 0 0 0 0
ynao_sd_19861118_0050_hong 0 0 0 0 0 0 0 0 0 0 0
ynao_sd_19861119_0050_hong 1 1 0 0 0 27.96 43.43 27.96 43.43 0 0
ynao_sd_19861120_0040_hong 1 1 0 0 0 4.63 6.9 4.63 6.9 0 0
ynao_sd_19861121_0200_hong 1 1 0 0 0 4.56 7.01 4.56 7.01 0 0
ynao_sd_19861122_0050_hong 0 0 0 0 0 0 0 0 0 0 0
ynao_sd_19861123_0250_hong 1 1 0 0 0 5.2 8.74 5.2 8.74 0 0
ynao_sd_19861124_0100_wang 4 4 0 0 0 29.47 101.34 29.47 101.34 0 0
ynao_sd_19861125_0350_wang 0 0 0 0 0 0 0 0 0 0 0
ynao_sd_19861126_0350_wang 0 0 0 0 0 0 0 0 0 0 0
ynao_sd_19861127_0100_wang 0 0 0 0 0 0 0 0 0 0 0
ynao_sd_19861128_0100_wang 1 1 0 0 0 17.65 29.0 17.65 29.0 0 0
ynao_sd_19861129_0320_wang 0 0 0 0 0 0 0 0 0 0 0
ynao_sd_19861130_0120_wang 0 0 0 0 0 0 0 0 0 0 0
ynao_sd_19861201_0040_wang 2 2 0 0 0 21.83 31.31 21.83 31.31 0 0
ynao_sd_19861202_0100_wang 0 0 0 0 0 0 0 0 0 0 0
ynao_sd_19861203_0350_wang 0 0 0 0 0 0 0 0 0 0 0
ynao_sd_19861204_0500_wang 1 1 0 0 0 4.48 5.32 4.48 5.32 0 0
ynao_sd_19861205_0100_wang 1 1 0 0 0 25.36 37.66 25.36 37.66 0 0
ynao_sd_19861206_0100_wang 1 1 0 0 0 20.04 29.51 20.04 29.51 0 0
ynao_sd_19861207_0020_wang 0 0 0 0 0 0 0 0 0 0 0
ynao_sd_19861208_0100_hong 0 0 0 0 0 0 0 0 0 0 0
ynao_sd_19861209_0210_hong 0 0 0 0 0 0 0 0 0 0 0
ynao_sd_19861210_0300_hong 0 0 0 0 0 0 0 0 0 0 0
ynao_sd_19861211_0200_wang 2 1 1 1 0 35.55 92.1 11.85 28.8 23.7 63.3
ynao_sd_19861212_0100_hong 2 2 0 0 0 13.57 23.94 13.57 23.94 0 0
ynao_sd_19861213_0105_hong 3 3 0 1 0 48.0 71.08 26.86 39.36 21.14 31.72
ynao_sd_19861214_0120_hong 2 2 0 0 0 13.41 17.0 13.41 17.0 0 0
ynao_sd_19861215_0100_hong 2 2 0 0 0 10.7 12.87 10.7 12.87 0 0
ynao_sd_19861216_0050_hong 1 1 0 0 0 85.62 94.0 85.62 94.0 0 0
ynao_sd_19861217_0105_wang 1 1 0 0 0 5.0 5.84 5.0 5.84 0 0
ynao_sd_19861218_0100_hong 0 0 0 0 0 0 0 0 0 0 0
ynao_sd_19861219_0105_hong 0 0 0 0 0 0 0 0 0 0 0
ynao_sd_19861220_0050_hong 0 0 0 0 0 0 0 0 0 0 0
ynao_sd_19861221_0510_hong 1 1 0 0 0 5.44 10.42 5.44 10.42 0 0
ynao_sd_19861222_0120_wang 7 7 0 0 0 50.85 62.65 50.85 62.65 0 0
ynao_sd_19861223_0120_wang 5 4 1 1 0 108.2 123.96 41.61 47.13 66.59 76.83
ynao_sd_19861224_0100_wang 3 2 1 1 0 49.69 54.98 18.82 20.73 30.87 34.25
ynao_sd_19861225_0100_wang 2 2 0 0 0 15.65 17.42 15.65 17.42 0 0
ynao_sd_19861226_0200_wang 2 2 0 0 0 25.41 36.21 25.41 36.21 0 0
ynao_sd_19861227_0720_wang 0 0 0 0 0 0 0 0 0 0 0
ynao_sd_19861228_0450_wang 0 0 0 0 0 0 0 0 0 0 0
ynao_sd_19861229_0950_wang 0 0 0 0 0 0 0 0 0 0 0
ynao_sd_19861230_0100_wang 0 0 0 0 0 0 0 0 0 0 0
