ynao_sd_19870101_0055_hong 0 0 0 0 0 0 0 0 0 0 0
ynao_sd_19870102_0100_hong 2 2 0 0 0 13.1 20.09 13.1 20.09 0 0
ynao_sd_19870103_0120_hong 0 0 0 0 0 0 0 0 0 0 0
ynao_sd_19870104_0550_hong 2 2 0 0 0 26.85 46.01 26.85 46.01 0 0
ynao_sd_19870105_0300_wang 2 2 0 0 0 40.0 62.38 40.0 62.38 0 0
ynao_sd_19870106_0120_wang 0 0 0 0 0 0 0 0 0 0 0
ynao_sd_19870107_0100_wang 0 0 0 0 0 0 0 0 0 0 0
ynao_sd_19870110_0120_wang 0 0 0 0 0 0 0 0 0 0 0
ynao_sd_19870111_0100_wang 0 0 0 0 0 0 0 0 0 0 0
ynao_sd_19870118_0110_wang 2 2 0 0 0 15.76 23.19 15.76 23.19 0 0
ynao_sd_19870119_0740_wang 1 1 0 0 0 7.57 19.98 7.57 19.98 0 0
ynao_sd_19870120_0130_wang 3 3 0 0 0 31.91 47.25 31.91 47.25 0 0
ynao_sd_19870121_0130_wang 6 6 0 0 0 30.26 33.41 30.26 33.41 0 0
ynao_sd_19870122_0120_wang 11 10 1 1 0 110.53 118.36 70.89 75.78 39.64 42.58
ynao_sd_19870123_0130_wang 14 13 1 1 0 114.93 129.0 78.87 87.66 36.06 41.34
ynao_sd_19870124_0135_wang 12 12 0 0 0 54.46 76.84 54.46 76.84 0 0
ynao_sd_19870127_0900_li 0 0 0 0 0 0 0 0 0 0 0
ynao_sd_19870128_0200_li 0 0 0 0 0 0 0 0 0 0 0
ynao_sd_19870129_0140_li 6 6 0 0 0 49.67 82.05 49.67 82.05 0 0
ynao_sd_19870130_0120_li 0 0 0 0 0 0 0 0 0 0 0
ynao_sd_19870131_0300_li 3 3 0 0 0 28.85 38.87 28.85 38.87 0 0
ynao_sd_19870210_0100_hong 2 2 0 0 0 21.69 27.33 21.69 27.33 0 0
ynao_sd_19870211_0050_hong 1 1 0 0 0 4.25 4.73 4.25 4.73 0 0
ynao_sd_19870212_0100_hong 1 1 0 0 0 8.0 9.04 8.0 9.04 0 0
ynao_sd_19870221_0120_wang 0 0 0 0 0 0 0 0 0 0 0
ynao_sd_19870222_0050_wang 0 0 0 0 0 0 0 0 0 0 0
ynao_sd_19870223_0115_li 0 0 0 0 0 0 0 0 0 0 0
ynao_sd_19870224_0140_li 0 0 0 0 0 0 0 0 0 0 0
ynao_sd_19870225_0130_li 2 2 0 0 0 12.04 16.71 12.04 16.71 0 0
ynao_sd_19870228_0340_li 2 2 0 0 0 10.43 11.37 10.43 11.37 0 0
ynao_sd_19870304_0040_hong 0 0 0 0 0 0 0 0 0 0 0
ynao_sd_19870305_0110_hong 2 2 0 0 0 13.2 20.0 13.2 20.0 0 0
ynao_sd_19870306_0120_wang 0 0 0 0 0 0 0 0 0 0 0
ynao_sd_19870307_0200_wang 0 0 0 0 0 0 0 0 0 0 0
ynao_sd_19870308_0130_wang 2 2 0 0 0 33.76 45.27 33.76 45.27 0 0
ynao_sd_19870309_0150_wang 1 1 0 0 0 3.88 6.84 3.88 6.84 0 0
ynao_sd_19870310_0130_wang 0 0 0 0 0 0 0 0 0 0 0
ynao_sd_19870311_0140_wang 1 1 0 0 0 5.95 8.58 5.95 8.58 0 0
ynao_sd_19870316_0040_li 1 1 0 0 0 19.92 44.49 19.92 44.49 0 0
ynao_sd_19870317_0100_li 4 4 0 0 0 36.9 49.23 36.9 49.23 0 0
ynao_sd_19870318_0050_li 4 4 0 0 0 32.03 37.45 32.03 37.45 0 0
ynao_sd_19870319_0105_li 3 3 0 0 0 25.1 30.0 25.1 30.0 0 0
ynao_sd_19870320_0100_li 3 3 0 0 0 15.4 16.19 15.4 16.19 0 0
ynao_sd_19870321_0100_li 3 3 0 0 0 16.5 40.53 16.5 40.53 0 0
ynao_sd_19870322_0100_li 0 0 0 0 0 0 0 0 0 0 0
ynao_sd_19870323_0050_hong 0 0 0 0 0 0 0 0 0 0 0
ynao_sd_19870324_0100_hong 0 0 0 0 0 0 0 0 0 0 0
ynao_sd_19870325_0100_hong 0 0 0 0 0 0 0 0 0 0 0
ynao_sd_19870401_0140_wang 0 0 0 0 0 0 0 0 0 0 0
ynao_sd_19870402_0325_wang 0 0 0 0 0 0 0 0 0 0 0
ynao_sd_19870403_0050_wang 1 1 0 0 0 19.78 29.18 19.78 29.18 0 0
ynao_sd_19870404_0020_wang 0 0 0 0 0 0 0 0 0 0 0
ynao_sd_19870405_0025_hong 8 8 0 0 0 46.86 81.36 46.86 81.36 0 0
ynao_sd_19870406_0110_hong 14 14 0 1 0 150.45 224.64 113.04 166.38 37.41 58.26
ynao_sd_19870408_0110_hong 36 25 11 7 0 1414.52 2151.16 364.56 533.7 1049.96 1617.46
ynao_sd_19870409_0040_hong 45 28 17 9 0 1743.08 2431.53 397.66 573.54 1345.42 1857.99
ynao_sd_19870410_0050_hong 55 28 27 15 0 1941.73 2448.7 404.05 512.26 1537.68 1936.44
ynao_sd_19870411_0105_hong 59 36 23 12 0 1998.31 2350.33 500.33 588.93 1497.98 1761.4
ynao_sd_19870412_0050_wang 50 29 21 8 0 1799.4 2075.89 470.58 538.76 1328.82 1537.13
ynao_sd_19870413_0050_wang 43 35 8 5 0 1442.4 1692.41 319.92 363.85 1122.48 1328.56
ynao_sd_19870414_0005_wang 35 25 10 4 0 1412.02 1738.79 315.43 372.43 1096.59 1366.36
ynao_sd_19870415_0005_wang 40 29 11 5 0 1247.05 1660.49 316.07 397.53 930.98 1262.96
ynao_sd_19870416_0020_wang 39 35 4 2 0 1018.33 1323.04 278.06 365.25 740.27 957.79
ynao_sd_19870417_0020_wang 26 23 3 3 0 747.26 1171.01 226.11 364.21 521.15 806.8
ynao_sd_19870418_0025_wang 7 4 3 2 0 341.63 681.13 75.99 138.3 265.64 542.83
ynao_sd_19870419_0005_hong 1 0 1 1 0 64.49 202.88 6.53 20.44 57.96 182.44
ynao_sd_19870420_0005_hong 1 1 0 0 0 4.32 4.74 4.32 4.74 0 0
ynao_sd_19870421_0020_hong 8 8 0 0 0 51.64 69.94 51.64 69.94 0 0
ynao_sd_19870422_0630_hong 2 2 0 0 0 10.18 12.44 10.18 12.44 0 0
ynao_sd_19870427_0130_li 0 0 0 0 0 0 0 0 0 0 0
ynao_sd_19870428_0200_li 0 0 0 0 0 0 0 0 0 0 0
ynao_sd_19870501_0005_li 7 7 0 0 0 76.67 149.74 76.67 149.74 0 0
ynao_sd_19870502_0035_li 4 3 1 1 0 71.92 125.07 40.05 58.96 31.87 66.11
ynao_sd_19870503_0015_wang 4 3 1 1 0 96.92 151.3 28.97 46.96 67.95 104.34
ynao_sd_19870504_0045_wang 1 0 1 1 0 107.6 136.58 14.46 18.35 93.14 118.23
ynao_sd_19870505_0200_wang 7 5 2 2 0 270.46 817.57 95.39 408.53 175.07 409.04
ynao_sd_19870506_0050_wang 9 5 4 3 0 372.42 807.62 88.44 208.14 283.98 599.48
ynao_sd_19870507_0030_wang 18 11 7 3 0 460.12 763.17 127.23 211.34 332.89 551.83
ynao_sd_19870508_0010_wang 17 13 4 2 0 416.01 606.32 107.9 153.16 308.11 453.16
ynao_sd_19870509_0025_wang 18 14 4 2 0 463.66 589.5 132.02 165.96 331.64 423.54
ynao_sd_19870510_0020_wang 22 18 4 2 0 386.3 452.49 123.85 143.87 262.45 308.62
ynao_sd_19870511_0010_hong 17 14 3 2 0 357.2 405.54 126.01 145.96 231.19 259.58
ynao_sd_19870512_0030_hong 11 10 1 1 0 317.46 358.58 90.85 103.5 226.61 255.08
ynao_sd_19870513_0030_hong 8 7 1 1 0 273.54 320.82 72.78 85.67 200.76 235.15
ynao_sd_19870514_0010_hong 3 2 1 1 0 254.98 327.69 73.66 95.08 181.32 232.61
ynao_sd_19870515_0010_hong 5 1 4 2 0 279.41 652.32 51.02 125.17 228.39 527.15
ynao_sd_19870516_0020_hong 8 5 3 2 0 321.07 693.16 83.73 181.03 237.34 512.13
ynao_sd_19870517_0505_li 15 8 7 3 0 395.78 728.21 102.99 169.06 292.79 559.15
ynao_sd_19870518_0140_li 17 9 8 2 0 284.3 418.16 94.35 148.07 189.95 270.09
ynao_sd_19870519_0100_li 10 9 1 1 0 102.27 155.7 67.82 113.88 34.45 41.82
ynao_sd_19870520_0045_li 4 4 0 0 0 27.93 32.68 27.93 32.68 0 0
ynao_sd_19870521_0030_li 5 5 0 0 0 18.67 20.11 18.67 20.11 0 0
ynao_sd_19870522_0045_li 1 1 0 0 0 3.16 4.56 3.16 4.56 0 0
ynao_sd_19870523_0020_li 0 0 0 0 0 0 0 0 0 0 0
ynao_sd_19870524_0045_li 0 0 0 0 0 0 0 0 0 0 0
ynao_sd_19870525_0030_wang 0 0 0 0 0 0 0 0 0 0 0
ynao_sd_19870526_0110_wang 0 0 0 0 0 0 0 0 0 0 0
ynao_sd_19870527_0035_wang 0 0 0 0 0 0 0 0 0 0 0
ynao_sd_19870528_0100_wang 0 0 0 0 0 0 0 0 0 0 0
ynao_sd_19870529_0300_wang 0 0 0 0 0 0 0 0 0 0 0
ynao_sd_19870530_0220_wang 1 1 0 0 0 10.85 11.58 10.85 11.58 0 0
ynao_sd_19870531_0040_wang 0 0 0 0 0 0 0 0 0 0 0
ynao_sd_19870601_0010_hong 2 2 0 0 0 25.42 32.12 25.42 32.12 0 0
ynao_sd_19870602_0630_hong 1 1 0 0 0 4.47 30.26 4.47 30.26 0 0
ynao_sd_19870603_0850_hong 0 0 0 0 0 0 0 0 0 0 0
ynao_sd_19870604_0130_hong 1 1 0 0 0 27.46 38.47 27.46 38.47 0 0
ynao_sd_19870605_0125_hong 0 0 0 0 0 0 0 0 0 0 0
ynao_sd_19870606_0230_hong 0 0 0 0 0 0 0 0 0 0 0
ynao_sd_19870608_0010_li 6 6 0 0 0 49.67 60.87 49.67 60.87 0 0
ynao_sd_19870609_0230_li 2 2 0 0 0 23.47 30.41 23.47 30.41 0 0
ynao_sd_19870610_0610_li 0 0 0 0 0 0 0 0 0 0 0
ynao_sd_19870611_0235_li 0 0 0 0 0 0 0 0 0 0 0
ynao_sd_19870612_0110_li 5 5 0 0 0 41.37 43.14 41.37 43.14 0 0
ynao_sd_19870613_0040_li 4 4 0 0 0 20.84 22.52 20.84 22.52 0 0
ynao_sd_19870614_0010_wang 1 1 0 0 0 4.91 6.1 4.91 6.1 0 0
ynao_sd_19870616_0530_wang 1 1 0 0 0 18.62 27.18 18.62 27.18 0 0
ynao_sd_19870617_0125_wang 1 1 0 0 0 24.41 34.11 24.41 34.11 0 0
ynao_sd_19870619_0450_wang 3 1 2 1 0 94.22 257.2 18.87 54.71 75.35 202.49
ynao_sd_19870620_0050_wang 5 3 2 1 0 177.84 340.14 50.86 83.32 126.98 256.82
ynao_sd_19870621_0040_hong 5 2 3 2 0 159.64 247.34 28.91 41.46 130.73 205.88
ynao_sd_19870622_0030_hong 5 2 3 2 0 178.8 245.15 41.99 58.2 136.81 186.95
ynao_sd_19870623_0130_hong 5 4 1 1 0 150.83 187.23 43.04 54.65 107.79 132.58
ynao_sd_19870624_0210_hong 3 1 2 1 0 101.53 120.64 17.32 20.63 84.21 100.01
ynao_sd_19870625_0340_hong 1 0 1 1 0 61.45 74.13 10.71 12.92 50.74 61.21
ynao_sd_19870626_0140_hong 1 0 1 1 0 41.84 53.25 5.28 6.73 36.56 46.52
ynao_sd_19870627_0200_hong 3 3 0 0 0 23.2 31.87 23.2 31.87 0 0
ynao_sd_19870628_0140_hong 5 5 0 0 0 33.54 45.85 33.54 45.85 0 0
ynao_sd_19870630_0020_wang 0 0 0 0 0 0 0 0 0 0 0
ynao_sd_19870701_0050_wang 0 0 0 0 0 0 0 0 0 0 0
ynao_sd_19870702_0230_wang 1 1 0 0 0 3.37 3.49 3.37 3.49 0 0
ynao_sd_19870703_0700_wang 0 0 0 0 0 0 0 0 0 0 0
ynao_sd_19870705_0435_hong 0 0 0 0 0 0 0 0 0 0 0
ynao_sd_19870706_0920_hong 0 0 0 0 0 0 0 0 0 0 0
ynao_sd_19870707_0330_hong 3 3 0 0 0 17.67 20.35 17.67 20.35 0 0
ynao_sd_19870708_0220_hong 3 3 0 0 0 21.27 29.39 21.27 29.39 0 0
ynao_sd_19870710_0240_hong 8 8 0 0 0 38.18 100.78 38.18 100.78 0 0
ynao_sd_19870711_0630_hong 0 0 0 0 0 0 0 0 0 0 0
ynao_sd_19870712_0140_hong 0 0 0 0 0 0 0 0 0 0 0
ynao_sd_19870715_0545_li 0 0 0 0 0 0 0 0 0 0 0
ynao_sd_19870716_0310_li 1 1 0 0 0 6.46 36.73 6.46 36.73 0 0
ynao_sd_19870717_0220_li 2 0 2 1 0 100.5 342.13 14.48 50.06 86.02 292.07
ynao_sd_19870718_0305_li 7 5 2 2 0 136.64 287.15 41.97 75.4 94.67 211.75
ynao_sd_19870719_0505_wang 5 3 2 2 0 127.44 206.78 30.52 45.86 96.92 160.92
ynao_sd_19870720_0415_wang 18 13 5 1 0 263.74 364.37 96.41 126.81 167.33 237.56
ynao_sd_19870723_0500_wang 58 43 15 9 0 972.39 1366.5 324.23 457.29 648.16 909.21
ynao_sd_19870725_0620_wang 60 45 15 9 0 1028.87 1521.27 310.19 442.1 718.68 1079.17
ynao_sd_19870726_0003_wang 60 50 10 7 0 869.16 1457.64 289.45 440.83 579.71 1016.81
ynao_sd_19870727_0110_hong 44 35 9 5 0 671.66 1549.09 246.55 429.2 425.11 1119.89
ynao_sd_19870730_0105_hong 16 15 1 1 0 123.94 180.35 96.33 137.05 27.61 43.3
ynao_sd_19870731_0020_hong 23 22 1 1 0 146.95 239.95 122.33 197.37 24.62 42.58
ynao_sd_19870801_0120_hong 8 8 0 0 0 46.64 102.79 46.64 102.79 0 0
ynao_sd_19870802_0510_hong 6 6 0 0 0 51.4 100.71 51.4 100.71 0 0
ynao_sd_19870805_0630_li 5 5 0 0 0 31.57 37.4 31.57 37.4 0 0
ynao_sd_19870806_0150_li 19 17 2 1 0 103.99 118.64 75.83 86.7 28.16 31.94
ynao_sd_19870808_0520_li 37 28 9 3 0 702.06 878.52 227.91 284.35 474.15 594.17
ynao_sd_19870809_0115_li 27 14 13 4 0 739.08 1037.66 190.7 265.36 548.38 772.3
ynao_sd_19870810_0240_wang 17 7 10 3 0 766.85 1752.33 143.04 284.74 623.81 1467.59
ynao_sd_19870812_0340_wang 13 7 6 3 0 431.04 1001.57 116.31 368.8 314.73 632.77
ynao_sd_19870813_0100_wang 24 18 6 3 0 813.16 2004.95 172.06 414.22 641.1 1590.73
ynao_sd_19870814_0355_wang 25 12 13 6 0 1151.14 2223.44 219.21 403.68 931.93 1819.76
ynao_sd_19870816_0120_wang 42 31 11 6 0 1609.98 2229.4 358.82 497.46 1251.16 1731.94
ynao_sd_19870817_0340_hong 29 20 9 7 0 1484.75 1907.96 321.14 413.12 1163.61 1494.84
ynao_sd_19870818_0200_hong 23 13 10 5 0 1366.33 1731.16 328.15 413.43 1038.18 1317.73
ynao_sd_19870819_0310_hong 18 9 9 7 0 1149.78 1515.4 265.33 342.38 884.45 1173.02
ynao_sd_19870820_0240_hong 27 20 7 4 0 967.51 1456.45 245.28 354.45 722.23 1102.0
ynao_sd_19870821_0100_hong 25 17 8 5 0 946.92 1736.09 266.95 454.69 679.97 1281.4
ynao_sd_19870822_0520_hong 11 6 5 3 0 638.25 1179.99 138.62 250.62 499.63 929.37
ynao_sd_19870823_0050_hong 10 7 3 3 0 496.81 1189.68 108.81 249.43 388.0 940.25
ynao_sd_19870824_0040_li 4 3 1 1 0 174.81 573.32 39.14 126.76 135.67 446.56
ynao_sd_19870825_0205_li 1 1 0 0 0 22.23 33.68 22.23 33.68 0 0
ynao_sd_19870826_0300_li 0 0 0 0 0 0 0 0 0 0 0
ynao_sd_19870827_0735_li 0 0 0 0 0 0 0 0 0 0 0
ynao_sd_19870828_0005_li 1 1 0 0 0 6.3 22.89 6.3 22.89 0 0
ynao_sd_19870829_0430_li 1 1 0 0 0 7.8 15.97 7.8 15.97 0 0
ynao_sd_19870830_0025_li 1 1 0 0 0 8.44 13.58 8.44 13.58 0 0
ynao_sd_19870831_0010_wang 3 3 0 0 0 31.92 80.01 31.92 80.01 0 0
ynao_sd_19870901_0610_wang 8 8 0 1 0 122.67 418.47 46.3 70.41 76.37 348.06
ynao_sd_19870902_0040_wang 15 11 4 2 0 208.94 713.64 68.53 212.48 140.41 501.16
ynao_sd_19870903_0450_wang 28 23 5 2 0 316.8 614.95 170.07 329.57 146.73 285.38
ynao_sd_19870904_0625_wang 40 37 3 1 0 347.59 503.29 178.89 269.18 168.7 234.11
ynao_sd_19870905_0240_wang 36 33 3 1 0 331.26 426.81 193.89 256.32 137.37 170.49
ynao_sd_19870909_0020_hong 43 30 13 5 0 868.08 1070.25 300.44 373.91 567.64 696.34
ynao_sd_19870910_0220_hong 26 19 7 6 0 489.3 671.18 166.33 227.56 322.97 443.62
ynao_sd_19870911_0240_hong 29 23 6 5 0 370.39 594.43 167.9 261.83 202.49 332.6
ynao_sd_19870912_0630_hong 15 11 4 3 0 181.99 413.23 72.12 150.09 109.87 263.14
ynao_sd_19870913_0930_hong 4 0 4 2 0 199.34 384.68 34.23 66.1 165.11 318.58
ynao_sd_19870914_0250_li 10 7 3 1 0 124.66 175.38 64.12 90.61 60.54 84.77
ynao_sd_19870915_0135_li 9 6 3 1 0 102.29 133.63 36.74 48.44 65.55 85.19
ynao_sd_19870916_0025_li 6 5 1 1 0 104.61 137.21 53.99 73.12 50.62 64.09
ynao_sd_19870917_0230_li 5 4 1 1 0 66.21 86.02 25.36 33.19 40.85 52.83
ynao_sd_19870920_0900_wang 7 7 0 0 0 51.75 82.1 51.75 82.1 0 0
ynao_sd_19870921_0545_wang 9 8 1 1 0 130.22 201.61 48.43 84.5 81.79 117.11
ynao_sd_19870922_0220_wang 8 7 1 1 0 129.97 268.26 59.11 150.43 70.86 117.83
ynao_sd_19870923_0235_wang 2 1 1 1 0 70.68 155.41 12.11 29.79 58.57 125.62
ynao_sd_19870924_0430_wang 2 1 1 1 0 56.02 173.59 12.53 30.52 43.49 143.07
ynao_sd_19870928_0130_hong 0 0 0 0 0 0 0 0 0 0 0
ynao_sd_19870929_0650_hong 1 1 0 0 0 4.4 10.08 4.4 10.08 0 0
ynao_sd_19870930_0410_hong 2 2 0 0 0 12.05 25.74 12.05 25.74 0 0
ynao_sd_19871001_0210_hong 6 6 0 0 0 49.52 78.75 49.52 78.75 0 0
ynao_sd_19871002_0810_hong 2 2 0 0 0 11.73 15.94 11.73 15.94 0 0
ynao_sd_19871003_0320_hong 1 1 0 0 0 5.56 5.97 5.56 5.97 0 0
ynao_sd_19871004_0110_hong 0 0 0 0 0 0 0 0 0 0 0
ynao_sd_19871005_0050_li 4 4 0 0 0 21.13 24.04 21.13 24.04 0 0
ynao_sd_19871006_0020_li 0 0 0 0 0 0 0 0 0 0 0
ynao_sd_19871008_0840_li 3 3 0 0 0 41.3 57.69 41.3 57.69 0 0
ynao_sd_19871009_0240_li 4 4 0 0 0 21.18 24.79 21.18 24.79 0 0
ynao_sd_19871010_0130_li 6 6 0 0 0 29.77 34.78 29.77 34.78 0 0
ynao_sd_19871011_0300_li 10 10 0 0 0 71.96 90.53 71.96 90.53 0 0
ynao_sd_19871012_0020_wang 7 7 0 0 0 31.24 37.57 31.24 37.57 0 0
ynao_sd_19871013_0115_wang 12 12 0 0 0 52.83 66.62 52.83 66.62 0 0
ynao_sd_19871014_0110_wang 26 20 6 2 0 386.11 532.59 140.24 179.3 245.87 353.29
ynao_sd_19871015_0115_wang 30 24 6 2 0 485.7 650.64 196.68 256.06 289.02 394.58
ynao_sd_19871016_0050_wang 23 14 9 5 0 670.4 883.97 176.99 235.54 493.41 648.43
ynao_sd_19871017_0115_wang 22 18 4 3 0 672.92 912.97 194.12 299.64 478.8 613.33
ynao_sd_19871018_0100_wang 23 15 8 4 0 615.14 932.53 158.15 268.59 456.99 663.94
ynao_sd_19871019_0410_hong 21 12 9 5 0 518.18 952.06 133.31 255.48 384.87 696.58
ynao_sd_19871020_0040_hong 12 7 5 4 0 213.74 461.06 65.48 156.76 148.26 304.3
ynao_sd_19871021_0050_hong 16 12 4 3 0 229.84 468.69 110.56 255.63 119.28 213.06
ynao_sd_19871023_0220_hong 18 18 0 0 0 104.52 144.35 104.52 144.35 0 0
ynao_sd_19871024_0210_hong 5 5 0 0 0 27.84 40.85 27.84 40.85 0 0
ynao_sd_19871025_0525_hong 4 4 0 0 0 26.81 50.99 26.81 50.99 0 0
ynao_sd_19871026_0345_li 1 1 0 0 0 7.7 11.02 7.7 11.02 0 0
ynao_sd_19871027_0250_li 6 6 0 0 0 25.01 52.55 25.01 52.55 0 0
ynao_sd_19871029_0040_li 17 13 4 2 0 200.87 251.64 91.05 115.56 109.82 136.08
ynao_sd_19871030_0105_li 19 16 3 2 0 316.73 449.21 112.79 146.32 203.94 302.89
ynao_sd_19871031_0100_li 17 15 2 1 0 176.11 294.54 84.37 113.94 91.74 180.6
ynao_sd_19871101_0100_li 13 12 1 1 0 140.23 343.13 62.73 96.4 77.5 246.73
ynao_sd_19871102_0130_wang 10 8 2 2 0 147.17 504.36 61.14 186.01 86.03 318.35
ynao_sd_19871103_0730_wang 6 4 2 2 0 178.13 342.66 82.04 154.13 96.09 188.53
ynao_sd_19871104_0140_wang 14 9 5 4 0 218.44 365.56 75.32 125.8 143.12 239.76
ynao_sd_19871106_0145_wang 13 11 2 2 0 238.96 287.88 84.76 102.14 154.2 185.74
ynao_sd_19871107_0300_wang 8 7 1 1 0 187.77 212.32 61.07 70.86 126.7 141.46
ynao_sd_19871108_0110_hong 17 16 1 1 0 292.91 385.12 144.14 220.37 148.77 164.75
ynao_sd_19871109_0110_hong 10 8 2 1 0 202.95 233.95 82.25 94.88 120.7 139.07
ynao_sd_19871110_0040_hong 5 3 2 1 0 98.18 123.62 30.84 38.04 67.34 85.58
ynao_sd_19871111_0110_hong 2 2 0 1 0 43.39 63.35 16.42 23.97 26.97 39.38
ynao_sd_19871112_0410_hong 8 2 6 1 0 281.23 1283.69 62.34 244.82 218.89 1038.87
ynao_sd_19871113_0100_hong 8 2 6 1 0 472.15 1163.89 95.68 211.37 376.47 952.52
ynao_sd_19871116_0720_li 19 11 8 1 0 768.59 925.66 163.4 199.24 605.19 726.42
ynao_sd_19871117_0220_li 22 10 12 3 0 984.81 1221.14 155.84 198.89 828.97 1022.25
ynao_sd_19871118_0200_li 22 12 10 3 0 824.34 998.57 157.67 182.78 666.67 815.79
ynao_sd_19871119_0240_li 22 15 7 6 0 823.59 1033.47 179.9 224.38 643.69 809.09
ynao_sd_19871120_0140_hong 43 28 15 7 0 982.7 1239.1 310.69 390.81 672.01 848.29
ynao_sd_19871121_0640_hong 43 23 20 8 0 1401.18 1875.01 363.21 472.35 1037.97 1402.66
ynao_sd_19871122_0800_hong 63 47 16 11 0 1097.04 1631.67 349.66 474.25 747.38 1157.42
ynao_sd_19871123_0120_hong 74 63 11 7 0 962.18 1593.12 451.32 598.48 510.86 994.64
ynao_sd_19871124_0110_hong 60 50 10 7 0 688.76 1480.09 345.39 545.99 343.37 934.1
ynao_sd_19871125_0135_hong 26 4 22 11 0 668.41 977.45 139.62 202.93 528.79 774.52
ynao_sd_19871126_0130_hong 26 20 6 4 0 412.04 832.31 150.26 262.27 261.78 570.04
ynao_sd_19871127_0230_hong 19 13 6 3 0 296.27 894.95 121.38 264.45 174.89 630.5
ynao_sd_19871128_0210_hong 8 6 2 2 0 114.59 397.89 48.33 96.99 66.26 300.9
ynao_sd_19871129_0130_hong 6 6 0 0 0 60.68 75.6 60.68 75.6 0 0
ynao_sd_19871202_0510_li 2 2 0 0 0 13.82 16.72 13.82 16.72 0 0
ynao_sd_19871203_0130_li 2 2 0 0 0 11.79 16.76 11.79 16.76 0 0
ynao_sd_19871208_0710_wang 14 12 2 2 0 174.18 213.35 85.47 105.06 88.71 108.29
ynao_sd_19871209_0540_wang 18 12 6 4 0 245.48 409.5 83.21 140.22 162.27 269.28
ynao_sd_19871210_0130_wang 13 10 3 2 0 181.46 346.69 92.71 190.99 88.75 155.7
ynao_sd_19871211_0720_wang 9 8 1 1 0 80.41 218.61 45.41 114.96 35.0 103.65
ynao_sd_19871213_0800_wang 2 1 1 1 0 112.82 430.39 23.72 78.43 89.1 351.96
ynao_sd_19871214_0640_hong 7 6 1 1 0 378.3 455.84 80.37 98.25 297.93 357.59
ynao_sd_19871216_0620_hong 24 21 3 1 0 487.12 718.73 200.82 291.32 286.3 427.41
ynao_sd_19871217_0740_hong 19 18 1 1 0 467.02 610.36 161.32 214.67 305.7 395.69
ynao_sd_19871219_0205_hong 10 9 1 1 0 373.75 442.71 123.45 150.05 250.3 292.66
ynao_sd_19871220_0530_hong 5 3 2 1 0 321.13 382.24 71.51 84.93 249.62 297.31
ynao_sd_19871221_0525_li 2 1 1 1 0 248.79 314.62 45.38 57.12 203.41 257.5
ynao_sd_19871222_0130_li 6 5 1 1 0 191.34 262.46 68.64 92.52 122.7 169.94
ynao_sd_19871223_0130_li 4 3 1 1 0 173.54 274.18 59.26 87.34 114.28 186.84
ynao_sd_19871224_0215_li 1 0 1 1 0 110.63 234.69 11.96 25.36 98.67 209.33
ynao_sd_19871225_0240_li 6 5 1 1 0 120.38 302.74 52.08 87.55 68.3 215.19
ynao_sd_19871226_0110_li 14 13 1 2 0 262.45 932.11 106.92 413.29 155.53 518.82
ynao_sd_19871227_0210_li 16 13 3 3 0 505.07 1105.18 142.67 331.52 362.4 773.66
ynao_sd_19871228_0220_wang 40 28 12 3 0 808.37 1355.49 244.36 419.47 564.01 936.02
ynao_sd_19871229_0150_wang 31 24 7 2 0 877.25 1253.34 207.55 300.76 669.7 952.58
ynao_sd_19871230_0210_wang 35 32 3 3 0 923.78 1143.63 295.56 367.15 628.22 776.48
ynao_sd_19871231_0200_wang 27 21 6 3 0 838.45 1026.86 245.68 316.04 592.77 710.82
