ynao_sd_19880101_0420_wang 36 31 5 2 0 855.86 1025.97 276.88 359.06 578.98 666.91
ynao_sd_19880102_0240_wang 22 18 4 1 0 682.82 834.41 181.09 233.99 501.73 600.42
ynao_sd_19880103_0420_wang 14 7 7 1 0 464.98 630.28 97.04 146.77 367.94 483.51
ynao_sd_19880106_0230_hong 9 7 2 2 0 200.05 429.07 98.3 181.68 101.75 247.39
ynao_sd_19880107_0120_hong 16 14 2 1 0 124.35 333.54 97.01 197.2 27.34 136.34
ynao_sd_19880108_0120_hong 29 24 5 4 0 367.27 515.29 177.86 240.13 189.41 275.16
ynao_sd_19880109_0210_hong 15 9 6 5 0 424.65 549.57 128.63 161.58 296.02 387.99
ynao_sd_19880110_0550_hong 14 11 3 3 0 277.71 364.92 106.08 134.63 171.63 230.29
ynao_sd_19880111_0310_wang 17 16 1 1 0 225.25 292.95 146.4 205.41 78.85 87.54
ynao_sd_19880112_0240_wang 11 10 1 1 0 142.35 225.32 66.72 144.03 75.63 81.29
ynao_sd_19880113_0150_wang 12 11 1 1 0 149.15 569.68 101.66 238.14 47.49 331.54
ynao_sd_19880114_0210_wang 29 25 4 3 0 439.47 1064.47 196.28 382.86 243.19 681.61
ynao_sd_19880115_0210_wang 43 30 13 4 0 750.63 1312.25 255.99 414.94 494.64 897.31
ynao_sd_19880116_0150_wang 52 49 3 4 0 1008.71 1423.05 374.43 529.72 634.28 893.33
ynao_sd_19880117_0415_wang 60 49 11 7 0 1152.37 1436.61 352.83 467.51 799.54 969.1
ynao_sd_19880119_0220_hong 48 42 6 4 0 1045.88 1158.02 406.25 461.0 639.63 697.02
ynao_sd_19880120_0140_li 34 26 8 4 0 1141.26 1244.32 266.57 293.41 874.69 950.91
ynao_sd_19880121_0115_li 39 31 8 5 0 1147.51 1262.04 296.58 339.16 850.93 922.88
ynao_sd_19880122_0120_li 64 56 8 4 0 1055.31 1252.65 400.22 494.09 655.09 758.56
ynao_sd_19880123_0110_li 29 26 3 2 0 742.23 985.1 205.8 276.63 536.43 708.47
ynao_sd_19880124_0130_li 14 10 4 2 0 460.21 783.08 100.8 177.86 359.41 605.22
ynao_sd_19880125_0140_hong 18 14 4 3 0 443.09 946.53 149.77 311.6 293.32 634.93
ynao_sd_19880126_0130_hong 14 11 3 3 0 228.38 655.33 90.32 175.72 138.06 479.61
ynao_sd_19880127_0140_hong 18 16 2 1 0 170.19 311.8 108.06 144.21 62.13 167.59
ynao_sd_19880128_0140_hong 12 9 3 2 0 120.7 308.8 69.37 101.32 51.33 207.48
ynao_sd_19880129_0150_hong 17 17 0 0 0 109.82 142.57 109.82 142.57 0 0
ynao_sd_19880130_0130_hong 5 5 0 0 0 37.81 60.87 37.81 60.87 0 0
ynao_sd_19880131_0150_hong 3 3 0 0 0 24.47 60.61 24.47 60.61 0 0
ynao_sd_19880201_0110_wang 3 3 0 0 0 19.6 30.8 19.6 30.8 0 0
ynao_sd_19880202_0130_wang 2 2 0 0 0 9.05 11.1 9.05 11.1 0 0
ynao_sd_19880203_0130_wang 2 2 0 0 0 8.15 8.91 8.15 8.91 0 0
ynao_sd_19880204_0200_wang 2 1 1 1 0 1007.07 1448.12 8.9 27.72 998.17 1420.4
ynao_sd_19880205_0130_wang 1 1 0 0 0 9.81 20.85 9.81 20.85 0 0
ynao_sd_19880206_0200_wang 1 1 0 0 0 7.27 11.69 7.27 11.69 0 0
ynao_sd_19880207_0345_wang 1 1 0 0 0 4.84 4.99 4.84 4.99 0 0
ynao_sd_19880208_0110_hong 2 2 0 0 0 11.52 17.09 11.52 17.09 0 0
ynao_sd_19880209_0130_hong 4 4 0 0 0 20.75 86.73 20.75 86.73 0 0
ynao_sd_19880210_0120_hong 7 7 0 0 0 38.26 92.48 38.26 92.48 0 0
ynao_sd_19880211_0190_hong 1 1 0 0 0 6.74 12.08 6.74 12.08 0 0
ynao_sd_19880212_0110_hong 4 4 0 0 0 37.15 59.11 37.15 59.11 0 0
ynao_sd_19880213_0130_hong 4 4 0 0 0 33.19 43.6 33.19 43.6 0 0
ynao_sd_19880214_0140_hong 6 6 0 0 0 39.05 108.88 39.05 108.88 0 0
ynao_sd_19880215_0115_li 2 2 0 0 0 24.43 59.29 24.43 59.29 0 0
ynao_sd_19880216_0115_li 9 9 0 0 0 49.8 68.43 49.8 68.43 0 0
ynao_sd_19880219_0230_wang 24 21 3 2 0 253.12 432.22 108.73 159.29 144.39 272.93
ynao_sd_19880220_0150_hong 10 9 1 1 0 134.45 303.31 78.79 136.84 55.66 166.47
ynao_sd_19880221_0125_li 7 7 0 0 0 32.99 34.54 32.99 34.54 0 0
ynao_sd_19880222_0140_wang 2 2 0 0 0 10.03 11.41 10.03 11.41 0 0
ynao_sd_19880223_0130_wang 0 0 0 0 0 0 0 0 0 0 0
ynao_sd_19880224_0210_wang 1 1 0 0 0 6.95 7.06 6.95 7.06 0 0
ynao_sd_19880225_0340_wang 2 2 0 0 0 10.87 24.78 10.87 24.78 0 0
ynao_sd_19880226_0210_wang 0 0 0 0 0 0 0 0 0 0 0
ynao_sd_19880227_0100_wang 0 0 0 0 0 0 0 0 0 0 0
ynao_sd_19880228_0120_wang 1 1 0 0 0 3.97 8.92 3.97 8.92 0 0
ynao_sd_19880229_0130_hong 13 13 0 0 0 132.38 179.02 132.38 179.02 0 0
ynao_sd_19880301_0130_hong 24 12 12 3 0 680.29 757.81 162.47 180.44 517.82 577.37
ynao_sd_19880302_0140_hong 30 23 7 2 0 788.09 875.43 221.03 282.71 567.06 592.72
ynao_sd_19880303_0150_hong 11 6 5 2 0 702.32 743.76 132.11 157.35 570.21 586.41
ynao_sd_19880304_0130_hong 12 5 7 2 0 719.11 765.44 134.75 145.5 584.36 619.94
ynao_sd_19880305_0240_hong 10 3 7 2 0 541.69 626.53 96.14 112.19 445.55 514.34
ynao_sd_19880306_0130_hong 14 7 7 2 0 447.02 596.34 110.59 145.96 336.43 450.38
ynao_sd_19880307_0830_li 3 2 1 2 0 129.54 235.89 36.43 68.84 93.11 167.05
ynao_sd_19880308_0210_li 6 6 0 0 0 69.24 159.25 69.24 159.25 0 0
ynao_sd_19880309_0200_li 3 3 0 0 0 20.58 75.02 20.58 75.02 0 0
ynao_sd_19880310_0115_li 2 2 0 0 0 11.23 12.16 11.23 12.16 0 0
ynao_sd_19880311_0120_li 1 1 0 0 0 7.65 7.7 7.65 7.7 0 0
ynao_sd_19880312_0120_li 12 12 0 0 0 69.51 231.28 69.51 231.28 0 0
ynao_sd_19880313_0110_li 22 21 1 1 0 211.93 629.21 145.86 369.57 66.07 259.64
ynao_sd_19880314_0120_li 36 31 5 4 0 594.15 1212.41 213.78 389.37 380.37 823.04
ynao_sd_19880315_0130_wang 37 23 14 2 0 961.8 1511.04 273.56 407.65 688.24 1103.39
ynao_sd_19880316_0115_wang 38 26 12 3 0 1062.84 1370.19 281.02 346.12 781.82 1024.07
ynao_sd_19880317_0110_wang 48 33 15 3 0 1244.8 1420.24 345.63 383.26 899.17 1036.98
ynao_sd_19880318_0300_wang 53 39 14 7 0 1196.29 1305.86 367.14 404.21 829.15 901.65
ynao_sd_19880319_0110_wang 60 46 14 4 0 973.91 1075.49 354.17 405.01 619.74 670.48
ynao_sd_19880320_0050_wang 49 38 11 2 0 1431.61 1634.13 352.41 432.39 1079.2 1201.74
ynao_sd_19880321_0120_li 31 20 11 3 0 906.84 1085.21 235.75 319.96 671.09 765.25
ynao_sd_19880322_0100_li 25 16 9 5 0 624.3 807.09 152.03 204.7 472.27 602.39
ynao_sd_19880323_0120_li 22 12 10 5 0 567.93 892.89 145.66 241.66 422.27 651.23
ynao_sd_19880324_0105_li 29 25 4 2 0 541.68 1006.84 198.51 382.71 343.17 624.13
ynao_sd_19880325_0100_li 16 10 6 2 0 397.34 715.54 102.77 181.82 294.57 533.72
ynao_sd_19880326_0120_li 13 10 3 2 0 405.88 660.12 76.25 123.51 329.63 536.61
ynao_sd_19880327_0115_li 22 16 6 2 0 533.93 822.53 115.83 163.73 418.1 658.8
ynao_sd_19880328_0100_wang 32 25 7 4 0 892.46 1336.75 240.86 356.12 651.6 980.63
ynao_sd_19880329_0050_wang 30 22 8 6 0 891.13 1160.7 258.9 338.37 632.23 822.33
ynao_sd_19880330_0120_wang 25 19 6 6 0 817.31 977.62 215.72 258.0 601.59 719.62
ynao_sd_19880331_0110_wang 35 32 3 2 0 783.56 888.63 286.83 321.89 496.73 566.74
ynao_sd_19880401_0150_wang 39 37 2 2 0 776.67 876.59 335.08 368.63 441.59 507.96
ynao_sd_19880402_0130_wang 26 24 2 2 0 653.56 705.48 211.59 231.61 441.97 473.87
ynao_sd_19880403_0040_wang 28 24 4 2 0 708.69 843.48 216.15 262.16 492.54 581.32
ynao_sd_19880404_0115_li 26 22 4 2 0 507.23 709.36 165.2 237.46 342.03 471.9
ynao_sd_19880405_0040_li 19 16 3 2 0 392.2 703.71 105.02 180.08 287.18 523.63
ynao_sd_19880406_0010_li 15 14 1 1 0 217.82 545.79 94.62 290.8 123.2 254.99
ynao_sd_19880407_0405_li 8 7 1 1 0 119.14 375.17 67.18 187.05 51.96 188.12
ynao_sd_19880408_0730_li 13 11 2 1 0 133.81 237.95 80.27 146.84 53.54 91.11
ynao_sd_19880409_0140_li 13 10 3 2 0 257.98 462.18 99.59 221.13 158.39 241.05
ynao_sd_19880410_0105_li 10 6 4 3 0 282.42 422.16 77.57 136.96 204.85 285.2
ynao_sd_19880411_0330_wang 15 11 4 2 0 367.29 460.12 126.55 182.57 240.74 277.55
ynao_sd_19880412_0910_wang 10 6 4 3 0 345.67 382.94 70.77 80.43 274.9 302.51
ynao_sd_19880413_0430_wang 14 11 3 2 0 373.11 412.49 110.4 124.25 262.71 288.24
ynao_sd_19880415_0310_wang 38 22 16 4 0 872.59 961.58 254.07 283.23 618.52 678.35
ynao_sd_19880416_0100_wang 25 10 15 5 0 782.23 914.12 164.09 191.56 618.14 722.56
ynao_sd_19880417_0050_wang 27 14 13 5 0 596.31 777.4 150.78 198.58 445.53 578.82
ynao_sd_19880418_0700_wang 15 11 4 1 0 199.38 275.67 75.16 113.66 124.22 162.01
ynao_sd_19880419_0100_wang 4 2 2 1 0 147.18 232.01 22.56 36.62 124.62 195.39
ynao_sd_19880420_0030_wang 2 2 0 1 0 52.44 116.42 12.4 31.59 40.04 84.83
ynao_sd_19880421_0030_wang 10 10 0 0 0 80.81 154.3 80.81 154.3 0 0
ynao_sd_19880422_0040_wang 6 6 0 0 0 39.48 54.95 39.48 54.95 0 0
ynao_sd_19880423_0200_wang 6 5 1 1 0 106.5 307.92 29.81 54.23 76.69 253.69
ynao_sd_19880424_0015_wang 3 2 1 1 0 145.4 300.01 22.73 41.64 122.67 258.37
ynao_sd_19880425_0015_wang 10 7 3 2 0 298.82 604.14 96.46 271.31 202.36 332.83
ynao_sd_19880426_0015_wang 26 17 9 4 0 556.04 909.04 157.57 274.69 398.47 634.35
ynao_sd_19880427_0005_wang 38 26 12 3 0 862.72 1148.13 221.06 303.44 641.66 844.69
ynao_sd_19880428_0300_wang 22 16 6 3 0 781.18 889.72 164.9 189.39 616.28 700.33
ynao_sd_19880429_0250_wang 25 21 4 2 0 739.59 783.72 187.33 202.52 552.26 581.2
ynao_sd_19880430_0002_wang 25 21 4 2 0 717.15 749.8 201.6 212.65 515.55 537.15
ynao_sd_19880501_0001_wang 37 33 4 2 0 782.83 901.3 238.33 319.51 544.5 581.79
ynao_sd_19880502_0001_wang 41 35 6 3 0 813.04 974.78 282.46 361.96 530.58 612.82
ynao_sd_19880503_0115_li 35 26 9 6 0 445.33 603.04 197.96 257.13 247.37 345.91
ynao_sd_19880504_0030_li 45 42 3 4 0 405.27 640.78 244.29 379.0 160.98 261.78
ynao_sd_19880505_0040_li 29 27 2 2 0 299.96 664.95 217.39 465.5 82.57 199.45
ynao_sd_19880506_0040_li 23 18 5 2 0 255.91 668.42 143.59 377.81 112.32 290.61
ynao_sd_19880507_0050_li 6 6 0 0 0 41.47 111.51 41.47 111.51 0 0
ynao_sd_19880508_0020_li 5 5 0 0 0 26.43 33.62 26.43 33.62 0 0
ynao_sd_19880509_0003_li 26 21 5 2 0 270.93 336.65 131.55 166.06 139.38 170.59
ynao_sd_19880510_0110_li 31 28 3 1 0 352.79 391.46 160.24 184.58 192.55 206.88
ynao_sd_19880511_0030_li 28 25 3 1 0 362.12 392.5 139.27 163.69 222.85 228.81
ynao_sd_19880512_0002_li 16 13 3 1 0 197.43 203.54 68.54 70.71 128.89 132.83
ynao_sd_19880513_0030_li 9 9 0 0 0 44.97 48.67 44.97 48.67 0 0
ynao_sd_19880514_0135_li 10 10 0 0 0 43.0 51.35 43.0 51.35 0 0
ynao_sd_19880516_0030_wang 21 21 0 0 0 124.82 189.71 124.82 189.71 0 0
ynao_sd_19880517_0300_wang 31 26 5 3 0 345.51 512.74 164.34 221.63 181.17 291.11
ynao_sd_19880518_0150_wang 18 17 1 2 0 262.26 418.97 114.79 204.67 147.47 214.3
ynao_sd_19880519_0120_wang 10 9 1 1 0 162.67 297.78 88.57 155.37 74.1 142.41
ynao_sd_19880520_0210_wang 7 6 1 1 0 89.87 260.8 44.01 123.23 45.86 137.57
ynao_sd_19880521_0130_wang 7 7 0 0 0 54.14 214.26 54.14 214.26 0 0
ynao_sd_19880522_0210_li 22 18 4 1 0 962.32 2660.08 173.74 781.12 788.58 1878.96
ynao_sd_19880523_0045_li 20 19 1 1 0 155.0 383.53 123.32 287.89 31.68 95.64
ynao_sd_19880524_0015_li 56 47 9 6 0 601.74 960.01 275.4 414.29 326.34 545.72
ynao_sd_19880525_0045_li 47 34 13 5 0 882.41 1188.28 223.96 302.23 658.45 886.05
ynao_sd_19880526_0040_li 80 67 13 6 0 1040.51 1248.15 455.66 543.74 584.85 704.41
ynao_sd_19880527_0050_li 88 79 9 5 0 1080.38 1205.18 473.88 528.05 606.5 677.13
ynao_sd_19880528_0020_li 98 84 14 4 0 1075.8 1176.05 459.22 508.93 616.58 667.12
ynao_sd_19880529_0020_li 93 80 13 6 0 891.25 992.14 427.76 474.73 463.49 517.41
ynao_sd_19880530_0010_li 71 64 7 2 0 780.84 931.6 361.01 429.83 419.83 501.77
ynao_sd_19880601_0120_li 21 15 6 3 0 305.02 490.57 105.4 191.5 199.62 299.07
ynao_sd_19880602_0110_li 17 14 3 2 0 254.84 592.9 112.95 289.71 141.89 303.19
ynao_sd_19880603_0100_li 19 12 7 4 0 477.54 1218.66 126.82 316.35 350.72 902.31
ynao_sd_19880604_0140_li 16 12 4 1 0 309.06 441.74 94.13 140.59 214.93 301.15
ynao_sd_19880605_0150_li 18 16 2 1 0 285.89 348.31 88.03 110.37 197.86 237.94
ynao_sd_19880606_0115_li 38 31 7 5 0 762.51 1539.28 198.6 310.2 563.91 1229.08
ynao_sd_19880607_0340_wang 64 47 17 6 0 1328.91 2071.56 366.14 554.56 962.77 1517.0
ynao_sd_19880608_0020_wang 69 37 32 9 0 1701.5 2408.03 410.51 569.87 1290.99 1838.16
ynao_sd_19880609_0150_wang 88 72 16 13 0 1425.45 2016.85 488.11 685.04 937.34 1331.81
ynao_sd_19880610_0050_wang 81 69 12 7 0 1040.24 1630.38 423.7 582.52 616.54 1047.86
ynao_sd_19880611_0020_wang 65 62 3 2 0 516.31 625.05 326.96 425.41 189.35 199.64
ynao_sd_19880612_0020_wang 54 51 3 2 0 391.34 429.2 269.58 296.77 121.76 132.43
ynao_sd_19880613_0220_wang 29 28 1 1 0 211.94 253.35 135.24 161.26 76.7 92.09
ynao_sd_19880614_0050_wang 6 4 2 1 0 73.01 99.51 26.56 34.89 46.45 64.62
ynao_sd_19880615_0630_wang 8 5 3 2 0 351.0 1059.83 88.38 231.78 262.62 828.05
ynao_sd_19880616_0220_wang 21 16 5 3 0 587.69 1190.71 150.83 291.5 436.86 899.21
ynao_sd_19880617_0130_wang 16 13 3 3 0 691.65 1067.74 159.48 265.22 532.17 802.52
ynao_sd_19880618_0040_wang 9 6 3 2 0 677.85 851.4 136.12 170.86 541.73 680.54
ynao_sd_19880620_0325_wang 39 35 4 3 0 985.67 1108.68 309.42 337.49 676.25 771.19
ynao_sd_19880621_0250_wang 40 34 6 5 0 1145.4 1272.26 301.16 343.85 844.24 928.41
ynao_sd_19880622_0020_wang 69 59 10 5 0 1140.85 1269.06 394.3 441.46 746.55 827.6
ynao_sd_19880623_0620_wang 51 30 21 5 0 1513.73 1886.74 367.22 456.88 1146.51 1429.86
ynao_sd_19880624_0020_wang 45 15 30 5 0 1684.91 2593.28 332.84 500.58 1352.07 2092.7
ynao_sd_19880625_0150_wang 44 25 19 3 0 1359.36 2580.38 330.01 580.11 1029.35 2000.27
ynao_sd_19880626_0400_wang 35 16 19 4 0 1679.77 5788.96 259.68 794.08 1420.09 4994.88
ynao_sd_19880627_0835_li 45 28 17 3 0 2463.51 5042.14 468.41 921.28 1995.1 4120.86
ynao_sd_19880628_0025_li 54 29 25 2 0 3353.8 5590.8 546.47 878.49 2807.33 4712.31
ynao_sd_19880629_0050_li 65 31 34 5 0 4729.13 6357.19 729.75 976.92 3999.38 5380.27
ynao_sd_19880630_0110_li 97 53 44 7 1 5812.56 6845.49 863.74 1022.24 4948.82 5823.25
ynao_sd_19880701_0800_li 47 19 28 5 0 5042.47 5489.39 612.81 668.37 4429.66 4821.02
ynao_sd_19880704_0810_wang 32 3 29 2 0 3524.84 4451.03 351.19 443.66 3173.65 4007.37
ynao_sd_19880705_0840_wang 70 24 46 4 0 2824.98 4294.47 447.92 718.23 2377.06 3576.24
ynao_sd_19880706_0510_wang 42 17 25 2 0 1951.73 3706.24 328.31 645.65 1623.42 3060.59
ynao_sd_19880707_0205_wang 24 10 14 6 0 1045.29 2732.75 176.62 463.1 868.67 2269.65
ynao_sd_19880708_0340_wang 8 5 3 1 0 257.04 1144.3 90.7 425.27 166.34 719.03
ynao_sd_19880709_0105_wang 0 0 0 0 0 0 0 0 0 0 0
ynao_sd_19880710_0140_wang 2 2 0 0 0 11.13 12.14 11.13 12.14 0 0
ynao_sd_19880711_0500_li 2 1 1 1 0 46.16 226.77 10.64 34.68 35.52 192.09
ynao_sd_19880712_0140_li 10 6 4 2 0 677.56 3043.61 75.97 268.72 601.59 2774.89
ynao_sd_19880713_0020_li 17 6 11 5 1 826.74 2052.34 167.52 416.63 659.22 1635.71
ynao_sd_19880714_0120_li 29 16 13 7 0 1471.97 2568.57 304.85 546.12 1167.12 2022.45
ynao_sd_19880715_0515_li 54 34 20 8 0 2130.22 2879.44 419.51 569.93 1710.71 2309.51
ynao_sd_19880716_0250_li 63 43 20 7 1 2347.99 2834.02 493.53 598.44 1854.46 2235.58
ynao_sd_19880717_0220_li 80 57 23 8 0 2457.33 2760.64 536.88 605.75 1920.45 2154.89
ynao_sd_19880718_0150_li 96 77 19 6 0 2462.15 2775.43 638.32 765.89 1823.83 2009.54
ynao_sd_19880719_0055_li 97 74 23 6 0 1827.89 2119.46 701.32 821.7 1126.57 1297.76
ynao_sd_19880720_0005_li 50 38 12 8 0 1588.23 2007.59 353.48 452.93 1234.75 1554.66
ynao_sd_19880721_0210_li 54 44 10 10 0 1315.19 2018.29 357.6 545.6 957.59 1472.69
ynao_sd_19880722_0220_li 35 26 9 6 0 907.51 1845.36 296.69 598.9 610.82 1246.46
ynao_sd_19880725_0910_wang 17 14 3 2 0 217.35 396.48 83.87 154.62 133.48 241.86
ynao_sd_19880726_0010_wang 27 17 10 3 0 490.85 790.07 128.45 208.73 362.4 581.34
ynao_sd_19880727_0045_wang 37 24 13 3 0 1096.91 1471.51 234.0 336.24 862.91 1135.27
ynao_sd_19880728_0240_wang 24 17 7 3 0 1046.45 1219.43 167.67 195.62 878.78 1023.81
ynao_sd_19880731_0300_wang 27 17 10 2 0 856.01 1038.41 171.6 221.48 684.41 816.93
ynao_sd_19880801_0020_wang 24 13 11 2 0 828.13 1099.01 120.71 160.94 707.42 938.07
ynao_sd_19880802_0040_wang 37 23 14 3 0 561.18 888.82 180.22 276.29 380.96 612.53
ynao_sd_19880803_0100_wang 19 12 7 1 0 143.57 285.61 108.3 205.32 35.27 80.29
ynao_sd_19880804_0130_wang 7 4 3 1 0 178.59 546.28 31.2 62.69 147.39 483.59
ynao_sd_19880805_0950_wang 9 9 0 0 0 49.05 52.91 49.05 52.91 0 0
ynao_sd_19880806_0610_wang 25 25 0 0 0 153.12 356.26 153.12 356.26 0 0
ynao_sd_19880807_0800_wang 51 39 12 5 0 708.51 959.66 291.79 359.55 416.72 600.11
ynao_sd_19880808_0050_li 37 24 13 8 0 710.0 956.65 196.33 246.42 513.67 710.23
ynao_sd_19880809_0110_wang 41 16 25 5 0 1533.34 2664.78 271.25 479.01 1262.09 2185.77
ynao_sd_19880810_0925_wang 32 15 17 4 0 1566.29 2907.34 283.6 527.99 1282.69 2379.35
ynao_sd_19880811_0040_wang 23 13 10 4 0 1296.82 2733.25 227.78 458.37 1069.04 2274.88
ynao_sd_19880812_0300_li 12 7 5 3 0 762.45 1126.02 102.76 140.26 659.69 985.76
ynao_sd_19880813_0345_li 8 4 4 2 0 679.19 784.02 83.26 94.42 595.93 689.6
ynao_sd_19880814_0310_li 12 7 5 2 0 668.99 755.05 107.51 121.82 561.48 633.23
ynao_sd_19880815_0040_li 13 10 3 2 0 692.25 798.29 136.24 156.87 556.01 641.42
ynao_sd_19880816_0540_li 10 9 1 1 0 501.18 631.54 118.52 149.35 382.66 482.19
ynao_sd_19880817_0620_li 12 11 1 2 0 458.66 671.69 99.1 142.43 359.56 529.26
ynao_sd_19880818_0800_li 4 3 1 1 0 242.15 456.09 43.53 78.59 198.62 377.5
ynao_sd_19880819_0700_li 1 0 1 1 0 199.19 542.72 26.68 73.95 172.51 468.77
ynao_sd_19880825_0830_wang 6 2 4 1 0 263.84 1047.96 41.06 175.42 222.78 872.54
ynao_sd_19880826_0800_wang 8 3 5 2 0 516.42 1203.74 103.12 274.05 413.3 929.69
ynao_sd_19880827_0730_wang 18 4 14 6 0 1111.78 2943.8 164.12 408.42 947.66 2535.38
ynao_sd_19880828_0750_wang 35 14 21 8 0 1687.04 3449.09 270.85 551.53 1416.19 2897.56
ynao_sd_19880829_0900_li 56 30 26 15 0 1955.97 3226.24 345.04 554.88 1610.93 2671.36
ynao_sd_19880830_0540_li 69 36 33 11 0 2642.62 3781.03 469.18 641.67 2173.44 3139.36
ynao_sd_19880901_0040_li 74 35 39 7 1 3634.88 4308.96 595.07 703.27 3039.81 3605.69
ynao_sd_19880902_0800_li 51 19 32 8 0 2809.61 3263.07 405.6 469.87 2404.01 2793.2
ynao_sd_19880903_0720_li 51 26 25 11 0 2670.91 3244.01 474.06 570.1 2196.85 2673.91
ynao_sd_19880904_0430_li 80 55 25 7 1 2088.09 2744.54 483.5 633.26 1604.59 2111.28
ynao_sd_19880906_0605_wang 35 20 15 3 0 1272.61 2259.91 272.89 465.86 999.72 1794.05
ynao_sd_19880907_0430_wang 24 12 12 5 0 965.31 2234.91 168.44 382.23 796.87 1852.68
ynao_sd_19880908_0345_wang 18 13 5 5 0 590.78 1677.41 124.25 324.11 466.53 1353.3
ynao_sd_19880909_0210_wang 12 9 3 3 0 301.61 678.37 66.39 98.12 235.22 580.25
ynao_sd_19880910_0245_wang 17 15 2 2 0 220.32 262.71 93.85 119.04 126.47 143.67
ynao_sd_19880911_0930_wang 12 9 3 3 0 270.28 669.51 90.97 278.45 179.31 391.06
ynao_sd_19880912_0215_li 16 13 3 2 0 314.66 672.49 107.98 219.12 206.68 453.37
ynao_sd_19880913_0545_li 17 12 5 3 0 579.52 972.76 120.49 176.97 459.03 795.79
ynao_sd_19880915_0140_li 19 13 6 4 0 524.43 652.4 126.41 166.34 398.02 486.06
ynao_sd_19880916_0035_li 19 16 3 3 0 510.58 573.91 136.0 167.46 374.58 406.45
ynao_sd_19880917_0100_li 26 23 3 2 0 627.94 919.64 196.34 342.95 431.6 576.69
ynao_sd_19880918_0120_li 26 21 5 3 0 655.15 823.23 137.3 179.8 517.85 643.43
ynao_sd_19880919_0410_wang 18 14 4 2 0 733.35 955.2 166.78 238.56 566.57 716.64
ynao_sd_19880920_0530_wang 22 17 5 3 0 722.52 950.46 149.86 202.18 572.66 748.28
ynao_sd_19880921_1040_wang 10 7 3 2 0 516.54 637.79 85.85 101.8 430.69 535.99
ynao_sd_19880922_0310_wang 50 43 7 4 0 1222.93 1704.84 361.43 480.5 861.5 1224.34
ynao_sd_19880923_0055_li 71 61 10 3 0 1011.25 1383.63 398.84 533.35 612.41 850.28
ynao_sd_19880924_0250_li 40 35 5 2 0 621.38 869.11 221.99 340.03 399.39 529.08
ynao_sd_19880925_0045_wang 14 9 5 2 0 462.95 671.66 91.0 128.69 371.95 542.97
ynao_sd_19880930_0730_li 28 20 8 1 1 859.18 1141.24 209.12 272.84 650.06 868.4
ynao_sd_19881001_0550_wang 9 8 1 3 0 1027.58 1668.23 157.59 190.35 869.99 1477.88
ynao_sd_19881003_0840_wang 52 36 16 5 0 2160.54 3255.3 436.65 640.02 1723.89 2615.28
ynao_sd_19881006_0740_li 50 34 16 4 0 1977.48 2536.4 427.56 570.16 1549.92 1966.24
ynao_sd_19881007_0100_li 71 63 8 2 0 2279.11 2969.63 612.22 757.7 1666.89 2211.93
ynao_sd_19881009_0640_wang 50 34 16 5 0 2222.39 2833.81 543.92 679.77 1678.47 2154.04
ynao_sd_19881010_0540_li 48 38 10 5 0 1859.01 2608.02 435.4 599.23 1423.61 2008.79
ynao_sd_19881011_0440_li 37 23 14 4 0 1674.95 2725.11 355.66 565.07 1319.29 2160.04
ynao_sd_19881014_0105_li 15 13 2 2 0 755.86 2508.99 90.93 140.96 664.93 2368.03
ynao_sd_19881016_0130_wang 13 11 2 2 0 276.38 345.58 78.98 121.54 197.4 224.04
ynao_sd_19881020_0300_hong 11 9 2 2 0 218.31 445.52 91.54 197.6 126.77 247.92
ynao_sd_19881021_0240_hong 8 7 1 1 0 198.11 280.2 65.35 100.68 132.76 179.52
ynao_sd_19881022_0520_hong 4 3 1 1 0 199.41 293.94 43.67 88.26 155.74 205.68
ynao_sd_19881023_0140_wang 1 0 1 1 0 146.01 198.64 16.09 21.84 129.92 176.8
ynao_sd_19881024_0810_li 1 0 1 1 0 117.21 175.38 8.55 12.77 108.66 162.61
ynao_sd_19881025_0050_li 1 0 1 1 0 88.87 147.77 10.12 16.8 78.75 130.97
ynao_sd_19881026_0045_li 6 4 2 3 0 289.63 474.92 36.6 73.35 253.03 401.57
ynao_sd_19881027_0100_li 3 1 2 2 0 335.87 519.62 84.72 167.46 251.15 352.16
ynao_sd_19881028_0100_li 3 1 2 2 0 312.28 479.41 56.15 136.96 256.13 342.45
ynao_sd_19881029_0115_li 12 9 3 3 0 480.55 1355.22 100.97 318.47 379.58 1036.75
ynao_sd_19881030_0130_li 23 18 5 4 0 676.17 1394.73 149.08 286.88 527.09 1107.85
ynao_sd_19881031_0100_hong 39 32 7 4 0 1034.15 1653.21 328.14 488.54 706.01 1164.67
ynao_sd_19881101_0140_hong 46 31 15 8 0 1496.29 2210.65 405.45 567.29 1090.84 1643.36
ynao_sd_19881102_0110_hong 33 25 8 5 0 1398.73 1878.56 461.17 605.04 937.56 1273.52
ynao_sd_19881103_0410_hong 33 23 10 7 0 1635.1 1981.69 468.08 554.32 1167.02 1427.37
ynao_sd_19881105_0210_hong 30 23 7 2 0 1764.9 1994.41 444.96 503.01 1319.94 1491.4
ynao_sd_19881106_0540_hong 36 25 11 4 0 1851.92 2307.01 386.8 486.17 1465.12 1820.84
ynao_sd_19881107_0115_wang 37 27 10 2 0 1474.1 2058.75 332.84 470.18 1141.26 1588.57
ynao_sd_19881108_0115_wang 23 13 10 3 0 1193.32 2053.27 233.91 407.79 959.41 1645.48
ynao_sd_19881109_0100_wang 18 15 3 2 0 629.72 1448.02 199.34 442.28 430.38 1005.74
ynao_sd_19881110_0110_wang 10 8 2 2 0 492.04 1640.77 125.33 239.74 366.71 1401.03
ynao_sd_19881111_0910_wang 20 14 6 3 0 241.87 567.74 129.2 179.69 112.67 388.05
ynao_sd_19881112_0500_wang 20 15 5 3 0 362.3 406.21 129.61 145.88 232.69 260.33
ynao_sd_19881113_0100_wang 22 18 4 2 0 433.65 501.23 133.95 154.25 299.7 346.98
ynao_sd_19881114_0240_hong 23 14 9 5 0 575.28 727.66 166.65 208.45 408.63 519.21
ynao_sd_19881115_0110_hong 34 26 8 6 0 515.31 746.7 194.69 278.59 320.62 468.11
ynao_sd_19881116_0220_hong 22 11 11 6 0 505.33 913.28 136.78 240.71 368.55 672.57
ynao_sd_19881117_0210_hong 19 13 6 6 0 500.45 1149.6 191.9 427.56 308.55 722.04
ynao_sd_19881120_0550_hong 3 2 1 1 0 72.36 154.38 19.5 39.75 52.86 114.63
ynao_sd_19881121_0200_hong 15 15 0 1 0 132.06 289.91 79.66 126.76 52.4 163.15
ynao_sd_19881122_0520_wang 18 17 1 1 0 246.87 439.35 132.64 215.8 114.23 223.55
ynao_sd_19881123_0120_wang 25 22 3 1 0 303.58 491.16 162.25 270.47 141.33 220.69
ynao_sd_19881125_0130_wang 15 11 4 3 0 362.63 1095.62 107.77 400.27 254.86 695.35
ynao_sd_19881126_0330_wang 13 7 6 5 0 591.12 1356.4 107.93 250.98 483.19 1105.42
ynao_sd_19881129_0840_li 42 39 3 3 0 824.61 973.46 259.76 331.03 564.85 642.43
ynao_sd_19881130_0830_li 28 23 5 3 0 768.4 841.21 210.5 248.56 557.9 592.65
ynao_sd_19881202_0820_li 36 33 3 3 0 902.58 987.2 244.52 277.3 658.06 709.9
ynao_sd_19881203_0520_li 30 22 8 4 0 1024.71 1191.54 204.72 272.69 819.99 918.85
ynao_sd_19881204_0830_li 32 24 8 5 0 907.96 1136.0 203.81 242.53 704.15 893.47
ynao_sd_19881205_0340_hong 40 33 7 7 0 1037.21 1971.36 371.71 598.67 665.5 1372.69
ynao_sd_19881206_0350_hong 33 25 8 9 0 996.77 2177.12 305.05 641.06 691.72 1536.06
ynao_sd_19881207_0120_hong 37 31 6 5 0 699.35 1381.77 277.28 505.97 422.07 875.8
ynao_sd_19881208_0140_hong 28 23 5 3 0 546.08 866.79 189.48 290.2 356.6 576.59
ynao_sd_19881210_0705_hong 28 20 8 6 0 720.88 1290.14 204.13 365.64 516.75 924.5
ynao_sd_19881211_0710_hong 59 48 11 9 0 1106.16 1861.7 405.32 663.27 700.84 1198.43
ynao_sd_19881212_0330_wang 65 52 13 9 0 1223.64 1743.62 373.88 541.16 849.76 1202.46
ynao_sd_19881214_0945_wang 31 9 22 13 0 1270.72 1593.25 219.42 272.31 1051.3 1320.94
ynao_sd_19881215_0640_wang 14 7 7 7 1 3039.84 3811.23 268.64 421.25 2771.2 3389.98
ynao_sd_19881216_0350_wang 55 43 12 9 0 1384.87 1651.4 374.78 456.27 1010.09 1195.13
ynao_sd_19881217_0500_wang 48 35 13 5 0 1251.0 1618.17 289.32 384.87 961.68 1233.3
ynao_sd_19881218_0200_wang 52 42 10 5 0 1274.44 1729.78 384.8 529.21 889.64 1200.57
ynao_sd_19881219_0110_hong 60 48 12 10 0 1258.78 1833.67 408.76 580.9 850.02 1252.77
ynao_sd_19881220_0120_hong 54 43 11 9 0 1096.93 1780.46 395.07 634.65 701.86 1145.81
ynao_sd_19881221_0110_hong 37 27 10 7 0 784.85 1282.2 235.05 344.93 549.8 937.27
ynao_sd_19881222_0120_hong 42 34 8 7 0 676.03 1948.93 286.19 672.87 389.84 1276.06
ynao_sd_19881223_0110_hong 51 37 14 10 0 873.57 2171.58 317.65 686.33 555.92 1485.25
ynao_sd_19881224_0115_hong 30 23 7 6 0 641.75 1310.53 233.94 453.25 407.81 857.28
ynao_sd_19881225_0110_hong 28 21 7 4 0 561.63 1045.86 204.34 378.77 357.29 667.09
ynao_sd_19881226_0120_wang 46 36 10 5 0 700.68 893.54 264.1 367.21 436.58 526.33
ynao_sd_19881227_0200_wang 59 42 17 9 0 1226.55 1381.53 356.44 414.74 870.11 966.79
ynao_sd_19881228_0135_wang 80 57 23 11 1 1974.89 2127.23 521.88 585.39 1453.01 1541.84
ynao_sd_19881229_0710_wang 103 79 24 13 0 2025.6 2190.1 565.2 639.73 1460.4 1550.37
ynao_sd_19881230_0140_wang 111 87 24 13 0 1959.86 2211.14 589.52 659.03 1370.34 1552.11
ynao_sd_19881231_0105_wang 101 77 24 10 0 1774.9 2149.17 575.4 694.22 1199.5 1454.95
