ynao_sd_19890101_0230_wang 76 59 17 14 0 1477.63 1931.76 504.13 663.37 973.5 1268.39
ynao_sd_19890102_0130_li 87 68 19 7 0 1273.75 1753.27 458.34 666.32 815.41 1086.95
ynao_sd_19890103_0130_li 59 41 18 6 0 951.62 1361.8 330.58 511.62 621.04 850.18
ynao_sd_19890104_0500_li 31 23 8 8 0 725.3 1431.32 219.96 439.4 505.34 991.92
ynao_sd_19890105_0130_li 47 38 9 7 0 793.41 1802.22 308.1 654.66 485.31 1147.56
ynao_sd_19890106_0120_li 36 27 9 5 0 697.44 1420.33 231.08 528.57 466.36 891.76
ynao_sd_19890107_0130_li 53 42 11 4 0 2158.4 5890.01 407.96 1097.66 1750.44 4792.35
ynao_sd_19890108_0125_wang 86 57 29 7 0 2528.51 5443.07 592.48 1192.48 1936.03 4250.59
ynao_sd_19890109_0120_hong 95 64 31 8 0 3048.34 4720.78 878.92 1312.3 2169.42 3408.48
ynao_sd_19890110_0130_hong 110 68 42 6 0 4787.96 6473.34 1043.47 1402.93 3744.49 5070.41
ynao_sd_19890111_0130_hong 119 72 47 7 0 4109.76 4953.42 1206.47 1490.19 2903.29 3463.23
ynao_sd_19890112_0130_hong 100 56 44 7 1 4515.54 5373.31 1182.18 1423.58 3333.36 3949.73
ynao_sd_19890115_0410_hong 83 50 33 5 1 4539.76 5729.35 1063.05 1316.46 3476.71 4412.89
ynao_sd_19890116_0410_wang 50 21 29 5 0 3621.49 5018.3 718.26 960.02 2903.23 4058.28
ynao_sd_19890117_0300_wang 41 14 27 4 1 3050.76 4709.73 482.8 722.11 2567.96 3987.62
ynao_sd_19890118_0300_wang 54 25 29 2 0 2183.92 3969.43 509.93 932.15 1673.99 3037.28
ynao_sd_19890119_0110_wang 36 26 10 3 0 1462.69 3315.57 398.29 891.33 1064.4 2424.24
ynao_sd_19890120_0130_wang 17 9 8 3 0 851.83 2684.89 145.19 361.5 706.64 2323.39
ynao_sd_19890121_0120_wang 3 2 1 1 0 222.77 351.58 55.35 84.05 167.42 267.53
ynao_sd_19890122_0340_wang 15 12 3 2 0 306.34 1022.96 139.48 496.92 166.86 526.04
ynao_sd_19890123_0150_li 33 32 1 2 1 1536.93 4514.84 209.92 595.97 1327.01 3918.87
ynao_sd_19890124_0130_li 36 28 8 4 0 709.57 1552.85 206.33 404.75 503.24 1148.1
ynao_sd_19890125_0240_li 42 33 9 7 0 715.36 1104.58 236.59 354.1 478.77 750.48
ynao_sd_19890126_0105_li 59 53 6 4 0 875.52 1347.87 352.94 656.89 522.58 690.98
ynao_sd_19890127_0200_li 111 100 11 8 0 1189.5 1603.45 550.19 729.86 639.31 873.59
ynao_sd_19890128_0120_li 129 117 12 7 0 1158.27 1381.28 571.05 676.82 587.22 704.46
ynao_sd_19890129_0110_li 153 135 18 8 0 1351.32 1511.2 711.45 789.83 639.87 721.37
ynao_sd_19890130_0120_hong 126 106 20 9 0 1680.83 1866.84 824.98 904.17 855.85 962.67
ynao_sd_19890131_0130_hong 93 74 19 13 0 1447.44 1768.76 565.42 664.49 882.02 1104.27
ynao_sd_19890201_0800_hong 78 64 14 11 0 1079.85 1598.86 437.97 579.59 641.88 1019.27
ynao_sd_19890203_0750_hong 60 51 9 5 0 936.29 1223.99 392.9 539.05 543.39 684.94
ynao_sd_19890204_0830_hong 31 22 9 7 0 746.79 1107.95 226.98 353.79 519.81 754.16
ynao_sd_19890206_0200_li 19 16 3 2 0 283.57 329.08 109.37 144.69 174.2 184.39
ynao_sd_19890207_0200_wang 12 9 3 3 0 312.42 417.6 91.62 152.9 220.8 264.7
ynao_sd_19890208_0250_wang 17 12 5 4 0 365.64 925.8 155.31 479.55 210.33 446.25
ynao_sd_19890209_0120_wang 23 15 8 7 0 569.57 1372.1 137.04 285.55 432.53 1086.55
ynao_sd_19890210_0520_wang 29 19 10 6 0 781.01 1301.37 241.59 367.89 539.42 933.48
ynao_sd_19890211_0850_wang 40 32 8 6 0 969.05 1320.47 262.36 359.15 706.69 961.32
ynao_sd_19890212_0240_wang 44 30 14 6 0 1143.59 1355.68 268.24 314.25 875.35 1041.43
ynao_sd_19890213_0130_li 69 60 9 4 0 1017.23 1127.0 415.21 468.63 602.02 658.37
ynao_sd_19890214_0105_li 72 42 30 4 0 1596.82 1644.98 475.48 493.31 1121.34 1151.67
ynao_sd_19890215_0545_li 50 26 24 6 0 2019.83 2082.56 339.92 359.86 1679.91 1722.7
ynao_sd_19890216_0200_li 64 33 31 8 0 1869.01 2120.34 375.2 454.49 1493.81 1665.85
ynao_sd_19890217_0105_li 62 46 16 9 0 1453.46 1812.25 391.74 512.8 1061.72 1299.45
ynao_sd_19890218_0110_li 78 65 13 7 0 1076.94 1400.7 416.73 555.95 660.21 844.75
ynao_sd_19890219_0115_li 83 67 16 4 0 1036.12 1300.37 491.47 675.09 544.65 625.28
ynao_sd_19890220_0120_hong 71 60 11 5 0 1121.66 1381.48 513.2 692.55 608.46 688.93
ynao_sd_19890221_0110_hong 86 70 16 5 0 1291.57 1503.49 568.3 711.86 723.27 791.63
ynao_sd_19890222_0120_hong 78 61 17 8 0 1532.83 1754.01 555.82 639.06 977.01 1114.95
ynao_sd_19890223_0110_hong 76 57 19 8 0 1881.07 2330.47 619.88 746.09 1261.19 1584.38
ynao_sd_19890224_0110_hong 66 44 22 9 0 1909.38 2886.62 532.16 806.99 1377.22 2079.63
ynao_sd_19890225_0105_hong 57 47 10 5 1 1238.13 2445.4 511.1 848.44 727.03 1596.96
ynao_sd_19890226_0530_hong 42 36 6 4 0 576.56 1245.68 299.69 510.01 276.87 735.67
ynao_sd_19890227_0115_wang 54 52 2 4 0 331.51 470.85 267.19 397.67 64.32 73.18
ynao_sd_19890228_0105_wang 35 30 5 3 0 334.42 378.13 217.95 269.73 116.47 108.4
ynao_sd_19890301_0120_wang 30 29 1 2 0 257.24 282.8 168.84 191.19 88.4 91.61
ynao_sd_19890302_0120_wang 24 23 1 1 0 187.41 215.32 159.18 186.05 28.23 29.27
ynao_sd_19890303_0125_wang 14 14 0 0 0 94.34 121.14 94.34 121.14 0 0
ynao_sd_19890304_0130_wang 7 6 1 1 0 74.58 196.23 36.93 72.72 37.65 123.51
ynao_sd_19890305_0610_wang 5 4 1 1 0 82.54 145.0 29.73 47.6 52.81 97.4
ynao_sd_19890306_0535_li 3 0 3 1 0 58.02 82.09 9.46 13.37 48.56 68.72
ynao_sd_19890308_0740_li 13 13 0 0 0 93.33 167.66 93.33 167.66 0 0
ynao_sd_19890309_0250_li 27 24 3 2 0 242.26 406.69 157.41 271.43 84.85 135.26
ynao_sd_19890310_0125_li 35 32 3 2 0 271.28 380.78 191.52 270.18 79.76 110.6
ynao_sd_19890311_0115_li 47 45 2 2 0 334.28 415.86 233.2 288.1 101.08 127.76
ynao_sd_19890312_0015_li 30 17 13 2 0 748.16 841.32 174.13 197.71 574.03 643.61
ynao_sd_19890313_0200_hong 35 25 10 3 0 968.46 1486.43 296.9 389.78 671.56 1096.65
ynao_sd_19890314_0110_hong 47 38 9 4 0 1037.36 1421.33 320.06 430.44 717.3 990.89
ynao_sd_19890315_0130_hong 59 51 8 2 0 1149.73 1471.87 440.75 537.8 708.98 934.07
ynao_sd_19890316_0120_hong 52 42 10 5 0 1105.52 1342.16 364.31 457.39 741.21 884.77
ynao_sd_19890317_0110_hong 49 42 7 4 0 978.53 1207.46 350.03 454.99 628.5 752.47
ynao_sd_19890318_0130_hong 38 32 6 3 0 830.03 1106.43 309.73 397.73 520.3 708.7
ynao_sd_19890319_0410_hong 25 19 6 4 0 604.23 868.69 185.27 258.69 418.96 610.0
ynao_sd_19890320_0120_wang 51 48 3 2 0 530.36 707.68 347.37 476.34 182.99 231.34
ynao_sd_19890322_0100_wang 44 25 19 7 0 1339.54 2272.86 281.44 442.35 1058.1 1830.51
ynao_sd_19890324_0150_wang 34 23 11 6 0 1200.22 1633.64 252.01 341.75 948.21 1291.89
ynao_sd_19890325_0120_wang 24 12 12 4 0 1112.35 1282.43 210.58 253.49 901.77 1028.94
ynao_sd_19890326_0100_wang 34 23 11 4 0 1063.26 1168.56 231.77 275.71 831.49 892.85
ynao_sd_19890327_0620_li 55 45 10 4 0 815.57 866.77 311.61 330.92 503.96 535.85
ynao_sd_19890328_0500_li 45 35 10 3 0 798.13 891.11 243.76 281.85 554.37 609.26
ynao_sd_19890329_0120_li 29 22 7 3 0 547.7 689.35 185.9 262.47 361.8 426.88
ynao_sd_19890330_0120_li 30 26 4 2 0 721.59 1746.12 237.44 585.69 484.15 1160.43
ynao_sd_19890331_0045_li 26 16 10 4 0 1219.52 2468.64 212.31 412.32 1007.21 2056.32
ynao_sd_19890401_0040_li 38 21 17 7 0 1480.07 2344.7 315.38 507.29 1164.69 1837.41
ynao_sd_19890402_0100_li 66 43 23 6 0 1846.16 2459.11 437.16 697.63 1409.0 1761.48
ynao_sd_19890403_0110_hong 76 42 34 9 0 2470.8 3085.62 535.49 689.92 1935.31 2395.7
ynao_sd_19890404_0115_hong 72 42 30 10 0 2843.61 3196.8 681.22 788.92 2162.39 2407.88
ynao_sd_19890405_0110_hong 74 53 21 11 1 2612.88 2860.75 716.75 790.56 1896.13 2070.19
ynao_sd_19890406_0120_hong 64 44 20 7 0 2580.41 2804.93 696.09 752.65 1884.32 2052.28
ynao_sd_19890407_0110_hong 76 60 16 7 0 2499.6 2860.8 617.04 699.6 1882.56 2161.2
ynao_sd_19890408_0140_hong 48 35 13 7 0 1835.22 2374.12 470.71 587.02 1364.51 1787.1
ynao_sd_19890409_0710_hong 35 22 13 6 0 1268.86 2166.14 320.0 507.81 948.86 1658.33
ynao_sd_19890410_0235_wang 37 25 12 5 0 932.06 1892.6 236.01 404.85 696.05 1487.75
ynao_sd_19890411_0300_wang 19 17 2 1 0 172.72 230.6 143.84 262.02 28.88 31.42
ynao_sd_19890412_0150_wang 33 30 3 1 0 260.1 416.36 179.61 279.14 80.49 137.22
ynao_sd_19890413_0230_wang 17 13 4 2 0 368.32 505.19 118.07 174.52 250.25 330.67
ynao_sd_19890414_0100_wang 13 8 5 2 0 468.02 554.56 89.49 113.06 378.53 441.5
ynao_sd_19890415_0050_wang 39 34 5 4 0 745.76 817.17 288.86 324.37 456.9 492.8
ynao_sd_19890416_0210_wang 33 23 10 4 0 1022.45 1630.09 271.17 624.46 751.28 1005.63
ynao_sd_19890417_0105_li 59 47 12 5 0 1127.95 1694.52 390.89 884.89 737.06 809.63
ynao_sd_19890418_0055_li 74 57 17 6 0 1576.83 2284.64 499.65 699.76 1077.18 1584.88
ynao_sd_19890419_0020_li 70 59 11 6 0 1571.72 2257.46 432.67 595.04 1139.05 1662.42
ynao_sd_19890420_0150_li 53 47 6 3 0 1406.31 2029.65 420.78 585.15 985.53 1444.5
ynao_sd_19890421_0050_li 62 58 4 4 0 1352.05 2007.63 456.82 621.66 895.23 1385.97
ynao_sd_19890422_0120_li 48 41 7 4 0 1145.44 1756.67 341.06 455.47 804.38 1301.2
ynao_sd_19890423_0055_li 39 33 6 4 0 1061.92 1175.69 312.95 360.62 748.97 815.07
ynao_sd_19890424_0420_hong 51 40 11 5 0 1254.92 1452.16 434.65 503.0 820.27 949.16
ynao_sd_19890425_0410_hong 62 52 10 5 0 1595.16 1863.07 528.05 699.76 1067.11 1163.31
ynao_sd_19890426_0105_hong 73 60 13 9 0 1822.87 2957.3 595.98 928.65 1226.89 2028.65
ynao_sd_19890427_0110_hong 80 59 21 11 0 1820.96 2913.6 638.06 974.71 1182.9 1938.89
ynao_sd_19890428_0105_hong 90 74 16 12 0 2012.68 3187.31 717.78 1116.57 1294.9 2070.74
ynao_sd_19890429_0120_hong 75 63 12 7 0 1678.51 2775.97 530.47 808.62 1148.04 1967.35
ynao_sd_19890430_0420_hong 56 49 7 5 0 1491.94 2050.8 559.93 793.72 932.01 1257.08
ynao_sd_19890501_0001_wang 38 34 4 3 0 1178.54 1500.74 322.65 438.02 855.89 1062.72
ynao_sd_19890502_0100_wang 29 26 3 2 0 1069.54 1241.62 303.94 375.89 765.6 865.73
ynao_sd_19890503_0300_wang 37 32 5 3 0 1198.9 1349.42 391.36 431.59 807.54 917.83
ynao_sd_19890504_0800_wang 50 29 21 2 0 1584.28 1880.1 389.91 482.89 1194.37 1397.21
ynao_sd_19890505_0740_wang 41 23 18 2 0 1688.86 2278.13 372.85 513.67 1316.01 1764.46
ynao_sd_19890506_0050_wang 41 24 17 4 0 1548.03 2395.69 314.49 482.34 1233.54 1913.35
ynao_sd_19890507_0005_wang 29 17 12 6 0 1266.11 2538.43 215.27 396.64 1050.84 2141.79
ynao_sd_19890508_0025_li 65 56 9 5 0 837.54 2044.12 358.41 774.44 479.13 1269.68
ynao_sd_19890509_0010_li 61 54 7 2 0 760.41 1106.93 359.97 527.59 400.44 579.34
ynao_sd_19890510_0035_li 50 45 5 3 0 858.36 1156.69 310.12 475.86 548.24 680.83
ynao_sd_19890511_0045_li 58 49 9 3 0 832.49 979.82 300.74 358.2 531.75 621.62
ynao_sd_19890512_0030_li 43 37 6 4 0 757.7 889.77 244.32 295.05 513.38 594.72
ynao_sd_19890516_0150_hong 30 21 9 7 0 670.05 1186.38 204.87 386.09 465.18 800.29
ynao_sd_19890517_0100_hong 28 21 7 5 0 723.96 1160.17 209.4 326.06 514.56 834.11
ynao_sd_19890518_0105_hong 30 23 7 5 0 692.93 1142.15 220.37 331.25 472.56 810.9
ynao_sd_19890519_0050_hong 31 23 8 7 0 731.38 1262.27 207.43 343.5 523.95 918.77
ynao_sd_19890520_0830_hong 42 37 5 5 0 700.01 843.98 278.76 333.14 421.25 510.84
ynao_sd_19890521_0530_hong 52 43 9 7 0 1051.82 1197.6 433.35 495.26 618.47 702.34
ynao_sd_19890522_0120_wang 84 68 16 8 0 1524.84 1706.61 512.89 586.43 1011.95 1120.18
ynao_sd_19890526_0020_li 113 71 42 16 2 2574.48 3660.12 714.99 1005.45 1859.49 2654.67
ynao_sd_19890527_0035_wang 108 79 29 12 0 2442.42 3762.15 719.64 1078.8 1722.78 2683.35
ynao_sd_19890528_0040_wang 73 56 17 9 0 1900.66 3222.92 519.22 902.42 1381.44 2320.5
ynao_sd_19890531_0020_li 74 65 9 4 0 1265.94 1365.49 447.86 484.26 818.08 881.23
ynao_sd_19890602_0940_li 12 11 1 1 0 121.29 223.4 71.64 127.18 49.65 96.22
ynao_sd_19890603_0030_li 105 73 32 9 0 2151.89 3289.25 552.26 986.86 1599.63 2302.39
ynao_sd_19890604_0440_li 83 52 31 9 0 1942.44 4394.66 508.19 1032.92 1434.25 3361.74
ynao_sd_19890605_0320_hong 96 62 34 13 1 2289.22 5066.39 605.81 1135.61 1683.41 3930.78
ynao_sd_19890606_0100_hong 90 63 27 8 0 2000.77 3554.13 634.4 984.96 1366.37 2569.17
ynao_sd_19890607_0050_hong 69 57 12 6 0 1735.47 2210.73 564.76 701.53 1170.71 1509.2
ynao_sd_19890608_0100_hong 93 69 24 9 0 1681.44 2123.58 555.96 853.51 1125.48 1270.07
ynao_sd_19890609_0910_hong 60 42 18 7 0 1546.04 2204.42 388.67 487.82 1157.37 1716.6
ynao_sd_19890610_0110_hong 77 59 18 9 0 1695.73 2722.49 584.56 940.27 1111.17 1782.22
ynao_sd_19890611_0100_hong 100 70 30 13 0 2524.65 4032.58 731.14 1100.54 1793.51 2932.04
ynao_sd_19890612_0050_wang 123 79 44 18 0 3172.4 4560.78 746.55 1055.29 2425.85 3505.49
ynao_sd_19890613_0025_wang 112 77 35 14 0 3123.39 4214.53 696.77 967.49 2426.62 3247.04
ynao_sd_19890614_0820_wang 108 71 37 15 0 3452.33 4663.44 804.84 1158.73 2647.49 3504.71
ynao_sd_19890615_0600_wang 91 60 31 12 1 3228.6 4297.28 596.51 842.97 2632.09 3454.31
ynao_sd_19890616_0340_wang 78 40 38 7 0 3105.66 3875.15 536.98 686.16 2568.68 3188.99
ynao_sd_19890617_0020_wang 64 41 23 10 0 2727.71 3390.64 532.9 788.85 2194.81 2601.79
ynao_sd_19890618_0200_wang 65 49 16 9 0 2135.62 2933.09 531.38 669.47 1604.24 2263.62
ynao_sd_19890619_0130_li 52 38 14 7 0 1513.46 2271.01 303.49 420.92 1209.97 1850.09
ynao_sd_19890620_0210_li 68 54 14 9 0 1520.37 3001.21 431.38 905.39 1088.99 2095.82
ynao_sd_19890621_0200_li 53 36 17 6 0 1408.69 2649.57 393.0 811.66 1015.69 1837.91
ynao_sd_19890622_0405_li 68 49 19 14 0 1746.18 2840.17 423.41 722.89 1322.77 2117.28
ynao_sd_19890623_0800_li 63 40 23 12 0 1862.04 2575.11 397.87 549.36 1464.17 2025.75
ynao_sd_19890624_0105_li 76 57 19 11 0 2085.37 2728.97 510.56 673.38 1574.81 2055.59
ynao_sd_19890625_0110_li 91 68 23 12 0 2050.96 2548.16 541.76 675.32 1509.2 1872.84
ynao_sd_19890626_0210_hong 119 99 20 13 0 2320.98 2926.7 779.05 949.84 1541.93 1976.86
ynao_sd_19890627_0200_hong 103 82 21 12 0 1915.35 2435.94 684.2 850.47 1231.15 1585.47
ynao_sd_19890628_0550_hong 62 36 26 13 0 2187.51 2463.4 494.83 557.96 1692.68 1905.44
ynao_sd_19890629_0710_hong 45 25 20 11 0 1602.51 1980.82 342.47 413.1 1260.04 1567.72
ynao_sd_19890701_0705_hong 34 18 16 9 0 1226.22 2282.89 256.73 515.15 969.49 1767.74
ynao_sd_19890702_0830_hong 28 19 9 7 0 896.42 1727.6 207.8 388.15 688.62 1339.45
ynao_sd_19890705_0345_wang 16 9 7 3 0 409.61 693.78 99.88 140.13 309.73 553.65
ynao_sd_19890706_0005_wang 31 25 6 3 0 406.57 717.54 157.19 310.01 249.38 407.53
ynao_sd_19890707_0120_wang 55 39 16 7 0 936.5 1663.92 297.62 480.98 638.88 1182.94
ynao_sd_19890708_0530_wang 39 29 10 8 0 826.62 1341.53 251.09 403.89 575.53 937.64
ynao_sd_19890709_0415_wang 38 27 11 7 0 1066.21 1489.79 279.7 380.57 786.51 1109.22
ynao_sd_19890710_0410_hong 50 40 10 5 0 1065.1 1317.12 370.95 468.18 694.15 848.94
ynao_sd_19890711_0140_hong 33 28 5 5 0 1082.06 1236.46 321.87 373.1 760.19 863.36
ynao_sd_19890713_0200_hong 34 31 3 3 0 760.09 822.24 304.79 334.77 455.3 487.47
ynao_sd_19890714_0120_hong 32 31 1 1 0 693.51 794.7 329.09 395.82 364.42 398.88
ynao_sd_19890715_0405_hong 27 26 1 1 0 610.14 758.18 237.38 316.77 372.76 441.41
ynao_sd_19890716_0240_hong 14 12 2 2 0 628.08 1344.85 190.78 510.66 437.3 834.19
ynao_sd_19890717_0520_li 17 10 7 3 0 710.64 1566.7 153.62 318.0 557.02 1248.7
ynao_sd_19890718_0030_li 30 21 9 4 0 767.23 1598.81 156.34 338.17 610.89 1260.64
ynao_sd_19890720_0620_li 50 38 12 3 0 1131.87 1418.17 306.37 388.49 825.5 1029.68
ynao_sd_19890721_0050_li 67 53 14 5 0 1268.64 1461.12 380.83 439.15 887.81 1021.97
ynao_sd_19890722_0015_li 96 83 13 9 0 1497.77 1670.1 508.83 577.09 988.94 1093.01
ynao_sd_19890723_0030_li 120 106 14 8 0 1605.15 1984.36 635.56 763.2 969.59 1221.16
ynao_sd_19890724_0100_wang 92 74 18 11 0 2069.7 2620.11 583.1 759.43 1486.6 1860.68
ynao_sd_19890725_0045_wang 83 67 16 9 1 1813.91 2492.55 505.53 708.87 1308.38 1783.68
ynao_sd_19890729_0600_wang 29 21 8 3 0 1044.49 2058.46 269.41 506.29 775.08 1552.17
ynao_sd_19890801_0410_hong 79 60 19 9 0 2074.08 3138.33 667.74 1003.28 1406.34 2135.05
ynao_sd_19890802_0520_hong 68 51 17 7 0 2073.75 2824.71 646.79 896.79 1426.96 1927.92
ynao_sd_19890804_0110_hong 98 71 27 10 0 2923.13 5169.18 789.59 1272.77 2133.54 3896.41
ynao_sd_19890805_0110_hong 108 88 20 10 0 3131.11 5080.98 990.47 1520.88 2140.64 3560.1
ynao_sd_19890806_0120_hong 115 89 26 13 0 3709.13 5450.64 995.67 1435.8 2713.46 4014.84
ynao_sd_19890808_0100_li 142 96 46 15 0 4014.93 5567.42 936.31 1297.23 3078.62 4270.19
ynao_sd_19890809_0115_li 114 66 48 15 0 4204.79 5156.33 808.89 1054.77 3395.9 4101.56
ynao_sd_19890810_0040_li 129 83 46 10 0 4007.78 4823.67 869.73 1046.05 3138.05 3777.62
ynao_sd_19890811_0015_li 101 64 37 11 1 3580.13 4282.28 798.21 968.82 2781.92 3313.46
ynao_sd_19890812_0050_li 81 51 30 8 0 2863.85 3754.65 614.51 815.75 2249.34 2938.9
ynao_sd_19890813_0335_wang 65 42 23 8 0 2690.9 4462.42 533.88 757.91 2157.02 3704.51
ynao_sd_19890814_0550_wang 74 48 26 6 0 2222.17 4863.04 464.52 964.6 1757.65 3898.44
ynao_sd_19890815_0045_wang 29 19 10 3 0 1524.17 3896.2 275.11 681.72 1249.06 3214.48
ynao_sd_19890816_0250_wang 12 9 3 2 0 761.42 1330.3 177.73 363.55 583.69 966.75
ynao_sd_19890817_0010_wang 8 5 3 3 0 734.94 1122.71 131.09 191.36 603.85 931.35
ynao_sd_19890818_0110_wang 7 6 1 1 0 717.32 938.97 151.28 258.75 566.04 680.22
ynao_sd_19890819_0240_wang 12 11 1 2 0 758.44 1012.28 199.07 296.25 559.37 716.03
ynao_sd_19890820_0440_wang 25 22 3 3 0 843.67 1115.47 241.76 361.57 601.91 753.9
ynao_sd_19890821_0100_hong 28 22 6 2 0 910.83 1220.33 285.86 400.25 624.97 820.08
ynao_sd_19890822_0100_hong 32 28 4 3 0 780.79 1085.35 261.35 361.4 519.44 723.95
ynao_sd_19890823_0105_hong 35 31 4 3 0 751.55 1138.52 315.62 442.33 435.93 696.19
ynao_sd_19890824_0110_hong 28 25 3 3 0 599.46 1478.17 275.14 507.0 324.32 971.17
ynao_sd_19890825_0200_hong 27 25 2 2 0 349.9 914.44 174.88 276.85 175.02 637.59
ynao_sd_19890826_0230_hong 20 19 1 1 0 257.25 414.46 151.26 208.64 105.99 205.82
ynao_sd_19890827_0140_hong 18 14 4 2 0 421.66 557.37 134.18 177.88 287.48 379.49
ynao_sd_19890828_0620_wang 21 19 2 2 0 463.18 621.8 141.79 196.29 321.39 425.51
ynao_sd_19890829_0200_wang 19 16 3 2 0 404.89 570.81 106.57 163.17 298.32 407.64
ynao_sd_19890830_0230_wang 38 16 22 4 0 1783.69 5447.85 323.85 881.72 1459.84 4566.13
ynao_sd_19890831_0520_wang 51 22 29 6 0 3495.8 7648.63 461.72 898.16 3034.08 6750.47
ynao_sd_19890901_0340_wang 74 32 42 6 0 4541.45 7720.16 636.42 1056.09 3905.03 6664.07
ynao_sd_19890902_0230_wang 122 50 72 6 1 6129.15 8559.13 1021.85 1422.67 5107.3 7136.46
ynao_sd_19890903_0440_wang 133 45 88 9 0 6602.42 8062.69 1100.64 1350.14 5501.78 6712.55
ynao_sd_19890906_0230_li 106 66 40 12 0 4804.87 5525.89 883.05 1028.33 3921.82 4497.56
ynao_sd_19890907_0040_li 104 58 46 6 0 3785.05 4683.7 761.25 957.59 3023.8 3726.11
ynao_sd_19890908_0140_li 73 40 33 7 2 3094.52 4404.99 517.98 723.01 2576.54 3681.98
ynao_sd_19890909_0025_li 65 37 28 10 0 1965.48 3773.16 434.01 861.77 1531.47 2911.39
ynao_sd_19890910_0020_li 76 55 21 5 0 1458.1 3269.49 438.47 975.89 1019.63 2293.6
ynao_sd_19890911_0100_hong 44 32 12 7 0 864.61 2178.36 287.92 648.3 576.69 1530.06
ynao_sd_19890912_0540_hong 38 33 5 3 0 546.72 925.78 275.23 628.91 271.49 296.87
ynao_sd_19890913_0920_hong 41 38 3 2 0 525.5 584.34 245.21 280.88 280.29 303.46
ynao_sd_19890916_0130_hong 15 12 3 2 0 366.95 646.9 126.09 211.87 240.86 435.03
ynao_sd_19890917_0220_hong 6 5 1 1 0 168.51 249.81 49.81 81.78 118.7 168.03
ynao_sd_19890918_0850_duan 23 12 11 5 0 944.26 1736.28 192.18 354.92 752.08 1381.36
ynao_sd_19890919_0540_duan 75 48 27 7 0 1703.28 2594.91 482.81 727.1 1220.47 1867.81
ynao_sd_19890920_0640_duan 74 37 37 9 0 1935.99 2590.65 615.89 850.84 1320.1 1739.81
ynao_sd_19890921_0105_duan 69 40 29 4 0 2493.66 3037.75 597.39 749.05 1896.27 2288.7
ynao_sd_19890922_0040_duan 59 31 28 7 0 2563.18 3016.87 538.98 642.87 2024.2 2374.0
ynao_sd_19890923_0050_duan 92 50 42 3 0 2440.65 2961.82 720.26 871.99 1720.39 2089.83
ynao_sd_19890924_0040_duan 61 42 19 3 0 2257.38 2922.72 619.79 800.72 1637.59 2122.0
ynao_sd_19890925_0020_duan 64 40 24 3 0 1966.4 2878.86 643.99 953.79 1322.41 1925.07
ynao_sd_19890926_0120_duan 57 41 16 4 0 1929.63 3510.97 550.46 1042.7 1379.17 2468.27
ynao_sd_19890927_0120_duan 62 43 19 3 0 1794.39 4249.35 547.28 1301.91 1247.11 2947.44
ynao_sd_19890928_0150_duan 91 76 15 7 0 1450.5 3793.18 571.02 1227.23 879.48 2565.95
ynao_sd_19890929_0300_duan 63 45 18 6 0 1278.47 2328.83 465.01 750.99 813.46 1577.84
ynao_sd_19890930_0200_duan 73 55 18 7 0 1398.76 2148.22 500.11 714.83 898.65 1433.39
ynao_sd_19891001_0410_ru 62 52 10 6 0 1344.99 1697.24 447.36 556.84 897.63 1140.4
ynao_sd_19891003_0750_li 80 74 6 4 0 1005.98 1183.79 415.76 482.05 590.22 701.74
ynao_sd_19891004_0340_li 28 25 3 3 0 747.44 890.08 228.13 280.97 519.31 609.11
ynao_sd_19891005_0230_li 37 32 5 2 0 721.16 877.88 276.78 375.92 444.38 501.96
ynao_sd_19891006_0300_li 23 18 5 3 0 630.18 818.14 156.78 214.07 473.4 604.07
ynao_sd_19891007_0305_li 21 18 3 3 0 546.83 763.77 173.29 229.66 373.54 534.11
ynao_sd_19891011_0830_hong 24 22 2 2 0 230.57 599.4 159.39 276.45 71.18 322.95
ynao_sd_19891012_0210_hong 39 28 11 5 0 583.82 1376.05 224.84 473.91 358.98 902.14
ynao_sd_19891013_0050_hong 32 21 11 4 0 796.46 1441.49 220.6 394.73 575.86 1046.76
ynao_sd_19891015_0840_hong 55 43 12 9 0 1190.98 1647.95 354.77 476.87 836.21 1171.08
ynao_sd_19891016_0100_hong 61 42 19 9 0 1265.38 1608.87 435.85 562.02 829.53 1046.85
ynao_sd_19891018_0310_ru 116 90 26 10 1 3121.43 4296.24 934.32 1258.08 2187.11 3038.16
ynao_sd_19891021_0550_hong 109 85 24 11 0 2637.84 3650.72 925.98 1255.08 1711.86 2395.64
ynao_sd_19891022_0040_ru 101 79 22 10 1 2596.75 3752.69 793.55 1173.86 1803.2 2578.83
ynao_sd_19891024_0410_ru 107 90 17 11 0 2636.5 4374.76 1002.09 1670.28 1634.41 2704.48
ynao_sd_19891025_0230_ru 87 70 17 9 0 1795.44 3605.02 764.44 1465.32 1031.0 2139.7
ynao_sd_19891026_0230_ru 41 37 4 3 0 955.56 2219.83 417.75 960.45 537.81 1259.38
ynao_sd_19891027_0530_ru 32 31 1 1 0 566.05 641.49 246.89 278.88 319.16 362.61
ynao_sd_19891028_0050_ru 24 23 1 1 0 508.97 624.78 174.16 220.92 334.81 403.86
ynao_sd_19891029_0050_ru 37 34 3 2 0 590.93 957.01 290.05 414.5 300.88 542.51
ynao_sd_19891030_0200_ru 25 22 3 3 0 448.83 731.43 198.21 320.41 250.62 411.02
ynao_sd_19891031_0100_ru 22 19 3 4 0 468.37 1004.14 201.85 339.88 266.52 664.26
ynao_sd_19891101_0300_ru 34 29 5 3 0 483.35 771.37 269.16 385.26 214.19 386.11
ynao_sd_19891102_0220_ru 20 16 4 3 0 440.03 608.63 183.92 262.72 256.11 345.91
ynao_sd_19891103_0050_ru 18 15 3 3 0 382.98 481.17 138.01 188.38 244.97 292.79
ynao_sd_19891104_0110_ru 17 14 3 2 0 404.27 456.45 169.9 199.56 234.37 256.89
ynao_sd_19891105_0050_ru 24 22 2 2 0 461.89 503.48 170.29 189.11 291.6 314.37
ynao_sd_19891106_0120_wang 25 18 7 4 0 481.66 560.99 174.94 216.91 306.72 344.08
ynao_sd_19891107_0150_wang 18 12 6 4 0 498.84 595.82 151.41 216.85 347.43 378.97
ynao_sd_19891108_0140_wang 13 7 6 3 0 412.61 480.5 87.25 99.86 325.36 380.64
ynao_sd_19891109_0140_wang 10 6 4 3 0 244.62 345.86 51.8 69.0 192.82 276.86
ynao_sd_19891110_0340_wang 24 21 3 3 0 375.52 1216.13 217.89 822.61 157.63 393.52
ynao_sd_19891111_0125_wang 25 23 2 4 0 370.61 1282.18 140.29 391.79 230.32 890.39
ynao_sd_19891112_0200_wang 26 19 7 6 1 678.29 1518.41 210.03 437.41 468.26 1081.0
ynao_sd_19891113_0130_hong 46 42 4 3 0 762.17 1349.53 345.44 553.96 416.73 795.57
ynao_sd_19891114_0530_hong 36 27 9 6 0 1110.34 1537.72 276.08 361.93 834.26 1175.79
ynao_sd_19891115_0100_hong 43 32 11 5 0 1165.53 1417.37 324.94 382.12 840.59 1035.25
ynao_sd_19891117_0110_hong 52 41 11 6 0 1095.92 1298.65 356.18 420.5 739.74 878.15
ynao_sd_19891118_0650_hong 55 46 9 7 1 968.68 1182.13 405.81 505.92 562.87 676.21
ynao_sd_19891119_0250_hong 75 57 18 7 0 1531.66 1900.25 501.04 646.89 1030.62 1253.36
ynao_sd_19891120_0150_ru 69 52 17 4 0 1434.09 1927.59 497.2 675.78 936.89 1251.81
ynao_sd_19891121_0050_ru 51 41 10 5 0 604.1 899.59 305.81 454.48 298.29 445.11
ynao_sd_19891122_0130_ru 48 44 4 3 0 509.2 997.11 312.6 507.38 196.6 489.73
ynao_sd_19891123_0050_ru 37 34 3 3 0 478.51 1014.52 256.9 451.1 221.61 563.42
ynao_sd_19891124_0310_ru 25 24 1 1 0 320.89 408.19 218.26 260.53 102.63 147.66
ynao_sd_19891125_0130_ru 35 34 1 1 0 321.66 372.45 232.25 266.01 89.41 106.44
ynao_sd_19891126_0150_ru 74 64 10 4 0 1243.97 1440.74 548.49 724.11 695.48 716.63
ynao_sd_19891127_0110_ru 71 52 19 6 0 2425.86 2961.38 885.24 1194.68 1540.62 1766.7
ynao_sd_19891130_0210_ru 33 21 12 9 0 1431.38 2349.99 492.86 790.98 938.52 1559.01
ynao_sd_19891202_0100_li 34 30 4 4 0 352.73 438.71 187.24 255.75 165.49 182.96
ynao_sd_19891203_0100_ru 20 14 6 5 0 549.28 631.89 217.37 255.14 331.91 376.75
ynao_sd_19891204_0105_li 30 27 3 3 0 358.42 399.94 197.36 224.32 161.06 175.62
ynao_sd_19891205_0130_li 24 21 3 3 0 384.19 471.86 138.85 174.67 245.34 297.19
ynao_sd_19891207_0120_li 28 24 4 4 0 294.17 486.89 146.71 251.43 147.46 235.46
ynao_sd_19891208_0140_li 21 17 4 3 0 276.82 478.06 127.96 230.32 148.86 247.74
ynao_sd_19891209_0230_li 23 20 3 3 0 264.44 510.84 147.42 266.95 117.02 243.89
ynao_sd_19891210_0150_li 22 18 4 3 0 237.56 433.82 110.55 200.35 127.01 233.47
ynao_sd_19891211_0300_wang 19 18 1 1 0 194.12 247.34 89.23 130.02 104.89 117.32
ynao_sd_19891212_0120_wang 22 20 2 1 0 200.75 273.13 106.77 175.46 93.98 97.67
ynao_sd_19891213_0220_wang 17 15 2 2 0 180.48 244.9 90.87 128.3 89.61 116.6
ynao_sd_19891215_0120_wang 16 14 2 2 0 128.86 145.51 68.55 76.06 60.31 69.45
ynao_sd_19891216_0200_wang 12 10 2 1 0 209.03 634.41 72.06 133.92 136.97 500.49
ynao_sd_19891217_0930_wang 17 13 4 3 0 537.65 896.96 138.49 185.06 399.16 711.9
ynao_sd_19891218_0530_hong 31 24 7 3 0 774.58 1111.73 207.4 289.43 567.18 822.3
ynao_sd_19891219_0520_hong 25 17 8 3 0 1068.82 1549.73 225.18 386.51 843.64 1163.22
ynao_sd_19891220_0910_hong 16 8 8 5 0 1263.64 2029.37 206.73 361.67 1056.91 1667.7
ynao_sd_19891221_0130_hong 28 18 10 6 0 1122.14 1978.74 236.06 453.51 886.08 1525.23
ynao_sd_19891222_0140_hong 35 26 9 4 0 995.89 1498.61 300.1 504.76 695.79 993.85
ynao_sd_19891223_0550_hong 70 56 14 8 0 2361.59 5741.46 556.92 811.23 1804.67 4930.23
ynao_sd_19891224_0150_hong 74 57 17 11 0 1517.69 2482.71 538.97 779.23 978.72 1703.48
ynao_sd_19891225_0110_ru 62 33 29 16 0 2352.86 3445.49 683.51 945.53 1669.35 2499.96
ynao_sd_19891226_0120_ru 75 39 36 10 0 3106.48 4412.18 920.39 1341.34 2186.09 3070.84
ynao_sd_19891227_0110_ru 92 52 40 11 0 3909.05 5088.76 1110.87 1548.06 2798.18 3540.7
ynao_sd_19891228_0120_ru 91 50 41 9 0 4321.49 5139.57 1203.69 1673.29 3117.8 3466.28
ynao_sd_19891229_0110_ru 103 71 32 12 0 3459.86 3985.07 1103.28 1336.48 2356.58 2648.59
ynao_sd_19891230_0200_ru 86 36 50 12 0 3354.51 4114.54 976.06 1241.88 2378.45 2872.66
ynao_sd_19891231_0230_ru 50 21 29 11 0 2957.86 4123.87 767.96 992.38 2189.9 3131.49
