ynao_sd_19900101_0150_li 52 31 21 9 0 1826.99 3139.97 381.97 592.49 1445.02 2547.48
ynao_sd_19900102_0220_li 37 28 9 6 0 1072.8 2301.46 258.94 425.49 813.86 1875.97
ynao_sd_19900103_0120_li 28 19 9 4 0 514.82 844.1 195.65 366.87 319.17 477.23
ynao_sd_19900104_0150_li 27 23 4 4 0 457.2 753.0 189.2 322.06 268.0 430.94
ynao_sd_19900106_0130_li 16 14 2 2 0 350.39 572.95 152.63 245.11 197.76 327.84
ynao_sd_19900107_0140_li 28 22 6 4 0 615.81 879.95 185.29 254.39 430.52 625.56
ynao_sd_19900108_0140_li 33 23 10 9 0 1160.99 1503.03 279.95 346.92 881.04 1156.11
ynao_sd_19900109_0210_wang 42 23 19 9 0 1475.26 1744.09 358.61 431.05 1116.65 1313.04
ynao_sd_19900110_0130_wang 54 36 18 8 0 3131.4 6854.24 378.71 456.31 2752.69 6397.93
ynao_sd_19900111_0140_wang 76 55 21 10 0 2669.3 4336.69 560.07 854.64 2109.23 3482.05
ynao_sd_19900112_0140_wang 72 46 26 10 0 1763.61 2590.72 474.03 756.1 1289.58 1834.62
ynao_sd_19900113_0130_wang 49 33 16 10 0 1296.23 2139.24 360.94 611.55 935.29 1527.69
ynao_sd_19900114_0220_wang 33 25 8 6 0 760.03 1287.99 207.12 360.42 552.91 927.57
ynao_sd_19900115_0120_hong 19 10 9 5 0 485.19 780.48 124.77 175.91 360.42 604.57
ynao_sd_19900116_0530_hong 20 12 8 5 0 400.06 764.93 169.04 339.65 231.02 425.28
ynao_sd_19900117_0130_hong 26 18 8 4 0 521.72 978.81 183.62 328.02 338.1 650.79
ynao_sd_19900118_0150_hong 40 31 9 9 0 789.37 1603.49 296.1 524.33 493.27 1079.16
ynao_sd_19900120_0120_hong 107 87 20 11 0 1665.51 2527.93 733.52 1135.48 931.99 1392.45
ynao_sd_19900121_0150_hong 94 76 18 16 0 1950.2 3363.97 701.97 1136.95 1248.23 2227.02
ynao_sd_19900124_0520_li 128 100 28 6 0 2893.76 3676.8 934.75 1152.8 1959.01 2524.0
ynao_sd_19900125_0640_li 124 102 22 7 0 2889.86 3355.93 841.55 991.52 2048.31 2364.41
ynao_sd_19900126_0105_li 110 88 22 6 0 3148.51 3437.07 813.72 933.29 2334.79 2503.78
ynao_sd_19900127_0120_li 94 84 10 4 0 2567.57 2715.24 692.18 808.19 1875.39 1907.05
ynao_sd_19900128_0140_wang 93 77 16 7 1 2757.34 2941.78 748.55 885.0 2008.79 2056.78
ynao_sd_19900129_0220_wang 65 40 25 6 0 2991.72 3212.8 639.8 692.42 2351.92 2520.38
ynao_sd_19900130_0130_hong 74 59 15 7 0 2390.93 2843.87 645.46 775.38 1745.47 2068.49
ynao_sd_19900201_0440_wang 44 25 19 8 0 1716.68 2940.93 333.08 578.18 1383.6 2362.75
ynao_sd_19900202_0140_wang 34 26 8 3 0 1136.85 2405.46 277.4 527.43 859.45 1878.03
ynao_sd_19900203_0130_wang 23 17 6 2 0 611.13 1680.25 175.13 381.41 436.0 1298.84
ynao_sd_19900204_0050_wang 4 2 2 1 0 99.38 415.19 51.89 272.83 47.49 142.36
ynao_sd_19900205_0130_wang 11 9 2 1 0 86.47 91.11 55.13 58.46 31.34 32.65
ynao_sd_19900206_0130_wang 17 16 1 1 0 185.48 199.23 118.24 126.93 67.24 72.3
ynao_sd_19900207_0815_wang 12 10 2 1 0 153.05 199.33 76.2 105.98 76.85 93.35
ynao_sd_19900208_0840_wang 20 18 2 1 0 220.72 323.59 167.3 249.65 53.42 73.94
ynao_sd_19900209_0100_wang 16 14 2 3 0 243.8 480.17 138.45 269.23 105.35 210.94
ynao_sd_19900210_0105_wang 16 15 1 1 0 115.14 223.64 87.9 166.05 27.24 57.59
ynao_sd_19900211_0205_wang 9 8 1 1 0 82.89 130.51 59.16 94.43 23.73 36.08
ynao_sd_19900212_0110_hong 14 14 0 0 0 93.08 116.73 93.08 116.73 0 0
ynao_sd_19900213_0115_hong 10 10 0 0 0 59.51 66.25 59.51 66.25 0 0
ynao_sd_19900214_0820_hong 9 9 0 0 0 56.88 75.9 56.88 75.9 0 0
ynao_sd_19900215_0210_hong 14 14 0 0 0 74.99 81.92 74.99 81.92 0 0
ynao_sd_19900216_0310_hong 12 12 0 0 0 77.71 84.71 77.71 84.71 0 0
ynao_sd_19900217_0120_hong 10 9 1 1 0 115.64 390.79 67.41 113.95 48.23 276.84
ynao_sd_19900218_0240_hong 10 5 5 3 0 2046.22 7478.8 77.55 242.93 1968.67 7235.87
ynao_sd_19900219_0110_duan 20 17 3 2 0 1632.25 5319.52 193.17 602.6 1439.08 4716.92
ynao_sd_19900220_0130_duan 36 24 12 9 0 1119.93 2733.09 403.03 910.31 716.9 1822.78
ynao_sd_19900221_0110_duan 44 29 15 9 0 1731.62 2841.51 501.2 775.88 1230.42 2065.63
ynao_sd_19900222_0240_duan 69 49 20 11 0 1870.44 2465.1 747.31 990.56 1123.13 1474.54
ynao_sd_19900223_0140_duan 101 79 22 8 0 2360.4 2884.11 1001.89 1305.31 1358.51 1578.8
ynao_sd_19900224_0120_duan 120 84 36 13 0 2953.35 3628.37 1151.06 1459.33 1802.29 2169.04
ynao_sd_19900225_0110_duan 69 44 25 9 0 2941.75 3433.96 955.93 1103.38 1985.82 2330.58
ynao_sd_19900227_0420_hong 64 36 28 11 0 2577.53 2962.95 564.22 673.37 2013.31 2289.58
ynao_sd_19900228_0120_hong 65 48 17 14 0 2346.64 2909.64 611.82 821.72 1734.82 2087.92
ynao_sd_19900301_0110_hong 53 36 17 15 1 1949.34 2625.73 492.39 659.93 1456.95 1965.8
ynao_sd_19900302_0200_hong 47 32 15 7 0 1394.56 2085.01 420.36 621.92 974.2 1463.09
ynao_sd_19900304_0230_hong 28 15 13 8 0 997.43 2231.64 241.05 522.94 756.38 1708.7
ynao_sd_19900306_0430_duan 49 38 11 3 0 1501.14 1701.68 538.54 621.96 962.6 1079.72
ynao_sd_19900307_0400_duan 53 38 15 6 0 1537.96 1645.0 611.87 672.97 926.09 972.03
ynao_sd_19900309_0220_duan 32 23 9 7 0 1458.07 1762.32 397.18 482.6 1060.89 1279.72
ynao_sd_19900310_0130_duan 35 30 5 2 0 1003.65 1307.94 370.75 493.67 632.9 814.27
ynao_sd_19900311_0250_duan 24 17 7 1 0 651.49 843.72 211.42 277.14 440.07 566.58
ynao_sd_19900312_0105_duan 13 7 6 1 0 448.07 690.67 166.03 254.43 282.04 436.24
ynao_sd_19900313_0220_duan 21 20 1 1 0 270.63 530.81 165.87 302.57 104.76 228.24
ynao_sd_19900314_0130_duan 8 8 0 1 0 195.79 661.62 146.29 489.3 49.5 172.32
ynao_sd_19900315_0130_duan 8 6 2 2 0 217.31 499.56 130.59 308.8 86.72 190.76
ynao_sd_19900316_0135_duan 14 4 10 5 0 522.74 905.0 139.87 244.12 382.87 660.88
ynao_sd_19900317_0130_duan 20 12 8 4 0 589.17 882.11 194.48 327.61 394.69 554.5
ynao_sd_19900318_0225_duan 19 15 4 4 0 617.34 893.68 245.16 423.48 372.18 470.2
ynao_sd_19900319_0115_hong 86 74 12 9 0 1339.76 2616.96 580.38 1099.91 759.38 1517.05
ynao_sd_19900320_0110_hong 104 80 24 12 0 2160.68 3982.4 720.83 1245.84 1439.85 2736.56
ynao_sd_19900321_0105_hong 114 86 28 12 0 2720.84 4049.25 876.2 1268.47 1844.64 2780.78
ynao_sd_19900322_0100_hong 124 95 29 13 0 2956.91 3809.65 884.71 1107.26 2072.2 2702.39
ynao_sd_19900323_0110_hong 159 122 37 21 0 3300.42 4007.58 1129.62 1349.42 2170.8 2658.16
ynao_sd_19900324_0110_hong 185 153 32 22 0 3166.41 3822.58 1267.37 1490.47 1899.04 2332.11
ynao_sd_19900325_0120_hong 154 116 38 20 0 3437.33 3792.89 1162.44 1352.24 2274.89 2440.65
ynao_sd_19900326_0120_li 131 106 25 15 0 2564.74 2869.15 802.12 885.59 1762.62 1983.56
ynao_sd_19900327_0210_li 83 55 28 8 0 2028.94 2469.52 582.64 722.41 1446.3 1747.11
ynao_sd_19900329_0630_li 42 27 15 7 0 1149.11 2314.21 315.38 730.57 833.73 1583.64
ynao_sd_19900330_0025_li 34 24 10 5 0 522.92 1061.94 226.39 406.39 296.53 655.55
ynao_sd_19900331_0020_li 24 13 11 8 0 531.51 848.56 159.56 298.08 371.95 550.48
ynao_sd_19900401_0030_li 17 14 3 4 0 325.62 409.66 131.12 174.79 194.5 234.87
ynao_sd_19900402_0100_wang 27 20 7 7 0 685.54 875.7 174.62 240.02 510.92 635.68
ynao_sd_19900403_0040_wang 18 12 6 6 0 522.08 658.96 129.97 168.8 392.11 490.16
ynao_sd_19900405_0100_wang 16 13 3 3 0 322.94 420.29 117.85 173.26 205.09 247.03
ynao_sd_19900406_0105_wang 26 21 5 4 0 432.02 643.84 213.6 321.22 218.42 322.62
ynao_sd_19900407_0100_wang 27 25 2 2 0 292.79 430.38 168.56 244.36 124.23 186.02
ynao_sd_19900408_0230_wang 16 13 3 3 0 218.9 335.06 96.27 143.7 122.63 191.36
ynao_sd_19900409_0100_hong 17 12 5 4 0 222.99 342.06 103.99 147.67 119.0 194.39
ynao_sd_19900410_0105_hong 13 9 4 4 0 187.31 341.39 100.89 186.07 86.42 155.32
ynao_sd_19900411_0120_hong 16 16 0 0 0 112.75 205.05 112.75 205.05 0 0
ynao_sd_19900416_0745_wang 74 59 15 10 0 1089.0 1381.33 499.03 619.04 589.97 762.29
ynao_sd_19900417_0005_wang 101 93 8 7 0 1000.27 1172.53 550.27 642.29 450.0 530.24
ynao_sd_19900418_0620_wang 101 82 19 15 0 1817.92 2087.92 717.51 803.5 1100.41 1284.42
ynao_sd_19900419_0040_wang 135 102 33 14 0 3279.47 6318.06 789.42 916.06 2490.05 5402.0
ynao_sd_19900420_0100_wang 97 80 17 12 0 1806.54 2249.33 662.46 754.79 1144.08 1494.54
ynao_sd_19900421_0020_wang 108 91 17 11 0 1629.66 1952.96 687.59 847.64 942.07 1105.32
ynao_sd_19900422_0010_wang 92 72 20 7 0 1584.81 1807.59 566.67 661.14 1018.14 1146.45
ynao_sd_19900423_0030_hong 88 79 9 5 0 1003.99 1269.93 528.84 768.66 475.15 501.27
ynao_sd_19900424_0020_hong 78 63 15 7 0 2260.57 4280.68 529.64 777.14 1730.93 3503.54
ynao_sd_19900425_0100_hong 53 41 12 5 0 768.67 1270.04 327.35 530.72 441.32 739.32
ynao_sd_19900426_0410_hong 27 18 9 5 0 626.23 1253.09 255.09 622.05 371.14 631.04
ynao_sd_19900427_0140_hong 34 27 7 4 0 572.27 892.57 228.74 291.19 343.53 601.38
ynao_sd_19900428_0130_hong 40 32 8 4 0 819.23 984.75 439.75 573.07 379.48 411.68
ynao_sd_19900429_0130_hong 30 23 7 4 0 632.67 777.9 223.73 298.28 408.94 479.62
ynao_sd_19900430_0120_wang 19 16 3 4 0 1832.72 2920.85 156.84 254.15 1675.88 2666.7
ynao_sd_19900501_0001_wang 11 6 5 2 0 370.92 658.51 75.19 159.09 295.73 499.42
ynao_sd_19900502_0110_hong 14 10 4 3 0 1447.62 3584.4 127.78 253.63 1319.84 3330.77
ynao_sd_19900503_0050_wang 5 3 2 2 0 413.21 668.31 72.45 129.76 340.76 538.55
ynao_sd_19900504_0810_wang 14 12 2 2 0 440.53 697.11 98.2 181.06 342.33 516.05
ynao_sd_19900505_0050_wang 16 14 2 2 0 463.01 708.14 161.98 273.97 301.03 434.17
ynao_sd_19900506_0100_wang 29 25 4 3 0 634.3 886.25 223.99 310.9 410.31 575.35
ynao_sd_19900507_0120_li 40 32 8 4 0 612.65 823.7 238.7 348.45 373.95 475.25
ynao_sd_19900508_0055_li 36 25 11 6 0 628.88 753.64 229.3 281.68 399.58 471.96
ynao_sd_19900509_0220_li 48 41 7 5 0 672.9 811.16 289.62 347.13 383.28 464.03
ynao_sd_19900511_0610_li 24 23 1 1 0 188.38 256.46 152.21 182.76 36.17 73.7
ynao_sd_19900512_0020_li 27 27 0 1 0 217.6 379.06 181.15 273.31 36.45 105.75
ynao_sd_19900513_0010_li 21 20 1 1 0 167.94 373.71 129.74 208.32 38.2 165.39
ynao_sd_19900517_0340_hong 92 49 43 10 0 3124.44 3528.45 801.99 916.25 2322.45 2612.2
ynao_sd_19900518_0045_hong 112 65 47 21 0 3629.92 4198.96 885.35 1060.79 2744.57 3138.17
ynao_sd_19900519_0130_hong 117 69 48 15 0 4743.44 5282.27 1007.06 1234.11 3736.38 4048.16
ynao_sd_19900520_0050_hong 102 65 37 13 2 4461.86 4979.11 944.73 1124.15 3517.13 3854.96
ynao_sd_19900521_0300_hong 103 64 39 9 0 3346.01 4013.45 716.83 879.62 2629.18 3133.83
ynao_sd_19900522_0540_li 106 74 32 8 0 3173.64 4240.33 790.37 1016.33 2383.27 3224.0
ynao_sd_19900523_0200_li 84 65 19 8 0 2448.07 3673.04 633.42 867.18 1814.65 2805.86
ynao_sd_19900526_0610_li 45 35 10 3 0 892.18 1066.87 271.27 330.48 620.91 736.39
ynao_sd_19900527_0325_li 42 37 5 2 0 643.55 848.47 241.24 294.45 402.31 554.02
ynao_sd_19900528_0510_wang 28 24 4 2 1 570.52 908.29 176.86 240.64 393.66 667.65
ynao_sd_19900529_0600_wang 30 27 3 1 0 391.48 854.18 198.52 333.11 192.96 521.07
ynao_sd_19900530_0740_wang 21 21 0 1 0 1166.87 2203.93 123.01 167.59 1043.86 2036.34
ynao_sd_19900531_0130_wang 24 20 4 2 0 379.11 537.74 162.8 307.96 216.31 229.78
ynao_sd_19900601_0230_wang 20 10 10 4 0 624.5 909.63 123.02 193.13 501.48 716.5
ynao_sd_19900604_0240_hong 36 28 8 6 0 537.38 1093.43 232.66 440.92 304.72 652.51
ynao_sd_19900605_0245_hong 35 31 4 4 0 304.55 400.24 197.22 271.39 107.33 128.85
ynao_sd_19900606_0350_hong 38 38 0 1 0 297.93 353.77 233.83 269.48 64.1 84.29
ynao_sd_19900607_0305_hong 40 37 3 3 0 431.01 768.9 305.27 435.29 125.74 333.61
ynao_sd_19900608_0640_hong 29 28 1 1 0 265.08 628.86 231.91 586.41 33.17 42.45
ynao_sd_19900610_0330_hong 20 19 1 1 0 553.94 1035.89 218.78 371.4 335.16 664.49
ynao_sd_19900611_0140_wang 18 16 2 2 0 1861.92 2463.63 232.45 461.38 1629.47 2002.25
ynao_sd_19900612_0235_wang 6 5 1 1 0 803.22 1010.7 162.62 211.55 640.6 799.15
ynao_sd_19900613_0110_wang 13 11 2 2 0 989.26 1318.24 209.03 298.71 780.23 1019.53
ynao_sd_19900614_0100_wang 20 13 7 3 0 1294.89 1693.29 263.14 373.57 1031.75 1319.72
ynao_sd_19900616_0305_wang 48 39 9 6 0 1479.36 1715.24 400.95 469.92 1078.41 1245.32
ynao_sd_19900617_0040_wang 44 34 10 5 0 1488.35 1725.08 432.64 502.5 1055.71 1222.58
ynao_sd_19900618_0040_wang 17 12 5 5 0 1097.98 1337.88 212.95 259.77 885.03 1078.11
ynao_sd_19900619_0350_li 14 11 3 2 0 655.12 962.0 134.97 184.82 520.15 777.18
ynao_sd_19900623_0145_li 19 17 2 3 0 336.14 679.6 150.77 361.68 185.37 317.92
ynao_sd_19900624_0330_li 30 25 5 3 0 358.46 883.44 172.21 388.5 186.25 494.94
ynao_sd_19900625_0340_hong 59 47 12 5 1 930.74 1926.86 395.7 682.42 535.04 1244.44
ynao_sd_19900626_0510_hong 62 51 11 4 0 1301.6 1903.86 426.98 627.33 874.62 1276.53
ynao_sd_19900627_0350_hong 79 61 18 5 0 1605.46 2325.05 560.89 818.61 1044.57 1506.44
ynao_sd_19900628_0030_hong 92 70 22 8 0 1849.6 2854.95 635.59 990.38 1214.01 1864.57
ynao_sd_19900629_0340_hong 106 83 23 9 0 2139.3 2999.52 691.61 990.2 1447.69 2009.32
ynao_sd_19900630_0510_hong 87 62 25 14 0 2152.43 2815.19 608.14 829.2 1544.29 1985.99
ynao_sd_19900701_0520_hong 119 82 37 19 0 2801.04 3548.49 827.19 1077.38 1973.85 2471.11
ynao_sd_19900702_0250_li 144 108 36 11 0 2649.81 3213.2 905.48 1172.31 1744.33 2040.89
ynao_sd_19900703_0200_li 165 137 28 15 0 2847.36 3427.47 1018.01 1189.53 1829.35 2237.94
ynao_sd_19900704_0710_li 97 75 22 10 0 1826.75 2547.6 580.81 760.85 1245.94 1786.75
ynao_sd_19900705_0200_li 78 65 13 10 0 1413.29 2110.18 504.97 673.9 908.32 1436.28
ynao_sd_19900706_0640_wang 54 44 10 11 0 1238.9 2358.44 423.27 805.78 815.63 1552.66
ynao_sd_19900708_0150_wang 23 13 10 9 0 995.91 2337.6 152.3 355.38 843.61 1982.22
ynao_sd_19900709_0225_wang 19 9 10 4 0 617.64 1762.66 150.68 551.31 466.96 1211.35
ynao_sd_19900710_0425_wang 10 6 4 1 0 321.83 417.55 73.47 119.33 248.36 298.22
ynao_sd_19900711_0550_wang 15 10 5 1 0 291.41 347.12 74.09 109.94 217.32 237.18
ynao_sd_19900712_0520_wang 16 9 7 2 0 292.27 310.35 102.61 110.91 189.66 199.44
ynao_sd_19900714_0710_wang 16 11 5 2 0 229.86 275.69 89.82 109.39 140.04 166.3
ynao_sd_19900715_0440_wang 10 7 3 2 0 253.27 354.57 78.98 113.3 174.29 241.27
ynao_sd_19900719_0120_hong 17 11 6 3 0 637.57 1166.67 158.09 295.7 479.48 870.97
ynao_sd_19900720_0340_hong 26 15 11 6 0 1056.13 1556.89 291.26 428.0 764.87 1128.89
ynao_sd_19900721_0640_hong 27 14 13 3 0 1443.7 2025.34 287.59 391.17 1156.11 1634.17
ynao_sd_19900722_0520_hong 25 16 9 6 0 1386.91 2036.11 214.82 305.21 1172.09 1730.9
ynao_sd_19900723_0240_li 23 13 10 6 0 1458.69 1934.94 273.83 359.36 1184.86 1575.58
ynao_sd_19900724_0050_li 29 16 13 7 0 2374.57 5054.06 276.56 454.42 2098.01 4599.64
ynao_sd_19900725_0810_li 31 22 9 5 0 1437.78 2090.43 299.56 482.82 1138.22 1607.61
ynao_sd_19900727_0010_li 47 38 9 5 0 1180.78 1968.25 334.65 608.64 846.13 1359.61
ynao_sd_19900728_0415_li 52 43 9 4 0 923.78 1501.28 338.25 545.83 585.53 955.45
ynao_sd_19900729_0050_li 50 43 7 4 0 670.7 1035.65 286.62 376.53 384.08 659.12
ynao_sd_19900730_0030_wang 26 18 8 6 0 1543.13 1786.12 156.76 176.53 1386.37 1609.59
ynao_sd_19900731_0015_wang 35 32 3 3 0 493.5 587.21 235.9 278.11 257.6 309.1
ynao_sd_19900801_0005_wang 41 31 10 6 0 1402.43 3071.7 250.89 349.38 1151.54 2722.32
ynao_sd_19900802_0450_wang 32 12 20 5 0 1399.24 2329.11 223.4 378.0 1175.84 1951.11
ynao_sd_19900803_0030_wang 32 22 10 4 0 1034.67 2146.12 229.05 448.09 805.62 1698.03
ynao_sd_19900804_0140_wang 16 9 7 3 0 689.19 2085.66 93.68 203.63 595.51 1882.03
ynao_sd_19900805_0005_wang 17 13 4 3 0 362.13 856.88 127.99 221.62 234.14 635.26
ynao_sd_19900806_0030_hong 40 35 5 3 1 399.08 582.83 244.15 346.41 154.93 236.42
ynao_sd_19900807_0130_li 30 29 1 1 0 256.92 369.31 198.62 300.62 58.3 68.69
ynao_sd_19900808_0130_li 24 19 5 2 0 663.2 870.97 235.55 319.72 427.65 551.25
ynao_sd_19900809_0130_li 25 17 8 4 0 603.48 926.94 190.98 293.58 412.5 633.36
ynao_sd_19900810_0140_li 16 10 6 4 0 416.59 698.67 109.94 190.33 306.65 508.34
ynao_sd_19900811_0005_li 24 18 6 2 0 350.71 596.56 161.92 257.81 188.79 338.75
ynao_sd_19900812_0230_li 15 12 3 2 0 242.52 339.99 107.25 150.64 135.27 189.35
ynao_sd_19900813_0430_li 15 13 2 3 0 310.46 333.59 140.57 154.1 169.89 179.49
ynao_sd_19900814_0420_hong 61 51 10 3 0 823.41 1492.65 418.74 606.89 404.67 885.76
ynao_sd_19900815_0030_hong 58 52 6 4 0 837.14 1392.1 403.26 582.91 433.88 809.19
ynao_sd_19900816_0100_hong 50 47 3 4 0 814.07 1243.54 413.6 563.48 400.47 680.06
ynao_sd_19900817_0030_hong 71 67 4 3 0 1016.72 1469.46 486.48 654.07 530.24 815.39
ynao_sd_19900818_0130_hong 43 38 5 6 0 1207.11 3026.58 411.68 704.81 795.43 2321.77
ynao_sd_19900819_0340_hong 80 67 13 11 0 2240.8 4393.41 733.43 1378.82 1507.37 3014.59
ynao_sd_19900820_0040_wang 110 89 21 17 1 3310.3 5328.89 890.49 1560.56 2419.81 3768.33
ynao_sd_19900821_0130_wang 118 70 48 18 0 5677.29 9189.53 1224.23 1992.28 4453.06 7197.25
ynao_sd_19900822_0020_wang 170 103 67 21 0 8071.36 11644.46 1537.39 2360.1 6533.97 9284.36
ynao_sd_19900823_0020_wang 147 98 49 21 1 8195.99 11365.98 1323.25 1856.47 6872.74 9509.51
ynao_sd_19900825_0800_wang 150 114 36 18 2 6208.65 8872.66 1292.23 1612.0 4916.42 7260.66
ynao_sd_19900826_0110_wang 136 104 32 19 2 5298.37 6452.1 1269.17 1482.8 4029.2 4969.3
ynao_sd_19900827_0310_wang 117 90 27 14 0 4489.45 5688.7 1082.84 1359.35 3406.61 4329.35
ynao_sd_19900828_0020_wang 88 63 25 12 0 3586.91 5493.97 741.11 1105.69 2845.8 4388.28
ynao_sd_19900829_0045_wang 71 50 21 12 1 2676.39 5035.91 669.2 1214.23 2007.19 3821.68
ynao_sd_19900830_0100_wang 58 46 12 8 0 1670.94 4105.99 425.1 914.6 1245.84 3191.39
ynao_sd_19900831_0020_wang 41 33 8 4 0 881.71 1493.5 272.87 498.02 608.84 995.48
ynao_sd_19900901_0120_wang 13 8 5 4 0 587.07 1048.01 116.79 175.82 470.28 872.19
ynao_sd_19900902_0240_wang 33 28 5 4 0 558.61 684.85 228.2 330.82 330.41 354.03
ynao_sd_19900904_0630_hong 40 34 6 4 0 613.1 725.33 260.91 304.53 352.19 420.8
ynao_sd_19900905_0130_hong 39 36 3 3 0 488.21 581.09 232.4 268.82 255.81 312.27
ynao_sd_19900906_0335_hong 38 36 2 3 0 431.56 596.76 257.98 338.02 173.58 258.74
ynao_sd_19900907_0650_hong 26 20 6 4 0 400.64 661.27 185.02 285.12 215.62 376.15
ynao_sd_19900908_0120_hong 31 28 3 4 0 374.86 726.9 185.93 291.76 188.93 435.14
ynao_sd_19900909_0350_hong 16 14 2 2 0 240.64 865.78 134.12 267.21 106.52 598.57
ynao_sd_19900910_0035_li 12 11 1 1 0 175.97 418.32 85.89 176.31 90.08 242.01
ynao_sd_19900911_0030_li 14 13 1 1 0 220.43 379.4 86.9 139.57 133.53 239.83
ynao_sd_19900912_0140_li 17 14 3 2 0 471.03 861.54 124.31 194.47 346.72 667.07
ynao_sd_19900915_0100_li 41 33 8 4 0 1367.98 2169.43 350.69 508.86 1017.29 1660.57
ynao_sd_19900916_0115_li 40 32 8 4 0 1517.14 2258.42 355.19 500.62 1161.95 1757.8
ynao_sd_19900918_0250_li 52 44 8 4 0 1640.14 1982.19 433.46 529.14 1206.68 1453.05
ynao_sd_19900919_0200_li 61 51 10 5 0 1652.82 2011.56 494.94 618.22 1157.88 1393.34
ynao_sd_19900920_0015_li 43 30 13 7 0 1654.63 2149.27 330.23 438.25 1324.4 1711.02
ynao_sd_19900921_0040_li 49 32 17 8 0 1591.14 2049.65 395.04 569.92 1196.1 1479.73
ynao_sd_19900922_0010_li 34 21 13 8 0 1203.6 1597.53 280.79 420.14 922.81 1177.39
ynao_sd_19900923_0450_li 25 16 9 7 0 1131.56 2184.6 220.24 514.73 911.32 1669.87
ynao_sd_19900925_0130_hong 35 22 13 7 0 1540.34 2435.46 350.34 539.59 1190.0 1895.87
ynao_sd_19900926_0750_hong 50 35 15 6 0 1428.48 2048.87 349.44 495.88 1079.04 1552.99
ynao_sd_19900928_0840_hong 47 39 8 4 0 1435.13 1726.85 381.24 470.36 1053.89 1256.49
ynao_sd_19900929_0140_hong 40 32 8 4 0 1385.12 1706.0 428.49 549.25 956.63 1156.75
ynao_sd_19901002_0440_wang 59 41 18 7 0 2277.7 2751.29 486.38 576.62 1791.32 2174.67
ynao_sd_19901003_0700_wang 45 27 18 6 0 1830.54 2002.42 325.99 358.49 1504.55 1643.93
ynao_sd_19901004_0240_wang 40 23 17 10 0 1796.24 3411.08 302.22 536.62 1494.02 2874.46
ynao_sd_19901005_0120_wang 43 24 19 7 0 1756.45 2961.55 333.68 566.69 1422.77 2394.86
ynao_sd_19901006_0820_wang 43 27 16 8 0 1529.66 2672.49 333.28 533.96 1196.38 2138.53
ynao_sd_19901007_0300_wang 39 32 7 5 0 1441.95 2419.67 346.0 607.64 1095.95 1812.03
ynao_sd_19901008_0800_wang 14 10 4 3 0 1108.0 1258.64 146.93 172.17 961.07 1086.47
ynao_sd_19901011_0140_wang 48 32 16 10 0 2332.74 3195.48 426.92 593.02 1905.82 2602.46
ynao_sd_19901012_0300_li 55 39 16 8 0 1967.62 2496.83 434.0 558.62 1533.62 1938.21
ynao_sd_19901014_0240_li 43 27 16 9 0 1891.31 2556.54 387.94 557.97 1503.37 1998.57
ynao_sd_19901015_0230_hong 94 69 25 13 0 3224.88 5352.47 762.44 1061.76 2462.44 4290.71
ynao_sd_19901016_0500_hong 86 69 17 11 0 2406.93 2891.04 734.7 906.54 1672.23 1984.5
ynao_sd_19901017_0530_hong 69 46 23 12 0 2251.13 2652.54 606.34 711.01 1644.79 1941.53
ynao_sd_19901018_0130_hong 86 64 22 11 0 2032.4 2451.63 612.84 719.19 1419.56 1732.44
ynao_sd_19901019_0205_hong 74 58 16 9 0 1826.93 2498.54 638.92 814.43 1188.01 1684.11
ynao_sd_19901020_0110_hong 48 34 14 8 0 1312.14 2229.09 349.83 538.55 962.31 1690.54
ynao_sd_19901021_0115_hong 29 21 8 7 0 633.24 990.78 208.65 296.28 424.59 694.5
ynao_sd_19901022_0050_wang 27 23 4 4 0 402.24 568.3 156.2 222.11 246.04 346.19
ynao_sd_19901023_0200_wang 19 17 2 2 0 230.08 444.82 116.56 257.91 113.52 186.91
ynao_sd_19901024_0040_wang 25 18 7 5 0 589.68 1073.65 231.42 458.31 358.26 615.34
ynao_sd_19901025_0810_wang 26 15 11 5 0 873.64 1268.78 218.35 383.42 655.29 885.36
ynao_sd_19901026_0650_wang 19 10 9 4 0 962.73 1242.29 185.9 301.29 776.83 941.0
ynao_sd_19901029_0310_li 29 18 11 7 0 1193.38 2248.17 219.84 355.46 973.54 1892.71
ynao_sd_19901030_0740_li 29 19 10 5 0 1214.22 1877.69 238.93 377.52 975.29 1500.17
ynao_sd_19901031_0050_li 28 15 13 7 0 1117.75 1693.65 279.92 521.86 837.83 1171.79
ynao_sd_19901101_0130_li 24 14 10 9 0 1181.24 1594.89 194.44 329.3 986.8 1265.59
ynao_sd_19901102_0150_li 30 20 10 5 0 1188.79 1409.87 256.4 337.65 932.39 1072.22
ynao_sd_19901103_0120_li 35 25 10 8 0 1166.52 1323.89 277.8 316.61 888.72 1007.28
ynao_sd_19901104_0100_li 56 52 4 4 0 1043.44 1110.41 415.57 459.77 627.87 650.64
ynao_sd_19901105_0105_hong 80 65 15 8 0 1655.08 1998.48 578.34 802.1 1076.74 1196.38
ynao_sd_19901106_0540_hong 75 59 16 10 0 1563.22 2000.49 544.74 712.69 1018.48 1287.8
ynao_sd_19901107_0100_hong 61 46 15 9 0 1329.38 1727.24 461.32 597.44 868.06 1129.8
ynao_sd_19901108_0515_wang 32 16 16 11 0 1236.95 1826.76 296.88 413.18 940.07 1413.58
ynao_sd_19901110_0230_hong 40 26 14 8 1 1083.77 1592.84 288.97 427.57 794.8 1165.27
ynao_sd_19901111_0120_hong 42 33 9 7 0 2128.35 5542.61 326.75 464.4 1801.6 5078.21
ynao_sd_19901112_0100_hong 53 43 10 4 0 800.71 1084.82 331.03 440.78 469.68 644.04
ynao_sd_19901113_0050_wang 27 19 8 3 0 831.18 1011.1 202.71 245.76 628.47 765.34
ynao_sd_19901114_0830_wang 23 18 5 3 0 598.63 793.48 211.6 268.84 387.03 524.64
ynao_sd_19901115_0100_wang 29 22 7 4 0 578.77 806.76 177.64 234.95 401.13 571.81
ynao_sd_19901116_0050_wang 29 27 2 1 0 397.38 646.88 177.7 233.36 219.68 413.52
ynao_sd_19901117_0100_wang 14 7 7 3 0 493.08 1100.26 142.85 221.01 350.23 879.25
ynao_sd_19901118_0100_wang 12 7 5 3 0 419.19 1013.05 96.92 204.55 322.27 808.5
ynao_sd_19901119_0120_li 8 6 2 1 0 172.42 294.89 68.2 118.67 104.22 176.22
ynao_sd_19901120_0055_li 16 14 2 1 0 176.79 286.24 100.53 184.12 76.26 102.12
ynao_sd_19901121_0220_li 21 17 4 2 0 290.11 351.95 134.58 168.45 155.53 183.5
ynao_sd_19901122_0130_li 18 13 5 2 0 259.18 336.89 96.66 135.35 162.52 201.54
ynao_sd_19901123_0100_li 29 25 4 2 0 263.18 317.01 172.19 199.6 90.99 117.41
ynao_sd_19901124_0310_li 42 37 5 3 0 404.86 476.99 261.6 325.97 143.26 151.02
ynao_sd_19901125_0100_li 41 34 7 3 0 582.7 670.77 262.72 348.29 319.98 322.48
ynao_sd_19901126_0205_hong 60 46 14 7 0 2111.35 3500.28 393.83 473.09 1717.52 3027.19
ynao_sd_19901127_0140_hong 59 40 19 10 0 1309.18 1654.93 423.72 519.95 885.46 1134.98
ynao_sd_19901128_0240_hong 59 48 11 9 0 1197.7 1709.23 407.67 537.32 790.03 1171.91
ynao_sd_19901129_0140_hong 57 45 12 10 0 1219.59 2331.92 448.51 744.41 771.08 1587.51
ynao_sd_19901204_0845_wang 27 21 6 6 0 876.5 1255.01 243.13 368.09 633.37 886.92
ynao_sd_19901205_0250_wang 41 28 13 6 0 1227.9 2067.78 343.85 553.7 884.05 1514.08
ynao_sd_19901206_0510_wang 28 17 11 6 0 1416.67 2515.65 256.13 451.97 1160.54 2063.68
ynao_sd_19901207_0630_wang 36 28 8 6 0 965.42 1280.36 271.44 373.36 693.98 907.0
ynao_sd_19901208_0530_hong 64 47 17 14 0 1291.44 1743.62 447.5 582.79 843.94 1160.83
ynao_sd_19901209_0230_wang 50 37 13 7 0 1069.47 1587.32 390.6 629.76 678.87 957.56
ynao_sd_19901210_0720_li 49 43 6 3 0 642.53 1090.99 334.4 621.56 308.13 469.43
ynao_sd_19901211_0130_li 28 20 8 4 0 583.62 1415.25 146.54 330.18 437.08 1085.07
ynao_sd_19901212_0150_li 8 6 2 2 0 172.87 368.35 47.22 69.08 125.65 299.27
ynao_sd_19901213_0120_li 2 1 1 1 0 78.88 139.03 14.51 20.48 64.37 118.55
ynao_sd_19901214_0140_li 1 0 1 1 0 41.48 115.88 5.01 13.95 36.47 101.93
ynao_sd_19901215_0200_li 3 3 0 0 0 15.16 15.79 15.16 15.79 0 0
ynao_sd_19901216_0130_li 8 8 0 0 0 42.88 48.77 42.88 48.77 0 0
ynao_sd_19901217_0120_hong 23 21 2 1 0 183.08 198.08 137.38 148.35 45.7 49.73
ynao_sd_19901218_0300_hong 12 8 4 4 0 271.02 277.98 80.97 85.82 190.05 192.16
ynao_sd_19901219_0805_hong 15 12 3 2 0 216.13 218.68 111.34 112.45 104.79 106.23
ynao_sd_19901220_0505_hong 16 15 1 1 0 126.22 135.93 89.51 96.79 36.71 39.14
ynao_sd_19901221_0120_hong 8 7 1 1 0 133.4 506.02 69.42 232.08 63.98 273.94
ynao_sd_19901223_0220_hong 46 31 15 8 0 1082.2 2242.91 314.77 655.35 767.43 1587.56
ynao_sd_19901224_0120_wang 59 39 20 12 0 1711.31 2615.61 393.39 601.01 1317.92 2014.6
ynao_sd_19901225_0120_wang 68 56 12 7 0 1678.21 2108.0 548.25 676.64 1129.96 1431.36
ynao_sd_19901226_0300_wang 65 49 16 12 0 1966.96 2619.6 555.86 663.86 1411.1 1955.74
ynao_sd_19901227_0125_wang 56 41 15 11 0 1842.29 2196.11 491.96 555.26 1350.33 1640.85
ynao_sd_19901228_0100_wang 78 60 18 14 0 2190.38 2517.55 618.65 700.68 1571.73 1816.87
ynao_sd_19901229_0150_wang 65 40 25 10 0 2372.02 2727.96 549.29 634.64 1822.73 2093.32
ynao_sd_19901230_0115_wang 57 41 16 11 0 2002.52 2455.24 466.48 577.29 1536.04 1877.95
ynao_sd_19901231_0115_li 46 34 12 8 0 1286.98 1706.36 356.43 476.98 930.55 1229.38
