ynao_sd_19910101_0150_li 51 45 6 4 0 863.08 1210.81 391.89 540.07 471.19 670.74
ynao_sd_19910102_0150_li 59 49 10 6 0 969.41 1352.73 379.07 594.33 590.34 758.4
ynao_sd_19910104_0605_li 42 32 10 5 0 964.27 1163.18 262.8 371.14 701.47 792.04
ynao_sd_19910105_0130_li 19 14 5 5 0 720.45 954.92 230.91 361.15 489.54 593.77
ynao_sd_19910106_0120_li 42 33 9 7 0 632.38 1176.96 273.09 484.09 359.29 692.87
ynao_sd_19910107_0120_hong 42 29 13 13 0 836.56 1434.53 245.04 373.38 591.52 1061.15
ynao_sd_19910108_0150_hong 50 40 10 6 0 2131.54 4001.11 352.47 635.6 1779.07 3365.51
ynao_sd_19910109_0140_hong 44 32 12 5 1 999.14 1804.71 325.52 560.04 673.62 1244.67
ynao_sd_19910110_0140_hong 31 24 7 4 1 605.74 1883.22 180.2 420.54 425.54 1462.68
ynao_sd_19910111_0130_hong 20 17 3 1 0 335.37 811.29 129.14 304.47 206.23 506.82
ynao_sd_19910112_0130_hong 38 32 6 5 0 560.96 984.32 265.54 492.92 295.42 491.4
ynao_sd_19910113_0510_hong 43 34 9 5 0 692.48 934.46 291.04 415.52 401.44 518.94
ynao_sd_19910114_0115_wang 29 20 9 6 0 786.52 968.42 217.42 300.5 569.1 667.92
ynao_sd_19910115_0710_li 44 31 13 5 0 723.62 763.94 298.39 330.63 425.23 433.31
ynao_sd_19910116_0210_li 62 46 16 5 0 1030.36 1048.65 365.91 379.98 664.45 668.67
ynao_sd_19910117_0210_wang 49 30 19 6 0 1316.34 1360.55 322.45 343.72 993.89 1016.83
ynao_sd_19910118_0120_wang 59 43 16 9 0 1240.22 1345.53 356.03 389.03 884.19 956.5
ynao_sd_19910119_0145_wang 60 46 14 5 0 1460.37 1754.98 417.27 507.04 1043.1 1247.94
ynao_sd_19910120_0220_wang 29 19 10 4 0 945.48 1317.86 245.4 355.24 700.08 962.62
ynao_sd_19910121_0110_wang 28 17 11 8 0 780.04 1586.19 191.86 362.45 588.18 1223.74
ynao_sd_19910122_0120_wang 48 27 21 8 0 1891.63 5556.86 361.08 1047.46 1530.55 4509.4
ynao_sd_19910123_0140_li 68 40 28 6 0 2171.09 4402.24 524.77 1123.04 1646.32 3279.2
ynao_sd_19910124_0200_li 91 48 43 7 0 3806.81 5656.74 760.33 1134.3 3046.48 4522.44
ynao_sd_19910125_0135_li 83 47 36 7 0 3836.91 4793.65 731.33 938.81 3105.58 3854.84
ynao_sd_19910127_0140_li 138 93 45 13 0 5820.02 7991.43 1028.89 1328.99 4791.13 6662.44
ynao_sd_19910129_0130_hong 194 119 75 20 2 8572.28 10155.75 1610.94 1830.18 6961.34 8325.57
ynao_sd_19910130_0320_hong 146 74 72 25 2 8501.07 9721.89 1560.11 1775.17 6940.96 7946.72
ynao_sd_19910201_0550_hong 128 45 83 25 0 8998.51 11431.52 1442.41 2008.66 7556.1 9422.86
ynao_sd_19910202_0310_hong 96 28 68 33 2 7463.64 10611.41 1109.16 1552.99 6354.48 9058.42
ynao_sd_19910203_0140_hong 105 43 62 23 0 5996.98 9726.14 982.29 1634.11 5014.69 8092.03
ynao_sd_19910204_0240_wang 76 28 48 14 1 4504.45 7564.57 662.53 1022.2 3841.92 6542.37
ynao_sd_19910205_0130_wang 76 36 40 12 0 2925.62 4373.57 501.98 742.69 2423.64 3630.88
ynao_sd_19910206_0135_wang 66 34 32 11 0 1926.69 3323.36 400.59 714.69 1526.1 2608.67
ynao_sd_19910207_0215_wang 39 21 18 12 0 1311.8 3048.98 300.34 690.07 1011.46 2358.91
ynao_sd_19910208_0120_wang 26 20 6 4 0 579.95 1070.42 214.93 518.59 365.02 551.83
ynao_sd_19910209_0125_wang 23 18 5 5 0 433.23 742.87 129.15 206.75 304.08 536.12
ynao_sd_19910210_0330_wang 25 21 4 4 0 356.48 493.02 150.29 177.14 206.19 315.88
ynao_sd_19910211_0130_li 36 31 5 4 0 332.06 430.61 199.57 241.15 132.49 189.46
ynao_sd_19910212_0120_li 48 45 3 2 0 351.62 425.66 270.65 333.61 80.97 92.05
ynao_sd_19910213_0200_hong 63 55 8 6 0 671.02 916.9 421.73 532.73 249.29 384.17
ynao_sd_19910214_0120_wang 72 59 13 7 0 992.49 1351.31 401.12 488.59 591.37 862.72
ynao_sd_19910215_0200_hong 94 81 13 7 0 1159.12 1743.41 615.5 851.31 543.62 892.1
ynao_sd_19910216_0140_wang 66 48 18 11 0 1287.36 2399.94 462.13 851.64 825.23 1548.3
ynao_sd_19910217_0230_wang 64 52 12 8 0 2402.8 5019.57 490.76 816.48 1912.04 4203.09
ynao_sd_19910218_0130_li 57 45 12 7 0 1044.48 2289.64 414.95 872.86 629.53 1416.78
ynao_sd_19910219_0150_li 94 69 25 11 0 2725.31 5799.03 742.99 1467.03 1982.32 4332.0
ynao_sd_19910220_0900_li 99 67 32 18 0 3555.81 5322.42 903.59 1304.81 2652.22 4017.61
ynao_sd_19910221_0750_li 104 73 31 20 0 4314.7 5590.42 871.01 1124.35 3443.69 4466.07
ynao_sd_19910223_0630_wang 120 74 46 18 1 5863.27 6638.62 1101.93 1274.32 4761.34 5364.3
ynao_sd_19910224_0230_wang 141 100 41 18 1 5362.97 5993.03 1255.94 1398.64 4107.03 4594.39
ynao_sd_19910225_0120_hong 191 154 37 16 0 5379.26 6231.24 1545.9 1776.97 3833.36 4454.27
ynao_sd_19910226_0130_hong 127 91 36 14 0 4528.13 5010.78 1243.26 1378.44 3284.87 3632.34
ynao_sd_19910227_0120_hong 149 122 27 10 1 3879.52 4754.61 1228.03 1451.79 2651.49 3302.82
ynao_sd_19910228_0120_hong 96 70 26 8 1 3185.77 4885.4 945.25 1306.53 2240.52 3578.87
ynao_sd_19910301_0125_hong 68 51 17 9 0 2422.76 4013.75 747.01 1168.03 1675.75 2845.72
ynao_sd_19910302_0130_hong 58 46 12 4 0 1448.24 3483.32 478.21 968.58 970.03 2514.74
ynao_sd_19910303_0150_hong 30 26 4 2 0 594.3 2244.33 235.51 714.3 358.79 1530.03
ynao_sd_19910304_0120_wang 3 3 0 0 0 29.17 42.01 29.17 42.01 0 0
ynao_sd_19910305_0120_wang 10 6 4 1 0 241.95 881.43 84.73 240.93 157.22 640.5
ynao_sd_19910306_0125_wang 20 9 11 3 0 915.9 3709.38 152.45 617.75 763.45 3091.63
ynao_sd_19910307_0320_wang 43 21 22 8 0 1578.82 3801.43 336.34 791.21 1242.48 3010.22
ynao_sd_19910308_0130_wang 70 40 30 8 0 1833.91 3226.65 449.68 790.61 1384.23 2436.04
ynao_sd_19910309_0120_wang 105 71 34 10 0 2338.86 3410.53 608.1 866.8 1730.76 2543.73
ynao_sd_19910310_0120_wang 156 108 48 14 0 3207.41 3906.6 877.72 1051.24 2329.69 2855.36
ynao_sd_19910311_0130_hong 190 148 42 25 0 3418.25 5172.0 1213.63 1500.52 2204.62 3671.48
ynao_sd_19910312_0130_hong 219 168 51 17 0 3574.32 4921.11 1510.13 1879.44 2064.19 3041.67
ynao_sd_19910313_0120_hong 208 161 47 17 0 3871.8 5032.34 1513.34 1835.94 2358.46 3196.4
ynao_sd_19910314_0120_hong 194 154 40 19 1 3744.11 4431.35 1254.41 1471.02 2489.7 2960.33
ynao_sd_19910315_0110_hong 171 136 35 17 0 3751.82 4987.2 1293.73 1669.62 2458.09 3317.58
ynao_sd_19910316_0330_hong 196 155 41 26 2 3742.75 4843.62 1287.25 1656.6 2455.5 3187.02
ynao_sd_19910317_0130_hong 167 145 22 16 0 2992.93 3971.78 1228.1 1765.68 1764.83 2206.1
ynao_sd_19910318_0130_li 114 95 19 8 0 2335.36 2982.52 817.14 1354.77 1518.22 1627.75
ynao_sd_19910319_0100_li 110 78 32 14 0 4804.27 9717.74 794.76 1369.91 4009.51 8347.83
ynao_sd_19910320_0115_li 129 86 43 13 1 3853.86 6429.96 961.87 1560.52 2891.99 4869.44
ynao_sd_19910321_0105_li 139 106 33 14 0 5309.21 7505.25 1075.47 1533.75 4233.74 5971.5
ynao_sd_19910322_0100_li 130 82 48 11 0 5509.79 7213.02 1150.18 1565.97 4359.61 5647.05
ynao_sd_19910323_0120_li 161 118 43 13 1 5921.3 6962.34 1373.9 1719.07 4547.4 5243.27
ynao_sd_19910324_0115_li 153 84 69 14 2 7434.1 8188.18 1315.28 1572.4 6118.82 6615.78
ynao_sd_19910325_0130_wang 174 83 91 10 1 8197.55 8821.42 1296.43 1441.78 6901.12 7379.64
ynao_sd_19910326_0105_wang 137 71 66 11 0 5522.61 6043.78 1209.09 1349.24 4313.52 4694.54
ynao_sd_19910327_0120_wang 174 91 83 11 1 5914.76 7067.57 1232.33 1466.13 4682.43 5601.44
ynao_sd_19910328_0300_wang 106 49 57 10 0 3809.17 5351.68 718.95 1006.46 3090.22 4345.22
ynao_sd_19910329_0120_wang 104 59 45 7 1 2925.56 5128.65 626.22 1110.57 2299.34 4018.08
ynao_sd_19910403_0900_hong 50 41 9 7 0 1088.55 1202.83 348.92 438.1 739.63 764.73
ynao_sd_19910404_0305_hong 63 53 10 6 0 1144.82 1303.56 397.58 481.34 747.24 822.22
ynao_sd_19910405_0105_hong 67 56 11 5 0 1108.95 1306.18 463.04 577.85 645.91 728.33
ynao_sd_19910406_0110_hong 76 66 10 5 0 985.01 1181.59 441.52 516.72 543.49 664.87
ynao_sd_19910407_0100_hong 72 60 12 6 1 869.86 1228.04 455.58 579.64 414.28 648.4
ynao_sd_19910408_0110_wang 51 44 7 4 0 587.21 916.16 360.3 491.57 226.91 424.59
ynao_sd_19910409_0040_wang 42 41 1 2 0 364.24 720.94 265.91 366.63 98.33 354.31
ynao_sd_19910410_0110_wang 56 47 9 4 0 749.09 1226.05 385.96 624.22 363.13 601.83
ynao_sd_19910411_0110_wang 80 68 12 9 0 1744.89 2492.63 510.95 703.2 1233.94 1789.43
ynao_sd_19910412_0100_wang 101 89 12 6 0 1059.4 1548.2 623.1 889.28 436.3 658.92
ynao_sd_19910413_0120_wang 74 64 10 7 0 788.79 1287.56 404.49 601.67 384.3 685.89
ynao_sd_19910414_0120_wang 69 60 9 9 0 903.58 1845.64 395.87 700.57 507.71 1145.07
ynao_sd_19910415_0340_hong 79 64 15 8 0 1277.98 3014.93 543.73 993.62 734.25 2021.31
ynao_sd_19910416_0040_hong 99 85 14 3 0 1542.8 2441.79 635.03 999.53 907.77 1442.26
ynao_sd_19910417_0040_hong 82 72 10 4 0 1377.79 1790.19 530.1 678.39 847.69 1111.8
ynao_sd_19910418_0045_hong 97 89 8 3 0 1349.76 1654.54 671.37 808.21 678.39 846.33
ynao_sd_19910419_0030_hong 102 96 6 2 0 1232.7 1498.6 731.4 845.65 501.3 652.95
ynao_sd_19910420_0920_hong 75 66 9 7 0 934.93 1228.34 479.73 562.5 455.2 665.84
ynao_sd_19910421_0230_hong 61 57 4 3 0 719.25 1025.61 441.5 574.3 277.75 451.31
ynao_sd_19910422_0210_wang 21 16 5 2 0 328.66 382.09 137.23 174.95 191.43 207.14
ynao_sd_19910423_0140_wang 38 36 2 1 0 329.92 405.7 211.06 263.12 118.86 142.58
ynao_sd_19910424_0140_wang 14 13 1 1 0 153.12 212.41 81.94 109.35 71.18 103.06
ynao_sd_19910425_0005_wang 16 15 1 1 0 150.9 243.85 86.53 122.03 64.37 121.82
ynao_sd_19910426_0040_wang 23 22 1 1 0 160.86 345.26 129.64 247.96 31.22 97.3
ynao_sd_19910427_0140_li 17 16 1 1 0 173.59 396.26 112.35 181.06 61.24 215.2
ynao_sd_19910428_0200_li 25 24 1 1 0 304.95 613.12 181.79 353.26 123.16 259.86
ynao_sd_19910429_0015_li 39 37 2 3 0 447.14 712.05 223.23 322.9 223.91 389.15
ynao_sd_19910430_0020_li 38 33 5 3 0 626.94 771.91 220.79 260.21 406.15 511.7
ynao_sd_19910502_0630_li 22 16 6 4 0 486.89 656.21 154.85 213.39 332.04 442.82
ynao_sd_19910503_0150_li 33 28 5 5 0 595.0 768.07 227.97 267.38 367.03 500.69
ynao_sd_19910504_0015_li 55 47 8 5 0 697.16 939.67 300.2 358.58 396.96 581.09
ynao_sd_19910505_0020_li 51 39 12 5 0 1044.91 1143.73 297.29 331.66 747.62 812.07
ynao_sd_19910506_0050_hong 63 39 24 5 0 1995.75 2295.79 567.58 801.45 1428.17 1494.34
ynao_sd_19910507_0340_hong 58 23 35 6 0 2381.19 2812.66 569.52 657.29 1811.67 2155.37
ynao_sd_19910510_0130_hong 40 19 21 3 0 2114.53 4152.33 366.31 678.1 1748.22 3474.23
ynao_sd_19910511_0040_hong 35 21 14 3 0 1207.93 3408.55 289.78 651.4 918.15 2757.15
ynao_sd_19910512_0200_wang 29 21 8 6 0 807.38 1423.56 231.75 375.14 575.63 1048.42
ynao_sd_19910513_0050_wang 22 11 11 7 0 991.37 1080.19 151.47 175.6 839.9 904.59
ynao_sd_19910514_0030_wang 34 25 9 5 0 954.09 1030.6 220.31 259.9 733.78 770.7
ynao_sd_19910515_0240_wang 30 24 6 4 0 959.2 1513.31 206.43 263.69 752.77 1249.62
ynao_sd_19910516_0820_wang 25 17 8 4 0 985.12 1493.78 167.81 239.11 817.31 1254.67
ynao_sd_19910517_0300_wang 41 31 10 4 0 1109.76 1607.51 261.92 368.08 847.84 1239.43
ynao_sd_19910518_0001_wang 47 34 13 7 1 1222.66 1702.48 319.64 431.55 903.02 1270.93
ynao_sd_19910519_0420_wang 48 42 6 5 0 1134.75 1572.78 347.56 525.23 787.19 1047.55
ynao_sd_19910520_0030_hong 73 67 6 5 0 1177.15 1664.5 516.38 741.53 660.77 922.97
ynao_sd_19910521_0030_hong 62 53 9 3 0 972.0 1100.51 420.22 543.56 551.78 556.95
ynao_sd_19910522_0150_hong 40 31 9 4 0 739.09 820.11 272.77 320.79 466.32 499.32
ynao_sd_19910523_0100_hong 35 30 5 4 0 747.55 864.86 305.26 357.5 442.29 507.36
ynao_sd_19910524_0050_hong 36 31 5 2 0 496.76 669.22 264.33 463.48 232.43 205.74
ynao_sd_19910525_0030_hong 33 24 9 5 0 505.1 1029.04 190.01 345.62 315.09 683.42
ynao_sd_19910526_0130_hong 31 27 4 4 0 604.71 1588.09 231.93 450.73 372.78 1137.36
ynao_sd_19910527_0130_wang 37 32 5 3 0 904.37 1816.83 327.97 588.16 576.4 1228.67
ynao_sd_19910528_0200_wang 42 36 6 2 0 1066.1 1702.84 293.27 526.18 772.83 1176.66
ynao_sd_19910529_0100_wang 31 21 10 4 0 1331.08 1679.88 243.31 304.53 1087.77 1375.35
ynao_sd_19910530_0640_wang 42 33 9 3 0 1313.84 1483.16 323.36 381.36 990.48 1101.8
ynao_sd_19910531_0325_wang 35 28 7 3 0 1297.14 1381.99 298.48 341.72 998.66 1040.27
ynao_sd_19910601_0010_wang 57 47 10 4 0 1559.76 1638.08 404.33 445.94 1155.43 1192.14
ynao_sd_19910602_0450_wang 58 47 11 4 0 1810.71 2011.72 469.31 542.67 1341.4 1469.05
ynao_sd_19910603_0340_hong 37 27 10 5 0 1601.53 2001.13 443.44 547.73 1158.09 1453.4
ynao_sd_19910604_0240_hong 37 28 9 7 0 1258.11 2461.15 309.58 504.06 948.53 1957.09
ynao_sd_19910605_0510_hong 23 11 12 5 0 939.5 1964.7 217.04 411.5 722.46 1553.2
ynao_sd_19910606_0945_hong 18 9 9 3 0 910.12 2004.44 162.22 364.19 747.9 1640.25
ynao_sd_19910607_0340_hong 28 21 7 4 0 727.43 1323.03 216.9 380.02 510.53 943.01
ynao_sd_19910608_0050_hong 43 36 7 1 0 626.81 819.18 295.98 415.28 330.83 403.9
ynao_sd_19910609_0130_hong 59 55 4 3 0 747.2 865.28 395.36 478.19 351.84 387.09
ynao_sd_19910610_0100_wang 77 66 11 5 0 974.19 1075.84 437.38 482.88 536.81 592.96
ynao_sd_19910611_0350_wang 90 81 9 9 0 1355.67 1509.7 492.86 565.43 862.81 944.27
ynao_sd_19910612_0300_wang 101 75 26 6 0 1803.62 2160.62 548.66 664.94 1254.96 1495.68
ynao_sd_19910613_0810_wang 91 73 18 8 0 1518.12 2140.31 528.73 735.48 989.39 1404.83
ynao_sd_19910614_0300_wang 61 52 9 6 0 845.1 1405.32 359.58 522.96 485.52 882.36
ynao_sd_19910615_0940_wang 28 18 10 8 0 672.96 1208.26 154.27 233.46 518.69 974.8
ynao_sd_19910616_0520_wang 55 48 7 8 0 1015.54 1398.93 444.22 724.54 571.32 674.39
ynao_sd_19910617_0050_li 56 49 7 5 0 660.81 801.64 315.03 376.45 345.78 425.19
ynao_sd_19910618_0055_li 70 65 5 3 0 630.39 759.43 376.05 448.51 254.34 310.92
ynao_sd_19910619_0320_li 52 39 13 8 0 810.42 947.74 320.07 426.79 490.35 520.95
ynao_sd_19910620_0630_li 60 48 12 5 0 926.56 1135.68 381.9 468.8 544.66 666.88
ynao_sd_19910622_0120_li 56 50 6 5 0 715.66 1069.46 331.84 476.76 383.82 592.7
ynao_sd_19910623_0040_li 34 29 5 6 0 475.61 869.4 200.96 366.85 274.65 502.55
ynao_sd_19910626_0040_hong 49 45 4 2 0 431.26 544.55 319.06 414.18 112.2 130.37
ynao_sd_19910627_0550_hong 44 33 11 7 0 557.84 608.07 240.44 266.55 317.4 341.52
ynao_sd_19910628_0545_hong 57 46 11 5 0 1057.38 1079.1 403.19 417.02 654.19 662.08
ynao_sd_19910629_0350_hong 68 56 12 3 0 1087.71 1145.98 519.57 562.53 568.14 583.45
ynao_sd_19910630_0840_hong 58 51 7 5 0 1048.5 1466.71 413.18 498.79 635.32 967.92
ynao_sd_19910702_0910_wang 1 1 0 0 0 4.77 7.26 4.77 7.26 0 0
ynao_sd_19910703_0640_wang 35 28 7 5 0 753.26 1360.18 260.53 421.89 492.73 938.29
ynao_sd_19910704_0705_wang 24 18 6 4 0 541.66 913.25 189.45 393.36 352.21 519.89
ynao_sd_19910708_0855_wang 42 31 11 5 0 1037.21 1993.68 270.05 471.51 767.16 1522.17
ynao_sd_19910710_0810_li 51 37 14 5 0 1237.06 1856.98 323.1 489.29 913.96 1367.69
ynao_sd_19910711_0930_li 63 52 11 5 0 1372.62 1798.8 420.33 563.97 952.29 1234.83
ynao_sd_19910713_0155_li 67 42 25 10 0 2023.19 2574.31 418.66 518.78 1604.53 2055.53
ynao_sd_19910714_0220_li 76 53 23 7 0 1959.51 2457.61 437.84 521.99 1521.67 1935.62
ynao_sd_19910717_0900_li 49 39 10 6 0 920.86 1381.07 267.71 385.03 653.15 996.04
ynao_sd_19910718_0440_li 35 26 9 6 0 616.03 957.0 221.65 327.34 394.38 629.66
ynao_sd_19910719_0040_hong 51 41 10 7 0 853.31 1668.28 346.79 572.4 506.52 1095.88
ynao_sd_19910720_0030_hong 50 39 11 7 0 953.5 2078.96 341.16 624.35 612.34 1454.61
ynao_sd_19910721_0100_hong 65 50 15 9 0 1320.99 2409.22 459.3 808.82 861.69 1600.4
ynao_sd_19910722_0340_hong 59 47 12 8 0 1255.66 1853.44 436.74 677.22 818.92 1176.22
ynao_sd_19910723_0210_hong 75 66 9 8 0 1321.27 1696.69 550.65 729.66 770.62 967.03
ynao_sd_19910724_0100_hong 68 56 12 10 0 1444.03 1674.93 543.28 668.69 900.75 1006.24
ynao_sd_19910725_0040_hong 62 53 9 6 0 1395.74 1585.32 553.03 681.18 842.71 904.14
ynao_sd_19910726_0030_hong 97 86 11 8 0 1553.22 2200.68 673.46 908.89 879.76 1291.79
ynao_sd_19910727_0110_hong 65 58 7 5 0 1348.08 1866.44 534.88 702.0 813.2 1164.44
ynao_sd_19910728_0200_hong 47 40 7 4 0 1162.18 1616.78 411.03 558.54 751.15 1058.24
ynao_sd_19910729_0100_wang 35 30 5 3 0 947.11 1355.56 271.58 397.12 675.53 958.44
ynao_sd_19910730_0800_wang 48 34 14 6 0 1240.43 1961.78 290.99 465.02 949.44 1496.76
ynao_sd_19910803_0630_wang 33 21 12 10 0 809.28 1286.21 197.6 290.22 611.68 995.99
ynao_sd_19910804_0510_wang 49 40 9 8 0 854.03 1266.74 292.04 396.72 561.99 870.02
ynao_sd_19910805_0130_li 34 29 5 3 0 546.66 826.13 224.33 293.22 322.33 532.91
ynao_sd_19910806_0150_li 23 18 5 3 0 372.65 612.01 146.22 268.54 226.43 343.47
ynao_sd_19910807_0250_li 23 18 5 3 0 505.81 1037.38 167.45 317.7 338.36 719.68
ynao_sd_19910809_0430_li 28 23 5 3 0 541.73 1016.75 178.74 312.83 362.99 703.92
ynao_sd_19910810_0640_li 6 3 3 2 0 475.54 644.02 73.76 101.49 401.78 542.53
ynao_sd_19910811_0450_li 19 15 4 2 0 627.36 823.37 146.23 216.73 481.13 606.64
ynao_sd_19910812_0405_hong 15 11 4 3 0 763.06 1169.94 189.36 268.39 573.7 901.55
ynao_sd_19910813_0210_hong 29 24 5 4 0 929.89 1423.79 321.87 505.65 608.02 918.14
ynao_sd_19910815_0940_hong 64 42 22 14 0 2190.16 3890.96 569.52 1038.07 1620.64 2852.89
ynao_sd_19910816_0040_hong 106 71 35 20 0 3247.58 5241.86 860.86 1406.37 2386.72 3835.49
ynao_sd_19910817_0040_hong 142 102 40 22 1 3737.22 5369.26 1071.76 1553.3 2665.46 3815.96
ynao_sd_19910818_0110_li 177 135 42 17 0 3753.95 4705.79 1017.29 1253.13 2736.66 3452.66
ynao_sd_19910819_0040_wang 215 159 56 20 1 4336.95 5101.81 1161.88 1363.69 3175.07 3738.12
ynao_sd_19910820_0030_wang 209 140 69 20 0 5381.07 5985.26 1179.57 1350.77 4201.5 4634.49
ynao_sd_19910821_0130_wang 167 104 63 22 0 5505.61 6309.12 1076.36 1225.54 4429.25 5083.58
ynao_sd_19910822_0100_wang 153 103 50 19 1 4958.56 6350.47 895.86 1141.25 4062.7 5209.22
ynao_sd_19910823_0340_wang 124 71 53 20 0 3669.08 5830.93 733.92 1144.23 2935.16 4686.7
ynao_sd_19910824_0110_wang 100 57 43 12 0 3672.58 8533.2 651.32 1305.14 3021.26 7228.06
ynao_sd_19910825_0400_wang 35 17 18 9 0 1660.87 4479.22 247.7 643.37 1413.17 3835.85
ynao_sd_19910826_0800_li 17 9 8 5 0 540.17 945.55 98.14 192.87 442.03 752.68
ynao_sd_19910827_0620_li 22 14 8 4 0 510.34 771.05 137.9 219.22 372.44 551.83
ynao_sd_19910828_0035_li 34 23 11 6 0 790.11 1483.3 204.98 382.89 585.13 1100.41
ynao_sd_19910829_0740_li 45 34 11 7 0 843.12 1252.61 246.21 323.97 596.91 928.64
ynao_sd_19910830_0250_li 70 55 15 8 0 1174.9 1601.99 409.9 503.49 765.0 1098.5
ynao_sd_19910831_0220_li 86 67 19 10 0 1487.88 1831.22 455.1 550.32 1032.78 1280.9
ynao_sd_19910901_0240_li 91 84 7 4 0 1273.77 1525.8 564.95 665.27 708.82 860.53
ynao_sd_19910902_0620_hong 80 67 13 8 0 1528.59 1869.15 587.29 730.11 941.3 1139.04
ynao_sd_19910903_0720_hong 98 89 9 7 0 1358.17 1734.11 622.98 805.48 735.19 928.63
ynao_sd_19910904_0520_hong 80 68 12 6 0 1256.75 1825.96 555.86 804.21 700.89 1021.75
ynao_sd_19910905_0340_hong 68 56 12 7 0 1257.14 1820.92 526.76 693.87 730.38 1127.05
ynao_sd_19910907_0340_hong 77 60 17 14 0 1749.36 3033.71 570.3 979.03 1179.06 2054.68
ynao_sd_19910908_0320_hong 87 62 25 11 1 1716.51 3402.21 613.78 1264.38 1102.73 2137.83
ynao_sd_19910909_0400_li 69 43 26 15 0 1719.48 3418.16 423.84 862.93 1295.64 2555.23
ynao_sd_19910910_0350_li 48 32 16 8 0 1231.7 2081.62 276.14 625.94 955.56 1455.68
ynao_sd_19910911_0150_li 57 40 17 8 0 1466.26 2099.11 368.73 593.0 1097.53 1506.11
ynao_sd_19910915_0420_wang 28 20 8 7 0 811.1 1315.49 183.16 241.99 627.94 1073.5
ynao_sd_19910916_0610_wang 44 38 6 5 0 642.34 725.63 248.79 289.03 393.55 436.6
ynao_sd_19910917_0330_wang 28 25 3 2 0 447.41 511.38 201.64 246.61 245.77 264.77
ynao_sd_19910918_0800_wang 26 25 1 1 0 362.88 424.98 163.02 204.64 199.86 220.34
ynao_sd_19910919_0710_wang 2 1 1 1 0 183.56 225.61 31.85 38.0 151.71 187.61
ynao_sd_19910921_0630_wang 8 8 0 0 0 39.4 42.26 39.4 42.26 0 0
ynao_sd_19910922_0650_wang 35 28 7 4 0 399.11 707.32 167.18 247.9 231.93 459.42
ynao_sd_19910923_0900_wang 63 62 1 2 0 412.76 752.38 328.19 593.41 84.57 158.97
ynao_sd_19910924_0700_wang 29 26 3 3 0 294.56 697.5 167.32 367.76 127.24 329.74
ynao_sd_19910925_0500_wang 38 23 15 5 0 1261.9 4708.47 265.98 923.9 995.92 3784.57
ynao_sd_19910926_0445_wang 46 29 17 5 0 1869.09 4640.55 318.83 721.69 1550.26 3918.86
ynao_sd_19910929_0110_hong 122 88 34 7 0 3315.92 3986.9 1003.57 1235.41 2312.35 2751.49
ynao_sd_19910930_0550_hong 89 53 36 16 0 3852.47 4295.98 958.25 1090.66 2894.22 3205.32
ynao_sd_19911001_0320_wang 140 95 45 13 1 4456.0 4808.43 1123.63 1234.88 3332.37 3573.55
ynao_sd_19911002_0210_li 122 80 42 7 0 4484.13 4833.67 1011.55 1099.79 3472.58 3733.88
ynao_sd_19911003_0110_hong 121 69 52 8 1 4562.27 5238.17 1103.67 1280.95 3458.6 3957.22
ynao_sd_19911005_0300_hong 78 45 33 14 1 3418.67 5211.31 827.2 1253.05 2591.47 3958.26
ynao_sd_19911008_0730_li 14 11 3 3 0 1038.22 1499.68 105.48 354.11 932.74 1145.57
ynao_sd_19911009_0100_li 31 30 1 1 0 315.09 777.95 181.72 332.71 133.37 445.24
ynao_sd_19911010_0320_li 27 23 4 1 0 661.99 1223.66 215.16 294.72 446.83 928.94
ynao_sd_19911011_0510_li 31 23 8 4 0 1093.76 1648.04 252.36 411.71 841.4 1236.33
ynao_sd_19911012_0220_li 39 26 13 8 0 1527.25 2055.6 333.04 480.88 1194.21 1574.72
ynao_sd_19911013_0115_li 48 31 17 6 0 1127.48 1438.37 285.27 375.19 842.21 1063.18
ynao_sd_19911014_0030_wang 54 37 17 7 0 1809.96 2211.92 413.28 509.93 1396.68 1701.99
ynao_sd_19911015_0040_wang 47 33 14 4 0 1644.31 1995.27 335.91 454.8 1308.4 1540.47
ynao_sd_19911016_0100_wang 52 31 21 8 0 1526.23 1813.98 336.93 400.02 1189.3 1413.96
ynao_sd_19911018_0140_wang 46 35 11 4 0 847.39 1247.0 271.52 378.6 575.87 868.4
ynao_sd_19911019_0140_wang 20 16 4 3 0 294.52 522.3 112.51 175.86 182.01 346.44
ynao_sd_19911020_0400_wang 12 9 3 3 0 228.11 643.77 70.89 150.93 157.22 492.84
ynao_sd_19911021_0405_hong 37 36 1 1 0 264.92 375.17 230.74 335.56 34.18 39.61
ynao_sd_19911024_0130_hong 94 67 27 6 0 3528.48 7293.53 703.19 1328.82 2825.29 5964.71
ynao_sd_19911025_0410_hong 100 59 41 10 2 4972.85 7642.74 930.0 1450.23 4042.85 6192.51
ynao_sd_19911026_0120_hong 116 63 53 14 0 5675.96 7236.74 1159.74 1468.58 4516.22 5768.16
ynao_sd_19911027_0840_hong 132 77 55 16 1 6454.3 7172.91 1297.48 1447.4 5156.82 5725.51
ynao_sd_19911028_0210_li 157 95 62 16 0 3736.05 4043.72 1092.06 1217.98 2643.99 2825.74
ynao_sd_19911029_0520_li 168 116 52 15 0 2511.82 2860.75 1122.6 1299.63 1389.22 1561.12
ynao_sd_19911030_0310_li 185 126 59 14 1 3193.56 3669.78 1215.66 1419.57 1977.9 2250.21
ynao_sd_19911102_0410_li 60 38 22 14 0 1342.57 2667.62 348.62 700.93 993.95 1966.69
ynao_sd_19911103_0310_li 54 42 12 7 0 868.0 1921.82 343.02 719.43 524.98 1202.39
ynao_sd_19911106_0100_wang 56 33 23 7 0 1908.4 2243.98 396.16 505.25 1512.24 1738.73
ynao_sd_19911107_0105_wang 81 52 29 7 0 1937.03 2486.87 496.64 656.31 1440.39 1830.56
ynao_sd_19911108_0100_wang 76 55 21 8 0 1789.39 2402.53 496.37 677.93 1293.02 1724.6
ynao_sd_19911109_0130_wang 62 42 20 6 0 1586.09 3458.65 435.16 842.5 1150.93 2616.15
ynao_sd_19911110_0220_wang 39 25 14 4 0 1475.72 3185.25 315.83 616.87 1159.89 2568.38
ynao_sd_19911111_0130_hong 46 36 10 4 0 1321.88 2601.98 420.07 808.95 901.81 1793.03
ynao_sd_19911112_0140_hong 36 26 10 2 0 1351.66 1700.83 390.85 507.52 960.81 1193.31
ynao_sd_19911113_0105_hong 30 18 12 1 0 1393.17 1567.49 384.51 454.69 1008.66 1112.8
ynao_sd_19911115_0510_hong 36 22 14 6 0 1220.81 1281.01 333.22 351.58 887.59 929.43
ynao_sd_19911116_0200_hong 56 40 16 9 0 1150.51 1274.22 365.17 402.11 785.34 872.11
ynao_sd_19911117_0520_hong 46 34 12 7 0 962.97 1250.25 361.16 469.94 601.81 780.31
ynao_sd_19911118_0300_li 42 31 11 6 0 756.64 1472.92 269.44 427.21 487.2 1045.71
ynao_sd_19911119_0125_li 44 37 7 6 0 707.22 1358.41 274.57 493.04 432.65 865.37
ynao_sd_19911120_0320_li 46 41 5 5 0 1574.32 3292.68 295.98 444.34 1278.34 2848.34
ynao_sd_19911121_0125_li 41 38 3 3 0 558.93 689.52 232.25 290.42 326.68 399.1
ynao_sd_19911122_0110_li 28 22 6 4 0 577.1 658.06 166.44 197.46 410.66 460.6
ynao_sd_19911123_0220_li 23 19 4 2 0 532.03 586.23 201.5 243.18 330.53 343.05
ynao_sd_19911124_0055_li 36 33 3 2 0 519.01 572.55 222.96 268.52 296.05 304.03
ynao_sd_19911125_0705_wang 28 22 6 5 0 559.7 668.92 177.15 241.93 382.55 426.99
ynao_sd_19911127_0500_wang 57 38 19 10 0 1463.25 1747.76 381.74 449.65 1081.51 1298.11
ynao_sd_19911128_0300_wang 60 42 18 10 0 1529.05 2115.92 368.39 482.01 1160.66 1633.91
ynao_sd_19911129_0105_wang 50 37 13 7 0 1525.25 2007.37 347.98 487.64 1177.27 1519.73
ynao_sd_19911130_0130_wang 42 29 13 6 0 1804.51 2311.42 404.05 646.48 1400.46 1664.94
ynao_sd_19911201_0200_wang 40 27 13 6 0 1577.23 1805.9 326.06 399.87 1251.17 1406.03
ynao_sd_19911202_0130_hong 47 31 16 7 0 1407.27 1611.43 422.28 500.11 984.99 1111.32
ynao_sd_19911203_0530_hong 49 39 10 8 0 1293.25 1601.68 406.1 527.41 887.15 1074.27
ynao_sd_19911204_0140_hong 63 52 11 7 0 1124.64 1602.95 451.49 692.34 673.15 910.61
ynao_sd_19911205_0105_hong 58 41 17 10 0 1148.13 1676.82 385.9 562.67 762.23 1114.15
ynao_sd_19911206_0130_hong 59 42 17 12 0 1121.65 1636.85 378.99 510.98 742.66 1125.87
ynao_sd_19911207_0120_hong 63 45 18 10 0 1287.78 1653.92 431.25 549.04 856.53 1104.88
ynao_sd_19911208_0130_hong 62 48 14 7 0 1407.63 1806.36 475.94 592.04 931.69 1214.32
ynao_sd_19911209_0820_li 90 76 14 11 0 1384.48 1912.42 489.49 637.49 894.99 1274.93
ynao_sd_19911210_0500_li 110 67 43 9 0 2593.21 3356.83 687.18 982.49 1906.03 2374.34
ynao_sd_19911212_0210_li 84 60 24 10 0 2645.7 3632.44 564.09 781.12 2081.61 2851.32
ynao_sd_19911213_0200_li 101 83 18 9 0 2019.83 2964.0 656.87 902.55 1362.96 2061.45
ynao_sd_19911214_0135_li 80 67 13 7 0 1592.04 2525.49 542.23 813.5 1049.81 1711.99
ynao_sd_19911215_0115_li 56 48 8 6 0 1141.34 1799.1 392.52 679.46 748.82 1119.64
ynao_sd_19911216_0120_wang 47 36 11 7 0 1291.56 1803.94 374.84 515.91 916.72 1288.03
ynao_sd_19911217_0300_wang 50 37 13 7 0 1625.31 2135.94 386.18 472.89 1239.13 1663.05
ynao_sd_19911218_0310_wang 63 42 21 7 0 1700.9 2415.18 421.97 608.17 1278.93 1807.01
ynao_sd_19911219_0510_wang 60 34 26 12 0 2069.36 4386.02 430.92 839.98 1638.44 3546.04
ynao_sd_19911220_0350_wang 73 39 34 9 2 2638.34 4776.17 482.28 768.15 2156.06 4008.02
ynao_sd_19911221_0350_wang 62 31 31 9 0 2849.77 4203.54 420.5 590.67 2429.27 3612.87
ynao_sd_19911222_0205_wang 88 49 39 8 0 3130.89 4307.56 572.58 814.38 2558.31 3493.18
ynao_sd_19911223_0410_hong 85 40 45 14 1 4285.69 7224.33 872.53 1526.7 3413.16 5697.63
ynao_sd_19911224_0120_hong 134 75 59 19 2 5261.52 8909.17 968.83 1549.33 4292.69 7359.84
ynao_sd_19911225_0120_hong 143 71 72 19 3 5929.98 9424.35 1219.68 1900.63 4710.3 7523.72
ynao_sd_19911226_0810_hong 90 50 40 24 0 5937.86 7732.09 1227.7 1667.8 4710.16 6064.29
ynao_sd_19911227_0545_hong 115 64 51 28 0 6372.33 7884.94 1455.47 1754.4 4916.86 6130.54
ynao_sd_19911229_0840_hong 111 55 56 37 1 6166.34 7808.54 1360.07 1696.5 4806.27 6112.04
ynao_sd_19911230_0130_li 171 118 53 25 0 4063.22 4849.11 1075.37 1336.98 2987.85 3512.13
ynao_sd_19911231_0320_li 117 80 37 21 0 3125.7 4115.5 789.56 1113.72 2336.14 3001.78
