ynao_sd_19920101_0115_li 64 48 16 14 0 2641.42 3585.27 722.51 1237.62 1918.91 2347.65
ynao_sd_19920102_0500_li 76 47 29 17 0 2997.05 4336.83 836.63 1266.76 2160.42 3070.07
ynao_sd_19920103_0055_li 92 57 35 16 0 2945.24 4233.69 725.26 1067.29 2219.98 3166.4
ynao_sd_19920104_0230_li 88 61 27 15 1 3555.24 4611.71 800.18 1069.48 2755.06 3542.23
ynao_sd_19920105_0140_li 106 61 45 18 0 3823.28 4586.55 821.25 1024.61 3002.03 3561.94
ynao_sd_19920106_0800_wang 87 37 50 13 0 4759.41 6980.7 617.39 668.65 4142.02 6312.05
ynao_sd_19920109_0800_wang 57 31 26 13 0 2767.71 3988.03 517.91 707.11 2249.8 3280.92
ynao_sd_19920110_0510_wang 63 28 35 14 0 2419.05 3642.84 426.79 627.26 1992.26 3015.58
ynao_sd_19920111_0200_wang 47 29 18 13 0 1603.61 2602.03 332.6 559.55 1271.01 2042.48
ynao_sd_19920112_0210_wang 50 32 18 9 0 1359.77 2671.55 501.76 1109.56 858.01 1561.99
ynao_sd_19920114_0350_hong 58 45 13 7 0 1248.42 1752.72 454.33 688.5 794.09 1064.22
ynao_sd_19920115_0850_hong 36 29 7 5 0 1109.68 1489.64 359.67 528.28 750.01 961.36
ynao_sd_19920117_0405_hong 41 36 5 4 0 1091.49 1243.46 441.54 548.74 649.95 694.72
ynao_sd_19920118_0130_hong 31 29 2 2 0 873.52 989.28 357.45 435.8 516.07 553.48
ynao_sd_19920119_0440_hong 34 32 2 2 0 855.57 1090.89 355.44 455.36 500.13 635.53
ynao_sd_19920122_0400_li 23 19 4 4 0 2251.76 5751.0 201.17 338.28 2050.59 5412.72
ynao_sd_19920124_0750_li 25 22 3 2 0 627.94 995.75 205.09 258.67 422.85 737.08
ynao_sd_19920125_0310_wang 20 13 7 4 0 2020.62 3570.99 252.22 383.55 1768.4 3187.44
ynao_sd_19920126_0115_li 45 40 5 3 0 1357.41 2022.8 413.4 690.61 944.01 1332.19
ynao_sd_19920127_0130_wang 72 52 20 9 0 4582.2 7555.03 655.74 1006.26 3926.46 6548.77
ynao_sd_19920128_0130_wang 74 63 11 7 1 2691.81 3084.04 750.59 933.4 1941.22 2150.64
ynao_sd_19920129_0130_wang 93 79 14 10 0 3106.51 3786.18 1028.37 1396.78 2078.14 2389.4
ynao_sd_19920130_0140_wang 103 77 26 11 0 3726.17 4768.28 1075.88 1502.05 2650.29 3266.23
ynao_sd_19920131_0250_wang 107 68 39 15 0 5194.39 7098.12 1059.24 1595.28 4135.15 5502.84
ynao_sd_19920201_0130_wang 119 87 32 15 0 6711.25 12809.33 1221.85 1698.17 5489.4 11111.16
ynao_sd_19920202_0550_wang 125 84 41 16 0 5595.17 8025.12 1104.96 1399.16 4490.21 6625.96
ynao_sd_19920203_0140_wang 110 76 34 15 0 5371.86 6553.21 1027.74 1255.88 4344.12 5297.33
ynao_sd_19920204_0300_wang 107 72 35 17 0 6123.3 10156.99 1068.12 1305.99 5055.18 8851.0
ynao_sd_19920205_0130_li 79 57 22 11 0 2723.69 3554.76 740.17 916.93 1983.52 2637.83
ynao_sd_19920206_0250_li 94 80 14 5 0 2521.07 2819.96 742.6 837.53 1778.47 1982.43
ynao_sd_19920207_0240_hong 97 69 28 9 0 5715.15 10022.76 773.3 947.28 4941.85 9075.48
ynao_sd_19920208_0550_hong 91 68 23 14 0 3314.42 6527.48 724.2 1226.51 2590.22 5300.97
ynao_sd_19920209_0140_hong 79 62 17 13 0 3357.25 8517.88 577.18 1009.22 2780.07 7508.66
ynao_sd_19920210_0130_hong 69 53 16 8 0 1743.33 3019.18 655.81 1151.48 1087.52 1867.7
ynao_sd_19920211_0200_hong 76 57 19 10 0 1978.75 3220.91 703.43 1102.41 1275.32 2118.5
ynao_sd_19920212_0130_hong 50 32 18 8 0 1695.02 2176.54 457.85 570.4 1237.17 1606.14
ynao_sd_19920213_0200_hong 50 39 11 6 0 1737.67 2164.72 496.08 623.93 1241.59 1540.79
ynao_sd_19920214_0300_hong 51 40 11 5 0 1496.61 1764.87 529.49 695.62 967.12 1069.25
ynao_sd_19920215_0230_hong 32 18 14 4 0 2108.87 2210.77 490.13 582.93 1618.74 1627.84
ynao_sd_19920216_0240_hong 41 24 17 6 1 2104.6 2493.77 499.17 622.51 1605.43 1871.26
ynao_sd_19920217_0120_li 41 20 21 3 0 1798.37 2102.21 388.63 447.64 1409.74 1654.57
ynao_sd_19920218_0050_li 32 22 10 5 0 1537.33 2032.64 313.79 391.24 1223.54 1641.4
ynao_sd_19920219_0115_li 29 16 13 5 1 1715.76 2343.72 277.27 433.42 1438.49 1910.3
ynao_sd_19920220_0505_li 15 14 1 2 0 298.65 504.96 124.93 255.17 173.72 249.79
ynao_sd_19920221_0055_li 20 16 4 2 0 575.74 1276.06 206.5 602.94 369.24 673.12
ynao_sd_19920222_0840_li 19 16 3 3 0 765.69 1147.45 197.3 274.0 568.39 873.45
ynao_sd_19920225_0210_wang 24 19 5 4 0 1319.73 1971.51 312.17 527.63 1007.56 1443.88
ynao_sd_19920227_0140_wang 32 24 8 5 0 1223.47 1366.6 282.89 332.68 940.58 1033.92
ynao_sd_19920228_0140_wang 37 30 7 5 0 2925.59 6519.61 398.85 571.68 2526.74 5947.93
ynao_sd_19920229_0110_wang 33 25 8 5 0 2061.29 2822.06 279.09 326.41 1782.2 2495.65
ynao_sd_19920301_0130_wang 29 22 7 5 0 1881.07 2508.39 298.84 424.61 1582.23 2083.78
ynao_sd_19920302_0120_li 30 26 4 4 0 593.02 1040.09 218.36 376.96 374.66 663.13
ynao_sd_19920303_0125_li 8 6 2 2 0 248.19 580.35 87.55 231.86 160.64 348.49
ynao_sd_19920304_0055_li 17 15 2 1 0 173.22 369.71 131.61 247.12 41.61 122.59
ynao_sd_19920305_0540_li 18 17 1 1 0 159.18 212.75 128.48 168.51 30.7 44.24
ynao_sd_19920306_0140_li 8 7 1 1 0 99.55 325.0 75.32 279.9 24.23 45.1
ynao_sd_19920307_0050_li 12 12 0 1 0 204.6 649.79 178.89 587.28 25.71 62.51
ynao_sd_19920308_0120_li 31 29 2 2 0 390.12 644.04 251.12 400.85 139.0 243.19
ynao_sd_19920309_0120_hong 76 60 16 10 0 1213.72 1914.47 515.16 692.06 698.56 1222.41
ynao_sd_19920310_0105_hong 68 49 19 9 0 1209.1 2084.22 554.7 1205.53 654.4 878.69
ynao_sd_19920311_0100_hong 66 57 9 7 1 3920.6 8243.17 566.71 889.09 3353.89 7354.08
ynao_sd_19920312_0105_hong 62 51 11 7 0 1022.77 1533.76 477.92 639.23 544.85 894.53
ynao_sd_19920313_0100_hong 72 53 19 8 0 3903.8 6264.49 593.47 801.22 3310.33 5463.27
ynao_sd_19920314_0110_hong 83 67 16 7 0 1702.04 2155.02 753.12 942.41 948.92 1212.61
ynao_sd_19920315_0130_hong 91 72 19 8 0 1746.64 2019.81 692.7 846.16 1053.94 1173.65
ynao_sd_19920316_0110_wang 65 48 17 8 0 2843.22 4180.18 429.49 491.38 2413.73 3688.8
ynao_sd_19920317_0120_wang 41 28 13 5 0 947.53 1057.9 232.71 256.57 714.82 801.33
ynao_sd_19920318_0100_wang 39 28 11 5 0 912.61 1074.01 278.69 388.05 633.92 685.96
ynao_sd_19920320_0100_wang 10 4 6 4 0 408.02 706.06 95.16 152.33 312.86 553.73
ynao_sd_19920321_0050_wang 10 7 3 3 0 1900.15 2712.96 99.35 174.25 1800.8 2538.71
ynao_sd_19920322_0210_wang 8 5 3 3 0 1059.29 3937.49 77.15 153.19 982.14 3784.3
ynao_sd_19920323_0130_hong 14 12 2 1 0 228.81 342.9 111.49 199.61 117.32 143.29
ynao_sd_19920324_0130_hong 19 16 3 2 0 337.27 478.46 168.69 245.64 168.58 232.82
ynao_sd_19920325_0120_hong 22 19 3 4 0 441.91 589.43 167.35 234.52 274.56 354.91
ynao_sd_19920326_0120_hong 32 24 8 4 0 832.79 981.77 271.53 330.12 561.26 651.65
ynao_sd_19920327_0100_hong 36 26 10 9 0 993.65 1180.78 336.22 473.27 657.43 707.51
ynao_sd_19920328_0150_hong 36 25 11 5 0 2425.5 2495.46 365.03 394.88 2060.47 2100.58
ynao_sd_19920329_0520_hong 54 46 8 7 0 1373.42 1444.31 507.09 529.42 866.33 914.89
ynao_sd_19920330_0120_wang 36 22 14 4 0 1620.19 1713.11 329.54 348.4 1290.65 1364.71
ynao_sd_19920331_0120_wang 48 38 10 4 0 1267.35 1374.43 360.16 393.78 907.19 980.65
ynao_sd_19920401_0110_wang 47 32 15 7 0 1079.64 1343.14 319.38 398.23 760.26 944.91
ynao_sd_19920402_0120_wang 37 26 11 7 0 1091.96 1996.89 305.57 541.14 786.39 1455.75
ynao_sd_19920403_0105_wang 15 6 9 5 0 704.45 1421.57 116.04 212.04 588.41 1209.53
ynao_sd_19920404_0100_wang 26 23 3 3 0 642.33 1308.54 248.81 485.38 393.52 823.16
ynao_sd_19920405_0130_wang 27 24 3 2 0 538.66 739.68 187.54 306.15 351.12 433.53
ynao_sd_19920406_0105_hong 40 34 6 3 0 781.22 1421.44 337.47 585.02 443.75 836.42
ynao_sd_19920407_0100_hong 40 37 3 2 0 894.18 1293.09 346.46 453.03 547.72 840.06
ynao_sd_19920408_0110_hong 49 42 7 4 0 1169.94 1425.75 440.06 500.49 729.88 925.26
ynao_sd_19920409_0105_hong 43 35 8 4 0 1210.85 2100.91 399.89 567.95 810.96 1532.96
ynao_sd_19920410_0100_hong 35 27 8 4 0 1358.11 2214.4 384.24 591.19 973.87 1623.21
ynao_sd_19920411_0540_hong 37 30 7 5 0 1265.73 1776.34 407.42 641.6 858.31 1134.74
ynao_sd_19920412_0130_hong 43 34 9 6 0 1428.41 1859.84 442.46 606.63 985.95 1253.21
ynao_sd_19920413_0355_li 23 15 8 4 0 1060.59 1264.58 224.61 271.68 835.98 992.9
ynao_sd_19920416_0445_li 26 22 4 4 0 1144.43 1537.05 304.39 409.34 840.04 1127.71
ynao_sd_19920417_0100_li 59 47 12 7 0 1415.81 1975.86 468.38 596.71 947.43 1379.15
ynao_sd_19920418_0050_li 52 39 13 5 0 1558.17 2093.84 488.48 767.48 1069.69 1326.36
ynao_sd_19920419_0045_li 68 48 20 10 0 1808.72 2482.23 526.82 766.13 1281.9 1716.1
ynao_sd_19920420_0100_li 90 73 17 9 0 2052.67 2799.18 706.43 985.48 1346.24 1813.7
ynao_sd_19920421_0120_wang 124 100 24 11 0 2255.59 3187.02 865.88 1176.0 1389.71 2011.02
ynao_sd_19920422_0105_wang 124 99 25 12 0 2684.13 3280.64 895.49 1123.25 1788.64 2157.39
ynao_sd_19920423_0110_wang 103 76 27 14 0 2574.43 3358.67 691.26 818.95 1883.17 2539.72
ynao_sd_19920424_0120_wang 96 77 19 11 0 2272.95 2992.44 706.83 829.06 1566.12 2163.38
ynao_sd_19920425_0135_li 56 43 13 4 0 1187.26 1618.63 376.46 484.8 810.8 1133.83
ynao_sd_19920426_0055_li 37 26 11 2 0 985.52 1324.07 341.56 460.85 643.96 863.22
ynao_sd_19920427_0050_hong 39 31 8 4 0 847.5 1296.19 305.06 410.23 542.44 885.96
ynao_sd_19920428_0010_hong 37 33 4 2 0 646.17 1024.44 278.35 397.68 367.82 626.76
ynao_sd_19920429_0050_hong 50 39 11 4 0 845.99 1014.88 360.15 416.9 485.84 597.98
ynao_sd_19920430_0105_hong 47 35 12 6 0 1201.85 1363.27 368.38 432.64 833.47 930.63
ynao_sd_19920501_0110_hong 38 26 12 4 0 1129.24 1227.08 330.57 355.1 798.67 871.98
ynao_sd_19920502_0100_hong 35 22 13 4 0 778.9 913.87 237.31 274.57 541.59 639.3
ynao_sd_19920503_0110_hong 35 25 10 5 0 655.41 1590.51 302.8 774.42 352.61 816.09
ynao_sd_19920504_0105_li 33 27 6 5 0 500.09 951.47 201.69 366.9 298.4 584.57
ynao_sd_19920505_0045_li 38 26 12 6 0 800.2 1464.37 380.39 709.65 419.81 754.72
ynao_sd_19920506_0100_li 29 24 5 5 0 835.31 1363.67 212.45 418.28 622.86 945.39
ynao_sd_19920507_0050_li 39 32 7 6 0 1818.8 4604.7 290.82 501.58 1527.98 4103.12
ynao_sd_19920508_0035_li 35 28 7 4 0 676.41 925.82 281.32 440.23 395.09 485.59
ynao_sd_19920509_0030_li 31 25 6 4 0 638.03 880.8 194.48 224.28 443.55 656.52
ynao_sd_19920510_0040_li 14 9 5 3 0 444.55 574.5 93.63 118.82 350.92 455.68
ynao_sd_19920511_0110_wang 24 16 8 5 0 788.37 947.18 168.46 201.05 619.91 746.13
ynao_sd_19920512_0145_wang 33 26 7 4 0 755.3 1060.7 232.03 414.72 523.27 645.98
ynao_sd_19920513_0105_wang 41 36 5 4 0 665.01 961.53 293.52 477.79 371.49 483.74
ynao_sd_19920514_0100_wang 23 16 7 7 0 3061.09 6522.91 175.38 277.88 2885.71 6245.03
ynao_sd_19920515_0100_wang 27 23 4 4 0 1987.29 2698.18 217.4 360.96 1769.89 2337.22
ynao_sd_19920516_0210_wang 18 14 4 3 0 248.2 300.53 109.74 125.69 138.46 174.84
ynao_sd_19920517_0830_wang 4 3 1 1 0 70.14 83.8 35.77 45.43 34.37 38.37
ynao_sd_19920518_0610_hong 11 11 0 0 0 106.13 121.64 106.13 121.64 0 0
ynao_sd_19920519_0730_hong 16 16 0 0 0 110.78 140.91 110.78 140.91 0 0
ynao_sd_19920521_0550_hong 24 23 1 2 0 293.22 541.0 173.22 229.1 120.0 311.9
ynao_sd_19920522_0100_hong 38 37 1 1 0 309.26 581.05 257.98 469.84 51.28 111.21
ynao_sd_19920523_0140_hong 36 34 2 1 0 284.38 443.21 258.44 397.89 25.94 45.32
ynao_sd_19920524_0415_hong 27 25 2 2 0 274.45 433.97 219.0 315.7 55.45 118.27
ynao_sd_19920525_0115_li 20 20 0 0 0 128.26 211.04 128.26 211.04 0 0
ynao_sd_19920526_0310_li 8 8 0 0 0 52.07 76.36 52.07 76.36 0 0
ynao_sd_19920527_0150_li 6 6 0 0 0 42.08 73.77 42.08 73.77 0 0
ynao_sd_19920528_0115_li 6 6 0 0 0 54.53 148.17 54.53 148.17 0 0
ynao_sd_19920529_0030_li 2 2 0 0 0 14.82 15.68 14.82 15.68 0 0
ynao_sd_19920530_0005_li 1 1 0 0 0 5.5 7.65 5.5 7.65 0 0
ynao_sd_19920531_0003_li 5 5 0 0 0 28.35 42.97 28.35 42.97 0 0
ynao_sd_19920601_0105_wang 4 1 3 1 0 115.42 241.26 21.15 42.64 94.27 198.62
ynao_sd_19920602_0020_wang 3 2 1 2 0 105.94 168.18 26.1 39.89 79.84 128.29
ynao_sd_19920603_0100_wang 8 6 2 1 0 123.83 198.95 65.62 121.78 58.21 77.17
ynao_sd_19920604_0740_wang 9 7 2 1 0 86.72 115.59 53.71 77.24 33.01 38.35
ynao_sd_19920605_0140_wang 10 10 0 0 0 65.48 84.12 65.48 84.12 0 0
ynao_sd_19920606_0150_wang 7 7 0 0 0 53.36 62.85 53.36 62.85 0 0
ynao_sd_19920608_0120_hong 3 3 0 0 0 20.27 20.47 20.27 20.47 0 0
ynao_sd_19920609_0130_hong 9 9 0 0 0 62.26 63.43 62.26 63.43 0 0
ynao_sd_19920610_0100_hong 8 6 2 1 0 136.87 478.13 52.56 155.59 84.31 322.54
ynao_sd_19920611_0110_hong 10 8 2 1 0 242.15 505.74 84.88 186.73 157.27 319.01
ynao_sd_19920612_0105_hong 16 11 5 3 0 389.01 768.6 149.66 248.11 239.35 520.49
ynao_sd_19920613_0110_hong 14 11 3 2 0 472.7 727.27 152.08 213.32 320.62 513.95
ynao_sd_19920614_0030_li 4 0 4 2 0 352.04 459.07 34.29 45.06 317.75 414.01
ynao_sd_19920615_0115_li 12 6 6 2 0 432.16 488.58 96.75 106.02 335.41 382.56
ynao_sd_19920616_0450_li 18 15 3 2 0 516.0 556.94 140.36 156.55 375.64 400.39
ynao_sd_19920618_0050_li 22 19 3 2 0 353.48 383.5 169.33 190.33 184.15 193.17
ynao_sd_19920619_0200_li 19 17 2 1 0 259.09 287.12 121.27 142.21 137.82 144.91
ynao_sd_19920620_0615_li 20 18 2 1 0 241.41 304.84 139.99 186.05 101.42 118.79
ynao_sd_19920621_0100_li 11 10 1 1 0 140.05 191.97 68.63 97.21 71.42 94.76
ynao_sd_19920622_0325_wang 23 20 3 2 0 259.14 342.28 159.39 196.1 99.75 146.18
ynao_sd_19920623_0135_wang 14 12 2 3 0 193.22 280.85 99.21 120.85 94.01 160.0
ynao_sd_19920624_0130_wang 16 16 0 1 0 176.5 259.5 108.32 176.26 68.18 83.24
ynao_sd_19920625_0115_wang 11 11 0 0 0 52.85 73.74 52.85 73.74 0 0
ynao_sd_19920626_0130_wang 7 7 0 0 0 47.61 84.13 47.61 84.13 0 0
ynao_sd_19920628_0305_wang 4 4 0 0 0 23.14 24.29 23.14 24.29 0 0
ynao_sd_19920629_0035_li 1 1 0 0 0 7.16 14.92 7.16 14.92 0 0
ynao_sd_19920630_0610_li 2 2 0 0 0 13.31 16.32 13.31 16.32 0 0
ynao_sd_19920701_0725_li 6 6 0 0 0 36.85 54.69 36.85 54.69 0 0
ynao_sd_19920702_0200_li 2 2 0 0 0 21.41 39.21 21.41 39.21 0 0
ynao_sd_19920703_0250_li 0 0 0 0 0 0 0 0 0 0 0
ynao_sd_19920704_0240_li 2 2 0 0 0 28.44 67.72 28.44 67.72 0 0
ynao_sd_19920705_0610_li 2 2 0 0 0 23.47 43.41 23.47 43.41 0 0
ynao_sd_19920707_0605_hong 23 15 8 4 0 739.54 1475.57 215.82 443.41 523.72 1032.16
ynao_sd_19920708_0110_hong 49 29 20 3 0 1406.31 2230.37 420.83 660.49 985.48 1569.88
ynao_sd_19920711_0820_hong 70 36 34 18 0 2591.79 2978.34 548.09 630.66 2043.7 2347.68
ynao_sd_19920712_0840_hong 76 35 41 16 0 3320.9 3581.19 627.91 683.24 2692.99 2897.95
ynao_sd_19920714_0050_wang 83 45 38 14 0 3539.87 3998.69 678.04 802.71 2861.83 3195.98
ynao_sd_19920715_0320_wang 98 78 20 11 0 4385.16 6659.11 793.03 979.95 3592.13 5679.16
ynao_sd_19920716_0130_wang 97 77 20 10 0 2303.04 3340.52 682.95 947.08 1620.09 2393.44
ynao_sd_19920717_0140_wang 54 37 17 8 0 1649.0 3144.94 391.66 701.62 1257.34 2443.32
ynao_sd_19920718_0340_hong 20 11 9 3 0 537.33 1315.94 191.15 458.21 346.18 857.73
ynao_sd_19920719_0330_hong 12 12 0 0 0 80.83 189.85 80.83 189.85 0 0
ynao_sd_19920720_0120_hong 6 6 0 0 0 42.56 66.22 42.56 66.22 0 0
ynao_sd_19920721_0540_hong 12 11 1 2 0 121.85 164.93 75.99 99.26 45.86 65.67
ynao_sd_19920723_0050_hong 11 9 2 2 0 156.17 371.68 65.14 143.29 91.03 228.39
ynao_sd_19920724_0140_hong 1 0 1 1 0 80.87 388.15 12.37 60.77 68.5 327.38
ynao_sd_19920725_0410_hong 6 3 3 2 0 238.55 680.87 61.07 180.51 177.48 500.36
ynao_sd_19920726_0420_hong 11 10 1 1 0 393.75 713.22 166.29 307.77 227.46 405.45
ynao_sd_19920727_0120_wang 16 15 1 2 0 391.52 560.67 117.01 165.14 274.51 395.53
ynao_sd_19920728_0145_wang 13 12 1 1 0 416.4 512.51 123.27 153.29 293.13 359.22
ynao_sd_19920729_0130_wang 7 6 1 1 0 371.38 422.29 70.79 82.83 300.59 339.46
ynao_sd_19920730_0030_wang 4 3 1 1 0 382.11 420.19 69.51 76.92 312.6 343.27
ynao_sd_19920731_0130_wang 11 10 1 1 0 439.35 534.05 102.21 155.84 337.14 378.21
ynao_sd_19920801_0150_wang 13 12 1 1 0 477.26 599.64 194.03 255.46 283.23 344.18
ynao_sd_19920802_0405_wang 9 5 4 4 0 602.47 1667.09 112.68 339.21 489.79 1327.88
ynao_sd_19920803_0240_hong 35 25 10 5 0 1006.66 2195.71 372.3 717.12 634.36 1478.59
ynao_sd_19920804_0210_hong 34 21 13 6 0 1148.76 2024.78 311.23 507.57 837.53 1517.21
ynao_sd_19920805_0150_hong 47 35 12 5 0 1156.42 1719.0 394.63 554.45 761.79 1164.55
ynao_sd_19920806_0200_hong 52 45 7 3 0 1277.51 1514.22 516.68 610.14 760.83 904.08
ynao_sd_19920807_0100_hong 52 36 16 9 0 1658.11 1808.81 451.72 495.71 1206.39 1313.1
ynao_sd_19920808_0130_wang 40 27 13 6 0 1782.17 2178.11 450.32 700.85 1331.85 1477.26
ynao_sd_19920809_0200_hong 66 49 17 10 0 1937.82 2592.08 651.74 834.14 1286.08 1757.94
ynao_sd_19920810_0105_hong 55 41 14 11 0 1621.32 2352.02 497.78 733.15 1123.54 1618.87
ynao_sd_19920811_0320_wang 29 20 9 4 0 1004.76 1673.09 300.29 729.48 704.47 943.61
ynao_sd_19920812_0130_wang 15 4 11 4 0 849.49 1296.29 121.71 184.38 727.78 1111.91
ynao_sd_19920813_0115_wang 17 10 7 4 0 469.27 901.77 104.39 177.89 364.88 723.88
ynao_sd_19920814_0310_wang 21 17 4 3 0 367.22 754.99 147.18 227.24 220.04 527.75
ynao_sd_19920815_0150_wang 15 14 1 2 0 204.88 233.12 106.41 123.69 98.47 109.43
ynao_sd_19920816_0130_wang 20 20 0 0 0 120.53 150.38 120.53 150.38 0 0
ynao_sd_19920817_0100_li 9 9 0 0 0 51.78 74.58 51.78 74.58 0 0
ynao_sd_19920818_0150_li 1 1 0 0 0 9.64 17.05 9.64 17.05 0 0
ynao_sd_19920819_0130_li 2 2 0 0 0 21.25 79.81 21.25 79.81 0 0
ynao_sd_19920820_0310_li 1 0 1 1 0 35.56 91.52 5.43 13.77 30.13 77.75
ynao_sd_19920823_0330_li 1 0 1 1 0 63.38 76.9 15.7 19.05 47.68 57.85
ynao_sd_19920824_0540_hong 1 0 1 1 0 131.08 146.64 22.4 25.04 108.68 121.6
ynao_sd_19920825_0240_hong 1 0 1 1 0 103.22 114.54 23.7 26.3 79.52 88.24
ynao_sd_19920826_0205_hong 2 1 1 1 0 60.41 86.93 14.86 34.74 45.55 52.19
ynao_sd_19920827_0150_hong 3 3 0 0 0 32.06 38.85 32.06 38.85 0 0
ynao_sd_19920828_0120_hong 1 1 0 0 0 3.88 5.75 3.88 5.75 0 0
ynao_sd_19920829_0300_hong 3 3 0 0 0 23.11 57.4 23.11 57.4 0 0
ynao_sd_19920830_0920_hong 4 4 0 0 0 65.6 134.25 65.6 134.25 0 0
ynao_sd_19920831_0740_li 12 12 0 0 0 84.55 130.66 84.55 130.66 0 0
ynao_sd_19920901_0040_li 10 10 0 1 0 122.84 154.18 92.64 115.71 30.2 38.47
ynao_sd_19920902_0120_li 31 29 2 1 0 305.85 372.16 205.32 259.58 100.53 112.58
ynao_sd_19920903_0100_li 45 40 5 3 0 590.73 866.65 265.02 347.79 325.71 518.86
ynao_sd_19920904_0040_li 47 43 4 2 0 497.36 927.14 302.84 417.07 194.52 510.07
ynao_sd_19920905_0040_li 32 32 0 0 0 241.38 427.28 241.38 427.28 0 0
ynao_sd_19920906_1030_li 31 21 10 5 1 839.81 1114.4 204.49 270.86 635.32 843.54
ynao_sd_19920907_0115_wang 29 17 12 5 0 1310.58 2019.01 258.03 407.88 1052.55 1611.13
ynao_sd_19920908_0235_wang 20 12 8 2 0 811.61 1694.45 144.44 301.79 667.17 1392.66
ynao_sd_19920909_0230_wang 9 7 2 2 0 367.21 1184.98 58.0 140.58 309.21 1044.4
ynao_sd_19920910_0310_wang 3 3 0 0 0 30.65 106.35 30.65 106.35 0 0
ynao_sd_19920911_0150_wang 3 2 1 1 0 87.85 334.43 33.33 78.47 54.52 255.96
ynao_sd_19920912_0230_wang 6 4 2 1 0 129.59 307.61 48.58 116.86 81.01 190.75
ynao_sd_19920913_0215_wang 26 24 2 3 0 373.81 539.38 210.62 287.87 163.19 251.51
ynao_sd_19920914_0140_hong 23 17 6 3 0 596.55 809.79 203.68 281.13 392.87 528.66
ynao_sd_19920915_0130_hong 26 18 8 4 0 642.26 1215.73 175.8 272.8 466.46 942.93
ynao_sd_19920916_0110_hong 24 18 6 4 0 574.34 1049.59 167.65 278.33 406.69 771.26
ynao_sd_19920917_0410_hong 16 13 3 3 0 469.68 823.11 161.57 283.88 308.11 539.23
ynao_sd_19920918_0540_hong 18 13 5 3 0 544.99 697.93 151.26 191.37 393.73 506.56
ynao_sd_19920919_0140_hong 21 16 5 3 0 489.46 601.35 168.12 209.05 321.34 392.3
ynao_sd_19920920_0200_hong 18 14 4 3 0 582.75 1027.27 181.59 272.24 401.16 755.03
ynao_sd_19920921_0100_li 15 11 4 2 0 493.26 786.84 112.77 154.87 380.49 631.97
ynao_sd_19920922_0330_li 21 12 9 4 0 784.9 1043.78 153.03 182.19 631.87 861.59
ynao_sd_19920923_0120_li 31 24 7 4 0 899.41 1207.11 234.26 378.06 665.15 829.05
ynao_sd_19920924_0250_li 25 19 6 5 0 959.95 1487.95 259.48 583.1 700.47 904.85
ynao_sd_19920926_0630_li 22 16 6 3 0 1007.14 1399.29 253.14 378.19 754.0 1021.1
ynao_sd_19920927_0210_li 32 21 11 4 0 2241.4 5919.67 338.11 578.94 1903.29 5340.73
ynao_sd_19920928_0905_li 13 5 8 6 0 1055.79 1216.16 173.3 202.86 882.49 1013.3
ynao_sd_19920930_0420_li 9 4 5 3 0 934.15 1125.35 176.38 211.14 757.77 914.21
ynao_sd_19921001_0300_wang 15 11 4 3 0 881.92 1078.24 229.67 298.31 652.25 779.93
ynao_sd_19921002_0150_li 14 12 2 2 0 798.87 1044.38 184.76 328.18 614.11 716.2
ynao_sd_19921003_0100_li 13 12 1 1 0 557.77 725.17 153.24 205.57 404.53 519.6
ynao_sd_19921004_0420_li 23 22 1 1 0 399.37 614.54 181.79 254.04 217.58 360.5
ynao_sd_19921005_0515_wang 40 30 10 2 0 1225.88 1699.37 355.72 504.97 870.16 1194.4
ynao_sd_19921006_0140_wang 58 41 17 4 0 1463.26 2035.35 416.35 538.78 1046.91 1496.57
ynao_sd_19921007_0205_wang 50 31 19 9 0 1479.06 1670.45 343.2 390.49 1135.86 1279.96
ynao_sd_19921008_0240_wang 55 38 17 6 0 1150.14 1310.3 390.89 450.76 759.25 859.54
ynao_sd_19921009_0255_wang 50 44 6 7 0 841.1 1010.48 349.86 427.4 491.24 583.08
ynao_sd_19921010_0040_wang 52 43 9 5 0 684.83 892.96 316.8 411.56 368.03 481.4
ynao_sd_19921011_0740_wang 18 14 4 2 0 528.91 748.69 187.27 302.54 341.64 446.15
ynao_sd_19921016_0110_hong 19 19 0 0 0 116.76 196.68 116.76 196.68 0 0
ynao_sd_19921017_0420_hong 20 20 0 0 0 146.45 176.46 146.45 176.46 0 0
ynao_sd_19921019_0110_hong 35 32 3 2 0 613.54 1215.43 297.51 573.05 316.03 642.38
ynao_sd_19921020_0110_hong 32 21 11 6 0 834.97 1291.89 257.09 401.54 577.88 890.35
ynao_sd_19921026_0505_wang 64 42 22 7 0 3347.16 4276.33 664.28 851.72 2682.88 3424.61
ynao_sd_19921027_0540_li 63 39 24 8 0 3262.72 4407.69 574.48 817.57 2688.24 3590.12
ynao_sd_19921028_0115_li 60 28 32 9 0 3884.19 5279.32 755.56 1007.19 3128.63 4272.13
ynao_sd_19921029_0150_li 79 33 46 11 0 3729.83 5300.4 645.81 855.52 3084.02 4444.88
ynao_sd_19921030_0115_li 69 37 32 7 0 3283.22 5323.99 563.22 835.05 2720.0 4488.94
ynao_sd_19921031_0210_li 59 37 22 6 0 2253.92 4363.18 451.08 711.35 1802.84 3651.83
ynao_sd_19921101_0520_li 23 17 6 3 0 977.36 1290.87 208.42 323.03 768.94 967.84
ynao_sd_19921102_0520_li 11 10 1 1 0 116.95 297.68 85.11 226.22 31.84 71.46
ynao_sd_19921103_0210_li 35 21 14 5 0 1434.6 2096.81 292.37 457.52 1142.23 1639.29
ynao_sd_19921104_0520_wang 47 28 19 8 0 1816.91 2651.18 378.09 515.5 1438.82 2135.68
ynao_sd_19921105_0205_wang 55 38 17 7 0 1948.29 2452.16 443.25 540.12 1505.04 1912.04
ynao_sd_19921106_0110_wang 40 23 17 10 0 2029.59 3279.62 379.63 590.15 1649.96 2689.47
ynao_sd_19921107_0110_wang 47 33 14 9 0 1870.3 2868.9 414.12 583.6 1456.18 2285.3
ynao_sd_19921108_0140_wang 43 26 17 6 0 1957.11 2628.95 412.29 615.39 1544.82 2013.56
ynao_sd_19921109_0550_hong 29 10 19 6 0 2160.33 2604.97 361.5 437.84 1798.83 2167.13
ynao_sd_19921110_0130_hong 35 23 12 6 0 2068.7 2519.32 469.38 572.8 1599.32 1946.52
ynao_sd_19921111_0120_hong 37 27 10 5 0 1917.42 2389.72 487.06 596.51 1430.36 1793.21
ynao_sd_19921112_0130_hong 27 19 8 6 0 1366.17 1709.07 315.5 402.88 1050.67 1306.19
ynao_sd_19921113_0120_hong 25 22 3 3 0 1103.59 1401.19 358.66 487.64 744.93 913.55
ynao_sd_19921114_0110_hong 18 16 2 2 0 981.69 1218.1 277.66 357.28 704.03 860.82
ynao_sd_19921115_0210_hong 32 29 3 2 0 954.3 1359.63 352.49 499.94 601.81 859.69
ynao_sd_19921116_0115_li 26 24 2 2 0 671.36 1297.74 260.65 570.08 410.71 727.66
ynao_sd_19921117_0310_li 30 27 3 5 0 672.06 1699.04 285.3 621.86 386.76 1077.18
ynao_sd_19921118_0130_li 41 29 12 9 0 981.72 2197.25 299.56 524.28 682.16 1672.97
ynao_sd_19921119_0140_li 47 30 17 11 0 1486.15 2541.93 321.89 486.24 1164.26 2055.69
ynao_sd_19921121_0500_li 47 33 14 6 0 1761.74 2209.63 429.76 646.82 1331.98 1562.81
ynao_sd_19921122_0200_li 42 29 13 6 0 1577.08 1752.01 370.72 449.62 1206.36 1302.39
ynao_sd_19921123_0310_wang 89 71 18 8 0 2183.01 2710.93 758.71 1231.63 1424.3 1479.3
ynao_sd_19921124_0210_wang 48 33 15 11 0 1920.89 2309.41 402.5 508.32 1518.39 1801.09
ynao_sd_19921128_0110_wang 23 16 7 5 0 835.36 1467.8 222.19 342.6 613.17 1125.2
ynao_sd_19921129_0220_wang 15 12 3 3 0 516.15 1043.22 213.53 498.81 302.62 544.41
ynao_sd_19921130_0120_hong 27 25 2 2 0 378.76 642.27 195.95 257.67 182.81 384.6
ynao_sd_19921201_0220_hong 18 17 1 1 0 310.79 376.69 142.98 179.89 167.81 196.8
ynao_sd_19921202_0140_hong 16 15 1 1 0 265.14 362.86 132.24 184.54 132.9 178.32
ynao_sd_19921204_0120_hong 11 8 3 2 0 292.09 684.27 107.81 208.14 184.28 476.13
ynao_sd_19921205_0130_hong 11 9 2 2 0 301.61 632.58 97.76 170.74 203.85 461.84
ynao_sd_19921206_0230_hong 13 10 3 1 0 355.88 567.02 134.47 266.48 221.41 300.54
ynao_sd_19921207_0130_li 12 9 3 2 0 1043.38 2921.77 99.76 183.64 943.62 2738.13
ynao_sd_19921208_0130_li 19 17 2 2 0 312.57 472.88 146.28 293.81 166.29 179.07
ynao_sd_19921209_0120_li 45 41 4 2 0 558.49 908.27 354.18 529.24 204.31 379.03
ynao_sd_19921210_0150_li 80 68 12 7 0 1005.41 1289.92 498.5 627.84 506.91 662.08
ynao_sd_19921211_0135_li 101 92 9 5 0 1411.82 1580.55 670.38 735.24 741.44 845.31
ynao_sd_19921212_0055_li 104 85 19 8 0 3609.05 4099.13 714.55 788.15 2894.5 3310.98
ynao_sd_19921213_0120_li 70 52 18 8 0 2258.94 2493.29 552.19 619.53 1706.75 1873.76
ynao_sd_19921214_0120_wang 73 52 21 13 0 2556.72 3143.07 628.41 767.41 1928.31 2375.66
ynao_sd_19921215_0140_wang 69 49 20 9 0 2371.81 3468.03 598.43 814.9 1773.38 2653.13
ynao_sd_19921216_0240_wang 43 29 14 9 0 1536.89 2915.33 373.96 593.25 1162.93 2322.08
ynao_sd_19921217_0145_wang 40 30 10 6 0 1003.63 2325.09 399.31 916.6 604.32 1408.49
ynao_sd_19921218_0150_wang 42 29 13 7 0 833.94 1339.21 317.27 570.49 516.67 768.72
ynao_sd_19921219_0200_wang 35 19 16 9 0 1177.2 2471.02 254.6 441.91 922.6 2029.11
ynao_sd_19921220_0130_wang 31 20 11 6 0 1126.9 1958.62 306.15 590.69 820.75 1367.93
ynao_sd_19921221_0130_hong 35 17 18 6 0 1269.86 1949.5 283.16 477.54 986.7 1471.96
ynao_sd_19921222_0130_hong 28 18 10 5 0 1152.33 1519.22 317.9 391.51 834.43 1127.71
ynao_sd_19921225_0410_hong 18 15 3 4 0 805.2 941.49 193.66 224.75 611.54 716.74
ynao_sd_19921226_0140_hong 26 20 6 4 0 2257.01 2611.42 258.76 304.48 1998.25 2306.94
ynao_sd_19921227_0500_hong 12 8 4 3 0 1502.67 4332.44 166.58 217.16 1336.09 4115.28
ynao_sd_19921228_0120_li 19 16 3 2 0 455.14 563.5 158.47 179.98 296.67 383.52
ynao_sd_19921229_0130_li 9 7 2 2 0 258.02 369.79 72.99 91.66 185.03 278.13
ynao_sd_19921230_0105_li 5 2 3 2 0 144.32 274.71 33.01 72.15 111.31 202.56
ynao_sd_19921231_0100_li 4 4 0 1 0 66.59 86.41 34.18 44.49 32.41 41.92
