ynao_sd_19930101_0120_li 6 5 1 2 0 177.67 732.5 44.4 105.29 133.27 627.21
ynao_sd_19930102_0050_li 6 5 1 2 0 313.65 795.22 65.68 173.86 247.97 621.36
ynao_sd_19930103_0120_li 11 8 3 2 0 673.27 1135.21 122.07 209.4 551.2 925.81
ynao_sd_19930104_0200_wang 13 9 4 4 0 970.89 1292.92 157.61 215.13 813.28 1077.79
ynao_sd_19930105_0210_wang 30 20 10 5 0 1302.93 1743.13 233.62 328.05 1069.31 1415.08
ynao_sd_19930106_0150_wang 41 30 11 7 0 1221.36 1569.42 297.72 373.11 923.64 1196.31
ynao_sd_19930107_0135_wang 57 43 14 5 0 1424.77 1598.67 365.97 479.51 1058.8 1119.16
ynao_sd_19930108_0140_wang 54 42 12 4 0 1143.74 1216.05 344.35 364.27 799.39 851.78
ynao_sd_19930109_0230_wang 26 22 4 4 0 810.29 902.45 201.39 222.27 608.9 680.18
ynao_sd_19930110_0120_wang 41 36 5 3 0 761.31 919.88 257.4 298.89 503.91 620.99
ynao_sd_19930111_0130_hong 46 40 6 4 0 639.41 896.91 324.82 434.27 314.59 462.64
ynao_sd_19930112_0120_hong 49 42 7 7 0 703.53 1171.02 302.02 442.48 401.51 728.54
ynao_sd_19930113_0130_hong 49 44 5 5 0 551.35 1208.23 331.25 678.62 220.1 529.61
ynao_sd_19930118_0155_wang 22 18 4 2 0 441.55 733.15 163.0 289.53 278.55 443.62
ynao_sd_19930119_0310_wang 23 15 8 4 0 405.33 855.4 166.61 256.51 238.72 598.89
ynao_sd_19930120_0120_wang 27 22 5 3 0 394.3 528.16 243.61 328.21 150.69 199.95
ynao_sd_19930121_0450_wang 15 12 3 2 0 285.85 490.92 137.66 267.13 148.19 223.79
ynao_sd_19930122_0250_wang 11 8 3 2 0 182.36 294.24 79.65 105.91 102.71 188.33
ynao_sd_19930123_0810_hong 10 9 1 1 0 188.99 210.08 65.16 80.77 123.83 129.31
ynao_sd_19930125_0510_hong 7 5 2 1 0 208.91 211.47 63.0 63.81 145.91 147.66
ynao_sd_19930127_0410_hong 5 4 1 1 0 173.84 197.55 57.7 63.97 116.14 133.58
ynao_sd_19930129_0650_li 11 6 5 3 0 333.06 509.1 73.9 112.79 259.16 396.31
ynao_sd_19930130_0230_li 15 10 5 3 0 398.05 959.68 176.66 565.93 221.39 393.75
ynao_sd_19930131_0140_li 13 11 2 2 0 308.24 581.18 116.32 243.71 191.92 337.47
ynao_sd_19930201_0150_li 17 16 1 2 0 227.19 387.04 106.3 150.78 120.89 236.26
ynao_sd_19930202_0120_li 18 16 2 1 0 162.06 247.37 106.53 224.03 55.53 23.34
ynao_sd_19930203_0050_li 30 29 1 1 0 232.98 281.75 171.19 219.07 61.79 62.68
ynao_sd_19930204_0050_li 15 13 2 2 0 167.8 220.76 87.67 112.88 80.13 107.88
ynao_sd_19930205_0130_li 14 11 3 2 0 250.41 670.33 119.9 309.98 130.51 360.35
ynao_sd_19930206_0120_li 28 17 11 4 0 598.94 1258.54 164.82 329.17 434.12 929.37
ynao_sd_19930207_0120_li 51 38 13 3 0 1305.9 2101.08 353.92 668.95 951.98 1432.13
ynao_sd_19930208_0120_hong 56 38 18 5 0 2068.01 2561.42 564.01 684.19 1504.0 1877.23
ynao_sd_19930209_0200_hong 47 33 14 6 0 2395.66 2598.98 531.6 573.42 1864.06 2025.56
ynao_sd_19930212_0330_li 55 30 25 7 0 2418.87 2527.34 457.86 478.56 1961.01 2048.78
ynao_sd_19930213_0230_li 46 30 16 8 0 1534.65 1791.48 344.98 397.25 1189.67 1394.23
ynao_sd_19930214_0115_li 34 22 12 5 0 1107.52 1532.52 245.51 337.89 862.01 1194.63
ynao_sd_19930215_0330_li 32 19 13 3 0 858.85 1595.52 216.76 420.98 642.09 1174.54
ynao_sd_19930216_0210_li 27 25 2 2 0 446.77 1273.46 281.93 757.49 164.84 515.97
ynao_sd_19930217_0715_li 16 14 2 2 0 251.14 498.94 130.6 249.79 120.54 249.15
ynao_sd_19930218_0105_li 19 16 3 1 0 254.28 422.8 120.62 180.54 133.66 242.26
ynao_sd_19930220_0135_li 28 23 5 4 0 1250.72 1605.15 223.44 303.82 1027.28 1301.33
ynao_sd_19930221_0045_li 28 20 8 4 0 749.84 914.07 182.81 215.86 567.03 698.21
ynao_sd_19930222_0205_hong 40 31 9 6 0 1160.85 1524.6 334.68 393.28 826.17 1131.32
ynao_sd_19930223_0130_hong 34 22 12 6 0 1393.19 1681.29 352.84 402.06 1040.35 1279.23
ynao_sd_19930224_0120_hong 41 29 12 8 0 1183.08 1387.04 338.37 387.63 844.71 999.41
ynao_sd_19930225_0110_hong 39 33 6 5 0 959.42 1122.26 304.47 338.06 654.95 784.2
ynao_sd_19930226_0120_hong 33 29 4 3 0 810.96 991.37 296.3 336.97 514.66 654.4
ynao_sd_19930227_0130_hong 26 21 5 3 0 1726.23 2978.31 216.61 253.35 1509.62 2724.96
ynao_sd_19930228_0405_hong 19 13 6 4 0 1745.32 4718.0 178.81 230.93 1566.51 4487.07
ynao_sd_19930301_0230_hong 9 7 2 1 0 359.9 537.44 132.66 304.58 227.24 232.86
ynao_sd_19930302_0130_hong 8 5 3 2 0 401.08 693.18 110.48 266.14 290.6 427.04
ynao_sd_19930303_0140_hong 11 3 8 3 0 771.99 2280.4 132.99 341.81 639.0 1938.59
ynao_sd_19930304_0120_hong 28 14 14 4 0 1196.7 2522.66 279.76 588.21 916.94 1934.45
ynao_sd_19930305_0120_hong 49 21 28 5 0 1716.4 2642.13 414.27 630.26 1302.13 2011.87
ynao_sd_19930306_0105_hong 50 35 15 8 0 1755.16 2383.49 434.55 582.06 1320.61 1801.43
ynao_sd_19930307_0155_li 52 39 13 4 0 1573.35 1747.59 447.72 498.45 1125.63 1249.14
ynao_sd_19930308_0550_li 47 36 11 4 0 2107.71 2147.77 491.16 498.18 1616.55 1649.59
ynao_sd_19930309_0150_li 55 42 13 5 0 1828.14 1849.44 483.24 502.56 1344.9 1346.88
ynao_sd_19930310_0115_li 45 28 17 3 0 1972.78 2027.64 453.83 469.01 1518.95 1558.63
ynao_sd_19930311_0120_li 40 30 10 2 0 1637.05 1813.75 335.95 370.48 1301.1 1443.27
ynao_sd_19930312_0230_li 46 36 10 2 0 1321.57 1700.62 360.77 459.85 960.8 1240.77
ynao_sd_19930313_0140_li 15 8 7 1 0 971.88 1560.57 207.66 345.29 764.22 1215.28
ynao_sd_19930314_0120_li 9 5 4 1 0 709.68 1599.44 133.34 329.38 576.34 1270.06
ynao_sd_19930315_0100_li 8 5 3 1 0 295.27 1084.32 93.99 332.7 201.28 751.62
ynao_sd_19930316_0105_hong 6 5 1 1 0 98.71 240.26 39.17 101.9 59.54 138.36
ynao_sd_19930317_0110_hong 9 6 3 3 0 246.62 597.22 85.02 229.21 161.6 368.01
ynao_sd_19930318_0330_hong 13 10 3 3 0 350.38 561.63 121.76 229.54 228.62 332.09
ynao_sd_19930319_0530_hong 20 15 5 3 0 436.86 558.02 167.55 225.89 269.31 332.13
ynao_sd_19930320_0110_hong 20 16 4 4 0 564.65 650.02 185.32 225.56 379.33 424.46
ynao_sd_19930321_0210_hong 18 13 5 2 0 426.32 440.45 158.17 164.95 268.15 275.5
ynao_sd_19930322_0120_hong 26 20 6 4 0 471.0 479.11 179.33 182.4 291.67 296.71
ynao_sd_19930323_0125_li 22 17 5 3 0 431.13 443.56 151.94 155.73 279.19 287.83
ynao_sd_19930324_0050_li 15 13 2 2 0 297.2 323.88 103.26 112.91 193.94 210.97
ynao_sd_19930325_0130_li 12 10 2 1 0 255.22 315.74 80.69 99.05 174.53 216.69
ynao_sd_19930326_0040_li 9 4 5 2 0 275.84 395.5 51.09 64.99 224.75 330.51
ynao_sd_19930327_0035_li 12 11 1 0 0 101.55 157.34 105.14 164.47 3.59 7.13
ynao_sd_19930328_0150_li 9 9 0 0 0 83.98 243.72 83.98 243.72 0 0
ynao_sd_19930329_0105_hong 4 3 1 1 0 92.74 182.66 25.04 50.48 67.7 132.18
ynao_sd_19930330_0100_hong 19 15 4 2 0 294.87 700.97 129.66 281.85 165.21 419.12
ynao_sd_19930331_0105_hong 24 20 4 4 0 506.45 865.26 158.32 251.08 348.13 614.18
ynao_sd_19930401_0100_hong 33 28 5 2 0 775.65 1025.1 281.38 348.5 494.27 676.6
ynao_sd_19930402_0105_hong 36 31 5 2 0 837.13 962.07 303.74 342.01 533.39 620.06
ynao_sd_19930403_0100_hong 49 37 12 5 0 1095.24 1217.8 379.9 449.79 715.34 768.01
ynao_sd_19930404_0200_hong 45 34 11 7 0 1067.28 1199.73 335.58 390.26 731.7 809.47
ynao_sd_19930405_0100_li 39 28 11 4 0 1000.38 1114.62 282.11 332.17 718.27 782.45
ynao_sd_19930406_0050_li 54 47 7 4 0 1130.72 1274.39 396.21 451.08 734.51 823.31
ynao_sd_19930407_0125_li 73 64 9 5 0 1359.36 1538.18 575.82 679.15 783.54 859.03
ynao_sd_19930408_0820_li 71 64 7 4 0 1195.78 1529.32 513.1 606.49 682.68 922.83
ynao_sd_19930409_0510_li 69 55 14 9 0 1423.42 1852.4 434.73 572.09 988.69 1280.31
ynao_sd_19930410_0400_li 51 43 8 7 0 849.22 1313.29 340.3 553.25 508.92 760.04
ynao_sd_19930411_0100_li 41 32 9 6 0 521.62 975.08 286.9 582.04 234.72 393.04
ynao_sd_19930412_0105_hong 26 20 6 4 0 398.31 989.93 171.93 400.24 226.38 589.69
ynao_sd_19930413_0100_hong 8 8 0 0 0 85.2 295.32 85.2 295.32 0 0
ynao_sd_19930414_0240_hong 3 3 0 0 0 20.51 23.66 20.51 23.66 0 0
ynao_sd_19930415_0100_hong 1 1 0 0 0 6.3 6.93 6.3 6.93 0 0
ynao_sd_19930416_0100_hong 0 0 0 0 0 0 0 0 0 0 0
ynao_sd_19930417_0105_hong 5 5 0 0 0 28.68 31.76 28.68 31.76 0 0
ynao_sd_19930418_0100_hong 8 8 0 0 0 61.38 147.79 61.38 147.79 0 0
ynao_sd_19930419_0050_li 5 5 0 0 0 59.27 140.93 59.27 140.93 0 0
ynao_sd_19930420_0100_li 27 26 1 1 0 184.3 287.62 160.25 248.7 24.05 38.92
ynao_sd_19930421_0125_li 50 48 2 2 0 334.81 388.88 270.96 305.62 63.85 83.26
ynao_sd_19930423_0100_li 25 25 0 1 0 224.22 300.84 184.28 194.2 39.94 106.64
ynao_sd_19930424_0100_li 43 42 1 2 0 340.36 414.84 265.02 322.58 75.34 92.26
ynao_sd_19930425_0045_li 28 24 4 2 0 338.41 491.69 205.63 284.44 132.78 207.25
ynao_sd_19930426_0100_wang 16 13 3 3 0 328.37 671.75 109.27 200.3 219.1 471.45
ynao_sd_19930427_0100_wang 14 13 1 1 0 206.41 703.1 118.48 337.14 87.93 365.96
ynao_sd_19930428_0110_wang 13 12 1 1 0 173.66 299.91 115.12 134.35 58.54 165.56
ynao_sd_19930429_0040_wang 22 18 4 2 0 257.47 398.06 136.59 165.86 120.88 232.2
ynao_sd_19930430_0030_wang 10 7 3 2 0 152.73 208.66 68.73 87.34 84.0 121.32
ynao_sd_19930501_0040_li 8 6 2 1 0 88.69 102.09 51.16 56.95 37.53 45.14
ynao_sd_19930503_0930_li 9 9 0 0 0 57.23 57.78 57.23 57.78 0 0
ynao_sd_19930504_0240_li 19 19 0 0 0 134.57 155.27 134.57 155.27 0 0
ynao_sd_19930505_0630_li 21 21 0 0 0 111.88 186.05 111.88 186.05 0 0
ynao_sd_19930506_0150_li 19 18 1 1 0 189.88 311.34 161.05 241.47 28.83 69.87
ynao_sd_19930507_0030_li 9 9 0 0 0 62.87 119.89 62.87 119.89 0 0
ynao_sd_19930508_0045_li 13 13 0 0 0 71.73 73.69 71.73 73.69 0 0
ynao_sd_19930509_0040_li 19 17 2 1 0 199.4 224.81 110.42 122.46 88.98 102.35
ynao_sd_19930511_0100_hong 16 13 3 2 0 285.2 438.73 127.93 190.53 157.27 248.2
ynao_sd_19930512_0100_hong 20 18 2 2 0 207.65 399.94 131.2 224.23 76.45 175.71
ynao_sd_19930513_0050_hong 9 9 0 0 0 77.5 138.88 77.5 138.88 0 0
ynao_sd_19930514_0050_hong 5 4 1 1 0 1427.87 4830.11 31.54 57.96 1396.33 4772.15
ynao_sd_19930515_0100_hong 3 3 0 0 0 29.42 29.43 29.42 29.43 0 0
ynao_sd_19930516_0110_hong 5 5 0 0 0 34.96 37.83 34.96 37.83 0 0
ynao_sd_19930517_0120_wang 0 0 0 0 0 0 0 0 0 0 0
ynao_sd_19930518_0110_wang 3 3 0 0 0 16.13 16.38 16.13 16.38 0 0
ynao_sd_19930519_0100_wang 0 0 0 0 0 0 0 0 0 0 0
ynao_sd_19930520_0110_wang 1 1 0 0 0 8.72 33.82 8.72 33.82 0 0
ynao_sd_19930521_0100_wang 2 2 0 0 0 11.81 26.15 11.81 26.15 0 0
ynao_sd_19930522_0120_wang 1 1 0 0 0 20.29 32.33 20.29 32.33 0 0
ynao_sd_19930523_0410_wang 3 3 0 0 0 17.41 24.35 17.41 24.35 0 0
ynao_sd_19930524_0100_hong 7 7 0 0 0 69.68 117.68 69.68 117.68 0 0
ynao_sd_19930525_0110_hong 2 2 0 0 0 24.32 25.67 24.32 25.67 0 0
ynao_sd_19930526_0405_hong 4 4 0 0 0 37.59 40.64 37.59 40.64 0 0
ynao_sd_19930527_0100_hong 6 6 0 0 0 72.59 87.87 72.59 87.87 0 0
ynao_sd_19930528_0420_hong 1 1 0 0 0 6.4 7.97 6.4 7.97 0 0
ynao_sd_19930529_0730_hong 3 3 0 0 0 20.16 21.33 20.16 21.33 0 0
ynao_sd_19930530_0410_hong 1 1 0 0 0 11.45 16.92 11.45 16.92 0 0
ynao_sd_19930531_0700_wang 4 4 0 0 0 29.93 70.99 29.93 70.99 0 0
ynao_sd_19930601_0250_wang 11 10 1 2 0 152.74 277.06 88.24 165.25 64.5 111.81
ynao_sd_19930602_0100_wang 13 11 2 2 0 361.17 498.67 99.26 138.47 261.91 360.2
ynao_sd_19930603_0820_wang 15 9 6 2 0 685.01 763.88 114.89 128.51 570.12 635.37
ynao_sd_19930604_0230_wang 20 15 5 2 0 607.51 639.95 124.95 133.1 482.56 506.85
ynao_sd_19930605_0210_wang 21 16 5 3 0 515.29 523.93 141.32 144.14 373.97 379.79
ynao_sd_19930606_0210_wang 32 22 10 4 0 848.42 876.49 299.83 309.24 548.59 567.25
ynao_sd_19930607_0110_hong 52 42 10 3 0 1034.39 1142.17 375.09 412.75 659.3 729.42
ynao_sd_19930608_0300_li 26 15 11 3 0 935.46 1190.55 192.32 244.52 743.14 946.03
ynao_sd_19930609_0100_li 18 9 9 5 0 739.04 1135.45 146.31 227.21 592.73 908.24
ynao_sd_19930610_0150_li 26 21 5 3 0 412.8 874.55 153.61 333.7 259.19 540.85
ynao_sd_19930611_0020_li 18 14 4 2 0 355.91 1139.86 139.3 486.04 216.61 653.82
ynao_sd_19930612_0520_li 0 0 0 0 0 0 0 0 0 0 0
ynao_sd_19930614_0930_hong 1 1 0 0 0 5.52 8.44 5.52 8.44 0 0
ynao_sd_19930615_0100_hong 1 1 0 0 0 5.09 6.06 5.09 6.06 0 0
ynao_sd_19930616_0105_hong 0 0 0 0 0 0 0 0 0 0 0
ynao_sd_19930617_0040_hong 0 0 0 0 0 0 0 0 0 0 0
ynao_sd_19930618_0050_hong 1 1 0 0 0 5.95 14.63 5.95 14.63 0 0
ynao_sd_19930619_0040_hong 0 0 0 0 0 0 0 0 0 0 0
ynao_sd_19930620_0140_hong 11 11 0 0 0 82.57 93.47 82.57 93.47 0 0
ynao_sd_19930621_0050_wang 13 12 1 1 0 121.84 139.93 87.27 100.05 34.57 39.88
ynao_sd_19930622_0100_wang 8 7 1 1 0 121.48 170.08 51.23 69.78 70.25 100.3
ynao_sd_19930623_0200_wang 7 5 2 2 0 211.45 693.44 52.76 119.19 158.69 574.25
ynao_sd_19930624_0140_wang 3 1 2 1 0 238.48 577.57 63.16 150.85 175.32 426.72
ynao_sd_19930625_0120_wang 14 11 3 1 0 429.0 831.07 150.03 365.84 278.97 465.23
ynao_sd_19930626_0220_wang 23 19 4 3 0 693.86 1277.06 285.15 592.34 408.71 684.72
ynao_sd_19930627_0430_wang 36 30 6 5 0 1017.57 1447.64 351.91 555.8 665.66 891.84
ynao_sd_19930628_0220_hong 44 34 10 8 0 1181.98 1473.57 355.99 460.49 825.99 1013.08
ynao_sd_19930629_0130_hong 62 51 11 8 0 1488.1 1703.62 501.16 585.88 986.94 1117.74
ynao_sd_19930630_0120_hong 78 67 11 8 0 1591.69 1707.03 608.81 658.15 982.88 1048.88
ynao_sd_19930701_0620_hong 58 48 10 9 0 1256.48 1368.21 454.73 488.79 801.75 879.42
ynao_sd_19930702_0240_hong 64 61 3 3 0 929.28 1130.38 493.92 589.01 435.36 541.37
ynao_sd_19930703_0530_hong 35 30 5 5 0 824.76 1218.97 322.54 434.59 502.22 784.38
ynao_sd_19930704_0805_hong 20 11 9 6 0 730.54 1210.34 169.66 268.97 560.88 941.37
ynao_sd_19930705_0550_li 26 19 7 3 0 517.8 884.92 217.54 429.37 300.26 455.55
ynao_sd_19930706_0610_li 12 9 3 3 0 228.48 423.21 108.92 173.86 119.56 249.35
ynao_sd_19930708_0120_li 6 6 0 0 0 39.29 40.48 39.29 40.48 0 0
ynao_sd_19930709_0140_li 11 11 0 0 0 66.84 85.01 66.84 85.01 0 0
ynao_sd_19930710_0150_li 9 9 0 0 0 51.89 79.55 51.89 79.55 0 0
ynao_sd_19930711_0120_li 2 2 0 0 0 13.7 18.75 13.7 18.75 0 0
ynao_sd_19930712_0620_wang 4 4 0 0 0 22.73 31.4 22.73 31.4 0 0
ynao_sd_19930713_0040_wang 9 9 0 0 0 53.31 56.97 53.31 56.97 0 0
ynao_sd_19930714_0100_wang 23 21 2 1 0 219.8 232.44 155.38 166.36 64.42 66.08
ynao_sd_19930715_0100_wang 24 17 7 2 0 577.11 616.04 150.0 168.42 427.11 447.62
ynao_sd_19930716_0140_wang 12 5 7 2 0 598.58 685.86 91.65 104.65 506.93 581.21
ynao_sd_19930717_0310_wang 6 1 5 3 0 405.61 829.84 46.94 103.19 358.67 726.65
ynao_sd_19930718_0230_hong 13 10 3 3 0 371.64 692.26 113.68 196.77 257.96 495.49
ynao_sd_19930720_0905_hong 26 23 3 3 0 576.1 772.15 225.98 325.14 350.12 447.01
ynao_sd_19930721_0600_hong 31 24 7 4 0 831.82 1027.56 298.98 410.32 532.84 617.24
ynao_sd_19930722_0530_hong 26 21 5 4 0 714.37 817.67 264.14 339.59 450.23 478.08
ynao_sd_19930723_0420_hong 34 30 4 2 0 787.77 857.51 343.76 391.32 444.01 466.19
ynao_sd_19930724_0520_hong 21 18 3 2 0 612.57 684.24 230.21 261.46 382.36 422.78
ynao_sd_19930725_0230_hong 22 20 2 2 0 582.97 694.69 219.23 253.67 363.74 441.02
ynao_sd_19930728_0830_li 25 23 2 2 0 229.75 408.08 145.25 185.71 84.5 222.37
ynao_sd_19930729_0155_li 24 24 0 0 0 166.02 339.63 166.02 339.63 0 0
ynao_sd_19930730_0300_li 7 7 0 0 0 30.83 38.74 30.83 38.74 0 0
ynao_sd_19930802_0630_wang 3 3 0 0 0 52.63 148.98 52.63 148.98 0 0
ynao_sd_19930803_0530_wang 1 0 1 1 0 53.93 105.65 6.83 13.41 47.1 92.24
ynao_sd_19930804_0515_wang 1 0 1 1 0 56.2 82.72 7.79 11.46 48.41 71.26
ynao_sd_19930805_0740_wang 1 1 0 0 0 30.34 37.31 30.34 37.31 0 0
ynao_sd_19930808_0220_wang 0 0 0 0 0 0 0 0 0 0 0
ynao_sd_19930809_0320_hong 6 6 0 0 0 41.94 48.9 41.94 48.9 0 0
ynao_sd_19930810_0510_hong 0 0 0 1 0 44.76 285.87 0 0 44.76 285.87
ynao_sd_19930811_0720_hong 6 4 2 2 0 173.0 497.59 38.54 119.45 134.46 378.14
ynao_sd_19930812_0730_hong 14 8 6 4 0 264.04 479.63 66.97 123.2 197.07 356.43
ynao_sd_19930813_0530_hong 20 14 6 4 0 385.57 750.87 142.16 225.87 243.41 525.0
ynao_sd_19930814_0130_hong 12 8 4 2 0 384.9 621.64 101.83 148.14 283.07 473.5
ynao_sd_19930815_0150_hong 27 21 6 3 0 505.54 671.75 190.74 226.17 314.8 445.58
ynao_sd_19930816_0950_li 7 6 1 1 0 244.51 301.43 80.5 88.38 164.01 213.05
ynao_sd_19930817_0520_li 8 7 1 1 0 214.03 246.2 69.64 75.54 144.39 170.66
ynao_sd_19930818_0520_li 15 13 2 2 0 340.24 555.89 102.33 168.36 237.91 387.53
ynao_sd_19930819_0210_li 5 3 2 2 0 363.42 550.68 66.65 110.07 296.77 440.61
ynao_sd_19930822_0150_li 9 6 3 2 0 548.92 647.18 91.21 117.86 457.71 529.32
ynao_sd_19930823_0120_wang 14 11 3 3 0 1687.87 4493.17 133.03 172.18 1554.84 4320.99
ynao_sd_19930824_0600_wang 18 15 3 2 0 527.13 666.1 129.2 165.77 397.93 500.33
ynao_sd_19930825_0130_wang 7 5 2 1 0 392.52 558.62 120.33 260.14 272.19 298.48
ynao_sd_19930827_0250_wang 4 3 1 1 0 168.98 267.21 53.93 95.27 115.05 171.94
ynao_sd_19930828_0150_wang 1 0 1 1 0 114.83 222.39 12.3 23.76 102.53 198.63
ynao_sd_19930829_0630_wang 0 0 0 0 0 0 0 0 0 0 0
ynao_sd_19930830_0200_wang 0 0 0 0 0 0 0 0 0 0 0
ynao_sd_19930901_0920_hong 0 0 0 0 0 0 0 0 0 0 0
ynao_sd_19930905_0800_hong 2 2 0 0 0 20.6 37.49 20.6 37.49 0 0
ynao_sd_19930906_0200_hong 2 2 0 0 0 13.49 24.79 13.49 24.79 0 0
ynao_sd_19930907_0120_wang 0 0 0 0 0 0 0 0 0 0 0
ynao_sd_19930908_0230_wang 0 0 0 0 0 0 0 0 0 0 0
ynao_sd_19930909_0230_wang 0 0 0 0 0 0 0 0 0 0 0
ynao_sd_19930910_0130_wang 0 0 0 0 0 0 0 0 0 0 0
ynao_sd_19930911_0140_wang 0 0 0 0 0 0 0 0 0 0 0
ynao_sd_19930912_0200_wang 0 0 0 0 0 0 0 0 0 0 0
ynao_sd_19930913_0030_li 1 1 0 0 0 24.67 35.1 24.67 35.1 0 0
ynao_sd_19930914_0140_li 0 0 0 0 0 0 0 0 0 0 0
ynao_sd_19930915_0230_li 1 1 0 0 0 17.67 63.5 17.67 63.5 0 0
ynao_sd_19930916_0040_li 7 7 0 0 0 54.83 106.37 54.83 106.37 0 0
ynao_sd_19930917_0015_li 6 6 0 0 0 58.25 81.45 58.25 81.45 0 0
ynao_sd_19930918_0040_li 10 10 0 0 0 83.91 105.93 83.91 105.93 0 0
ynao_sd_19930920_0300_hong 12 12 0 0 0 63.59 68.86 63.59 68.86 0 0
ynao_sd_19930921_0510_hong 5 5 0 0 0 36.11 48.61 36.11 48.61 0 0
ynao_sd_19930922_0140_hong 5 5 0 0 0 32.99 38.18 32.99 38.18 0 0
ynao_sd_19930923_0530_hong 12 12 0 0 0 75.6 85.28 75.6 85.28 0 0
ynao_sd_19930925_0110_hong 40 36 4 2 0 605.17 626.6 264.21 273.36 340.96 353.24
ynao_sd_19930925_0540_hong 24 16 8 3 0 463.33 482.68 177.64 184.78 285.69 297.9
ynao_sd_19930926_0200_wang 31 28 3 2 0 710.43 776.44 241.54 262.48 468.89 513.96
ynao_sd_19930927_0340_wang 26 20 6 2 0 745.17 910.71 220.77 263.62 524.4 647.09
ynao_sd_19930928_0340_wang 9 7 2 1 0 417.04 621.48 80.83 117.3 336.21 504.18
ynao_sd_19930929_0240_wang 3 2 1 1 0 279.82 559.78 45.57 89.04 234.25 470.74
ynao_sd_19931001_0525_li 29 20 9 5 0 755.65 1345.54 207.09 336.89 548.56 1008.65
ynao_sd_19931003_0720_wang 16 9 7 2 0 821.53 1252.92 149.72 215.58 671.81 1037.34
ynao_sd_19931004_0110_li 30 19 11 4 0 853.99 1161.84 190.45 281.79 663.54 880.05
ynao_sd_19931005_0430_wang 26 16 10 3 0 1206.85 1391.02 245.51 286.05 961.34 1104.97
ynao_sd_19931006_0120_wang 26 12 14 3 0 1205.84 1346.19 171.67 221.32 1034.17 1124.87
ynao_sd_19931007_0130_li 29 16 13 5 0 963.9 1035.13 159.15 172.04 804.75 863.09
ynao_sd_19931008_0150_li 38 31 7 3 0 791.54 891.14 215.7 239.44 575.84 651.7
ynao_sd_19931009_0120_li 32 25 7 5 0 691.55 1200.82 234.89 416.85 456.66 783.97
ynao_sd_19931011_0420_hong 36 24 12 7 0 879.65 1649.86 251.1 457.37 628.55 1192.49
ynao_sd_19931012_0210_hong 40 29 11 4 0 958.75 1677.69 301.49 532.13 657.26 1145.56
ynao_sd_19931013_0250_hong 20 11 9 3 0 554.27 698.01 149.19 212.54 405.08 485.47
ynao_sd_19931016_0705_hong 14 10 4 3 0 364.48 566.11 118.68 185.38 245.8 380.73
ynao_sd_19931026_0120_li 3 3 0 0 0 34.04 71.84 34.04 71.84 0 0
ynao_sd_19931027_0130_li 6 6 0 0 0 40.09 66.1 40.09 66.1 0 0
ynao_sd_19931028_0050_li 5 5 0 0 0 37.8 67.49 37.8 67.49 0 0
ynao_sd_19931101_0110_hong 7 3 4 3 0 713.91 1251.07 131.53 225.89 582.38 1025.18
ynao_sd_19931102_0120_hong 7 4 3 3 0 972.53 1359.07 219.5 305.71 753.03 1053.36
ynao_sd_19931103_0110_hong 12 9 3 3 0 1227.8 1448.53 259.6 305.22 968.2 1143.31
ynao_sd_19931104_0120_hong 14 8 6 4 0 1338.33 1432.44 270.62 289.93 1067.71 1142.51
ynao_sd_19931105_0200_hong 17 6 11 3 0 1375.23 1451.86 268.49 303.41 1106.74 1148.45
ynao_sd_19931106_0110_hong 20 14 6 2 0 1335.65 1479.93 310.36 387.31 1025.29 1092.62
ynao_sd_19931107_0120_hong 17 12 5 2 0 1151.35 1354.21 285.34 352.79 866.01 1001.42
ynao_sd_19931108_0700_wang 13 6 7 2 0 871.35 1223.14 137.61 189.67 733.74 1033.47
ynao_sd_19931109_0040_wang 6 2 4 2 0 698.46 1192.06 86.19 145.63 612.27 1046.43
ynao_sd_19931110_0150_wang 6 1 5 2 0 451.17 1107.67 62.57 151.42 388.6 956.25
ynao_sd_19931111_0050_wang 2 0 2 1 0 167.45 733.71 22.8 99.77 144.65 633.94
ynao_sd_19931112_0100_wang 1 1 0 0 0 5.81 17.87 5.81 17.87 0 0
ynao_sd_19931113_0055_wang 0 0 0 0 0 0 0 0 0 0 0
ynao_sd_19931114_0210_wang 0 0 0 0 0 0 0 0 0 0 0
ynao_sd_19931115_0050_li 1 1 0 0 0 27.77 32.06 27.77 32.06 0 0
ynao_sd_19931116_0120_li 0 0 0 0 0 0 0 0 0 0 0
ynao_sd_19931117_0105_li 0 0 0 0 0 0 0 0 0 0 0
ynao_sd_19931118_0505_li 0 0 0 0 0 0 0 0 0 0 0
ynao_sd_19931119_0210_li 0 0 0 0 0 0 0 0 0 0 0
ynao_sd_19931120_0120_li 0 0 0 0 0 0 0 0 0 0 0
ynao_sd_19931122_0240_hong 0 0 0 0 0 0 0 0 0 0 0
ynao_sd_19931123_0130_hong 0 0 0 0 0 0 0 0 0 0 0
ynao_sd_19931124_0830_hong 0 0 0 0 0 0 0 0 0 0 0
ynao_sd_19931125_0145_hong 0 0 0 0 0 0 0 0 0 0 0
ynao_sd_19931126_0200_hong 1 0 1 1 0 33.24 124.8 4.56 17.51 28.68 107.29
ynao_sd_19931127_0120_hong 3 2 1 1 0 38.85 95.74 16.46 41.75 22.39 53.99
ynao_sd_19931128_0210_hong 5 4 1 1 0 60.56 91.33 31.43 43.61 29.13 47.72
ynao_sd_19931129_0115_wang 16 14 2 1 0 140.41 156.38 110.81 124.56 29.6 31.82
ynao_sd_19931130_0115_wang 12 11 1 2 0 234.82 592.58 132.69 138.18 102.13 454.4
ynao_sd_19931201_0050_wang 21 16 5 4 0 402.85 899.17 185.7 363.73 217.15 535.44
ynao_sd_19931202_0150_wang 22 18 4 3 0 354.53 600.66 150.3 235.66 204.23 365.0
ynao_sd_19931203_0115_wang 30 27 3 2 0 393.9 562.35 203.21 305.36 190.69 256.99
ynao_sd_19931204_0220_wang 23 17 6 4 0 496.56 724.97 174.24 267.56 322.32 457.41
ynao_sd_19931205_0150_wang 36 31 5 5 0 617.48 780.36 279.1 358.21 338.38 422.15
ynao_sd_19931206_0340_wang 35 29 6 5 0 596.23 676.85 249.15 284.4 347.08 392.45
ynao_sd_19931207_0420_wang 45 36 9 9 0 762.85 837.16 337.06 382.96 425.79 454.2
ynao_sd_19931208_0510_wang 45 37 8 7 0 726.57 762.08 328.6 342.29 397.97 419.79
ynao_sd_19931209_0440_wang 51 48 3 3 0 505.22 555.2 358.23 393.99 146.99 161.21
ynao_sd_19931210_0520_wang 17 12 5 2 0 325.82 399.53 137.41 166.76 188.41 232.77
ynao_sd_19931211_0120_wang 23 20 3 2 0 247.2 350.27 133.76 187.41 113.44 162.86
ynao_sd_19931212_0150_wang 12 10 2 2 0 156.44 290.37 83.39 152.16 73.05 138.21
ynao_sd_19931213_0115_li 4 4 0 0 0 28.1 74.61 28.1 74.61 0 0
ynao_sd_19931214_0045_li 1 1 0 0 0 5.07 6.63 5.07 6.63 0 0
ynao_sd_19931215_0620_li 0 0 0 0 0 0 0 0 0 0 0
ynao_sd_19931218_0830_li 0 0 0 0 0 0 0 0 0 0 0
ynao_sd_19931219_0300_li 0 0 0 0 0 0 0 0 0 0 0
ynao_sd_19931223_0130_hong 2 1 1 0 0 7.58 8.65 12.88 14.84 5.3 6.19
ynao_sd_19931224_0140_hong 0 0 0 0 0 0 0 0 0 0 0
ynao_sd_19931225_0620_hong 2 2 0 0 0 14.67 27.99 14.67 27.99 0 0
ynao_sd_19931226_0140_wang 1 1 0 0 0 7.43 12.73 7.43 12.73 0 0
ynao_sd_19931227_0115_wang 2 2 0 0 0 17.3 19.79 17.3 19.79 0 0
ynao_sd_19931228_0130_wang 1 1 0 0 0 6.64 7.63 6.64 7.63 0 0
ynao_sd_19931229_0130_wang 3 3 0 0 0 48.22 194.32 48.22 194.32 0 0
ynao_sd_19931230_0130_wang 5 3 2 2 0 233.38 539.19 48.61 113.25 184.77 425.94
ynao_sd_19931231_0215_wang 12 6 6 3 0 460.21 729.61 107.44 177.14 352.77 552.47
