ynao_sd_19940101_0150_wang 23 12 11 3 0 876.48 1101.13 189.64 241.0 686.84 860.13
ynao_sd_19940102_0140_li 31 17 14 6 0 1305.93 1446.22 206.6 229.03 1099.33 1217.19
ynao_sd_19940103_0100_li 46 31 15 8 0 1487.95 1532.2 335.92 347.39 1152.03 1184.81
ynao_sd_19940104_0115_li 37 22 15 8 0 1391.8 1404.71 328.72 332.03 1063.08 1072.68
ynao_sd_19940105_0120_li 40 26 14 6 0 1213.6 1276.67 284.09 307.78 929.51 968.89
ynao_sd_19940106_0320_li 37 30 7 5 0 857.73 981.45 306.75 347.26 550.98 634.19
ynao_sd_19940107_0050_li 38 28 10 4 0 715.0 939.06 247.29 318.6 467.71 620.46
ynao_sd_19940108_0050_li 16 13 3 3 0 408.37 679.95 110.47 183.27 297.9 496.68
ynao_sd_19940109_0050_li 3 1 2 2 0 127.73 330.37 20.08 52.28 107.65 278.09
ynao_sd_19940110_0050_li 2 2 0 0 0 33.28 148.84 33.28 148.84 0 0
ynao_sd_19940111_0050_li 1 1 0 0 0 8.4 8.65 8.4 8.65 0 0
ynao_sd_19940112_0050_li 1 1 0 0 0 6.7 7.95 6.7 7.95 0 0
ynao_sd_19940113_0050_li 7 7 0 0 0 83.44 88.28 83.44 88.28 0 0
ynao_sd_19940114_0050_li 3 3 0 0 0 24.72 29.19 24.72 29.19 0 0
ynao_sd_19940115_0050_li 10 10 0 0 0 74.04 138.31 74.04 138.31 0 0
ynao_sd_19940116_0050_li 4 4 0 0 0 34.19 77.56 34.19 77.56 0 0
ynao_sd_19940117_0050_li 0 0 0 0 0 0 0 0 0 0 0
ynao_sd_19940118_0050_li 1 1 0 0 0 7.94 8.21 7.94 8.21 0 0
ynao_sd_19940119_0050_li 0 0 0 0 0 0 0 0 0 0 0
ynao_sd_19940120_0050_li 0 0 0 0 0 0 0 0 0 0 0
ynao_sd_19940121_0050_li 0 0 0 0 0 0 0 0 0 0 0
ynao_sd_19940124_0050_li 5 5 0 0 0 29.52 35.76 29.52 35.76 0 0
ynao_sd_19940125_0050_li 2 2 0 0 0 11.93 12.91 11.93 12.91 0 0
ynao_sd_19940126_0050_li 4 4 0 0 0 28.42 29.07 28.42 29.07 0 0
ynao_sd_19940127_0050_li 9 9 0 0 0 49.43 63.01 49.43 63.01 0 0
ynao_sd_19940128_0050_li 5 5 0 0 0 41.82 55.23 41.82 55.23 0 0
ynao_sd_19940129_0050_li 19 19 0 0 0 145.74 216.3 145.74 216.3 0 0
ynao_sd_19940130_0050_li 16 16 0 0 0 90.44 100.31 90.44 100.31 0 0
ynao_sd_19940131_0050_li 21 17 4 2 0 228.78 244.69 124.03 137.34 104.75 107.35
ynao_sd_19940201_0050_li 18 18 0 0 0 128.13 207.24 128.13 207.24 0 0
ynao_sd_19940202_0050_li 9 9 0 0 0 63.32 69.05 63.32 69.05 0 0
ynao_sd_19940203_0050_li 4 4 0 0 0 22.35 26.93 22.35 26.93 0 0
ynao_sd_19940204_0050_li 6 6 0 0 0 30.17 30.36 30.17 30.36 0 0
ynao_sd_19940205_0050_li 11 11 0 0 0 79.53 113.91 79.53 113.91 0 0
ynao_sd_19940206_0050_li 17 17 0 0 0 110.2 167.21 110.2 167.21 0 0
ynao_sd_19940207_0050_li 21 21 0 0 0 153.41 186.37 153.41 186.37 0 0
ynao_sd_19940208_0050_li 15 12 3 2 0 229.51 344.89 137.8 203.37 91.71 141.52
ynao_sd_19940209_0050_li 9 8 1 2 0 126.17 248.99 55.8 99.73 70.37 149.26
ynao_sd_19940210_0050_li 5 5 0 0 0 57.65 224.2 57.65 224.2 0 0
ynao_sd_19940211_0050_li 0 0 0 0 0 0 0 0 0 0 0
ynao_sd_19940212_0050_li 0 0 0 0 0 0 0 0 0 0 0
ynao_sd_19940213_0050_li 0 0 0 0 0 0 0 0 0 0 0
ynao_sd_19940214_0050_li 0 0 0 0 0 0 0 0 0 0 0
ynao_sd_19940215_0050_li 1 1 0 0 0 5.74 6.07 5.74 6.07 0 0
ynao_sd_19940216_0050_li 0 0 0 0 0 0 0 0 0 0 0
ynao_sd_19940217_0050_li 0 0 0 0 0 0 0 0 0 0 0
ynao_sd_19940218_0050_li 0 0 0 0 0 0 0 0 0 0 0
ynao_sd_19940219_0050_li 0 0 0 0 0 0 0 0 0 0 0
ynao_sd_19940220_0050_li 1 1 0 0 0 9.88 10.58 9.88 10.58 0 0
ynao_sd_19940221_0050_li 1 1 0 0 0 4.58 33.68 4.58 33.68 0 0
ynao_sd_19940222_0050_li 6 5 1 1 0 75.82 118.08 33.37 50.42 42.45 67.66
ynao_sd_19940223_0050_li 2 1 1 1 0 68.56 87.38 13.48 17.49 55.08 69.89
ynao_sd_19940224_0050_li 8 6 2 1 0 128.29 297.66 57.08 218.73 71.21 78.93
ynao_sd_19940225_0050_li 5 3 2 2 0 116.38 232.19 30.66 32.01 85.72 200.18
ynao_sd_19940226_0050_li 2 1 1 1 0 122.12 197.53 52.8 62.83 69.32 134.7
ynao_sd_19940227_0050_li 8 6 2 2 0 178.08 354.46 57.22 123.62 120.86 230.84
ynao_sd_19940228_0050_li 17 14 3 2 0 279.1 443.47 125.48 213.38 153.62 230.09
ynao_sd_19940301_0050_li 36 35 1 1 0 338.71 423.44 254.12 333.51 84.59 89.93
ynao_sd_19940302_0050_li 37 36 1 2 0 325.2 375.02 258.22 298.55 66.98 76.47
ynao_sd_19940303_0050_li 38 38 0 0 0 273.95 323.92 273.95 323.92 0 0
ynao_sd_19940304_0050_li 39 38 1 2 0 306.51 382.69 252.9 311.67 53.61 71.02
ynao_sd_19940305_0050_li 21 20 1 1 0 170.93 228.7 148.1 188.83 22.83 39.87
ynao_sd_19940306_0050_li 24 24 0 0 0 178.57 306.16 178.57 306.16 0 0
ynao_sd_19940307_0050_li 29 29 0 0 0 186.1 248.15 186.1 248.15 0 0
ynao_sd_19940308_0050_li 19 18 1 1 0 167.76 168.65 135.73 136.33 32.03 32.32
ynao_sd_19940309_0050_li 28 27 1 1 0 194.89 210.23 161.1 174.1 33.79 36.13
ynao_sd_19940310_0050_li 18 16 2 1 0 185.22 232.61 98.9 126.75 86.32 105.86
ynao_sd_19940311_0050_li 15 13 2 1 0 137.58 229.97 85.27 153.65 52.31 76.32
ynao_sd_19940312_0050_li 17 17 0 0 0 104.15 171.77 104.15 171.77 0 0
ynao_sd_19940313_0050_li 13 13 0 0 0 109.26 228.91 109.26 228.91 0 0
ynao_sd_19940314_0050_li 2 2 0 0 0 14.87 54.82 14.87 54.82 0 0
ynao_sd_19940315_0050_li 1 1 0 0 0 6.63 21.46 6.63 21.46 0 0
ynao_sd_19940316_0050_li 0 0 0 0 0 0 0 0 0 0 0
ynao_sd_19940317_0050_li 0 0 0 0 0 0 0 0 0 0 0
ynao_sd_19940318_0050_li 1 1 0 0 0 5.97 8.53 5.97 8.53 0 0
ynao_sd_19940319_0050_li 0 0 0 0 0 0 0 0 0 0 0
ynao_sd_19940320_0050_li 0 0 0 0 0 0 0 0 0 0 0
ynao_sd_19940321_0050_li 0 0 0 0 0 0 0 0 0 0 0
ynao_sd_19940325_0050_li 8 8 0 0 0 44.63 54.58 44.63 54.58 0 0
ynao_sd_19940327_0050_li 6 6 0 0 0 47.5 52.45 47.5 52.45 0 0
ynao_sd_19940328_0050_li 13 12 1 1 0 121.26 126.7 94.74 99.24 26.52 27.46
ynao_sd_19940329_0050_li 16 16 0 0 0 104.75 106.31 104.75 106.31 0 0
ynao_sd_19940330_0050_li 21 21 0 0 0 119.49 122.93 119.49 122.93 0 0
ynao_sd_19940331_0050_li 25 25 0 0 0 178.03 232.73 178.03 232.73 0 0
ynao_sd_19940401_0050_li 9 8 1 1 0 85.91 177.43 56.66 97.59 29.25 79.84
ynao_sd_19940402_0050_li 4 4 0 0 0 21.19 22.75 21.19 22.75 0 0
ynao_sd_19940403_0050_li 2 2 0 0 0 11.47 14.53 11.47 14.53 0 0
ynao_sd_19940404_0050_li 0 0 0 0 0 0 0 0 0 0 0
ynao_sd_19940405_0050_li 0 0 0 0 0 0 0 0 0 0 0
ynao_sd_19940406_0050_li 0 0 0 0 0 0 0 0 0 0 0
ynao_sd_19940407_0050_li 1 1 0 0 0 6.56 12.31 6.56 12.31 0 0
ynao_sd_19940408_0050_li 0 0 0 0 0 0 0 0 0 0 0
ynao_sd_19940409_0050_li 0 0 0 0 0 0 0 0 0 0 0
ynao_sd_19940410_0050_li 0 0 0 0 0 0 0 0 0 0 0
ynao_sd_19940411_0050_li 0 0 0 0 0 0 0 0 0 0 0
ynao_sd_19940412_0050_li 1 1 0 0 0 6.2 9.54 6.2 9.54 0 0
ynao_sd_19940413_0050_li 1 1 0 0 0 9.72 10.37 9.72 10.37 0 0
ynao_sd_19940414_0050_li 0 0 0 0 0 0 0 0 0 0 0
ynao_sd_19940415_0050_li 0 0 0 0 0 0 0 0 0 0 0
ynao_sd_19940416_0035_li 1 1 0 0 0 7.71 9.27 7.71 9.27 0 0
ynao_sd_19940417_0050_li 1 1 0 0 0 6.19 8.69 6.19 8.69 0 0
ynao_sd_19940418_0050_li 2 2 0 0 0 19.76 26.62 19.76 26.62 0 0
ynao_sd_19940419_0050_li 1 1 0 0 0 8.12 9.55 8.12 9.55 0 0
ynao_sd_19940420_0050_li 5 5 0 0 0 33.39 35.22 33.39 35.22 0 0
ynao_sd_19940421_0050_li 9 9 0 0 0 59.04 60.98 59.04 60.98 0 0
ynao_sd_19940422_0050_li 0 0 0 0 0 0 0 0 0 0 0
ynao_sd_19940423_0050_li 1 1 0 0 0 7.74 8.14 7.74 8.14 0 0
ynao_sd_19940424_0050_li 6 6 0 0 0 44.05 49.76 44.05 49.76 0 0
ynao_sd_19940425_0050_li 0 0 0 0 0 0 0 0 0 0 0
ynao_sd_19940426_0050_li 1 1 0 0 0 15.82 17.41 15.82 17.41 0 0
ynao_sd_19940427_0050_li 2 2 0 0 0 18.36 23.94 18.36 23.94 0 0
ynao_sd_19940428_0050_li 1 1 0 0 0 8.76 13.49 8.76 13.49 0 0
ynao_sd_19940429_0050_li 5 5 0 0 0 32.43 67.93 32.43 67.93 0 0
ynao_sd_19940430_0050_li 2 2 0 0 0 16.4 16.76 16.4 16.76 0 0
ynao_sd_19940501_0050_li 4 4 0 0 0 25.93 27.06 25.93 27.06 0 0
ynao_sd_19940502_0050_li 7 7 0 0 0 37.77 42.04 37.77 42.04 0 0
ynao_sd_19940503_0050_li 2 2 0 0 0 11.52 11.83 11.52 11.83 0 0
ynao_sd_19940505_0050_li 2 2 0 0 0 14.02 14.27 14.02 14.27 0 0
ynao_sd_19940507_0050_li 15 15 0 0 0 79.79 94.89 79.79 94.89 0 0
ynao_sd_19940508_0050_li 12 12 0 0 0 73.1 86.0 73.1 86.0 0 0
ynao_sd_19940509_0050_li 16 16 0 0 0 117.21 124.16 117.21 124.16 0 0
ynao_sd_19940510_0050_li 4 4 0 0 0 29.76 29.98 29.76 29.98 0 0
ynao_sd_19940511_0050_li 4 4 0 0 0 31.59 50.61 31.59 50.61 0 0
ynao_sd_19940512_0050_li 5 5 0 0 0 27.8 38.8 27.8 38.8 0 0
ynao_sd_19940513_0050_li 5 5 0 0 0 32.68 58.79 32.68 58.79 0 0
ynao_sd_19940514_0050_li 2 2 0 0 0 12.72 14.64 12.72 14.64 0 0
ynao_sd_19940515_0050_li 2 2 0 0 0 13.94 14.5 13.94 14.5 0 0
ynao_sd_19940516_0050_li 0 0 0 0 0 0 0 0 0 0 0
ynao_sd_19940517_0050_li 2 2 0 0 0 15.0 45.34 15.0 45.34 0 0
ynao_sd_19940518_0050_li 0 0 0 0 0 0 0 0 0 0 0
ynao_sd_19940520_0050_li 0 0 0 0 0 0 0 0 0 0 0
ynao_sd_19940521_0050_li 0 0 0 0 0 0 0 0 0 0 0
ynao_sd_19940522_0050_li 0 0 0 0 0 0 0 0 0 0 0
ynao_sd_19940523_0050_li 0 0 0 0 0 0 0 0 0 0 0
ynao_sd_19940524_0050_li 0 0 0 0 0 0 0 0 0 0 0
ynao_sd_19940525_0050_li 0 0 0 0 0 0 0 0 0 0 0
ynao_sd_19940526_0050_li 0 0 0 0 0 0 0 0 0 0 0
ynao_sd_19940528_0050_li 0 0 0 0 0 0 0 0 0 0 0
ynao_sd_19940530_0050_li 0 0 0 0 0 0 0 0 0 0 0
ynao_sd_19940531_0050_li 0 0 0 0 0 0 0 0 0 0 0
ynao_sd_19940601_0050_li 0 0 0 0 0 0 0 0 0 0 0
ynao_sd_19940602_0050_li 0 0 0 0 0 0 0 0 0 0 0
ynao_sd_19940603_0050_li 0 0 0 0 0 0 0 0 0 0 0
ynao_sd_19940604_0050_li 0 0 0 0 0 0 0 0 0 0 0
ynao_sd_19940605_0050_li 0 0 0 0 0 0 0 0 0 0 0
ynao_sd_19940606_0050_li 1 1 0 0 0 6.64 10.06 6.64 10.06 0 0
ynao_sd_19940607_0050_li 9 7 2 1 0 127.78 241.45 64.89 119.15 62.89 122.3
ynao_sd_19940609_0050_li 17 16 1 1 0 253.71 420.3 104.29 166.83 149.42 253.47
ynao_sd_19940610_0050_li 21 19 2 1 0 352.61 504.06 142.87 209.02 209.74 295.04
ynao_sd_19940611_0050_li 20 18 2 1 0 325.42 412.05 164.81 226.03 160.61 186.02
ynao_sd_19940612_0050_li 16 13 3 2 0 265.57 295.21 110.11 130.17 155.46 165.04
ynao_sd_19940613_0050_li 11 9 2 2 0 174.69 270.85 77.53 171.87 97.16 98.98
ynao_sd_19940614_0050_li 12 12 0 0 0 107.51 146.53 107.51 146.53 0 0
ynao_sd_19940615_0050_li 13 13 0 0 0 104.72 127.22 104.72 127.22 0 0
ynao_sd_19940618_0050_li 9 9 0 0 0 49.23 66.18 49.23 66.18 0 0
ynao_sd_19940620_0050_li 2 2 0 0 0 15.05 18.65 15.05 18.65 0 0
ynao_sd_19940622_0050_li 10 10 0 0 0 74.85 79.52 74.85 79.52 0 0
ynao_sd_19940623_0050_li 12 12 0 0 0 97.67 109.62 97.67 109.62 0 0
ynao_sd_19940624_0050_li 19 18 1 1 0 152.88 180.96 122.04 143.14 30.84 37.82
ynao_sd_19940625_0050_li 13 13 0 0 0 105.1 138.41 105.1 138.41 0 0
ynao_sd_19940627_0050_li 0 0 0 0 0 0 0 0 0 0 0
ynao_sd_19940628_0050_li 3 2 1 1 0 75.2 186.64 30.23 83.39 44.97 103.25
ynao_sd_19940629_0050_li 8 6 2 1 0 310.69 537.21 64.91 125.96 245.78 411.25
ynao_sd_19940630_0050_li 14 10 4 1 0 448.96 595.66 127.75 173.1 321.21 422.56
ynao_sd_19940701_0050_li 23 18 5 1 0 586.15 666.51 165.55 191.03 420.6 475.48
ynao_sd_19940702_0050_li 31 26 5 2 0 559.56 585.2 213.96 227.15 345.6 358.05
ynao_sd_19940703_0050_li 31 27 4 3 0 388.84 397.75 172.08 176.49 216.76 221.26
ynao_sd_19940704_0050_li 25 23 2 2 0 287.29 300.65 135.21 140.9 152.08 159.75
ynao_sd_19940705_0050_li 9 7 2 3 0 207.12 235.28 51.28 57.8 155.84 177.48
ynao_sd_19940706_0050_li 5 2 3 2 0 137.63 181.47 28.74 37.86 108.89 143.61
ynao_sd_19940707_0050_li 7 7 0 0 0 73.06 106.73 73.06 106.73 0 0
ynao_sd_19940708_0050_li 33 29 4 2 0 252.78 311.34 183.09 237.47 69.69 73.87
ynao_sd_19940709_0050_li 28 26 2 1 0 252.07 266.83 166.93 176.6 85.14 90.23
ynao_sd_19940710_0050_li 22 20 2 3 0 212.49 246.66 119.05 140.6 93.44 106.06
ynao_sd_19940711_0050_li 30 26 4 3 0 328.41 459.46 172.95 245.39 155.46 214.07
ynao_sd_19940712_0050_li 17 12 5 4 0 287.99 516.7 124.23 215.63 163.76 301.07
ynao_sd_19940713_0050_li 24 24 0 0 0 178.59 352.24 178.59 352.24 0 0
ynao_sd_19940714_0050_li 16 16 0 0 0 102.69 175.88 102.69 175.88 0 0
ynao_sd_19940715_0050_li 20 20 0 0 0 153.26 214.5 153.26 214.5 0 0
ynao_sd_19940716_0050_li 19 19 0 0 0 146.84 206.92 146.84 206.92 0 0
ynao_sd_19940717_0050_li 22 22 0 0 0 186.31 239.17 186.31 239.17 0 0
ynao_sd_19940718_0050_li 11 11 0 0 0 65.39 124.65 65.39 124.65 0 0
ynao_sd_19940719_0050_li 7 7 0 0 0 39.74 79.79 39.74 79.79 0 0
ynao_sd_19940720_0050_li 6 6 0 0 0 35.81 48.34 35.81 48.34 0 0
ynao_sd_19940721_0050_li 4 4 0 0 0 34.42 41.13 34.42 41.13 0 0
ynao_sd_19940722_0050_li 1 1 0 0 0 7.79 9.03 7.79 9.03 0 0
ynao_sd_19940723_0050_li 3 3 0 0 0 17.75 20.66 17.75 20.66 0 0
ynao_sd_19940724_0050_li 0 0 0 0 0 0 0 0 0 0 0
ynao_sd_19940725_0050_li 1 1 0 0 0 6.54 7.28 6.54 7.28 0 0
ynao_sd_19940726_0050_li 2 2 0 0 0 14.43 17.73 14.43 17.73 0 0
ynao_sd_19940727_0050_li 0 0 0 0 0 0 0 0 0 0 0
ynao_sd_19940728_0050_li 0 0 0 0 0 0 0 0 0 0 0
ynao_sd_19940729_0050_li 2 2 0 0 0 11.99 12.45 11.99 12.45 0 0
ynao_sd_19940730_0050_li 0 0 0 0 0 0 0 0 0 0 0
ynao_sd_19940731_0050_li 3 3 0 0 0 17.42 28.39 17.42 28.39 0 0
ynao_sd_19940801_0050_li 2 2 0 0 0 12.82 13.58 12.82 13.58 0 0
ynao_sd_19940802_0050_li 0 0 0 0 0 0 0 0 0 0 0
ynao_sd_19940803_0050_li 3 3 0 0 0 15.72 16.78 15.72 16.78 0 0
ynao_sd_19940804_0050_li 1 1 0 0 0 8.29 8.94 8.29 8.94 0 0
ynao_sd_19940805_0050_li 0 0 0 0 0 0 0 0 0 0 0
ynao_sd_19940806_0050_li 0 0 0 0 0 0 0 0 0 0 0
ynao_sd_19940807_0050_li 0 0 0 0 0 0 0 0 0 0 0
ynao_sd_19940809_0050_li 1 1 0 0 0 7.1 7.48 7.1 7.48 0 0
ynao_sd_19940810_0050_li 1 1 0 0 0 7.86 8.26 7.86 8.26 0 0
ynao_sd_19940811_0050_li 1 0 1 1 0 41.47 278.69 6.17 40.63 35.3 238.06
ynao_sd_19940813_0050_li 23 19 4 3 0 329.81 418.36 146.87 174.35 182.94 244.01
ynao_sd_19940814_0050_li 40 26 14 5 0 857.83 931.94 322.2 343.46 535.63 588.48
ynao_sd_19940815_0050_li 19 9 10 4 0 643.71 706.33 134.99 148.43 508.72 557.9
ynao_sd_19940817_0050_li 20 10 10 4 0 559.68 712.4 114.43 149.1 445.25 563.3
ynao_sd_19940818_0050_li 12 6 6 4 0 286.62 444.9 82.21 122.51 204.41 322.39
ynao_sd_19940819_0050_li 21 20 1 2 0 281.68 447.41 223.18 345.14 58.5 102.27
ynao_sd_19940820_0050_li 13 11 2 1 0 176.57 214.22 94.33 127.2 82.24 87.02
ynao_sd_19940821_0050_li 7 4 3 1 0 120.33 138.85 35.65 46.26 84.68 92.59
ynao_sd_19940822_0050_li 1 1 0 1 0 41.37 51.23 5.97 8.37 35.4 42.86
ynao_sd_19940823_0050_li 6 6 0 0 0 47.81 74.87 47.81 74.87 0 0
ynao_sd_19940824_0050_li 3 2 1 2 0 87.97 116.42 20.1 27.76 67.87 88.66
ynao_sd_19940825_0050_li 8 8 0 0 0 72.96 83.7 72.96 83.7 0 0
ynao_sd_19940826_0050_li 9 9 0 0 0 68.84 72.62 68.84 72.62 0 0
ynao_sd_19940827_0050_li 7 7 0 0 0 46.7 48.22 46.7 48.22 0 0
ynao_sd_19940828_0050_li 6 6 0 0 0 55.45 59.57 55.45 59.57 0 0
ynao_sd_19940829_0050_li 3 3 0 0 0 15.24 22.6 15.24 22.6 0 0
ynao_sd_19940830_0050_li 2 2 0 0 0 25.44 36.23 25.44 36.23 0 0
ynao_sd_19940831_0050_li 14 12 2 1 0 239.87 644.1 91.25 228.75 148.62 415.35
ynao_sd_19940901_0050_li 21 14 7 3 0 696.8 1405.08 156.28 307.01 540.52 1098.07
ynao_sd_19940902_0050_li 26 16 10 5 0 911.31 1357.67 188.79 285.24 722.52 1072.43
ynao_sd_19940903_0050_li 37 26 11 4 0 1118.55 1804.87 276.46 426.85 842.09 1378.02
ynao_sd_19940904_0050_li 26 18 8 5 0 1312.05 1724.69 279.25 361.41 1032.8 1363.28
ynao_sd_19940906_0050_li 30 25 5 3 0 1155.04 1314.12 256.95 292.38 898.09 1021.74
ynao_sd_19940907_0050_li 31 27 4 4 0 1124.52 1278.24 289.19 326.77 835.33 951.47
ynao_sd_19940910_0050_li 10 7 3 2 0 573.61 802.37 100.48 150.64 473.13 651.73
ynao_sd_19940911_0050_li 4 2 2 2 0 460.28 761.53 105.35 257.24 354.93 504.29
ynao_sd_19940912_0050_li 2 0 2 1 0 329.92 458.19 55.48 77.03 274.44 381.16
ynao_sd_19940913_0050_li 1 0 1 1 0 296.89 496.72 36.72 61.77 260.17 434.95
ynao_sd_19940914_0050_li 2 0 2 1 0 170.56 441.71 30.57 79.44 139.99 362.27
ynao_sd_19940915_0050_li 2 0 2 1 0 80.77 357.77 22.01 97.44 58.76 260.33
ynao_sd_19940916_0050_li 0 0 0 0 0 0 0 0 0 0 0
ynao_sd_19940917_0050_li 0 0 0 0 0 0 0 0 0 0 0
ynao_sd_19940918_0050_li 1 1 0 0 0 9.34 20.33 9.34 20.33 0 0
ynao_sd_19940919_0050_li 4 4 0 0 0 23.09 94.32 23.09 94.32 0 0
ynao_sd_19940920_0050_li 0 0 0 0 0 0 0 0 0 0 0
ynao_sd_19940921_0050_li 0 0 0 0 0 0 0 0 0 0 0
ynao_sd_19940922_0050_li 1 1 0 0 0 7.57 8.14 7.57 8.14 0 0
ynao_sd_19940923_0050_li 7 7 0 0 0 62.41 64.48 62.41 64.48 0 0
ynao_sd_19940924_0050_li 7 7 0 0 0 72.93 75.82 72.93 75.82 0 0
ynao_sd_19940925_0050_li 14 12 2 1 0 172.96 196.59 88.25 100.67 84.71 95.92
ynao_sd_19940929_0050_li 3 2 1 1 0 119.08 196.3 34.18 74.01 84.9 122.29
ynao_sd_19940930_0050_li 2 1 1 1 0 132.2 280.29 50.48 183.98 81.72 96.31
ynao_sd_19941001_0050_li 4 1 3 2 0 194.8 346.37 35.57 77.88 159.23 268.49
ynao_sd_19941002_0050_li 3 0 3 2 0 228.4 325.84 32.75 43.14 195.65 282.7
ynao_sd_19941003_0050_li 3 0 3 2 0 354.9 432.87 63.31 77.66 291.59 355.21
ynao_sd_19941004_0050_li 6 3 3 2 0 337.33 387.4 79.88 90.52 257.45 296.88
ynao_sd_19941005_0050_li 16 13 3 2 0 481.73 563.87 164.86 208.3 316.87 355.57
ynao_sd_19941006_0050_li 26 23 3 2 0 456.15 560.27 215.05 286.91 241.1 273.36
ynao_sd_19941007_0050_li 26 23 3 2 0 397.42 492.57 193.3 246.33 204.12 246.24
ynao_sd_19941009_0050_li 18 14 4 3 0 341.83 492.89 142.57 193.12 199.26 299.77
ynao_sd_19941010_0050_li 7 3 4 3 0 274.48 513.39 49.24 94.37 225.24 419.02
ynao_sd_19941011_0050_li 2 1 1 1 0 101.31 255.38 35.78 119.17 65.53 136.21
ynao_sd_19941012_0050_li 1 1 0 0 0 41.38 143.61 41.38 143.61 0 0
ynao_sd_19941013_0050_li 2 2 0 0 0 25.1 38.51 25.1 38.51 0 0
ynao_sd_19941014_0050_li 3 3 0 0 0 38.7 43.53 38.7 43.53 0 0
ynao_sd_19941015_0050_li 1 1 0 0 0 7.2 9.16 7.2 9.16 0 0
ynao_sd_19941016_0050_li 1 1 0 0 0 14.09 24.5 14.09 24.5 0 0
ynao_sd_19941017_0050_li 0 0 0 0 0 0 0 0 0 0 0
ynao_sd_19941018_0050_li 7 7 0 0 0 98.83 275.97 98.83 275.97 0 0
ynao_sd_19941019_0050_li 11 10 1 2 0 206.06 422.09 97.87 230.41 108.19 191.68
ynao_sd_19941021_0050_li 12 10 2 2 0 175.94 262.92 94.15 153.66 81.79 109.26
ynao_sd_19941022_0050_li 11 9 2 1 0 161.2 187.01 57.85 67.46 103.35 119.55
ynao_sd_19941023_0050_li 10 8 2 1 0 115.64 123.28 88.92 94.83 26.72 28.45
ynao_sd_19941024_0050_li 13 12 1 2 0 181.62 186.79 94.35 97.14 87.27 89.65
ynao_sd_19941025_0050_li 20 19 1 1 0 174.53 203.1 112.98 138.86 61.55 64.24
ynao_sd_19941026_0050_li 23 23 0 0 0 157.89 327.35 157.89 327.35 0 0
ynao_sd_19941027_0050_li 20 19 1 1 0 195.4 340.28 143.55 199.4 51.85 140.88
ynao_sd_19941028_0050_li 14 12 2 1 0 151.56 225.47 99.82 130.01 51.74 95.46
ynao_sd_19941029_0050_li 8 8 0 1 0 89.99 115.1 50.12 59.84 39.87 55.26
ynao_sd_19941030_0050_li 17 17 0 1 0 202.9 392.81 121.13 135.25 81.77 257.56
ynao_sd_19941031_0050_li 12 8 4 2 0 285.85 444.34 92.12 119.67 193.73 324.67
ynao_sd_19941101_0050_li 12 9 3 2 0 379.01 498.12 92.7 111.67 286.31 386.45
ynao_sd_19941102_0050_li 13 9 4 2 0 436.5 540.23 108.95 154.23 327.55 386.0
ynao_sd_19941103_0050_li 7 4 3 2 0 358.16 419.18 53.49 85.33 304.67 333.85
ynao_sd_19941104_0050_li 8 5 3 2 0 331.07 352.35 59.69 67.95 271.38 284.4
ynao_sd_19941105_0050_li 4 3 1 1 0 252.37 274.89 59.49 71.19 192.88 203.7
ynao_sd_19941106_0050_li 3 1 2 1 0 200.12 233.14 24.94 35.89 175.18 197.25
ynao_sd_19941107_0050_li 1 0 1 1 0 115.77 145.98 23.11 29.09 92.66 116.89
ynao_sd_19941108_0050_li 1 0 1 1 0 68.48 102.26 12.48 18.59 56.0 83.67
ynao_sd_19941109_0050_li 2 1 1 1 0 56.56 127.05 19.44 53.99 37.12 73.06
ynao_sd_19941110_0050_li 2 2 0 0 0 33.25 91.04 33.25 91.04 0 0
ynao_sd_19941111_0050_li 1 1 0 0 0 7.49 10.77 7.49 10.77 0 0
ynao_sd_19941112_0050_li 2 2 0 0 0 11.42 13.16 11.42 13.16 0 0
ynao_sd_19941113_0050_li 4 4 0 0 0 24.45 25.87 24.45 25.87 0 0
ynao_sd_19941114_0050_li 1 1 0 0 0 6.0 6.27 6.0 6.27 0 0
ynao_sd_19941115_0050_li 0 0 0 0 0 0 0 0 0 0 0
ynao_sd_19941116_0050_li 2 2 0 0 0 20.21 20.54 20.21 20.54 0 0
ynao_sd_19941117_0050_li 4 4 0 0 0 26.85 38.12 26.85 38.12 0 0
ynao_sd_19941118_0050_li 9 9 0 0 0 84.75 162.38 84.75 162.38 0 0
ynao_sd_19941119_0050_li 3 3 0 0 0 31.38 76.7 31.38 76.7 0 0
ynao_sd_19941120_0050_li 1 1 0 0 0 11.01 36.73 11.01 36.73 0 0
ynao_sd_19941121_0050_li 0 0 0 0 0 0 0 0 0 0 0
ynao_sd_19941122_0050_li 0 0 0 0 0 0 0 0 0 0 0
ynao_sd_19941123_0050_li 0 0 0 0 0 0 0 0 0 0 0
ynao_sd_19941124_0050_li 0 0 0 0 0 0 0 0 0 0 0
ynao_sd_19941125_0050_li 6 6 0 0 0 32.66 41.19 32.66 41.19 0 0
ynao_sd_19941127_0050_li 24 23 1 1 0 277.68 301.92 179.21 193.0 98.47 108.92
ynao_sd_19941128_0050_li 21 20 1 1 0 149.35 173.31 120.34 138.07 29.01 35.24
ynao_sd_19941129_0050_li 7 6 1 1 0 80.13 108.04 38.67 49.09 41.46 58.95
ynao_sd_19941130_0050_li 1 1 0 1 0 42.49 79.6 7.06 13.17 35.43 66.43
ynao_sd_19941201_0050_li 3 1 2 1 0 92.04 241.37 25.61 64.22 66.43 177.15
ynao_sd_19941202_0050_li 1 1 0 1 0 114.26 542.79 56.36 267.74 57.9 275.05
ynao_sd_19941203_0050_li 0 0 0 0 0 0 0 0 0 0 0
ynao_sd_19941204_0050_li 3 3 0 0 0 46.84 186.46 46.84 186.46 0 0
ynao_sd_19941205_0050_li 4 2 2 1 0 107.03 202.78 50.91 99.01 56.12 103.77
ynao_sd_19941206_0050_li 3 2 1 1 0 107.8 161.04 38.54 61.15 69.26 99.89
ynao_sd_19941207_0050_li 2 1 1 1 0 107.83 135.04 36.78 48.01 71.05 87.03
ynao_sd_19941208_0050_li 6 4 2 1 0 117.83 142.65 49.53 68.47 68.3 74.18
ynao_sd_19941209_0050_li 14 13 1 1 0 158.91 249.83 121.92 203.29 36.99 46.54
ynao_sd_19941210_0050_li 16 9 7 3 0 461.13 652.22 145.9 182.04 315.23 470.18
ynao_sd_19941211_0050_li 30 21 9 6 0 840.62 1024.21 229.58 278.19 611.04 746.02
ynao_sd_19941212_0050_li 51 40 11 7 0 1260.23 1367.03 418.75 455.14 841.48 911.89
ynao_sd_19941213_0050_li 48 37 11 5 0 1510.55 1561.59 481.28 500.52 1029.27 1061.07
ynao_sd_19941214_0050_li 51 36 15 4 0 1574.73 1613.39 383.72 393.33 1191.01 1220.06
ynao_sd_19941215_0050_li 37 25 12 6 0 1315.53 1419.95 333.18 362.99 982.35 1056.96
ynao_sd_19941216_0050_li 32 22 10 4 0 1127.06 1350.34 306.88 370.42 820.18 979.92
ynao_sd_19941217_0050_li 34 22 12 3 0 929.89 1598.13 290.28 686.18 639.61 911.95
ynao_sd_19941218_0050_li 23 18 5 3 0 505.67 1004.11 179.06 367.62 326.61 636.49
ynao_sd_19941220_0050_li 6 6 0 0 0 49.86 133.69 49.86 133.69 0 0
ynao_sd_19941222_0050_li 9 9 0 0 0 61.16 62.93 61.16 62.93 0 0
ynao_sd_19941223_0050_li 7 7 0 0 0 41.78 42.27 41.78 42.27 0 0
ynao_sd_19941224_0050_li 17 17 0 0 0 86.76 88.13 86.76 88.13 0 0
ynao_sd_19941225_0050_li 9 9 0 0 0 54.64 60.92 54.64 60.92 0 0
ynao_sd_19941226_0050_li 21 21 0 0 0 133.65 153.15 133.65 153.15 0 0
ynao_sd_19941227_0050_li 17 17 0 0 0 115.23 151.01 115.23 151.01 0 0
ynao_sd_19941228_0050_li 3 3 0 0 0 22.06 48.89 22.06 48.89 0 0
ynao_sd_19941229_0050_li 11 11 0 0 0 86.09 155.48 86.09 155.48 0 0
ynao_sd_19941230_0050_li 3 3 0 0 0 21.51 27.3 21.51 27.3 0 0
ynao_sd_19941231_0050_li 1 1 0 0 0 7.13 8.58 7.13 8.58 0 0
