ynao_sd_19950102_0050_li 0 0 0 0 0 0 0 0 0 0 0
ynao_sd_19950105_0050_li 1 1 0 0 0 5.16 6.62 5.16 6.62 0 0
ynao_sd_19950106_0050_li 2 2 0 0 0 10.57 14.23 10.57 14.23 0 0
ynao_sd_19950107_0050_li 2 2 0 0 0 10.73 12.49 10.73 12.49 0 0
ynao_sd_19950108_0050_li 3 3 0 0 0 19.33 20.28 19.33 20.28 0 0
ynao_sd_19950109_0050_li 0 0 0 0 0 0 0 0 0 0 0
ynao_sd_19950110_0050_li 1 1 0 0 0 9.18 9.33 9.18 9.33 0 0
ynao_sd_19950111_0050_li 1 1 0 0 0 9.94 9.95 9.94 9.95 0 0
ynao_sd_19950112_0050_li 2 2 0 0 0 11.27 11.46 11.27 11.46 0 0
ynao_sd_19950113_0050_li 3 3 0 0 0 20.25 76.04 20.25 76.04 0 0
ynao_sd_19950114_0050_li 7 7 0 0 0 57.74 122.46 57.74 122.46 0 0
ynao_sd_19950115_0050_li 6 2 4 2 0 153.69 234.1 37.81 57.34 115.88 176.76
ynao_sd_19950116_0050_li 9 6 3 1 0 227.76 280.17 51.39 63.65 176.37 216.52
ynao_sd_19950117_0050_li 10 5 5 3 0 404.87 438.45 88.16 95.61 316.71 342.84
ynao_sd_19950118_0050_li 16 8 8 2 0 481.67 687.96 111.69 141.7 369.98 546.26
ynao_sd_19950120_0050_li 24 20 4 2 0 488.1 637.08 197.86 281.2 290.24 355.88
ynao_sd_19950121_0050_li 26 23 3 2 0 462.45 563.29 202.01 251.06 260.44 312.23
ynao_sd_19950122_0050_li 19 16 3 2 0 313.2 398.11 134.76 175.96 178.44 222.15
ynao_sd_19950123_0050_li 25 24 1 1 0 199.31 257.37 173.94 231.07 25.37 26.3
ynao_sd_19950124_0050_li 16 16 0 0 0 139.3 185.21 139.3 185.21 0 0
ynao_sd_19950125_0050_li 6 6 0 0 0 59.61 121.19 59.61 121.19 0 0
ynao_sd_19950126_0050_li 14 14 0 0 0 97.98 105.92 97.98 105.92 0 0
ynao_sd_19950127_0050_li 12 12 0 0 0 76.91 90.72 76.91 90.72 0 0
ynao_sd_19950128_0050_li 4 4 0 0 0 30.2 74.83 30.2 74.83 0 0
ynao_sd_19950129_0050_li 1 1 0 0 0 5.5 14.58 5.5 14.58 0 0
ynao_sd_19950130_0050_li 7 7 0 0 0 80.31 176.01 80.31 176.01 0 0
ynao_sd_19950203_0050_li 19 18 1 1 0 300.22 334.06 144.33 161.44 155.89 172.62
ynao_sd_19950205_0050_li 20 19 1 1 0 284.53 298.64 153.64 166.84 130.89 131.8
ynao_sd_19950206_0050_li 20 19 1 1 0 274.07 287.7 165.41 175.17 108.66 112.53
ynao_sd_19950207_0050_li 19 17 2 2 0 282.56 320.31 161.51 185.26 121.05 135.05
ynao_sd_19950210_0050_li 2 2 0 0 0 11.6 29.9 11.6 29.9 0 0
ynao_sd_19950211_0050_li 2 2 0 0 0 14.4 21.54 14.4 21.54 0 0
ynao_sd_19950212_0050_li 0 0 0 0 0 0 0 0 0 0 0
ynao_sd_19950213_0050_li 1 1 0 0 0 6.04 7.19 6.04 7.19 0 0
ynao_sd_19950214_0050_li 1 1 0 0 0 8.43 45.43 8.43 45.43 0 0
ynao_sd_19950215_0050_li 1 1 0 0 0 36.73 109.77 36.73 109.77 0 0
ynao_sd_19950216_0050_li 5 4 1 1 0 72.0 120.77 32.77 48.56 39.23 72.21
ynao_sd_19950217_0050_li 3 2 1 1 0 86.48 124.15 19.26 29.59 67.22 94.56
ynao_sd_19950218_0050_li 15 13 2 1 0 174.46 223.39 108.47 145.23 65.99 78.16
ynao_sd_19950219_0050_li 22 21 1 1 0 210.5 234.86 155.95 177.18 54.55 57.68
ynao_sd_19950220_0050_li 25 19 6 4 0 543.3 562.69 198.68 207.21 344.62 355.48
ynao_sd_19950221_0050_li 22 15 7 4 0 475.28 480.11 207.17 209.38 268.11 270.73
ynao_sd_19950222_0050_li 27 24 3 3 0 337.2 598.45 267.35 525.52 69.85 72.93
ynao_sd_19950223_0050_li 18 15 3 2 0 217.17 398.64 104.49 136.89 112.68 261.75
ynao_sd_19950224_0050_li 5 3 2 1 0 153.92 267.55 32.88 51.15 121.04 216.4
ynao_sd_19950225_0050_li 4 2 2 1 0 146.44 198.06 35.21 52.68 111.23 145.38
ynao_sd_19950226_0050_li 5 3 2 2 0 120.73 168.63 31.5 65.65 89.23 102.98
ynao_sd_19950227_0050_li 17 12 5 3 0 253.56 384.13 107.85 160.5 145.71 223.63
ynao_sd_19950228_0050_li 32 24 8 6 0 441.99 593.88 212.84 285.57 229.15 308.31
ynao_sd_19950302_0050_li 44 32 12 4 0 1001.52 1063.98 399.58 422.83 601.94 641.15
ynao_sd_19950303_0050_li 45 37 8 3 0 1029.61 1060.92 414.02 432.03 615.59 628.89
ynao_sd_19950305_0050_li 41 32 9 5 0 805.36 925.53 343.62 391.07 461.74 534.46
ynao_sd_19950306_0050_li 24 19 5 3 0 509.12 671.4 184.72 226.5 324.4 444.9
ynao_sd_19950308_0050_li 9 7 2 1 0 198.4 492.36 118.22 320.39 80.18 171.97
ynao_sd_19950309_0050_li 3 2 1 1 0 67.5 222.96 21.74 56.4 45.76 166.56
ynao_sd_19950310_0050_li 3 3 0 0 0 19.03 25.74 19.03 25.74 0 0
ynao_sd_19950311_0050_li 0 0 0 0 0 0 0 0 0 0 0
ynao_sd_19950312_0050_li 1 1 0 0 0 6.24 12.05 6.24 12.05 0 0
ynao_sd_19950313_0050_li 1 1 0 0 0 6.82 9.64 6.82 9.64 0 0
ynao_sd_19950314_0050_li 0 0 0 0 0 0 0 0 0 0 0
ynao_sd_19950315_0050_li 8 6 2 1 0 145.19 425.92 45.32 103.61 99.87 322.31
ynao_sd_19950316_0050_li 8 4 4 2 0 277.13 599.32 47.1 105.71 230.03 493.61
ynao_sd_19950317_0050_li 8 3 5 3 0 265.05 402.17 42.91 65.47 222.14 336.7
ynao_sd_19950319_0050_li 17 13 4 2 0 369.92 399.64 116.7 126.45 253.22 273.19
ynao_sd_19950320_0050_li 22 15 7 2 0 402.12 412.67 160.13 164.28 241.99 248.39
ynao_sd_19950321_0050_li 22 17 5 3 0 322.79 328.64 129.44 131.95 193.35 196.69
ynao_sd_19950322_0050_li 28 25 3 1 0 383.49 405.37 194.2 203.37 189.29 202.0
ynao_sd_19950323_0050_li 27 26 1 1 0 398.74 457.07 227.56 256.08 171.18 200.99
ynao_sd_19950324_0050_li 26 23 3 3 0 370.67 533.64 182.84 277.25 187.83 256.39
ynao_sd_19950326_0050_li 19 13 6 4 0 283.96 526.92 129.54 224.86 154.42 302.06
ynao_sd_19950327_0050_li 14 9 5 3 0 238.48 319.6 79.96 134.72 158.52 184.88
ynao_sd_19950328_0050_li 14 11 3 2 0 304.01 322.78 99.89 107.03 204.12 215.75
ynao_sd_19950329_0050_li 13 7 6 2 0 315.43 319.45 78.98 80.48 236.45 238.97
ynao_sd_19950330_0050_li 15 10 5 2 0 322.31 328.62 99.75 101.42 222.56 227.2
ynao_sd_19950331_0050_li 16 13 3 1 0 307.17 327.67 138.39 145.08 168.78 182.59
ynao_sd_19950401_0050_li 9 6 3 2 0 171.93 207.62 66.32 80.07 105.61 127.55
ynao_sd_19950402_0050_li 7 6 1 1 0 70.95 97.07 43.23 56.18 27.72 40.89
ynao_sd_19950403_0050_li 14 14 0 0 0 102.22 169.45 102.22 169.45 0 0
ynao_sd_19950404_0050_li 6 6 0 0 0 40.34 85.99 40.34 85.99 0 0
ynao_sd_19950405_0050_li 3 3 0 0 0 15.05 48.95 15.05 48.95 0 0
ynao_sd_19950406_0050_li 0 0 0 0 0 0 0 0 0 0 0
ynao_sd_19950407_0050_li 1 1 0 0 0 6.68 6.92 6.68 6.92 0 0
ynao_sd_19950408_0050_li 1 1 0 0 0 4.41 18.84 4.41 18.84 0 0
ynao_sd_19950409_0050_li 0 0 0 0 0 0 0 0 0 0 0
ynao_sd_19950410_0050_li 0 0 0 0 0 0 0 0 0 0 0
ynao_sd_19950411_0050_li 4 4 0 0 0 39.92 159.09 39.92 159.09 0 0
ynao_sd_19950412_0050_li 14 13 1 1 0 195.95 364.0 111.74 220.92 84.21 143.08
ynao_sd_19950414_0050_li 29 24 5 3 0 486.37 560.75 200.55 236.22 285.82 324.53
ynao_sd_19950415_0050_li 43 37 6 3 0 585.64 611.23 235.59 249.75 350.05 361.48
ynao_sd_19950416_0050_li 27 23 4 4 0 554.86 556.71 214.22 215.05 340.64 341.66
ynao_sd_19950417_0050_li 48 41 7 3 0 626.6 636.76 272.44 275.96 354.16 360.8
ynao_sd_19950418_0050_li 30 26 4 3 0 365.83 397.0 185.36 200.42 180.47 196.58
ynao_sd_19950419_0050_li 30 27 3 3 0 271.29 330.43 179.95 219.02 91.34 111.41
ynao_sd_19950420_0050_li 17 16 1 1 0 192.03 299.38 120.09 181.02 71.94 118.36
ynao_sd_19950421_0050_li 10 9 1 1 0 184.36 400.38 53.1 93.46 131.26 306.92
ynao_sd_19950422_0050_li 10 9 1 1 0 112.83 337.54 52.54 107.36 60.29 230.18
ynao_sd_19950423_0050_li 0 0 0 0 0 0 0 0 0 0 0
ynao_sd_19950424_0050_li 1 1 0 0 0 5.77 9.73 5.77 9.73 0 0
ynao_sd_19950425_0050_li 1 1 0 0 0 6.21 6.28 6.21 6.28 0 0
ynao_sd_19950426_0050_li 0 0 0 0 0 0 0 0 0 0 0
ynao_sd_19950427_0050_li 2 2 0 0 0 12.3 13.13 12.3 13.13 0 0
ynao_sd_19950428_0050_li 1 1 0 0 0 6.3 7.85 6.3 7.85 0 0
ynao_sd_19950429_0050_li 0 0 0 0 0 0 0 0 0 0 0
ynao_sd_19950430_0050_li 0 0 0 0 0 0 0 0 0 0 0
ynao_sd_19950501_0050_li 0 0 0 0 0 0 0 0 0 0 0
ynao_sd_19950502_0050_li 0 0 0 0 0 0 0 0 0 0 0
ynao_sd_19950503_0050_li 0 0 0 0 0 0 0 0 0 0 0
ynao_sd_19950504_0050_li 0 0 0 0 0 0 0 0 0 0 0
ynao_sd_19950505_0050_li 0 0 0 0 0 0 0 0 0 0 0
ynao_sd_19950506_0050_li 0 0 0 0 0 0 0 0 0 0 0
ynao_sd_19950507_0050_li 1 0 1 1 0 82.9 311.53 10.71 40.24 72.19 271.29
ynao_sd_19950508_0050_li 2 0 2 1 0 168.64 367.44 22.28 48.51 146.36 318.93
ynao_sd_19950511_0050_li 6 2 4 2 0 164.4 177.15 39.59 42.67 124.81 134.48
ynao_sd_19950512_0050_li 11 10 1 2 0 178.78 182.96 122.98 126.17 55.8 56.79
ynao_sd_19950513_0050_li 13 12 1 1 0 114.73 114.81 72.62 72.69 42.11 42.12
ynao_sd_19950519_0050_li 25 18 7 3 0 800.04 983.39 214.08 261.23 585.96 722.16
ynao_sd_19950520_0050_li 14 11 3 2 0 533.67 823.2 140.07 209.49 393.6 613.71
ynao_sd_19950521_0050_li 8 5 3 2 0 388.18 773.42 104.78 199.33 283.4 574.09
ynao_sd_19950522_0050_li 3 2 1 1 0 109.28 387.15 25.2 78.3 84.08 308.85
ynao_sd_19950523_0050_li 0 0 0 0 0 0 0 0 0 0 0
ynao_sd_19950524_0050_li 0 0 0 0 0 0 0 0 0 0 0
ynao_sd_19950525_0050_li 1 1 0 0 0 5.34 6.8 5.34 6.8 0 0
ynao_sd_19950526_0050_li 2 2 0 0 0 19.37 22.94 19.37 22.94 0 0
ynao_sd_19950527_0050_li 3 3 0 0 0 18.7 19.84 18.7 19.84 0 0
ynao_sd_19950528_0050_li 1 1 0 0 0 5.49 6.37 5.49 6.37 0 0
ynao_sd_19950529_0050_li 0 0 0 0 0 0 0 0 0 0 0
ynao_sd_19950530_0050_li 0 0 0 0 0 0 0 0 0 0 0
ynao_sd_19950531_0050_li 0 0 0 0 0 0 0 0 0 0 0
ynao_sd_19950601_0050_li 0 0 0 0 0 0 0 0 0 0 0
ynao_sd_19950602_0050_li 1 1 0 0 0 8.18 31.26 8.18 31.26 0 0
ynao_sd_19950603_0050_li 3 3 0 0 0 19.12 26.56 19.12 26.56 0 0
ynao_sd_19950604_0050_li 1 1 0 0 0 8.65 13.28 8.65 13.28 0 0
ynao_sd_19950605_0050_li 8 8 0 0 0 54.51 62.7 54.51 62.7 0 0
ynao_sd_19950608_0050_li 1 0 1 1 0 89.81 272.02 16.48 49.72 73.33 222.3
ynao_sd_19950609_0050_li 0 0 0 0 0 0 0 0 0 0 0
ynao_sd_19950610_0050_li 0 0 0 0 0 0 0 0 0 0 0
ynao_sd_19950613_0050_li 0 0 0 0 0 0 0 0 0 0 0
ynao_sd_19950614_0050_li 1 1 0 0 0 9.02 9.37 9.02 9.37 0 0
ynao_sd_19950615_0050_li 0 0 0 0 0 0 0 0 0 0 0
ynao_sd_19950616_0050_li 0 0 0 0 0 0 0 0 0 0 0
ynao_sd_19950617_0050_li 0 0 0 0 0 0 0 0 0 0 0
ynao_sd_19950618_0050_li 0 0 0 0 0 0 0 0 0 0 0
ynao_sd_19950619_0050_li 0 0 0 0 0 0 0 0 0 0 0
ynao_sd_19950620_0050_li 0 0 0 0 0 0 0 0 0 0 0
ynao_sd_19950621_0050_li 0 0 0 0 0 0 0 0 0 0 0
ynao_sd_19950622_0050_li 0 0 0 0 0 0 0 0 0 0 0
ynao_sd_19950623_0050_li 0 0 0 0 0 0 0 0 0 0 0
ynao_sd_19950624_0050_li 0 0 0 0 0 0 0 0 0 0 0
ynao_sd_19950625_0050_li 0 0 0 0 0 0 0 0 0 0 0
ynao_sd_19950627_0050_li 0 0 0 0 0 0 0 0 0 0 0
ynao_sd_19950628_0050_li 0 0 0 0 0 0 0 0 0 0 0
ynao_sd_19950629_0050_li 0 0 0 0 0 0 0 0 0 0 0
ynao_sd_19950630_0050_li 0 0 0 0 0 0 0 0 0 0 0
ynao_sd_19950701_0050_li 0 0 0 0 0 0 0 0 0 0 0
ynao_sd_19950703_0050_li 1 1 0 0 0 6.35 6.65 6.35 6.65 0 0
ynao_sd_19950704_0050_li 0 0 0 0 0 0 0 0 0 0 0
ynao_sd_19950705_0050_li 2 2 0 0 0 21.24 122.47 21.24 122.47 0 0
ynao_sd_19950706_0050_li 3 1 2 1 0 57.99 182.98 17.8 66.5 40.19 116.48
ynao_sd_19950707_0050_li 5 5 0 1 0 84.89 172.19 41.86 93.34 43.03 78.85
ynao_sd_19950709_0050_li 14 14 0 1 0 120.21 144.43 78.85 96.32 41.36 48.11
ynao_sd_19950710_0050_li 11 11 0 0 0 76.18 81.97 76.18 81.97 0 0
ynao_sd_19950711_0050_li 12 12 0 0 0 66.7 69.76 66.7 69.76 0 0
ynao_sd_19950712_0050_li 10 10 0 0 0 58.26 60.63 58.26 60.63 0 0
ynao_sd_19950713_0050_li 1 1 0 0 0 9.27 10.25 9.27 10.25 0 0
ynao_sd_19950714_0050_li 0 0 0 0 0 0 0 0 0 0 0
ynao_sd_19950715_0050_li 0 0 0 0 0 0 0 0 0 0 0
ynao_sd_19950716_0050_li 0 0 0 0 0 0 0 0 0 0 0
ynao_sd_19950717_0050_li 0 0 0 0 0 0 0 0 0 0 0
ynao_sd_19950718_0050_li 0 0 0 0 0 0 0 0 0 0 0
ynao_sd_19950719_0050_li 0 0 0 0 0 0 0 0 0 0 0
ynao_sd_19950720_0050_li 2 2 0 0 0 17.48 19.15 17.48 19.15 0 0
ynao_sd_19950721_0050_li 2 2 0 0 0 11.94 13.12 11.94 13.12 0 0
ynao_sd_19950722_0050_li 0 0 0 0 0 0 0 0 0 0 0
ynao_sd_19950723_0050_li 0 0 0 0 0 0 0 0 0 0 0
ynao_sd_19950724_0050_li 0 0 0 0 0 0 0 0 0 0 0
ynao_sd_19950725_0050_li 0 0 0 0 0 0 0 0 0 0 0
ynao_sd_19950726_0050_li 0 0 0 0 0 0 0 0 0 0 0
ynao_sd_19950727_0050_li 3 3 0 0 0 63.25 72.81 63.25 72.81 0 0
ynao_sd_19950728_0050_li 1 1 0 0 0 5.05 5.42 5.05 5.42 0 0
ynao_sd_19950729_0050_li 0 0 0 0 0 0 0 0 0 0 0
ynao_sd_19950730_0050_li 0 0 0 0 0 0 0 0 0 0 0
ynao_sd_19950731_0050_li 1 1 0 0 0 5.87 8.82 5.87 8.82 0 0
ynao_sd_19950801_0050_li 0 0 0 0 0 0 0 0 0 0 0
ynao_sd_19950802_0050_li 0 0 0 0 0 0 0 0 0 0 0
ynao_sd_19950803_0050_li 1 1 0 0 0 4.7 5.23 4.7 5.23 0 0
ynao_sd_19950804_0050_li 0 0 0 0 0 0 0 0 0 0 0
ynao_sd_19950805_0050_li 0 0 0 0 0 0 0 0 0 0 0
ynao_sd_19950806_0050_li 0 0 0 0 0 0 0 0 0 0 0
ynao_sd_19950807_0050_li 1 1 0 0 0 7.13 7.81 7.13 7.81 0 0
ynao_sd_19950808_0050_li 0 0 0 0 0 0 0 0 0 0 0
ynao_sd_19950809_0050_li 1 1 0 0 0 33.77 60.01 33.77 60.01 0 0
ynao_sd_19950810_0050_li 0 0 0 0 0 0 0 0 0 0 0
ynao_sd_19950814_0050_li 0 0 0 0 0 0 0 0 0 0 0
ynao_sd_19950816_0050_li 7 7 0 0 0 35.09 40.2 35.09 40.2 0 0
ynao_sd_19950817_0050_li 2 2 0 0 0 12.07 13.18 12.07 13.18 0 0
ynao_sd_19950818_0050_li 1 1 0 0 0 6.37 6.58 6.37 6.58 0 0
ynao_sd_19950819_0050_li 0 0 0 0 0 0 0 0 0 0 0
ynao_sd_19950821_0050_li 0 0 0 0 0 0 0 0 0 0 0
ynao_sd_19950822_0050_li 0 0 0 0 0 0 0 0 0 0 0
ynao_sd_19950823_0050_li 3 3 0 0 0 19.25 20.07 19.25 20.07 0 0
ynao_sd_19950824_0050_li 7 7 0 0 0 67.95 72.96 67.95 72.96 0 0
ynao_sd_19950825_0050_li 17 16 1 1 0 157.74 177.92 108.36 121.51 49.38 56.41
ynao_sd_19950826_0050_li 8 7 1 1 0 87.43 111.8 49.94 62.69 37.49 49.11
ynao_sd_19950828_0050_li 0 0 0 0 0 0 0 0 0 0 0
ynao_sd_19950829_0050_li 0 0 0 0 0 0 0 0 0 0 0
ynao_sd_19950830_0050_li 0 0 0 0 0 0 0 0 0 0 0
ynao_sd_19950831_0050_li 0 0 0 0 0 0 0 0 0 0 0
ynao_sd_19950901_0050_li 0 0 0 0 0 0 0 0 0 0 0
ynao_sd_19950903_0050_li 0 0 0 0 0 0 0 0 0 0 0
ynao_sd_19950904_0050_li 0 0 0 0 0 0 0 0 0 0 0
ynao_sd_19950905_0050_li 0 0 0 0 0 0 0 0 0 0 0
ynao_sd_19950906_0050_li 0 0 0 0 0 0 0 0 0 0 0
ynao_sd_19950907_0050_li 0 0 0 0 0 0 0 0 0 0 0
ynao_sd_19950909_0050_li 0 0 0 0 0 0 0 0 0 0 0
ynao_sd_19950910_0050_li 0 0 0 0 0 0 0 0 0 0 0
ynao_sd_19950911_0050_li 0 0 0 0 0 0 0 0 0 0 0
ynao_sd_19950912_0050_li 0 0 0 0 0 0 0 0 0 0 0
ynao_sd_19950913_0050_li 0 0 0 0 0 0 0 0 0 0 0
ynao_sd_19950914_0050_li 0 0 0 0 0 0 0 0 0 0 0
ynao_sd_19950915_0050_li 1 1 0 0 0 7.77 16.99 7.77 16.99 0 0
ynao_sd_19950916_0050_li 4 4 0 0 0 20.06 48.44 20.06 48.44 0 0
ynao_sd_19950917_0050_li 0 0 0 0 0 0 0 0 0 0 0
ynao_sd_19950918_0050_li 0 0 0 0 0 0 0 0 0 0 0
ynao_sd_19950920_0050_li 0 0 0 0 0 0 0 0 0 0 0
ynao_sd_19950921_0050_li 0 0 0 0 0 0 0 0 0 0 0
ynao_sd_19950926_0050_li 3 3 0 0 0 16.28 17.33 16.28 17.33 0 0
ynao_sd_19950927_0050_li 4 4 0 0 0 25.01 25.55 25.01 25.55 0 0
ynao_sd_19950928_0050_li 0 0 0 0 0 0 0 0 0 0 0
ynao_sd_19950929_0050_li 1 1 0 0 0 3.96 4.26 3.96 4.26 0 0
ynao_sd_19950930_0050_li 0 0 0 0 0 0 0 0 0 0 0
ynao_sd_19951001_0050_li 0 0 0 0 0 0 0 0 0 0 0
ynao_sd_19951002_0050_li 0 0 0 0 0 0 0 0 0 0 0
ynao_sd_19951003_0050_li 0 0 0 0 0 0 0 0 0 0 0
ynao_sd_19951004_0050_li 0 0 0 0 0 0 0 0 0 0 0
ynao_sd_19951005_0050_li 0 0 0 0 0 0 0 0 0 0 0
ynao_sd_19951006_0050_li 0 0 0 0 0 0 0 0 0 0 0
ynao_sd_19951007_0050_li 2 1 1 1 0 72.05 366.1 14.49 44.6 57.56 321.5
ynao_sd_19951008_0050_li 3 2 1 1 0 206.94 657.18 37.82 121.77 169.12 535.41
ynao_sd_19951010_0050_li 2 0 2 1 0 190.56 274.47 23.23 33.26 167.33 241.21
ynao_sd_19951011_0050_li 14 8 6 4 0 468.25 809.3 128.65 226.78 339.6 582.52
ynao_sd_19951012_0050_li 32 20 12 4 0 822.99 1252.51 233.31 359.83 589.68 892.68
ynao_sd_19951013_0050_li 41 35 6 4 0 858.21 1068.64 295.31 377.07 562.9 691.57
ynao_sd_19951014_0050_li 35 32 3 3 0 1057.19 1183.61 362.75 413.4 694.44 770.21
ynao_sd_19951015_0050_li 23 21 2 2 0 858.83 924.74 236.6 255.26 622.23 669.48
ynao_sd_19951016_0050_li 12 10 2 2 0 787.86 887.22 148.51 177.68 639.35 709.54
ynao_sd_19951017_0050_li 16 11 5 3 0 853.65 995.54 163.94 187.33 689.71 808.21
ynao_sd_19951018_0050_li 10 8 2 2 0 688.9 913.49 167.4 211.83 521.5 701.66
ynao_sd_19951019_0050_li 14 12 2 2 0 506.1 818.14 125.28 201.08 380.82 617.06
ynao_sd_19951020_0050_li 4 3 1 1 0 299.34 520.18 71.62 123.3 227.72 396.88
ynao_sd_19951021_0050_li 4 3 1 1 0 170.9 413.31 45.09 107.76 125.81 305.55
ynao_sd_19951022_0050_li 14 14 0 0 0 151.33 428.6 151.33 428.6 0 0
ynao_sd_19951023_0050_li 17 17 0 0 0 102.66 135.07 102.66 135.07 0 0
ynao_sd_19951026_0050_li 8 8 0 0 0 58.61 61.01 58.61 61.01 0 0
ynao_sd_19951027_0050_li 2 2 0 0 0 10.7 11.6 10.7 11.6 0 0
ynao_sd_19951028_0050_li 0 0 0 0 0 0 0 0 0 0 0
ynao_sd_19951029_0050_li 0 0 0 0 0 0 0 0 0 0 0
ynao_sd_19951030_0050_li 0 0 0 0 0 0 0 0 0 0 0
ynao_sd_19951101_0050_li 0 0 0 0 0 0 0 0 0 0 0
ynao_sd_19951105_0050_li 1 1 0 0 0 5.86 12.44 5.86 12.44 0 0
ynao_sd_19951106_0050_li 1 0 1 1 0 58.96 249.93 7.59 31.88 51.37 218.05
ynao_sd_19951108_0050_li 1 0 1 1 0 183.73 310.38 24.03 40.47 159.7 269.91
ynao_sd_19951109_0050_li 2 1 1 1 0 228.45 302.14 38.41 50.6 190.04 251.54
ynao_sd_19951110_0050_li 9 8 1 1 0 297.87 339.32 76.77 86.75 221.1 252.57
ynao_sd_19951111_0050_li 4 3 1 1 0 284.31 312.94 52.79 67.51 231.52 245.43
ynao_sd_19951114_0050_li 2 1 1 1 0 330.67 377.73 72.71 82.89 257.96 294.84
ynao_sd_19951115_0050_li 13 12 1 1 0 373.49 472.22 135.57 159.96 237.92 312.26
ynao_sd_19951116_0050_li 9 8 1 1 0 283.08 417.87 99.95 121.6 183.13 296.27
ynao_sd_19951117_0050_li 8 7 1 1 0 200.65 373.8 92.76 133.84 107.89 239.96
ynao_sd_19951118_0050_li 2 1 1 1 0 104.02 357.19 22.92 56.08 81.1 301.11
ynao_sd_19951121_0050_li 0 0 0 0 0 0 0 0 0 0 0
ynao_sd_19951122_0050_li 0 0 0 0 0 0 0 0 0 0 0
ynao_sd_19951125_0050_li 0 0 0 0 0 0 0 0 0 0 0
ynao_sd_19951126_0050_li 0 0 0 0 0 0 0 0 0 0 0
ynao_sd_19951127_0050_li 1 1 0 0 0 5.2 5.75 5.2 5.75 0 0
ynao_sd_19951128_0050_li 1 1 0 0 0 6.16 7.34 6.16 7.34 0 0
ynao_sd_19951129_0050_li 5 5 0 0 0 32.48 42.93 32.48 42.93 0 0
ynao_sd_19951130_0050_li 0 0 0 0 0 0 0 0 0 0 0
ynao_sd_19951201_0050_wang 2 2 0 0 0 11.5 13.05 11.5 13.05 0 0
ynao_sd_19951202_0050_wang 0 0 0 0 0 0 0 0 0 0 0
ynao_sd_19951203_0050_wang 1 1 0 0 0 23.77 162.97 23.77 162.97 0 0
ynao_sd_19951204_0050_wang 1 0 1 1 0 68.99 200.3 11.4 33.3 57.59 167.0
ynao_sd_19951205_0050_wang 1 0 1 1 0 109.91 203.02 19.99 36.93 89.92 166.09
ynao_sd_19951208_0050_wang 1 0 1 1 0 201.85 214.72 53.56 56.96 148.29 157.76
ynao_sd_19951209_0050_wang 6 5 1 1 0 251.48 257.09 88.12 90.53 163.36 166.56
ynao_sd_19951210_0050_wang 6 5 1 1 0 234.99 243.43 80.78 84.77 154.21 158.66
ynao_sd_19951211_0050_wang 4 3 1 1 0 217.58 237.68 41.27 45.92 176.31 191.76
ynao_sd_19951213_0055_wang 7 6 1 1 0 187.46 277.29 65.27 97.79 122.19 179.5
ynao_sd_19951214_0100_wang 4 3 1 1 0 123.29 234.24 36.6 67.31 86.69 166.93
ynao_sd_19951215_0110_wang 1 0 1 1 0 60.79 185.74 5.87 17.85 54.92 167.89
ynao_sd_19951216_0150_wang 0 0 0 0 0 0 0 0 0 0 0
ynao_sd_19951217_0120_wang 0 0 0 0 0 0 0 0 0 0 0
ynao_sd_19951218_0100_li 1 1 0 0 0 11.48 13.52 11.48 13.52 0 0
ynao_sd_19951219_0150_li 0 0 0 0 0 0 0 0 0 0 0
ynao_sd_19951220_0230_li 0 0 0 0 0 0 0 0 0 0 0
ynao_sd_19951221_0105_li 0 0 0 0 0 0 0 0 0 0 0
ynao_sd_19951222_0055_li 5 5 0 0 0 40.96 54.51 40.96 54.51 0 0
ynao_sd_19951223_0205_li 1 1 0 0 0 6.54 6.97 6.54 6.97 0 0
ynao_sd_19951224_0550_wang 0 0 0 0 0 0 0 0 0 0 0
ynao_sd_19951225_0130_hong 0 0 0 0 0 0 0 0 0 0 0
ynao_sd_19951226_0540_hong 5 5 0 0 0 40.33 43.44 40.33 43.44 0 0
ynao_sd_19951227_0200_hong 7 7 0 0 0 53.78 54.27 53.78 54.27 0 0
ynao_sd_19951228_0420_hong 3 3 0 0 0 47.71 98.03 47.71 98.03 0 0
ynao_sd_19951229_0150_hong 1 1 0 0 0 9.73 10.98 9.73 10.98 0 0
ynao_sd_19951230_0145_hong 0 0 0 0 0 0 0 0 0 0 0
ynao_sd_19951231_0230_hong 0 0 0 0 0 0 0 0 0 0 0
