ynao_sd_19960101_0130_wang 0 0 0 0 0 0 0 0 0 0 0
ynao_sd_19960102_0140_wang 1 1 0 0 0 6.32 9.3 6.32 9.3 0 0
ynao_sd_19960103_0120_wang 0 0 0 0 0 0 0 0 0 0 0
ynao_sd_19960104_0110_wang 0 0 0 0 0 0 0 0 0 0 0
ynao_sd_19960105_0120_wang 1 1 0 0 0 7.77 8.33 7.77 8.33 0 0
ynao_sd_19960106_0130_wang 0 0 0 0 0 0 0 0 0 0 0
ynao_sd_19960107_0250_wang 0 0 0 0 0 0 0 0 0 0 0
ynao_sd_19960108_0300_wang 0 0 0 0 0 0 0 0 0 0 0
ynao_sd_19960109_0130_li 1 1 0 0 0 5.08 5.34 5.08 5.34 0 0
ynao_sd_19960110_0135_li 0 0 0 0 0 0 0 0 0 0 0
ynao_sd_19960122_0130_hong 0 0 0 0 0 0 0 0 0 0 0
ynao_sd_19960123_0120_hong 0 0 0 0 0 0 0 0 0 0 0
ynao_sd_19960124_0110_hong 0 0 0 0 0 0 0 0 0 0 0
ynao_sd_19960125_0140_hong 0 0 0 0 0 0 0 0 0 0 0
ynao_sd_19960126_0110_hong 0 0 0 0 0 0 0 0 0 0 0
ynao_sd_19960127_0310_hong 1 1 0 0 0 25.69 39.17 25.69 39.17 0 0
ynao_sd_19960128_0410_hong 0 0 0 0 0 0 0 0 0 0 0
ynao_sd_19960130_0140_wang 1 1 0 0 0 19.01 22.09 19.01 22.09 0 0
ynao_sd_19960131_0420_li 0 0 0 0 0 0 0 0 0 0 0
ynao_sd_19960201_0510_wang 0 0 0 0 0 0 0 0 0 0 0
ynao_sd_19960202_0210_wang 0 0 0 0 0 0 0 0 0 0 0
ynao_sd_19960203_0320_wang 0 0 0 0 0 0 0 0 0 0 0
ynao_sd_19960213_0055_li 0 0 0 0 0 0 0 0 0 0 0
ynao_sd_19960214_0050_li 0 0 0 0 0 0 0 0 0 0 0
ynao_sd_19960215_0045_li 1 1 0 0 0 4.98 16.97 4.98 16.97 0 0
ynao_sd_19960216_0050_li 1 1 0 0 0 8.89 11.27 8.89 11.27 0 0
ynao_sd_19960217_0100_li 0 0 0 0 0 0 0 0 0 0 0
ynao_sd_19960224_0140_wang 0 0 0 0 0 0 0 0 0 0 0
ynao_sd_19960225_0120_wang 0 0 0 0 0 0 0 0 0 0 0
ynao_sd_19960226_0130_hong 1 1 0 0 0 11.06 12.26 11.06 12.26 0 0
ynao_sd_19960227_0120_hong 0 0 0 0 0 0 0 0 0 0 0
ynao_sd_19960228_0120_hong 0 0 0 0 0 0 0 0 0 0 0
ynao_sd_19960229_0130_hong 7 7 0 0 0 53.68 54.03 53.68 54.03 0 0
ynao_sd_19960301_0540_hong 2 2 0 0 0 12.98 13.2 12.98 13.2 0 0
ynao_sd_19960304_0055_li 0 0 0 0 0 0 0 0 0 0 0
ynao_sd_19960305_0050_li 0 0 0 0 0 0 0 0 0 0 0
ynao_sd_19960306_0115_li 0 0 0 0 0 0 0 0 0 0 0
ynao_sd_19960307_0120_li 1 1 0 0 0 6.16 6.18 6.16 6.18 0 0
ynao_sd_19960308_0100_li 0 0 0 0 0 0 0 0 0 0 0
ynao_sd_19960309_0050_li 0 0 0 0 0 0 0 0 0 0 0
ynao_sd_19960310_0030_wang 2 2 0 0 0 12.88 14.81 12.88 14.81 0 0
ynao_sd_19960311_0050_wang 4 4 0 0 0 30.63 44.97 30.63 44.97 0 0
ynao_sd_19960312_0100_wang 5 5 0 0 0 48.05 59.33 48.05 59.33 0 0
ynao_sd_19960313_0110_wang 9 6 3 2 0 201.03 213.92 75.41 80.45 125.62 133.47
ynao_sd_19960314_0320_wang 7 5 2 1 0 207.4 211.0 77.96 81.15 129.44 129.85
ynao_sd_19960315_0130_wang 6 4 2 1 0 148.77 150.62 44.57 44.89 104.2 105.73
ynao_sd_19960316_0120_wang 5 4 1 1 0 122.82 131.1 44.07 46.38 78.75 84.72
ynao_sd_19960317_0100_wang 1 0 1 1 0 48.15 58.31 7.41 8.97 40.74 49.34
ynao_sd_19960318_0120_hong 4 4 0 0 0 40.24 60.73 40.24 60.73 0 0
ynao_sd_19960319_0100_hong 1 1 0 0 0 17.14 34.25 17.14 34.25 0 0
ynao_sd_19960320_0105_hong 1 1 0 0 0 19.72 29.67 19.72 29.67 0 0
ynao_sd_19960322_0100_wang 0 0 0 0 0 0 0 0 0 0 0
ynao_sd_19960323_0120_wang 0 0 0 0 0 0 0 0 0 0 0
ynao_sd_19960324_0300_hong 1 1 0 0 0 9.34 14.98 9.34 14.98 0 0
ynao_sd_19960325_0200_li 2 2 0 0 0 16.34 21.66 16.34 21.66 0 0
ynao_sd_19960326_0350_li 2 2 0 0 0 14.18 22.27 14.18 22.27 0 0
ynao_sd_19960328_0640_li 5 5 0 0 0 44.39 73.02 44.39 73.02 0 0
ynao_sd_19960329_0500_li 0 0 0 0 0 0 0 0 0 0 0
ynao_sd_19960330_0100_li 0 0 0 0 0 0 0 0 0 0 0
ynao_sd_19960402_0110_wang 3 3 0 0 0 14.38 19.92 14.38 19.92 0 0
ynao_sd_19960403_0030_wang 2 2 0 0 0 14.08 25.6 14.08 25.6 0 0
ynao_sd_19960404_0040_wang 2 2 0 0 0 12.19 27.55 12.19 27.55 0 0
ynao_sd_19960407_0100_hong 0 0 0 0 0 0 0 0 0 0 0
ynao_sd_19960408_0100_hong 0 0 0 0 0 0 0 0 0 0 0
ynao_sd_19960409_0120_hong 1 1 0 0 0 4.49 6.17 4.49 6.17 0 0
ynao_sd_19960410_0100_hong 0 0 0 0 0 0 0 0 0 0 0
ynao_sd_19960411_0055_hong 1 1 0 0 0 17.28 25.31 17.28 25.31 0 0
ynao_sd_19960412_0100_hong 1 1 0 0 0 5.87 10.1 5.87 10.1 0 0
ynao_sd_19960413_0105_hong 0 0 0 0 0 0 0 0 0 0 0
ynao_sd_19960414_0200_hong 0 0 0 0 0 0 0 0 0 0 0
ynao_sd_19960415_0130_li 1 1 0 0 0 6.74 13.39 6.74 13.39 0 0
ynao_sd_19960416_0120_li 0 0 0 0 0 0 0 0 0 0 0
ynao_sd_19960417_0055_li 0 0 0 0 0 0 0 0 0 0 0
ynao_sd_19960418_0045_li 4 4 0 0 0 23.42 28.67 23.42 28.67 0 0
ynao_sd_19960419_0605_li 3 3 0 0 0 25.38 41.03 25.38 41.03 0 0
ynao_sd_19960422_0150_li 5 3 2 2 0 140.0 364.76 26.16 65.65 113.84 299.11
ynao_sd_19960423_0110_wang 1 0 1 1 0 50.11 191.3 9.04 34.48 41.07 156.82
ynao_sd_19960426_0030_wang 0 0 0 0 0 0 0 0 0 0 0
ynao_sd_19960428_0200_wang 0 0 0 0 0 0 0 0 0 0 0
ynao_sd_19960429_0100_hong 0 0 0 0 0 0 0 0 0 0 0
ynao_sd_19960430_0050_hong 0 0 0 0 0 0 0 0 0 0 0
ynao_sd_19960501_0210_hong 0 0 0 0 0 0 0 0 0 0 0
ynao_sd_19960502_0150_hong 1 1 0 0 0 7.13 9.59 7.13 9.59 0 0
ynao_sd_19960503_0130_hong 1 1 0 0 0 15.08 60.16 15.08 60.16 0 0
ynao_sd_19960504_0110_hong 0 0 0 0 0 0 0 0 0 0 0
ynao_sd_19960505_0200_hong 3 3 0 0 0 22.97 109.78 22.97 109.78 0 0
ynao_sd_19960506_0050_li 1 1 0 0 0 5.86 6.51 5.86 6.51 0 0
ynao_sd_19960507_0030_li 1 1 0 0 0 31.32 125.62 31.32 125.62 0 0
ynao_sd_19960510_0040_li 12 8 4 2 0 241.66 310.33 75.79 101.13 165.87 209.2
ynao_sd_19960511_0650_li 23 21 2 2 0 313.72 342.29 151.45 168.19 162.27 174.1
ynao_sd_19960512_0130_wang 14 11 3 2 0 279.17 284.81 92.4 94.33 186.77 190.48
ynao_sd_19960513_0040_wang 13 9 4 2 0 243.19 243.9 86.85 87.15 156.34 156.75
ynao_sd_19960514_0020_wang 15 12 3 2 0 204.32 226.15 92.1 109.42 112.22 116.73
ynao_sd_19960515_0020_wang 8 6 2 1 0 104.76 120.11 57.15 64.52 47.61 55.59
ynao_sd_19960516_0120_wang 4 4 0 0 0 32.8 44.98 32.8 44.98 0 0
ynao_sd_19960517_0050_wang 4 4 0 0 0 38.31 64.86 38.31 64.86 0 0
ynao_sd_19960518_0110_wang 3 3 0 0 0 21.81 47.52 21.81 47.52 0 0
ynao_sd_19960519_0910_wang 1 1 0 0 0 12.18 18.03 12.18 18.03 0 0
ynao_sd_19960520_0730_hong 1 1 0 0 0 7.49 14.53 7.49 14.53 0 0
ynao_sd_19960521_0415_hong 1 1 0 0 0 8.73 40.47 8.73 40.47 0 0
ynao_sd_19960522_0140_hong 0 0 0 0 0 0 0 0 0 0 0
ynao_sd_19960523_0200_hong 0 0 0 0 0 0 0 0 0 0 0
ynao_sd_19960524_0040_hong 0 0 0 0 0 0 0 0 0 0 0
ynao_sd_19960525_0130_hong 0 0 0 0 0 0 0 0 0 0 0
ynao_sd_19960526_0300_hong 0 0 0 0 0 0 0 0 0 0 0
ynao_sd_19960527_0120_li 0 0 0 0 0 0 0 0 0 0 0
ynao_sd_19960529_0550_li 0 0 0 0 0 0 0 0 0 0 0
ynao_sd_19960530_0050_li 0 0 0 0 0 0 0 0 0 0 0
ynao_sd_19960531_0040_li 0 0 0 0 0 0 0 0 0 0 0
ynao_sd_19960601_0050_li 0 0 0 0 0 0 0 0 0 0 0
ynao_sd_19960602_0300_wang 0 0 0 0 0 0 0 0 0 0 0
ynao_sd_19960603_0040_wang 0 0 0 0 0 0 0 0 0 0 0
ynao_sd_19960604_0050_wang 0 0 0 0 0 0 0 0 0 0 0
ynao_sd_19960605_0820_wang 0 0 0 0 0 0 0 0 0 0 0
ynao_sd_19960606_0300_wang 1 1 0 0 0 7.98 18.07 7.98 18.07 0 0
ynao_sd_19960607_0230_wang 1 1 0 0 0 8.51 35.43 8.51 35.43 0 0
ynao_sd_19960608_0800_wang 0 0 0 0 0 0 0 0 0 0 0
ynao_sd_19960609_0550_wang 2 2 0 0 0 18.69 18.84 18.69 18.84 0 0
ynao_sd_19960610_0800_hong 1 1 0 0 0 25.25 39.39 25.25 39.39 0 0
ynao_sd_19960611_0530_hong 0 0 0 0 0 0 0 0 0 0 0
ynao_sd_19960612_0320_hong 0 0 0 0 0 0 0 0 0 0 0
ynao_sd_19960614_0800_hong 0 0 0 0 0 0 0 0 0 0 0
ynao_sd_19960615_0220_hong 0 0 0 0 0 0 0 0 0 0 0
ynao_sd_19960616_0405_wang 0 0 0 0 0 0 0 0 0 0 0
ynao_sd_19960617_0850_li 0 0 0 0 0 0 0 0 0 0 0
ynao_sd_19960618_0100_li 0 0 0 0 0 0 0 0 0 0 0
ynao_sd_19960619_0140_li 0 0 0 0 0 0 0 0 0 0 0
ynao_sd_19960620_0240_li 0 0 0 0 0 0 0 0 0 0 0
ynao_sd_19960621_0650_li 0 0 0 0 0 0 0 0 0 0 0
ynao_sd_19960622_0500_li 0 0 0 0 0 0 0 0 0 0 0
ynao_sd_19960623_0200_wang 0 0 0 0 0 0 0 0 0 0 0
ynao_sd_19960624_0905_wang 1 1 0 0 0 5.65 12.74 5.65 12.74 0 0
ynao_sd_19960625_0820_wang 0 0 0 0 0 0 0 0 0 0 0
ynao_sd_19960626_0620_wang 0 0 0 0 0 0 0 0 0 0 0
ynao_sd_19960627_0720_wang 0 0 0 0 0 0 0 0 0 0 0
ynao_sd_19960628_0130_wang 0 0 0 0 0 0 0 0 0 0 0
ynao_sd_19960630_0410_wang 0 0 0 0 0 0 0 0 0 0 0
ynao_sd_19960701_0415_hong 1 1 0 0 0 5.59 7.1 5.59 7.1 0 0
ynao_sd_19960702_0205_hong 0 0 0 0 0 0 0 0 0 0 0
ynao_sd_19960703_0540_hong 0 0 0 0 0 0 0 0 0 0 0
ynao_sd_19960706_0530_hong 1 1 0 0 0 6.54 7.76 6.54 7.76 0 0
ynao_sd_19960707_0140_wang 6 6 0 0 0 53.5 67.55 53.5 67.55 0 0
ynao_sd_19960708_0810_wang 24 19 5 4 0 340.65 362.7 176.26 187.41 164.39 175.29
ynao_sd_19960709_0110_wang 19 9 10 6 0 819.52 935.37 175.3 200.19 644.22 735.18
ynao_sd_19960711_0620_wang 19 15 4 2 0 635.5 1159.4 187.32 332.51 448.18 826.89
ynao_sd_19960712_0115_li 10 7 3 2 0 263.08 650.54 85.98 197.34 177.1 453.2
ynao_sd_19960713_0910_wang 2 2 0 0 0 16.44 69.43 16.44 69.43 0 0
ynao_sd_19960714_0140_wang 0 0 0 0 0 0 0 0 0 0 0
ynao_sd_19960715_0540_li 0 0 0 0 0 0 0 0 0 0 0
ynao_sd_19960716_0420_hong 0 0 0 0 0 0 0 0 0 0 0
ynao_sd_19960717_0305_li 0 0 0 0 0 0 0 0 0 0 0
ynao_sd_19960718_0040_li 0 0 0 0 0 0 0 0 0 0 0
ynao_sd_19960719_0340_li 0 0 0 0 0 0 0 0 0 0 0
ynao_sd_19960720_0410_wang 0 0 0 0 0 0 0 0 0 0 0
ynao_sd_19960721_0300_wang 0 0 0 0 0 0 0 0 0 0 0
ynao_sd_19960722_0410_hong 0 0 0 0 0 0 0 0 0 0 0
ynao_sd_19960723_0320_hong 0 0 0 0 0 0 0 0 0 0 0
ynao_sd_19960724_0100_hong 1 1 0 0 0 11.0 14.38 11.0 14.38 0 0
ynao_sd_19960725_0220_hong 0 0 0 0 0 0 0 0 0 0 0
ynao_sd_19960726_0210_hong 0 0 0 0 0 0 0 0 0 0 0
ynao_sd_19960727_0230_hong 1 0 1 1 0 92.23 646.9 17.73 131.37 74.5 515.53
ynao_sd_19960728_0040_wang 6 3 3 2 0 261.63 934.47 78.16 309.6 183.47 624.87
ynao_sd_19960730_0720_li 15 8 7 3 0 681.37 955.4 118.87 167.84 562.5 787.56
ynao_sd_19960731_0535_li 28 22 6 3 0 857.87 1031.14 224.11 272.91 633.76 758.23
ynao_sd_19960801_0240_li 26 18 8 3 0 818.25 893.99 214.25 235.82 604.0 658.17
ynao_sd_19960802_0050_li 25 19 6 3 0 717.5 747.92 217.13 226.87 500.37 521.05
ynao_sd_19960803_0045_li 26 21 5 2 0 666.67 701.56 188.35 196.96 478.32 504.6
ynao_sd_19960804_0020_wang 21 19 2 1 0 592.6 665.82 208.67 230.58 383.93 435.24
ynao_sd_19960805_0200_hong 27 26 1 1 0 543.51 693.26 223.73 277.5 319.78 415.76
ynao_sd_19960806_0050_hong 8 7 1 1 0 367.18 584.73 127.72 195.74 239.46 388.99
ynao_sd_19960807_0410_hong 5 4 1 1 0 233.68 556.1 65.95 148.66 167.73 407.44
ynao_sd_19960808_0420_hong 1 0 1 1 0 83.11 395.88 17.37 81.88 65.74 314.0
ynao_sd_19960809_0510_wang 1 1 0 0 0 29.11 45.5 29.11 45.5 0 0
ynao_sd_19960810_0200_wang 0 0 0 0 0 0 0 0 0 0 0
ynao_sd_19960811_0110_wang 0 0 0 0 0 0 0 0 0 0 0
ynao_sd_19960812_0030_wang 0 0 0 0 0 0 0 0 0 0 0
ynao_sd_19960813_0100_wang 0 0 0 0 0 0 0 0 0 0 0
ynao_sd_19960814_0030_wang 0 0 0 0 0 0 0 0 0 0 0
ynao_sd_19960815_0030_wang 0 0 0 0 0 0 0 0 0 0 0
ynao_sd_19960816_0130_wang 0 0 0 0 0 0 0 0 0 0 0
ynao_sd_19960818_0200_wang 0 0 0 0 0 0 0 0 0 0 0
ynao_sd_19960820_0530_li 0 0 0 0 0 0 0 0 0 0 0
ynao_sd_19960821_0040_li 1 1 0 0 0 5.06 20.7 5.06 20.7 0 0
ynao_sd_19960822_0030_li 1 1 0 0 0 17.35 24.81 17.35 24.81 0 0
ynao_sd_19960823_0050_li 1 1 0 0 0 5.5 6.08 5.5 6.08 0 0
ynao_sd_19960824_0130_li 1 0 1 1 0 44.21 183.34 7.78 32.84 36.43 150.5
ynao_sd_19960825_0240_li 3 1 2 1 0 84.24 181.52 21.3 39.27 62.94 142.25
ynao_sd_19960826_0230_hong 9 7 2 1 0 226.4 370.8 84.28 143.87 142.12 226.93
ynao_sd_19960827_0050_hong 9 8 1 1 0 192.16 256.76 70.86 99.39 121.3 157.37
ynao_sd_19960828_0100_hong 13 12 1 1 0 205.48 237.87 89.41 106.01 116.07 131.86
ynao_sd_19960830_0205_hong 5 4 1 1 0 177.33 187.72 54.82 58.33 122.51 129.39
ynao_sd_19960831_0200_hong 7 6 1 1 0 164.75 180.84 51.0 55.58 113.75 125.26
ynao_sd_19960901_0230_hong 11 10 1 1 0 152.95 183.31 85.27 100.27 67.68 83.04
ynao_sd_19960902_0055_li 4 0 4 1 0 41.16 59.14 18.12 25.22 23.04 33.92
ynao_sd_19960903_0105_li 2 2 0 0 0 14.58 27.32 14.58 27.32 0 0
ynao_sd_19960904_0045_li 2 2 0 0 0 11.56 28.21 11.56 28.21 0 0
ynao_sd_19960905_0050_li 0 0 0 0 0 0 0 0 0 0 0
ynao_sd_19960906_0150_li 0 0 0 0 0 0 0 0 0 0 0
ynao_sd_19960907_0120_li 3 3 0 0 0 31.36 38.05 31.36 38.05 0 0
ynao_sd_19960908_0100_li 4 4 0 0 0 21.66 25.62 21.66 25.62 0 0
ynao_sd_19960909_0110_hong 2 2 0 0 0 12.04 14.5 12.04 14.5 0 0
ynao_sd_19960910_0520_hong 1 1 0 0 0 15.63 22.74 15.63 22.74 0 0
ynao_sd_19960911_0410_hong 0 0 0 0 0 0 0 0 0 0 0
ynao_sd_19960912_0120_hong 1 1 0 0 0 9.98 19.6 9.98 19.6 0 0
ynao_sd_19960913_0140_hong 2 2 0 0 0 95.04 153.43 95.04 153.43 0 0
ynao_sd_19960914_0105_hong 0 0 0 0 0 0 0 0 0 0 0
ynao_sd_19960915_0150_hong 2 2 0 0 0 26.29 39.1 26.29 39.1 0 0
ynao_sd_19960916_0250_li 0 0 0 0 0 0 0 0 0 0 0
ynao_sd_19960917_0410_li 0 0 0 0 0 0 0 0 0 0 0
ynao_sd_19960918_0350_li 0 0 0 0 0 0 0 0 0 0 0
ynao_sd_19960919_0240_li 0 0 0 0 0 0 0 0 0 0 0
ynao_sd_19960920_0455_li 1 1 0 0 0 7.13 10.12 7.13 10.12 0 0
ynao_sd_19960921_0240_li 0 0 0 0 0 0 0 0 0 0 0
ynao_sd_19960922_0520_li 0 0 0 0 0 0 0 0 0 0 0
ynao_sd_19960923_0450_hong 0 0 0 0 0 0 0 0 0 0 0
ynao_sd_19960924_0200_hong 0 0 0 0 0 0 0 0 0 0 0
ynao_sd_19960925_0205_hong 1 1 0 0 0 4.83 4.99 4.83 4.99 0 0
ynao_sd_19960926_0530_hong 0 0 0 0 0 0 0 0 0 0 0
ynao_sd_19960927_0100_hong 0 0 0 0 0 0 0 0 0 0 0
ynao_sd_19960928_0210_hong 0 0 0 0 0 0 0 0 0 0 0
ynao_sd_19960929_0420_hong 0 0 0 0 0 0 0 0 0 0 0
ynao_sd_19960930_0430_li 2 2 0 0 0 10.99 11.73 10.99 11.73 0 0
ynao_sd_19961001_0350_li 1 1 0 0 0 6.54 6.8 6.54 6.8 0 0
ynao_sd_19961002_0450_li 0 0 0 0 0 0 0 0 0 0 0
ynao_sd_19961003_0020_li 0 0 0 0 0 0 0 0 0 0 0
ynao_sd_19961004_0040_li 0 0 0 0 0 0 0 0 0 0 0
ynao_sd_19961005_0210_li 0 0 0 0 0 0 0 0 0 0 0
ynao_sd_19961006_0305_li 0 0 0 0 0 0 0 0 0 0 0
ynao_sd_19961007_0110_hong 1 1 0 0 0 31.63 52.16 31.63 52.16 0 0
ynao_sd_19961009_0810_hong 2 2 0 0 0 12.3 16.93 12.3 16.93 0 0
ynao_sd_19961011_0750_hong 0 0 0 0 0 0 0 0 0 0 0
ynao_sd_19961013_0320_hong 0 0 0 0 0 0 0 0 0 0 0
ynao_sd_19961014_0140_li 0 0 0 0 0 0 0 0 0 0 0
ynao_sd_19961018_0450_li 0 0 0 0 0 0 0 0 0 0 0
ynao_sd_19961019_0040_li 0 0 0 0 0 0 0 0 0 0 0
ynao_sd_19961020_0200_li 1 1 0 0 0 23.19 37.36 23.19 37.36 0 0
ynao_sd_19961021_0250_hong 0 0 0 0 0 0 0 0 0 0 0
ynao_sd_19961022_0200_li 0 0 0 0 0 0 0 0 0 0 0
ynao_sd_19961023_0130_hong 0 0 0 0 0 0 0 0 0 0 0
ynao_sd_19961024_0140_hong 1 1 0 0 0 25.05 36.22 25.05 36.22 0 0
ynao_sd_19961025_0105_hong 0 0 0 0 0 0 0 0 0 0 0
ynao_sd_19961026_0800_hong 1 1 0 0 0 11.51 12.76 11.51 12.76 0 0
ynao_sd_19961027_0410_li 4 4 0 0 0 28.75 34.92 28.75 34.92 0 0
ynao_sd_19961028_0230_li 1 1 0 0 0 5.44 7.79 5.44 7.79 0 0
ynao_sd_19961029_0220_li 0 0 0 0 0 0 0 0 0 0 0
ynao_sd_19961030_0115_li 0 0 0 0 0 0 0 0 0 0 0
ynao_sd_19961031_0105_hong 0 0 0 0 0 0 0 0 0 0 0
ynao_sd_19961101_0410_li 0 0 0 0 0 0 0 0 0 0 0
ynao_sd_19961103_0520_li 0 0 0 0 0 0 0 0 0 0 0
ynao_sd_19961105_0720_hong 0 0 0 0 0 0 0 0 0 0 0
ynao_sd_19961106_0510_hong 0 0 0 0 0 0 0 0 0 0 0
ynao_sd_19961107_0230_hong 0 0 0 0 0 0 0 0 0 0 0
ynao_sd_19961108_0105_hong 0 0 0 0 0 0 0 0 0 0 0
ynao_sd_19961109_0120_hong 0 0 0 0 0 0 0 0 0 0 0
ynao_sd_19961110_0230_hong 1 1 0 0 0 8.05 16.85 8.05 16.85 0 0
ynao_sd_19961111_0720_li 4 4 0 0 0 23.66 27.82 23.66 27.82 0 0
ynao_sd_19961112_0050_li 3 3 0 0 0 14.79 16.01 14.79 16.01 0 0
ynao_sd_19961113_0130_li 0 0 0 0 0 0 0 0 0 0 0
ynao_sd_19961114_0110_li 1 1 0 0 0 24.99 35.41 24.99 35.41 0 0
ynao_sd_19961115_0100_li 2 2 0 0 0 22.47 26.19 22.47 26.19 0 0
ynao_sd_19961116_0120_li 3 3 0 0 0 29.27 31.04 29.27 31.04 0 0
ynao_sd_19961119_0200_hong 0 0 0 0 0 0 0 0 0 0 0
ynao_sd_19961120_0145_hong 0 0 0 0 0 0 0 0 0 0 0
ynao_sd_19961121_0140_hong 2 2 0 0 0 15.12 51.8 15.12 51.8 0 0
ynao_sd_19961122_0240_hong 7 6 1 1 0 88.78 171.88 56.14 112.37 32.64 59.51
ynao_sd_19961123_0500_hong 14 11 3 2 0 291.04 399.44 123.49 173.12 167.55 226.32
ynao_sd_19961124_0230_hong 23 12 11 5 0 823.02 976.86 192.37 228.22 630.65 748.64
ynao_sd_19961125_0115_li 42 24 18 3 0 1722.93 1815.14 378.56 400.42 1344.37 1414.72
ynao_sd_19961126_0100_li 44 24 20 7 0 1985.33 2061.15 411.98 455.71 1573.35 1605.44
ynao_sd_19961127_0220_li 42 21 21 4 0 1834.02 1902.81 322.28 356.99 1511.74 1545.82
ynao_sd_19961128_0050_li 37 19 18 4 0 1619.76 1763.9 334.28 363.43 1285.48 1400.47
ynao_sd_19961129_0140_li 32 18 14 7 0 1230.54 1540.19 281.39 347.52 949.15 1192.67
ynao_sd_19961202_0040_hong 9 6 3 2 0 274.21 908.36 91.43 283.01 182.78 625.35
ynao_sd_19961203_0105_hong 0 0 0 0 0 0 0 0 0 0 0
ynao_sd_19961204_0110_hong 0 0 0 0 0 0 0 0 0 0 0
ynao_sd_19961205_0410_hong 0 0 0 0 0 0 0 0 0 0 0
ynao_sd_19961207_0750_hong 1 1 0 0 0 32.99 49.24 32.99 49.24 0 0
ynao_sd_19961208_0240_hong 2 2 0 0 0 36.12 53.98 36.12 53.98 0 0
ynao_sd_19961209_0340_li 6 6 0 0 0 69.36 82.18 69.36 82.18 0 0
ynao_sd_19961211_0340_li 7 6 1 1 0 81.21 98.32 53.12 64.1 28.09 34.22
ynao_sd_19961212_0250_li 8 7 1 1 0 122.83 173.4 63.32 90.29 59.51 83.11
ynao_sd_19961213_0320_li 7 5 2 2 0 128.63 211.65 50.43 82.05 78.2 129.6
ynao_sd_19961214_0140_li 9 7 2 2 0 259.04 560.07 127.65 272.64 131.39 287.43
ynao_sd_19961215_0220_hong 5 2 3 2 0 205.93 683.58 42.21 132.63 163.72 550.95
ynao_sd_19961216_0120_hong 2 1 1 1 0 64.35 294.0 19.13 65.46 45.22 228.54
ynao_sd_19961217_0200_hong 2 2 0 0 0 15.95 19.5 15.95 19.5 0 0
ynao_sd_19961218_0150_hong 5 5 0 0 0 59.55 78.01 59.55 78.01 0 0
ynao_sd_19961219_0210_hong 1 1 0 0 0 6.81 7.59 6.81 7.59 0 0
ynao_sd_19961220_0230_hong 0 0 0 0 0 0 0 0 0 0 0
ynao_sd_19961221_0420_li 0 0 0 0 0 0 0 0 0 0 0
ynao_sd_19961222_0220_hong 0 0 0 0 0 0 0 0 0 0 0
ynao_sd_19961223_0500_li 0 0 0 0 0 0 0 0 0 0 0
ynao_sd_19961224_0120_li 3 3 0 0 0 16.93 17.73 16.93 17.73 0 0
ynao_sd_19961225_0240_li 0 0 0 0 0 0 0 0 0 0 0
ynao_sd_19961226_0250_li 0 0 0 0 0 0 0 0 0 0 0
ynao_sd_19961227_0530_li 0 0 0 0 0 0 0 0 0 0 0
ynao_sd_19961228_0150_li 0 0 0 0 0 0 0 0 0 0 0
ynao_sd_19961229_0415_li 0 0 0 0 0 0 0 0 0 0 0
ynao_sd_19961230_0140_hong 0 0 0 0 0 0 0 0 0 0 0
ynao_sd_19961231_0110_hong 0 0 0 0 0 0 0 0 0 0 0
