ynao_sd_19970104_0200_hong 0 0 0 0 0 0 0 0 0 0 0
ynao_sd_19970105_0210_hong 7 7 0 0 0 53.04 53.41 53.04 53.41 0 0
ynao_sd_19970106_0100_li 4 4 0 0 0 25.33 26.77 25.33 26.77 0 0
ynao_sd_19970107_0130_li 3 3 0 0 0 22.76 54.14 22.76 54.14 0 0
ynao_sd_19970110_0225_li 0 0 0 0 0 0 0 0 0 0 0
ynao_sd_19970111_0350_li 0 0 0 0 0 0 0 0 0 0 0
ynao_sd_19970113_0120_li 1 1 0 0 0 7.14 12.11 7.14 12.11 0 0
ynao_sd_19970113_0340_li 0 0 0 0 0 0 0 0 0 0 0
ynao_sd_19970115_0130_hong 5 5 0 0 0 35.92 64.97 35.92 64.97 0 0
ynao_sd_19970116_0140_hong 13 13 0 0 0 77.49 103.64 77.49 103.64 0 0
ynao_sd_19970117_0130_hong 3 3 0 0 0 33.41 39.06 33.41 39.06 0 0
ynao_sd_19970118_0120_hong 2 2 0 0 0 13.44 13.54 13.44 13.54 0 0
ynao_sd_19970119_0150_hong 1 1 0 0 0 6.61 7.03 6.61 7.03 0 0
ynao_sd_19970120_0120_li 0 0 0 0 0 0 0 0 0 0 0
ynao_sd_19970121_0120_li 0 0 0 0 0 0 0 0 0 0 0
ynao_sd_19970123_0150_li 0 0 0 0 0 0 0 0 0 0 0
ynao_sd_19970124_0350_li 1 1 0 0 0 7.41 18.09 7.41 18.09 0 0
ynao_sd_19970125_0230_li 1 1 0 0 0 6.17 10.36 6.17 10.36 0 0
ynao_sd_19970126_0440_li 1 1 0 0 0 6.75 8.76 6.75 8.76 0 0
ynao_sd_19970127_0430_hong 0 0 0 0 0 0 0 0 0 0 0
ynao_sd_19970129_0120_hong 2 2 0 0 0 12.63 12.75 12.63 12.75 0 0
ynao_sd_19970130_0130_hong 2 2 0 0 0 10.68 10.89 10.68 10.89 0 0
ynao_sd_19970131_0100_hong 0 0 0 0 0 0 0 0 0 0 0
ynao_sd_19970201_0120_hong 0 0 0 0 0 0 0 0 0 0 0
ynao_sd_19970202_0205_hong 5 5 0 0 0 35.95 44.65 35.95 44.65 0 0
ynao_sd_19970203_0140_li 8 8 0 2 0 163.39 179.65 51.13 56.33 112.26 123.32
ynao_sd_19970204_0115_li 9 7 2 1 0 82.86 86.22 51.11 53.33 31.75 32.89
ynao_sd_19970205_0150_li 7 6 1 1 0 72.42 75.21 42.39 43.95 30.03 31.26
ynao_sd_19970206_0130_li 1 1 0 0 0 15.82 17.29 15.82 17.29 0 0
ynao_sd_19970207_0130_li 1 1 0 0 0 17.49 21.29 17.49 21.29 0 0
ynao_sd_19970208_0230_li 1 1 0 0 0 19.26 28.1 19.26 28.1 0 0
ynao_sd_19970209_0140_li 2 2 0 0 0 41.33 63.01 41.33 63.01 0 0
ynao_sd_19970210_0200_hong 1 1 0 0 0 7.51 20.74 7.51 20.74 0 0
ynao_sd_19970219_0410_li 0 0 0 0 0 0 0 0 0 0 0
ynao_sd_19970220_0120_li 0 0 0 0 0 0 0 0 0 0 0
ynao_sd_19970224_0140_hong 0 0 0 0 0 0 0 0 0 0 0
ynao_sd_19970225_0040_hong 0 0 0 0 0 0 0 0 0 0 0
ynao_sd_19970226_0100_hong 0 0 0 0 0 0 0 0 0 0 0
ynao_sd_19970307_0050_li 0 0 0 0 0 0 0 0 0 0 0
ynao_sd_19970308_0115_li 0 0 0 0 0 0 0 0 0 0 0
ynao_sd_19970309_0115_li 1 1 0 0 0 5.36 7.65 5.36 7.65 0 0
ynao_sd_19970310_0055_li 1 1 0 0 0 6.76 8.24 6.76 8.24 0 0
ynao_sd_19970311_0100_hong 0 0 0 0 0 0 0 0 0 0 0
ynao_sd_19970312_0100_hong 0 0 0 0 0 0 0 0 0 0 0
ynao_sd_19970312_0600_hong 5 5 0 0 0 42.35 52.99 42.35 52.99 0 0
ynao_sd_19970313_0055_hong 0 0 0 0 0 0 0 0 0 0 0
ynao_sd_19970314_0100_hong 0 0 0 0 0 0 0 0 0 0 0
ynao_sd_19970315_0055_hong 8 8 0 0 0 76.45 88.93 76.45 88.93 0 0
ynao_sd_19970317_0140_li 9 9 0 0 0 51.8 80.72 51.8 80.72 0 0
ynao_sd_19970320_0055_li 0 0 0 0 0 0 0 0 0 0 0
ynao_sd_19970321_0450_li 0 0 0 0 0 0 0 0 0 0 0
ynao_sd_19970322_0200_li 0 0 0 0 0 0 0 0 0 0 0
ynao_sd_19970323_0140_li 0 0 0 0 0 0 0 0 0 0 0
ynao_sd_19970324_0105_hong 1 1 0 0 0 5.28 9.31 5.28 9.31 0 0
ynao_sd_19970325_0100_hong 0 0 0 0 0 0 0 0 0 0 0
ynao_sd_19970326_0410_hong 0 0 0 0 0 0 0 0 0 0 0
ynao_sd_19970327_0100_hong 0 0 0 0 0 0 0 0 0 0 0
ynao_sd_19970329_0110_hong 13 11 2 1 0 164.17 304.55 100.7 197.68 63.47 106.87
ynao_sd_19970330_0410_li 15 12 3 2 0 309.72 434.91 103.56 148.57 206.16 286.34
ynao_sd_19970331_0820_li 12 10 2 1 0 164.89 197.74 71.04 82.64 93.85 115.1
ynao_sd_19970401_0200_li 11 9 2 2 0 204.0 226.78 73.51 80.33 130.49 146.45
ynao_sd_19970402_0100_li 17 16 1 1 0 185.26 195.94 91.61 97.07 93.65 98.87
ynao_sd_19970403_0120_li 33 31 2 2 0 301.16 330.8 190.65 215.13 110.51 115.67
ynao_sd_19970404_0100_li 16 13 3 2 0 197.29 288.27 97.01 135.86 100.28 152.41
ynao_sd_19970405_0050_li 13 11 2 1 0 159.92 230.63 107.99 147.06 51.93 83.57
ynao_sd_19970406_0230_li 11 10 1 1 0 125.55 165.57 77.87 103.6 47.68 61.97
ynao_sd_19970407_0120_hong 8 7 1 1 0 100.65 124.48 51.43 67.84 49.22 56.64
ynao_sd_19970408_0100_hong 10 10 0 0 0 69.71 80.12 69.71 80.12 0 0
ynao_sd_19970409_0100_hong 5 5 0 0 0 38.83 41.78 38.83 41.78 0 0
ynao_sd_19970410_0105_hong 3 3 0 0 0 20.09 22.28 20.09 22.28 0 0
ynao_sd_19970411_0100_hong 3 3 0 0 0 15.99 19.18 15.99 19.18 0 0
ynao_sd_19970412_0150_hong 0 0 0 0 0 0 0 0 0 0 0
ynao_sd_19970413_0500_hong 8 7 1 1 0 99.12 137.34 68.87 96.65 30.25 40.69
ynao_sd_19970414_0100_hong 10 8 2 2 0 199.86 331.59 80.67 132.16 119.19 199.43
ynao_sd_19970415_0110_hong 12 10 2 0 0 78.83 110.86 94.68 142.91 15.85 32.05
ynao_sd_19970416_0100_hong 17 17 0 0 0 117.09 122.44 117.09 122.44 0 0
ynao_sd_19970417_0115_li 14 14 0 0 0 85.61 90.75 85.61 90.75 0 0
ynao_sd_19970418_0055_li 3 3 0 0 0 28.58 32.6 28.58 32.6 0 0
ynao_sd_19970419_0040_li 0 0 0 0 0 0 0 0 0 0 0
ynao_sd_19970420_0140_hong 2 2 0 0 0 12.14 18.9 12.14 18.9 0 0
ynao_sd_19970421_0050_hong 1 1 0 0 0 22.42 32.2 22.42 32.2 0 0
ynao_sd_19970422_0050_hong 1 1 0 0 0 8.23 25.15 8.23 25.15 0 0
ynao_sd_19970423_0100_hong 1 1 0 0 0 23.7 32.93 23.7 32.93 0 0
ynao_sd_19970424_0210_hong 0 0 0 0 0 0 0 0 0 0 0
ynao_sd_19970426_0200_hong 7 7 0 0 0 51.08 57.38 51.08 57.38 0 0
ynao_sd_19970427_0205_hong 2 2 0 0 0 16.74 21.56 16.74 21.56 0 0
ynao_sd_19970428_0105_hong 9 8 1 1 0 108.1 174.27 66.11 103.33 41.99 70.94
ynao_sd_19970430_0130_li 0 0 0 0 0 0 0 0 0 0 0
ynao_sd_19970501_0140_li 0 0 0 0 0 0 0 0 0 0 0
ynao_sd_19970502_0150_li 1 1 0 0 0 29.68 42.02 29.68 42.02 0 0
ynao_sd_19970503_0140_li 2 2 0 0 0 36.04 49.56 36.04 49.56 0 0
ynao_sd_19970504_0035_li 1 1 0 0 0 8.16 10.03 8.16 10.03 0 0
ynao_sd_19970505_0120_li 0 0 0 0 0 0 0 0 0 0 0
ynao_sd_19970506_0050_li 0 0 0 0 0 0 0 0 0 0 0
ynao_sd_19970507_0045_li 0 0 0 0 0 0 0 0 0 0 0
ynao_sd_19970508_0040_li 0 0 0 0 0 0 0 0 0 0 0
ynao_sd_19970509_0055_li 0 0 0 0 0 0 0 0 0 0 0
ynao_sd_19970510_0050_li 0 0 0 0 0 0 0 0 0 0 0
ynao_sd_19970511_0140_li 0 0 0 0 0 0 0 0 0 0 0
ynao_sd_19970512_0115_li 0 0 0 0 0 0 0 0 0 0 0
ynao_sd_19970513_0035_li 0 0 0 0 0 0 0 0 0 0 0
ynao_sd_19970514_0040_li 0 0 0 0 0 0 0 0 0 0 0
ynao_sd_19970515_0035_li 1 1 0 0 0 6.16 6.4 6.16 6.4 0 0
ynao_sd_19970516_0040_li 0 0 0 0 0 0 0 0 0 0 0
ynao_sd_19970517_0040_hong 2 2 0 0 0 63.17 75.53 63.17 75.53 0 0
ynao_sd_19970518_0140_hong 0 0 0 0 0 0 0 0 0 0 0
ynao_sd_19970519_0150_li 0 0 0 0 0 0 0 0 0 0 0
ynao_sd_19970520_0105_li 1 1 0 0 0 27.36 40.69 27.36 40.69 0 0
ynao_sd_19970521_0040_li 2 2 0 0 0 47.22 99.12 47.22 99.12 0 0
ynao_sd_19970522_0120_hong 3 2 1 0 0 46.85 65.81 54.12 79.47 7.27 13.66
ynao_sd_19970523_0410_hong 3 2 1 1 0 51.06 128.68 20.6 83.33 30.46 45.35
ynao_sd_19970524_0140_li 2 2 0 0 0 36.8 61.76 36.8 61.76 0 0
ynao_sd_19970526_0200_hong 6 6 0 0 0 61.19 81.98 61.19 81.98 0 0
ynao_sd_19970527_0130_li 2 2 0 0 0 30.56 64.22 30.56 64.22 0 0
ynao_sd_19970528_0400_hong 3 3 0 0 0 22.02 29.12 22.02 29.12 0 0
ynao_sd_19970529_0100_hong 1 1 0 0 0 7.94 8.78 7.94 8.78 0 0
ynao_sd_19970530_0100_hong 0 0 0 0 0 0 0 0 0 0 0
ynao_sd_19970531_0055_hong 2 2 0 0 0 17.13 31.86 17.13 31.86 0 0
ynao_sd_19970601_0140_hong 10 10 0 0 0 73.87 108.29 73.87 108.29 0 0
ynao_sd_19970602_0040_li 19 17 2 1 0 164.75 209.15 113.45 142.61 51.3 66.54
ynao_sd_19970603_0210_li 14 9 5 2 0 283.51 334.04 101.08 121.36 182.43 212.68
ynao_sd_19970604_0020_li 7 3 4 2 0 310.65 350.91 57.37 64.71 253.28 286.2
ynao_sd_19970605_0025_li 5 1 4 2 0 239.18 276.29 32.63 37.71 206.55 238.58
ynao_sd_19970606_0020_li 3 1 2 2 0 205.25 255.9 28.47 35.52 176.78 220.38
ynao_sd_19970607_0015_li 5 2 3 2 0 112.88 160.84 25.86 36.5 87.02 124.34
ynao_sd_19970608_0135_li 3 3 0 0 0 34.99 64.02 34.99 64.02 0 0
ynao_sd_19970609_0100_hong 4 4 0 0 0 35.15 96.94 35.15 96.94 0 0
ynao_sd_19970610_0705_hong 0 0 0 0 0 0 0 0 0 0 0
ynao_sd_19970611_0720_hong 0 0 0 0 0 0 0 0 0 0 0
ynao_sd_19970612_0200_hong 0 0 0 0 0 0 0 0 0 0 0
ynao_sd_19970613_0230_hong 1 1 0 0 0 6.02 6.3 6.02 6.3 0 0
ynao_sd_19970614_0200_hong 0 0 0 0 0 0 0 0 0 0 0
ynao_sd_19970616_0750_li 0 0 0 0 0 0 0 0 0 0 0
ynao_sd_19970618_0230_li 2 2 0 0 0 13.25 19.92 13.25 19.92 0 0
ynao_sd_19970619_0040_li 5 5 0 0 0 40.19 52.51 40.19 52.51 0 0
ynao_sd_19970620_0055_hong 2 2 0 0 0 18.2 21.59 18.2 21.59 0 0
ynao_sd_19970623_0700_hong 0 0 0 0 0 0 0 0 0 0 0
ynao_sd_19970624_0830_hong 0 0 0 0 0 0 0 0 0 0 0
ynao_sd_19970625_0430_hong 1 1 0 0 0 31.09 44.41 31.09 44.41 0 0
ynao_sd_19970626_0050_hong 1 1 0 0 0 32.13 47.27 32.13 47.27 0 0
ynao_sd_19970627_0330_hong 0 0 0 0 0 0 0 0 0 0 0
ynao_sd_19970628_0530_hong 0 0 0 0 0 0 0 0 0 0 0
ynao_sd_19970629_0150_hong 0 0 0 0 0 0 0 0 0 0 0
ynao_sd_19970630_0240_li 0 0 0 0 0 0 0 0 0 0 0
ynao_sd_19970702_0115_li 1 1 0 0 0 5.36 5.87 5.36 5.87 0 0
ynao_sd_19970703_0305_li 1 1 0 0 0 9.14 13.19 9.14 13.19 0 0
ynao_sd_19970705_0045_li 1 1 0 0 0 8.54 10.15 8.54 10.15 0 0
ynao_sd_19970706_0320_li 0 0 0 0 0 0 0 0 0 0 0
ynao_sd_19970708_0110_hong 1 1 0 0 0 9.63 10.34 9.63 10.34 0 0
ynao_sd_19970709_0100_hong 2 2 0 0 0 20.05 21.66 20.05 21.66 0 0
ynao_sd_19970710_0205_hong 0 0 0 0 0 0 0 0 0 0 0
ynao_sd_19970712_0740_hong 0 0 0 0 0 0 0 0 0 0 0
ynao_sd_19970713_0430_hong 0 0 0 0 0 0 0 0 0 0 0
ynao_sd_19970714_0430_li 3 3 0 0 0 22.75 25.12 22.75 25.12 0 0
ynao_sd_19970715_0800_li 0 0 0 0 0 0 0 0 0 0 0
ynao_sd_19970717_0030_li 0 0 0 0 0 0 0 0 0 0 0
ynao_sd_19970718_0235_li 0 0 0 0 0 0 0 0 0 0 0
ynao_sd_19970719_0730_li 0 0 0 0 0 0 0 0 0 0 0
ynao_sd_19970720_0140_li 0 0 0 0 0 0 0 0 0 0 0
ynao_sd_19970721_0050_li 2 2 0 0 0 15.31 18.02 15.31 18.02 0 0
ynao_sd_19970722_0100_li 0 0 0 0 0 0 0 0 0 0 0
ynao_sd_19970723_0440_hong 0 0 0 0 0 0 0 0 0 0 0
ynao_sd_19970724_0410_hong 0 0 0 0 0 0 0 0 0 0 0
ynao_sd_19970725_0405_hong 0 0 0 0 0 0 0 0 0 0 0
ynao_sd_19970726_0530_hong 1 1 0 0 0 30.44 42.83 30.44 42.83 0 0
ynao_sd_19970727_0230_hong 0 0 0 0 0 0 0 0 0 0 0
ynao_sd_19970728_0130_li 0 0 0 0 0 0 0 0 0 0 0
ynao_sd_19970729_0405_li 0 0 0 0 0 0 0 0 0 0 0
ynao_sd_19970730_0630_li 0 0 0 0 0 0 0 0 0 0 0
ynao_sd_19970731_0430_hong 0 0 0 0 0 0 0 0 0 0 0
ynao_sd_19970801_0435_li 0 0 0 0 0 0 0 0 0 0 0
ynao_sd_19970802_0025_li 0 0 0 0 0 0 0 0 0 0 0
ynao_sd_19970803_0140_li 4 4 0 0 0 30.89 48.67 30.89 48.67 0 0
ynao_sd_19970804_0210_hong 7 6 1 1 0 125.68 163.65 83.33 109.76 42.35 53.89
ynao_sd_19970805_0205_hong 5 4 1 1 0 77.18 107.52 46.37 71.94 30.81 35.58
ynao_sd_19970806_0100_hong 6 5 1 1 0 72.68 109.69 38.67 71.76 34.01 37.93
ynao_sd_19970807_0120_hong 12 12 0 0 0 90.64 115.56 90.64 115.56 0 0
ynao_sd_19970808_0300_hong 10 8 2 2 0 136.03 164.43 66.8 80.83 69.23 83.6
ynao_sd_19970809_0130_hong 15 14 1 1 0 158.27 179.74 127.31 144.61 30.96 35.13
ynao_sd_19970810_0140_hong 17 17 0 0 0 127.98 141.92 127.98 141.92 0 0
ynao_sd_19970811_0130_li 3 3 0 0 0 21.5 25.36 21.5 25.36 0 0
ynao_sd_19970812_0135_li 10 10 0 0 0 86.83 113.16 86.83 113.16 0 0
ynao_sd_19970813_0310_li 10 10 0 0 0 93.49 143.75 93.49 143.75 0 0
ynao_sd_19970814_0025_li 5 5 0 0 0 38.35 77.42 38.35 77.42 0 0
ynao_sd_19970815_0305_li 2 2 0 0 0 22.73 60.62 22.73 60.62 0 0
ynao_sd_19970816_0040_li 0 0 0 0 0 0 0 0 0 0 0
ynao_sd_19970817_0140_li 1 1 0 0 0 7.06 7.46 7.06 7.46 0 0
ynao_sd_19970818_0100_hong 0 0 0 0 0 0 0 0 0 0 0
ynao_sd_19970819_0050_hong 1 1 0 0 0 29.62 41.66 29.62 41.66 0 0
ynao_sd_19970820_0100_hong 0 0 0 0 0 0 0 0 0 0 0
ynao_sd_19970821_0050_hong 0 0 0 0 0 0 0 0 0 0 0
ynao_sd_19970822_0130_hong 0 0 0 0 0 0 0 0 0 0 0
ynao_sd_19970823_0120_hong 0 0 0 0 0 0 0 0 0 0 0
ynao_sd_19970824_0450_hong 0 0 0 0 0 0 0 0 0 0 0
ynao_sd_19970825_0140_li 0 0 0 0 0 0 0 0 0 0 0
ynao_sd_19970826_0040_li 1 1 0 0 0 6.25 14.21 6.25 14.21 0 0
ynao_sd_19970827_0440_li 2 2 0 0 0 12.35 20.09 12.35 20.09 0 0
ynao_sd_19970828_0215_li 1 1 0 0 0 6.54 7.96 6.54 7.96 0 0
ynao_sd_19970829_0510_li 0 0 0 0 0 0 0 0 0 0 0
ynao_sd_19970830_0515_li 0 0 0 0 0 0 0 0 0 0 0
ynao_sd_19970831_0150_li 0 0 0 0 0 0 0 0 0 0 0
ynao_sd_19970901_0050_hong 0 0 0 0 0 0 0 0 0 0 0
ynao_sd_19970902_0230_hong 0 0 0 0 0 0 0 0 0 0 0
ynao_sd_19970903_0120_hong 0 0 0 0 0 0 0 0 0 0 0
ynao_sd_19970904_0810_hong 5 2 3 2 0 302.92 593.26 49.5 98.26 253.42 495.0
ynao_sd_19970905_0200_hong 11 4 7 2 0 498.61 792.34 97.99 157.66 400.62 634.68
ynao_sd_19970906_0110_hong 10 4 6 2 0 666.48 896.7 155.03 209.95 511.45 686.75
ynao_sd_19970907_0200_hong 16 6 10 3 0 1013.33 1537.49 225.54 316.79 787.79 1220.7
ynao_sd_19970908_0055_li 20 11 9 4 0 1310.21 1989.82 180.87 270.8 1129.34 1719.02
ynao_sd_19970909_0110_hong 46 26 20 6 0 1839.23 2632.0 505.28 734.39 1333.95 1897.61
ynao_sd_19970910_0100_li 45 24 21 6 0 2206.67 3062.12 455.52 651.2 1751.15 2410.92
ynao_sd_19970911_0120_li 43 31 12 5 0 1899.15 2648.95 444.7 621.91 1454.45 2027.04
ynao_sd_19970912_0240_li 43 30 13 5 0 1529.03 2230.4 388.86 543.26 1140.17 1687.14
ynao_sd_19970913_0245_li 33 19 14 5 0 1269.67 1964.22 270.24 407.31 999.43 1556.91
ynao_sd_19970914_0235_li 15 9 6 2 0 796.37 991.9 185.92 229.95 610.45 761.95
ynao_sd_19970915_0410_hong 14 8 6 2 0 625.03 893.12 151.78 233.57 473.25 659.55
ynao_sd_19970917_0520_hong 4 1 3 1 0 291.04 689.49 55.28 131.13 235.76 558.36
ynao_sd_19970918_0305_hong 4 2 2 1 0 221.66 804.67 41.87 153.05 179.79 651.62
ynao_sd_19970919_0410_hong 0 0 0 0 0 0 0 0 0 0 0
ynao_sd_19970920_0800_hong 0 0 0 0 0 0 0 0 0 0 0
ynao_sd_19970921_0200_hong 0 0 0 0 0 0 0 0 0 0 0
ynao_sd_19970922_0310_li 1 0 1 1 0 48.33 153.26 6.26 19.88 42.07 133.38
ynao_sd_19970923_0430_li 17 15 2 2 1 324.28 502.66 152.95 230.39 171.33 272.27
ynao_sd_19970924_0210_li 31 26 5 2 0 465.65 608.26 171.22 225.7 294.43 382.56
ynao_sd_19970929_0650_li 8 5 3 1 0 261.02 472.53 78.25 139.51 182.77 333.02
ynao_sd_19970930_0050_li 3 1 2 1 0 177.31 392.09 26.04 54.99 151.27 337.1
ynao_sd_19971001_0140_li 0 0 0 0 0 0 0 0 0 0 0
ynao_sd_19971002_0155_li 0 0 0 0 0 0 0 0 0 0 0
ynao_sd_19971003_0500_hong 1 0 1 1 0 68.56 104.22 12.32 18.78 56.24 85.44
ynao_sd_19971004_0410_hong 2 1 1 1 0 60.41 80.32 12.73 16.86 47.68 63.46
ynao_sd_19971005_0415_hong 0 0 0 0 0 0 0 0 0 0 0
ynao_sd_19971006_0520_hong 2 2 0 0 0 25.96 30.9 25.96 30.9 0 0
ynao_sd_19971007_0550_hong 2 2 0 0 0 26.8 33.2 26.8 33.2 0 0
ynao_sd_19971008_0530_hong 1 1 0 0 0 10.11 13.78 10.11 13.78 0 0
ynao_sd_19971009_0105_hong 0 0 0 0 0 0 0 0 0 0 0
ynao_sd_19971010_0430_hong 2 2 0 0 0 16.02 31.73 16.02 31.73 0 0
ynao_sd_19971011_0110_hong 0 0 0 0 0 0 0 0 0 0 0
ynao_sd_19971012_0200_hong 0 0 0 0 0 0 0 0 0 0 0
ynao_sd_19971013_0120_hong 0 0 0 0 0 0 0 0 0 0 0
ynao_sd_19971014_0110_hong 0 0 0 0 0 0 0 0 0 0 0
ynao_sd_19971015_0105_hong 0 0 0 0 0 0 0 0 0 0 0
ynao_sd_19971016_0120_li 0 0 0 0 0 0 0 0 0 0 0
ynao_sd_19971017_0050_li 0 0 0 0 0 0 0 0 0 0 0
ynao_sd_19971018_0120_li 0 0 0 0 0 0 0 0 0 0 0
ynao_sd_19971019_0150_li 0 0 0 0 0 0 0 0 0 0 0
ynao_sd_19971020_0200_li 0 0 0 0 0 0 0 0 0 0 0
ynao_sd_19971021_0050_li 1 1 0 0 0 21.84 46.79 21.84 46.79 0 0
ynao_sd_19971022_0055_li 0 0 0 0 0 0 0 0 0 0 0
ynao_sd_19971023_0330_hong 0 0 0 0 0 0 0 0 0 0 0
ynao_sd_19971024_0150_hong 0 0 0 0 0 0 0 0 0 0 0
ynao_sd_19971025_0100_hong 0 0 0 0 0 0 0 0 0 0 0
ynao_sd_19971026_0410_hong 0 0 0 0 0 0 0 0 0 0 0
ynao_sd_19971027_0300_hong 0 0 0 0 0 0 0 0 0 0 0
ynao_sd_19971028_0430_hong 9 8 1 1 0 137.78 385.27 72.04 195.48 65.74 189.79
ynao_sd_19971102_0535_li 27 22 5 3 0 399.34 436.17 215.4 234.63 183.94 201.54
ynao_sd_19971103_0140_li 52 48 4 1 0 698.84 781.5 375.92 421.19 322.92 360.31
ynao_sd_19971104_0120_li 36 20 16 5 0 1449.5 1730.63 402.99 484.37 1046.51 1246.26
ynao_sd_19971105_0140_li 30 17 13 6 1 1331.73 1836.27 333.97 467.8 997.76 1368.47
ynao_sd_19971106_0120_li 19 5 14 6 0 1139.02 1967.13 218.54 379.12 920.48 1588.01
ynao_sd_19971107_0140_li 8 5 3 2 0 579.95 1345.59 116.51 303.17 463.44 1042.42
ynao_sd_19971108_0320_li 3 2 1 1 0 168.61 586.71 62.9 231.45 105.71 355.26
ynao_sd_19971109_0220_hong 0 0 0 0 0 0 0 0 0 0 0
ynao_sd_19971110_0210_hong 0 0 0 0 0 0 0 0 0 0 0
ynao_sd_19971111_0210_hong 0 0 0 0 0 0 0 0 0 0 0
ynao_sd_19971112_0420_hong 0 0 0 0 0 0 0 0 0 0 0
ynao_sd_19971113_0150_hong 6 6 0 0 0 42.42 49.58 42.42 49.58 0 0
ynao_sd_19971114_0110_hong 8 8 0 0 0 68.23 86.11 68.23 86.11 0 0
ynao_sd_19971115_0105_hong 13 12 1 1 0 135.22 198.54 94.95 137.17 40.27 61.37
ynao_sd_19971116_0200_li 3 3 0 0 0 53.75 99.01 53.75 99.01 0 0
ynao_sd_19971117_0525_li 5 5 0 0 0 52.34 128.86 52.34 128.86 0 0
ynao_sd_19971118_0255_li 6 6 0 0 0 74.92 125.93 74.92 125.93 0 0
ynao_sd_19971119_0100_li 7 7 0 0 0 71.62 95.13 71.62 95.13 0 0
ynao_sd_19971120_0305_li 6 6 0 0 0 70.0 81.01 70.0 81.01 0 0
ynao_sd_19971121_0130_li 3 3 0 0 0 16.79 18.49 16.79 18.49 0 0
ynao_sd_19971122_0140_li 1 1 0 0 0 12.09 12.95 12.09 12.95 0 0
ynao_sd_19971123_0135_li 5 5 0 0 0 56.9 82.82 56.9 82.82 0 0
ynao_sd_19971124_0110_hong 10 10 0 0 0 89.64 119.94 89.64 119.94 0 0
ynao_sd_19971125_0105_hong 6 6 0 0 0 56.39 85.05 56.39 85.05 0 0
ynao_sd_19971126_0100_hong 3 3 0 0 0 24.47 37.34 24.47 37.34 0 0
ynao_sd_19971127_0110_hong 1 1 0 0 0 10.15 15.54 10.15 15.54 0 0
ynao_sd_19971128_0105_hong 1 1 0 0 0 6.18 6.49 6.18 6.49 0 0
ynao_sd_19971129_0110_hong 1 1 0 0 0 7.75 8.45 7.75 8.45 0 0
ynao_sd_19971130_0150_hong 0 0 0 0 0 0 0 0 0 0 0
ynao_sd_19971201_0115_li 5 5 0 0 0 31.14 34.9 31.14 34.9 0 0
ynao_sd_19971203_0300_hong 0 0 0 0 0 0 0 0 0 0 0
ynao_sd_19971204_0140_li 2 2 0 0 0 11.62 13.4 11.62 13.4 0 0
ynao_sd_19971205_0100_li 0 0 0 0 0 0 0 0 0 0 0
ynao_sd_19971206_0120_li 0 0 0 0 0 0 0 0 0 0 0
ynao_sd_19971207_0140_li 0 0 0 0 0 0 0 0 0 0 0
ynao_sd_19971210_0410_hong 8 7 1 2 0 238.1 305.05 95.61 119.12 142.49 185.93
ynao_sd_19971211_0430_hong 7 6 1 1 0 240.91 291.06 102.49 115.19 138.42 175.87
ynao_sd_19971212_0140_hong 7 6 1 1 0 203.24 247.65 68.0 75.97 135.24 171.68
ynao_sd_19971213_0120_hong 7 6 1 1 0 195.27 248.14 75.74 90.22 119.53 157.92
ynao_sd_19971214_0200_hong 2 1 1 1 0 106.3 149.39 21.38 28.63 84.92 120.76
ynao_sd_19971215_0855_li 1 0 1 1 0 67.11 113.42 7.35 12.4 59.76 101.02
ynao_sd_19971216_0120_li 1 0 1 1 0 51.67 102.34 4.86 9.61 46.81 92.73
ynao_sd_19971217_0100_li 2 2 0 0 0 36.16 84.17 36.16 84.17 0 0
ynao_sd_19971218_0340_li 1 1 0 0 0 8.55 36.98 8.55 36.98 0 0
ynao_sd_19971219_0120_li 0 0 0 0 0 0 0 0 0 0 0
ynao_sd_19971220_0055_li 1 1 0 0 0 5.75 6.79 5.75 6.79 0 0
ynao_sd_19971221_0200_li 1 1 0 1 0 47.89 171.76 10.63 47.71 37.26 124.05
ynao_sd_19971222_0120_hong 18 12 6 4 0 328.06 758.7 149.5 367.45 178.56 391.25
ynao_sd_19971223_0410_hong 27 13 14 7 0 740.08 1214.66 230.37 380.78 509.71 833.88
ynao_sd_19971224_0120_hong 25 14 11 5 0 1066.07 1447.71 306.9 412.52 759.17 1035.19
ynao_sd_19971225_0115_hong 32 24 8 4 0 855.77 1003.05 352.05 411.0 503.72 592.05
ynao_sd_19971226_0120_hong 31 22 9 4 0 758.01 827.67 278.68 307.04 479.33 520.63
ynao_sd_19971227_0130_hong 21 15 6 4 0 700.48 750.62 245.76 269.03 454.72 481.59
ynao_sd_19971228_0200_hong 25 17 8 3 0 660.94 715.59 227.04 246.22 433.9 469.37
ynao_sd_19971229_0115_li 9 5 4 2 0 329.0 379.92 85.41 99.96 243.59 279.96
ynao_sd_19971230_0120_li 9 5 4 3 0 346.81 450.64 73.31 94.37 273.5 356.27
ynao_sd_19971231_0725_li 9 2 7 4 0 249.99 346.36 55.03 71.87 194.96 274.49
