ynao_sd_19980101_0140_hong 18 16 2 1 0 182.56 288.81 146.27 210.08 36.29 78.73
ynao_sd_19980102_0130_hong 9 9 0 0 0 68.69 77.56 68.69 77.56 0 0
ynao_sd_19980103_0140_hong 4 4 0 0 0 21.29 25.54 21.29 25.54 0 0
ynao_sd_19980104_0130_hong 4 4 0 0 0 34.8 43.72 34.8 43.72 0 0
ynao_sd_19980105_0120_hong 2 2 0 0 0 32.18 40.12 32.18 40.12 0 0
ynao_sd_19980106_0130_hong 1 1 0 0 0 7.0 15.27 7.0 15.27 0 0
ynao_sd_19980107_0120_hong 1 1 0 0 0 13.24 36.35 13.24 36.35 0 0
ynao_sd_19980108_0115_hong 0 0 0 0 0 0 0 0 0 0 0
ynao_sd_19980109_0130_hong 1 1 0 0 0 6.51 9.34 6.51 9.34 0 0
ynao_sd_19980110_0130_hong 3 3 0 0 0 21.17 26.39 21.17 26.39 0 0
ynao_sd_19980111_0150_li 10 10 0 0 0 88.22 99.76 88.22 99.76 0 0
ynao_sd_19980112_0140_li 28 28 0 0 0 182.72 196.73 182.72 196.73 0 0
ynao_sd_19980113_0130_li 27 23 4 3 0 357.91 377.5 170.35 179.5 187.56 198.0
ynao_sd_19980114_0250_li 17 14 3 3 0 349.22 409.53 175.19 221.59 174.03 187.94
ynao_sd_19980115_0130_li 20 12 8 3 0 631.16 740.48 176.68 212.19 454.48 528.29
ynao_sd_19980116_0150_li 13 11 2 3 0 654.67 866.69 188.4 241.17 466.27 625.52
ynao_sd_19980117_0130_li 12 10 2 2 0 406.85 683.87 162.01 274.54 244.84 409.33
ynao_sd_19980118_0200_li 12 10 2 1 0 275.71 606.61 123.85 246.16 151.86 360.45
ynao_sd_19980119_0200_hong 16 15 1 1 0 208.04 657.9 132.33 341.29 75.71 316.61
ynao_sd_19980120_0140_hong 8 8 0 0 0 63.78 83.69 63.78 83.69 0 0
ynao_sd_19980121_0150_hong 2 2 0 0 0 24.43 27.24 24.43 27.24 0 0
ynao_sd_19980122_0530_hong 1 1 0 0 0 13.68 52.85 13.68 52.85 0 0
ynao_sd_19980123_0140_hong 12 11 1 1 0 121.43 203.45 83.98 107.88 37.45 95.57
ynao_sd_19980124_0140_hong 26 21 5 2 0 315.72 499.42 187.37 292.66 128.35 206.76
ynao_sd_19980125_0150_hong 35 31 4 3 0 559.26 777.96 285.61 396.63 273.65 381.33
ynao_sd_19980126_0140_li 30 22 8 4 0 611.9 812.38 183.02 240.37 428.88 572.01
ynao_sd_19980127_0150_li 22 18 4 3 0 604.3 789.28 193.18 254.06 411.12 535.22
ynao_sd_19980130_0140_li 7 4 3 1 0 264.22 328.12 54.57 66.65 209.65 261.47
ynao_sd_19980131_0130_li 3 0 3 1 0 214.91 309.52 25.03 35.96 189.88 273.56
ynao_sd_19980201_0150_li 2 0 2 1 0 155.81 267.36 24.5 41.84 131.31 225.52
ynao_sd_19980202_0150_hong 5 3 2 1 0 170.8 359.55 62.29 106.43 108.51 253.12
ynao_sd_19980203_0145_hong 5 3 2 1 0 149.38 485.56 77.4 223.97 71.98 261.59
ynao_sd_19980204_0200_hong 4 3 1 1 0 72.85 241.12 25.23 86.35 47.62 154.77
ynao_sd_19980205_0830_hong 5 4 1 1 0 106.73 190.34 40.31 70.81 66.42 119.53
ynao_sd_19980206_0405_hong 5 4 1 1 0 122.98 178.97 47.93 68.4 75.05 110.57
ynao_sd_19980207_0410_hong 8 6 2 1 0 154.05 233.97 72.83 133.23 81.22 100.74
ynao_sd_19980208_0430_hong 7 6 1 1 0 171.97 352.32 83.14 253.87 88.83 98.45
ynao_sd_19980209_0130_li 6 5 1 1 0 140.9 159.16 50.86 63.83 90.04 95.33
ynao_sd_19980210_0140_li 5 4 1 1 0 120.18 131.31 50.39 58.03 69.79 73.28
ynao_sd_19980211_0130_li 7 6 1 1 0 99.78 136.07 57.56 90.28 42.22 45.79
ynao_sd_19980212_0120_li 15 12 3 2 0 230.88 355.2 115.15 190.23 115.73 164.97
ynao_sd_19980213_0100_li 17 11 6 3 0 601.31 806.91 146.02 207.62 455.29 599.29
ynao_sd_19980214_0130_li 28 23 5 3 0 870.13 1029.57 253.33 314.74 616.8 714.83
ynao_sd_19980215_0210_li 36 26 10 5 0 965.28 1047.66 278.05 308.95 687.23 738.71
ynao_sd_19980216_0200_hong 35 23 12 4 0 1177.55 1241.08 330.2 351.12 847.35 889.96
ynao_sd_19980217_0130_hong 43 31 12 4 0 1205.21 1291.23 391.91 418.34 813.3 872.89
ynao_sd_19980218_0130_hong 32 22 10 3 0 1034.98 1190.14 291.67 329.79 743.31 860.35
ynao_sd_19980219_0200_hong 22 15 7 5 0 843.61 1084.25 247.06 302.57 596.55 781.68
ynao_sd_19980220_0120_hong 19 14 5 3 0 681.95 1032.87 217.32 307.82 464.63 725.05
ynao_sd_19980221_0140_hong 17 15 2 1 0 435.31 922.95 143.29 268.82 292.02 654.13
ynao_sd_19980222_0410_hong 10 8 2 1 0 314.91 1062.47 120.45 331.24 194.46 731.23
ynao_sd_19980223_0220_li 9 9 0 0 0 81.79 155.39 81.79 155.39 0 0
ynao_sd_19980224_0220_li 6 6 0 0 0 42.57 119.12 42.57 119.12 0 0
ynao_sd_19980225_0100_li 11 11 0 0 0 91.58 110.96 91.58 110.96 0 0
ynao_sd_19980226_0250_li 9 8 1 1 0 172.71 196.99 74.91 92.83 97.8 104.16
ynao_sd_19980227_0140_li 5 3 2 1 0 65.54 70.56 30.5 33.28 35.04 37.28
ynao_sd_19980228_0120_li 14 14 0 0 0 87.22 108.22 87.22 108.22 0 0
ynao_sd_19980301_0200_li 18 14 4 2 0 262.58 362.05 120.52 154.49 142.06 207.56
ynao_sd_19980302_0120_hong 49 46 3 2 0 602.37 954.75 335.93 517.44 266.44 437.31
ynao_sd_19980303_0140_hong 43 36 7 3 0 771.97 991.26 333.87 436.18 438.1 555.08
ynao_sd_19980304_0205_hong 22 13 9 5 0 873.74 1330.85 236.95 361.76 636.79 969.09
ynao_sd_19980305_0120_hong 18 12 6 4 0 754.11 1569.12 191.91 392.95 562.2 1176.17
ynao_sd_19980306_0130_hong 9 6 3 3 0 534.97 1663.06 80.61 242.79 454.36 1420.27
ynao_sd_19980307_0120_hong 10 9 1 1 0 186.7 596.27 92.4 212.03 94.3 384.24
ynao_sd_19980309_0130_li 11 10 1 1 0 121.3 166.89 91.75 135.25 29.55 31.64
ynao_sd_19980310_0120_li 19 19 0 0 0 193.75 246.69 193.75 246.69 0 0
ynao_sd_19980311_0100_li 20 18 2 2 0 1706.67 4386.56 197.92 267.84 1508.75 4118.72
ynao_sd_19980312_0120_li 41 38 3 3 0 477.91 686.83 283.0 377.37 194.91 309.46
ynao_sd_19980313_0130_li 26 22 4 2 0 412.69 528.79 209.15 256.05 203.54 272.74
ynao_sd_19980314_0120_li 44 41 3 3 0 649.14 757.59 367.33 424.99 281.81 332.6
ynao_sd_19980315_0130_li 70 49 21 9 0 1754.07 1884.32 514.37 563.29 1239.7 1321.03
ynao_sd_19980317_0130_hong 63 40 23 12 0 1888.49 2077.18 579.54 652.56 1308.95 1424.62
ynao_sd_19980318_0120_hong 45 29 16 7 0 1771.3 2091.18 526.03 628.54 1245.27 1462.64
ynao_sd_19980319_0130_hong 49 29 20 9 0 1602.76 2230.98 506.22 724.42 1096.54 1506.56
ynao_sd_19980320_0120_hong 40 25 15 8 0 1590.44 2810.01 356.64 639.5 1233.8 2170.51
ynao_sd_19980321_0110_hong 33 26 7 4 0 1065.67 2469.38 389.67 892.63 676.0 1576.75
ynao_sd_19980322_0230_hong 29 17 12 10 0 819.23 2596.75 246.58 711.53 572.65 1885.22
ynao_sd_19980323_0200_hong 32 24 8 5 0 768.02 1835.53 298.49 724.44 469.53 1111.09
ynao_sd_19980324_0110_hong 35 21 14 7 0 975.18 1491.08 286.06 416.25 689.12 1074.83
ynao_sd_19980325_0130_hong 33 25 8 4 0 1047.13 1370.94 417.44 520.25 629.69 850.69
ynao_sd_19980326_0540_hong 46 36 10 5 0 1266.24 1484.33 467.42 534.27 798.82 950.06
ynao_sd_19980327_0120_hong 50 45 5 3 0 1207.31 1310.46 528.86 568.08 678.45 742.38
ynao_sd_19980328_0130_hong 51 48 3 2 0 1260.08 1396.3 580.05 677.01 680.03 719.29
ynao_sd_19980329_0200_hong 47 42 5 2 0 1153.27 1511.83 464.97 646.44 688.3 865.39
ynao_sd_19980330_0140_hong 25 22 3 3 0 1013.32 1322.83 293.03 382.39 720.29 940.44
ynao_sd_19980331_0825_li 30 24 6 4 0 1033.55 1392.07 309.94 440.76 723.61 951.31
ynao_sd_19980401_0100_li 29 22 7 5 0 1026.25 1473.17 281.37 414.52 744.88 1058.65
ynao_sd_19980402_0125_li 27 22 5 4 0 797.74 1264.66 244.72 314.48 553.02 950.18
ynao_sd_19980403_0050_li 41 37 4 4 0 669.3 1051.26 287.66 374.47 381.64 676.79
ynao_sd_19980404_0040_li 25 22 3 2 0 398.2 673.44 196.77 252.01 201.43 421.43
ynao_sd_19980405_0140_li 39 35 4 4 0 671.11 1050.78 298.17 416.44 372.94 634.34
ynao_sd_19980406_0050_li 30 24 6 6 0 2284.52 5751.85 283.25 495.79 2001.27 5256.06
ynao_sd_19980407_0130_li 37 29 8 5 0 1192.4 1683.72 327.34 455.73 865.06 1227.99
ynao_sd_19980408_0520_hong 46 29 17 12 0 1800.44 2536.59 474.9 691.16 1325.54 1845.43
ynao_sd_19980409_0050_hong 75 59 16 11 0 1960.36 2491.83 666.13 884.45 1294.23 1607.38
ynao_sd_19980410_0100_hong 82 74 8 6 0 1752.04 2051.71 811.52 1000.3 940.52 1051.41
ynao_sd_19980411_0040_hong 70 59 11 9 0 1802.75 2087.66 758.63 900.61 1044.12 1187.05
ynao_sd_19980412_0300_hong 63 55 8 6 0 1624.09 1966.93 661.46 806.24 962.63 1160.69
ynao_sd_19980413_0130_li 47 41 6 4 0 915.28 1168.63 322.92 390.54 592.36 778.09
ynao_sd_19980414_0240_li 33 29 4 3 0 733.34 1019.2 266.92 417.71 466.42 601.49
ynao_sd_19980417_0140_li 6 5 1 1 0 117.62 291.77 42.71 69.34 74.91 222.43
ynao_sd_19980419_0200_li 1 1 0 0 0 11.58 46.61 11.58 46.61 0 0
ynao_sd_19980420_0140_hong 0 0 0 0 0 0 0 0 0 0 0
ynao_sd_19980421_0530_hong 1 1 0 0 0 11.62 11.66 11.62 11.66 0 0
ynao_sd_19980422_0050_hong 0 0 0 0 0 0 0 0 0 0 0
ynao_sd_19980423_0050_hong 0 0 0 0 0 0 0 0 0 0 0
ynao_sd_19980424_0100_hong 2 2 0 0 0 16.27 17.01 16.27 17.01 0 0
ynao_sd_19980425_0050_hong 11 10 1 1 0 192.7 976.42 78.02 306.82 114.68 669.6
ynao_sd_19980426_0200_li 13 12 1 1 0 290.76 698.5 117.88 264.23 172.88 434.27
ynao_sd_19980427_0100_li 6 5 1 1 0 347.9 619.28 78.68 138.84 269.22 480.44
ynao_sd_19980428_0040_li 7 6 1 1 0 465.29 646.82 72.16 98.31 393.13 548.51
ynao_sd_19980429_0115_li 14 12 2 1 0 496.0 586.04 119.05 141.33 376.95 444.71
ynao_sd_19980430_0045_li 18 16 2 1 0 616.56 665.25 161.48 176.69 455.08 488.56
ynao_sd_19980501_0140_li 24 18 6 2 0 793.98 821.71 149.5 159.25 644.48 662.46
ynao_sd_19980502_0120_li 23 18 5 1 0 1167.64 1209.68 222.56 234.36 945.08 975.32
ynao_sd_19980503_0200_li 25 19 6 2 0 928.78 1117.59 245.42 293.23 683.36 824.36
ynao_sd_19980504_0110_hong 30 21 9 2 0 987.07 1246.78 298.91 367.64 688.16 879.14
ynao_sd_19980505_0105_hong 25 16 9 3 0 929.31 1354.27 267.3 378.45 662.01 975.82
ynao_sd_19980506_0100_hong 19 13 6 3 0 767.29 1399.55 211.5 391.96 555.79 1007.59
ynao_sd_19980507_0100_hong 15 8 7 4 0 559.04 1411.31 143.24 387.59 415.8 1023.72
ynao_sd_19980508_0050_hong 17 11 6 4 0 541.51 1280.7 172.28 413.81 369.23 866.89
ynao_sd_19980509_0100_hong 26 19 7 4 0 737.74 1024.67 214.24 297.26 523.5 727.41
ynao_sd_19980510_0140_hong 22 16 6 3 0 652.71 795.68 218.65 264.2 434.06 531.48
ynao_sd_19980511_0100_li 22 19 3 4 0 603.37 672.55 177.91 200.06 425.46 472.49
ynao_sd_19980512_0040_li 25 21 4 6 0 1773.03 5086.81 205.88 273.15 1567.15 4813.66
ynao_sd_19980513_0030_li 38 32 6 5 0 687.37 884.59 271.56 353.23 415.81 531.36
ynao_sd_19980514_0045_li 44 40 4 4 0 646.46 828.52 299.54 410.77 346.92 417.75
ynao_sd_19980515_0030_li 36 31 5 4 0 634.84 798.97 252.19 318.68 382.65 480.29
ynao_sd_19980516_0040_li 46 42 4 3 0 517.04 717.07 293.09 377.51 223.95 339.56
ynao_sd_19980517_0220_li 36 29 7 5 0 533.67 875.24 255.74 354.59 277.93 520.65
ynao_sd_19980518_0240_hong 45 41 4 3 0 517.1 1130.11 336.79 517.89 180.31 612.22
ynao_sd_19980519_0100_hong 26 24 2 0 0 206.57 359.8 220.47 375.95 13.9 16.15
ynao_sd_19980520_0220_hong 12 12 0 0 0 99.91 137.98 99.91 137.98 0 0
ynao_sd_19980521_0420_hong 4 4 0 0 0 43.16 68.8 43.16 68.8 0 0
ynao_sd_19980522_0220_hong 3 3 0 0 0 20.18 39.52 20.18 39.52 0 0
ynao_sd_19980523_0230_hong 4 4 0 0 0 30.86 101.8 30.86 101.8 0 0
ynao_sd_19980525_0100_li 2 2 0 0 0 21.59 33.32 21.59 33.32 0 0
ynao_sd_19980526_0025_li 1 1 0 0 0 6.3 8.35 6.3 8.35 0 0
ynao_sd_19980530_0705_li 8 8 0 0 0 53.3 100.93 53.3 100.93 0 0
ynao_sd_19980531_0150_li 21 21 0 0 0 132.23 216.98 132.23 216.98 0 0
ynao_sd_19980601_0140_hong 24 24 0 0 0 209.3 311.17 209.3 311.17 0 0
ynao_sd_19980602_0050_hong 22 15 7 4 0 577.3 1170.69 216.46 348.18 360.84 822.51
ynao_sd_19980603_0420_hong 19 10 9 3 0 729.9 1315.29 223.72 388.28 506.18 927.01
ynao_sd_19980604_0430_hong 32 24 8 4 0 1003.29 1446.65 343.02 491.86 660.27 954.79
ynao_sd_19980606_0550_hong 22 16 6 3 0 1001.73 1180.9 333.72 391.22 668.01 789.68
ynao_sd_19980607_0130_hong 37 34 3 2 0 1124.93 1392.74 439.83 603.35 685.1 789.39
ynao_sd_19980608_0140_li 23 21 2 2 0 949.08 1101.3 252.35 300.02 696.73 801.28
ynao_sd_19980609_0640_li 16 14 2 2 0 895.46 1123.61 208.17 264.51 687.29 859.1
ynao_sd_19980610_0530_li 35 31 4 3 0 1017.67 1403.4 339.04 475.3 678.63 928.1
ynao_sd_19980611_0240_li 26 23 3 2 0 820.94 1184.97 257.33 354.14 563.61 830.83
ynao_sd_19980612_0020_li 28 23 5 3 0 775.24 1494.87 272.54 490.88 502.7 1003.99
ynao_sd_19980613_0050_li 15 11 4 3 0 556.06 1183.65 147.63 298.05 408.43 885.6
ynao_sd_19980614_0240_li 9 6 3 2 0 213.73 485.35 73.71 146.33 140.02 339.02
ynao_sd_19980615_0110_hong 15 14 1 1 0 160.97 198.54 109.99 136.77 50.98 61.77
ynao_sd_19980616_0140_hong 11 10 1 1 0 143.1 319.08 94.5 132.83 48.6 186.25
ynao_sd_19980618_0300_hong 9 8 1 1 0 181.56 261.55 89.01 111.64 92.55 149.91
ynao_sd_19980620_0510_hong 4 3 1 1 0 141.96 173.25 45.27 55.97 96.69 117.28
ynao_sd_19980622_0250_li 1 0 1 1 0 86.38 98.69 13.49 15.42 72.89 83.27
ynao_sd_19980627_0550_li 12 8 4 3 0 1374.37 2393.37 97.33 217.69 1277.04 2175.68
ynao_sd_19980628_0230_li 12 9 3 5 0 2185.4 6789.48 138.94 410.6 2046.46 6378.88
ynao_sd_19980629_0540_hong 15 4 11 6 0 1802.36 5669.72 122.24 281.5 1680.12 5388.22
ynao_sd_19980702_0020_hong 27 22 5 5 0 745.35 1026.12 241.87 311.29 503.48 714.83
ynao_sd_19980703_0430_hong 26 21 5 4 0 785.44 1008.7 283.22 340.98 502.22 667.72
ynao_sd_19980704_0410_hong 41 32 9 5 0 840.64 1076.65 343.41 439.51 497.23 637.14
ynao_sd_19980705_0415_hong 31 27 4 3 0 709.11 991.97 306.72 426.03 402.39 565.94
ynao_sd_19980707_0700_li 2 1 1 1 0 365.83 428.57 51.62 75.14 314.21 353.43
ynao_sd_19980711_0240_li 13 12 1 1 0 138.47 315.82 78.64 175.54 59.83 140.28
ynao_sd_19980712_0550_li 13 12 1 1 0 187.73 409.78 134.62 317.03 53.11 92.75
ynao_sd_19980713_0750_hong 16 16 0 2 0 372.39 496.47 217.16 288.35 155.23 208.12
ynao_sd_19980714_0530_hong 19 18 1 1 0 249.03 298.26 147.49 175.86 101.54 122.4
ynao_sd_19980717_0540_hong 29 24 5 3 0 617.75 706.23 276.85 331.36 340.9 374.87
ynao_sd_19980718_0410_hong 27 23 4 2 0 478.18 550.07 257.0 304.08 221.18 245.99
ynao_sd_19980719_0300_hong 15 12 3 1 0 352.23 436.55 187.08 235.86 165.15 200.69
ynao_sd_19980720_0320_li 16 11 5 4 0 1411.12 3279.48 120.58 199.65 1290.54 3079.83
ynao_sd_19980721_0350_li 31 27 4 3 0 393.58 644.62 188.2 291.89 205.38 352.73
ynao_sd_19980724_0620_li 10 5 5 4 0 609.28 1045.71 111.71 231.01 497.57 814.7
ynao_sd_19980725_0420_li 12 10 2 3 0 687.7 939.6 149.39 203.71 538.31 735.89
ynao_sd_19980726_0240_li 10 7 3 4 0 797.9 974.34 149.47 185.59 648.43 788.75
ynao_sd_19980727_0330_hong 10 7 3 4 0 861.1 987.37 229.77 263.04 631.33 724.33
ynao_sd_19980728_0730_hong 8 6 2 3 0 793.38 893.18 163.34 183.82 630.04 709.36
ynao_sd_19980729_0410_hong 7 6 1 1 0 688.29 810.92 184.12 215.44 504.17 595.48
ynao_sd_19980730_0830_hong 4 2 2 2 0 639.27 949.79 124.28 180.22 514.99 769.57
ynao_sd_19980731_0400_li 2 1 1 1 0 478.4 774.77 91.84 166.84 386.56 607.93
ynao_sd_19980803_0820_li 8 6 2 2 0 161.46 524.43 66.42 202.04 95.04 322.39
ynao_sd_19980805_0620_li 15 10 5 3 0 410.17 629.84 136.48 210.07 273.69 419.77
ynao_sd_19980806_0405_li 29 23 6 4 0 747.41 995.48 189.38 247.59 558.03 747.89
ynao_sd_19980807_0210_li 28 11 17 5 0 907.67 1087.8 216.26 259.18 691.41 828.62
ynao_sd_19980808_0310_li 38 24 14 7 0 995.56 1131.23 286.87 324.79 708.69 806.44
ynao_sd_19980810_0400_hong 60 46 14 8 0 1322.74 1993.38 502.44 655.68 820.3 1337.7
ynao_sd_19980812_0830_hong 17 12 5 6 0 674.03 1103.25 154.77 244.64 519.26 858.61
ynao_sd_19980813_0250_hong 23 16 7 5 0 710.92 1340.51 208.11 425.3 502.81 915.21
ynao_sd_19980814_0200_hong 23 19 4 4 0 599.26 1099.64 231.96 513.22 367.3 586.42
ynao_sd_19980815_0410_hong 8 6 2 2 0 459.09 787.87 160.36 451.52 298.73 336.35
ynao_sd_19980816_0220_hong 15 12 3 3 0 534.63 776.09 181.41 230.03 353.22 546.06
ynao_sd_19980817_0330_li 13 10 3 3 0 385.45 549.74 105.84 138.08 279.61 411.66
ynao_sd_19980818_0100_li 7 4 3 2 0 359.45 520.45 79.69 108.14 279.76 412.31
ynao_sd_19980819_0105_li 6 3 3 3 0 310.43 559.27 48.32 70.71 262.11 488.56
ynao_sd_19980820_0220_li 4 1 3 2 0 291.38 510.87 77.57 167.22 213.81 343.65
ynao_sd_19980821_0025_li 3 0 3 2 0 185.46 277.79 23.57 35.63 161.89 242.16
ynao_sd_19980822_0100_li 6 4 2 1 0 215.26 390.57 49.96 175.15 165.3 215.42
ynao_sd_19980822_0120_li 4 1 3 2 0 211.96 274.5 32.02 40.67 179.94 233.83
ynao_sd_19980823_0210_li 3 2 1 2 0 1276.41 1753.32 61.73 82.38 1214.68 1670.94
ynao_sd_19980824_0200_hong 6 4 2 2 0 294.96 376.35 82.41 108.04 212.55 268.31
ynao_sd_19980825_0540_hong 6 4 2 2 0 283.06 380.91 56.3 72.2 226.76 308.71
ynao_sd_19980826_0240_hong 4 2 2 2 0 262.32 382.86 63.44 86.83 198.88 296.03
ynao_sd_19980830_0305_hong 19 10 9 6 0 711.23 2115.13 143.76 419.38 567.47 1695.75
ynao_sd_19980831_0340_li 28 8 20 3 0 1169.81 2210.54 202.94 382.17 966.87 1828.37
ynao_sd_19980902_0310_li 42 16 26 4 0 2562.04 3235.05 339.94 431.03 2222.1 2804.02
ynao_sd_19980903_0820_li 39 16 23 2 0 2638.9 3046.73 388.21 448.63 2250.69 2598.1
ynao_sd_19980904_0115_li 34 10 24 3 0 2779.0 3155.17 375.66 426.15 2403.34 2729.02
ynao_sd_19980905_0150_li 44 20 24 5 0 2387.02 2890.8 454.98 638.37 1932.04 2252.43
ynao_sd_19980906_0155_li 37 19 18 4 0 2172.9 2819.72 324.74 426.32 1848.16 2393.4
ynao_sd_19980907_0050_li 45 25 20 4 0 1763.18 2596.45 281.44 438.21 1481.74 2158.24
ynao_sd_19980908_0500_hong 43 26 17 7 0 1547.96 2766.09 453.0 767.15 1094.96 1998.94
ynao_sd_19980909_0115_hong 37 25 12 6 0 1032.55 1953.89 372.42 694.1 660.13 1259.79
ynao_sd_19980910_0120_hong 27 22 5 5 0 595.94 1240.08 215.87 451.85 380.07 788.23
ynao_sd_19980911_0130_li 11 7 4 2 0 279.27 315.6 67.06 75.57 212.21 240.03
ynao_sd_19980912_0120_hong 18 16 2 2 0 382.03 532.3 153.24 262.97 228.79 269.33
ynao_sd_19980913_0200_hong 25 21 4 4 0 582.8 1087.89 192.43 324.27 390.37 763.62
ynao_sd_19980914_0320_li 11 7 4 4 0 316.67 542.34 73.98 130.38 242.69 411.96
ynao_sd_19980915_0450_li 5 1 4 3 0 265.76 410.03 67.08 92.53 198.68 317.5
ynao_sd_19980916_0130_li 7 4 3 2 0 280.27 395.86 56.4 118.95 223.87 276.91
ynao_sd_19980917_0400_li 9 6 3 2 0 217.38 274.79 55.28 87.74 162.1 187.05
ynao_sd_19980918_0115_li 5 2 3 3 0 160.46 192.57 35.57 42.0 124.89 150.57
ynao_sd_19980919_0100_li 30 26 4 3 0 344.65 425.67 196.73 246.36 147.92 179.31
ynao_sd_19980920_0210_li 23 21 2 2 0 306.66 382.64 193.01 245.25 113.65 137.39
ynao_sd_19980921_0230_hong 50 46 4 4 0 548.13 704.06 349.66 458.27 198.47 245.79
ynao_sd_19980922_0440_hong 54 52 2 2 0 472.71 648.2 375.26 486.14 97.45 162.06
ynao_sd_19980923_0310_li 32 32 0 1 0 301.66 417.09 262.95 361.33 38.71 55.76
ynao_sd_19980924_0420_hong 27 23 4 3 0 409.16 546.98 228.69 319.57 180.47 227.41
ynao_sd_19980925_0230_hong 32 29 3 2 0 1797.18 4987.87 256.91 423.39 1540.27 4564.48
ynao_sd_19980927_0240_hong 28 22 6 3 0 454.04 867.98 206.44 351.63 247.6 516.35
ynao_sd_19980928_0010_li 19 19 0 0 0 182.72 235.41 182.72 235.41 0 0
ynao_sd_19980929_0040_li 10 10 0 1 0 109.27 162.49 83.56 129.38 25.71 33.11
ynao_sd_19980930_0030_li 6 6 0 0 0 58.77 126.45 58.77 126.45 0 0
ynao_sd_19981001_0150_li 8 8 0 0 0 52.58 104.18 52.58 104.18 0 0
ynao_sd_19981002_0130_li 6 6 0 0 0 40.99 74.1 40.99 74.1 0 0
ynao_sd_19981003_0050_li 3 3 0 0 0 20.03 24.9 20.03 24.9 0 0
ynao_sd_19981004_0140_li 2 2 0 0 0 11.99 14.19 11.99 14.19 0 0
ynao_sd_19981005_0050_li 1 1 0 0 0 7.68 12.53 7.68 12.53 0 0
ynao_sd_19981006_0205_li 9 9 0 0 0 59.01 89.49 59.01 89.49 0 0
ynao_sd_19981007_0515_hong 11 10 1 1 0 132.6 369.84 106.11 279.71 26.49 90.13
ynao_sd_19981008_0420_hong 27 21 6 4 0 451.03 941.71 175.88 315.66 275.15 626.05
ynao_sd_19981009_0240_hong 28 24 4 2 0 445.06 759.48 216.73 379.76 228.33 379.72
ynao_sd_19981010_0300_hong 28 24 4 3 0 370.11 504.65 187.72 255.45 182.39 249.2
ynao_sd_19981011_0230_hong 25 21 4 3 0 458.5 551.91 156.9 191.18 301.6 360.73
ynao_sd_19981012_0245_hong 22 18 4 3 0 430.09 508.34 184.0 226.32 246.09 282.02
ynao_sd_19981013_0240_hong 18 15 3 3 0 324.71 380.31 133.7 164.71 191.01 215.6
ynao_sd_19981015_0300_hong 26 20 6 3 0 557.31 643.02 204.38 242.44 352.93 400.58
ynao_sd_19981016_0200_hong 27 20 7 3 0 952.44 1196.38 256.96 330.06 695.48 866.32
ynao_sd_19981021_0640_li 16 14 2 1 0 242.06 315.09 163.93 211.64 78.13 103.45
ynao_sd_19981023_0550_li 16 12 4 2 0 457.33 831.16 139.22 224.77 318.11 606.39
ynao_sd_19981025_0420_li 16 15 1 1 0 259.04 616.38 145.78 304.99 113.26 311.39
ynao_sd_19981026_0410_hong 7 7 0 0 0 65.08 162.38 65.08 162.38 0 0
ynao_sd_19981027_0120_hong 1 1 0 0 0 8.04 23.03 8.04 23.03 0 0
ynao_sd_19981028_0105_hong 3 3 0 0 0 18.29 30.19 18.29 30.19 0 0
ynao_sd_19981029_0130_li 5 5 0 0 0 44.75 107.66 44.75 107.66 0 0
ynao_sd_19981030_0130_li 6 6 0 1 0 1088.46 2680.14 50.87 98.67 1037.59 2581.47
ynao_sd_19981031_0730_li 2 2 0 0 0 26.02 40.2 26.02 40.2 0 0
ynao_sd_19981103_0055_li 2 2 0 0 0 12.12 13.82 12.12 13.82 0 0
ynao_sd_19981104_0200_li 14 14 0 0 0 104.11 116.31 104.11 116.31 0 0
ynao_sd_19981105_0140_hong 27 25 2 1 0 237.07 303.89 189.94 246.54 47.13 57.35
ynao_sd_19981106_0115_hong 27 26 1 1 0 224.29 325.19 184.28 266.69 40.01 58.5
ynao_sd_19981107_0110_hong 13 10 3 1 0 178.16 330.6 117.32 220.74 60.84 109.86
ynao_sd_19981108_0200_hong 11 8 3 1 0 131.91 297.62 86.54 199.12 45.37 98.5
ynao_sd_19981109_0120_hong 8 5 3 2 0 160.95 589.32 62.74 201.6 98.21 387.72
ynao_sd_19981110_0115_hong 8 6 2 1 0 125.08 283.61 61.12 170.97 63.96 112.64
ynao_sd_19981111_0115_hong 18 14 4 2 0 743.98 1643.39 191.6 380.07 552.38 1263.32
ynao_sd_19981112_0700_hong 23 15 8 4 0 1133.69 1832.43 312.44 534.16 821.25 1298.27
ynao_sd_19981113_0130_hong 28 23 5 4 0 1269.52 1785.9 329.94 476.0 939.58 1309.9
ynao_sd_19981114_0110_hong 31 25 6 4 0 1296.42 1599.82 362.69 453.18 933.73 1146.64
ynao_sd_19981115_0150_li 34 26 8 6 0 1258.94 1455.18 301.15 347.1 957.79 1108.08
ynao_sd_19981116_0120_li 31 26 5 3 0 1154.52 1322.83 320.27 366.93 834.25 955.9
ynao_sd_19981117_0120_li 19 15 4 2 0 1065.67 1259.88 259.98 309.44 805.69 950.44
ynao_sd_19981118_0050_li 25 22 3 3 0 897.95 1159.86 261.23 347.24 636.72 812.62
ynao_sd_19981119_0100_li 10 7 3 2 0 612.64 896.1 127.06 199.85 485.58 696.25
ynao_sd_19981120_0405_li 21 20 1 1 0 523.68 904.55 207.59 345.14 316.09 559.41
ynao_sd_19981122_0150_li 24 21 3 2 0 522.85 1223.73 242.42 473.52 280.43 750.21
ynao_sd_19981125_0530_hong 46 33 13 7 0 1117.51 1968.39 467.66 892.11 649.85 1076.28
ynao_sd_19981126_0115_hong 53 40 13 6 0 1203.99 1919.66 445.43 711.22 758.56 1208.44
ynao_sd_19981127_0230_hong 53 43 10 6 0 1061.2 1399.74 451.93 645.29 609.27 754.45
ynao_sd_19981128_0220_hong 39 33 6 6 0 892.03 1042.79 314.04 364.85 577.99 677.94
ynao_sd_19981129_0210_hong 38 32 6 5 0 767.42 816.16 318.27 343.0 449.15 473.16
ynao_sd_19981130_0130_li 19 17 2 1 0 442.16 470.25 132.36 140.69 309.8 329.56
ynao_sd_19981201_0100_li 22 18 4 1 0 361.11 407.77 145.13 161.17 215.98 246.6
ynao_sd_19981202_0120_li 8 6 2 1 0 257.23 343.03 67.88 95.12 189.35 247.91
ynao_sd_19981203_0310_li 2 1 1 1 0 143.52 234.39 25.1 39.56 118.42 194.83
ynao_sd_19981204_0120_li 2 1 1 1 0 59.32 131.9 11.04 24.87 48.28 107.03
ynao_sd_19981205_0130_li 2 2 0 0 0 39.88 130.18 39.88 130.18 0 0
ynao_sd_19981206_0150_li 9 7 2 1 0 1317.36 4620.84 67.28 121.93 1250.08 4498.91
ynao_sd_19981208_0500_hong 37 17 20 13 0 1359.38 2160.59 303.52 467.19 1055.86 1693.4
ynao_sd_19981212_0550_hong 57 50 7 6 0 1393.83 2311.06 571.74 865.0 822.09 1446.06
ynao_sd_19981213_0240_hong 62 47 15 9 0 1563.25 2232.4 591.41 911.06 971.84 1321.34
ynao_sd_19981214_0150_li 46 33 13 9 0 1077.23 1208.91 346.55 394.32 730.68 814.59
ynao_sd_19981215_0120_li 37 29 8 6 0 968.63 1133.96 311.53 369.32 657.1 764.64
ynao_sd_19981216_0130_li 38 27 11 7 0 834.59 1074.5 300.18 384.68 534.41 689.82
ynao_sd_19981217_0340_li 25 18 7 6 0 657.61 1004.48 196.76 296.76 460.85 707.72
ynao_sd_19981218_0130_li 8 7 1 3 0 287.75 503.39 94.38 162.19 193.37 341.2
ynao_sd_19981219_0310_li 12 11 1 1 0 218.15 611.19 154.5 482.9 63.65 128.29
ynao_sd_19981220_0320_li 6 5 1 1 0 95.33 334.91 55.45 216.73 39.88 118.18
ynao_sd_19981221_0130_hong 4 3 1 1 0 80.06 314.49 34.4 62.46 45.66 252.03
ynao_sd_19981222_0140_hong 2 2 0 0 0 12.76 16.99 12.76 16.99 0 0
ynao_sd_19981223_0130_hong 0 0 0 0 0 0 0 0 0 0 0
ynao_sd_19981224_0240_hong 0 0 0 0 0 0 0 0 0 0 0
ynao_sd_19981225_0130_hong 6 3 3 2 0 158.47 641.33 34.77 149.86 123.7 491.47
ynao_sd_19981226_0300_hong 16 13 3 2 0 353.02 756.19 133.88 272.18 219.14 484.01
ynao_sd_19981227_0205_hong 12 9 3 3 0 375.8 619.03 98.49 163.19 277.31 455.84
ynao_sd_19981228_0150_li 17 14 3 2 0 342.61 443.87 110.02 146.14 232.59 297.73
ynao_sd_19981229_0440_li 14 13 1 1 0 306.65 348.98 112.81 129.93 193.84 219.05
ynao_sd_19981230_0140_li 16 14 2 1 0 285.45 306.55 115.1 124.26 170.35 182.29
ynao_sd_19981231_0130_li 9 7 2 1 0 233.74 247.95 78.58 83.58 155.16 164.37
