ynao_sd_19990101_0150_li 7 4 3 2 0 202.34 222.44 50.26 55.1 152.08 167.34
ynao_sd_19990103_0210_li 6 5 1 1 0 149.37 214.76 36.76 56.44 112.61 158.32
ynao_sd_19990105_0240_hong 4 2 2 2 0 161.3 401.88 40.55 76.67 120.75 325.21
ynao_sd_19990106_0140_hong 3 3 0 2 0 1610.4 4746.41 25.98 61.33 1584.42 4685.08
ynao_sd_19990107_0410_hong 15 15 0 0 0 128.32 193.75 128.32 193.75 0 0
ynao_sd_19990108_0120_hong 12 12 0 0 0 72.93 90.82 72.93 90.82 0 0
ynao_sd_19990109_0130_hong 26 26 0 0 0 205.5 266.34 205.5 266.34 0 0
ynao_sd_19990113_0340_li 12 9 3 3 0 267.08 775.79 90.07 144.26 177.01 631.53
ynao_sd_19990116_0440_li 27 22 5 4 0 415.11 533.94 190.67 248.78 224.44 285.16
ynao_sd_19990117_0410_li 39 39 0 0 0 344.3 396.4 344.3 396.4 0 0
ynao_sd_19990118_0150_hong 47 41 6 2 0 619.44 688.34 343.28 395.52 276.16 292.82
ynao_sd_19990119_0130_hong 43 31 12 6 0 918.28 1031.47 379.88 465.02 538.4 566.45
ynao_sd_19990120_0220_hong 36 29 7 4 0 1014.17 1125.88 392.1 432.89 622.07 692.99
ynao_sd_19990121_0150_hong 36 25 11 5 0 978.91 1223.0 317.54 392.44 661.37 830.56
ynao_sd_19990122_0120_hong 24 16 8 8 0 965.1 1393.87 250.9 347.16 714.2 1046.71
ynao_sd_19990123_0150_hong 28 20 8 6 0 925.39 1716.68 279.77 499.99 645.62 1216.69
ynao_sd_19990125_0130_li 8 8 0 0 0 84.37 232.87 84.37 232.87 0 0
ynao_sd_19990126_0200_li 3 3 0 0 0 19.05 19.45 19.05 19.45 0 0
ynao_sd_19990127_0140_li 3 3 0 0 0 22.54 26.61 22.54 26.61 0 0
ynao_sd_19990128_0120_li 1 1 0 0 0 14.48 14.69 14.48 14.69 0 0
ynao_sd_19990129_0130_li 0 0 0 0 0 0 0 0 0 0 0
ynao_sd_19990130_0140_li 0 0 0 0 0 0 0 0 0 0 0
ynao_sd_19990131_0130_li 0 0 0 0 0 0 0 0 0 0 0
ynao_sd_19990201_0125_li 2 2 0 0 0 20.6 55.86 20.6 55.86 0 0
ynao_sd_19990202_0145_ye 3 3 0 0 0 26.88 49.25 26.88 49.25 0 0
ynao_sd_19990203_0610_li 12 12 0 0 0 107.71 141.56 107.71 141.56 0 0
ynao_sd_19990204_0155_ye 28 26 2 0 0 177.61 206.98 190.0 221.54 12.39 14.56
ynao_sd_19990205_0130_ye 12 11 1 1 0 185.99 203.29 119.28 130.48 66.71 72.81
ynao_sd_19990206_0130_ye 26 25 1 1 0 222.54 238.24 179.69 192.8 42.85 45.44
ynao_sd_19990207_0130_ye 22 20 2 1 0 183.58 203.69 143.44 160.38 40.14 43.31
ynao_sd_19990208_0140_ye 23 22 1 0 0 161.47 218.16 166.59 223.62 5.12 5.46
ynao_sd_19990209_0130_ye 40 38 2 1 0 515.1 1373.95 347.99 714.07 167.11 659.88
ynao_sd_19990210_0130_ye 28 25 3 1 0 743.11 1708.94 296.44 717.06 446.67 991.88
ynao_sd_19990211_0150_ye 33 27 6 2 0 1197.49 1951.34 340.29 633.07 857.2 1318.27
ynao_sd_19990212_0215_ye 26 23 3 2 0 2955.5 6216.6 566.56 769.84 2388.94 5446.76
ynao_sd_19990213_0145_ye 40 31 9 3 0 3187.53 4176.31 658.95 817.22 2528.58 3359.09
ynao_sd_19990214_0145_li 46 27 19 5 0 1735.45 1888.24 573.2 621.08 1162.25 1267.16
ynao_sd_19990215_0120_li 71 64 7 4 0 3891.73 4362.63 986.52 1075.04 2905.21 3287.59
ynao_sd_19990216_0200_li 33 26 7 5 0 2838.69 4772.12 451.33 526.87 2387.36 4245.25
ynao_sd_19990217_0130_li 22 15 7 4 0 1508.15 1746.49 338.89 382.14 1169.26 1364.35
ynao_sd_19990219_0140_li 12 7 5 2 0 1130.43 1730.92 169.13 298.63 961.3 1432.29
ynao_sd_19990220_0310_li 11 8 3 2 0 683.11 1326.56 159.55 312.26 523.56 1014.3
ynao_sd_19990221_0320_li 7 6 1 1 0 417.47 1212.26 102.64 234.09 314.83 978.17
ynao_sd_19990222_0120_li 9 8 1 2 0 1202.27 2412.27 62.12 125.58 1140.15 2286.69
ynao_sd_19990223_0130_li 10 9 1 1 0 1406.8 1624.84 68.22 156.46 1338.58 1468.38
ynao_sd_19990224_0120_li 2 2 0 0 0 46.82 81.16 46.82 81.16 0 0
ynao_sd_19990225_0100_li 7 7 0 1 0 106.09 147.02 72.19 101.48 33.9 45.54
ynao_sd_19990226_0050_li 7 6 1 1 0 95.22 114.19 49.12 60.74 46.1 53.45
ynao_sd_19990227_0045_li 1 1 0 0 0 35.96 38.51 35.96 38.51 0 0
ynao_sd_19990228_0150_li 7 7 0 0 0 64.46 70.23 64.46 70.23 0 0
ynao_sd_19990301_0140_ye 4 3 1 2 0 2390.65 8743.34 72.46 243.01 2318.19 8500.33
ynao_sd_19990302_0120_ye 12 12 0 2 0 3266.99 7870.02 137.36 245.19 3129.63 7624.83
ynao_sd_19990303_0145_ye 19 13 6 2 0 3329.95 5658.59 162.79 213.41 3167.16 5445.18
ynao_sd_19990304_0120_ye 29 27 2 3 0 2466.7 3600.91 245.02 310.77 2221.68 3290.14
ynao_sd_19990305_0115_ye 45 41 4 2 0 534.83 655.95 326.23 401.84 208.6 254.11
ynao_sd_19990306_0125_ye 31 28 3 1 0 463.85 534.79 245.03 288.76 218.82 246.03
ynao_sd_19990307_0140_ye 37 33 4 2 0 2211.82 4940.02 290.25 352.3 1921.57 4587.72
ynao_sd_19990308_0130_li 20 17 3 2 0 411.8 444.82 168.97 182.33 242.83 262.49
ynao_sd_19990309_0130_li 28 24 4 2 0 499.54 897.09 230.55 380.67 268.99 516.42
ynao_sd_19990310_0130_li 19 14 5 4 0 2026.13 2650.49 182.21 288.27 1843.92 2362.22
ynao_sd_19990311_0140_li 24 19 5 4 0 643.49 1006.04 173.19 291.36 470.3 714.68
ynao_sd_19990312_0130_li 20 15 5 3 0 534.18 1006.5 191.51 426.14 342.67 580.36
ynao_sd_19990313_0140_ye 16 12 4 2 0 317.34 583.46 116.59 163.34 200.75 420.12
ynao_sd_19990314_0140_ye 10 8 2 1 0 168.51 188.24 64.9 77.34 103.61 110.9
ynao_sd_19990315_0055_ye 18 17 1 1 0 159.9 174.46 123.45 136.65 36.45 37.81
ynao_sd_19990316_0055_ye 11 11 0 1 0 134.8 144.6 84.64 92.01 50.16 52.59
ynao_sd_19990317_0105_li 15 15 0 0 0 93.45 100.77 93.45 100.77 0 0
ynao_sd_19990318_0120_li 22 20 2 1 0 226.06 276.09 180.1 227.01 45.96 49.08
ynao_sd_19990319_0050_li 20 18 2 2 0 212.43 268.15 138.33 186.09 74.1 82.06
ynao_sd_19990320_0130_li 29 25 4 2 0 261.13 305.97 177.75 211.98 83.38 93.99
ynao_sd_19990321_0150_li 26 25 1 1 0 242.44 279.67 204.02 238.35 38.42 41.32
ynao_sd_19990322_0140_ye 35 32 3 1 0 297.51 356.48 265.41 317.91 32.1 38.57
ynao_sd_19990323_0145_ye 39 34 5 3 0 3529.24 4511.09 291.57 414.95 3237.67 4096.14
ynao_sd_19990324_0205_ye 11 11 0 0 0 74.79 106.81 74.79 106.81 0 0
ynao_sd_19990325_0110_ye 2 2 0 0 0 23.09 70.99 23.09 70.99 0 0
ynao_sd_19990326_0045_ye 0 0 0 0 0 0 0 0 0 0 0
ynao_sd_19990327_0130_li 2 2 0 0 0 12.75 14.86 12.75 14.86 0 0
ynao_sd_19990328_0145_ye 12 10 2 0 0 79.85 93.38 93.83 109.87 13.98 16.49
ynao_sd_19990329_0200_li 2 1 1 0 0 35.14 260.92 40.06 297.19 4.92 36.27
ynao_sd_19990330_0100_li 10 8 2 1 0 171.06 409.55 87.8 159.9 83.26 249.65
ynao_sd_19990331_0120_li 4 2 2 1 0 138.47 262.31 37.4 57.6 101.07 204.71
ynao_sd_19990401_0130_li 5 2 3 2 0 162.7 246.96 32.38 46.73 130.32 200.23
ynao_sd_19990402_0120_li 6 3 3 2 0 144.85 184.63 35.84 44.61 109.01 140.02
ynao_sd_19990403_0050_li 14 11 3 2 0 161.32 184.45 88.24 100.08 73.08 84.37
ynao_sd_19990404_0140_li 28 27 1 1 0 248.12 267.22 216.32 232.52 31.8 34.7
ynao_sd_19990405_0250_li 22 17 5 4 0 583.86 646.31 201.47 221.22 382.39 425.09
ynao_sd_19990406_0240_li 33 28 5 2 0 602.54 828.36 265.26 406.31 337.28 422.05
ynao_sd_19990407_0130_li 30 20 10 5 0 634.2 971.87 191.73 273.29 442.47 698.58
ynao_sd_19990408_0210_li 11 7 4 3 0 357.2 593.43 89.31 137.25 267.89 456.18
ynao_sd_19990409_0130_li 16 10 6 3 0 1190.99 1466.62 116.09 165.23 1074.9 1301.39
ynao_sd_19990410_0100_ye 21 19 2 2 0 346.29 415.17 164.17 220.98 182.12 194.19
ynao_sd_19990411_0140_ye 27 23 4 3 0 454.72 511.94 228.27 267.08 226.45 244.86
ynao_sd_19990412_0045_ye 52 49 3 1 0 490.5 528.96 400.09 435.98 90.41 92.98
ynao_sd_19990413_0045_ye 60 56 4 2 0 563.63 606.53 444.96 480.01 118.67 126.52
ynao_sd_19990414_0050_ye 39 39 0 0 0 351.06 390.89 351.06 390.89 0 0
ynao_sd_19990415_0135_ye 66 66 0 0 0 496.37 683.8 496.37 683.8 0 0
ynao_sd_19990416_0030_ye 38 34 4 3 0 4667.03 6964.1 350.46 482.16 4316.57 6481.94
ynao_sd_19990417_0030_ye 41 39 2 1 0 451.29 722.83 348.09 588.81 103.2 134.02
ynao_sd_19990418_0100_ye 33 28 5 2 0 441.44 706.49 257.28 412.33 184.16 294.16
ynao_sd_19990419_0045_ye 24 19 5 2 0 361.33 499.1 165.29 237.5 196.04 261.6
ynao_sd_19990420_0050_ye 32 24 8 2 0 487.96 603.83 251.9 320.88 236.06 282.95
ynao_sd_19990421_0120_ye 21 16 5 3 0 479.8 532.59 198.54 221.79 281.26 310.8
ynao_sd_19990422_0120_ye 24 19 5 3 0 426.44 450.92 201.39 212.75 225.05 238.17
ynao_sd_19990423_0110_ye 32 27 5 2 0 507.04 537.81 249.73 270.19 257.31 267.62
ynao_sd_19990424_0050_li 24 21 3 1 0 347.93 395.3 156.83 197.08 191.1 198.22
ynao_sd_19990425_0045_li 11 9 2 1 0 210.03 234.79 89.41 99.52 120.62 135.27
ynao_sd_19990426_0220_li 1 0 1 1 0 143.57 186.01 19.88 25.72 123.69 160.29
ynao_sd_19990428_0620_li 1 0 1 1 0 65.93 169.13 14.14 36.29 51.79 132.84
ynao_sd_19990503_0240_ye 11 11 0 0 0 82.98 89.12 82.98 89.12 0 0
ynao_sd_19990511_0220_li 30 30 0 0 1 286.59 402.35 286.59 402.35 0 0
ynao_sd_19990512_0120_li 26 24 2 2 0 291.47 367.62 207.46 231.11 84.01 136.51
ynao_sd_19990513_0420_li 25 23 2 3 0 294.75 363.53 185.79 211.45 108.96 152.08
ynao_sd_19990514_0120_li 12 10 2 2 0 269.98 376.39 129.35 191.4 140.63 184.99
ynao_sd_19990515_0030_li 14 12 2 2 0 251.25 391.93 119.42 206.78 131.83 185.15
ynao_sd_19990517_0045_ye 32 25 7 5 0 1880.06 2736.94 327.2 522.45 1552.86 2214.49
ynao_sd_19990518_0320_ye 27 20 7 3 0 489.45 558.42 214.32 257.98 275.13 300.44
ynao_sd_19990519_0120_li 39 33 6 3 0 532.05 586.71 260.99 295.97 271.06 290.74
ynao_sd_19990520_0240_li 27 21 6 6 0 634.65 910.94 182.66 221.5 451.99 689.44
ynao_sd_19990522_0130_ye 55 41 14 6 0 2256.66 4127.13 469.97 674.85 1786.69 3452.28
ynao_sd_19990524_0555_ye 25 19 6 3 0 574.12 771.02 257.5 330.32 316.62 440.7
ynao_sd_19990525_0250_ye 26 21 5 4 0 513.19 736.15 171.18 228.51 342.01 507.64
ynao_sd_19990531_0145_ye 20 15 5 2 0 1575.13 4756.59 181.08 294.44 1394.05 4462.15
ynao_sd_19990601_0320_li 27 22 5 3 0 473.99 613.27 213.87 331.25 260.12 282.02
ynao_sd_19990602_0140_ye 57 50 7 3 0 897.16 1056.64 409.66 493.32 487.5 563.32
ynao_sd_19990603_0125_ye 43 31 12 5 0 1068.3 1160.71 412.86 459.8 655.44 700.91
ynao_sd_19990604_0100_ye 47 33 14 5 0 1270.98 1395.91 350.52 383.5 920.46 1012.41
ynao_sd_19990605_0100_ye 34 20 14 8 0 4514.74 10567.68 330.59 412.49 4184.15 10155.19
ynao_sd_19990606_0020_ye 44 30 14 7 0 5274.52 8155.45 422.1 653.75 4852.42 7501.7
ynao_sd_19990607_0525_ye 44 34 10 4 0 2278.44 3410.24 406.8 630.0 1871.64 2780.24
ynao_sd_19990608_0040_ye 55 47 8 5 0 2013.13 3520.17 454.58 744.07 1558.55 2776.1
ynao_sd_19990609_0100_ye 32 26 6 3 0 663.89 1401.24 307.11 668.64 356.78 732.6
ynao_sd_19990610_0405_ye 14 8 6 4 0 3347.27 4056.03 120.88 188.42 3226.39 3867.61
ynao_sd_19990611_0230_ye 24 17 7 4 0 2757.38 3298.85 281.28 350.86 2476.1 2947.99
ynao_sd_19990614_0100_ye 38 30 8 4 0 1113.16 1382.31 335.29 440.33 777.87 941.98
ynao_sd_19990615_0020_ye 49 43 6 4 0 2514.47 3133.47 476.29 653.37 2038.18 2480.1
ynao_sd_19990616_0015_ye 26 20 6 3 0 736.73 827.08 205.44 251.79 531.29 575.29
ynao_sd_19990617_0250_ye 25 20 5 3 0 682.2 802.84 204.58 252.14 477.62 550.7
ynao_sd_19990618_0155_ye 21 19 2 1 0 528.69 677.25 269.36 321.36 259.33 355.89
ynao_sd_19990619_0055_ye 0 0 0 0 0 0 0 0 0 0 0
ynao_sd_19990620_0045_ye 4 3 1 1 0 138.99 300.04 44.01 80.34 94.98 219.7
ynao_sd_19990621_0430_ye 2 2 0 0 0 78.46 309.46 78.46 309.46 0 0
ynao_sd_19990622_0530_ye 7 7 0 0 0 48.58 146.33 48.58 146.33 0 0
ynao_sd_19990624_0710_ye 12 10 2 1 0 171.58 373.72 140.99 350.04 30.59 23.68
ynao_sd_19990625_0730_ye 32 26 6 3 0 465.16 813.67 335.21 631.34 129.95 182.33
ynao_sd_19990626_0630_ye 25 14 11 7 0 1671.71 3322.21 222.56 336.36 1449.15 2985.85
ynao_sd_19990628_0230_ye 56 48 8 8 0 709.9 921.48 358.55 489.66 351.35 431.82
ynao_sd_19990629_0300_ye 72 58 14 6 0 2227.15 2469.73 420.41 488.06 1806.74 1981.67
ynao_sd_19990630_0545_ye 59 52 7 5 0 2818.74 3349.95 418.94 489.84 2399.8 2860.11
ynao_sd_19990701_0310_ye 68 61 7 4 0 809.99 923.1 524.67 599.64 285.32 323.46
ynao_sd_19990705_0125_ye 46 30 16 9 0 4615.2 7693.29 477.29 748.79 4137.91 6944.5
ynao_sd_19990706_0400_ye 26 18 8 3 0 1026.29 1574.13 298.31 457.64 727.98 1116.49
ynao_sd_19990707_0145_ye 36 28 8 4 0 1177.77 2239.16 410.83 798.38 766.94 1440.78
ynao_sd_19990708_0405_ye 34 26 8 6 0 943.0 1735.37 346.08 807.48 596.92 927.89
ynao_sd_19990713_0100_li 33 28 5 3 0 589.0 899.02 247.01 366.01 341.99 533.01
ynao_sd_19990714_0340_ye 36 32 4 2 0 584.22 656.39 260.99 312.6 323.23 343.79
ynao_sd_19990715_0500_ye 28 24 4 1 0 438.28 497.28 229.05 277.1 209.23 220.18
ynao_sd_19990717_0200_ye 44 38 6 3 0 579.48 788.04 338.41 481.72 241.07 306.32
ynao_sd_19990719_0155_ye 20 19 1 1 0 235.82 398.33 146.5 239.37 89.32 158.96
ynao_sd_19990720_0040_ye 6 4 2 2 0 116.13 242.2 44.59 72.26 71.54 169.94
ynao_sd_19990721_0410_ye 3 3 0 0 0 40.87 168.59 40.87 168.59 0 0
ynao_sd_19990723_0220_ye 16 15 1 1 0 189.51 543.36 139.57 247.42 49.94 295.94
ynao_sd_19990724_0100_ye 19 18 1 1 0 188.01 428.63 133.52 272.18 54.49 156.45
ynao_sd_19990727_0030_ye 48 32 16 8 0 1209.11 2090.32 446.81 734.72 762.3 1355.6
ynao_sd_19990728_0100_ye 51 36 15 8 0 1478.33 2079.44 517.5 701.77 960.83 1377.67
ynao_sd_19990730_0125_ye 96 76 20 9 0 2001.64 2370.68 761.37 885.66 1240.27 1485.02
ynao_sd_19990731_0055_ye 85 72 13 9 0 1806.89 2167.17 787.39 946.84 1019.5 1220.33
ynao_sd_19990802_0030_ye 81 58 23 8 0 1573.47 2131.79 704.76 968.25 868.71 1163.54
ynao_sd_19990803_0730_ye 47 29 18 6 0 3185.53 5522.58 528.39 962.96 2657.14 4559.62
ynao_sd_19990804_0120_ye 48 28 20 7 0 4522.39 8937.0 468.63 1021.59 4053.76 7915.41
ynao_sd_19990805_0100_ye 55 49 6 3 0 804.91 2028.45 542.47 1362.15 262.44 666.3
ynao_sd_19990806_0220_ye 52 47 5 3 0 810.3 1687.44 552.97 1325.94 257.33 361.5
ynao_sd_19990807_0015_ye 28 22 6 2 0 1847.57 2139.19 296.71 412.62 1550.86 1726.57
ynao_sd_19990808_0200_ye 43 38 5 2 0 585.49 787.72 386.09 523.26 199.4 264.46
ynao_sd_19990809_0205_ye 38 34 4 4 0 506.59 641.97 301.38 386.09 205.21 255.88
ynao_sd_19990810_0545_ye 55 43 12 6 0 2455.36 5918.64 489.25 621.46 1966.11 5297.18
ynao_sd_19990811_0105_ye 59 50 9 5 0 945.05 1118.7 448.5 555.91 496.55 562.79
ynao_sd_19990813_0355_ye 46 41 5 3 0 685.05 923.19 389.08 493.09 295.97 430.1
ynao_sd_19990814_0630_ye 31 28 3 2 0 380.46 515.32 226.92 302.01 153.54 213.31
ynao_sd_19990816_0415_ye 14 14 0 0 0 174.55 284.33 174.55 284.33 0 0
ynao_sd_19990819_0315_ye 31 31 0 0 0 252.6 389.79 252.6 389.79 0 0
ynao_sd_19990820_0635_ye 21 19 2 1 0 452.38 1800.03 283.25 1007.66 169.13 792.37
ynao_sd_19990821_0555_ye 13 9 4 3 0 610.66 1604.25 196.12 582.52 414.54 1021.73
ynao_sd_19990823_0205_ye 86 68 18 8 0 1982.85 3257.93 803.45 1315.06 1179.4 1942.87
ynao_sd_19990827_0610_ye 103 73 30 9 0 3304.69 3858.07 1124.55 1316.43 2180.14 2541.64
ynao_sd_19990829_0640_li 70 50 20 6 0 1679.25 2335.09 475.03 659.97 1204.22 1675.12
ynao_sd_19990830_0650_li 51 42 9 8 0 1041.09 1707.81 392.21 629.71 648.88 1078.1
ynao_sd_19990902_0400_li 6 6 0 0 0 68.58 194.06 68.58 194.06 0 0
ynao_sd_19990904_0240_li 3 3 0 0 0 21.55 31.92 21.55 31.92 0 0
ynao_sd_19990905_0100_li 4 4 0 0 0 35.6 58.57 35.6 58.57 0 0
ynao_sd_19990906_0100_li 1 1 0 0 0 8.7 23.59 8.7 23.59 0 0
ynao_sd_19990907_0130_ye 5 5 0 0 0 35.36 46.83 35.36 46.83 0 0
ynao_sd_19990908_0230_ye 9 7 2 1 0 147.31 451.81 61.34 166.47 85.97 285.34
ynao_sd_19990909_0020_ye 21 17 4 2 0 437.92 884.47 177.98 319.4 259.94 565.07
ynao_sd_19990910_0040_ye 26 20 6 2 0 462.76 811.7 186.28 343.43 276.48 468.27
ynao_sd_19990911_0045_ye 36 27 9 4 0 705.14 1055.16 280.86 442.36 424.28 612.8
ynao_sd_19990913_0140_li 31 29 2 2 0 482.87 576.05 241.72 292.14 241.15 283.91
ynao_sd_19990914_0155_li 21 20 1 2 0 411.4 488.18 173.76 208.02 237.64 280.16
ynao_sd_19990915_0720_li 15 12 3 1 0 390.29 493.77 102.23 127.98 288.06 365.79
ynao_sd_19990916_0210_li 17 16 1 1 0 326.19 453.06 119.26 164.45 206.93 288.61
ynao_sd_19990917_0320_li 8 6 2 2 0 322.91 663.83 118.23 210.86 204.68 452.97
ynao_sd_19990918_0055_li 9 7 2 2 0 238.23 532.84 71.91 153.89 166.32 378.95
ynao_sd_19990920_0230_ye 6 5 1 1 0 295.16 417.94 90.53 138.14 204.63 279.8
ynao_sd_19990921_0055_ye 13 12 1 1 0 427.15 531.81 154.64 198.5 272.51 333.31
ynao_sd_19990923_0740_li 16 15 1 1 0 369.1 443.88 147.96 194.94 221.14 248.94
ynao_sd_19990925_0040_li 26 25 1 1 0 468.38 609.48 252.55 335.31 215.83 274.17
ynao_sd_19990927_0200_li 2 1 1 1 0 136.12 253.46 21.73 35.02 114.39 218.44
ynao_sd_19990928_0120_li 6 5 1 1 0 104.72 241.48 48.71 89.2 56.01 152.28
ynao_sd_19990929_0120_li 5 5 0 0 0 61.72 170.78 61.72 170.78 0 0
ynao_sd_19990930_0250_li 6 6 0 0 0 54.32 76.56 54.32 76.56 0 0
ynao_sd_19991001_0420_li 2 2 0 0 0 41.46 56.8 41.46 56.8 0 0
ynao_sd_19991002_0200_li 3 3 0 0 0 24.32 30.39 24.32 30.39 0 0
ynao_sd_19991003_0140_li 9 8 1 1 0 88.77 184.01 55.11 106.54 33.66 77.47
ynao_sd_19991004_0110_ye 36 29 7 5 0 5232.5 7678.92 317.9 580.04 4914.6 7098.88
ynao_sd_19991005_0225_ye 24 18 6 3 0 477.96 648.29 211.25 278.13 266.71 370.16
ynao_sd_19991006_0325_ye 35 27 8 3 0 709.3 859.72 365.42 450.88 343.88 408.84
ynao_sd_19991007_0205_ye 24 15 9 6 0 1864.93 2350.87 317.43 402.65 1547.5 1948.22
ynao_sd_19991008_0310_li 13 8 5 3 0 339.64 420.01 104.69 136.65 234.95 283.36
ynao_sd_19991009_0030_li 23 20 3 3 0 330.69 421.73 147.11 201.81 183.58 219.92
ynao_sd_19991010_0050_li 8 5 3 2 0 249.71 330.31 91.12 132.12 158.59 198.19
ynao_sd_19991011_0625_ye 20 17 3 2 0 299.69 402.27 157.79 200.74 141.9 201.53
ynao_sd_19991012_0640_ye 2 1 1 1 0 122.1 199.45 65.51 132.29 56.59 67.16
ynao_sd_19991013_0315_ye 2 2 0 0 0 20.51 26.6 20.51 26.6 0 0
ynao_sd_19991014_0425_ye 2 2 0 0 0 17.12 26.07 17.12 26.07 0 0
ynao_sd_19991015_0300_ye 6 6 0 0 0 34.18 50.26 34.18 50.26 0 0
ynao_sd_19991016_0050_li 0 0 0 0 0 0 0 0 0 0 0
ynao_sd_19991019_0120_li 9 9 0 0 0 79.24 94.81 79.24 94.81 0 0
ynao_sd_19991020_0115_li 9 8 1 1 0 98.5 107.83 62.84 68.65 35.66 39.18
ynao_sd_19991021_0230_li 21 19 2 1 0 252.43 362.98 199.98 307.29 52.45 55.69
ynao_sd_19991022_0330_li 38 22 16 5 0 954.76 1225.77 270.61 366.62 684.15 859.15
ynao_sd_19991023_0205_li 40 23 17 7 0 1335.34 1745.76 310.94 424.89 1024.4 1320.87
ynao_sd_19991024_0240_li 52 35 17 9 0 1698.22 2258.38 443.38 607.85 1254.84 1650.53
ynao_sd_19991025_0030_ye 78 60 18 10 0 1972.3 2532.41 739.83 912.74 1232.47 1619.67
ynao_sd_19991105_0240_li 22 15 7 4 0 560.21 827.22 185.55 271.83 374.66 555.39
ynao_sd_19991106_0410_li 13 9 4 3 0 304.24 537.87 120.22 200.18 184.02 337.69
ynao_sd_19991107_0230_li 11 8 3 2 0 217.43 486.0 112.6 227.03 104.83 258.97
ynao_sd_19991108_0250_ye 4 3 1 1 0 89.87 173.78 45.52 124.35 44.35 49.43
ynao_sd_19991109_0300_ye 4 4 0 0 0 67.34 71.68 67.34 71.68 0 0
ynao_sd_19991110_0415_ye 4 3 1 2 0 138.53 529.35 31.42 87.77 107.11 441.58
ynao_sd_19991111_0055_ye 14 13 1 1 0 259.61 865.65 206.68 710.2 52.93 155.45
ynao_sd_19991112_0100_ye 30 23 7 6 0 530.46 1306.99 267.2 633.95 263.26 673.04
ynao_sd_19991113_0110_ye 35 21 14 7 0 1189.91 2099.74 397.37 679.01 792.54 1420.73
ynao_sd_19991114_0150_ye 43 31 12 8 0 1438.9 1982.7 499.63 677.71 939.27 1304.99
ynao_sd_19991115_0330_li 34 16 18 8 0 2191.82 2588.45 320.44 371.89 1871.38 2216.56
ynao_sd_19991116_0120_li 45 16 29 5 0 2929.94 3253.19 529.38 668.02 2400.56 2585.17
ynao_sd_19991117_0300_li 47 21 26 9 0 4147.19 7453.77 538.3 684.42 3608.89 6769.35
ynao_sd_19991118_0150_li 50 21 29 6 0 3139.38 3470.31 492.72 595.94 2646.66 2874.37
ynao_sd_19991119_0205_ye 68 45 23 7 0 3026.66 3597.9 1017.52 1323.28 2009.14 2274.62
ynao_sd_19991120_0100_ye 65 32 33 6 0 2966.81 3691.06 743.58 948.48 2223.23 2742.58
ynao_sd_19991121_0200_li 57 44 13 6 0 1830.2 2568.81 515.55 694.36 1314.65 1874.45
ynao_sd_19991122_0050_li 54 44 10 5 0 1534.6 2442.23 480.5 643.55 1054.1 1798.68
ynao_sd_19991123_0120_li 47 32 15 7 0 1728.51 2418.02 350.04 437.3 1378.47 1980.72
ynao_sd_19991124_0115_ye 65 46 19 7 0 4569.39 5958.55 781.02 1361.04 3788.37 4597.51
ynao_sd_19991125_0130_ye 73 54 19 5 0 3370.31 4244.77 958.0 1318.97 2412.31 2925.8
ynao_sd_19991126_0125_ye 59 46 13 6 0 3461.93 4814.07 680.12 1014.25 2781.81 3799.82
ynao_sd_19991127_0155_ye 89 75 14 7 0 1620.96 2967.74 728.26 1127.73 892.7 1840.01
ynao_sd_19991130_0210_li 30 22 8 6 0 752.3 917.28 209.67 275.46 542.63 641.82
ynao_sd_19991201_0340_li 38 29 9 3 0 884.63 1148.7 306.33 404.68 578.3 744.02
ynao_sd_19991202_0310_ye 17 13 4 3 0 632.57 977.45 226.32 532.29 406.25 445.16
ynao_sd_19991203_0200_ye 14 10 4 2 0 328.62 399.79 149.44 178.43 179.18 221.36
ynao_sd_19991204_0230_ye 7 3 4 1 0 242.13 356.26 65.32 92.78 176.81 263.48
ynao_sd_19991207_0700_ye 1 1 0 0 0 6.81 27.19 6.81 27.19 0 0
ynao_sd_19991208_0205_ye 8 8 0 0 0 60.33 122.81 60.33 122.81 0 0
ynao_sd_19991209_0320_ye 4 3 1 1 0 88.5 186.43 39.46 62.07 49.04 124.36
ynao_sd_19991210_0140_li 12 12 0 0 0 139.89 178.74 139.89 178.74 0 0
ynao_sd_19991211_0640_li 13 12 1 1 0 254.8 278.31 178.98 201.05 75.82 77.26
ynao_sd_19991212_0140_li 10 6 4 2 0 161.38 173.43 89.62 95.38 71.76 78.05
ynao_sd_19991213_0200_ye 23 22 1 1 0 179.75 200.45 147.75 166.44 32.0 34.01
ynao_sd_19991215_0350_ye 40 34 6 4 0 2554.71 4447.75 254.52 367.36 2300.19 4080.39
ynao_sd_19991216_0100_ye 73 58 15 9 0 3824.33 4453.83 577.55 775.2 3246.78 3678.63
ynao_sd_19991217_0535_li 70 49 21 9 0 4198.43 5175.75 775.59 909.45 3422.84 4266.3
ynao_sd_19991218_0240_li 52 37 15 9 0 2592.7 3054.76 436.04 510.16 2156.66 2544.6
ynao_sd_19991222_0150_li 24 13 11 6 0 2570.22 3038.34 352.11 429.54 2218.11 2608.8
ynao_sd_19991223_0140_li 27 20 7 2 0 1360.38 1734.09 359.96 509.62 1000.42 1224.47
ynao_sd_19991224_0200_li 10 8 2 2 0 1069.55 1491.68 189.97 282.32 879.58 1209.36
ynao_sd_19991225_0205_li 8 4 4 2 0 771.57 1259.96 115.91 183.75 655.66 1076.21
ynao_sd_19991226_0210_li 3 2 1 1 0 441.44 698.29 75.67 218.66 365.77 479.63
ynao_sd_19991227_0135_ye 7 6 1 1 0 377.33 612.3 128.02 201.22 249.31 411.08
ynao_sd_19991228_0130_ye 8 7 1 1 0 253.93 555.72 100.9 191.22 153.03 364.5
ynao_sd_19991229_0220_ye 14 13 1 1 0 201.21 595.44 104.57 199.94 96.64 395.5
ynao_sd_19991230_0150_ye 9 9 0 0 0 50.64 98.22 50.64 98.22 0 0
ynao_sd_19991231_0145_ye 15 15 0 0 0 85.44 121.52 85.44 121.52 0 0
