ynao_sd_20000101_0155_ye 10 10 0 0 0 81.19 101.47 81.19 101.47 0 0
ynao_sd_20000102_0140_ye 14 12 2 1 0 183.58 199.98 95.29 105.91 88.29 94.07
ynao_sd_20000103_0130_li 13 12 1 1 0 254.24 261.22 107.26 110.66 146.98 150.56
ynao_sd_20000104_0140_li 11 8 3 2 0 281.73 291.62 76.46 79.04 205.27 212.58
ynao_sd_20000105_0115_li 9 6 3 2 0 286.59 314.49 73.0 79.37 213.59 235.12
ynao_sd_20000106_0120_li 8 6 2 1 0 302.27 375.12 75.24 91.08 227.03 284.04
ynao_sd_20000108_0115_li 2 1 1 1 0 93.32 187.94 17.71 35.52 75.61 152.42
ynao_sd_20000109_0150_li 11 10 1 1 0 120.14 184.43 64.86 108.79 55.28 75.64
ynao_sd_20000110_0130_ye 25 22 3 4 0 385.1 925.88 180.19 423.78 204.91 502.1
ynao_sd_20000111_0115_ye 43 40 3 1 0 505.87 990.48 357.01 645.97 148.86 344.51
ynao_sd_20000112_0125_ye 95 88 7 5 0 1003.23 1356.31 684.49 875.56 318.74 480.75
ynao_sd_20000113_0120_ye 180 165 15 8 0 1677.69 2017.88 1159.49 1383.6 518.2 634.28
ynao_sd_20000114_0125_ye 163 138 25 8 0 2230.66 2666.32 1100.24 1301.25 1130.42 1365.07
ynao_sd_20000115_0125_ye 152 130 22 10 0 1966.65 2411.14 1058.76 1247.65 907.89 1163.49
ynao_sd_20000116_0130_ye 122 98 24 15 1 2053.62 2512.11 925.08 1152.59 1128.54 1359.52
ynao_sd_20000117_0125_ye 131 106 25 12 0 2077.3 2413.64 927.0 1155.44 1150.3 1258.2
ynao_sd_20000118_0135_ye 91 74 17 8 0 1563.48 1750.4 745.66 876.07 817.82 874.33
ynao_sd_20000119_0720_li 66 58 8 5 0 838.88 948.0 467.17 544.0 371.71 404.0
ynao_sd_20000121_0410_li 26 18 8 4 0 1034.3 1556.57 224.29 316.53 810.01 1240.04
ynao_sd_20000122_0150_li 21 16 5 3 0 735.18 1440.6 194.14 353.49 541.04 1087.11
ynao_sd_20000123_0140_li 10 7 3 2 0 254.68 427.19 76.4 126.26 178.28 300.93
ynao_sd_20000124_0140_li 22 19 3 2 0 369.99 560.68 142.67 191.16 227.32 369.52
ynao_sd_20000125_0720_li 23 22 1 1 0 440.29 561.72 194.46 276.19 245.83 285.53
ynao_sd_20000128_0120_ye 35 32 3 3 0 667.05 815.9 291.43 368.34 375.62 447.56
ynao_sd_20000129_0120_ye 38 33 5 4 0 715.26 900.83 302.77 393.15 412.49 507.68
ynao_sd_20000203_0115_ye 27 22 5 4 0 1116.56 3772.94 217.76 391.42 898.8 3381.52
ynao_sd_20000204_0210_li 15 10 5 5 1 2511.41 7030.25 119.53 197.88 2391.88 6832.37
ynao_sd_20000205_0135_ye 28 21 7 3 0 502.71 739.49 256.05 361.26 246.66 378.23
ynao_sd_20000206_0120_ye 32 24 8 4 0 1723.65 2337.19 263.84 341.19 1459.81 1996.0
ynao_sd_20000207_0135_ye 44 35 9 6 0 1953.98 2616.97 315.86 482.8 1638.12 2134.17
ynao_sd_20000209_0135_ye 58 53 5 4 0 2263.3 2770.75 491.75 651.31 1771.55 2119.44
ynao_sd_20000210_0120_ye 46 42 4 4 0 878.75 1100.12 419.43 554.59 459.32 545.53
ynao_sd_20000211_0120_ye 56 50 6 4 0 942.82 1159.77 482.86 612.15 459.96 547.62
ynao_sd_20000212_0050_ye 54 42 12 8 0 1952.58 2504.89 464.33 648.41 1488.25 1856.48
ynao_sd_20000213_0140_li 38 35 3 4 0 3715.32 6906.7 384.39 559.01 3330.93 6347.69
ynao_sd_20000214_0040_li 53 52 1 1 0 763.54 952.91 525.72 700.05 237.82 252.86
ynao_sd_20000215_0055_li 32 29 3 3 0 1487.08 1910.96 310.28 465.37 1176.8 1445.59
ynao_sd_20000216_0050_li 48 47 1 3 0 1569.65 2274.12 403.78 538.57 1165.87 1735.55
ynao_sd_20000217_0045_li 55 50 5 6 0 3638.25 4989.94 460.83 623.78 3177.42 4366.16
ynao_sd_20000218_0050_li 45 41 4 3 0 1720.99 3876.62 368.12 576.02 1352.87 3300.6
ynao_sd_20000219_0045_ye 38 33 5 2 0 427.14 635.77 349.64 536.87 77.5 98.9
ynao_sd_20000220_0140_li 46 36 10 5 0 857.49 1228.15 352.07 487.05 505.42 741.1
ynao_sd_20000221_0045_ye 53 40 13 4 0 1347.54 2367.02 546.13 1020.77 801.41 1346.25
ynao_sd_20000222_0045_ye 59 49 10 4 0 935.67 2134.98 514.66 1147.84 421.01 987.14
ynao_sd_20000223_0040_ye 39 30 9 3 0 928.38 1714.31 422.59 861.62 505.79 852.69
ynao_sd_20000224_0040_ye 44 33 11 3 0 1118.82 1583.5 428.93 624.39 689.89 959.11
ynao_sd_20000225_0130_ye 32 20 12 7 0 1518.8 2343.71 377.01 716.89 1141.79 1626.82
ynao_sd_20000228_0140_li 46 25 21 8 0 3678.04 4395.76 542.24 673.37 3135.8 3722.39
ynao_sd_20000301_0250_li 60 37 23 5 0 4322.47 4879.99 790.12 909.42 3532.35 3970.57
ynao_sd_20000302_0850_li 62 44 18 6 0 3482.13 4285.47 694.48 855.6 2787.65 3429.87
ynao_sd_20000303_0610_li 53 34 19 7 0 3779.17 6184.68 588.3 850.93 3190.87 5333.75
ynao_sd_20000304_0130_li 60 46 14 7 0 2394.21 3136.21 582.47 739.64 1811.74 2396.57
ynao_sd_20000305_0200_li 72 57 15 9 0 1994.67 2551.24 639.87 899.04 1354.8 1652.2
ynao_sd_20000306_0120_li 73 62 11 6 0 2140.76 2654.21 767.72 965.6 1373.04 1688.61
ynao_sd_20000307_0055_li 75 59 16 8 0 2464.45 3289.68 724.01 957.4 1740.44 2332.28
ynao_sd_20000308_0120_li 100 83 17 8 0 3397.29 5595.59 817.17 1144.97 2580.12 4450.62
ynao_sd_20000309_0220_li 118 101 17 8 0 4019.08 5816.62 964.23 1390.55 3054.85 4426.07
ynao_sd_20000310_0130_ye 70 55 15 6 0 3559.25 6097.63 718.24 999.42 2841.01 5098.21
ynao_sd_20000311_0310_ye 63 45 18 7 0 4770.72 6388.68 775.55 1153.98 3995.17 5234.7
ynao_sd_20000312_0150_ye 74 47 27 6 0 4176.34 5184.07 737.64 979.12 3438.7 4204.95
ynao_sd_20000313_0430_ye 133 109 24 7 0 3089.13 3781.27 1157.91 1390.07 1931.22 2391.2
ynao_sd_20000314_0040_ye 75 57 18 6 0 2563.98 3224.49 772.9 1063.83 1791.08 2160.66
ynao_sd_20000315_0040_ye 87 64 23 3 0 2615.51 2887.82 798.14 914.46 1817.37 1973.36
ynao_sd_20000316_0045_ye 89 75 14 5 0 1781.99 2056.93 819.15 959.71 962.84 1097.22
ynao_sd_20000317_0050_ye 58 43 15 7 0 2852.77 5618.71 506.56 647.79 2346.21 4970.92
ynao_sd_20000318_0030_ye 52 37 15 7 0 1538.03 2155.65 494.12 651.21 1043.91 1504.44
ynao_sd_20000319_0130_ye 52 40 12 5 0 1268.17 1972.33 439.01 611.16 829.16 1361.17
ynao_sd_20000320_0100_ye 43 34 9 4 0 951.18 1733.35 338.76 493.6 612.42 1239.75
ynao_sd_20000321_0100_ye 55 49 6 3 0 793.72 1025.13 413.2 562.04 380.52 463.09
ynao_sd_20000322_0055_ye 45 39 6 4 0 864.88 1317.96 378.74 542.9 486.14 775.06
ynao_sd_20000323_0055_ye 41 29 12 6 0 1071.14 1472.98 355.3 483.37 715.84 989.61
ynao_sd_20000324_0110_ye 71 58 13 8 0 1434.76 2056.07 547.36 787.76 887.4 1268.31
ynao_sd_20000325_0225_ye 69 49 20 9 0 1395.67 1826.88 462.99 720.42 932.68 1106.46
ynao_sd_20000327_0630_li 50 41 9 5 0 977.91 1202.27 450.11 569.21 527.8 633.06
ynao_sd_20000401_0200_li 76 64 12 5 0 1233.99 1417.36 586.23 676.14 647.76 741.22
ynao_sd_20000402_0200_li 100 83 17 9 0 1385.2 1565.59 649.24 745.16 735.96 820.43
ynao_sd_20000403_0120_li 73 63 10 7 0 1228.65 1425.67 594.51 717.67 634.14 708.0
ynao_sd_20000404_0100_ye 63 54 9 8 0 1218.56 1688.73 577.55 785.21 641.01 903.52
ynao_sd_20000405_0200_ye 58 45 13 9 0 1093.95 1552.86 488.53 726.7 605.42 826.16
ynao_sd_20000409_0140_ye 71 58 13 6 0 1088.21 1373.6 546.63 711.54 541.58 662.06
ynao_sd_20000410_0510_li 62 56 6 4 0 832.25 1015.84 418.08 533.86 414.17 481.98
ynao_sd_20000413_0210_li 47 30 17 9 1 2705.35 3248.47 348.62 454.29 2356.73 2794.18
ynao_sd_20000414_0120_li 36 21 15 8 0 1055.69 1344.03 252.0 326.57 803.69 1017.46
ynao_sd_20000416_0150_li 28 24 4 2 0 828.6 894.3 234.04 250.08 594.56 644.22
ynao_sd_20000417_0520_li 27 24 3 2 0 832.08 976.6 224.99 343.94 607.09 632.66
ynao_sd_20000418_0045_ye 33 28 5 3 0 996.27 1166.27 332.57 399.82 663.7 766.45
ynao_sd_20000419_0050_ye 20 10 10 5 0 1656.21 2309.18 207.13 254.18 1449.08 2055.0
ynao_sd_20000420_0050_ye 26 17 9 5 0 721.34 929.69 188.61 242.62 532.73 687.07
ynao_sd_20000421_0050_ye 39 29 10 6 0 1240.48 2989.78 297.61 507.81 942.87 2481.97
ynao_sd_20000422_0135_ye 50 37 13 6 0 2226.03 4589.22 541.11 1048.4 1684.92 3540.82
ynao_sd_20000423_0030_ye 55 35 20 5 0 2323.83 3580.77 594.78 912.33 1729.05 2668.44
ynao_sd_20000424_0200_li 49 36 13 6 0 2386.53 3059.86 509.35 644.43 1877.18 2415.43
ynao_sd_20000425_0130_li 52 32 20 8 0 2528.17 2876.87 469.67 539.46 2058.5 2337.41
ynao_sd_20000426_0055_li 58 47 11 5 0 2383.06 2538.18 549.32 628.86 1833.74 1909.32
ynao_sd_20000427_0710_li 48 38 10 4 0 2233.38 2305.04 491.23 536.48 1742.15 1768.56
ynao_sd_20000428_0050_li 44 33 11 4 0 1935.37 2098.73 444.62 551.63 1490.75 1547.1
ynao_sd_20000429_0420_li 58 49 9 3 0 1815.95 2112.1 517.31 633.59 1298.64 1478.51
ynao_sd_20000430_0100_li 33 26 7 2 0 1399.24 1764.31 354.99 426.15 1044.25 1338.16
ynao_sd_20000501_0140_ye 43 36 7 4 0 2575.91 3625.78 455.51 646.68 2120.4 2979.1
ynao_sd_20000502_0510_ye 15 12 3 3 0 466.88 934.0 177.81 301.0 289.07 633.0
ynao_sd_20000504_0415_ye 28 27 1 0 0 174.63 183.64 179.44 188.59 4.81 4.95
ynao_sd_20000505_0345_ye 14 14 0 0 0 105.84 169.93 105.84 169.93 0 0
ynao_sd_20000506_0240_li 13 13 0 0 0 100.11 116.59 100.11 116.59 0 0
ynao_sd_20000507_0310_li 10 10 0 0 0 65.42 79.98 65.42 79.98 0 0
ynao_sd_20000508_0040_li 12 12 0 0 0 97.05 124.61 97.05 124.61 0 0
ynao_sd_20000509_0150_ye 21 21 0 0 0 144.21 203.31 144.21 203.31 0 0
ynao_sd_20000510_0110_ye 18 18 0 0 0 143.16 228.89 143.16 228.89 0 0
ynao_sd_20000511_0045_ye 29 29 0 1 0 263.92 323.21 225.37 281.88 38.55 41.33
ynao_sd_20000512_0715_ye 28 23 5 3 0 812.16 1989.76 408.38 1025.67 403.78 964.09
ynao_sd_20000513_0140_ye 50 33 17 5 0 1926.75 4443.58 518.42 1065.97 1408.33 3377.61
ynao_sd_20000514_0140_ye 79 53 26 10 0 2438.43 4376.89 728.33 1361.77 1710.1 3015.12
ynao_sd_20000515_0340_li 67 48 19 10 0 2867.17 4228.59 752.0 1156.22 2115.17 3072.37
ynao_sd_20000516_0310_li 93 69 24 8 0 3236.67 4130.33 844.68 1152.38 2391.99 2977.95
ynao_sd_20000521_0205_li 64 51 13 10 0 1989.97 2456.17 582.48 701.5 1407.49 1754.67
ynao_sd_20000522_0640_ye 22 14 8 5 0 855.71 1253.25 232.45 338.38 623.26 914.87
ynao_sd_20000526_0455_ye 14 12 2 2 0 724.57 1514.28 151.56 306.25 573.01 1208.03
ynao_sd_20000527_0400_ye 45 35 10 4 0 1322.34 2023.43 473.02 717.27 849.32 1306.16
ynao_sd_20000528_0145_ye 50 33 17 5 0 1780.52 2420.25 541.98 744.76 1238.54 1675.49
ynao_sd_20000529_0100_li 59 44 15 7 0 3726.96 5690.26 502.37 728.26 3224.59 4962.0
ynao_sd_20000530_0120_li 46 38 8 2 0 1598.71 1755.71 442.12 541.35 1156.59 1214.36
ynao_sd_20000531_0355_li 62 53 9 2 0 1846.21 1972.86 622.09 717.58 1224.12 1255.28
ynao_sd_20000601_0120_li 56 50 6 2 0 1535.47 1657.41 470.31 532.12 1065.16 1125.29
ynao_sd_20000602_0240_li 30 23 7 2 0 1128.4 1309.22 282.93 327.96 845.47 981.26
ynao_sd_20000603_0200_li 32 30 2 3 0 1047.43 1370.08 309.63 390.36 737.8 979.72
ynao_sd_20000604_0155_li 19 15 4 3 0 832.83 1323.41 192.05 271.06 640.78 1052.35
ynao_sd_20000605_0100_ye 24 21 3 3 0 765.97 1532.5 297.02 517.26 468.95 1015.24
ynao_sd_20000606_0410_ye 35 27 8 5 0 679.06 1574.88 292.55 634.37 386.51 940.51
ynao_sd_20000607_0055_ye 19 18 1 3 0 390.45 776.49 263.68 483.18 126.77 293.31
ynao_sd_20000608_0605_ye 21 19 2 1 0 297.22 791.97 212.23 659.24 84.99 132.73
ynao_sd_20000609_0525_ye 9 7 2 4 0 464.84 860.69 114.54 176.43 350.3 684.26
ynao_sd_20000616_0800_li 16 12 4 3 0 2436.6 5731.57 183.81 341.65 2252.79 5389.92
ynao_sd_20000617_0120_li 10 6 4 1 0 382.94 608.43 152.23 339.4 230.71 269.03
ynao_sd_20000619_0430_ye 19 18 1 1 0 320.27 545.56 153.32 222.19 166.95 323.37
ynao_sd_20000620_0800_ye 28 25 3 2 0 393.49 773.77 233.59 332.83 159.9 440.94
ynao_sd_20000625_0140_ye 28 23 5 5 0 896.17 1190.22 366.25 475.72 529.92 714.5
ynao_sd_20000627_0410_li 42 31 11 6 0 1374.42 2140.11 389.15 684.49 985.27 1455.62
ynao_sd_20000628_0230_li 38 27 11 5 0 1401.16 2130.85 295.05 489.2 1106.11 1641.65
ynao_sd_20000629_0510_li 24 19 5 4 0 1115.65 1332.0 215.97 279.04 899.68 1052.96
ynao_sd_20000630_0740_li 33 24 9 5 0 1171.72 1550.7 281.61 342.22 890.11 1208.48
ynao_sd_20000701_0150_li 31 20 11 6 0 1973.78 4945.54 283.46 445.53 1690.32 4500.01
ynao_sd_20000702_0420_li 34 26 8 6 0 2490.04 5610.01 319.07 545.87 2170.97 5064.14
ynao_sd_20000705_0035_ye 53 45 8 5 0 1384.81 1738.25 580.79 748.1 804.02 990.15
ynao_sd_20000706_0250_ye 71 65 6 3 0 1258.55 1663.43 615.84 794.73 642.71 868.7
ynao_sd_20000707_0110_ye 57 53 4 4 0 1188.69 1434.54 450.24 610.64 738.45 823.9
ynao_sd_20000709_0450_ye 59 46 13 9 0 1637.91 2204.14 608.26 897.35 1029.65 1306.79
ynao_sd_20000712_0330_li 52 36 16 9 0 1366.23 2202.03 441.56 773.01 924.67 1429.02
ynao_sd_20000713_0620_li 38 30 8 6 0 806.83 1537.85 285.08 497.29 521.75 1040.56
ynao_sd_20000715_0200_li 22 18 4 2 0 440.25 904.77 177.4 315.48 262.85 589.29
ynao_sd_20000717_0050_ye 60 50 10 3 0 1103.1 1744.62 581.02 949.74 522.08 794.88
ynao_sd_20000719_0345_ye 76 57 19 12 0 1856.48 2290.23 660.43 793.96 1196.05 1496.27
ynao_sd_20000720_0605_ye 89 62 27 11 0 2188.72 2455.73 826.53 1015.57 1362.19 1440.16
ynao_sd_20000722_0650_ye 76 54 22 8 0 1796.37 2230.7 683.87 877.6 1112.5 1353.1
ynao_sd_20000723_0430_ye 76 56 20 10 0 1872.15 2721.21 666.56 976.32 1205.59 1744.89
ynao_sd_20000724_0200_li 48 38 10 7 0 1163.32 2032.79 367.75 607.5 795.57 1425.29
ynao_sd_20000725_0115_ye 78 69 9 7 0 1019.25 1928.32 608.03 1084.15 411.22 844.17
ynao_sd_20000726_0200_ye 46 43 3 2 0 625.16 1103.49 404.54 810.38 220.62 293.11
ynao_sd_20000727_0035_ye 23 21 2 2 0 508.59 821.11 250.84 353.06 257.75 468.05
ynao_sd_20000728_0205_ye 61 59 2 2 0 701.8 1019.42 454.85 621.44 246.95 397.98
ynao_sd_20000729_0140_ye 24 22 2 2 0 496.18 784.02 214.58 359.44 281.6 424.58
ynao_sd_20000730_0215_ye 12 10 2 2 0 540.4 905.29 203.41 434.33 336.99 470.96
ynao_sd_20000731_0150_li 19 15 4 4 0 579.61 904.29 182.78 330.7 396.83 573.59
ynao_sd_20000801_0115_li 28 25 3 3 0 565.61 782.43 250.27 354.3 315.34 428.13
ynao_sd_20000802_0250_li 31 27 4 3 0 511.04 687.11 239.29 371.61 271.75 315.5
ynao_sd_20000804_0450_li 19 14 5 4 0 1711.99 5078.67 194.23 332.73 1517.76 4745.94
ynao_sd_20000805_0605_li 42 38 4 2 0 395.21 519.28 285.68 371.53 109.53 147.75
ynao_sd_20000806_0320_li 27 24 3 3 0 1042.57 1944.58 229.44 281.69 813.13 1662.89
ynao_sd_20000807_0140_ye 42 40 2 2 0 473.44 642.67 368.94 504.32 104.5 138.35
ynao_sd_20000808_0240_ye 37 34 3 3 0 423.05 534.7 280.59 345.57 142.46 189.13
ynao_sd_20000809_0320_ye 20 17 3 2 0 226.14 330.34 142.71 222.17 83.43 108.17
ynao_sd_20000810_0040_ye 25 23 2 2 0 354.65 653.16 227.84 485.37 126.81 167.79
ynao_sd_20000811_0300_ye 11 9 2 2 0 186.83 337.37 107.57 222.68 79.26 114.69
ynao_sd_20000812_0200_ye 20 20 0 0 0 190.1 314.18 190.1 314.18 0 0
ynao_sd_20000813_0130_ye 19 18 1 1 0 262.87 576.44 178.65 318.85 84.22 257.59
ynao_sd_20000814_0200_li 42 39 3 2 0 998.93 2530.7 263.25 373.92 735.68 2156.78
ynao_sd_20000815_0220_li 56 52 4 2 0 564.12 726.46 322.08 397.69 242.04 328.77
ynao_sd_20000816_0120_ye 74 68 6 4 0 1020.92 1267.58 600.32 702.9 420.6 564.68
ynao_sd_20000817_0115_li 55 51 4 3 0 858.86 1077.5 427.73 527.73 431.13 549.77
ynao_sd_20000820_0220_li 27 25 2 1 0 509.91 722.28 226.74 411.45 283.17 310.83
ynao_sd_20000821_0220_ye 18 12 6 3 0 667.05 796.31 194.44 238.32 472.61 557.99
ynao_sd_20000822_0445_ye 10 7 3 2 0 632.62 766.64 205.32 261.72 427.3 504.92
ynao_sd_20000823_0040_ye 27 20 7 4 0 681.76 823.78 271.62 342.86 410.14 480.92
ynao_sd_20000824_0055_ye 21 18 3 2 0 477.79 613.17 191.17 286.75 286.62 326.42
ynao_sd_20000825_0140_ye 9 7 2 3 0 470.54 810.09 134.92 276.35 335.62 533.74
ynao_sd_20000826_0210_ye 12 7 5 4 0 531.74 911.09 141.91 238.9 389.83 672.19
ynao_sd_20000828_0710_li 27 22 5 4 0 627.89 1025.88 208.85 347.41 419.04 678.47
ynao_sd_20000831_0800_li 24 19 5 3 0 313.23 362.53 158.37 189.8 154.86 172.73
ynao_sd_20000901_0830_li 16 15 1 1 0 182.39 236.41 140.51 192.92 41.88 43.49
ynao_sd_20000902_0705_li 18 17 1 1 0 211.4 259.24 194.58 241.31 16.82 17.93
ynao_sd_20000903_0210_li 24 22 2 2 0 236.34 312.68 173.55 241.22 62.79 71.46
ynao_sd_20000904_0100_ye 44 42 2 1 0 363.22 483.48 315.03 420.9 48.19 62.58
ynao_sd_20000905_0550_ye 61 54 7 2 0 998.45 1138.89 519.82 614.51 478.63 524.38
ynao_sd_20000906_0115_ye 40 32 8 5 0 1317.25 1505.09 477.12 565.6 840.13 939.49
ynao_sd_20000907_0100_ye 30 24 6 5 0 1042.73 1308.22 332.93 455.36 709.8 852.86
ynao_sd_20000909_0045_ye 30 23 7 4 0 635.27 1041.19 256.66 384.26 378.61 656.93
ynao_sd_20000910_0320_ye 17 14 3 3 0 278.43 633.27 138.97 270.18 139.46 363.09
ynao_sd_20000912_0040_li 13 13 0 0 0 74.59 98.65 74.59 98.65 0 0
ynao_sd_20000913_0250_li 16 10 6 3 0 2189.8 2472.87 94.4 120.19 2095.4 2352.68
ynao_sd_20000914_0300_li 17 15 2 1 0 1221.41 1446.38 132.86 221.27 1088.55 1225.11
ynao_sd_20000915_0120_li 13 11 2 2 0 249.6 761.33 146.34 475.97 103.26 285.36
ynao_sd_20000916_0300_li 28 26 2 1 0 358.56 731.07 243.52 501.77 115.04 229.3
ynao_sd_20000917_0210_li 26 23 3 2 0 663.53 1045.08 197.23 328.8 466.3 716.28
ynao_sd_20000920_0055_ye 79 56 23 7 0 1669.45 1799.71 548.62 593.52 1120.83 1206.19
ynao_sd_20000921_0220_ye 80 62 18 6 0 1585.46 1702.97 565.41 615.85 1020.05 1087.12
ynao_sd_20000922_0130_ye 64 48 16 6 0 1463.66 1642.18 525.74 588.92 937.92 1053.26
ynao_sd_20000923_0530_ye 78 64 14 13 0 1077.29 1402.45 521.32 674.4 555.97 728.05
ynao_sd_20000924_0140_ye 72 61 11 7 0 994.1 1392.9 535.31 755.0 458.79 637.9
ynao_sd_20000925_0130_li 38 34 4 5 0 736.87 1265.17 327.23 571.21 409.64 693.96
ynao_sd_20000926_0430_li 34 32 2 4 0 713.58 1526.14 310.66 557.08 402.92 969.06
ynao_sd_20000927_0050_li 40 34 6 3 0 432.81 774.86 332.52 677.76 100.29 97.1
ynao_sd_20000928_0220_li 51 46 5 5 0 2391.26 6093.47 424.62 796.58 1966.64 5296.89
ynao_sd_20000929_0405_li 52 44 8 5 0 982.56 1427.28 384.6 596.54 597.96 830.74
ynao_sd_20000930_0140_li 64 52 12 7 0 1434.9 1738.03 473.78 593.98 961.12 1144.05
ynao_sd_20001001_0200_li 72 62 10 5 0 1670.31 1940.17 603.61 723.95 1066.7 1216.22
ynao_sd_20001002_0130_ye 86 74 12 7 0 1964.17 2209.76 788.96 909.82 1175.21 1299.94
ynao_sd_20001003_0245_ye 115 99 16 8 0 2282.54 2597.56 890.46 1025.28 1392.08 1572.28
ynao_sd_20001004_0215_ye 112 99 13 7 0 1929.19 2376.79 854.19 1080.55 1075.0 1296.24
ynao_sd_20001005_0455_ye 98 89 9 6 0 1475.69 2072.08 769.9 1088.24 705.79 983.84
ynao_sd_20001006_0135_ye 69 64 5 4 0 1041.63 1607.62 595.23 861.06 446.4 746.56
ynao_sd_20001007_0210_ye 40 32 8 4 0 670.37 1131.03 302.48 507.55 367.89 623.48
ynao_sd_20001008_0340_ye 39 34 5 6 0 638.74 1308.57 261.97 452.67 376.77 855.9
ynao_sd_20001009_0130_li 16 13 3 3 0 1335.99 4394.47 177.39 500.54 1158.6 3893.93
ynao_sd_20001010_0210_li 17 14 3 2 0 235.29 402.01 111.05 165.91 124.24 236.1
ynao_sd_20001011_0105_li 17 14 3 2 0 265.79 381.06 134.69 177.87 131.1 203.19
ynao_sd_20001012_0120_li 29 25 4 4 0 333.17 492.23 231.34 371.39 101.83 120.84
ynao_sd_20001015_0200_li 21 19 2 2 0 283.12 345.0 180.78 227.79 102.34 117.21
ynao_sd_20001019_0435_ye 31 30 1 1 0 321.09 425.56 212.19 291.37 108.9 134.19
ynao_sd_20001020_0300_ye 37 36 1 1 0 359.0 441.2 239.23 293.76 119.77 147.44
ynao_sd_20001021_0140_li 17 16 1 1 0 236.26 290.79 117.5 141.06 118.76 149.73
ynao_sd_20001022_0150_li 13 12 1 1 0 209.45 274.46 122.36 156.29 87.09 118.17
ynao_sd_20001023_0200_li 13 10 3 2 0 230.51 345.49 96.32 138.45 134.19 207.04
ynao_sd_20001024_0040_ye 15 13 2 1 0 284.19 613.23 166.16 391.15 118.03 222.08
ynao_sd_20001025_0200_ye 12 7 5 5 0 309.41 637.49 108.42 205.89 200.99 431.6
ynao_sd_20001027_0035_ye 25 22 3 4 0 504.54 973.6 277.66 521.94 226.88 451.66
ynao_sd_20001028_0400_li 23 17 6 4 0 473.63 731.14 238.27 387.36 235.36 343.78
ynao_sd_20001030_0045_ye 25 18 7 6 0 595.57 776.02 201.24 263.82 394.33 512.2
ynao_sd_20001031_0150_ye 46 40 6 4 0 752.77 890.81 373.08 444.22 379.69 446.59
ynao_sd_20001101_0040_ye 51 45 6 4 0 989.62 1130.6 480.29 554.45 509.33 576.15
ynao_sd_20001102_0040_ye 61 54 7 5 0 891.81 1025.17 440.74 514.85 451.07 510.32
ynao_sd_20001103_0040_ye 48 45 3 3 0 702.15 831.69 407.05 488.33 295.1 343.36
ynao_sd_20001104_0040_ye 33 30 3 3 0 670.77 887.03 374.71 494.38 296.06 392.65
ynao_sd_20001105_0115_ye 43 37 6 4 0 653.81 1221.68 329.33 630.25 324.48 591.43
ynao_sd_20001106_0140_li 22 19 3 3 0 1469.35 4053.65 274.59 596.41 1194.76 3457.24
ynao_sd_20001107_0140_li 11 5 6 5 0 333.81 543.39 79.3 119.24 254.51 424.15
ynao_sd_20001108_0120_li 27 25 2 2 0 378.32 619.01 266.32 467.44 112.0 151.57
ynao_sd_20001109_0100_li 25 20 5 5 0 473.04 626.31 185.16 262.5 287.88 363.81
ynao_sd_20001110_0200_li 16 11 5 4 0 594.19 689.66 160.82 200.56 433.37 489.1
ynao_sd_20001111_0105_li 22 17 5 5 0 732.67 809.64 193.78 233.6 538.89 576.04
ynao_sd_20001113_0130_ye 44 37 7 4 0 935.86 1117.7 401.74 530.81 534.12 586.89
ynao_sd_20001114_0040_ye 40 32 8 5 0 1058.26 1486.63 389.79 591.04 668.47 895.59
ynao_sd_20001115_0100_ye 47 37 10 5 0 1015.77 1516.26 360.39 540.92 655.38 975.34
ynao_sd_20001116_0100_ye 42 32 10 4 0 801.92 1158.07 292.48 429.75 509.44 728.32
ynao_sd_20001117_0250_ye 37 28 9 5 0 975.42 1405.93 339.68 458.56 635.74 947.37
ynao_sd_20001118_0040_ye 49 40 9 7 0 918.92 1332.44 396.42 512.45 522.5 819.99
ynao_sd_20001119_0145_ye 70 61 9 6 0 867.4 964.4 475.12 529.52 392.28 434.88
ynao_sd_20001121_0310_li 32 27 5 3 0 915.57 1161.24 305.05 372.22 610.52 789.02
ynao_sd_20001122_0140_li 37 32 5 6 0 740.16 1228.63 236.19 343.68 503.97 884.95
ynao_sd_20001123_0130_li 14 12 2 2 0 555.84 1083.32 210.43 372.62 345.41 710.7
ynao_sd_20001124_0120_li 11 7 4 4 0 446.56 920.06 132.4 284.35 314.16 635.71
ynao_sd_20001125_0140_li 4 3 1 1 0 296.56 541.49 98.8 283.68 197.76 257.81
ynao_sd_20001126_0140_li 1 0 1 1 0 344.12 397.04 39.59 45.67 304.53 351.37
ynao_sd_20001127_0100_ye 4 3 1 1 0 322.74 355.44 67.38 78.39 255.36 277.05
ynao_sd_20001128_0100_ye 7 5 2 2 0 395.88 429.19 93.17 103.24 302.71 325.95
ynao_sd_20001130_0110_ye 53 48 5 4 0 722.08 833.43 371.57 418.85 350.51 414.58
ynao_sd_20001201_0105_ye 48 43 5 4 0 646.43 736.24 330.57 370.21 315.86 366.03
ynao_sd_20001202_0105_ye 52 48 4 3 0 625.51 693.98 360.93 422.75 264.58 271.23
ynao_sd_20001204_0205_li 17 14 3 1 0 234.4 304.93 114.42 166.79 119.98 138.14
ynao_sd_20001205_0140_li 9 7 2 1 0 138.81 192.84 48.87 72.54 89.94 120.3
ynao_sd_20001206_0200_li 8 7 1 1 0 107.38 177.25 65.47 106.49 41.91 70.76
ynao_sd_20001207_0130_li 6 5 1 1 0 319.2 711.45 69.43 139.56 249.77 571.89
ynao_sd_20001208_0305_li 10 10 0 0 0 107.73 345.95 107.73 345.95 0 0
ynao_sd_20001209_0140_li 2 2 0 0 0 36.23 67.55 36.23 67.55 0 0
ynao_sd_20001210_0140_li 4 4 0 0 0 57.72 193.02 57.72 193.02 0 0
ynao_sd_20001211_0150_ye 1 0 1 1 0 59.9 144.44 9.98 23.96 49.92 120.48
ynao_sd_20001212_0350_ye 14 13 1 1 0 174.49 280.39 103.77 161.82 70.72 118.57
ynao_sd_20001213_0450_ye 17 14 3 2 0 215.77 301.89 106.64 152.63 109.13 149.26
ynao_sd_20001215_0110_ye 64 58 6 4 0 884.89 1092.65 489.97 569.48 394.92 523.17
ynao_sd_20001216_0110_ye 32 27 5 4 0 788.98 941.79 320.16 377.28 468.82 564.51
ynao_sd_20001217_0130_ye 41 35 6 5 0 878.55 1090.47 364.67 477.73 513.88 612.74
ynao_sd_20001218_0140_li 25 20 5 4 0 560.51 730.98 208.82 329.62 351.69 401.36
ynao_sd_20001219_0230_li 24 21 3 3 0 569.09 871.92 189.25 346.77 379.84 525.15
ynao_sd_20001222_0130_li 16 14 2 2 0 558.03 693.27 152.38 239.52 405.65 453.75
ynao_sd_20001223_0410_li 11 7 4 3 0 398.22 653.17 91.8 166.57 306.42 486.6
ynao_sd_20001224_0340_li 13 8 5 3 0 486.33 765.07 107.04 166.79 379.29 598.28
ynao_sd_20001225_0300_ye 40 32 8 4 0 769.11 1154.14 316.08 484.67 453.03 669.47
ynao_sd_20001226_0540_ye 31 22 9 4 0 872.08 1096.16 327.5 419.28 544.58 676.88
ynao_sd_20001227_0130_ye 48 40 8 5 0 834.56 1331.29 389.93 582.08 444.63 749.21
ynao_sd_20001228_0205_ye 59 43 16 5 0 1591.94 2739.24 483.15 758.6 1108.79 1980.64
ynao_sd_20001229_0115_ye 51 38 13 7 0 1714.7 2521.7 487.47 675.33 1227.23 1846.37
ynao_sd_20001230_0430_ye 63 43 20 6 0 2430.89 3009.45 736.6 897.04 1694.29 2112.41
