ynao_sd_20010101_0150_li 42 29 13 6 0 1829.73 1923.96 469.84 521.74 1359.89 1402.22
ynao_sd_20010102_0140_li 52 46 6 6 0 2633.64 5234.89 568.15 808.23 2065.49 4426.66
ynao_sd_20010103_0200_li 40 35 5 6 0 1583.44 1825.43 422.35 501.55 1161.09 1323.88
ynao_sd_20010104_0150_li 25 17 8 4 0 1291.77 1552.49 252.83 295.02 1038.94 1257.47
ynao_sd_20010105_0310_li 23 12 11 5 0 979.21 1338.42 205.44 275.87 773.77 1062.55
ynao_sd_20010106_0140_li 25 16 9 4 0 2162.65 4043.93 275.11 435.37 1887.54 3608.56
ynao_sd_20010107_0150_li 31 24 7 4 0 1492.22 4136.46 260.68 498.26 1231.54 3638.2
ynao_sd_20010108_0130_ye 23 19 4 4 0 376.67 767.41 179.62 358.83 197.05 408.58
ynao_sd_20010109_0150_ye 42 40 2 2 0 342.71 572.7 251.05 399.73 91.66 172.97
ynao_sd_20010110_0155_ye 18 17 1 1 0 145.26 162.83 120.63 136.08 24.63 26.75
ynao_sd_20010111_0150_ye 4 4 0 0 0 40.53 46.29 40.53 46.29 0 0
ynao_sd_20010112_0150_ye 7 7 0 0 0 65.22 81.5 65.22 81.5 0 0
ynao_sd_20010113_0350_li 4 4 0 0 0 29.98 40.49 29.98 40.49 0 0
ynao_sd_20010114_0200_li 1 1 0 0 0 7.51 22.33 7.51 22.33 0 0
ynao_sd_20010115_0620_li 1 1 0 0 0 5.9 6.14 5.9 6.14 0 0
ynao_sd_20010116_0240_li 4 4 0 0 0 23.23 29.08 23.23 29.08 0 0
ynao_sd_20010117_0130_li 4 4 0 0 0 26.85 35.52 26.85 35.52 0 0
ynao_sd_20010118_0140_li 2 2 0 0 0 36.65 182.93 36.65 182.93 0 0
ynao_sd_20010119_0130_li 16 15 1 1 0 212.19 557.09 110.88 279.35 101.31 277.74
ynao_sd_20010120_0140_li 27 26 1 1 0 367.92 645.0 187.83 322.47 180.09 322.53
ynao_sd_20010121_0150_li 28 25 3 3 0 505.17 781.8 220.97 336.82 284.2 444.98
ynao_sd_20010122_0210_li 50 44 6 3 0 762.33 1087.38 502.53 760.29 259.8 327.09
ynao_sd_20010123_0210_li 68 63 5 3 0 854.94 1149.7 498.78 673.25 356.16 476.45
ynao_sd_20010124_0240_li 55 49 6 6 0 851.35 977.64 416.87 478.81 434.48 498.83
ynao_sd_20010125_0200_li 72 61 11 6 0 1368.36 1485.93 566.62 607.73 801.74 878.2
ynao_sd_20010126_0210_li 59 49 10 4 0 1095.9 1174.81 509.3 554.48 586.6 620.33
ynao_sd_20010129_0600_ye 89 82 7 4 0 1930.11 3682.46 622.64 772.44 1307.47 2910.02
ynao_sd_20010130_0335_ye 61 60 1 1 0 550.94 715.41 460.97 600.91 89.97 114.5
ynao_sd_20010131_0200_ye 35 32 3 2 0 333.78 483.82 239.2 320.44 94.58 163.38
ynao_sd_20010201_0300_ye 25 25 0 0 0 197.33 364.61 197.33 364.61 0 0
ynao_sd_20010202_0245_ye 10 10 0 0 0 63.13 86.27 63.13 86.27 0 0
ynao_sd_20010203_0130_ye 15 15 0 0 0 100.32 109.91 100.32 109.91 0 0
ynao_sd_20010204_0130_ye 23 23 0 0 0 141.16 194.59 141.16 194.59 0 0
ynao_sd_20010205_0130_li 17 15 2 2 0 234.95 571.43 94.55 155.66 140.4 415.77
ynao_sd_20010206_0140_li 24 19 5 3 0 1514.54 4356.29 185.36 340.42 1329.18 4015.87
ynao_sd_20010207_0230_li 27 23 4 2 0 442.42 595.66 199.8 267.54 242.62 328.12
ynao_sd_20010211_0210_li 36 33 3 2 0 856.72 909.11 285.25 302.43 571.47 606.68
ynao_sd_20010212_0150_li 24 20 4 2 0 684.15 792.85 181.54 206.15 502.61 586.7
ynao_sd_20010213_0120_li 8 5 3 2 0 438.46 596.34 87.56 112.02 350.9 484.32
ynao_sd_20010215_0305_li 5 4 1 1 0 1352.5 3250.76 139.34 349.4 1213.16 2901.36
ynao_sd_20010216_0320_li 5 5 0 0 0 99.64 329.48 99.64 329.48 0 0
ynao_sd_20010217_0120_li 8 8 0 0 0 58.16 67.8 58.16 67.8 0 0
ynao_sd_20010218_0150_li 26 21 5 2 0 262.75 306.11 164.5 205.55 98.25 100.56
ynao_sd_20010219_0100_ye 41 38 3 2 0 431.61 474.81 340.55 383.59 91.06 91.22
ynao_sd_20010220_0120_ye 60 56 4 3 0 677.41 718.7 461.0 499.33 216.41 219.37
ynao_sd_20010221_0110_ye 64 59 5 4 0 664.15 744.18 476.23 544.5 187.92 199.68
ynao_sd_20010222_0120_ye 70 66 4 2 0 683.95 807.81 561.84 666.23 122.11 141.58
ynao_sd_20010223_0125_ye 63 58 5 4 0 690.45 935.98 455.9 612.7 234.55 323.28
ynao_sd_20010224_0100_ye 34 28 6 4 0 491.58 773.29 239.77 332.1 251.81 441.19
ynao_sd_20010225_0335_ye 14 14 0 2 0 295.74 676.55 149.78 326.11 145.96 350.44
ynao_sd_20010226_0210_ye 15 15 0 0 0 154.27 366.05 154.27 366.05 0 0
ynao_sd_20010227_0210_ye 24 24 0 0 0 191.62 287.35 191.62 287.35 0 0
ynao_sd_20010228_0055_ye 18 18 0 0 0 126.1 286.17 126.1 286.17 0 0
ynao_sd_20010301_0110_ye 26 26 0 0 0 208.58 244.84 208.58 244.84 0 0
ynao_sd_20010302_0115_ye 24 24 0 0 0 174.62 235.69 174.62 235.69 0 0
ynao_sd_20010303_0115_ye 23 22 1 2 0 268.05 341.94 226.86 288.88 41.19 53.06
ynao_sd_20010305_0240_li 23 23 0 0 0 238.84 334.72 238.84 334.72 0 0
ynao_sd_20010306_0130_li 23 23 0 0 0 145.59 157.42 145.59 157.42 0 0
ynao_sd_20010307_0130_li 15 15 0 0 0 92.88 119.18 92.88 119.18 0 0
ynao_sd_20010308_0115_li 11 11 0 0 0 96.06 159.64 96.06 159.64 0 0
ynao_sd_20010309_0540_li 5 5 0 0 0 57.73 159.01 57.73 159.01 0 0
ynao_sd_20010310_0310_li 20 20 0 0 0 193.15 439.95 193.15 439.95 0 0
ynao_sd_20010311_0420_li 20 18 2 3 0 1049.46 1259.39 167.26 272.76 882.2 986.63
ynao_sd_20010313_0405_ye 79 75 4 3 0 641.47 848.18 543.09 732.69 98.38 115.49
ynao_sd_20010314_0135_ye 92 90 2 2 0 719.66 831.01 594.05 698.38 125.61 132.63
ynao_sd_20010315_0120_ye 74 71 3 3 0 619.27 659.28 500.42 539.5 118.85 119.78
ynao_sd_20010316_0110_ye 110 109 1 1 0 825.04 929.12 725.08 825.45 99.96 103.67
ynao_sd_20010317_0110_ye 61 61 0 1 1 533.72 594.55 404.56 447.32 129.16 147.23
ynao_sd_20010318_0145_ye 91 89 2 1 0 810.0 968.81 667.78 778.31 142.22 190.5
ynao_sd_20010319_0115_li 44 41 3 2 0 428.71 596.7 308.38 407.31 120.33 189.39
ynao_sd_20010320_0120_li 27 24 3 2 0 356.74 614.5 203.63 323.72 153.11 290.78
ynao_sd_20010321_0050_li 24 21 3 3 0 1428.92 4748.13 183.53 429.38 1245.39 4318.75
ynao_sd_20010322_0050_li 12 12 0 0 0 145.22 413.22 145.22 413.22 0 0
ynao_sd_20010323_0055_li 18 14 4 3 0 238.66 492.79 149.67 346.58 88.99 146.21
ynao_sd_20010324_0130_li 20 16 4 4 0 380.01 580.93 163.23 290.9 216.78 290.03
ynao_sd_20010325_0200_li 42 36 6 2 0 555.45 803.26 411.69 644.77 143.76 158.49
ynao_sd_20010326_0100_li 66 58 8 4 0 916.28 1282.24 517.0 608.59 399.28 673.65
ynao_sd_20010327_0100_ye 121 113 8 5 0 1690.39 2265.51 973.32 1316.39 717.07 949.12
ynao_sd_20010328_0045_ye 119 106 13 8 0 2042.57 2690.2 975.54 1245.96 1067.03 1444.24
ynao_sd_20010329_0105_ye 106 91 15 9 0 1797.56 2296.14 908.64 1148.75 888.92 1147.39
ynao_sd_20010330_0100_ye 97 82 15 11 0 1670.16 2230.36 720.68 892.73 949.48 1337.63
ynao_sd_20010331_0045_ye 105 93 12 7 0 1680.02 1901.56 866.5 1092.2 813.52 809.36
ynao_sd_20010401_0130_ye 78 69 9 6 0 2046.96 3252.28 704.64 873.99 1342.32 2378.29
ynao_sd_20010402_0130_li 58 53 5 2 0 962.28 1102.88 495.22 582.03 467.06 520.85
ynao_sd_20010403_0050_li 41 37 4 4 0 2138.48 3684.96 376.31 594.97 1762.17 3089.99
ynao_sd_20010404_0130_li 30 24 6 5 0 1104.43 2426.98 313.0 613.02 791.43 1813.96
ynao_sd_20010405_0050_li 31 22 9 5 0 2431.89 3998.42 341.69 604.88 2090.2 3393.54
ynao_sd_20010406_0100_li 42 30 12 5 0 2845.9 4112.68 445.8 711.17 2400.1 3401.51
ynao_sd_20010407_0045_li 49 32 17 10 0 3899.15 4374.96 444.59 516.69 3454.56 3858.27
ynao_sd_20010408_0800_li 24 15 9 3 0 1669.64 1791.54 361.1 388.17 1308.54 1403.37
ynao_sd_20010409_0030_ye 74 55 19 8 0 3621.27 5274.66 800.52 901.18 2820.75 4373.48
ynao_sd_20010410_0100_ye 88 74 14 7 0 2089.34 2257.84 848.0 938.94 1241.34 1318.9
ynao_sd_20010411_0040_ye 68 56 12 7 0 1908.48 2157.47 708.63 825.2 1199.85 1332.27
ynao_sd_20010412_0235_ye 70 58 12 6 0 1791.57 2214.38 823.59 1002.96 967.98 1211.42
ynao_sd_20010413_0035_ye 82 70 12 7 0 1546.86 2223.81 710.5 989.55 836.36 1234.26
ynao_sd_20010414_0030_ye 53 49 4 2 0 829.45 1499.68 468.04 804.19 361.41 695.49
ynao_sd_20010415_0135_ye 34 29 5 1 0 542.1 1274.63 312.27 562.74 229.83 711.89
ynao_sd_20010416_0055_li 14 14 0 0 0 135.56 333.35 135.56 333.35 0 0
ynao_sd_20010417_0050_li 9 9 0 0 0 63.03 114.83 63.03 114.83 0 0
ynao_sd_20010418_0045_li 6 6 0 0 0 36.03 46.64 36.03 46.64 0 0
ynao_sd_20010419_0050_li 0 0 0 0 0 0 0 0 0 0 0
ynao_sd_20010420_0045_li 12 12 0 0 0 91.72 105.51 91.72 105.51 0 0
ynao_sd_20010421_0050_li 20 14 6 3 0 480.01 645.79 199.38 347.49 280.63 298.3
ynao_sd_20010422_0045_li 20 11 9 5 0 870.57 1053.44 162.8 186.16 707.77 867.28
ynao_sd_20010423_0045_ye 31 21 10 3 0 1002.39 1239.84 283.83 344.34 718.56 895.5
ynao_sd_20010424_0120_li 18 11 7 4 0 1749.42 2121.9 157.12 192.67 1592.3 1929.23
ynao_sd_20010425_0040_ye 22 17 5 3 0 869.98 1083.39 280.16 345.34 589.82 738.05
ynao_sd_20010426_0110_ye 15 12 3 2 0 672.73 873.45 221.21 284.83 451.52 588.62
ynao_sd_20010427_0820_li 0 0 0 0 0 0 0 0 0 0 0
ynao_sd_20010428_0050_ye 5 3 2 1 0 372.99 536.49 159.97 342.56 213.02 193.93
ynao_sd_20010429_0050_ye 15 12 3 1 0 412.04 524.68 156.23 259.18 255.81 265.5
ynao_sd_20010430_0145_ye 16 15 1 1 0 380.53 479.89 175.67 236.31 204.86 243.58
ynao_sd_20010501_0520_li 9 8 1 1 0 171.06 248.21 68.26 97.43 102.8 150.78
ynao_sd_20010502_0150_ye 12 11 1 1 0 253.03 549.05 149.41 357.16 103.62 191.89
ynao_sd_20010503_0140_ye 8 5 3 2 0 191.26 445.07 69.9 109.58 121.36 335.49
ynao_sd_20010504_0240_ye 1 0 1 1 0 132.57 226.83 18.2 31.17 114.37 195.66
ynao_sd_20010505_0155_ye 19 16 3 2 0 322.96 635.58 150.05 268.28 172.91 367.3
ynao_sd_20010506_0225_ye 16 12 4 2 0 439.97 612.24 158.92 198.75 281.05 413.49
ynao_sd_20010507_0155_ye 10 6 4 3 0 439.78 596.93 145.09 205.72 294.69 391.21
ynao_sd_20010508_0100_li 8 5 3 3 0 444.3 562.63 79.9 121.71 364.4 440.92
ynao_sd_20010509_0050_ye 11 8 3 2 0 394.78 456.81 99.52 125.33 295.26 331.48
ynao_sd_20010517_0630_ye 34 32 2 4 0 428.07 1022.79 253.3 462.35 174.77 560.44
ynao_sd_20010519_0220_ye 7 6 1 1 0 100.94 359.94 55.57 183.74 45.37 176.2
ynao_sd_20010520_0150_li 13 5 8 3 0 2860.04 8987.24 147.23 411.23 2712.81 8576.01
ynao_sd_20010521_0640_li 7 3 4 2 0 1502.04 2687.91 112.98 188.98 1389.06 2498.93
ynao_sd_20010522_0630_li 17 15 2 3 0 2683.04 3531.18 141.09 176.21 2541.95 3354.97
ynao_sd_20010523_0140_li 17 15 2 2 0 985.48 1102.16 140.5 165.06 844.98 937.1
ynao_sd_20010524_0100_ye 19 18 1 2 0 1294.29 1340.06 151.92 159.82 1142.37 1180.24
ynao_sd_20010525_0130_ye 6 4 2 1 0 171.24 175.38 67.88 68.76 103.36 106.62
ynao_sd_20010529_0320_ye 6 6 0 1 0 66.71 83.93 34.85 41.77 31.86 42.16
ynao_sd_20010603_0525_li 22 16 6 5 0 1441.05 2779.88 227.67 325.24 1213.38 2454.64
ynao_sd_20010604_0120_li 41 35 6 3 0 1789.44 2170.57 247.15 308.67 1542.29 1861.9
ynao_sd_20010605_0530_li 34 27 7 3 0 863.5 1057.51 272.17 325.21 591.33 732.3
ynao_sd_20010606_0710_li 35 26 9 5 0 832.42 976.0 264.73 304.99 567.69 671.01
ynao_sd_20010607_0500_li 35 29 6 3 0 742.62 883.19 296.29 336.13 446.33 547.06
ynao_sd_20010608_0120_ye 33 28 5 3 0 673.25 821.36 326.15 365.78 347.1 455.58
ynao_sd_20010609_0040_ye 47 40 7 6 0 3563.11 4774.12 411.7 541.94 3151.41 4232.18
ynao_sd_20010610_0420_ye 41 30 11 7 0 1255.47 1926.78 415.4 581.77 840.07 1345.01
ynao_sd_20010611_0720_ye 41 32 9 6 0 977.83 1885.95 361.46 590.34 616.37 1295.61
ynao_sd_20010613_0040_ye 17 15 2 2 0 355.2 928.4 226.88 700.67 128.32 227.73
ynao_sd_20010614_0100_li 24 20 4 4 0 1535.77 3780.17 143.92 282.88 1391.85 3497.29
ynao_sd_20010615_0100_ye 28 24 4 4 0 1539.14 1828.79 238.38 322.51 1300.76 1506.28
ynao_sd_20010616_0050_ye 26 23 3 2 0 1373.26 1695.56 234.12 290.88 1139.14 1404.68
ynao_sd_20010617_0330_ye 35 31 4 2 0 393.49 459.06 229.61 280.69 163.88 178.37
ynao_sd_20010618_0130_li 21 20 1 1 0 314.9 341.59 191.69 211.26 123.21 130.33
ynao_sd_20010619_0400_li 28 27 1 1 0 337.08 379.98 176.9 195.33 160.18 184.65
ynao_sd_20010622_0300_li 29 25 4 4 0 1631.21 3524.1 250.17 376.42 1381.04 3147.68
ynao_sd_20010623_0340_li 34 26 8 2 0 453.2 607.75 228.23 350.53 224.97 257.22
ynao_sd_20010624_0200_ye 36 28 8 3 0 671.25 817.45 281.19 364.83 390.06 452.62
ynao_sd_20010625_0320_ye 47 41 6 5 0 757.16 981.1 326.19 498.62 430.97 482.48
ynao_sd_20010626_0600_ye 32 28 4 3 0 424.35 491.42 200.62 232.84 223.73 258.58
ynao_sd_20010627_0305_ye 31 29 2 2 0 339.39 474.62 222.01 326.9 117.38 147.72
ynao_sd_20010628_0240_ye 26 21 5 2 0 303.53 436.13 150.92 223.71 152.61 212.42
ynao_sd_20010629_0440_ye 12 11 1 1 0 181.41 302.39 123.42 236.57 57.99 65.82
ynao_sd_20010630_0545_ye 9 6 3 2 0 268.51 425.58 116.57 185.44 151.94 240.14
ynao_sd_20010701_0140_ye 9 6 3 2 0 248.58 382.5 106.0 151.37 142.58 231.13
ynao_sd_20010705_0700_ye 6 3 3 2 0 265.05 327.44 60.33 75.77 204.72 251.67
ynao_sd_20010706_0035_ye 18 15 3 1 0 226.41 270.65 145.15 177.75 81.26 92.9
ynao_sd_20010709_0030_ye 15 15 0 1 0 163.73 187.24 129.1 149.87 34.63 37.37
ynao_sd_20010710_0040_ye 35 31 4 2 0 397.25 455.58 236.77 292.04 160.48 163.54
ynao_sd_20010711_0040_ye 27 23 4 2 0 388.02 447.97 201.29 257.27 186.73 190.7
ynao_sd_20010712_0050_ye 35 34 1 3 0 411.62 489.19 267.2 326.95 144.42 162.24
ynao_sd_20010713_0030_ye 29 28 1 2 0 322.74 373.26 279.16 322.27 43.58 50.99
ynao_sd_20010714_0030_ye 49 48 1 1 0 403.19 452.23 357.29 401.2 45.9 51.03
ynao_sd_20010715_0255_ye 35 34 1 2 0 337.35 583.0 285.32 526.88 52.03 56.12
ynao_sd_20010717_0230_ye 44 39 5 3 0 761.69 1307.73 378.96 651.38 382.73 656.35
ynao_sd_20010718_0050_ye 51 45 6 4 0 979.8 1612.32 452.02 722.88 527.78 889.44
ynao_sd_20010719_0215_ye 36 31 5 4 0 779.75 1256.31 344.71 543.94 435.04 712.37
ynao_sd_20010720_0035_ye 27 23 4 5 0 624.7 982.33 268.13 371.13 356.57 611.2
ynao_sd_20010721_0025_ye 34 28 6 3 0 787.02 893.81 343.24 387.74 443.78 506.07
ynao_sd_20010722_0135_ye 30 24 6 5 0 889.29 1000.97 332.6 372.43 556.69 628.54
ynao_sd_20010725_0235_ye 30 25 5 3 0 600.84 897.54 253.29 373.08 347.55 524.46
ynao_sd_20010726_0040_ye 18 15 3 3 0 549.51 1228.62 217.83 559.33 331.68 669.29
ynao_sd_20010727_0300_ye 9 8 1 1 0 183.5 507.91 120.15 340.53 63.35 167.38
ynao_sd_20010729_0325_ye 21 20 1 1 0 306.27 456.72 199.5 303.16 106.77 153.56
ynao_sd_20010731_0255_ye 13 12 1 1 0 158.44 261.23 128.09 227.09 30.35 34.14
ynao_sd_20010802_0030_ye 39 38 1 1 0 357.42 423.11 321.95 380.22 35.47 42.89
ynao_sd_20010803_0055_ye 22 22 0 0 0 172.93 197.58 172.93 197.58 0 0
ynao_sd_20010805_0220_ye 62 58 4 2 0 878.89 1198.32 497.04 684.73 381.85 513.59
ynao_sd_20010806_0110_ye 43 31 12 5 0 1207.06 2165.94 405.65 656.21 801.41 1509.73
ynao_sd_20010807_0040_ye 34 21 13 6 0 1160.05 2264.97 307.54 547.29 852.51 1717.68
ynao_sd_20010808_0100_ye 29 22 7 4 0 1209.52 2625.51 455.83 1243.94 753.69 1381.57
ynao_sd_20010809_0105_ye 26 21 5 4 0 1102.73 1621.94 329.76 545.11 772.97 1076.83
ynao_sd_20010810_0035_ye 25 21 4 3 0 976.17 1348.37 338.19 512.88 637.98 835.49
ynao_sd_20010811_0120_ye 55 47 8 6 0 1187.99 1472.17 475.9 596.74 712.09 875.43
ynao_sd_20010812_0515_ye 49 39 10 7 0 1397.18 1669.66 448.16 523.25 949.02 1146.41
ynao_sd_20010813_0240_li 48 34 14 7 0 1336.75 1540.5 382.17 475.31 954.58 1065.19
ynao_sd_20010815_0200_li 49 44 5 4 0 680.19 958.33 338.86 448.56 341.33 509.77
ynao_sd_20010816_0125_li 25 22 3 4 0 466.67 747.54 219.23 304.95 247.44 442.59
ynao_sd_20010818_0800_li 16 15 1 0 0 118.24 178.44 127.41 195.89 9.17 17.45
ynao_sd_20010820_0225_ye 14 12 2 1 0 189.49 463.0 131.68 342.63 57.81 120.37
ynao_sd_20010821_0530_ye 7 7 0 1 0 142.17 424.84 55.1 96.72 87.07 328.12
ynao_sd_20010822_0040_ye 12 10 2 1 0 205.71 560.59 134.37 379.51 71.34 181.08
ynao_sd_20010823_0520_ye 26 20 6 4 0 560.28 1384.15 235.2 579.07 325.08 805.08
ynao_sd_20010824_0040_ye 43 32 11 4 0 1493.85 3025.33 671.09 1462.2 822.76 1563.13
ynao_sd_20010830_0250_li 21 19 2 3 0 259.24 372.89 153.18 231.09 106.06 141.8
ynao_sd_20010901_0150_li 36 31 5 4 0 2112.79 5385.98 365.93 679.62 1746.86 4706.36
ynao_sd_20010904_0135_ye 24 22 2 3 0 404.26 924.86 239.64 574.21 164.62 350.65
ynao_sd_20010905_0135_ye 46 39 7 4 0 779.48 1733.22 474.64 1233.55 304.84 499.67
ynao_sd_20010906_0550_ye 62 54 8 6 0 1096.44 1822.13 620.49 1088.06 475.95 734.07
ynao_sd_20010907_0420_ye 109 89 20 12 0 1662.87 2748.33 828.7 1324.24 834.17 1424.09
ynao_sd_20010911_0800_li 145 114 31 14 0 3744.75 4479.02 1095.23 1287.12 2649.52 3191.9
ynao_sd_20010912_0620_li 128 99 29 18 0 4040.15 5270.1 968.21 1336.35 3071.94 3933.75
ynao_sd_20010913_0250_li 130 110 20 13 0 3336.26 4442.81 1177.62 1678.49 2158.64 2764.32
ynao_sd_20010914_0600_li 115 83 32 13 0 3028.72 4232.29 869.36 1239.73 2159.36 2992.56
ynao_sd_20010915_0240_li 86 67 19 11 0 3690.19 6816.15 815.34 1179.09 2874.85 5637.06
ynao_sd_20010917_0330_ye 71 63 8 5 0 1289.15 2401.25 557.76 919.06 731.39 1482.19
ynao_sd_20010918_0145_ye 64 61 3 2 0 818.29 1390.45 521.27 952.97 297.02 437.48
ynao_sd_20010919_0105_ye 29 26 3 4 0 840.04 1732.62 374.39 881.46 465.65 851.16
ynao_sd_20010920_0245_ye 62 54 8 6 0 1035.58 1982.38 568.68 1197.21 466.9 785.17
ynao_sd_20010921_0400_ye 68 54 14 9 0 1589.61 3121.97 569.19 1005.52 1020.42 2116.45
ynao_sd_20010922_0050_ye 71 59 12 11 0 1758.41 3005.29 659.93 1011.54 1098.48 1993.75
ynao_sd_20010923_0525_li 92 73 19 7 0 2689.76 3743.49 979.27 1429.24 1710.49 2314.25
ynao_sd_20010924_0700_li 108 86 22 6 0 3047.31 3686.85 889.68 1111.48 2157.63 2575.37
ynao_sd_20010925_0640_li 117 98 19 8 0 3427.9 4054.39 1023.67 1350.97 2404.23 2703.42
ynao_sd_20010926_0240_li 75 58 17 10 0 3265.71 3838.05 748.73 868.93 2516.98 2969.12
ynao_sd_20010927_0210_li 63 46 17 9 0 2799.34 3383.78 575.62 707.49 2223.72 2676.29
ynao_sd_20010928_0205_li 68 52 16 9 0 4276.62 8067.22 736.65 1018.75 3539.97 7048.47
ynao_sd_20010929_0230_li 80 62 18 9 0 2957.7 4310.69 727.88 1066.39 2229.82 3244.3
ynao_sd_20010930_0240_li 41 26 15 9 0 2123.65 3744.02 482.6 862.49 1641.05 2881.53
ynao_sd_20011001_0235_li 53 41 12 6 0 1814.82 3747.47 664.66 1445.17 1150.16 2302.3
ynao_sd_20011006_0245_li 22 12 10 6 0 1415.28 4299.6 185.05 428.61 1230.23 3870.99
ynao_sd_20011008_0220_li 35 23 12 8 0 2869.54 6934.01 300.14 501.15 2569.4 6432.86
ynao_sd_20011009_0640_li 32 24 8 6 0 833.1 1319.65 237.82 380.35 595.28 939.3
ynao_sd_20011010_0240_li 39 30 9 6 0 866.69 1344.81 352.81 551.9 513.88 792.91
ynao_sd_20011011_0330_li 42 33 9 6 0 718.18 990.29 304.19 387.37 413.99 602.92
ynao_sd_20011012_0520_li 38 31 7 6 0 1497.5 2060.41 275.07 375.0 1222.43 1685.41
ynao_sd_20011013_0205_li 40 34 6 6 0 1926.41 2858.3 274.31 359.84 1652.1 2498.46
ynao_sd_20011014_0140_li 33 30 3 4 0 1515.59 1899.67 243.04 301.71 1272.55 1597.96
ynao_sd_20011015_0220_ye 49 46 3 3 0 592.8 701.13 374.17 468.56 218.63 232.57
ynao_sd_20011016_0115_ye 29 25 4 4 0 390.1 636.24 203.5 261.87 186.6 374.37
ynao_sd_20011017_0510_ye 22 19 3 3 0 467.63 946.77 265.75 585.87 201.88 360.9
ynao_sd_20011018_0115_ye 30 23 7 5 0 941.35 1700.76 368.19 763.42 573.16 937.34
ynao_sd_20011019_0230_ye 49 40 9 5 0 1189.83 1878.76 403.96 678.14 785.87 1200.62
ynao_sd_20011020_0740_ye 45 33 12 4 0 1455.12 2012.17 390.96 577.74 1064.16 1434.43
ynao_sd_20011021_0215_ye 87 65 22 4 0 1867.1 2441.49 701.16 975.96 1165.94 1465.53
ynao_sd_20011022_0125_ye 63 45 18 5 0 1825.87 2092.07 550.36 634.79 1275.51 1457.28
ynao_sd_20011102_0110_ye 15 14 1 2 0 228.04 805.4 168.76 606.84 59.28 198.56
ynao_sd_20011103_0200_ye 37 33 4 5 0 421.82 953.02 231.53 513.13 190.29 439.89
ynao_sd_20011104_0140_ye 67 62 5 5 0 793.29 1242.61 487.38 728.32 305.91 514.29
ynao_sd_20011105_0330_li 54 44 10 8 0 955.04 1454.33 494.88 863.12 460.16 591.21
ynao_sd_20011106_0640_li 70 50 20 11 0 1603.52 3038.68 557.59 944.44 1045.93 2094.24
ynao_sd_20011107_0230_li 90 71 19 10 1 2175.28 3505.13 674.86 962.79 1500.42 2542.34
ynao_sd_20011108_0210_li 75 57 18 6 0 2436.8 3385.77 776.24 1021.06 1660.56 2364.71
ynao_sd_20011111_0540_ye 83 61 22 9 0 4310.17 6832.08 686.98 867.7 3623.19 5964.38
ynao_sd_20011112_0620_ye 101 71 30 5 0 2792.7 3194.97 797.55 993.3 1995.15 2201.67
ynao_sd_20011114_0325_ye 59 36 23 8 0 2273.79 3308.26 592.11 1005.33 1681.68 2302.93
ynao_sd_20011115_0110_ye 53 34 19 8 0 1728.75 2998.2 462.88 734.92 1265.87 2263.28
ynao_sd_20011116_0105_ye 45 31 14 5 0 1687.83 3164.15 481.41 856.16 1206.42 2307.99
ynao_sd_20011117_0400_ye 32 27 5 2 0 1309.79 1971.25 421.8 777.22 887.99 1194.03
ynao_sd_20011118_0215_ye 25 17 8 2 0 1732.99 2257.26 447.2 736.92 1285.79 1520.34
ynao_sd_20011119_0620_li 39 30 9 2 0 1599.14 1775.83 434.52 500.57 1164.62 1275.26
ynao_sd_20011120_0140_li 40 32 8 2 0 1700.48 1862.34 427.79 482.63 1272.69 1379.71
ynao_sd_20011121_0200_li 34 24 10 4 0 1637.51 1820.51 350.55 378.73 1286.96 1441.78
ynao_sd_20011122_0220_li 46 36 10 4 0 2781.46 4371.07 338.89 381.99 2442.57 3989.08
ynao_sd_20011124_0630_li 30 23 7 4 0 864.35 1396.89 298.68 466.3 565.67 930.59
ynao_sd_20011125_0300_li 30 23 7 3 0 1550.98 5161.5 304.88 638.27 1246.1 4523.23
ynao_sd_20011126_0350_ye 33 31 2 2 0 428.14 1163.73 239.9 444.31 188.24 719.42
ynao_sd_20011127_0115_ye 24 23 1 1 0 208.24 292.17 169.91 229.08 38.33 63.09
ynao_sd_20011128_0105_ye 17 15 2 1 0 183.27 367.9 147.98 319.66 35.29 48.24
ynao_sd_20011129_0110_ye 35 27 8 4 0 2382.16 5763.73 289.97 581.76 2092.19 5181.97
ynao_sd_20011130_0305_ye 42 37 5 5 0 857.03 1313.89 386.56 614.22 470.47 699.67
ynao_sd_20011201_0410_ye 61 52 9 6 0 1496.99 2238.35 684.57 1168.95 812.42 1069.4
ynao_sd_20011202_0130_li 91 85 6 3 0 1558.01 2121.03 817.14 1277.6 740.87 843.43
ynao_sd_20011203_0200_li 81 73 8 5 0 3260.93 5811.8 690.83 956.54 2570.1 4855.26
ynao_sd_20011204_0140_li 75 66 9 9 0 3677.11 5225.97 607.21 696.62 3069.9 4529.35
ynao_sd_20011205_0200_li 74 58 16 9 0 3626.91 4683.43 663.43 844.3 2963.48 3839.13
ynao_sd_20011206_0140_li 74 52 22 7 0 2307.46 2790.47 667.5 817.08 1639.96 1973.39
ynao_sd_20011207_0150_li 65 50 15 9 0 2914.02 5327.51 572.19 774.98 2341.83 4552.53
ynao_sd_20011208_0140_li 54 45 9 5 1 1845.44 2506.97 538.06 722.78 1307.38 1784.19
ynao_sd_20011209_0200_li 53 41 12 4 0 2381.21 3261.73 613.81 888.49 1767.4 2373.24
ynao_sd_20011210_0140_ye 51 42 9 5 0 1430.07 2153.49 461.0 910.62 969.07 1242.87
ynao_sd_20011211_0145_ye 56 46 10 5 0 2497.25 4182.98 473.87 657.33 2023.38 3525.65
ynao_sd_20011212_0130_ye 35 28 7 7 0 1244.38 1739.39 388.31 582.51 856.07 1156.88
ynao_sd_20011213_0140_ye 48 33 15 6 0 1375.7 2314.27 480.79 783.22 894.91 1531.05
ynao_sd_20011214_0150_ye 35 31 4 2 0 795.36 1633.41 386.86 707.09 408.5 926.32
ynao_sd_20011215_0140_ye 57 49 8 5 0 856.28 1612.41 431.21 649.71 425.07 962.7
ynao_sd_20011216_0150_ye 39 31 8 3 0 702.65 1020.56 351.84 606.07 350.81 414.49
ynao_sd_20011217_0230_li 32 24 8 5 0 600.55 798.38 234.47 313.84 366.08 484.54
ynao_sd_20011218_0140_li 30 24 6 4 0 1888.05 5044.5 238.67 343.66 1649.38 4700.84
ynao_sd_20011219_0150_li 13 10 3 3 0 1244.04 1575.56 92.69 136.48 1151.35 1439.08
ynao_sd_20011220_0140_li 11 9 2 2 0 1234.64 4327.69 125.14 255.17 1109.5 4072.52
ynao_sd_20011223_0210_li 46 40 6 2 0 677.84 859.16 379.12 555.01 298.72 304.15
ynao_sd_20011224_0330_li 44 41 3 3 0 975.79 1171.81 442.92 584.75 532.87 587.06
ynao_sd_20011225_0450_li 43 34 9 7 0 1187.47 1648.87 385.97 541.53 801.5 1107.34
ynao_sd_20011226_0245_ye 84 75 9 6 0 1492.96 2204.66 788.07 1201.56 704.89 1003.1
ynao_sd_20011227_0200_ye 64 54 10 10 0 1233.27 1857.07 593.57 803.69 639.7 1053.38
ynao_sd_20011228_0210_ye 102 93 9 9 0 2238.7 4508.13 880.15 1175.76 1358.55 3332.37
ynao_sd_20011229_0310_ye 75 70 5 4 0 1122.25 1428.05 751.52 999.28 370.73 428.77
ynao_sd_20011230_0140_ye 78 74 4 5 0 1140.43 1500.79 744.01 1084.73 396.42 416.06
ynao_sd_20011231_0100_ye 73 68 5 5 0 967.24 1947.52 616.13 1185.21 351.11 762.31
