ynao_sd_20020101_0140_ye 53 45 8 3 0 800.89 1312.02 383.94 628.22 416.95 683.8
ynao_sd_20020103_0205_ye 95 84 11 7 0 1492.8 2032.54 830.02 1185.07 662.78 847.47
ynao_sd_20020104_0230_ye 104 98 6 4 0 1401.39 1877.77 957.11 1342.71 444.28 535.06
ynao_sd_20020105_0140_ye 104 95 9 6 0 1389.79 1790.99 837.68 1165.17 552.11 625.82
ynao_sd_20020106_0140_ye 62 54 8 5 0 1072.36 1494.14 526.53 765.86 545.83 728.28
ynao_sd_20020107_0210_li 45 41 4 2 0 583.43 738.89 317.89 432.22 265.54 306.67
ynao_sd_20020108_0230_li 21 19 2 3 0 1448.67 4335.1 215.79 337.18 1232.88 3997.92
ynao_sd_20020109_0320_li 33 30 3 3 0 472.23 741.43 219.71 365.55 252.52 375.88
ynao_sd_20020111_0210_li 44 31 13 7 0 3159.25 6027.29 535.48 872.98 2623.77 5154.31
ynao_sd_20020112_0220_li 47 42 5 5 0 586.02 732.17 310.13 370.15 275.89 362.02
ynao_sd_20020113_0210_li 53 44 9 7 0 820.67 1167.37 419.75 500.84 400.92 666.53
ynao_sd_20020114_0205_ye 61 49 12 11 0 2050.97 3201.44 532.32 719.53 1518.65 2481.91
ynao_sd_20020115_0135_ye 46 38 8 7 0 1162.16 1771.39 547.92 825.74 614.24 945.65
ynao_sd_20020116_0200_ye 41 35 6 5 0 947.22 1635.02 448.88 795.21 498.34 839.81
ynao_sd_20020117_0200_ye 24 20 4 2 0 766.53 824.22 298.47 326.35 468.06 497.87
ynao_sd_20020118_0200_ye 29 23 6 4 0 1918.19 2510.29 375.95 648.71 1542.24 1861.58
ynao_sd_20020119_0200_ye 39 35 4 2 0 920.94 1553.48 364.32 606.69 556.62 946.79
ynao_sd_20020120_0200_li 39 34 5 4 0 1359.06 1853.5 420.34 534.11 938.72 1319.39
ynao_sd_20020121_0200_li 36 26 10 6 0 1476.14 1877.34 403.44 535.44 1072.7 1341.9
ynao_sd_20020122_0200_li 33 26 7 6 0 2551.4 4158.6 392.89 514.61 2158.51 3643.99
ynao_sd_20020123_0150_li 43 37 6 3 0 1296.3 1641.39 456.53 688.67 839.77 952.72
ynao_sd_20020124_0220_li 29 25 4 3 0 3077.88 5654.54 396.24 552.14 2681.64 5102.4
ynao_sd_20020125_0230_li 36 32 4 2 0 2209.15 5379.78 383.28 645.03 1825.87 4734.75
ynao_sd_20020126_0200_li 36 25 11 4 0 2559.7 5426.09 365.27 685.84 2194.43 4740.25
ynao_sd_20020127_0200_li 25 15 10 5 0 2212.35 3423.87 258.18 436.09 1954.17 2987.78
ynao_sd_20020128_0200_ye 100 91 9 5 0 1723.87 2524.78 845.83 1210.54 878.04 1314.24
ynao_sd_20020203_0130_ye 94 68 26 16 0 1938.1 2217.51 726.13 835.11 1211.97 1382.4
ynao_sd_20020204_0210_li 88 72 16 13 0 1604.55 2034.32 680.55 879.68 924.0 1154.64
ynao_sd_20020205_0630_li 76 64 12 10 0 3546.46 8158.86 602.41 855.69 2944.05 7303.17
ynao_sd_20020206_0210_li 42 37 5 7 0 1950.86 4017.09 507.4 830.77 1443.46 3186.32
ynao_sd_20020207_0205_li 30 27 3 4 0 652.32 924.21 312.17 507.68 340.15 416.53
ynao_sd_20020208_0220_li 31 23 8 4 0 1959.1 5273.15 225.55 381.11 1733.55 4892.04
ynao_sd_20020209_0210_li 23 19 4 4 0 1555.52 1871.32 174.74 192.64 1380.78 1678.68
ynao_sd_20020210_0610_li 35 28 7 5 0 699.53 750.76 264.87 301.58 434.66 449.18
ynao_sd_20020211_0250_li 50 44 6 6 0 819.22 904.44 341.62 370.02 477.6 534.42
ynao_sd_20020212_0140_ye 57 51 6 4 0 1005.07 1163.96 511.47 600.35 493.6 563.61
ynao_sd_20020213_0140_ye 45 33 12 4 0 865.99 1121.0 343.76 430.39 522.23 690.61
ynao_sd_20020214_0140_ye 23 20 3 3 0 435.4 689.63 216.41 314.16 218.99 375.47
ynao_sd_20020215_0230_ye 25 25 0 0 0 297.09 819.02 297.09 819.02 0 0
ynao_sd_20020216_0405_li 18 18 0 1 0 579.45 688.7 146.89 249.25 432.56 439.45
ynao_sd_20020217_0200_li 30 24 6 2 0 584.81 786.98 254.81 357.22 330.0 429.76
ynao_sd_20020218_0205_li 37 31 6 4 0 816.9 935.8 257.02 303.3 559.88 632.5
ynao_sd_20020219_0200_ye 53 39 14 4 0 2557.08 2732.16 520.99 560.2 2036.09 2171.96
ynao_sd_20020220_0300_ye 37 29 8 5 0 872.26 914.58 297.52 328.9 574.74 585.68
ynao_sd_20020221_0220_ye 83 75 8 5 0 1253.81 1407.75 643.22 735.15 610.59 672.6
ynao_sd_20020222_0120_ye 55 50 5 6 0 828.9 1237.03 442.76 678.34 386.14 558.69
ynao_sd_20020223_0130_ye 47 38 9 5 0 1115.65 1368.32 644.11 759.7 471.54 608.62
ynao_sd_20020224_0135_ye 52 42 10 4 0 1049.9 1599.49 448.22 639.71 601.68 959.78
ynao_sd_20020226_0140_li 55 46 9 8 0 982.16 1705.31 399.47 687.86 582.69 1017.45
ynao_sd_20020227_0150_li 28 26 2 2 0 512.41 878.9 348.14 638.93 164.27 239.97
ynao_sd_20020228_0140_li 30 26 4 2 0 1976.13 5802.5 276.7 558.35 1699.43 5244.15
ynao_sd_20020301_0130_li 35 32 3 2 0 2184.79 4849.57 258.32 457.55 1926.47 4392.02
ynao_sd_20020302_0125_li 19 18 1 1 0 213.12 263.66 151.52 188.95 61.6 74.71
ynao_sd_20020303_0140_li 27 27 0 1 0 1024.42 1284.9 196.42 273.88 828.0 1011.02
ynao_sd_20020304_0130_ye 56 54 2 1 0 500.33 832.44 453.97 755.15 46.36 77.29
ynao_sd_20020305_0130_ye 39 36 3 2 0 613.68 937.88 353.91 487.16 259.77 450.72
ynao_sd_20020308_0830_ye 61 58 3 2 0 848.31 911.22 459.35 493.44 388.96 417.78
ynao_sd_20020309_0150_li 38 35 3 2 0 736.62 1099.54 304.23 377.75 432.39 721.79
ynao_sd_20020310_0145_ye 43 38 5 3 0 1426.89 2875.58 571.96 1089.88 854.93 1785.7
ynao_sd_20020311_0150_li 26 16 10 5 0 1472.36 2456.44 304.91 522.04 1167.45 1934.4
ynao_sd_20020312_0130_li 24 11 13 6 0 1705.92 2327.62 291.89 407.45 1414.03 1920.17
ynao_sd_20020313_0125_li 31 16 15 8 0 1803.47 2251.76 308.26 446.22 1495.21 1805.54
ynao_sd_20020314_0140_li 29 10 19 8 0 2752.64 4401.7 278.25 338.54 2474.39 4063.16
ynao_sd_20020315_0120_li 33 16 17 8 0 3335.11 6428.18 347.38 470.48 2987.73 5957.7
ynao_sd_20020316_0130_li 49 34 15 7 0 1781.63 1973.6 371.81 404.72 1409.82 1568.88
ynao_sd_20020317_0310_li 74 58 16 8 0 1666.32 1843.26 545.76 592.57 1120.56 1250.69
ynao_sd_20020318_0305_ye 67 52 15 8 0 1659.99 1855.97 563.14 631.28 1096.85 1224.69
ynao_sd_20020319_0130_ye 54 40 14 8 0 1463.65 1783.01 456.85 535.75 1006.8 1247.26
ynao_sd_20020321_0130_ye 26 16 10 5 0 837.57 1129.68 283.28 454.1 554.29 675.58
ynao_sd_20020322_0100_ye 57 51 6 5 0 894.45 1331.91 503.59 845.68 390.86 486.23
ynao_sd_20020323_0240_ye 38 31 7 5 0 524.9 715.19 272.48 392.92 252.42 322.27
ynao_sd_20020324_0135_ye 44 40 4 3 0 542.91 637.94 367.65 452.73 175.26 185.21
ynao_sd_20020325_0140_li 43 40 3 3 0 439.62 564.26 324.3 436.11 115.32 128.15
ynao_sd_20020326_0120_li 34 30 4 4 0 493.3 593.67 255.52 302.06 237.78 291.61
ynao_sd_20020327_0035_li 26 23 3 2 0 351.21 484.66 223.2 299.62 128.01 185.04
ynao_sd_20020328_0050_li 25 25 0 0 0 219.35 326.02 219.35 326.02 0 0
ynao_sd_20020329_0115_li 26 26 0 0 0 237.59 397.89 237.59 397.89 0 0
ynao_sd_20020330_0100_li 22 22 0 0 0 209.5 348.86 209.5 348.86 0 0
ynao_sd_20020331_0430_ye 30 27 3 5 0 492.22 705.54 237.44 345.04 254.78 360.5
ynao_sd_20020401_0100_ye 39 29 10 4 0 994.97 1258.66 327.28 427.82 667.69 830.84
ynao_sd_20020402_0105_ye 52 45 7 4 0 1027.88 1168.98 452.47 511.48 575.41 657.5
ynao_sd_20020403_0055_ye 48 44 4 3 0 916.23 1009.87 495.78 543.08 420.45 466.79
ynao_sd_20020404_0045_ye 36 33 3 2 0 720.3 766.41 340.79 360.8 379.51 405.61
ynao_sd_20020405_0030_ye 33 31 2 1 0 593.28 673.64 312.25 386.32 281.03 287.32
ynao_sd_20020406_0030_ye 17 14 3 2 0 553.7 845.8 185.76 351.91 367.94 493.89
ynao_sd_20020407_0140_li 32 25 7 3 0 617.46 817.32 273.62 353.58 343.84 463.74
ynao_sd_20020408_0050_li 38 32 6 5 0 497.65 649.15 235.32 291.68 262.33 357.47
ynao_sd_20020409_0045_li 36 29 7 4 0 1975.12 3544.61 245.2 312.61 1729.92 3232.0
ynao_sd_20020412_0650_li 54 43 11 8 0 1120.95 1839.3 440.45 697.88 680.5 1141.42
ynao_sd_20020413_0440_li 49 32 17 10 0 1411.73 1847.86 449.36 638.83 962.37 1209.03
ynao_sd_20020414_0140_li 48 30 18 11 0 1662.65 1906.19 319.88 368.01 1342.77 1538.18
ynao_sd_20020415_0030_ye 83 63 20 9 0 2535.09 2890.38 800.72 991.1 1734.37 1899.28
ynao_sd_20020416_0030_ye 75 56 19 7 0 2442.82 2826.59 861.36 1039.62 1581.46 1786.97
ynao_sd_20020417_0700_ye 63 44 19 9 0 2102.46 2597.6 716.14 918.55 1386.32 1679.05
ynao_sd_20020418_0800_ye 48 32 16 8 0 1737.27 2253.15 510.16 656.71 1227.11 1596.44
ynao_sd_20020419_0100_ye 83 69 14 8 0 1773.26 2474.69 721.77 956.95 1051.49 1517.74
ynao_sd_20020420_0030_ye 68 56 12 7 0 1185.25 1988.37 562.8 803.37 622.45 1185.0
ynao_sd_20020421_0135_ye 70 65 5 3 0 804.54 1427.58 542.03 1015.72 262.51 411.86
ynao_sd_20020422_0050_ye 43 40 3 2 0 489.36 796.2 340.92 521.51 148.44 274.69
ynao_sd_20020423_0100_li 19 17 2 1 0 170.49 242.51 106.84 142.78 63.65 99.73
ynao_sd_20020424_0100_li 50 49 1 1 0 371.16 494.81 314.45 375.77 56.71 119.04
ynao_sd_20020425_0045_li 40 40 0 0 0 323.57 441.0 323.57 441.0 0 0
ynao_sd_20020426_0230_li 27 27 0 0 0 193.74 255.94 193.74 255.94 0 0
ynao_sd_20020427_0040_li 10 10 0 0 0 65.8 87.08 65.8 87.08 0 0
ynao_sd_20020428_0050_li 3 3 0 0 0 17.8 18.44 17.8 18.44 0 0
ynao_sd_20020429_0035_ye 12 12 0 0 0 87.75 97.92 87.75 97.92 0 0
ynao_sd_20020430_0035_ye 11 11 0 0 0 99.41 224.08 99.41 224.08 0 0
ynao_sd_20020501_0125_ye 9 9 0 1 0 85.89 164.93 64.24 128.13 21.65 36.8
ynao_sd_20020502_0030_ye 20 14 6 5 0 598.43 1691.31 186.99 523.65 411.44 1167.66
ynao_sd_20020503_0135_ye 42 32 10 5 0 1352.52 2437.77 441.99 775.99 910.53 1661.78
ynao_sd_20020504_0130_li 51 40 11 7 1 2478.68 3202.84 465.54 681.6 2013.14 2521.24
ynao_sd_20020505_0045_li 74 62 12 6 1 3556.04 6133.32 655.54 845.21 2900.5 5288.11
ynao_sd_20020506_0100_li 42 29 13 7 0 1551.06 1741.42 423.28 477.28 1127.78 1264.14
ynao_sd_20020507_0250_li 72 58 14 4 0 1850.48 2194.53 626.09 705.51 1224.39 1489.02
ynao_sd_20020508_0340_li 51 39 12 6 0 1975.43 2531.88 563.92 716.9 1411.51 1814.98
ynao_sd_20020509_0720_li 57 36 21 8 0 2759.72 3240.92 562.17 700.38 2197.55 2540.54
ynao_sd_20020514_0100_ye 54 45 9 7 0 3491.3 6186.04 628.47 851.99 2862.83 5334.05
ynao_sd_20020515_0205_ye 34 30 4 3 0 1617.16 2059.49 590.72 911.82 1026.44 1147.67
ynao_sd_20020516_0205_ye 26 18 8 5 0 1537.94 1977.63 448.8 551.38 1089.14 1426.25
ynao_sd_20020517_0145_ye 20 11 9 5 0 1585.8 2005.07 411.45 489.73 1174.35 1515.34
ynao_sd_20020518_0445_ye 15 8 7 6 0 1272.74 1656.34 360.98 454.43 911.76 1201.91
ynao_sd_20020520_0720_li 11 5 6 4 0 1494.58 2048.22 205.04 440.79 1289.54 1607.43
ynao_sd_20020521_0045_li 22 13 9 6 0 933.04 1649.44 259.78 433.58 673.26 1215.86
ynao_sd_20020522_0055_li 47 39 8 5 0 846.25 1535.96 338.14 573.97 508.11 961.99
ynao_sd_20020523_0100_li 37 29 8 4 0 917.67 1800.67 384.56 818.63 533.11 982.04
ynao_sd_20020526_0240_li 22 19 3 2 0 497.08 538.43 180.21 196.98 316.87 341.45
ynao_sd_20020527_0330_ye 19 18 1 1 0 472.61 533.16 257.9 283.18 214.71 249.98
ynao_sd_20020528_0100_ye 14 12 2 3 0 469.39 955.83 164.57 404.57 304.82 551.26
ynao_sd_20020529_0145_ye 28 21 7 4 0 847.33 2174.68 433.7 1119.21 413.63 1055.47
ynao_sd_20020530_0030_ye 47 36 11 5 0 1370.14 2830.17 450.65 876.19 919.49 1953.98
ynao_sd_20020531_0200_ye 44 34 10 8 0 1779.4 2749.21 548.63 826.87 1230.77 1922.34
ynao_sd_20020601_0015_ye 71 61 10 6 0 1925.6 2684.6 803.17 1270.5 1122.43 1414.1
ynao_sd_20020602_0330_ye 65 49 16 7 0 1769.21 2198.77 629.4 912.08 1139.81 1286.69
ynao_sd_20020603_0120_li 56 39 17 10 0 3144.52 5219.16 584.33 799.69 2560.19 4419.47
ynao_sd_20020604_0100_li 64 45 19 9 0 3186.9 3667.01 571.68 704.82 2615.22 2962.19
ynao_sd_20020605_0350_li 51 39 12 8 0 1590.83 1770.39 478.38 535.16 1112.45 1235.23
ynao_sd_20020606_0100_li 53 42 11 7 0 1138.34 1318.17 379.41 443.7 758.93 874.47
ynao_sd_20020607_0300_li 54 45 9 5 0 3486.45 4570.64 607.94 1046.08 2878.51 3524.56
ynao_sd_20020608_0120_li 46 38 8 4 0 943.81 1526.89 404.85 561.65 538.96 965.24
ynao_sd_20020609_0210_li 41 32 9 5 0 2047.11 2728.97 353.97 495.13 1693.14 2233.84
ynao_sd_20020610_0100_ye 31 24 7 3 0 1270.74 1930.23 462.26 675.35 808.48 1254.88
ynao_sd_20020611_0320_ye 37 31 6 3 0 1409.94 1866.47 467.75 698.04 942.19 1168.43
ynao_sd_20020612_0045_ye 37 33 4 3 0 1258.13 1622.21 505.54 646.61 752.59 975.6
ynao_sd_20020613_0215_ye 24 20 4 3 0 1146.02 1657.27 372.94 505.37 773.08 1151.9
ynao_sd_20020615_0030_ye 17 16 1 1 0 799.49 945.89 273.12 339.13 526.37 606.76
ynao_sd_20020616_0145_ye 9 8 1 1 0 638.95 822.45 266.47 341.64 372.48 480.81
ynao_sd_20020617_0630_li 7 6 1 1 0 404.2 647.4 103.4 152.18 300.8 495.22
ynao_sd_20020618_0305_li 11 10 1 1 0 315.18 583.71 134.13 195.1 181.05 388.61
ynao_sd_20020619_0200_li 13 11 2 2 0 401.81 1164.13 165.46 365.65 236.35 798.48
ynao_sd_20020620_0055_li 10 7 3 1 0 500.94 1068.84 120.51 254.5 380.43 814.34
ynao_sd_20020621_0030_li 13 10 3 1 0 716.71 1112.58 122.71 192.27 594.0 920.31
ynao_sd_20020622_0055_li 17 13 4 1 0 845.67 1075.07 180.02 239.99 665.65 835.08
ynao_sd_20020623_0210_li 37 32 5 1 0 1177.02 1338.02 308.2 380.84 868.82 957.18
ynao_sd_20020624_0115_ye 31 30 1 1 0 1108.78 1237.28 458.45 564.54 650.33 672.74
ynao_sd_20020625_0625_ye 27 25 2 2 0 1470.42 1672.69 465.52 631.83 1004.9 1040.86
ynao_sd_20020626_0315_ye 34 32 2 1 0 1361.87 1525.07 511.61 608.44 850.26 916.63
ynao_sd_20020627_0110_ye 41 38 3 2 0 1247.84 1491.77 516.44 588.61 731.4 903.16
ynao_sd_20020628_0440_ye 16 13 3 2 0 987.97 1363.55 281.59 356.26 706.38 1007.29
ynao_sd_20020629_0560_ye 23 20 3 2 0 901.91 1793.53 332.6 762.63 569.31 1030.9
ynao_sd_20020701_0055_li 30 19 11 6 0 857.0 1489.13 236.26 338.64 620.74 1150.49
ynao_sd_20020702_0115_li 31 19 12 6 0 1242.54 1827.37 328.9 534.8 913.64 1292.57
ynao_sd_20020704_0510_li 48 40 8 6 0 1249.34 1977.3 477.6 909.69 771.74 1067.61
ynao_sd_20020706_0730_li 38 31 7 5 0 1110.73 1365.21 377.81 506.96 732.92 858.25
ynao_sd_20020707_0145_li 36 25 11 6 0 1017.78 1255.66 318.97 415.87 698.81 839.79
ynao_sd_20020709_0745_ye 34 33 1 2 0 613.24 908.76 400.65 576.05 212.59 332.71
ynao_sd_20020710_0550_ye 31 29 2 2 0 473.28 749.12 290.68 417.71 182.6 331.41
ynao_sd_20020711_0105_ye 17 16 1 1 0 195.09 416.09 125.1 206.51 69.99 209.58
ynao_sd_20020712_0150_ye 16 15 1 1 0 181.47 295.06 147.02 255.66 34.45 39.4
ynao_sd_20020713_0200_ye 12 11 1 1 0 154.7 170.18 114.42 127.62 40.28 42.56
ynao_sd_20020714_0135_ye 19 19 0 0 0 154.69 188.26 154.69 188.26 0 0
ynao_sd_20020715_0120_li 11 11 0 0 0 72.72 118.26 72.72 118.26 0 0
ynao_sd_20020716_0200_li 14 10 4 3 0 796.19 2441.98 142.42 391.47 653.77 2050.51
ynao_sd_20020717_0640_li 20 12 8 7 0 2138.55 6246.52 214.48 473.49 1924.07 5773.03
ynao_sd_20020718_0350_li 18 7 11 6 0 1151.4 1712.12 252.68 369.2 898.72 1342.92
ynao_sd_20020721_0455_li 30 16 14 8 0 2218.31 2297.42 404.29 424.97 1814.02 1872.45
ynao_sd_20020722_0120_ye 53 41 12 6 0 2037.32 2381.35 766.48 1077.83 1270.84 1303.52
ynao_sd_20020726_0810_ye 94 70 24 7 1 2766.89 3850.32 963.8 1324.11 1803.09 2526.21
ynao_sd_20020728_0340_ye 137 102 35 11 0 4070.96 4531.4 1379.79 1534.05 2691.17 2997.35
ynao_sd_20020729_0110_ye 126 92 34 13 0 4963.76 6054.8 1466.16 1643.32 3497.6 4411.48
ynao_sd_20020730_0500_ye 123 84 39 21 0 4263.09 4943.86 1421.12 1666.34 2841.97 3277.52
ynao_sd_20020731_0400_ye 98 61 37 19 0 3742.9 4693.56 1109.01 1412.86 2633.89 3280.7
ynao_sd_20020801_0430_ye 94 71 23 13 0 3182.0 4777.77 1082.01 1574.32 2099.99 3203.45
ynao_sd_20020802_0300_ye 81 61 20 13 0 2329.69 4028.65 847.77 1447.47 1481.92 2581.18
ynao_sd_20020803_0430_ye 67 62 5 5 0 1015.78 2337.46 613.93 1466.06 401.85 871.4
ynao_sd_20020804_0155_ye 54 49 5 5 0 1028.8 2151.29 518.8 1041.89 510.0 1109.4
ynao_sd_20020806_0035_li 23 17 6 4 0 578.57 997.98 233.9 395.02 344.67 602.96
ynao_sd_20020807_0055_ye 16 15 1 1 0 263.13 501.35 189.86 323.75 73.27 177.6
ynao_sd_20020808_0130_ye 13 12 1 1 0 1470.75 5349.93 148.93 409.36 1321.82 4940.57
ynao_sd_20020809_0300_ye 8 8 0 0 0 67.56 74.77 67.56 74.77 0 0
ynao_sd_20020814_0500_ye 57 40 17 6 0 2996.18 4478.14 895.32 1292.68 2100.86 3185.46
ynao_sd_20020815_0330_ye 50 34 16 6 0 3174.53 4285.57 822.32 1096.75 2352.21 3188.82
ynao_sd_20020818_0050_li 62 41 21 8 0 5046.93 5501.7 1011.16 1260.56 4035.77 4241.14
ynao_sd_20020819_0130_li 85 56 29 13 0 5904.7 7831.68 1183.95 1407.87 4720.75 6423.81
ynao_sd_20020821_0310_li 71 53 18 7 0 3666.07 5499.14 894.36 1282.32 2771.71 4216.82
ynao_sd_20020823_0110_li 80 68 12 6 0 2967.17 5589.03 784.94 1258.6 2182.23 4330.43
ynao_sd_20020824_0240_li 70 61 9 6 0 2250.4 3080.18 761.81 1084.65 1488.59 1995.53
ynao_sd_20020825_0150_li 52 40 12 6 0 2374.14 2876.12 670.4 832.48 1703.74 2043.64
ynao_sd_20020827_0050_li 34 28 6 4 0 1910.33 2192.78 407.96 521.42 1502.37 1671.36
ynao_sd_20020828_0140_li 46 36 10 3 0 1655.76 1999.48 443.64 595.45 1212.12 1404.03
ynao_sd_20020829_0045_li 44 35 9 4 0 1177.58 1511.38 343.87 440.59 833.71 1070.79
ynao_sd_20020830_0050_li 52 48 4 4 0 945.9 1387.38 414.6 540.31 531.3 847.07
ynao_sd_20020831_0040_li 50 46 4 5 0 900.03 1667.5 496.14 781.19 403.89 886.31
ynao_sd_20020901_0050_li 43 36 7 6 0 1913.88 5149.6 464.05 915.87 1449.83 4233.73
ynao_sd_20020902_0045_ye 37 31 6 3 0 668.87 1144.26 312.26 593.06 356.61 551.2
ynao_sd_20020903_0210_ye 47 41 6 5 0 1073.6 1645.36 481.4 707.95 592.2 937.41
ynao_sd_20020904_0025_ye 53 47 6 7 0 3320.54 5552.23 572.12 700.32 2748.42 4851.91
ynao_sd_20020905_0040_ye 59 52 7 5 0 1250.05 1434.27 629.88 715.63 620.17 718.64
ynao_sd_20020906_0040_ye 69 62 7 5 0 1286.54 1478.96 622.64 708.23 663.9 770.73
ynao_sd_20020907_0110_ye 44 38 6 3 0 951.34 1160.24 452.52 537.64 498.82 622.6
ynao_sd_20020908_0210_li 31 27 4 5 0 2012.09 4317.1 284.89 585.64 1727.2 3731.46
ynao_sd_20020909_0150_li 31 25 6 4 0 1521.9 3498.51 402.61 866.41 1119.29 2632.1
ynao_sd_20020910_0120_li 38 31 7 3 0 2082.38 3636.58 558.94 895.25 1523.44 2741.33
ynao_sd_20020911_0200_li 43 37 6 4 0 2385.11 3299.76 512.14 672.28 1872.97 2627.48
ynao_sd_20020912_0050_li 63 56 7 2 0 2430.94 2870.96 648.71 747.87 1782.23 2123.09
ynao_sd_20020913_0140_li 59 45 14 6 0 2390.3 2575.13 578.71 621.65 1811.59 1953.48
ynao_sd_20020914_0650_li 55 45 10 6 0 2553.08 2698.38 583.31 646.21 1969.77 2052.17
ynao_sd_20020916_0400_ye 67 52 15 7 0 2650.33 3386.55 967.5 1210.15 1682.83 2176.4
ynao_sd_20020917_0035_ye 67 51 16 8 0 3679.56 6119.53 843.17 1116.53 2836.39 5003.0
ynao_sd_20020918_0030_ye 85 70 15 11 0 2719.29 3787.01 985.27 1374.0 1734.02 2413.01
ynao_sd_20020920_0135_ye 65 42 23 10 0 2542.17 3564.77 831.57 1118.5 1710.6 2446.27
ynao_sd_20020921_0625_ye 58 45 13 11 0 2327.79 2812.5 708.59 876.33 1619.2 1936.17
ynao_sd_20020926_0300_li 13 7 6 4 1 1625.65 2648.18 127.13 200.06 1498.52 2448.12
ynao_sd_20021001_0120_li 18 18 0 0 0 159.04 308.17 159.04 308.17 0 0
ynao_sd_20021002_0120_ye 16 15 1 1 0 233.55 569.94 158.06 371.98 75.49 197.96
ynao_sd_20021004_0510_ye 26 18 8 3 0 647.95 1040.54 260.53 409.03 387.42 631.51
ynao_sd_20021005_0140_ye 58 47 11 6 0 1431.35 1950.28 629.4 828.4 801.95 1121.88
ynao_sd_20021006_0155_ye 61 43 18 8 0 1824.84 2134.87 599.99 706.69 1224.85 1428.18
ynao_sd_20021007_0340_ye 65 45 20 8 0 2040.2 2246.06 670.58 759.23 1369.62 1486.83
ynao_sd_20021008_0040_ye 72 56 16 8 0 1835.41 2016.48 735.71 825.74 1099.7 1190.74
ynao_sd_20021009_0100_ye 85 64 21 7 1 3675.24 4522.87 761.59 1234.71 2913.65 3288.16
ynao_sd_20021010_0130_ye 94 79 15 8 0 1861.13 2907.0 814.76 1221.52 1046.37 1685.48
ynao_sd_20021011_0140_li 84 68 16 10 0 1460.12 2402.77 634.81 1033.45 825.31 1369.32
ynao_sd_20021012_0200_li 65 56 9 10 1 2648.58 4251.73 554.69 767.05 2093.89 3484.68
ynao_sd_20021013_0120_li 62 48 14 8 1 2582.41 4343.87 507.17 645.56 2075.24 3698.31
ynao_sd_20021014_0220_li 69 56 13 7 0 1653.29 2342.27 640.24 1029.09 1013.05 1313.18
ynao_sd_20021015_0105_li 63 45 18 9 0 1737.43 2192.6 527.12 635.43 1210.31 1557.17
ynao_sd_20021016_0230_li 77 64 13 8 0 1938.55 2687.04 645.76 1018.95 1292.79 1668.09
ynao_sd_20021017_0320_li 61 45 16 9 0 2243.42 3494.4 617.72 926.06 1625.7 2568.34
ynao_sd_20021018_0105_ye 57 45 12 10 0 2452.8 3576.48 865.25 1302.41 1587.55 2274.07
ynao_sd_20021019_0600_ye 47 33 14 8 0 2230.63 3135.53 680.52 967.0 1550.11 2168.53
ynao_sd_20021020_0025_ye 44 33 11 5 0 2156.55 2819.12 722.81 954.07 1433.74 1865.05
ynao_sd_20021021_0730_ye 58 42 16 4 0 1938.86 2389.48 640.5 950.47 1298.36 1439.01
ynao_sd_20021022_0120_ye 64 53 11 4 0 1664.9 1845.82 540.02 589.26 1124.88 1256.56
ynao_sd_20021023_0030_ye 35 29 6 4 0 1446.39 1666.94 416.99 467.39 1029.4 1199.55
ynao_sd_20021028_0120_li 24 20 4 2 0 546.6 1748.37 305.97 1008.6 240.63 739.77
ynao_sd_20021029_0120_li 16 10 6 2 0 504.71 936.32 145.44 307.38 359.27 628.94
ynao_sd_20021102_0230_ye 27 23 4 3 0 403.18 479.6 220.22 267.94 182.96 211.66
ynao_sd_20021105_0230_li 23 19 4 1 0 554.48 843.35 295.13 528.69 259.35 314.66
ynao_sd_20021106_0210_li 24 19 5 2 0 559.75 887.94 224.88 315.63 334.87 572.31
ynao_sd_20021107_0140_li 21 16 5 2 0 522.34 825.0 164.64 228.48 357.7 596.52
ynao_sd_20021108_0035_ye 29 27 2 2 0 768.93 1154.47 369.58 514.91 399.35 639.56
ynao_sd_20021109_0040_ye 38 34 4 3 0 754.65 1175.19 367.19 523.01 387.46 652.18
ynao_sd_20021110_0040_ye 46 42 4 2 0 848.52 1155.59 515.15 803.32 333.37 352.27
ynao_sd_20021111_0040_ye 25 23 2 1 0 578.81 750.17 330.35 494.92 248.46 255.25
ynao_sd_20021112_0120_li 22 18 4 3 0 659.82 801.61 167.68 227.76 492.14 573.85
ynao_sd_20021113_0410_li 14 11 3 4 0 1364.68 3121.4 254.25 608.62 1110.43 2512.78
ynao_sd_20021114_0150_li 24 17 7 5 0 2251.41 5379.53 208.35 303.67 2043.06 5075.86
ynao_sd_20021116_0740_li 50 46 4 4 0 2021.57 2565.85 445.04 663.16 1576.53 1902.69
ynao_sd_20021117_0130_li 37 33 4 4 0 862.76 1118.15 365.61 527.04 497.15 591.11
ynao_sd_20021118_0220_li 54 42 12 6 0 2995.88 3440.58 528.0 582.42 2467.88 2858.16
ynao_sd_20021119_0120_li 57 49 8 4 0 786.92 854.61 460.01 509.6 326.91 345.01
ynao_sd_20021120_0230_li 46 44 2 3 0 494.21 560.58 306.63 352.59 187.58 207.99
ynao_sd_20021121_0200_ye 59 57 2 1 0 1535.53 1869.1 451.86 554.72 1083.67 1314.38
ynao_sd_20021122_0040_ye 27 26 1 1 0 272.74 384.28 224.48 313.18 48.26 71.1
ynao_sd_20021123_0210_ye 11 10 1 1 0 142.4 307.78 110.28 242.66 32.12 65.12
ynao_sd_20021124_0100_ye 8 7 1 1 0 127.18 402.92 79.84 190.81 47.34 212.11
ynao_sd_20021125_0100_ye 4 3 1 1 0 104.92 331.71 58.7 162.28 46.22 169.43
ynao_sd_20021126_0300_ye 4 3 1 2 0 152.08 312.82 50.18 110.6 101.9 202.22
ynao_sd_20021127_0125_ye 11 9 2 2 0 160.7 321.15 99.13 226.18 61.57 94.97
ynao_sd_20021128_0055_li 12 10 2 2 0 1188.95 2094.71 103.3 142.06 1085.65 1952.65
ynao_sd_20021129_0120_li 19 19 0 0 0 195.28 305.13 195.28 305.13 0 0
ynao_sd_20021130_0100_li 14 13 1 1 0 132.57 213.49 100.66 148.19 31.91 65.3
ynao_sd_20021131_0130_li 17 17 0 0 0 140.32 193.23 140.32 193.23 0 0
ynao_sd_20021201_0150_ye 24 14 10 5 0 627.77 898.37 188.76 321.89 439.01 576.48
ynao_sd_20021202_0100_ye 35 30 5 3 0 860.33 1021.3 336.04 409.65 524.29 611.65
ynao_sd_20021203_0155_ye 19 16 3 2 0 560.99 627.55 193.01 217.97 367.98 409.58
ynao_sd_20021204_0045_ye 22 19 3 3 0 697.8 753.59 292.88 317.05 404.92 436.54
ynao_sd_20021205_0110_ye 22 20 2 3 0 643.06 723.39 181.92 197.98 461.14 525.41
ynao_sd_20021206_0045_ye 19 16 3 3 0 609.2 854.9 253.77 321.87 355.43 533.03
ynao_sd_20021207_0300_ye 10 6 4 3 0 260.98 396.84 90.52 128.17 170.46 268.67
ynao_sd_20021208_0210_ye 26 19 7 6 0 1646.75 4724.87 237.54 511.13 1409.21 4213.74
ynao_sd_20021209_0700_ye 44 37 7 5 0 642.99 1088.06 346.85 583.56 296.14 504.5
ynao_sd_20021210_0110_ye 39 33 6 5 0 661.7 993.11 394.13 550.95 267.57 442.16
ynao_sd_20021211_0100_ye 58 52 6 4 0 829.55 1125.32 562.74 709.33 266.81 415.99
ynao_sd_20021212_0100_ye 44 38 6 3 0 854.03 994.49 382.2 485.14 471.83 509.35
ynao_sd_20021213_0130_ye 50 43 7 6 0 748.33 1347.63 437.46 818.64 310.87 528.99
ynao_sd_20021214_0110_ye 55 46 9 6 0 910.57 1350.14 548.24 785.2 362.33 564.94
ynao_sd_20021215_0140_ye 84 71 13 5 0 1299.8 1734.13 702.45 927.01 597.35 807.12
ynao_sd_20021216_0205_li 55 43 12 7 0 1010.36 1241.83 322.55 397.74 687.81 844.09
ynao_sd_20021217_0440_li 54 42 12 7 0 2039.6 2421.86 400.17 457.14 1639.43 1964.72
ynao_sd_20021218_0200_li 77 59 18 9 0 2889.48 4698.31 601.24 718.77 2288.24 3979.54
ynao_sd_20021219_0210_li 94 82 12 6 0 2825.42 3248.13 751.21 909.4 2074.21 2338.73
ynao_sd_20021220_0310_li 80 64 16 11 0 1872.59 2323.8 600.68 716.32 1271.91 1607.48
ynao_sd_20021221_0220_li 85 76 9 7 0 1629.75 2106.68 789.87 960.12 839.88 1146.56
ynao_sd_20021222_0150_ye 75 65 10 7 0 1451.57 2131.52 627.35 869.06 824.22 1262.46
ynao_sd_20021223_0140_ye 70 63 7 4 0 1348.37 2280.3 759.57 1262.66 588.8 1017.64
ynao_sd_20021224_0140_ye 47 44 3 2 0 757.43 1536.33 448.58 1120.39 308.85 415.94
ynao_sd_20021225_0115_ye 19 17 2 2 0 468.01 983.13 247.79 592.44 220.22 390.69
ynao_sd_20021227_0620_ye 4 3 1 1 0 137.63 398.4 60.13 216.23 77.5 182.17
ynao_sd_20021229_0135_ye 3 3 0 0 0 21.62 31.92 21.62 31.92 0 0
ynao_sd_20021230_0140_li 11 11 0 1 0 81.69 96.55 62.45 73.19 19.24 23.36
