ynao_sd_20030101_0200_li 15 14 1 1 0 156.22 161.91 110.89 115.76 45.33 46.15
ynao_sd_20030102_0150_li 13 10 3 1 0 89.02 91.04 68.57 70.31 20.45 20.73
ynao_sd_20030103_0140_li 33 32 1 1 0 1546.87 2194.15 227.19 302.18 1319.68 1891.97
ynao_sd_20030104_0130_li 41 34 7 3 0 538.23 746.66 321.02 449.35 217.21 297.31
ynao_sd_20030106_0240_li 60 52 8 7 0 736.52 975.08 397.56 526.55 338.96 448.53
ynao_sd_20030107_0510_ye 54 45 9 9 0 996.77 1572.75 513.51 866.53 483.26 706.22
ynao_sd_20030108_0230_ye 81 70 11 9 0 1342.85 2125.67 708.0 976.76 634.85 1148.91
ynao_sd_20030109_0110_ye 96 89 7 8 0 1541.37 2369.64 935.89 1303.75 605.48 1065.89
ynao_sd_20030110_0200_ye 86 68 18 11 0 1976.35 2874.61 913.89 1207.55 1062.46 1667.06
ynao_sd_20030111_0400_ye 134 116 18 10 0 2504.35 3600.98 1159.81 1607.7 1344.54 1993.28
ynao_sd_20030112_0230_ye 60 45 15 14 0 1751.66 2309.19 702.22 916.21 1049.44 1392.98
ynao_sd_20030113_0150_li 69 55 14 7 0 1536.19 1831.28 581.93 767.5 954.26 1063.78
ynao_sd_20030114_0135_li 74 62 12 8 0 1654.08 1786.38 509.83 551.69 1144.25 1234.69
ynao_sd_20030115_0210_li 52 41 11 5 0 1247.03 1347.61 434.95 478.76 812.08 868.85
ynao_sd_20030116_0210_li 31 22 9 5 0 900.29 1006.68 258.28 291.68 642.01 715.0
ynao_sd_20030117_0140_li 17 10 7 4 0 669.78 838.38 135.9 190.73 533.88 647.65
ynao_sd_20030118_0130_li 15 9 6 4 0 1378.71 3172.74 129.4 182.52 1249.31 2990.22
ynao_sd_20030119_0210_li 7 3 4 3 0 300.53 526.25 54.0 96.26 246.53 429.99
ynao_sd_20030120_0125_ye 14 12 2 2 0 293.16 633.06 165.93 346.23 127.23 286.83
ynao_sd_20030121_0120_ye 16 14 2 2 0 230.85 464.74 134.31 276.23 96.54 188.51
ynao_sd_20030122_0140_ye 35 33 2 4 0 474.81 939.05 322.3 602.79 152.51 336.26
ynao_sd_20030123_0230_ye 40 36 4 3 0 529.05 880.76 341.23 529.44 187.82 351.32
ynao_sd_20030124_0225_ye 34 29 5 3 0 557.68 856.77 384.56 520.95 173.12 335.82
ynao_sd_20030125_0110_ye 35 31 4 4 0 561.03 638.39 334.95 374.71 226.08 263.68
ynao_sd_20030126_0100_ye 40 37 3 2 0 604.24 668.74 378.27 422.95 225.97 245.79
ynao_sd_20030128_0705_li 32 29 3 4 0 1471.97 4709.24 230.5 346.66 1241.47 4362.58
ynao_sd_20030129_0130_li 28 26 2 3 0 1404.0 2929.81 287.56 418.93 1116.44 2510.88
ynao_sd_20030130_0240_li 24 19 5 5 0 2372.15 4821.06 188.46 299.48 2183.69 4521.58
ynao_sd_20030131_0350_li 13 11 2 2 0 251.66 414.82 131.39 250.57 120.27 164.25
ynao_sd_20030201_0120_ye 13 12 1 1 0 211.96 321.48 152.51 253.04 59.45 68.44
ynao_sd_20030202_0125_ye 12 11 1 1 0 285.62 536.27 195.7 442.46 89.92 93.81
ynao_sd_20030203_0125_ye 25 20 5 3 0 656.23 1082.17 329.12 616.78 327.11 465.39
ynao_sd_20030206_0430_li 44 40 4 3 0 487.39 620.81 334.28 433.88 153.11 186.93
ynao_sd_20030207_0430_li 32 30 2 2 0 342.52 475.27 237.53 312.18 104.99 163.09
ynao_sd_20030208_0150_li 31 29 2 3 0 579.23 745.05 213.11 238.76 366.12 506.29
ynao_sd_20030209_0200_li 28 27 1 1 1 269.78 363.58 235.54 316.47 34.24 47.11
ynao_sd_20030210_0100_ye 47 45 2 1 0 504.9 613.6 467.15 526.48 37.75 87.12
ynao_sd_20030211_0115_ye 48 45 3 2 0 2946.57 3811.36 423.29 471.3 2523.28 3340.06
ynao_sd_20030212_0115_ye 37 36 1 1 0 348.56 414.21 312.82 370.72 35.74 43.49
ynao_sd_20030213_0115_ye 15 15 0 0 0 120.07 181.11 120.07 181.11 0 0
ynao_sd_20030215_0115_ye 17 17 0 0 0 130.31 179.83 130.31 179.83 0 0
ynao_sd_20030216_0130_ye 10 10 0 0 0 83.6 97.71 83.6 97.71 0 0
ynao_sd_20030217_0140_li 4 4 0 0 0 19.88 22.04 19.88 22.04 0 0
ynao_sd_20030218_0130_li 2 2 0 0 0 11.79 14.6 11.79 14.6 0 0
ynao_sd_20030219_0130_li 1 1 0 0 0 5.24 5.29 5.24 5.29 0 0
ynao_sd_20030220_0125_li 2 2 0 0 0 12.86 15.1 12.86 15.1 0 0
ynao_sd_20030221_0120_li 8 8 0 0 0 50.68 57.1 50.68 57.1 0 0
ynao_sd_20030222_0120_li 4 4 0 0 0 36.28 42.9 36.28 42.9 0 0
ynao_sd_20030223_0140_li 0 0 0 0 0 0 0 0 0 0 0
ynao_sd_20030224_0140_ye 1 1 0 0 0 23.72 26.94 23.72 26.94 0 0
ynao_sd_20030225_0150_ye 5 5 0 0 0 52.92 52.99 52.92 52.99 0 0
ynao_sd_20030226_0130_ye 11 11 0 0 0 87.56 104.87 87.56 104.87 0 0
ynao_sd_20030227_0130_ye 28 28 0 0 0 218.86 378.74 218.86 378.74 0 0
ynao_sd_20030228_0130_ye 25 24 1 1 0 238.33 374.41 187.78 260.07 50.55 114.34
ynao_sd_20030301_0130_ye 20 19 1 1 0 220.63 349.5 158.88 251.0 61.75 98.5
ynao_sd_20030302_0140_ye 30 28 2 1 0 389.51 673.5 305.76 566.21 83.75 107.29
ynao_sd_20030303_0120_li 16 15 1 1 0 204.98 379.76 150.49 318.81 54.49 60.95
ynao_sd_20030304_0120_li 19 17 2 1 0 1357.82 1482.87 171.33 246.0 1186.49 1236.87
ynao_sd_20030305_0100_li 22 20 2 2 0 2198.46 2273.29 159.94 193.02 2038.52 2080.27
ynao_sd_20030306_0055_li 25 24 1 0 0 190.86 205.38 197.86 212.71 7.0 7.33
ynao_sd_20030307_0100_li 20 19 1 0 0 119.05 128.68 126.85 136.73 7.8 8.05
ynao_sd_20030310_0600_ye 50 50 0 0 0 384.48 478.28 384.48 478.28 0 0
ynao_sd_20030311_0110_ye 19 18 1 1 0 205.46 287.33 180.19 258.96 25.27 28.37
ynao_sd_20030312_0100_ye 17 15 2 3 0 281.45 379.68 166.72 260.29 114.73 119.39
ynao_sd_20030313_0255_ye 5 5 0 0 0 70.16 70.65 70.16 70.65 0 0
ynao_sd_20030314_0210_ye 9 7 2 1 0 126.0 130.58 69.99 73.3 56.01 57.28
ynao_sd_20030315_0050_ye 28 25 3 2 0 486.32 502.1 255.5 264.11 230.82 237.99
ynao_sd_20030316_0150_ye 36 26 10 3 0 829.33 888.45 273.48 294.97 555.85 593.48
ynao_sd_20030317_0100_li 25 17 8 2 0 907.18 1031.82 249.84 286.5 657.34 745.32
ynao_sd_20030318_0050_li 26 14 12 5 0 2061.01 5273.13 178.59 239.65 1882.42 5033.48
ynao_sd_20030319_0150_li 21 15 6 2 0 686.94 1138.28 195.95 309.59 490.99 828.69
ynao_sd_20030320_0125_li 14 11 3 2 0 207.56 481.12 126.92 292.18 80.64 188.94
ynao_sd_20030321_0050_li 6 6 0 0 0 56.17 178.13 56.17 178.13 0 0
ynao_sd_20030322_0205_li 1 1 0 0 0 16.81 18.11 16.81 18.11 0 0
ynao_sd_20030323_0200_li 7 7 0 0 0 40.9 86.64 40.9 86.64 0 0
ynao_sd_20030324_0110_ye 11 11 0 0 0 141.49 202.61 141.49 202.61 0 0
ynao_sd_20030325_0110_ye 16 16 0 0 0 105.34 118.22 105.34 118.22 0 0
ynao_sd_20030326_0120_ye 19 19 0 0 0 135.04 184.48 135.04 184.48 0 0
ynao_sd_20030327_0110_ye 21 21 0 0 0 173.97 293.02 173.97 293.02 0 0
ynao_sd_20030328_0115_ye 19 19 0 0 0 147.9 200.93 147.9 200.93 0 0
ynao_sd_20030329_0215_ye 40 40 0 0 0 404.52 510.59 404.52 510.59 0 0
ynao_sd_20030330_0150_ye 48 42 6 5 0 3051.92 4472.35 456.48 524.0 2595.44 3948.35
ynao_sd_20030331_0050_li 53 45 8 3 0 845.44 935.19 356.11 407.24 489.33 527.95
ynao_sd_20030401_0120_li 57 51 6 5 0 2225.13 2601.34 456.55 512.7 1768.58 2088.64
ynao_sd_20030402_0105_li 36 31 5 7 0 1508.32 2560.3 261.27 324.71 1247.05 2235.59
ynao_sd_20030403_0100_ye 95 84 11 5 0 1145.77 1514.83 712.18 953.53 433.59 561.3
ynao_sd_20030404_0040_li 33 25 8 4 0 529.63 768.98 287.38 469.36 242.25 299.62
ynao_sd_20030405_0050_li 26 20 6 4 0 535.24 769.97 198.03 276.16 337.21 493.81
ynao_sd_20030406_0130_li 17 15 2 1 0 211.68 377.13 167.28 296.71 44.4 80.42
ynao_sd_20030407_0110_ye 9 9 0 0 0 119.94 195.82 119.94 195.82 0 0
ynao_sd_20030408_0105_ye 6 6 0 0 0 44.9 66.07 44.9 66.07 0 0
ynao_sd_20030409_0100_ye 12 12 0 1 0 1389.36 2033.23 89.47 131.73 1299.89 1901.5
ynao_sd_20030410_0105_ye 20 20 0 0 0 184.28 437.05 184.28 437.05 0 0
ynao_sd_20030411_0110_ye 6 5 1 1 0 1466.3 3303.18 62.63 153.27 1403.67 3149.91
ynao_sd_20030412_0100_ye 7 7 0 0 0 63.43 102.95 63.43 102.95 0 0
ynao_sd_20030413_0145_ye 11 9 2 1 0 215.42 341.46 102.41 196.64 113.01 144.82
ynao_sd_20030414_0340_li 3 1 2 1 0 148.45 167.44 23.59 30.21 124.86 137.23
ynao_sd_20030415_0120_li 10 9 1 1 0 132.46 140.2 63.02 68.95 69.44 71.25
ynao_sd_20030416_0035_li 3 2 1 1 1 1088.52 1091.17 30.05 31.92 1058.47 1059.25
ynao_sd_20030417_0040_li 2 1 1 1 0 118.85 122.02 16.51 17.21 102.34 104.81
ynao_sd_20030418_0030_li 12 11 1 1 0 124.55 136.89 69.92 76.51 54.63 60.38
ynao_sd_20030419_0420_li 4 2 2 2 0 1904.28 6366.42 57.83 159.41 1846.45 6207.01
ynao_sd_20030420_0130_li 12 10 2 1 0 366.74 775.7 191.79 394.96 174.95 380.74
ynao_sd_20030421_0110_ye 15 12 3 2 0 635.15 1007.67 207.24 329.75 427.91 677.92
ynao_sd_20030422_0030_ye 25 21 4 2 0 686.38 930.67 224.82 342.77 461.56 587.9
ynao_sd_20030423_0045_ye 20 17 3 2 0 765.0 871.8 279.39 331.01 485.61 540.79
ynao_sd_20030424_0055_ye 28 25 3 1 0 741.22 778.37 304.63 327.88 436.59 450.49
ynao_sd_20030425_0050_ye 38 33 5 1 0 855.55 1028.98 371.95 540.84 483.6 488.14
ynao_sd_20030426_0020_ye 19 13 6 4 0 1781.21 3831.89 234.96 307.09 1546.25 3524.8
ynao_sd_20030427_0135_ye 40 31 9 5 0 938.93 1283.13 381.07 546.2 557.86 736.93
ynao_sd_20030428_0130_li 68 56 12 6 0 1179.82 1542.72 429.01 578.4 750.81 964.32
ynao_sd_20030430_0250_li 48 34 14 8 0 2104.16 2353.2 478.78 627.23 1625.38 1725.97
ynao_sd_20030501_0255_ye 78 51 27 7 0 3054.96 3319.68 854.29 1080.41 2200.67 2239.27
ynao_sd_20030502_0135_ye 71 50 21 6 0 2822.43 3026.07 896.25 1036.9 1926.18 1989.17
ynao_sd_20030503_0135_ye 55 42 13 6 0 1861.02 2070.22 604.18 672.72 1256.84 1397.5
ynao_sd_20030504_0150_ye 62 47 15 8 0 2188.23 2804.65 748.19 956.56 1440.04 1848.09
ynao_sd_20030505_0140_li 48 33 15 10 0 1714.13 2732.13 527.99 805.62 1186.14 1926.51
ynao_sd_20030506_0030_li 42 30 12 5 0 1298.81 2698.47 387.33 780.9 911.48 1917.57
ynao_sd_20030507_0040_li 14 11 3 2 0 280.84 926.57 154.78 437.49 126.06 489.08
ynao_sd_20030508_0035_li 5 5 0 0 0 27.92 28.89 27.92 28.89 0 0
ynao_sd_20030509_0040_li 0 0 0 0 0 0 0 0 0 0 0
ynao_sd_20030510_0050_li 1 1 0 0 0 11.1 36.43 11.1 36.43 0 0
ynao_sd_20030511_0210_li 3 3 0 0 0 17.25 38.97 17.25 38.97 0 0
ynao_sd_20030512_0045_ye 4 4 0 0 0 61.86 159.88 61.86 159.88 0 0
ynao_sd_20030514_0240_ye 6 6 0 0 0 60.0 69.36 60.0 69.36 0 0
ynao_sd_20030515_0050_ye 7 7 0 0 0 77.48 89.23 77.48 89.23 0 0
ynao_sd_20030516_0030_ye 9 9 0 0 0 145.05 341.09 145.05 341.09 0 0
ynao_sd_20030517_0410_ye 18 17 1 1 0 230.97 394.48 165.63 255.98 65.34 138.5
ynao_sd_20030521_0050_li 30 28 2 2 0 330.76 446.9 261.17 376.02 69.59 70.88
ynao_sd_20030522_0210_li 28 26 2 2 0 2813.31 6282.43 261.97 556.17 2551.34 5726.26
ynao_sd_20030523_0030_li 17 17 0 1 0 1781.04 5979.54 196.77 449.54 1584.27 5530.0
ynao_sd_20030524_0035_li 8 6 2 2 0 255.57 497.36 63.1 97.47 192.47 399.89
ynao_sd_20030525_0450_li 26 20 6 4 0 609.04 907.66 229.29 380.14 379.75 527.52
ynao_sd_20030526_0020_ye 37 30 7 5 0 2009.46 2122.2 386.54 425.95 1622.92 1696.25
ynao_sd_20030527_0020_ye 64 47 17 6 0 2844.8 2965.9 547.85 571.73 2296.95 2394.17
ynao_sd_20030528_0235_ye 51 34 17 4 0 1740.2 1908.03 523.12 575.9 1217.08 1332.13
ynao_sd_20030529_0450_ye 39 22 17 5 1 1740.7 2131.52 421.85 508.79 1318.85 1622.73
ynao_sd_20030530_0325_ye 31 19 12 6 0 1105.71 1605.83 360.76 519.13 744.95 1086.7
ynao_sd_20030531_0625_ye 19 12 7 3 0 697.67 1444.66 238.87 464.62 458.8 980.04
ynao_sd_20030601_0235_ye 21 17 4 1 0 349.35 1084.95 186.2 537.43 163.15 547.52
ynao_sd_20030602_0240_li 5 5 0 0 0 34.65 52.66 34.65 52.66 0 0
ynao_sd_20030603_0040_li 9 9 0 0 0 88.37 91.58 88.37 91.58 0 0
ynao_sd_20030607_0750_li 7 6 1 1 0 222.96 741.04 90.59 231.95 132.37 509.09
ynao_sd_20030608_0350_li 12 8 4 2 0 510.76 1205.44 159.91 351.48 350.85 853.96
ynao_sd_20030609_0140_ye 30 25 5 4 0 1008.97 1694.69 317.09 519.53 691.88 1175.16
ynao_sd_20030610_0750_ye 43 36 7 2 0 1483.17 1908.81 547.92 688.43 935.25 1220.38
ynao_sd_20030612_0425_ye 60 53 7 6 0 1267.36 1364.61 576.09 624.54 691.27 740.07
ynao_sd_20030614_0105_ye 58 55 3 1 0 969.64 1085.72 548.11 636.79 421.53 448.93
ynao_sd_20030615_0305_ye 38 36 2 1 0 627.65 761.36 308.46 392.72 319.19 368.64
ynao_sd_20030618_0650_li 18 15 3 3 0 399.7 707.91 190.06 312.25 209.64 395.66
ynao_sd_20030619_0300_li 36 33 3 3 0 498.59 752.9 289.15 472.79 209.44 280.11
ynao_sd_20030620_0650_li 54 53 1 2 0 478.67 518.4 360.85 386.08 117.82 132.32
ynao_sd_20030621_0030_li 44 43 1 2 0 394.84 412.12 313.88 326.8 80.96 85.32
ynao_sd_20030622_0450_li 40 39 1 1 0 330.52 346.74 304.45 319.09 26.07 27.65
ynao_sd_20030623_0235_ye 28 28 0 0 0 262.81 304.5 262.81 304.5 0 0
ynao_sd_20030625_0300_ye 11 11 0 0 0 123.11 259.59 123.11 259.59 0 0
ynao_sd_20030627_0830_li 10 10 0 0 0 101.28 115.21 101.28 115.21 0 0
ynao_sd_20030701_0400_li 13 13 0 0 0 160.03 284.49 160.03 284.49 0 0
ynao_sd_20030702_0740_li 2 2 0 0 0 12.6 40.39 12.6 40.39 0 0
ynao_sd_20030703_0420_li 2 2 0 0 0 14.05 29.23 14.05 29.23 0 0
ynao_sd_20030704_0330_li 2 2 0 0 0 9.74 19.09 9.74 19.09 0 0
ynao_sd_20030709_0220_li 23 22 1 2 0 285.12 485.4 167.16 257.13 117.96 228.27
ynao_sd_20030710_0120_li 19 18 1 2 0 262.31 487.6 188.68 333.24 73.63 154.36
ynao_sd_20030711_0045_li 22 17 5 2 0 377.8 540.48 191.27 346.66 186.53 193.82
ynao_sd_20030714_0300_li 28 24 4 2 0 391.43 515.11 230.97 313.87 160.46 201.24
ynao_sd_20030715_0045_li 22 19 3 3 0 1315.98 2233.72 159.33 216.94 1156.65 2016.78
ynao_sd_20030716_0140_li 17 14 3 3 0 1058.99 2497.1 124.86 171.45 934.13 2325.65
ynao_sd_20030717_0030_li 18 16 2 2 0 316.41 518.16 155.08 341.27 161.33 176.89
ynao_sd_20030718_0025_li 30 26 4 3 0 563.16 696.71 343.63 464.3 219.53 232.41
ynao_sd_20030719_0140_li 45 43 2 3 0 740.75 876.11 456.25 479.99 284.5 396.12
ynao_sd_20030722_0240_li 47 32 15 9 0 2366.76 3314.07 613.24 908.02 1753.52 2406.05
ynao_sd_20030723_0605_li 25 15 10 6 0 1553.65 2900.73 402.23 798.13 1151.42 2102.6
ynao_sd_20030724_0040_li 24 12 12 3 0 1146.44 2646.29 302.87 849.06 843.57 1797.23
ynao_sd_20030728_0605_li 1 0 1 1 0 65.61 155.84 8.25 19.64 57.36 136.2
ynao_sd_20030729_0440_li 6 3 3 2 0 328.89 817.48 103.5 300.4 225.39 517.08
ynao_sd_20030730_0035_li 9 3 6 2 0 292.59 498.19 93.01 166.08 199.58 332.11
ynao_sd_20030731_0640_li 16 10 6 2 0 434.17 538.72 140.1 175.7 294.07 363.02
ynao_sd_20030801_0040_li 22 19 3 1 0 480.87 539.27 205.83 235.99 275.04 303.28
ynao_sd_20030802_0100_li 29 23 6 2 0 1964.93 6281.11 343.58 822.83 1621.35 5458.28
ynao_sd_20030803_0150_li 34 23 11 4 0 1084.22 1964.48 307.91 502.55 776.31 1461.93
ynao_sd_20030804_0055_li 24 17 7 5 0 1452.95 2211.26 334.64 499.86 1118.31 1711.4
ynao_sd_20030805_0040_li 39 28 11 6 0 1774.77 2334.11 379.96 494.86 1394.81 1839.25
ynao_sd_20030806_0030_li 40 26 14 7 0 3290.1 3734.89 465.48 557.2 2824.62 3177.69
ynao_sd_20030807_0120_li 45 33 12 4 0 1935.83 2185.35 436.71 510.8 1499.12 1674.55
ynao_sd_20030808_0045_li 47 37 10 6 0 2299.45 2593.97 509.16 612.16 1790.29 1981.81
ynao_sd_20030810_0140_li 48 35 13 8 0 1537.98 2113.69 467.17 763.09 1070.81 1350.6
ynao_sd_20030811_0210_li 50 39 11 8 0 1403.3 2099.46 451.73 716.75 951.57 1382.71
ynao_sd_20030812_0430_li 66 60 6 7 0 1357.41 2729.65 487.33 743.5 870.08 1986.15
ynao_sd_20030813_0200_li 51 46 5 6 0 1064.2 2903.2 391.0 728.22 673.2 2174.98
ynao_sd_20030814_0215_li 49 35 14 6 0 1179.24 1354.09 344.53 460.37 834.71 893.72
ynao_sd_20030815_0230_li 43 38 5 4 0 1069.19 1145.68 474.98 522.29 594.21 623.39
ynao_sd_20030818_0320_li 37 34 3 2 0 409.76 593.01 285.65 413.16 124.11 179.85
ynao_sd_20030819_0825_li 11 10 1 1 0 149.38 288.83 80.15 138.69 69.23 150.14
ynao_sd_20030820_0130_li 6 6 0 1 0 1051.5 1445.56 96.11 229.67 955.39 1215.89
ynao_sd_20030821_0120_li 7 7 0 0 0 43.87 58.93 43.87 58.93 0 0
ynao_sd_20030822_0100_li 18 18 0 0 0 125.5 255.83 125.5 255.83 0 0
ynao_sd_20030823_0545_li 9 6 3 2 0 165.2 232.46 69.04 79.53 96.16 152.93
ynao_sd_20030824_0145_li 20 16 4 3 0 255.83 376.74 117.77 146.72 138.06 230.02
ynao_sd_20030825_0030_li 15 12 3 2 0 213.42 298.68 90.33 120.13 123.09 178.55
ynao_sd_20030826_0115_li 3 2 1 1 0 166.01 208.36 76.44 95.78 89.57 112.58
ynao_sd_20030827_0120_li 8 7 1 1 0 175.83 200.59 57.85 68.13 117.98 132.46
ynao_sd_20030829_0710_li 9 5 4 3 0 1205.86 3812.04 112.96 274.82 1092.9 3537.22
ynao_sd_20030831_0550_li 6 2 4 3 0 1728.86 2308.32 94.16 128.44 1634.7 2179.88
ynao_sd_20030903_0045_li 10 9 1 1 0 176.6 294.33 121.24 234.62 55.36 59.71
ynao_sd_20030905_0830_li 33 30 3 2 0 514.07 759.98 300.16 408.22 213.91 351.76
ynao_sd_20030906_0115_li 10 8 2 1 0 237.41 437.47 131.85 236.88 105.56 200.59
ynao_sd_20030908_0055_li 5 5 0 0 0 71.07 195.25 71.07 195.25 0 0
ynao_sd_20030909_0030_li 8 7 1 1 0 101.34 108.15 58.11 62.85 43.23 45.3
ynao_sd_20030911_0250_li 32 30 2 2 0 251.58 277.27 181.07 198.86 70.51 78.41
ynao_sd_20030912_0650_li 22 21 1 1 0 320.8 421.06 251.3 334.38 69.5 86.68
ynao_sd_20030913_0240_li 20 19 1 1 0 258.47 382.23 231.57 339.76 26.9 42.47
ynao_sd_20030915_0050_li 16 15 1 1 0 1046.52 1707.2 129.43 330.18 917.09 1377.02
ynao_sd_20030916_0530_li 9 9 0 0 0 72.36 100.81 72.36 100.81 0 0
ynao_sd_20030917_0035_li 16 16 0 0 0 112.47 126.8 112.47 126.8 0 0
ynao_sd_20030918_0500_li 11 11 0 0 0 72.6 86.46 72.6 86.46 0 0
ynao_sd_20030919_0240_li 11 8 3 2 0 214.5 279.32 111.88 130.01 102.62 149.31
ynao_sd_20030920_0140_li 4 4 0 2 0 1467.89 4583.53 87.63 173.26 1380.26 4410.27
ynao_sd_20030923_0040_li 10 9 1 2 0 1298.35 3612.05 125.54 322.97 1172.81 3289.08
ynao_sd_20030924_0050_li 20 19 1 1 0 187.12 302.43 135.89 210.99 51.23 91.44
ynao_sd_20030925_0100_li 22 20 2 1 0 188.9 244.55 127.41 159.68 61.49 84.87
ynao_sd_20030926_0045_li 15 13 2 1 0 181.97 209.82 95.06 107.0 86.91 102.82
ynao_sd_20030927_0210_li 16 14 2 2 0 1288.34 1423.34 134.48 141.39 1153.86 1281.95
ynao_sd_20030929_0330_li 9 8 1 1 0 208.25 401.47 111.68 300.73 96.57 100.74
ynao_sd_20030930_0310_li 12 11 1 1 0 1512.0 3997.74 227.92 530.31 1284.08 3467.43
ynao_sd_20031001_0410_li 29 27 2 3 0 3260.07 7277.94 354.02 848.24 2906.05 6429.7
ynao_sd_20031002_0405_li 34 30 4 2 0 618.57 1020.84 404.91 705.7 213.66 315.14
ynao_sd_20031003_0205_li 39 34 5 3 0 693.27 950.41 416.19 590.0 277.08 360.41
ynao_sd_20031004_0135_li 40 34 6 3 0 734.48 882.9 362.41 455.59 372.07 427.31
ynao_sd_20031005_0200_li 33 31 2 3 0 612.61 688.83 312.15 368.5 300.46 320.33
ynao_sd_20031007_0410_li 35 30 5 7 0 2350.8 4532.89 258.09 314.54 2092.71 4218.35
ynao_sd_20031008_0040_li 43 36 7 4 0 723.38 853.74 296.6 357.41 426.78 496.33
ynao_sd_20031009_0055_li 32 29 3 5 0 622.86 814.62 307.37 386.03 315.49 428.59
ynao_sd_20031010_0220_li 31 28 3 2 0 399.75 597.3 251.52 359.36 148.23 237.94
ynao_sd_20031011_0250_li 20 19 1 1 0 257.04 508.96 200.93 446.77 56.11 62.19
ynao_sd_20031013_0240_li 2 2 0 0 0 30.56 33.1 30.56 33.1 0 0
ynao_sd_20031017_0250_li 2 2 0 0 0 15.87 37.75 15.87 37.75 0 0
ynao_sd_20031018_0250_li 3 3 0 0 0 24.11 26.6 24.11 26.6 0 0
ynao_sd_20031021_0450_li 10 9 1 1 0 98.31 130.82 80.73 110.89 17.58 19.93
ynao_sd_20031022_0130_li 15 15 0 0 0 115.22 137.18 115.22 137.18 0 0
ynao_sd_20031023_0240_li 14 12 2 4 0 1654.88 3793.66 125.98 332.63 1528.9 3461.03
ynao_sd_20031024_0220_li 17 6 11 3 0 1722.96 4801.18 319.21 895.58 1403.75 3905.6
ynao_sd_20031025_0350_li 37 15 22 4 0 3124.31 5685.39 638.61 1205.94 2485.7 4479.45
ynao_sd_20031027_0340_li 67 38 29 9 0 6263.18 7607.78 817.39 993.0 5445.79 6614.78
ynao_sd_20031028_0730_li 83 56 27 9 0 5165.15 5695.56 1107.06 1217.94 4058.09 4477.62
ynao_sd_20031029_0210_li 115 78 37 9 0 6622.65 7230.33 1418.03 1587.9 5204.62 5642.43
ynao_sd_20031031_0100_li 103 72 31 9 0 5440.78 6745.37 1149.25 1476.62 4291.53 5268.75
ynao_sd_20031102_0140_li 43 29 14 4 0 3051.49 4874.49 520.43 820.03 2531.06 4054.46
ynao_sd_20031103_0440_li 37 17 20 5 0 1584.39 3499.99 354.09 791.37 1230.3 2708.62
ynao_sd_20031104_0100_li 14 7 7 2 0 872.45 2758.43 162.53 510.35 709.92 2248.08
ynao_sd_20031105_0120_li 4 3 1 1 0 114.26 186.89 37.3 53.05 76.96 133.84
ynao_sd_20031106_0100_li 1 1 0 0 0 5.94 7.78 5.94 7.78 0 0
ynao_sd_20031107_0120_li 3 3 0 1 0 1260.15 4582.88 61.04 205.6 1199.11 4377.28
ynao_sd_20031108_0100_li 1 1 0 0 0 6.62 7.08 6.62 7.08 0 0
ynao_sd_20031109_0145_li 15 15 0 0 0 153.03 170.38 153.03 170.38 0 0
ynao_sd_20031111_0040_li 13 12 1 1 0 271.04 433.24 167.9 254.9 103.14 178.34
ynao_sd_20031112_0700_li 5 4 1 1 0 119.64 315.92 60.08 147.26 59.56 168.66
ynao_sd_20031113_0220_li 2 2 0 0 0 51.28 231.76 51.28 231.76 0 0
ynao_sd_20031114_0100_li 0 0 0 0 0 0 0 0 0 0 0
ynao_sd_20031116_0140_li 0 0 0 0 0 0 0 0 0 0 0
ynao_sd_20031117_0230_li 4 4 0 0 0 29.65 59.09 29.65 59.09 0 0
ynao_sd_20031118_0100_li 4 4 0 0 0 28.37 44.73 28.37 44.73 0 0
ynao_sd_20031119_0113_li 13 6 7 1 0 1797.75 5259.58 149.67 475.39 1648.08 4784.19
ynao_sd_20031120_0050_li 20 16 4 2 0 329.41 944.69 250.96 759.49 78.45 185.2
ynao_sd_20031121_0140_li 27 22 5 3 0 470.13 859.95 230.11 412.33 240.02 447.62
ynao_sd_20031123_0440_li 44 40 4 5 0 2232.02 4193.34 393.44 552.02 1838.58 3641.32
ynao_sd_20031124_0120_li 48 41 7 6 0 928.49 1143.55 383.82 485.96 544.67 657.59
ynao_sd_20031125_0250_li 68 60 8 5 0 957.73 1189.06 511.7 666.8 446.03 522.26
ynao_sd_20031126_0130_li 55 47 8 4 0 807.6 980.95 469.02 564.44 338.58 416.51
ynao_sd_20031128_0055_li 80 73 7 6 0 779.06 1014.67 511.76 702.54 267.3 312.13
ynao_sd_20031130_0150_li 61 58 3 3 0 675.46 1169.21 560.32 1019.02 115.14 150.19
ynao_sd_20031201_0120_li 52 49 3 4 0 1696.16 2924.09 384.87 671.97 1311.29 2252.12
ynao_sd_20031202_0100_li 42 37 5 4 0 2335.9 3233.75 360.79 471.34 1975.11 2762.41
ynao_sd_20031203_0130_li 33 28 5 5 0 2467.16 4496.84 298.58 398.63 2168.58 4098.21
ynao_sd_20031204_0100_li 38 32 6 3 0 705.49 839.73 276.26 340.43 429.23 499.3
ynao_sd_20031205_0230_li 19 13 6 3 0 591.16 670.06 163.15 219.05 428.01 451.01
ynao_sd_20031206_0055_li 32 26 6 3 0 625.63 797.41 297.81 459.31 327.82 338.1
ynao_sd_20031208_0140_li 13 10 3 2 0 336.9 433.93 121.14 166.89 215.76 267.04
ynao_sd_20031209_0305_li 3 2 1 1 0 209.72 307.1 83.22 145.49 126.5 161.61
ynao_sd_20031211_0710_li 4 4 0 2 0 3367.06 8757.94 124.73 315.04 3242.33 8442.9
ynao_sd_20031212_0130_li 3 2 1 1 0 143.06 307.84 53.51 144.1 89.55 163.74
ynao_sd_20031213_0410_li 5 4 1 1 0 126.69 175.19 42.55 60.33 84.14 114.86
ynao_sd_20031215_0700_li 14 14 0 1 0 157.14 165.01 105.02 110.25 52.12 54.76
ynao_sd_20031217_0150_li 18 14 4 2 0 2029.37 5100.04 187.0 316.83 1842.37 4783.21
ynao_sd_20031220_0120_li 15 15 0 0 0 144.88 220.39 144.88 220.39 0 0
ynao_sd_20031221_0340_li 6 6 0 0 0 39.37 66.04 39.37 66.04 0 0
ynao_sd_20031222_0130_li 13 11 2 2 0 1745.26 3076.67 96.7 117.97 1648.56 2958.7
ynao_sd_20031223_0055_li 9 9 0 2 0 1725.4 1817.32 60.72 72.62 1664.68 1744.7
ynao_sd_20031224_0130_li 10 10 0 1 0 1095.03 1265.75 62.43 72.94 1032.6 1192.81
ynao_sd_20031225_0120_li 8 8 0 0 0 69.12 96.68 69.12 96.68 0 0
ynao_sd_20031226_0200_li 10 10 0 0 0 92.12 111.16 92.12 111.16 0 0
ynao_sd_20031227_0205_li 11 11 0 0 0 96.54 107.22 96.54 107.22 0 0
ynao_sd_20031228_0220_li 11 11 0 0 0 63.7 75.96 63.7 75.96 0 0
ynao_sd_20031229_0105_li 5 5 0 1 0 867.88 965.75 33.32 40.68 834.56 925.07
ynao_sd_20031230_0130_li 3 3 0 0 0 17.75 29.71 17.75 29.71 0 0
ynao_sd_20031231_0120_li 3 3 0 0 0 18.78 24.89 18.78 24.89 0 0
