ynao_sd_20040101_0210_li 15 15 0 0 0 108.82 137.05 108.82 137.05 0 0
ynao_sd_20040102_0200_ye 29 25 4 1 0 849.11 2375.48 355.91 796.51 493.2 1578.97
ynao_sd_20040103_0145_ye 41 32 9 4 0 1441.93 2732.9 470.65 790.65 971.28 1942.25
ynao_sd_20040104_0115_ye 33 20 13 5 0 1857.07 2828.44 409.11 622.27 1447.96 2206.17
ynao_sd_20040105_0130_ye 45 34 11 4 0 2118.46 2735.91 585.17 813.02 1533.29 1922.89
ynao_sd_20040106_0140_ye 38 29 9 2 0 2185.31 2365.54 756.86 825.22 1428.45 1540.32
ynao_sd_20040107_0130_ye 43 29 14 4 1 2315.89 2386.39 579.73 615.14 1736.16 1771.25
ynao_sd_20040108_0135_li 50 42 8 2 0 1912.36 1939.75 630.07 643.54 1282.29 1296.21
ynao_sd_20040109_0420_li 26 19 7 1 0 1473.01 1572.28 390.43 417.83 1082.58 1154.45
ynao_sd_20040110_0130_li 30 20 10 2 0 1303.86 1520.47 309.09 357.57 994.77 1162.9
ynao_sd_20040111_0130_ye 25 19 6 2 0 937.4 1295.95 303.47 414.06 633.93 881.89
ynao_sd_20040112_0130_ye 14 9 5 2 0 593.71 1076.1 137.38 249.26 456.33 826.84
ynao_sd_20040113_0130_ye 6 4 2 3 0 291.28 849.6 67.02 184.94 224.26 664.66
ynao_sd_20040114_0150_ye 17 15 2 2 0 433.43 1160.95 219.99 634.95 213.44 526.0
ynao_sd_20040115_0230_li 21 17 4 2 0 463.21 695.26 169.74 248.52 293.47 446.74
ynao_sd_20040116_0130_li 19 16 3 2 0 551.69 704.62 166.01 207.93 385.68 496.69
ynao_sd_20040117_0140_li 18 11 7 3 0 2195.81 2346.06 179.27 197.64 2016.54 2148.42
ynao_sd_20040118_0130_li 36 30 6 3 0 689.58 720.66 282.45 299.39 407.13 421.27
ynao_sd_20040119_0150_li 35 34 1 3 0 732.16 755.97 266.64 283.64 465.52 472.33
ynao_sd_20040120_0130_li 43 40 3 2 0 661.21 686.6 338.6 348.88 322.61 337.72
ynao_sd_20040122_0120_ye 16 14 2 2 0 404.17 502.43 179.71 216.16 224.46 286.27
ynao_sd_20040126_0130_ye 7 7 0 0 0 59.85 102.37 59.85 102.37 0 0
ynao_sd_20040128_0125_ye 8 8 0 0 0 55.81 61.31 55.81 61.31 0 0
ynao_sd_20040129_0130_li 2 2 0 0 0 29.51 109.47 29.51 109.47 0 0
ynao_sd_20040130_0200_li 10 7 3 1 0 99.92 152.04 87.68 112.43 12.24 39.61
ynao_sd_20040131_0130_li 10 10 0 0 0 71.22 80.27 71.22 80.27 0 0
ynao_sd_20040201_0140_li 9 9 0 0 0 81.52 88.03 81.52 88.03 0 0
ynao_sd_20040202_0130_ye 37 37 0 2 0 354.72 376.55 281.63 301.41 73.09 75.14
ynao_sd_20040203_0130_ye 48 48 0 1 0 389.72 481.22 367.2 455.43 22.52 25.79
ynao_sd_20040205_0730_li 18 14 4 4 1 339.49 405.88 144.23 176.19 195.26 229.69
ynao_sd_20040208_0700_ye 31 21 10 4 0 957.48 1173.78 353.21 454.06 604.27 719.72
ynao_sd_20040209_0415_ye 33 20 13 4 0 1330.21 1777.1 447.92 618.85 882.29 1158.25
ynao_sd_20040210_0135_ye 30 20 10 4 0 1034.41 1346.57 368.99 494.54 665.42 852.03
ynao_sd_20040211_0130_ye 26 16 10 5 0 851.58 1058.27 271.22 343.97 580.36 714.3
ynao_sd_20040213_0150_li 17 14 3 3 0 1619.77 3107.1 153.84 170.12 1465.93 2936.98
ynao_sd_20040214_0420_li 12 10 2 2 0 1260.87 1369.85 127.78 173.73 1133.09 1196.12
ynao_sd_20040215_0135_ye 23 23 0 1 0 483.83 528.1 193.97 221.83 289.86 306.27
ynao_sd_20040216_0125_ye 25 22 3 1 0 418.76 477.6 209.05 230.7 209.71 246.9
ynao_sd_20040217_0140_ye 13 12 1 1 0 247.28 337.64 104.52 139.61 142.76 198.03
ynao_sd_20040218_0250_ye 7 6 1 1 0 100.05 171.95 52.62 84.61 47.43 87.34
ynao_sd_20040219_0130_li 3 1 2 1 0 1217.97 1357.97 40.83 94.99 1177.14 1262.98
ynao_sd_20040220_0140_ye 7 4 3 1 0 857.2 2842.82 47.16 160.89 810.04 2681.93
ynao_sd_20040222_0100_ye 2 2 0 0 0 43.67 65.71 43.67 65.71 0 0
ynao_sd_20040223_0145_ye 11 11 0 0 0 121.03 160.71 121.03 160.71 0 0
ynao_sd_20040224_0135_ye 15 15 0 0 0 247.5 281.58 247.5 281.58 0 0
ynao_sd_20040225_0140_ye 21 18 3 1 0 333.22 346.54 217.06 226.16 116.16 120.38
ynao_sd_20040226_0130_li 17 15 2 2 0 363.31 365.29 153.34 154.87 209.97 210.42
ynao_sd_20040227_0130_li 19 16 3 3 0 1904.1 2034.18 163.4 184.35 1740.7 1849.83
ynao_sd_20040229_0215_ye 23 19 4 2 0 521.36 652.63 223.66 272.89 297.7 379.74
ynao_sd_20040301_0115_ye 13 9 4 3 0 330.64 449.46 111.91 136.59 218.73 312.87
ynao_sd_20040302_0030_ye 22 21 1 2 0 302.04 388.53 183.6 210.59 118.44 177.94
ynao_sd_20040304_0320_li 24 21 3 2 0 287.51 302.38 128.36 135.25 159.15 167.13
ynao_sd_20040305_0120_li 23 20 3 2 0 328.17 382.67 203.25 241.95 124.92 140.72
ynao_sd_20040309_0135_ye 38 31 7 3 0 1280.3 1773.05 442.38 669.45 837.92 1103.6
ynao_sd_20040312_0125_li 39 28 11 5 0 1330.7 1440.14 331.91 433.74 998.79 1006.4
ynao_sd_20040313_0220_li 21 13 8 4 0 1058.03 1162.35 252.64 327.64 805.39 834.71
ynao_sd_20040314_0145_ye 20 16 4 2 0 954.85 1079.24 277.3 312.24 677.55 767.0
ynao_sd_20040315_0200_ye 11 8 3 3 0 672.53 869.82 115.59 144.98 556.94 724.84
ynao_sd_20040316_0125_ye 14 12 2 2 0 465.01 736.27 171.57 257.51 293.44 478.76
ynao_sd_20040317_0145_ye 32 30 2 2 0 402.58 852.64 261.52 518.71 141.06 333.93
ynao_sd_20040318_0120_li 22 20 2 2 0 1677.12 5216.79 276.41 709.61 1400.71 4507.18
ynao_sd_20040319_0140_li 24 19 5 3 0 347.58 498.23 212.19 289.75 135.39 208.48
ynao_sd_20040320_0120_li 22 19 3 2 0 299.41 400.76 184.09 252.29 115.32 148.47
ynao_sd_20040321_0145_ye 27 25 2 2 0 1766.46 2208.59 233.19 310.3 1533.27 1898.29
ynao_sd_20040322_0200_ye 29 28 1 1 0 330.47 357.73 263.75 284.45 66.72 73.28
ynao_sd_20040323_0100_ye 32 28 4 4 0 584.25 609.66 259.63 276.08 324.62 333.58
ynao_sd_20040324_0100_ye 29 27 2 2 0 462.25 504.3 270.62 300.93 191.63 203.37
ynao_sd_20040325_0115_li 24 21 3 3 0 1361.29 1584.68 260.91 454.8 1100.38 1129.88
ynao_sd_20040326_0055_li 18 15 3 3 0 1376.43 1677.36 152.17 261.43 1224.26 1415.93
ynao_sd_20040327_0040_li 11 9 2 2 0 288.61 469.83 115.88 218.87 172.73 250.96
ynao_sd_20040328_0150_ye 19 18 1 1 0 403.41 524.22 249.29 335.4 154.12 188.82
ynao_sd_20040329_0055_ye 18 17 1 1 0 370.55 527.89 218.47 363.05 152.08 164.84
ynao_sd_20040330_0055_ye 16 15 1 1 0 467.91 593.68 245.32 368.19 222.59 225.49
ynao_sd_20040331_0300_ye 31 27 4 2 0 540.02 644.31 250.85 317.83 289.17 326.48
ynao_sd_20040401_0140_li 22 16 6 2 0 594.54 661.28 150.12 168.09 444.42 493.19
ynao_sd_20040402_0640_li 30 23 7 3 0 2139.73 5476.04 272.12 441.13 1867.61 5034.91
ynao_sd_20040403_0150_li 24 17 7 4 0 634.62 766.9 184.36 213.07 450.26 553.83
ynao_sd_20040404_0212_ye 23 16 7 3 0 3189.2 4593.49 306.06 354.31 2883.14 4239.18
ynao_sd_20040405_0055_ye 32 28 4 4 0 533.25 667.44 250.51 289.02 282.74 378.42
ynao_sd_20040406_0035_ye 26 23 3 3 0 390.25 445.58 221.55 252.16 168.7 193.42
ynao_sd_20040407_0707_ye 19 18 1 1 0 207.8 241.83 151.71 184.79 56.09 57.04
ynao_sd_20040410_0120_li 4 3 1 1 0 132.6 149.91 45.4 51.7 87.2 98.21
ynao_sd_20040411_0145_ye 7 6 1 1 0 131.75 170.14 73.71 94.87 58.04 75.27
ynao_sd_20040412_0130_ye 16 15 1 1 0 211.67 300.13 154.2 208.58 57.47 91.55
ynao_sd_20040413_0130_ye 22 21 1 2 0 1406.9 2294.53 191.25 244.75 1215.65 2049.78
ynao_sd_20040414_0305_ye 22 21 1 1 0 177.59 302.64 150.13 193.68 27.46 108.96
ynao_sd_20040417_0305_ye 9 5 4 2 0 845.34 1782.39 70.0 124.8 775.34 1657.59
ynao_sd_20040419_0030_ye 30 27 3 2 0 475.32 714.86 341.77 491.53 133.55 223.33
ynao_sd_20040420_0035_ye 46 42 4 2 0 911.8 1143.04 496.85 620.6 414.95 522.44
ynao_sd_20040421_0025_ye 41 38 3 2 0 999.6 1147.52 488.14 584.05 511.46 563.47
ynao_sd_20040422_0120_li 36 30 6 2 0 1838.94 1944.12 286.48 376.17 1552.46 1567.95
ynao_sd_20040423_0050_li 40 39 1 1 0 737.84 866.34 289.48 417.53 448.36 448.81
ynao_sd_20040424_0130_li 21 18 3 1 0 602.99 625.77 179.94 189.98 423.05 435.79
ynao_sd_20040425_0050_ye 27 25 2 1 0 616.99 695.35 280.78 319.9 336.21 375.45
ynao_sd_20040426_0020_ye 8 6 2 1 0 527.12 666.22 156.01 189.54 371.11 476.68
ynao_sd_20040427_0205_ye 2 1 1 1 0 194.66 319.66 77.36 126.14 117.3 193.52
ynao_sd_20040428_0030_ye 3 2 1 1 0 190.4 435.25 49.82 109.38 140.58 325.87
ynao_sd_20040429_0040_li 1 1 0 0 0 70.43 288.89 70.43 288.89 0 0
ynao_sd_20040430_0030_li 16 14 2 2 0 1732.78 1778.46 95.69 109.44 1637.09 1669.02
ynao_sd_20040501_0150_li 23 22 1 1 0 878.89 993.91 151.6 187.36 727.29 806.55
ynao_sd_20040502_0150_li 20 15 5 3 0 441.69 544.81 144.73 180.03 296.96 364.78
ynao_sd_20040503_0130_ye 19 15 4 4 0 1589.61 3145.29 190.89 309.35 1398.72 2835.94
ynao_sd_20040504_0520_ye 15 12 3 3 0 231.81 420.58 129.16 221.25 102.65 199.33
ynao_sd_20040506_0610_ye 13 12 1 1 0 302.56 333.95 177.56 197.32 125.0 136.63
ynao_sd_20040507_0035_ye 19 18 1 1 0 203.64 229.95 137.15 150.4 66.49 79.55
ynao_sd_20040508_0055_li 8 6 2 1 0 93.25 125.66 131.84 406.37 38.59 280.71
ynao_sd_20040509_0030_li 10 7 3 2 0 235.97 493.22 71.07 123.34 164.9 369.88
ynao_sd_20040510_0045_li 13 9 4 2 0 2077.22 5210.67 128.58 239.77 1948.64 4970.9
ynao_sd_20040511_0040_ye 10 7 3 2 0 1546.76 2777.23 165.55 236.53 1381.21 2540.7
ynao_sd_20040512_0020_ye 18 16 2 1 0 593.6 675.31 255.72 300.83 337.88 374.48
ynao_sd_20040513_0050_li 29 27 2 1 0 625.53 673.69 232.53 270.36 393.0 403.33
ynao_sd_20040514_0810_li 28 23 5 4 0 843.04 987.36 243.32 370.89 599.72 616.47
ynao_sd_20040515_0250_li 31 19 12 6 0 2625.97 4612.61 303.44 395.02 2322.53 4217.59
ynao_sd_20040521_0050_li 23 21 2 2 0 415.38 676.32 203.51 401.27 211.87 275.05
ynao_sd_20040522_0115_ye 24 21 3 2 0 521.8 761.42 324.8 513.48 197.0 247.94
ynao_sd_20040523_0205_ye 42 40 2 2 0 627.88 841.66 366.14 499.64 261.74 342.02
ynao_sd_20040524_0410_ye 50 46 4 2 0 719.08 873.74 430.3 500.87 288.78 372.87
ynao_sd_20040525_0350_ye 58 52 6 3 0 768.59 896.72 525.11 660.26 243.48 236.46
ynao_sd_20040526_0050_ye 46 43 3 3 0 1763.53 3049.46 419.5 602.09 1344.03 2447.37
ynao_sd_20040527_0120_li 40 33 7 3 0 650.17 718.17 293.98 340.85 356.19 377.32
ynao_sd_20040528_0040_li 30 25 5 3 0 477.8 560.71 175.66 206.08 302.14 354.63
ynao_sd_20040529_0200_li 17 12 5 2 0 508.96 805.76 202.16 372.13 306.8 433.63
ynao_sd_20040530_0050_ye 19 16 3 4 0 426.34 890.96 230.61 474.98 195.73 415.98
ynao_sd_20040601_0040_ye 15 15 0 1 0 226.22 455.67 179.75 396.39 46.47 59.28
ynao_sd_20040602_0220_ye 17 16 1 1 0 222.59 270.65 163.6 204.46 58.99 66.19
ynao_sd_20040603_0240_li 26 25 1 1 0 1091.79 1242.71 189.94 213.69 901.85 1029.02
ynao_sd_20040604_0150_li 28 28 0 0 0 175.49 194.67 175.49 194.67 0 0
ynao_sd_20040605_0140_li 21 21 0 0 0 129.02 147.27 129.02 147.27 0 0
ynao_sd_20040608_0744_li 6 3 3 3 0 2304.08 3048.94 80.31 114.3 2223.77 2934.64
ynao_sd_20040609_0440_li 18 18 0 1 0 163.29 166.31 143.77 146.58 19.52 19.73
ynao_sd_20040611_0840_li 6 5 1 1 0 120.24 190.9 65.04 81.15 55.2 109.75
ynao_sd_20040612_0150_li 6 5 1 1 0 121.35 178.45 51.64 67.35 69.71 111.1
ynao_sd_20040613_0230_ye 10 8 2 1 0 183.41 228.89 90.21 109.8 93.2 119.09
ynao_sd_20040614_0130_ye 6 5 1 1 0 235.88 268.22 99.3 114.75 136.58 153.47
ynao_sd_20040615_0140_ye 15 10 5 4 0 471.16 1247.07 150.26 411.46 320.9 835.61
ynao_sd_20040616_0025_ye 29 23 6 5 0 800.56 1501.26 275.78 494.18 524.78 1007.08
ynao_sd_20040617_0140_ye 20 11 9 5 0 2627.15 3137.86 319.24 443.65 2307.91 2694.21
ynao_sd_20040618_0550_ye 28 17 11 5 0 982.89 1205.99 232.94 305.44 749.95 900.55
ynao_sd_20040620_0745_ye 21 21 0 0 0 196.15 250.47 196.15 250.47 0 0
ynao_sd_20040622_0445_ye 76 70 6 3 0 1424.84 1587.67 794.19 902.53 630.65 685.14
ynao_sd_20040623_0020_ye 53 48 5 2 0 1219.35 1430.27 578.16 665.99 641.19 764.28
ynao_sd_20040624_0025_ye 55 50 5 2 0 1040.83 1441.24 567.49 765.88 473.34 675.36
ynao_sd_20040625_0625_ye 42 37 5 2 0 688.53 1256.99 375.24 638.79 313.29 618.2
ynao_sd_20040626_0245_ye 10 6 4 2 0 293.98 765.82 108.06 267.78 185.92 498.04
ynao_sd_20040627_0130_ye 4 3 1 1 0 102.79 381.98 42.57 168.79 60.22 213.19
ynao_sd_20040628_0100_ye 3 3 0 0 0 23.68 59.16 23.68 59.16 0 0
ynao_sd_20040629_0030_ye 4 4 0 0 0 28.46 48.97 28.46 48.97 0 0
ynao_sd_20040630_0025_ye 5 5 0 0 0 74.05 98.68 74.05 98.68 0 0
ynao_sd_20040701_0040_li 3 3 0 0 0 26.22 29.47 26.22 29.47 0 0
ynao_sd_20040702_0050_li 4 4 0 0 0 31.39 32.85 31.39 32.85 0 0
ynao_sd_20040704_0200_li 6 6 0 0 0 39.38 43.68 39.38 43.68 0 0
ynao_sd_20040705_0700_li 0 0 0 0 0 0 0 0 0 0 0
ynao_sd_20040706_0040_ye 3 3 0 0 0 24.85 33.15 24.85 33.15 0 0
ynao_sd_20040711_0555_ye 16 15 1 1 0 210.16 228.16 142.25 155.68 67.91 72.48
ynao_sd_20040712_0050_ye 18 17 1 1 0 244.6 305.31 181.09 240.25 63.51 65.06
ynao_sd_20040713_0240_ye 40 37 3 2 0 509.44 1063.47 331.45 739.26 177.99 324.21
ynao_sd_20040714_0410_ye 46 43 3 3 0 688.56 1183.32 438.29 823.23 250.27 360.09
ynao_sd_20040715_0430_li 47 34 13 5 0 989.43 1470.57 402.91 613.55 586.52 857.02
ynao_sd_20040716_0255_li 33 23 10 4 0 883.23 1151.56 326.01 431.26 557.22 720.3
ynao_sd_20040717_0255_li 28 17 11 3 0 2079.67 3190.11 359.06 449.72 1720.61 2740.39
ynao_sd_20040719_0040_ye 85 78 7 3 0 2452.97 2704.45 735.92 866.34 1717.05 1838.11
ynao_sd_20040720_0355_ye 62 54 8 4 0 1310.16 1560.85 507.44 586.84 802.72 974.01
ynao_sd_20040721_0155_ye 34 29 5 3 0 736.03 882.92 318.24 379.92 417.79 503.0
ynao_sd_20040722_0620_li 29 24 5 3 0 510.89 654.61 204.25 259.27 306.64 395.34
ynao_sd_20040723_0120_li 15 11 4 3 0 310.58 437.16 96.56 124.12 214.02 313.04
ynao_sd_20040724_0610_li 13 11 2 1 0 182.6 285.84 91.59 188.19 91.01 97.65
ynao_sd_20040725_0120_li 5 3 2 1 0 130.99 147.7 38.33 42.03 92.66 105.67
ynao_sd_20040726_0200_ye 12 11 1 1 0 141.09 185.45 89.03 117.1 52.06 68.35
ynao_sd_20040727_0300_ye 6 6 0 0 0 65.25 106.96 65.25 106.96 0 0
ynao_sd_20040728_0130_ye 5 5 0 0 0 37.02 71.68 37.02 71.68 0 0
ynao_sd_20040729_0055_li 0 0 0 0 0 0 0 0 0 0 0
ynao_sd_20040730_0120_li 1 1 0 0 0 37.86 179.67 37.86 179.67 0 0
ynao_sd_20040801_0330_ye 10 9 1 1 0 279.18 461.98 120.84 207.67 158.34 254.31
ynao_sd_20040802_0140_ye 16 14 2 1 0 393.88 516.46 162.58 221.13 231.3 295.33
ynao_sd_20040803_0225_ye 19 18 1 1 0 441.03 501.17 254.19 293.02 186.84 208.15
ynao_sd_20040805_0205_ye 22 20 2 2 0 433.0 452.46 229.52 241.88 203.48 210.58
ynao_sd_20040806_0115_ye 27 24 3 2 0 432.32 585.61 254.06 393.96 178.26 191.65
ynao_sd_20040808_0235_ye 27 18 9 4 0 807.7 1268.15 253.51 389.36 554.19 878.79
ynao_sd_20040809_0055_ye 33 21 12 5 0 2518.72 3242.93 285.12 423.25 2233.6 2819.68
ynao_sd_20040810_0650_ye 40 25 15 7 0 1527.48 1877.88 433.29 609.92 1094.19 1267.96
ynao_sd_20040811_0035_ye 56 36 20 4 0 2266.54 2557.26 658.72 797.49 1607.82 1759.77
ynao_sd_20040812_0120_li 66 41 25 7 0 2841.91 3062.48 702.68 805.96 2139.23 2256.52
ynao_sd_20040813_0200_li 93 68 25 11 0 2623.24 2858.15 716.97 788.57 1906.27 2069.58
ynao_sd_20040814_0355_ye 64 38 26 10 0 2693.1 3208.72 794.13 949.28 1898.97 2259.44
ynao_sd_20040815_0130_ye 59 46 13 6 1 1982.39 2698.54 747.92 996.96 1234.47 1701.58
ynao_sd_20040817_0655_ye 34 29 5 6 0 926.47 2514.93 396.96 972.24 529.51 1542.69
ynao_sd_20040818_0050_ye 7 5 2 3 0 338.27 1139.26 96.55 321.9 241.72 817.36
ynao_sd_20040819_0330_li 0 0 0 0 0 0 0 0 0 0 0
ynao_sd_20040820_0300_li 2 2 0 0 0 13.48 23.08 13.48 23.08 0 0
ynao_sd_20040821_0210_ye 13 12 1 1 0 150.1 192.92 103.93 135.43 46.17 57.49
ynao_sd_20040822_0200_ye 21 20 1 1 0 223.05 253.29 162.74 183.54 60.31 69.75
ynao_sd_20040823_0100_ye 18 17 1 1 0 225.9 240.38 154.2 163.73 71.7 76.65
ynao_sd_20040824_0250_li 16 13 3 1 0 274.22 291.34 120.6 128.73 153.62 162.61
ynao_sd_20040825_0525_ye 5 4 1 1 0 146.69 172.91 74.48 89.96 72.21 82.95
ynao_sd_20040826_0340_li 8 7 1 1 0 174.59 224.14 65.46 82.01 109.13 142.13
ynao_sd_20040827_0410_li 2 1 1 1 0 102.04 163.35 16.07 25.08 85.97 138.27
ynao_sd_20040829_0450_ye 1 1 0 0 0 32.93 138.27 32.93 138.27 0 0
ynao_sd_20040830_0055_li 1 1 0 0 0 8.74 10.82 8.74 10.82 0 0
ynao_sd_20040831_0650_li 3 3 0 0 0 17.14 19.75 17.14 19.75 0 0
ynao_sd_20040901_0605_ye 0 0 0 0 0 0 0 0 0 0 0
ynao_sd_20040902_0500_ye 1 0 1 1 0 106.04 347.8 28.94 93.05 77.1 254.75
ynao_sd_20040903_0040_ye 2 1 1 1 0 340.56 707.59 150.33 304.01 190.23 403.58
ynao_sd_20040904_0500_ye 9 7 2 2 0 556.33 808.54 256.32 374.59 300.01 433.95
ynao_sd_20040905_0155_ye 8 7 1 1 0 651.88 832.56 99.34 146.06 552.54 686.5
ynao_sd_20040909_0615_ye 28 21 7 5 0 1100.74 1544.67 344.06 478.76 756.68 1065.91
ynao_sd_20040910_0605_ye 17 10 7 5 0 922.34 2048.29 312.55 801.81 609.79 1246.48
ynao_sd_20040911_0200_ye 13 9 4 3 0 505.51 956.89 151.87 269.91 353.64 686.98
ynao_sd_20040912_0555_ye 4 3 1 2 1 1434.44 2758.86 37.48 84.99 1396.96 2673.87
ynao_sd_20040914_0150_li 0 0 0 0 0 0 0 0 0 0 0
ynao_sd_20040915_0120_li 1 1 0 1 0 1057.72 4864.17 40.87 190.79 1016.85 4673.38
ynao_sd_20040916_0030_ye 4 3 1 1 0 194.2 536.57 62.16 181.25 132.04 355.32
ynao_sd_20040917_0250_ye 12 11 1 2 0 390.16 731.71 95.65 190.92 294.51 540.79
ynao_sd_20040918_0150_ye 9 8 1 2 0 470.96 684.87 165.04 246.45 305.92 438.42
ynao_sd_20040919_0150_ye 16 14 2 2 0 718.96 892.14 272.13 348.72 446.83 543.42
ynao_sd_20040920_0120_ye 13 11 2 2 0 668.27 750.94 291.49 333.84 376.78 417.1
ynao_sd_20040921_0120_ye 10 8 2 2 0 702.8 748.96 179.51 191.74 523.29 557.22
ynao_sd_20040922_0705_li 14 13 1 2 0 641.8 703.66 180.35 202.43 461.45 501.23
ynao_sd_20040924_0430_li 6 5 1 1 0 448.97 586.86 90.44 115.52 358.53 471.34
ynao_sd_20040925_0540_li 2 1 1 2 0 1130.56 4473.12 79.91 263.55 1050.65 4209.57
ynao_sd_20040926_0550_li 2 1 1 1 0 276.57 663.25 103.24 263.8 173.33 399.45
ynao_sd_20040927_0230_li 3 1 2 1 0 181.42 494.46 120.48 377.19 60.94 117.27
ynao_sd_20040928_0220_li 2 0 2 1 0 122.12 178.61 19.66 28.75 102.46 149.86
ynao_sd_20040929_0230_li 4 2 2 1 0 161.51 214.71 27.39 51.26 134.12 163.45
ynao_sd_20040930_0150_li 3 1 2 1 0 185.11 249.45 58.03 110.38 127.08 139.07
ynao_sd_20041001_0050_li 4 1 3 2 0 216.18 255.52 31.93 37.68 184.25 217.84
ynao_sd_20041003_0650_li 8 6 2 1 0 161.9 181.04 66.31 73.9 95.59 107.14
ynao_sd_20041004_0750_li 11 9 2 1 0 201.97 245.86 118.5 139.02 83.47 106.84
ynao_sd_20041007_0220_li 3 3 0 0 0 64.33 173.97 64.33 173.97 0 0
ynao_sd_20041008_0140_li 3 3 0 0 0 19.64 23.02 19.64 23.02 0 0
ynao_sd_20041009_0040_li 0 0 0 0 0 0 0 0 0 0 0
ynao_sd_20041010_0230_li 0 0 0 0 0 0 0 0 0 0 0
ynao_sd_20041013_0120_li 2 1 1 1 0 83.28 312.04 18.72 67.89 64.56 244.15
ynao_sd_20041014_0120_li 7 6 1 1 0 146.3 317.85 49.88 105.83 96.42 212.02
ynao_sd_20041017_0640_li 25 21 4 1 0 425.84 514.53 195.45 257.26 230.39 257.27
ynao_sd_20041018_0840_li 24 21 3 1 0 396.16 453.16 232.84 280.22 163.32 172.94
ynao_sd_20041019_0050_li 28 24 4 2 0 472.93 520.03 224.88 247.26 248.05 272.77
ynao_sd_20041020_0050_li 31 29 2 1 0 398.22 449.99 253.49 292.52 144.73 157.47
ynao_sd_20041021_0120_li 41 37 4 2 0 357.74 423.81 245.84 288.75 111.9 135.06
ynao_sd_20041022_0050_li 27 26 1 1 0 285.25 389.1 249.48 335.63 35.77 53.47
ynao_sd_20041023_0140_li 27 24 3 5 0 2960.61 8957.7 278.35 548.7 2682.26 8409.0
ynao_sd_20041024_0540_li 24 20 4 3 0 463.83 613.37 144.91 196.46 318.92 416.91
ynao_sd_20041025_0220_li 21 15 6 3 0 512.84 660.83 185.42 225.9 327.42 434.93
ynao_sd_20041027_0140_li 16 9 7 4 0 405.9 498.08 122.41 143.53 283.49 354.55
ynao_sd_20041028_0120_li 17 9 8 4 0 440.59 952.35 186.91 478.91 253.68 473.44
ynao_sd_20041029_0140_li 19 6 13 5 0 789.68 1506.59 175.81 401.47 613.87 1105.12
ynao_sd_20041030_0200_li 22 13 9 3 0 1177.15 1777.81 289.75 498.72 887.4 1279.09
ynao_sd_20041031_0250_li 30 19 11 6 0 1510.06 1946.94 344.42 460.81 1165.64 1486.13
ynao_sd_20041102_0210_li 41 21 20 8 0 1975.01 2122.98 370.33 397.55 1604.68 1725.43
ynao_sd_20041103_0055_li 33 22 11 4 0 1824.82 1972.29 332.79 370.41 1492.03 1601.88
ynao_sd_20041104_0200_li 25 11 14 6 0 1508.72 1708.03 313.1 352.87 1195.62 1355.16
ynao_sd_20041105_0055_li 32 21 11 6 0 1032.59 1311.95 278.37 358.28 754.22 953.67
ynao_sd_20041106_0140_li 17 11 6 4 0 879.49 1287.41 230.25 322.08 649.24 965.33
ynao_sd_20041107_0200_li 20 16 4 4 0 583.57 1123.88 158.64 287.97 424.93 835.91
ynao_sd_20041108_0055_li 18 14 4 3 0 326.25 769.07 261.93 691.22 64.32 77.85
ynao_sd_20041109_0120_li 10 10 0 0 0 126.44 380.96 126.44 380.96 0 0
ynao_sd_20041110_0055_li 8 8 0 0 0 118.7 328.54 118.7 328.54 0 0
ynao_sd_20041111_0050_li 3 3 0 0 0 42.09 171.1 42.09 171.1 0 0
ynao_sd_20041112_0120_li 3 2 1 1 0 92.49 243.83 19.99 51.56 72.5 192.27
ynao_sd_20041113_0150_li 9 7 2 1 0 177.83 284.89 91.87 129.52 85.96 155.37
ynao_sd_20041114_0140_li 12 11 1 1 0 204.51 256.87 111.36 127.54 93.15 129.33
ynao_sd_20041118_0200_li 14 12 2 2 0 294.55 341.71 137.0 169.92 157.55 171.79
ynao_sd_20041119_0240_li 7 5 2 2 0 190.85 256.29 70.32 106.78 120.53 149.51
ynao_sd_20041120_0150_li 4 3 1 1 0 114.96 169.82 48.49 85.28 66.47 84.54
ynao_sd_20041122_0130_li 4 3 1 0 0 54.09 90.57 62.11 106.9 8.02 16.33
ynao_sd_20041123_0150_li 11 11 0 0 0 87.85 157.45 87.85 157.45 0 0
ynao_sd_20041124_0720_li 4 3 1 3 0 3913.46 13539.46 139.64 480.8 3773.82 13058.66
ynao_sd_20041125_0330_li 5 3 2 2 0 191.27 478.73 44.5 99.53 146.77 379.2
ynao_sd_20041126_0640_li 10 8 2 2 0 301.4 482.86 86.2 134.8 215.2 348.06
ynao_sd_20041127_0240_li 12 10 2 2 0 419.9 564.96 106.13 141.64 313.77 423.32
ynao_sd_20041128_0140_li 16 11 5 3 0 533.53 622.22 123.17 146.02 410.36 476.2
ynao_sd_20041129_0200_li 9 5 4 2 0 582.02 615.68 123.36 130.25 458.66 485.43
ynao_sd_20041130_0050_li 16 10 6 2 0 581.45 598.0 144.14 148.56 437.31 449.44
ynao_sd_20041201_0440_li 16 12 4 3 0 548.55 578.42 166.88 178.62 381.67 399.8
ynao_sd_20041202_0130_li 13 10 3 4 0 489.65 548.78 109.63 123.63 380.02 425.15
ynao_sd_20041203_0120_li 11 9 2 2 0 367.91 467.61 123.32 157.47 244.59 310.14
ynao_sd_20041204_0305_li 4 3 1 1 0 191.12 294.73 116.53 172.02 74.59 122.71
ynao_sd_20041205_0200_li 4 3 1 1 0 118.42 263.95 64.2 137.91 54.22 126.04
ynao_sd_20041207_0650_li 0 0 0 0 0 0 0 0 0 0 0
ynao_sd_20041208_0700_li 1 1 0 0 0 7.08 12.42 7.08 12.42 0 0
ynao_sd_20041209_0310_li 2 2 0 0 0 18.14 20.68 18.14 20.68 0 0
ynao_sd_20041210_0750_li 0 0 0 0 0 0 0 0 0 0 0
ynao_sd_20041212_0240_li 4 4 0 0 0 27.71 39.74 27.71 39.74 0 0
ynao_sd_20041213_0150_li 1 1 0 0 0 5.46 8.06 5.46 8.06 0 0
ynao_sd_20041214_0055_li 1 1 0 0 0 6.26 8.1 6.26 8.1 0 0
ynao_sd_20041215_0330_li 1 1 0 0 0 5.38 5.78 5.38 5.78 0 0
ynao_sd_20041216_0120_li 1 1 0 0 0 8.88 13.68 8.88 13.68 0 0
ynao_sd_20041218_0330_li 11 10 1 2 0 1280.0 3903.27 73.24 144.25 1206.76 3759.02
ynao_sd_20041219_0240_li 7 6 1 1 0 173.87 308.18 47.64 92.29 126.23 215.89
ynao_sd_20041220_0120_li 9 7 2 1 0 284.07 385.83 79.32 110.84 204.75 274.99
ynao_sd_20041221_0115_li 11 8 3 1 0 455.29 525.8 126.02 148.34 329.27 377.46
ynao_sd_20041222_0140_li 19 15 4 1 0 518.23 541.73 176.63 185.73 341.6 356.0
ynao_sd_20041223_0120_li 18 16 2 1 0 416.92 421.95 150.49 152.4 266.43 269.55
ynao_sd_20041224_0115_li 19 17 2 1 0 359.47 370.83 150.8 154.76 208.67 216.07
ynao_sd_20041225_0150_li 10 8 2 1 0 226.04 252.15 89.79 99.26 136.25 152.89
ynao_sd_20041226_0150_li 8 6 2 1 0 197.95 253.88 76.26 96.86 121.69 157.02
ynao_sd_20041227_0120_li 5 4 1 1 0 128.21 195.02 40.07 52.12 88.14 142.9
ynao_sd_20041228_0330_li 4 3 1 1 0 85.31 192.0 33.47 66.53 51.84 125.47
ynao_sd_20041229_0130_li 3 3 0 0 0 45.02 177.23 45.02 177.23 0 0
