ynao_sd_20050103_0140_ye 9 9 0 0 0 60.2 62.03 60.2 62.03 0 0
ynao_sd_20050104_0150_ye 3 3 0 0 0 21.57 21.94 21.57 21.94 0 0
ynao_sd_20050105_0130_li 1 1 0 0 0 7.49 9.28 7.49 9.28 0 0
ynao_sd_20050106_0230_ye 1 1 0 0 0 10.25 19.82 10.25 19.82 0 0
ynao_sd_20050107_0135_ye 1 1 0 0 0 11.45 15.73 11.45 15.73 0 0
ynao_sd_20050108_0140_ye 1 1 0 0 0 9.37 44.29 9.37 44.29 0 0
ynao_sd_20050109_0140_ye 10 6 4 1 0 1510.77 3687.01 107.29 345.4 1403.48 3341.61
ynao_sd_20050110_0805_li 5 2 3 3 0 203.23 317.75 52.33 81.91 150.9 235.84
ynao_sd_20050111_0130_li 7 3 4 3 0 208.55 288.63 45.84 71.21 162.71 217.42
ynao_sd_20050112_0810_li 8 5 3 1 0 281.34 304.68 74.94 83.0 206.4 221.68
ynao_sd_20050113_0250_li 10 7 3 1 0 296.36 305.89 128.52 134.98 167.84 170.91
ynao_sd_20050117_0130_ye 17 13 4 2 0 350.08 438.51 151.87 194.33 198.21 244.18
ynao_sd_20050118_0140_ye 12 7 5 2 0 340.78 522.71 105.55 157.66 235.23 365.05
ynao_sd_20050119_0130_ye 11 9 2 2 0 255.21 471.95 95.11 141.34 160.1 330.61
ynao_sd_20050120_0140_ye 6 4 2 0 0 68.22 209.46 87.59 267.2 19.37 57.74
ynao_sd_20050121_0130_ye 15 15 0 0 0 140.8 162.44 140.8 162.44 0 0
ynao_sd_20050122_0220_ye 21 19 2 1 0 430.69 544.54 182.68 224.62 248.01 319.92
ynao_sd_20050123_0140_ye 17 15 2 1 0 381.9 571.53 162.25 222.78 219.65 348.75
ynao_sd_20050124_0130_ye 5 4 1 1 0 144.94 313.65 57.9 115.68 87.04 197.97
ynao_sd_20050125_0130_ye 22 20 2 3 0 1291.42 2225.12 168.32 275.16 1123.1 1949.96
ynao_sd_20050126_0120_ye 14 12 2 2 0 201.82 246.42 98.03 134.43 103.79 111.99
ynao_sd_20050127_0130_ye 11 10 1 1 0 146.16 147.93 94.12 95.57 52.04 52.36
ynao_sd_20050128_0240_ye 8 8 0 0 0 53.79 54.09 53.79 54.09 0 0
ynao_sd_20050129_0200_ye 15 15 0 0 0 98.16 102.34 98.16 102.34 0 0
ynao_sd_20050130_0145_ye 16 13 3 1 0 299.36 337.83 142.54 159.48 156.82 178.35
ynao_sd_20050131_0140_ye 21 19 2 3 0 3535.74 3829.62 210.62 251.21 3325.12 3578.41
ynao_sd_20050201_0120_li 10 7 3 2 0 191.12 265.08 71.53 88.91 119.59 176.17
ynao_sd_20050202_0140_li 6 5 1 0 0 121.34 210.53 130.3 219.52 8.96 8.99
ynao_sd_20050203_0055_li 3 2 1 2 0 1272.72 4580.54 49.36 159.02 1223.36 4421.52
ynao_sd_20050204_0115_li 2 2 0 0 0 50.84 56.84 50.84 56.84 0 0
ynao_sd_20050205_0055_li 2 2 0 0 0 55.02 123.42 55.02 123.42 0 0
ynao_sd_20050206_0130_li 5 4 1 1 0 77.2 125.19 36.27 53.2 40.93 71.99
ynao_sd_20050207_0055_li 4 4 0 0 0 33.57 52.84 33.57 52.84 0 0
ynao_sd_20050208_0100_ye 9 8 1 1 0 117.15 142.6 64.52 80.33 52.63 62.27
ynao_sd_20050209_0130_ye 10 7 3 2 0 493.56 1089.37 174.86 474.75 318.7 614.62
ynao_sd_20050210_0100_ye 19 15 4 1 0 659.89 1141.73 284.96 557.52 374.93 584.21
ynao_sd_20050211_0130_ye 11 2 9 4 0 2221.01 3896.64 323.2 650.4 1897.81 3246.24
ynao_sd_20050212_0150_li 18 12 6 3 0 1254.98 1756.49 274.89 391.33 980.09 1365.16
ynao_sd_20050213_0100_ye 16 9 7 3 0 1500.39 1817.13 303.67 369.43 1196.72 1447.7
ynao_sd_20050214_0150_ye 24 15 9 3 0 1611.24 1783.22 397.15 449.71 1214.09 1333.51
ynao_sd_20050215_0230_ye 33 23 10 4 0 1446.16 1507.46 359.67 374.8 1086.49 1132.66
ynao_sd_20050216_0100_ye 49 41 8 4 0 1598.51 1776.45 455.81 597.92 1142.7 1178.53
ynao_sd_20050217_0110_ye 35 31 4 3 0 1252.91 1322.73 326.15 362.8 926.76 959.93
ynao_sd_20050218_0110_ye 25 19 6 2 0 2547.32 3568.34 355.46 412.5 2191.86 3155.84
ynao_sd_20050219_0155_ye 25 23 2 1 0 987.48 1265.86 431.89 611.43 555.59 654.43
ynao_sd_20050220_0330_ye 16 14 2 2 0 1954.34 3664.56 263.59 478.25 1690.75 3186.31
ynao_sd_20050221_0100_li 7 6 1 1 0 460.54 819.28 105.22 174.65 355.32 644.63
ynao_sd_20050222_0140_li 2 0 2 1 0 179.81 487.81 37.18 99.46 142.63 388.35
ynao_sd_20050223_0045_li 1 1 0 0 0 37.84 191.7 37.84 191.7 0 0
ynao_sd_20050224_0040_li 9 9 0 0 0 78.75 92.76 78.75 92.76 0 0
ynao_sd_20050225_0055_li 2 2 0 0 0 20.2 27.03 20.2 27.03 0 0
ynao_sd_20050226_0140_li 5 5 0 0 0 29.81 59.61 29.81 59.61 0 0
ynao_sd_20050227_0150_li 5 5 0 0 0 35.05 75.23 35.05 75.23 0 0
ynao_sd_20050228_0535_ye 2 2 0 0 0 15.22 16.0 15.22 16.0 0 0
ynao_sd_20050301_0300_ye 2 2 0 0 0 13.05 35.69 13.05 35.69 0 0
ynao_sd_20050305_0225_ye 0 0 0 0 0 0 0 0 0 0 0
ynao_sd_20050306_0445_ye 0 0 0 0 0 0 0 0 0 0 0
ynao_sd_20050307_0050_li 1 1 0 0 0 14.06 60.32 14.06 60.32 0 0
ynao_sd_20050308_0055_li 9 9 0 0 0 94.71 210.31 94.71 210.31 0 0
ynao_sd_20050309_0055_li 10 8 2 3 0 181.33 330.58 86.09 168.76 95.24 161.82
ynao_sd_20050310_0120_li 14 10 4 3 0 326.8 677.41 210.85 523.52 115.95 153.89
ynao_sd_20050311_0100_li 20 15 5 5 0 503.66 791.42 161.58 220.98 342.08 570.44
ynao_sd_20050312_0150_ye 24 17 7 4 0 694.62 884.73 211.02 263.19 483.6 621.54
ynao_sd_20050313_0525_ye 24 17 7 5 0 978.13 1060.96 183.0 190.72 795.13 870.24
ynao_sd_20050314_0150_ye 1 1 0 0 0 7.64 8.65 7.64 8.65 0 0
ynao_sd_20050315_0245_ye 13 10 3 3 0 1003.91 1069.75 244.6 266.72 759.31 803.03
ynao_sd_20050316_0045_ye 22 17 5 3 0 945.92 1074.24 340.57 384.05 605.35 690.19
ynao_sd_20050317_0055_ye 17 12 5 2 0 1013.88 1279.92 287.98 364.43 725.9 915.49
ynao_sd_20050318_0055_ye 18 14 4 2 0 970.21 1466.04 304.4 431.59 665.81 1034.45
ynao_sd_20050319_0130_ye 16 13 3 2 0 684.42 1046.68 232.24 434.93 452.18 611.75
ynao_sd_20050320_0140_ye 17 15 2 3 0 579.21 914.1 239.17 353.28 340.04 560.82
ynao_sd_20050321_0100_li 18 16 2 2 0 294.85 590.82 133.51 216.65 161.34 374.17
ynao_sd_20050322_0050_li 12 12 0 0 0 165.05 401.87 165.05 401.87 0 0
ynao_sd_20050323_0300_li 10 9 1 1 0 115.45 150.41 68.25 96.33 47.2 54.08
ynao_sd_20050326_0200_li 10 10 0 0 0 70.51 80.36 70.51 80.36 0 0
ynao_sd_20050327_0140_li 6 6 0 0 0 46.29 59.33 46.29 59.33 0 0
ynao_sd_20050328_0030_ye 6 6 0 0 0 105.24 164.23 105.24 164.23 0 0
ynao_sd_20050329_0035_ye 7 7 0 0 0 42.5 91.92 42.5 91.92 0 0
ynao_sd_20050330_0030_ye 5 4 1 0 0 31.9 83.98 40.2 108.01 8.3 24.03
ynao_sd_20050331_0040_ye 0 0 0 0 0 0 0 0 0 0 0
ynao_sd_20050401_0045_ye 3 3 0 0 0 22.96 62.63 22.96 62.63 0 0
ynao_sd_20050402_0200_ye 3 3 0 0 0 25.93 33.42 25.93 33.42 0 0
ynao_sd_20050405_0140_li 13 12 1 1 0 160.43 201.87 112.42 146.54 48.01 55.33
ynao_sd_20050406_0040_ye 10 9 1 1 0 1756.78 5623.39 267.66 635.77 1489.12 4987.62
ynao_sd_20050407_0045_ye 15 13 2 2 0 2866.9 4594.07 149.67 278.87 2717.23 4315.2
ynao_sd_20050408_0055_ye 17 15 2 1 0 329.19 557.28 189.77 343.85 139.42 213.43
ynao_sd_20050411_0045_ye 11 10 1 1 0 217.84 228.8 106.08 115.44 111.76 113.36
ynao_sd_20050412_0035_ye 15 14 1 1 0 198.61 235.47 117.13 153.89 81.48 81.58
ynao_sd_20050413_0435_ye 8 7 1 1 0 112.86 118.46 63.01 66.31 49.85 52.15
ynao_sd_20050414_0030_ye 13 13 0 0 0 118.93 135.8 118.93 135.8 0 0
ynao_sd_20050415_0115_ye 6 6 0 0 0 115.48 164.16 115.48 164.16 0 0
ynao_sd_20050416_0140_ye 12 12 0 0 0 123.0 167.5 123.0 167.5 0 0
ynao_sd_20050418_0030_ye 20 20 0 0 0 180.56 402.39 180.56 402.39 0 0
ynao_sd_20050419_0035_ye 12 12 0 0 0 114.21 198.07 114.21 198.07 0 0
ynao_sd_20050420_0210_ye 9 9 0 0 0 77.13 95.67 77.13 95.67 0 0
ynao_sd_20050421_0055_ye 6 6 0 0 0 53.76 61.77 53.76 61.77 0 0
ynao_sd_20050422_0030_ye 3 3 0 0 0 17.57 18.74 17.57 18.74 0 0
ynao_sd_20050425_0110_ye 3 2 1 1 0 161.76 710.54 63.95 231.36 97.81 479.18
ynao_sd_20050426_0325_ye 6 5 1 1 0 370.67 858.1 131.84 300.28 238.83 557.82
ynao_sd_20050427_0040_ye 8 4 4 2 0 733.1 1224.66 189.04 311.21 544.06 913.45
ynao_sd_20050428_0110_ye 24 14 10 2 0 1653.86 2114.52 413.63 521.47 1240.23 1593.05
ynao_sd_20050429_0040_ye 27 14 13 1 0 1927.73 2159.32 438.92 487.58 1488.81 1671.74
ynao_sd_20050430_0025_ye 31 18 13 1 1 2213.38 2292.19 488.02 505.89 1725.36 1786.3
ynao_sd_20050509_0025_ye 53 52 1 2 0 531.24 545.27 453.16 463.09 78.08 82.18
ynao_sd_20050510_0035_ye 43 37 6 2 0 875.25 997.87 445.25 501.35 430.0 496.52
ynao_sd_20050511_0030_ye 47 37 10 5 0 1082.31 1485.94 441.08 634.88 641.23 851.06
ynao_sd_20050512_0030_ye 46 35 11 6 0 2459.22 3428.7 495.94 883.1 1963.28 2545.6
ynao_sd_20050513_0030_ye 39 30 9 4 0 1072.03 2174.4 434.43 835.89 637.6 1338.51
ynao_sd_20050516_0030_ye 26 24 2 1 0 428.47 491.39 256.85 305.22 171.62 186.17
ynao_sd_20050518_0030_ye 16 16 0 0 0 136.46 182.83 136.46 182.83 0 0
ynao_sd_20050519_0030_ye 7 7 0 0 0 61.11 96.76 61.11 96.76 0 0
ynao_sd_20050520_0030_ye 5 5 0 0 0 41.27 60.75 41.27 60.75 0 0
ynao_sd_20050523_0030_ye 6 6 0 0 0 106.92 220.45 106.92 220.45 0 0
ynao_sd_20050524_0050_ye 9 8 1 2 0 181.52 285.95 100.2 155.33 81.32 130.62
ynao_sd_20050525_0035_ye 15 12 3 2 0 208.54 261.23 116.85 144.75 91.69 116.48
ynao_sd_20050526_0125_ye 16 14 2 2 0 285.87 315.97 175.9 194.69 109.97 121.28
ynao_sd_20050527_0020_ye 35 32 3 4 0 517.4 557.96 332.79 369.12 184.61 188.84
ynao_sd_20050528_0020_ye 33 31 2 2 0 620.12 673.82 364.36 414.25 255.76 259.57
ynao_sd_20050530_0140_ye 23 21 2 2 0 355.17 451.72 250.77 329.77 104.4 121.95
ynao_sd_20050531_0225_ye 24 22 2 2 0 415.22 639.98 260.89 413.76 154.33 226.22
ynao_sd_20050601_0225_ye 25 19 6 4 0 2399.69 3138.71 228.31 359.07 2171.38 2779.64
ynao_sd_20050602_0535_ye 22 21 1 1 0 347.44 725.22 300.17 570.98 47.27 154.24
ynao_sd_20050603_0120_ye 25 19 6 4 0 1462.01 1686.28 226.42 322.95 1235.59 1363.33
ynao_sd_20050605_0335_ye 29 23 6 5 0 479.52 534.87 249.51 272.46 230.01 262.41
ynao_sd_20050606_0420_ye 18 12 6 4 0 702.81 1208.12 274.71 393.65 428.1 814.47
ynao_sd_20050607_0800_ye 35 28 7 6 0 1066.84 1528.94 409.87 543.18 656.97 985.76
ynao_sd_20050608_0410_ye 40 27 13 7 0 1518.45 1951.34 493.38 641.92 1025.07 1309.42
ynao_sd_20050609_0130_ye 65 51 14 6 0 1959.83 2383.68 663.82 873.69 1296.01 1509.99
ynao_sd_20050611_0350_ye 38 29 9 4 0 1153.63 1214.64 440.61 477.53 713.02 737.11
ynao_sd_20050612_0115_ye 46 40 6 2 0 2268.68 3181.97 502.26 567.64 1766.42 2614.33
ynao_sd_20050613_0140_ye 33 26 7 1 0 902.86 995.69 354.61 418.59 548.25 577.1
ynao_sd_20050615_0655_ye 25 19 6 4 0 677.13 998.25 250.63 360.62 426.5 637.63
ynao_sd_20050616_0405_ye 25 16 9 3 0 799.83 1121.91 235.21 314.42 564.62 807.49
ynao_sd_20050617_0320_ye 39 32 7 4 0 980.04 1483.63 420.32 601.77 559.72 881.86
ynao_sd_20050622_0330_ye 23 23 0 1 0 239.02 450.85 180.17 296.53 58.85 154.32
ynao_sd_20050627_0025_ye 3 3 0 0 0 24.55 26.42 24.55 26.42 0 0
ynao_sd_20050628_0245_ye 3 3 0 0 0 23.5 35.04 23.5 35.04 0 0
ynao_sd_20050629_0350_ye 2 2 0 0 0 16.11 30.44 16.11 30.44 0 0
ynao_sd_20050630_0305_ye 16 16 0 1 0 234.61 327.57 204.03 295.06 30.58 32.51
ynao_sd_20050701_0210_ye 38 33 5 3 0 709.35 873.35 371.2 446.23 338.15 427.12
ynao_sd_20050702_0210_ye 78 61 17 6 0 1585.22 1814.5 667.41 751.49 917.81 1063.01
ynao_sd_20050705_0155_ye 67 54 13 8 0 1857.74 2205.04 635.53 769.31 1222.21 1435.73
ynao_sd_20050706_0240_ye 57 41 16 6 0 1443.75 1786.59 495.81 606.32 947.94 1180.27
ynao_sd_20050707_0210_ye 47 35 12 4 0 1148.97 1424.81 407.29 525.02 741.68 899.79
ynao_sd_20050708_0125_ye 33 26 7 3 0 738.17 1096.27 292.88 439.55 445.29 656.72
ynao_sd_20050715_0355_ye 13 12 1 1 0 158.58 292.89 111.04 197.05 47.54 95.84
ynao_sd_20050718_0140_ye 2 2 0 0 0 11.42 22.15 11.42 22.15 0 0
ynao_sd_20050720_0200_ye 1 1 0 0 0 9.03 10.47 9.03 10.47 0 0
ynao_sd_20050721_0130_ye 0 0 0 0 0 0 0 0 0 0 0
ynao_sd_20050722_0300_ye 0 0 0 0 0 0 0 0 0 0 0
ynao_sd_20050725_0430_ye 0 0 0 0 0 0 0 0 0 0 0
ynao_sd_20050726_0015_ye 2 2 0 0 0 18.43 19.58 18.43 19.58 0 0
ynao_sd_20050727_0140_ye 0 0 0 0 0 0 0 0 0 0 0
ynao_sd_20050728_0210_ye 3 3 0 0 0 27.0 35.33 27.0 35.33 0 0
ynao_sd_20050729_0050_ye 0 0 0 0 0 0 0 0 0 0 0
ynao_sd_20050730_0240_ye 6 5 1 1 0 92.66 335.68 42.13 75.67 50.53 260.01
ynao_sd_20050801_0105_ye 8 7 1 1 0 166.89 396.99 70.39 118.07 96.5 278.92
ynao_sd_20050802_0100_ye 8 7 1 1 0 269.31 498.22 100.02 179.81 169.29 318.41
ynao_sd_20050803_0130_ye 19 18 1 1 0 404.78 619.97 182.56 301.48 222.22 318.49
ynao_sd_20050804_0045_ye 30 26 4 1 0 478.98 572.81 234.02 274.85 244.96 297.96
ynao_sd_20050805_0345_ye 29 28 1 1 0 588.24 639.67 298.58 324.25 289.66 315.42
ynao_sd_20050808_0150_ye 19 18 1 1 0 599.18 716.94 262.34 330.95 336.84 385.99
ynao_sd_20050810_0350_ye 3 0 3 1 0 313.7 511.84 46.28 75.4 267.42 436.44
ynao_sd_20050811_0045_ye 7 6 1 1 0 211.91 458.64 85.99 187.43 125.92 271.21
ynao_sd_20050812_0145_ye 8 7 1 1 0 142.75 399.67 68.1 136.52 74.65 263.15
ynao_sd_20050815_0410_ye 16 13 3 2 0 313.56 349.75 146.45 169.03 167.11 180.72
ynao_sd_20050816_0050_ye 17 14 3 1 0 348.64 375.24 148.23 161.84 200.41 213.4
ynao_sd_20050817_0445_ye 22 20 2 1 0 362.44 397.42 178.89 194.99 183.55 202.43
ynao_sd_20050818_0125_ye 23 21 2 1 0 319.83 370.52 173.87 195.75 145.96 174.77
ynao_sd_20050819_0110_ye 26 24 2 2 0 378.38 448.37 216.76 241.98 161.62 206.39
ynao_sd_20050822_0500_ye 20 13 7 1 0 1104.9 1898.08 250.43 455.88 854.47 1442.2
ynao_sd_20050826_0640_ye 0 0 0 0 0 0 0 0 0 0 0
ynao_sd_20050829_0205_ye 2 1 1 1 0 96.49 193.94 55.67 110.93 40.82 83.01
ynao_sd_20050830_0500_ye 16 16 0 0 0 155.63 231.11 155.63 231.11 0 0
ynao_sd_20050831_0055_ye 24 22 2 2 0 275.62 368.16 183.55 254.28 92.07 113.88
ynao_sd_20050901_0050_ye 9 7 2 1 0 210.72 236.45 81.5 92.8 129.22 143.65
ynao_sd_20050902_0050_ye 21 20 1 1 0 241.12 256.09 164.32 175.3 76.8 80.79
ynao_sd_20050905_0320_ye 14 12 2 1 0 145.91 191.18 96.17 129.02 49.74 62.16
ynao_sd_20050908_0230_ye 9 8 1 1 0 181.35 874.55 122.97 576.2 58.38 298.35
ynao_sd_20050909_0030_ye 22 12 10 3 0 3164.94 5959.1 340.4 843.13 2824.54 5115.97
ynao_sd_20050910_0105_ye 33 14 19 2 0 1781.47 3320.26 494.83 913.51 1286.64 2406.75
ynao_sd_20050913_0140_ye 103 93 10 5 0 2282.55 2499.13 1066.98 1173.98 1215.57 1325.15
ynao_sd_20050914_0630_ye 71 60 11 7 0 2153.39 2264.22 690.0 725.42 1463.39 1538.8
ynao_sd_20050915_0130_ye 58 50 8 4 0 2036.56 2184.25 753.8 805.78 1282.76 1378.47
ynao_sd_20050916_0015_ye 51 37 14 4 0 1766.16 2024.61 635.73 724.2 1130.43 1300.41
ynao_sd_20050918_0115_ye 38 33 5 1 0 610.51 1027.97 344.06 567.76 266.45 460.21
ynao_sd_20050919_0805_li 3 0 3 1 0 113.55 326.62 25.64 72.54 87.91 254.08
ynao_sd_20050920_0050_ye 4 3 1 1 0 74.33 309.7 37.38 139.43 36.95 170.27
ynao_sd_20050921_0225_ye 0 0 0 0 0 0 0 0 0 0 0
ynao_sd_20050922_0825_ye 0 0 0 0 0 0 0 0 0 0 0
ynao_sd_20050923_0525_ye 0 0 0 0 0 0 0 0 0 0 0
ynao_sd_20050927_0020_ye 6 6 0 0 0 45.65 53.98 45.65 53.98 0 0
ynao_sd_20050928_0800_ye 3 3 0 0 0 24.33 25.18 24.33 25.18 0 0
ynao_sd_20050930_0250_ye 1 1 0 0 0 7.27 7.49 7.27 7.49 0 0
ynao_sd_20051009_0015_ye 7 7 0 0 0 51.21 57.22 51.21 57.22 0 0
ynao_sd_20051010_0045_ye 12 12 0 0 0 87.42 97.52 87.42 97.52 0 0
ynao_sd_20051011_0035_ye 28 28 0 0 0 208.35 245.53 208.35 245.53 0 0
ynao_sd_20051012_0210_ye 16 16 0 0 0 108.37 138.81 108.37 138.81 0 0
ynao_sd_20051013_0050_ye 20 20 0 0 0 137.15 185.18 137.15 185.18 0 0
ynao_sd_20051014_0300_ye 0 0 0 0 0 0 0 0 0 0 0
ynao_sd_20051017_0450_ye 4 4 0 0 0 28.49 31.0 28.49 31.0 0 0
ynao_sd_20051018_0300_ye 6 6 0 0 0 40.21 42.95 40.21 42.95 0 0
ynao_sd_20051019_0120_li 1 1 0 0 0 7.87 8.75 7.87 8.75 0 0
ynao_sd_20051020_0420_li 1 1 0 0 0 5.4 10.22 5.4 10.22 0 0
ynao_sd_20051021_0115_li 5 5 0 0 0 38.2 46.5 38.2 46.5 0 0
ynao_sd_20051025_0055_li 1 1 0 0 0 8.97 16.51 8.97 16.51 0 0
ynao_sd_20051027_0050_ye 1 1 0 0 0 6.27 19.21 6.27 19.21 0 0
ynao_sd_20051028_0250_ye 0 0 0 0 0 0 0 0 0 0 0
ynao_sd_20051101_0610_ye 12 12 0 0 0 94.18 106.51 94.18 106.51 0 0
ynao_sd_20051102_0115_li 10 10 0 0 0 74.14 91.19 74.14 91.19 0 0
ynao_sd_20051103_0130_ye 18 18 0 0 0 122.5 125.82 122.5 125.82 0 0
ynao_sd_20051104_0120_ye 10 10 0 0 0 62.57 67.84 62.57 67.84 0 0
ynao_sd_20051107_0050_ye 17 17 0 0 0 145.3 208.88 145.3 208.88 0 0
ynao_sd_20051110_0050_ye 1 1 0 0 0 5.17 7.02 5.17 7.02 0 0
ynao_sd_20051111_0100_ye 2 2 0 0 0 23.81 31.98 23.81 31.98 0 0
ynao_sd_20051114_0130_ye 16 13 3 3 0 640.02 1542.41 267.96 641.35 372.06 901.06
ynao_sd_20051115_0045_li 29 24 5 3 0 1033.27 1671.78 220.84 383.63 812.43 1288.15
ynao_sd_20051116_0140_li 23 16 7 3 0 1107.15 1409.99 265.34 341.86 841.81 1068.13
ynao_sd_20051117_0050_ye 34 27 7 4 0 1652.15 1834.63 471.04 525.75 1181.11 1308.88
ynao_sd_20051118_0400_ye 38 33 5 2 0 1616.66 1662.22 561.41 579.99 1055.25 1082.23
ynao_sd_20051122_0410_ye 30 25 5 5 0 1013.6 1498.52 399.81 611.31 613.79 887.21
ynao_sd_20051124_0145_ye 18 17 1 2 0 503.94 1146.35 114.49 188.1 389.45 958.25
ynao_sd_20051125_0050_ye 9 8 1 1 0 198.5 214.34 78.51 85.38 119.99 128.96
ynao_sd_20051128_0340_ye 8 7 1 1 0 154.34 192.49 70.86 97.96 83.48 94.53
ynao_sd_20051129_0110_ye 11 8 3 2 0 1683.84 3242.8 81.23 124.04 1602.61 3118.76
ynao_sd_20051130_0100_ye 11 10 1 1 0 121.79 178.95 80.8 114.91 40.99 64.04
ynao_sd_20051201_0100_ye 28 20 8 7 1 2645.58 4892.06 173.14 210.06 2472.44 4682.0
ynao_sd_20051202_0055_ye 37 26 11 4 0 1891.1 3652.36 466.17 552.23 1424.93 3100.13
ynao_sd_20051203_0130_ye 44 33 11 6 0 1172.97 1206.15 469.07 482.83 703.9 723.32
ynao_sd_20051205_0050_ye 50 48 2 1 0 672.79 783.51 457.86 541.4 214.93 242.11
ynao_sd_20051206_0707_ye 24 23 1 1 0 390.85 495.23 243.94 292.52 146.91 202.71
ynao_sd_20051207_0400_li 9 5 4 2 0 1095.46 1301.63 77.65 115.42 1017.81 1186.21
ynao_sd_20051208_0110_ye 7 6 1 1 0 94.74 205.1 49.38 88.81 45.36 116.29
ynao_sd_20051209_0200_ye 5 4 1 1 0 96.63 327.6 64.57 162.95 32.06 164.65
ynao_sd_20051212_0415_ye 3 3 0 1 0 91.25 135.03 19.4 30.3 71.85 104.73
ynao_sd_20051213_0420_ye 12 11 1 1 0 210.81 272.96 111.07 153.4 99.74 119.56
ynao_sd_20051216_0345_ye 13 10 3 2 0 315.39 482.28 148.65 269.26 166.74 213.02
ynao_sd_20051219_0545_ye 16 13 3 2 0 383.89 414.34 205.25 213.22 178.64 201.12
ynao_sd_20051220_0330_ye 12 9 3 2 0 512.76 569.64 247.06 296.44 265.7 273.2
ynao_sd_20051222_0230_ye 15 14 1 1 0 269.89 347.05 146.53 188.49 123.36 158.56
ynao_sd_20051223_0150_ye 9 8 1 1 0 190.7 302.92 103.29 163.15 87.41 139.77
ynao_sd_20051227_0635_ye 4 3 1 1 0 107.1 120.03 60.43 64.14 46.67 55.89
ynao_sd_20051228_0340_li 3 2 1 1 0 70.06 74.88 24.42 25.22 45.64 49.66
ynao_sd_20051229_0230_ye 6 5 1 1 0 93.85 152.84 55.11 113.44 38.74 39.4
ynao_sd_20051230_0110_ye 8 8 0 0 0 113.86 156.13 113.86 156.13 0 0
ynao_sd_20051231_0205_ye 8 6 2 2 0 142.66 280.75 73.55 143.45 69.11 137.3
