ynao_sd_20060104_0100_ye 0 0 0 0 0 0 0 0 0 0 0
ynao_sd_20060105_0110_ye 0 0 0 0 0 0 0 0 0 0 0
ynao_sd_20060106_0505_ye 2 2 0 0 0 12.24 14.7 12.24 14.7 0 0
ynao_sd_20060109_0410_ye 3 3 0 0 0 54.61 67.67 54.61 67.67 0 0
ynao_sd_20060110_0155_ye 0 0 0 0 0 0 0 0 0 0 0
ynao_sd_20060111_0110_ye 0 0 0 0 0 0 0 0 0 0 0
ynao_sd_20060112_0110_ye 1 1 0 0 0 9.4 10.66 9.4 10.66 0 0
ynao_sd_20060113_0110_ye 0 0 0 0 0 0 0 0 0 0 0
ynao_sd_20060114_0140_ye 0 0 0 0 0 0 0 0 0 0 0
ynao_sd_20060116_0112_ye 9 9 0 0 0 75.68 76.68 75.68 76.68 0 0
ynao_sd_20060118_0303_ye 10 10 0 0 0 126.86 198.79 126.86 198.79 0 0
ynao_sd_20060119_0112_ye 12 11 1 1 0 150.76 194.78 114.02 150.15 36.74 44.63
ynao_sd_20060120_0305_ye 26 20 6 2 0 495.65 577.42 181.21 229.6 314.44 347.82
ynao_sd_20060123_0740_ye 29 26 3 3 0 404.33 454.78 217.9 253.88 186.43 200.9
ynao_sd_20060124_0245_ye 34 31 3 4 0 389.54 449.72 221.56 256.73 167.98 192.99
ynao_sd_20060126_0220_ye 21 20 1 1 0 192.57 329.37 150.72 265.45 41.85 63.92
ynao_sd_20060127_0210_ye 5 5 0 0 0 69.44 159.35 69.44 159.35 0 0
ynao_sd_20060128_0103_ye 6 6 0 0 0 58.9 186.76 58.9 186.76 0 0
ynao_sd_20060129_0210_ye 1 1 0 0 0 7.43 10.03 7.43 10.03 0 0
ynao_sd_20060130_0130_ye 0 0 0 0 0 0 0 0 0 0 0
ynao_sd_20060131_0120_ye 1 1 0 0 0 8.39 8.58 8.39 8.58 0 0
ynao_sd_20060201_0130_ye 0 0 0 0 0 0 0 0 0 0 0
ynao_sd_20060202_0120_ye 1 1 0 0 0 6.49 26.92 6.49 26.92 0 0
ynao_sd_20060203_0140_ye 1 1 0 0 0 7.43 8.22 7.43 8.22 0 0
ynao_sd_20060205_0130_ye 1 1 0 0 0 4.73 7.43 4.73 7.43 0 0
ynao_sd_20060206_0120_ye 1 1 0 0 0 4.23 19.88 4.23 19.88 0 0
ynao_sd_20060207_0140_ye 2 2 0 0 0 16.98 21.72 16.98 21.72 0 0
ynao_sd_20060208_0120_ye 1 1 0 0 0 11.45 16.6 11.45 16.6 0 0
ynao_sd_20060209_0110_ye 6 6 0 0 0 55.3 62.1 55.3 62.1 0 0
ynao_sd_20060210_0120_ye 0 0 0 0 0 0 0 0 0 0 0
ynao_sd_20060213_0105_ye 2 2 0 0 0 14.36 57.69 14.36 57.69 0 0
ynao_sd_20060214_0130_ye 3 3 0 0 0 41.76 73.01 41.76 73.01 0 0
ynao_sd_20060215_0125_ye 7 7 0 1 0 1081.98 1585.51 39.54 49.36 1042.44 1536.15
ynao_sd_20060216_0055_ye 6 6 0 0 0 61.31 65.25 61.31 65.25 0 0
ynao_sd_20060217_0113_ye 3 3 0 0 0 49.67 76.51 49.67 76.51 0 0
ynao_sd_20060220_0050_ye 1 1 0 0 0 15.19 15.77 15.19 15.77 0 0
ynao_sd_20060221_0110_ye 1 1 0 0 0 5.4 5.71 5.4 5.71 0 0
ynao_sd_20060222_0200_ye 1 1 0 0 0 5.67 31.13 5.67 31.13 0 0
ynao_sd_20060223_0100_ye 0 0 0 0 0 0 0 0 0 0 0
ynao_sd_20060224_0130_ye 3 3 0 0 0 34.35 47.92 34.35 47.92 0 0
ynao_sd_20060225_0140_ye 0 0 0 0 0 0 0 0 0 0 0
ynao_sd_20060226_0130_ye 1 1 0 0 0 10.65 11.5 10.65 11.5 0 0
ynao_sd_20060227_0100_ye 4 4 0 0 0 33.81 76.8 33.81 76.8 0 0
ynao_sd_20060302_0650_ye 2 2 0 0 0 14.72 22.93 14.72 22.93 0 0
ynao_sd_20060303_0150_ye 1 1 0 0 0 8.6 9.03 8.6 9.03 0 0
ynao_sd_20060306_0130_ye 9 8 1 0 0 53.8 59.44 59.63 65.42 5.83 5.98
ynao_sd_20060307_0110_ye 3 1 2 1 0 798.27 837.79 26.55 28.56 771.72 809.23
ynao_sd_20060308_0030_ye 2 1 1 1 0 925.92 1224.64 14.15 31.85 911.77 1192.79
ynao_sd_20060309_0050_ye 0 0 0 0 0 0 0 0 0 0 0
ynao_sd_20060313_0455_ye 2 2 0 0 0 16.82 48.03 16.82 48.03 0 0
ynao_sd_20060314_0410_ye 8 8 0 0 0 53.98 111.93 53.98 111.93 0 0
ynao_sd_20060315_0120_ye 7 7 0 2 0 2711.62 4287.2 59.24 105.44 2652.38 4181.76
ynao_sd_20060316_0120_ye 4 3 1 1 0 1378.45 1535.75 39.61 46.74 1338.84 1489.01
ynao_sd_20060317_0115_ye 11 11 0 0 0 88.64 97.89 88.64 97.89 0 0
ynao_sd_20060320_0120_ye 25 24 1 1 0 201.41 206.39 151.11 155.06 50.3 51.33
ynao_sd_20060321_0115_ye 31 31 0 1 0 1387.9 1685.35 230.82 258.73 1157.08 1426.62
ynao_sd_20060322_0110_ye 26 26 0 0 0 203.8 259.47 203.8 259.47 0 0
ynao_sd_20060323_0030_ye 15 15 0 0 0 115.63 179.76 115.63 179.76 0 0
ynao_sd_20060324_0110_ye 5 5 0 0 0 43.72 75.66 43.72 75.66 0 0
ynao_sd_20060327_0055_ye 4 4 0 0 0 41.77 48.08 41.77 48.08 0 0
ynao_sd_20060329_0100_ye 23 19 4 1 0 248.21 572.11 167.51 433.89 80.7 138.22
ynao_sd_20060330_0100_ye 18 14 4 2 0 354.92 555.19 143.87 214.36 211.05 340.83
ynao_sd_20060331_0240_ye 15 11 4 2 0 424.31 523.6 133.19 163.52 291.12 360.08
ynao_sd_20060403_0100_ye 56 48 8 2 0 1238.61 1273.01 531.4 546.35 707.21 726.66
ynao_sd_20060404_0045_ye 47 35 12 5 0 1425.58 1514.54 532.82 562.74 892.76 951.8
ynao_sd_20060405_0100_ye 66 52 14 4 0 1606.39 1859.3 706.48 796.02 899.91 1063.28
ynao_sd_20060406_0135_ye 59 46 13 3 0 1422.04 1908.4 564.66 708.21 857.38 1200.19
ynao_sd_20060407_0125_ye 43 34 9 6 0 2770.07 3713.27 374.97 549.74 2395.1 3163.53
ynao_sd_20060408_0020_ye 28 25 3 3 0 375.25 782.13 224.34 401.07 150.91 381.06
ynao_sd_20060417_0045_ye 2 2 0 0 0 41.71 49.44 41.71 49.44 0 0
ynao_sd_20060418_0105_ye 3 2 1 1 0 1109.73 1569.79 22.94 33.67 1086.79 1536.12
ynao_sd_20060419_0240_ye 2 2 0 0 0 45.13 67.71 45.13 67.71 0 0
ynao_sd_20060420_0220_ye 5 5 0 0 0 35.9 35.96 35.9 35.96 0 0
ynao_sd_20060421_0035_ye 12 12 0 0 0 105.48 124.37 105.48 124.37 0 0
ynao_sd_20060424_0050_ye 9 7 2 1 0 280.35 658.0 129.86 256.4 150.49 401.6
ynao_sd_20060425_0030_ye 16 10 6 1 0 711.92 1389.18 195.26 445.05 516.66 944.13
ynao_sd_20060426_0030_ye 28 21 7 5 0 723.18 1200.05 271.08 434.45 452.1 765.6
ynao_sd_20060427_0035_ye 39 28 11 5 0 1823.02 2603.03 355.45 472.77 1467.57 2130.26
ynao_sd_20060501_0320_ye 34 25 9 3 0 1836.85 1925.4 268.93 287.11 1567.92 1638.29
ynao_sd_20060502_0140_ye 20 14 6 2 0 1725.42 1946.7 165.19 185.15 1560.23 1761.55
ynao_sd_20060503_0130_ye 14 11 3 1 0 292.06 397.81 122.84 156.44 169.22 241.37
ynao_sd_20060505_0050_ye 13 7 6 2 0 1320.27 3304.53 142.91 343.54 1177.36 2960.99
ynao_sd_20060509_0025_ye 14 10 4 2 0 396.71 528.97 143.68 186.45 253.03 342.52
ynao_sd_20060511_0135_ye 6 6 0 0 0 104.25 234.28 104.25 234.28 0 0
ynao_sd_20060512_0025_ye 2 2 0 0 0 23.25 27.17 23.25 27.17 0 0
ynao_sd_20060516_0040_ye 0 0 0 0 0 0 0 0 0 0 0
ynao_sd_20060517_0050_ye 2 2 0 0 0 14.57 23.84 14.57 23.84 0 0
ynao_sd_20060518_0030_ye 3 3 0 0 0 18.57 36.43 18.57 36.43 0 0
ynao_sd_20060519_0035_ye 1 1 0 0 0 10.14 18.1 10.14 18.1 0 0
ynao_sd_20060520_0200_ye 15 15 0 0 0 116.88 173.23 116.88 173.23 0 0
ynao_sd_20060523_0105_ye 18 18 0 0 0 140.82 145.27 140.82 145.27 0 0
ynao_sd_20060524_0630_ye 23 23 0 0 0 203.54 209.66 203.54 209.66 0 0
ynao_sd_20060601_0100_ye 1 1 0 0 0 6.52 6.82 6.52 6.82 0 0
ynao_sd_20060602_0120_ye 0 0 0 0 0 0 0 0 0 0 0
ynao_sd_20060607_0240_ye 31 25 6 2 0 544.8 733.01 232.56 340.6 312.24 392.41
ynao_sd_20060611_0350_ye 12 8 4 2 0 309.48 327.43 102.54 107.68 206.94 219.75
ynao_sd_20060612_0255_ye 13 10 3 1 0 319.41 370.88 145.77 163.15 173.64 207.73
ynao_sd_20060613_0120_ye 6 2 4 2 0 1445.15 1567.85 56.1 66.8 1389.05 1501.05
ynao_sd_20060614_0650_ye 5 0 5 2 0 1921.03 3044.45 117.13 221.93 1803.9 2822.52
ynao_sd_20060615_0130_ye 1 1 0 0 0 8.76 12.7 8.76 12.7 0 0
ynao_sd_20060616_0025_ye 7 7 0 0 0 46.58 76.11 46.58 76.11 0 0
ynao_sd_20060619_0355_ye 11 10 1 1 0 207.35 217.2 95.5 100.0 111.85 117.2
ynao_sd_20060620_0135_ye 10 10 0 0 0 73.97 75.98 73.97 75.98 0 0
ynao_sd_20060621_0140_ye 11 11 0 0 0 69.74 72.84 69.74 72.84 0 0
ynao_sd_20060622_0110_ye 0 0 0 0 0 0 0 0 0 0 0
ynao_sd_20060623_0455_ye 3 3 0 0 0 45.79 55.94 45.79 55.94 0 0
ynao_sd_20060626_0440_ye 0 0 0 0 0 0 0 0 0 0 0
ynao_sd_20060627_0640_ye 0 0 0 0 0 0 0 0 0 0 0
ynao_sd_20060628_0435_ye 1 0 1 1 0 97.48 332.47 21.99 74.17 75.49 258.3
ynao_sd_20060629_0350_ye 4 3 1 1 0 301.68 650.79 119.08 257.8 182.6 392.99
ynao_sd_20060630_0140_ye 7 6 1 1 0 359.05 572.23 147.12 237.11 211.93 335.12
ynao_sd_20060703_0250_ye 16 15 1 1 0 822.05 844.86 232.21 239.25 589.84 605.61
ynao_sd_20060704_0245_ye 7 6 1 1 0 765.44 776.58 242.04 245.73 523.4 530.85
ynao_sd_20060705_0200_ye 17 14 3 1 0 869.52 1055.1 246.74 400.09 622.78 655.01
ynao_sd_20060707_0700_ye 11 8 3 1 0 610.15 879.54 210.69 309.0 399.46 570.54
ynao_sd_20060710_0705_ye 11 11 0 0 0 95.24 192.23 95.24 192.23 0 0
ynao_sd_20060711_0105_ye 11 11 0 0 0 78.84 79.95 78.84 79.95 0 0
ynao_sd_20060712_0650_ye 1 1 0 0 0 6.21 9.55 6.21 9.55 0 0
ynao_sd_20060713_0135_ye 15 15 0 0 0 111.35 125.1 111.35 125.1 0 0
ynao_sd_20060717_0215_ye 16 16 0 0 0 106.57 110.89 106.57 110.89 0 0
ynao_sd_20060718_0430_ye 22 22 0 0 0 171.66 200.08 171.66 200.08 0 0
ynao_sd_20060719_0200_ye 16 16 0 0 0 118.64 138.58 118.64 138.58 0 0
ynao_sd_20060720_0205_ye 13 13 0 0 0 91.52 102.75 91.52 102.75 0 0
ynao_sd_20060721_0115_ye 8 8 0 0 0 58.5 85.29 58.5 85.29 0 0
ynao_sd_20060724_0455_ye 0 0 0 0 0 0 0 0 0 0 0
ynao_sd_20060726_0610_ye 1 1 0 0 0 25.93 38.37 25.93 38.37 0 0
ynao_sd_20060727_0045_ye 1 1 0 0 0 12.45 13.74 12.45 13.74 0 0
ynao_sd_20060731_0450_ye 13 13 0 0 0 117.53 166.72 117.53 166.72 0 0
ynao_sd_20060801_0320_ye 9 9 0 1 0 1881.69 2943.97 71.47 108.35 1810.22 2835.62
ynao_sd_20060802_0330_ye 2 2 0 0 0 21.86 47.55 21.86 47.55 0 0
ynao_sd_20060804_0045_ye 1 1 0 0 0 8.31 9.0 8.31 9.0 0 0
ynao_sd_20060809_0325_ye 6 6 0 0 0 55.78 93.34 55.78 93.34 0 0
ynao_sd_20060810_0055_ye 17 16 1 1 0 214.89 603.25 142.22 376.1 72.67 227.15
ynao_sd_20060811_0045_ye 17 8 9 3 0 565.27 1246.24 136.54 306.8 428.73 939.44
ynao_sd_20060813_0140_ye 27 18 9 2 0 1476.89 1903.76 394.94 502.66 1081.95 1401.1
ynao_sd_20060814_0055_ye 28 23 5 2 0 1454.89 1669.02 323.15 362.23 1131.74 1306.79
ynao_sd_20060815_0100_ye 24 17 7 2 0 1544.81 1675.07 425.93 468.52 1118.88 1206.55
ynao_sd_20060816_0100_ye 30 22 8 2 0 1474.41 1583.01 401.82 430.41 1072.59 1152.6
ynao_sd_20060817_0320_ye 26 21 5 3 0 1360.82 1554.91 357.41 405.68 1003.41 1149.23
ynao_sd_20060818_0055_ye 20 15 5 3 0 1092.09 1403.97 316.79 409.01 775.3 994.96
ynao_sd_20060821_0645_ye 2 1 1 2 0 222.28 878.84 53.69 196.79 168.59 682.05
ynao_sd_20060822_0610_ye 3 0 3 2 0 214.64 544.17 40.13 102.63 174.51 441.54
ynao_sd_20060824_0505_ye 11 7 4 2 0 577.86 785.79 139.87 202.66 437.99 583.13
ynao_sd_20060825_0110_ye 17 12 5 2 0 670.0 778.65 191.63 224.75 478.37 553.9
ynao_sd_20060828_0135_ye 22 18 4 4 0 460.27 488.21 229.68 242.31 230.59 245.9
ynao_sd_20060829_0035_ye 30 28 2 1 0 471.64 547.74 251.57 290.17 220.07 257.57
ynao_sd_20060830_0105_ye 14 12 2 1 0 263.2 362.45 139.61 193.76 123.59 168.69
ynao_sd_20060831_0045_ye 17 14 3 2 0 267.62 429.43 129.19 195.97 138.43 233.46
ynao_sd_20060901_0100_ye 22 21 1 1 0 189.03 362.45 157.94 309.0 31.09 53.45
ynao_sd_20060904_0045_ye 1 1 0 0 0 9.15 18.01 9.15 18.01 0 0
ynao_sd_20060905_0345_ye 5 5 0 0 0 120.4 383.93 120.4 383.93 0 0
ynao_sd_20060907_0215_ye 23 20 3 1 0 504.39 846.42 209.66 290.41 294.73 556.01
ynao_sd_20060912_0050_ye 27 25 2 1 0 716.59 818.68 307.7 379.82 408.89 438.86
ynao_sd_20060914_0035_ye 18 15 3 1 0 603.86 847.02 270.17 463.68 333.69 383.34
ynao_sd_20060918_0350_ye 3 3 0 0 0 50.89 90.69 50.89 90.69 0 0
ynao_sd_20060919_0230_ye 1 1 0 0 0 24.56 37.43 24.56 37.43 0 0
ynao_sd_20060920_0100_ye 3 3 0 0 0 67.7 113.46 67.7 113.46 0 0
ynao_sd_20060921_0130_ye 1 0 1 1 0 934.31 1040.43 30.72 34.22 903.59 1006.21
ynao_sd_20060922_0045_ye 6 6 0 0 0 49.74 52.36 49.74 52.36 0 0
ynao_sd_20060925_0055_ye 7 7 0 0 0 48.44 61.77 48.44 61.77 0 0
ynao_sd_20060928_0130_ye 2 2 0 0 0 45.69 198.0 45.69 198.0 0 0
ynao_sd_20060929_0315_ye 4 4 0 0 0 105.78 268.96 105.78 268.96 0 0
ynao_sd_20060930_0055_ye 12 10 2 1 0 197.87 343.44 113.95 189.68 83.92 153.76
ynao_sd_20061012_0215_ye 2 2 0 0 0 12.26 47.99 12.26 47.99 0 0
ynao_sd_20061013_0430_ye 1 1 0 0 0 3.87 13.51 3.87 13.51 0 0
ynao_sd_20061014_0205_ye 1 1 0 0 0 8.03 10.57 8.03 10.57 0 0
ynao_sd_20061015_0140_ye 1 1 0 0 0 6.57 7.76 6.57 7.76 0 0
ynao_sd_20061016_0110_ye 1 1 0 0 0 6.21 11.26 6.21 11.26 0 0
ynao_sd_20061017_0100_ye 0 0 0 0 0 0 0 0 0 0 0
ynao_sd_20061018_0210_ye 0 0 0 0 0 0 0 0 0 0 0
ynao_sd_20061019_0430_ye 0 0 0 0 0 0 0 0 0 0 0
ynao_sd_20061020_0700_ye 5 5 0 0 0 41.52 43.0 41.52 43.0 0 0
ynao_sd_20061023_0345_ye 26 23 3 2 0 316.15 494.11 203.79 313.65 112.36 180.46
ynao_sd_20061024_0450_ye 17 17 0 1 0 1106.52 3465.34 202.51 407.9 904.01 3057.44
ynao_sd_20061025_0140_ye 6 5 1 1 0 80.98 343.59 42.72 155.87 38.26 187.72
ynao_sd_20061026_0210_ye 1 1 0 0 0 6.85 8.23 6.85 8.23 0 0
ynao_sd_20061027_0330_ye 4 4 0 0 0 25.65 75.61 25.65 75.61 0 0
ynao_sd_20061029_0150_ye 0 0 0 0 0 0 0 0 0 0 0
ynao_sd_20061030_0105_ye 1 1 0 0 0 21.39 66.35 21.39 66.35 0 0
ynao_sd_20061031_0130_ye 17 16 1 1 0 166.92 351.59 135.54 290.68 31.38 60.91
ynao_sd_20061101_0340_ye 31 24 7 4 0 485.06 672.8 206.29 291.98 278.77 380.82
ynao_sd_20061102_0045_ye 54 44 10 4 0 835.87 1006.04 391.8 492.63 444.07 513.41
ynao_sd_20061103_0050_ye 73 70 3 2 0 821.15 910.84 546.15 624.06 275.0 286.78
ynao_sd_20061104_0230_ye 63 59 4 2 0 648.17 676.12 427.31 449.28 220.86 226.84
ynao_sd_20061105_0155_ye 46 43 3 2 0 564.96 593.4 331.66 345.69 233.3 247.71
ynao_sd_20061107_0105_ye 21 19 2 1 0 229.6 298.16 153.3 190.78 76.3 107.38
ynao_sd_20061108_0055_ye 20 18 2 2 0 271.15 921.38 137.0 285.7 134.15 635.68
ynao_sd_20061109_0055_ye 17 13 4 1 0 502.66 1352.87 110.07 272.62 392.59 1080.25
ynao_sd_20061110_0035_ye 10 9 1 1 0 973.67 1876.7 237.97 454.4 735.7 1422.3
ynao_sd_20061113_0100_ye 23 20 3 2 0 1595.25 1837.19 438.22 480.85 1157.03 1356.34
ynao_sd_20061114_0100_ye 12 11 1 1 0 1582.11 1623.15 482.37 512.08 1099.74 1111.07
ynao_sd_20061115_0100_ye 17 13 4 2 0 1731.19 1846.84 321.86 362.92 1409.33 1483.92
ynao_sd_20061116_0100_ye 29 25 4 2 0 1605.2 1764.41 487.49 540.57 1117.71 1223.84
ynao_sd_20061117_0100_ye 24 19 5 3 0 1379.61 1659.04 492.66 589.86 886.95 1069.18
ynao_sd_20061118_0030_ye 17 15 2 1 0 981.83 1390.51 293.81 392.74 688.02 997.77
ynao_sd_20061120_0050_ye 7 6 1 1 0 381.44 1295.69 112.82 311.51 268.62 984.18
ynao_sd_20061121_0107_ye 4 4 0 0 0 27.65 35.79 27.65 35.79 0 0
ynao_sd_20061122_0105_ye 0 0 0 0 0 0 0 0 0 0 0
ynao_sd_20061123_0100_ye 0 0 0 0 0 0 0 0 0 0 0
ynao_sd_20061124_0100_ye 0 0 0 0 0 0 0 0 0 0 0
ynao_sd_20061127_0107_ye 5 4 1 1 0 212.91 387.42 114.66 208.74 98.25 178.68
ynao_sd_20061128_0058_ye 13 9 4 2 0 372.31 522.53 120.32 173.07 251.99 349.46
ynao_sd_20061129_0107_ye 11 9 2 2 0 319.35 375.92 142.15 168.11 177.2 207.81
ynao_sd_20061130_0120_ye 14 8 6 1 0 553.57 593.15 136.42 149.87 417.15 443.28
ynao_sd_20061203_0310_ye 15 11 4 2 0 439.12 452.26 136.28 144.23 302.84 308.03
ynao_sd_20061204_0120_ye 18 15 3 3 0 262.66 319.29 139.45 166.95 123.21 152.34
ynao_sd_20061205_0100_ye 11 9 2 2 0 170.53 272.44 80.47 140.48 90.06 131.96
ynao_sd_20061206_0100_ye 15 12 3 1 0 610.88 1688.27 220.34 551.52 390.54 1136.75
ynao_sd_20061207_0330_ye 28 26 2 1 0 744.98 1356.33 332.24 614.32 412.74 742.01
ynao_sd_20061208_0108_ye 15 12 3 1 0 821.78 1160.88 240.04 334.7 581.74 826.18
ynao_sd_20061211_0120_ye 24 20 4 1 0 1121.65 1130.0 381.36 384.27 740.29 745.73
ynao_sd_20061212_0110_ye 17 12 5 1 0 1246.41 1259.14 373.05 377.64 873.36 881.5
ynao_sd_20061213_0050_ye 24 17 7 1 0 1345.44 1433.06 361.15 387.51 984.29 1045.55
ynao_sd_20061214_0300_ye 18 9 9 1 0 1492.82 1800.18 308.63 373.19 1184.19 1426.99
ynao_sd_20061215_0235_ye 16 7 9 2 0 904.03 1326.76 193.4 285.07 710.63 1041.69
ynao_sd_20061221_0155_ye 1 1 0 0 0 6.88 7.81 6.88 7.81 0 0
ynao_sd_20061222_0355_ye 0 0 0 0 0 0 0 0 0 0 0
ynao_sd_20061226_0140_ye 8 7 1 0 0 70.68 98.41 80.47 113.97 9.79 15.56
ynao_sd_20061227_0105_ye 13 13 0 0 0 91.95 103.53 91.95 103.53 0 0
ynao_sd_20061228_0130_ye 6 6 0 0 0 38.06 38.72 38.06 38.72 0 0
ynao_sd_20061230_0200_ye 1 1 0 0 0 7.47 8.0 7.47 8.0 0 0
