ynao_sd_20070101_0750_ye 5 1 4 2 0 372.17 709.82 104.46 195.18 267.71 514.64
ynao_sd_20070102_0110_ye 8 4 4 2 0 421.09 885.29 101.09 190.9 320.0 694.39
ynao_sd_20070103_0335_ye 6 2 4 2 0 1020.66 1265.8 202.22 255.37 818.44 1010.43
ynao_sd_20070108_0550_ye 9 7 2 2 0 1008.99 1089.33 237.83 261.85 771.16 827.48
ynao_sd_20070109_0325_ye 21 17 4 3 0 980.85 1169.87 385.57 455.96 595.28 713.91
ynao_sd_20070110_0100_ye 15 11 4 3 0 938.44 1266.35 259.73 343.97 678.71 922.38
ynao_sd_20070111_0230_ye 8 7 1 2 0 600.38 1062.67 146.09 347.07 454.29 715.6
ynao_sd_20070112_0150_ye 4 3 1 1 0 328.62 633.84 104.0 251.72 224.62 382.12
ynao_sd_20070115_0100_ye 3 3 0 0 0 29.61 97.03 29.61 97.03 0 0
ynao_sd_20070116_0105_ye 0 0 0 0 0 0 0 0 0 0 0
ynao_sd_20070117_0143_ye 4 4 0 0 0 26.82 29.28 26.82 29.28 0 0
ynao_sd_20070118_0130_ye 6 6 0 0 0 41.99 42.13 41.99 42.13 0 0
ynao_sd_20070119_0830_ye 6 6 0 0 0 45.12 46.6 45.12 46.6 0 0
ynao_sd_20070122_0320_ye 15 13 2 2 0 247.81 290.98 96.61 112.44 151.2 178.54
ynao_sd_20070123_0600_ye 14 11 3 2 0 221.99 347.03 92.02 158.72 129.97 188.31
ynao_sd_20070124_0140_ye 8 6 2 1 0 184.66 333.6 71.58 122.61 113.08 210.99
ynao_sd_20070125_0135_ye 4 4 0 0 0 36.24 97.81 36.24 97.81 0 0
ynao_sd_20070126_0145_ye 3 3 0 0 0 16.2 16.64 16.2 16.64 0 0
ynao_sd_20070129_0515_ye 9 7 2 1 0 355.69 677.23 163.19 402.98 192.5 274.25
ynao_sd_20070204_0435_ye 11 9 2 2 0 706.51 781.79 236.76 268.38 469.75 513.41
ynao_sd_20070205_0125_ye 11 10 1 2 0 728.44 879.5 148.72 176.68 579.72 702.82
ynao_sd_20070206_0435_ye 11 8 3 2 0 588.34 864.17 168.33 258.89 420.01 605.28
ynao_sd_20070207_0100_ye 5 3 2 2 0 1557.43 3807.71 137.73 236.6 1419.7 3571.11
ynao_sd_20070208_0050_ye 2 0 2 2 0 357.12 783.22 73.16 137.33 283.96 645.89
ynao_sd_20070209_0055_ye 1 0 1 1 0 173.8 351.8 44.01 89.8 129.79 262.0
ynao_sd_20070211_0530_ye 2 2 0 0 0 12.04 18.65 12.04 18.65 0 0
ynao_sd_20070212_0100_ye 1 1 0 0 0 10.96 14.59 10.96 14.59 0 0
ynao_sd_20070213_0130_ye 0 0 0 0 0 0 0 0 0 0 0
ynao_sd_20070214_0200_ye 2 2 0 0 0 10.64 23.37 10.64 23.37 0 0
ynao_sd_20070215_0720_ye 1 1 0 0 0 8.96 9.46 8.96 9.46 0 0
ynao_sd_20070216_0800_ye 0 0 0 0 0 0 0 0 0 0 0
ynao_sd_20070219_0030_ye 8 8 0 0 0 59.62 73.67 59.62 73.67 0 0
ynao_sd_20070220_0020_ye 10 10 0 0 0 59.69 62.78 59.69 62.78 0 0
ynao_sd_20070221_0130_ye 12 12 0 0 0 85.4 104.85 85.4 104.85 0 0
ynao_sd_20070222_0115_ye 19 19 0 0 0 118.91 127.63 118.91 127.63 0 0
ynao_sd_20070224_0145_ye 1 0 1 1 0 85.24 167.58 19.12 37.45 66.12 130.13
ynao_sd_20070226_0100_ye 7 5 2 1 0 258.51 356.27 88.39 148.48 170.12 207.79
ynao_sd_20070227_0100_ye 7 5 2 1 0 244.76 288.99 74.96 106.65 169.8 182.34
ynao_sd_20070228_0020_ye 10 8 2 1 0 302.48 315.29 88.81 98.94 213.67 216.35
ynao_sd_20070301_0100_ye 10 7 3 1 0 236.01 241.5 91.14 97.63 144.87 143.87
ynao_sd_20070302_0105_ye 11 8 3 2 0 1679.83 1836.15 122.51 137.01 1557.32 1699.14
ynao_sd_20070305_0053_ye 10 9 1 1 0 1639.95 1784.43 110.45 185.45 1529.5 1598.98
ynao_sd_20070306_0150_ye 8 8 0 0 0 77.2 145.09 77.2 145.09 0 0
ynao_sd_20070307_0045_ye 1 1 0 0 0 9.2 12.54 9.2 12.54 0 0
ynao_sd_20070308_0100_ye 1 1 0 0 0 9.78 18.02 9.78 18.02 0 0
ynao_sd_20070310_0150_ye 1 1 0 0 0 4.67 5.4 4.67 5.4 0 0
ynao_sd_20070312_0045_ye 1 1 0 0 0 26.55 61.35 26.55 61.35 0 0
ynao_sd_20070313_0035_ye 0 0 0 0 0 0 0 0 0 0 0
ynao_sd_20070314_0040_ye 1 1 0 0 0 5.98 6.63 5.98 6.63 0 0
ynao_sd_20070315_0100_ye 1 1 0 0 0 5.99 6.84 5.99 6.84 0 0
ynao_sd_20070316_0100_ye 1 1 0 0 0 21.95 49.91 21.95 49.91 0 0
ynao_sd_20070317_0200_ye 0 0 0 0 0 0 0 0 0 0 0
ynao_sd_20070318_0130_ye 2 2 0 0 0 15.34 36.26 15.34 36.26 0 0
ynao_sd_20070319_0050_ye 2 2 0 0 0 11.84 13.62 11.84 13.62 0 0
ynao_sd_20070320_0435_ye 1 1 0 0 0 8.78 8.79 8.78 8.79 0 0
ynao_sd_20070321_0050_ye 0 0 0 0 0 0 0 0 0 0 0
ynao_sd_20070322_0200_ye 1 1 0 0 0 6.72 36.96 6.72 36.96 0 0
ynao_sd_20070323_0100_ye 0 0 0 0 0 0 0 0 0 0 0
ynao_sd_20070326_0055_ye 9 9 0 0 0 54.39 62.44 54.39 62.44 0 0
ynao_sd_20070327_0050_ye 5 5 0 0 0 37.74 50.0 37.74 50.0 0 0
ynao_sd_20070328_0035_ye 3 3 0 0 0 25.84 40.35 25.84 40.35 0 0
ynao_sd_20070330_0050_ye 1 1 0 0 0 23.27 53.63 23.27 53.63 0 0
ynao_sd_20070402_0055_ye 1 1 0 0 0 5.54 6.19 5.54 6.19 0 0
ynao_sd_20070405_0050_ye 0 0 0 0 0 0 0 0 0 0 0
ynao_sd_20070406_0340_ye 1 1 0 0 0 16.64 19.19 16.64 19.19 0 0
ynao_sd_20070409_0030_ye 1 1 0 0 0 6.01 7.94 6.01 7.94 0 0
ynao_sd_20070410_0700_ye 0 0 0 0 0 0 0 0 0 0 0
ynao_sd_20070411_0240_ye 2 2 0 0 0 37.18 73.55 37.18 73.55 0 0
ynao_sd_20070412_0140_ye 0 0 0 0 0 0 0 0 0 0 0
ynao_sd_20070416_0040_ye 0 0 0 0 0 0 0 0 0 0 0
ynao_sd_20070417_0015_ye 3 3 0 0 0 22.63 36.13 22.63 36.13 0 0
ynao_sd_20070418_0345_ye 2 2 0 0 0 28.78 51.93 28.78 51.93 0 0
ynao_sd_20070423_0050_ye 1 1 0 0 0 5.77 24.2 5.77 24.2 0 0
ynao_sd_20070424_0050_ye 0 0 0 0 0 0 0 0 0 0 0
ynao_sd_20070425_0015_ye 0 0 0 0 0 0 0 0 0 0 0
ynao_sd_20070427_0055_ye 11 7 4 1 0 552.95 1146.13 119.2 254.58 433.75 891.55
ynao_sd_20070428_0230_ye 26 21 5 1 0 716.33 1035.89 238.88 342.78 477.45 693.11
ynao_sd_20070429_0100_ye 32 30 2 1 0 749.24 922.0 327.23 406.89 422.01 515.11
ynao_sd_20070430_0045_ye 20 16 4 1 0 816.74 888.47 232.42 261.17 584.32 627.3
ynao_sd_20070501_0140_ye 34 30 4 1 0 1056.31 1080.47 376.9 390.68 679.41 689.79
ynao_sd_20070502_0135_ye 35 30 5 1 0 990.21 1001.23 376.49 381.52 613.72 619.71
ynao_sd_20070503_0030_ye 20 13 7 1 0 911.9 960.57 213.94 224.5 697.96 736.07
ynao_sd_20070505_0035_ye 13 8 5 1 0 472.97 639.68 136.32 182.85 336.65 456.83
ynao_sd_20070508_0025_ye 4 3 1 1 0 70.2 260.12 29.92 77.74 40.28 182.38
ynao_sd_20070509_0318_ye 9 9 0 0 0 65.84 77.13 65.84 77.13 0 0
ynao_sd_20070511_0508_ye 10 10 0 0 0 113.87 114.86 113.87 114.86 0 0
ynao_sd_20070513_0130_ye 10 10 0 0 0 80.32 91.29 80.32 91.29 0 0
ynao_sd_20070514_0655_ye 11 11 0 0 0 82.93 104.05 82.93 104.05 0 0
ynao_sd_20070515_0255_ye 7 7 0 0 0 56.28 80.68 56.28 80.68 0 0
ynao_sd_20070520_0110_ye 5 5 0 0 0 49.51 93.32 49.51 93.32 0 0
ynao_sd_20070521_0810_ye 5 5 0 0 0 29.36 31.37 29.36 31.37 0 0
ynao_sd_20070523_0115_ye 3 3 0 0 0 19.66 65.58 19.66 65.58 0 0
ynao_sd_20070524_0030_ye 3 3 0 0 0 20.19 43.28 20.19 43.28 0 0
ynao_sd_20070528_0300_ye 1 1 0 0 0 8.82 8.89 8.82 8.89 0 0
ynao_sd_20070529_0145_ye 1 1 0 0 0 21.21 65.67 21.21 65.67 0 0
ynao_sd_20070530_0120_ye 3 3 0 0 0 27.32 54.53 27.32 54.53 0 0
ynao_sd_20070531_0150_ye 7 7 0 0 0 43.37 65.09 43.37 65.09 0 0
ynao_sd_20070601_0100_ye 5 5 0 0 0 86.61 359.96 86.61 359.96 0 0
ynao_sd_20070604_0310_ye 52 44 8 4 0 761.13 1127.0 342.02 522.76 419.11 604.24
ynao_sd_20070605_0020_ye 61 55 6 4 0 784.16 960.37 423.29 518.9 360.87 441.47
ynao_sd_20070606_0310_ye 44 42 2 2 0 573.24 621.58 380.53 417.3 192.71 204.28
ynao_sd_20070607_0040_ye 55 52 3 2 0 662.76 686.84 414.41 435.62 248.35 251.22
ynao_sd_20070608_0050_ye 32 29 3 2 0 429.42 447.02 244.79 260.62 184.63 186.4
ynao_sd_20070611_0250_ye 7 6 1 1 0 142.24 194.34 92.32 126.47 49.92 67.87
ynao_sd_20070613_0145_ye 3 3 0 0 0 50.48 99.33 50.48 99.33 0 0
ynao_sd_20070616_0210_ye 0 0 0 0 0 0 0 0 0 0 0
ynao_sd_20070617_0250_ye 2 2 0 0 0 35.59 71.29 35.59 71.29 0 0
ynao_sd_20070618_0100_ye 0 0 0 0 0 0 0 0 0 0 0
ynao_sd_20070619_0755_ye 1 1 0 0 0 15.89 23.84 15.89 23.84 0 0
ynao_sd_20070621_0440_ye 1 1 0 0 0 8.37 21.66 8.37 21.66 0 0
ynao_sd_20070622_0130_ye 0 0 0 0 0 0 0 0 0 0 0
ynao_sd_20070624_0150_ye 0 0 0 0 0 0 0 0 0 0 0
ynao_sd_20070625_0120_ye 3 3 0 0 0 17.22 46.11 17.22 46.11 0 0
ynao_sd_20070626_0625_ye 4 3 1 1 0 136.01 340.94 35.91 70.14 100.1 270.8
ynao_sd_20070627_0016_ye 3 1 2 1 0 1422.6 2870.0 43.51 83.19 1379.09 2786.81
ynao_sd_20070628_0055_ye 4 2 2 1 0 302.93 451.15 62.86 94.96 240.07 356.19
ynao_sd_20070629_0040_ye 11 8 3 1 0 380.05 489.34 138.88 193.19 241.17 296.15
ynao_sd_20070702_0510_ye 15 12 3 1 0 251.61 261.15 128.83 134.79 122.78 126.36
ynao_sd_20070703_0350_ye 4 1 3 1 0 225.65 243.73 45.09 48.78 180.56 194.95
ynao_sd_20070704_0145_ye 5 3 2 1 0 226.78 271.25 73.17 86.79 153.61 184.46
ynao_sd_20070705_0040_ye 1 1 0 0 0 8.68 23.31 8.68 23.31 0 0
ynao_sd_20070706_0205_ye 3 2 1 1 0 94.23 179.04 24.05 51.7 70.18 127.34
ynao_sd_20070710_0605_ye 17 12 5 3 0 703.52 1037.12 266.21 400.11 437.31 637.01
ynao_sd_20070711_0658_ye 13 9 4 2 0 685.47 829.54 198.77 246.37 486.7 583.17
ynao_sd_20070716_0048_ye 9 7 2 1 0 289.16 334.87 117.4 134.2 171.76 200.67
ynao_sd_20070717_0333_ye 5 4 1 1 0 189.61 267.61 59.53 81.47 130.08 186.14
ynao_sd_20070726_0100_ye 1 1 0 0 0 7.43 12.77 7.43 12.77 0 0
ynao_sd_20070727_0405_ye 1 1 0 0 0 6.7 9.51 6.7 9.51 0 0
ynao_sd_20070730_0730_ye 6 6 0 0 0 72.51 81.32 72.51 81.32 0 0
ynao_sd_20070731_0130_ye 1 1 0 0 0 7.43 33.89 7.43 33.89 0 0
ynao_sd_20070806_0030_ye 3 3 0 0 0 55.56 85.65 55.56 85.65 0 0
ynao_sd_20070807_0100_cun 3 3 0 0 0 50.08 76.05 50.08 76.05 0 0
ynao_sd_20070808_0100_cun 5 5 0 0 0 63.08 68.13 63.08 68.13 0 0
ynao_sd_20070809_0100_cun 4 4 0 0 0 87.47 89.59 87.47 89.59 0 0
ynao_sd_20070810_0137_cun 3 3 0 0 0 59.84 61.46 59.84 61.46 0 0
ynao_sd_20070813_0710_ye 0 0 0 0 0 0 0 0 0 0 0
ynao_sd_20070814_0250_ye 4 4 0 0 0 25.66 26.82 25.66 26.82 0 0
ynao_sd_20070815_0040_ye 1 1 0 0 0 6.35 17.33 6.35 17.33 0 0
ynao_sd_20070816_0800_ye 0 0 0 0 0 0 0 0 0 0 0
ynao_sd_20070817_0240_ye 0 0 0 0 0 0 0 0 0 0 0
ynao_sd_20070819_0240_ye 0 0 0 0 0 0 0 0 0 0 0
ynao_sd_20070820_0115_cun 2 2 0 0 0 12.17 15.97 12.17 15.97 0 0
ynao_sd_20070821_0100_cun 2 2 0 0 0 10.66 14.45 10.66 14.45 0 0
ynao_sd_20070822_0105_cun 1 1 0 0 0 128.75 405.63 128.75 405.63 0 0
ynao_sd_20070823_0145_cun 3 1 2 1 0 200.69 395.05 39.21 83.01 161.48 312.04
ynao_sd_20070825_0455_cun 2 0 2 1 0 252.84 297.8 52.93 62.29 199.91 235.51
ynao_sd_20070827_0340_ye 3 1 2 1 0 185.72 190.34 45.53 46.7 140.19 143.64
ynao_sd_20070828_0800_ye 4 2 2 1 0 222.58 250.69 66.4 88.78 156.18 161.91
ynao_sd_20070829_0105_ye 9 7 2 1 0 231.92 282.2 83.41 123.21 148.51 158.99
ynao_sd_20070830_0057_ye 6 4 2 1 0 193.81 230.03 63.68 75.25 130.13 154.78
ynao_sd_20070831_0640_ye 8 8 0 0 0 107.08 154.82 107.08 154.82 0 0
ynao_sd_20070907_0145_cun 0 0 0 0 0 0 0 0 0 0 0
ynao_sd_20070908_0530_cun 1 1 0 0 0 7.09 8.83 7.09 8.83 0 0
ynao_sd_20070912_0640_ye 2 2 0 0 0 51.45 81.4 51.45 81.4 0 0
ynao_sd_20070913_0650_ye 2 2 0 0 0 10.73 38.25 10.73 38.25 0 0
ynao_sd_20070915_0620_ye 1 1 0 0 0 14.09 15.6 14.09 15.6 0 0
ynao_sd_20070916_0340_ye 1 1 0 0 0 5.24 6.96 5.24 6.96 0 0
ynao_sd_20070918_0200_cun 1 1 0 0 0 29.82 65.35 29.82 65.35 0 0
ynao_sd_20070919_0230_cun 1 1 0 0 0 5.76 12.41 5.76 12.41 0 0
ynao_sd_20070920_0100_cun 2 2 0 0 0 9.93 26.99 9.93 26.99 0 0
ynao_sd_20070921_0130_cun 3 3 0 0 0 34.41 60.88 34.41 60.88 0 0
ynao_sd_20070922_0330_cun 1 1 0 0 0 5.47 10.34 5.47 10.34 0 0
ynao_sd_20070923_0330_cun 0 0 0 0 0 0 0 0 0 0 0
ynao_sd_20070924_0052_ye 2 2 0 0 0 13.28 29.17 13.28 29.17 0 0
ynao_sd_20070927_0730_cun 2 2 0 0 0 9.94 11.4 9.94 11.4 0 0
ynao_sd_20070928_0337_ye 3 3 0 0 0 23.62 86.27 23.62 86.27 0 0
ynao_sd_20070929_0745_cun 0 0 0 0 0 0 0 0 0 0 0
ynao_sd_20070930_0150_cun 1 1 0 0 0 4.81 16.5 4.81 16.5 0 0
ynao_sd_20071001_0125_ye 0 0 0 0 0 0 0 0 0 0 0
ynao_sd_20071002_0600_ye 1 1 0 0 0 8.99 11.74 8.99 11.74 0 0
ynao_sd_20071003_0240_ye 3 3 0 0 0 20.47 93.44 20.47 93.44 0 0
ynao_sd_20071004_0040_ye 2 2 0 0 0 13.92 25.7 13.92 25.7 0 0
ynao_sd_20071005_0630_cun 2 2 0 0 0 19.75 26.03 19.75 26.03 0 0
ynao_sd_20071006_0640_cun 5 5 0 0 0 72.24 76.3 72.24 76.3 0 0
ynao_sd_20071007_0615_cun 5 5 0 0 0 78.7 82.55 78.7 82.55 0 0
ynao_sd_20071008_0133_ye 8 8 0 0 0 50.33 71.59 50.33 71.59 0 0
ynao_sd_20071011_0250_cun 0 0 0 0 0 0 0 0 0 0 0
ynao_sd_20071022_0405_ye 2 2 0 0 0 76.67 216.79 76.67 216.79 0 0
ynao_sd_20071023_0108_ye 0 0 0 0 0 0 0 0 0 0 0
ynao_sd_20071024_0130_ye 1 1 0 0 0 7.51 11.28 7.51 11.28 0 0
ynao_sd_20071025_0400_ye 1 1 0 0 0 13.14 32.44 13.14 32.44 0 0
ynao_sd_20071026_0115_ye 1 1 0 0 0 8.45 10.47 8.45 10.47 0 0
ynao_sd_20071027_0410_ye 1 1 0 0 0 6.86 24.67 6.86 24.67 0 0
ynao_sd_20071029_0130_ye 0 0 0 0 0 0 0 0 0 0 0
ynao_sd_20071030_0200_cun 5 5 0 0 0 34.96 79.23 34.96 79.23 0 0
ynao_sd_20071031_0430_cun 3 3 0 0 0 25.52 90.9 25.52 90.9 0 0
ynao_sd_20071102_0140_ye 0 0 0 0 0 0 0 0 0 0 0
ynao_sd_20071105_0150_ye 1 1 0 0 0 6.12 8.87 6.12 8.87 0 0
ynao_sd_20071106_0110_ye 3 3 0 0 0 40.95 91.92 40.95 91.92 0 0
ynao_sd_20071107_0105_ye 2 2 0 0 0 15.82 28.59 15.82 28.59 0 0
ynao_sd_20071109_0205_ye 3 3 0 0 0 46.42 85.83 46.42 85.83 0 0
ynao_sd_20071110_0410_ye 0 0 0 0 0 0 0 0 0 0 0
ynao_sd_20071111_0140_ye 0 0 0 0 0 0 0 0 0 0 0
ynao_sd_20071112_0115_ye 1 1 0 0 0 16.05 22.32 16.05 22.32 0 0
ynao_sd_20071113_0220_cun 1 1 0 0 0 7.22 9.05 7.22 9.05 0 0
ynao_sd_20071115_0330_cun 2 2 0 0 0 18.39 26.63 18.39 26.63 0 0
ynao_sd_20071116_0100_cun 0 0 0 0 0 0 0 0 0 0 0
ynao_sd_20071117_0330_cun 1 1 0 0 0 4.81 16.81 4.81 16.81 0 0
ynao_sd_20071119_0230_ye 2 2 0 0 0 8.1 29.37 8.1 29.37 0 0
ynao_sd_20071121_0110_ye 0 0 0 0 0 0 0 0 0 0 0
ynao_sd_20071122_0250_ye 0 0 0 0 0 0 0 0 0 0 0
ynao_sd_20071125_0150_ye 0 0 0 0 0 0 0 0 0 0 0
ynao_sd_20071126_0715_ye 3 3 0 0 0 44.27 80.74 44.27 80.74 0 0
ynao_sd_20071128_0200_ye 0 0 0 0 0 0 0 0 0 0 0
ynao_sd_20071129_0205_ye 1 1 0 0 0 5.84 19.53 5.84 19.53 0 0
ynao_sd_20071130_0230_ye 0 0 0 0 0 0 0 0 0 0 0
ynao_sd_20071203_0350_ye 2 2 0 0 0 32.86 75.92 32.86 75.92 0 0
ynao_sd_20071205_0115_ye 5 5 0 0 0 35.68 39.58 35.68 39.58 0 0
ynao_sd_20071206_0200_ye 10 10 0 0 0 92.87 283.79 92.87 283.79 0 0
ynao_sd_20071207_0125_ye 19 17 2 2 0 247.29 543.46 131.99 252.23 115.3 291.23
ynao_sd_20071208_0155_ye 23 19 4 2 0 320.47 513.88 177.33 274.31 143.14 239.57
ynao_sd_20071209_0125_ye 31 26 5 3 0 397.32 514.52 204.51 266.85 192.81 247.67
ynao_sd_20071210_0100_ye 39 33 6 3 0 496.69 557.96 273.67 308.07 223.02 249.89
ynao_sd_20071211_0120_ye 55 53 2 1 0 595.87 623.31 414.8 437.39 181.07 185.92
ynao_sd_20071212_0105_ye 51 49 2 1 0 559.29 565.91 419.46 423.48 139.83 142.43
ynao_sd_20071213_0110_ye 51 47 4 4 0 713.31 764.75 441.89 481.65 271.42 283.1
ynao_sd_20071214_0110_ye 56 47 9 4 0 639.45 714.37 391.31 437.25 248.14 277.12
ynao_sd_20071215_0140_ye 30 25 5 4 0 389.27 508.12 216.26 282.65 173.01 225.47
ynao_sd_20071216_0300_ye 27 27 0 0 0 201.05 334.61 201.05 334.61 0 0
ynao_sd_20071217_0425_ye 9 9 0 0 0 69.84 166.55 69.84 166.55 0 0
ynao_sd_20071219_0130_ye 0 0 0 0 0 0 0 0 0 0 0
ynao_sd_20071220_0100_ye 2 2 0 0 0 33.68 67.54 33.68 67.54 0 0
ynao_sd_20071221_0110_ye 0 0 0 0 0 0 0 0 0 0 0
ynao_sd_20071222_0100_ye 0 0 0 0 0 0 0 0 0 0 0
ynao_sd_20071223_0350_ye 0 0 0 0 0 0 0 0 0 0 0
ynao_sd_20071224_0105_ye 0 0 0 0 0 0 0 0 0 0 0
ynao_sd_20071225_0315_ye 5 5 0 0 0 32.23 32.86 32.23 32.86 0 0
ynao_sd_20071226_0350_ye 0 0 0 0 0 0 0 0 0 0 0
ynao_sd_20071227_0100_ye 1 1 0 0 0 10.43 10.45 10.43 10.45 0 0
ynao_sd_20071228_0430_ye 0 0 0 0 0 0 0 0 0 0 0
ynao_sd_20071230_0410_ye 0 0 0 0 0 0 0 0 0 0 0
