ynao_sd_20080102_0410_ye 8 8 0 0 0 78.83 187.84 78.83 187.84 0 0
ynao_sd_20080103_0210_ye 5 5 0 0 0 43.55 74.87 43.55 74.87 0 0
ynao_sd_20080104_0105_ye 3 3 0 0 0 18.99 24.89 18.99 24.89 0 0
ynao_sd_20080105_0100_ye 4 4 0 0 0 24.42 29.33 24.42 29.33 0 0
ynao_sd_20080107_0120_ye 23 23 0 0 0 138.54 148.55 138.54 148.55 0 0
ynao_sd_20080108_0110_ye 32 32 0 0 0 198.05 205.11 198.05 205.11 0 0
ynao_sd_20080109_0110_ye 23 23 0 0 0 150.84 159.21 150.84 159.21 0 0
ynao_sd_20080111_0110_ye 13 13 0 0 0 88.88 112.25 88.88 112.25 0 0
ynao_sd_20080112_0130_ye 10 10 0 0 0 59.19 59.41 59.19 59.41 0 0
ynao_sd_20080113_0350_ye 0 0 0 0 0 0 0 0 0 0 0
ynao_sd_20080114_0100_ye 1 1 0 0 0 38.02 41.71 38.02 41.71 0 0
ynao_sd_20080117_0100_ye 1 1 0 0 0 24.48 31.62 24.48 31.62 0 0
ynao_sd_20080118_0100_ye 2 2 0 0 0 40.4 41.36 40.4 41.36 0 0
ynao_sd_20080119_0110_ye 1 1 0 0 0 5.68 9.28 5.68 9.28 0 0
ynao_sd_20080121_0110_ye 0 0 0 0 0 0 0 0 0 0 0
ynao_sd_20080122_0110_ye 1 1 0 0 0 6.04 7.15 6.04 7.15 0 0
ynao_sd_20080123_0110_ye 1 1 0 0 0 4.38 4.81 4.38 4.81 0 0
ynao_sd_20080124_0105_ye 1 1 0 0 0 32.19 74.38 32.19 74.38 0 0
ynao_sd_20080125_0220_ye 0 0 0 0 0 0 0 0 0 0 0
ynao_sd_20080126_0230_ye 1 1 0 0 0 5.89 11.89 5.89 11.89 0 0
ynao_sd_20080130_0100_ye 5 5 0 0 0 36.45 58.76 36.45 58.76 0 0
ynao_sd_20080131_0100_ye 5 5 0 1 0 107.69 135.23 86.56 109.16 21.13 26.07
ynao_sd_20080202_0055_ye 22 22 0 0 0 152.96 167.98 152.96 167.98 0 0
ynao_sd_20080203_0115_ye 9 9 0 0 0 56.23 57.8 56.23 57.8 0 0
ynao_sd_20080205_0040_ye 8 8 0 0 0 80.05 99.02 80.05 99.02 0 0
ynao_sd_20080206_0220_ye 0 0 0 0 0 0 0 0 0 0 0
ynao_sd_20080207_0300_ye 1 1 0 0 0 5.1 12.47 5.1 12.47 0 0
ynao_sd_20080210_0150_ye 0 0 0 0 0 0 0 0 0 0 0
ynao_sd_20080211_0140_ye 2 2 0 0 0 20.99 38.64 20.99 38.64 0 0
ynao_sd_20080212_0430_ye 0 0 0 0 0 0 0 0 0 0 0
ynao_sd_20080213_0620_ye 0 0 0 0 0 0 0 0 0 0 0
ynao_sd_20080216_0230_ye 0 0 0 0 0 0 0 0 0 0 0
ynao_sd_20080217_0050_ye 0 0 0 0 0 0 0 0 0 0 0
ynao_sd_20080218_0200_ye 1 1 0 0 0 9.19 15.52 9.19 15.52 0 0
ynao_sd_20080220_0620_ye 2 2 0 0 0 15.81 19.92 15.81 19.92 0 0
ynao_sd_20080223_0250_ye 1 1 0 0 0 5.39 28.11 5.39 28.11 0 0
ynao_sd_20080224_0400_ye 1 1 0 0 0 6.99 12.77 6.99 12.77 0 0
ynao_sd_20080225_0100_ye 0 0 0 0 0 0 0 0 0 0 0
ynao_sd_20080226_0120_ye 5 5 0 0 0 45.5 58.89 45.5 58.89 0 0
ynao_sd_20080228_0130_ye 6 6 0 0 0 41.17 69.22 41.17 69.22 0 0
ynao_sd_20080229_0110_ye 4 4 0 0 0 24.42 87.36 24.42 87.36 0 0
ynao_sd_20080302_0520_ye 2 2 0 0 0 29.07 33.69 29.07 33.69 0 0
ynao_sd_20080304_0530_ye 3 3 0 0 0 52.56 68.49 52.56 68.49 0 0
ynao_sd_20080307_0150_ye 0 0 0 0 0 0 0 0 0 0 0
ynao_sd_20080311_0120_ye 0 0 0 0 0 0 0 0 0 0 0
ynao_sd_20080312_0110_ye 3 3 0 0 0 37.25 55.44 37.25 55.44 0 0
ynao_sd_20080313_0240_ye 1 1 0 0 0 6.49 6.86 6.49 6.86 0 0
ynao_sd_20080314_0100_ye 0 0 0 0 0 0 0 0 0 0 0
ynao_sd_20080317_0105_ye 3 3 0 0 0 20.66 35.93 20.66 35.93 0 0
ynao_sd_20080318_0120_ye 3 3 0 0 0 44.61 69.06 44.61 69.06 0 0
ynao_sd_20080319_0120_ye 0 0 0 0 0 0 0 0 0 0 0
ynao_sd_20080320_0300_ye 1 1 0 0 0 16.24 16.34 16.24 16.34 0 0
ynao_sd_20080321_0130_ye 0 0 0 0 0 0 0 0 0 0 0
ynao_sd_20080324_0115_ye 16 16 0 0 0 131.17 222.6 131.17 222.6 0 0
ynao_sd_20080325_0105_ye 35 29 6 2 0 510.64 768.09 300.54 439.32 210.1 328.77
ynao_sd_20080326_0520_ye 33 19 14 5 0 1088.14 1408.92 361.02 545.81 727.12 863.11
ynao_sd_20080327_0050_ye 47 34 13 6 0 1100.31 1258.04 363.01 420.98 737.3 837.06
ynao_sd_20080328_0055_ye 33 22 11 5 0 1065.11 1137.26 380.62 404.15 684.49 733.11
ynao_sd_20080330_0140_ye 27 25 2 2 0 635.73 668.58 289.16 302.98 346.57 365.6
ynao_sd_20080331_0050_ye 27 23 4 2 0 576.83 663.48 219.0 258.14 357.83 405.34
ynao_sd_20080401_0100_ye 17 13 4 1 0 406.54 531.27 162.21 224.38 244.33 306.89
ynao_sd_20080404_0050_ye 7 7 0 0 0 64.98 210.0 64.98 210.0 0 0
ynao_sd_20080405_0050_ye 1 1 0 0 0 32.28 37.78 32.28 37.78 0 0
ynao_sd_20080406_0100_ye 1 1 0 0 0 6.86 7.37 6.86 7.37 0 0
ynao_sd_20080407_0050_ye 4 4 0 0 0 26.15 35.47 26.15 35.47 0 0
ynao_sd_20080408_0110_ye 5 5 0 0 0 35.63 51.69 35.63 51.69 0 0
ynao_sd_20080409_0100_ye 0 0 0 0 0 0 0 0 0 0 0
ynao_sd_20080410_0100_ye 0 0 0 0 0 0 0 0 0 0 0
ynao_sd_20080411_0100_ye 0 0 0 0 0 0 0 0 0 0 0
ynao_sd_20080412_0050_ye 0 0 0 0 0 0 0 0 0 0 0
ynao_sd_20080414_0110_ye 1 1 0 0 0 5.97 6.15 5.97 6.15 0 0
ynao_sd_20080415_0100_ye 0 0 0 0 0 0 0 0 0 0 0
ynao_sd_20080416_0040_ye 1 1 0 0 0 5.33 9.81 5.33 9.81 0 0
ynao_sd_20080417_0200_ye 2 2 0 0 0 17.19 34.98 17.19 34.98 0 0
ynao_sd_20080418_0100_ye 0 0 0 0 0 0 0 0 0 0 0
ynao_sd_20080421_0040_ye 2 2 0 0 0 21.36 32.06 21.36 32.06 0 0
ynao_sd_20080422_0030_ye 1 1 0 0 0 6.14 10.12 6.14 10.12 0 0
ynao_sd_20080423_0135_ye 0 0 0 0 0 0 0 0 0 0 0
ynao_sd_20080425_0110_ye 1 1 0 0 0 6.49 7.3 6.49 7.3 0 0
ynao_sd_20080428_0030_ye 1 1 0 0 0 8.39 13.7 8.39 13.7 0 0
ynao_sd_20080429_0155_ye 0 0 0 0 0 0 0 0 0 0 0
ynao_sd_20080501_0200_ye 1 1 0 0 0 6.2 6.59 6.2 6.59 0 0
ynao_sd_20080502_0140_ye 0 0 0 0 0 0 0 0 0 0 0
ynao_sd_20080503_0100_ye 0 0 0 0 0 0 0 0 0 0 0
ynao_sd_20080506_0305_ye 0 0 0 0 0 0 0 0 0 0 0
ynao_sd_20080507_0040_ye 1 1 0 0 0 5.4 18.73 5.4 18.73 0 0
ynao_sd_20080508_0110_ye 2 2 0 0 0 12.11 34.04 12.11 34.04 0 0
ynao_sd_20080509_0040_ye 0 0 0 0 0 0 0 0 0 0 0
ynao_sd_20080511_0340_ye 0 0 0 0 0 0 0 0 0 0 0
ynao_sd_20080512_0320_ye 0 0 0 0 0 0 0 0 0 0 0
ynao_sd_20080513_0350_ye 4 4 0 0 0 34.02 35.41 34.02 35.41 0 0
ynao_sd_20080516_0430_ye 3 3 0 0 0 23.69 31.17 23.69 31.17 0 0
ynao_sd_20080521_0230_ye 1 1 0 0 0 4.68 5.97 4.68 5.97 0 0
ynao_sd_20080522_0110_ye 2 2 0 0 0 11.69 50.97 11.69 50.97 0 0
ynao_sd_20080523_0045_ye 1 1 0 0 0 12.62 16.92 12.62 16.92 0 0
ynao_sd_20080524_0030_ye 0 0 0 0 0 0 0 0 0 0 0
ynao_sd_20080525_0110_ye 1 1 0 0 0 6.19 7.21 6.19 7.21 0 0
ynao_sd_20080526_0040_ye 0 0 0 0 0 0 0 0 0 0 0
ynao_sd_20080527_0040_ye 0 0 0 0 0 0 0 0 0 0 0
ynao_sd_20080529_0050_ye 2 2 0 0 0 13.48 20.79 13.48 20.79 0 0
ynao_sd_20080601_0510_ye 1 1 0 0 0 4.46 5.29 4.46 5.29 0 0
ynao_sd_20080602_0415_ye 3 3 0 0 0 25.85 35.35 25.85 35.35 0 0
ynao_sd_20080603_0050_ye 0 0 0 0 0 0 0 0 0 0 0
ynao_sd_20080604_0305_ye 0 0 0 0 0 0 0 0 0 0 0
ynao_sd_20080606_0055_ye 0 0 0 0 0 0 0 0 0 0 0
ynao_sd_20080607_0340_ye 1 1 0 0 0 28.14 38.78 28.14 38.78 0 0
ynao_sd_20080610_0140_ye 4 4 0 0 0 55.09 173.9 55.09 173.9 0 0
ynao_sd_20080611_0220_ye 2 2 0 0 0 53.08 71.84 53.08 71.84 0 0
ynao_sd_20080612_0015_ye 2 2 0 0 0 19.64 46.22 19.64 46.22 0 0
ynao_sd_20080613_0030_ye 2 2 0 0 0 26.46 29.33 26.46 29.33 0 0
ynao_sd_20080618_0415_ye 3 3 0 0 0 48.33 67.04 48.33 67.04 0 0
ynao_sd_20080619_0325_ye 2 2 0 0 0 48.96 55.15 48.96 55.15 0 0
ynao_sd_20080620_0130_ye 3 3 0 0 0 42.62 44.58 42.62 44.58 0 0
ynao_sd_20080624_0130_ye 0 0 0 0 0 0 0 0 0 0 0
ynao_sd_20080628_0050_ye 1 1 0 0 0 7.28 14.22 7.28 14.22 0 0
ynao_sd_20080630_0145_ye 1 1 0 0 0 5.83 7.27 5.83 7.27 0 0
ynao_sd_20080707_0100_ye 0 0 0 0 0 0 0 0 0 0 0
ynao_sd_20080710_0130_ye 1 1 0 0 0 5.26 7.28 5.26 7.28 0 0
ynao_sd_20080714_0200_ye 0 0 0 0 0 0 0 0 0 0 0
ynao_sd_20080715_0110_ye 0 0 0 0 0 0 0 0 0 0 0
ynao_sd_20080718_0100_ye 4 4 0 0 0 23.23 29.75 23.23 29.75 0 0
ynao_sd_20080721_0350_ye 0 0 0 0 0 0 0 0 0 0 0
ynao_sd_20080723_0040_ye 1 1 0 0 0 4.95 5.55 4.95 5.55 0 0
ynao_sd_20080728_0340_ye 0 0 0 0 0 0 0 0 0 0 0
ynao_sd_20080730_0040_ye 0 0 0 0 0 0 0 0 0 0 0
ynao_sd_20080731_0100_ye 1 1 0 0 0 5.62 6.86 5.62 6.86 0 0
ynao_sd_20080801_0050_ye 1 1 0 0 0 10.43 13.98 10.43 13.98 0 0
ynao_sd_20080804_0640_ye 0 0 0 0 0 0 0 0 0 0 0
ynao_sd_20080805_0400_ye 0 0 0 0 0 0 0 0 0 0 0
ynao_sd_20080806_0240_ye 0 0 0 0 0 0 0 0 0 0 0
ynao_sd_20080810_0650_ye 1 1 0 0 0 10.14 22.04 10.14 22.04 0 0
ynao_sd_20080811_0135_ye 2 2 0 0 0 23.24 40.88 23.24 40.88 0 0
ynao_sd_20080812_0400_ye 1 1 0 0 0 6.07 6.19 6.07 6.19 0 0
ynao_sd_20080814_0130_ye 0 0 0 0 0 0 0 0 0 0 0
ynao_sd_20080815_0330_ye 0 0 0 0 0 0 0 0 0 0 0
ynao_sd_20080818_0130_ye 0 0 0 0 0 0 0 0 0 0 0
ynao_sd_20080820_0030_ye 0 0 0 0 0 0 0 0 0 0 0
ynao_sd_20080822_0400_ye 0 0 0 0 0 0 0 0 0 0 0
ynao_sd_20080823_0220_ye 0 0 0 0 0 0 0 0 0 0 0
ynao_sd_20080825_0500_ye 0 0 0 0 0 0 0 0 0 0 0
ynao_sd_20080826_0230_ye 2 2 0 0 0 13.12 19.74 13.12 19.74 0 0
ynao_sd_20080828_0405_ye 1 1 0 0 0 7.51 10.36 7.51 10.36 0 0
ynao_sd_20080829_0455_ye 0 0 0 0 0 0 0 0 0 0 0
ynao_sd_20080902_0810_ye 0 0 0 0 0 0 0 0 0 0 0
ynao_sd_20080904_0530_ye 0 0 0 0 0 0 0 0 0 0 0
ynao_sd_20080905_0230_ye 3 3 0 0 0 28.05 80.74 28.05 80.74 0 0
ynao_sd_20080908_0240_ye 0 0 0 0 0 0 0 0 0 0 0
ynao_sd_20080910_0230_ye 0 0 0 0 0 0 0 0 0 0 0
ynao_sd_20080912_0040_ye 0 0 0 0 0 0 0 0 0 0 0
ynao_sd_20080914_0210_ye 1 1 0 0 0 9.4 11.43 9.4 11.43 0 0
ynao_sd_20080916_0100_ye 2 2 0 0 0 21.05 46.21 21.05 46.21 0 0
ynao_sd_20080917_0230_ye 0 0 0 0 0 0 0 0 0 0 0
ynao_sd_20080918_0230_ye 0 0 0 0 0 0 0 0 0 0 0
ynao_sd_20080919_0300_ye 1 1 0 0 0 5.68 7.82 5.68 7.82 0 0
ynao_sd_20080921_0330_ye 0 0 0 0 0 0 0 0 0 0 0
ynao_sd_20080922_0100_ye 1 1 0 0 0 12.32 13.98 12.32 13.98 0 0
ynao_sd_20080923_0038_ye 1 1 0 0 0 6.2 6.36 6.2 6.36 0 0
ynao_sd_20080924_0120_ye 1 1 0 0 0 6.49 7.71 6.49 7.71 0 0
ynao_sd_20080930_0650_ye 0 0 0 0 0 0 0 0 0 0 0
ynao_sd_20081001_0220_ye 2 2 0 0 0 14.59 19.97 14.59 19.97 0 0
ynao_sd_20081002_0200_ye 1 1 0 0 0 8.03 11.55 8.03 11.55 0 0
ynao_sd_20081003_0210_ye 1 1 0 0 0 4.96 5.09 4.96 5.09 0 0
ynao_sd_20081006_0050_ye 2 2 0 0 0 15.99 17.39 15.99 17.39 0 0
ynao_sd_20081009_0045_ye 1 1 0 0 0 4.52 4.84 4.52 4.84 0 0
ynao_sd_20081010_0208_ye 5 5 0 0 0 32.02 48.4 32.02 48.4 0 0
ynao_sd_20081014_0058_ye 1 1 0 0 0 26.08 36.62 26.08 36.62 0 0
ynao_sd_20081015_0200_ye 2 2 0 0 0 14.09 31.02 14.09 31.02 0 0
ynao_sd_20081016_0240_ye 1 1 0 0 0 11.04 20.96 11.04 20.96 0 0
ynao_sd_20081017_0120_ye 7 7 0 0 0 51.47 89.2 51.47 89.2 0 0
ynao_sd_20081020_0310_ye 0 0 0 0 0 0 0 0 0 0 0
ynao_sd_20081021_0405_ye 0 0 0 0 0 0 0 0 0 0 0
ynao_sd_20081022_0150_ye 0 0 0 0 0 0 0 0 0 0 0
ynao_sd_20081027_0530_ye 4 4 0 0 0 86.21 109.17 86.21 109.17 0 0
ynao_sd_20081029_0105_ye 2 2 0 0 0 16.02 41.81 16.02 41.81 0 0
ynao_sd_20081103_0050_ye 0 0 0 0 0 0 0 0 0 0 0
ynao_sd_20081106_0155_ye 1 1 0 0 0 8.17 23.78 8.17 23.78 0 0
ynao_sd_20081108_0400_ye 2 2 0 0 0 17.99 19.48 17.99 19.48 0 0
ynao_sd_20081110_0105_ye 1 1 0 0 0 4.45 15.22 4.45 15.22 0 0
ynao_sd_20081111_0145_ye 1 1 0 0 0 14.43 15.41 14.43 15.41 0 0
ynao_sd_20081112_0200_ye 0 0 0 0 0 0 0 0 0 0 0
ynao_sd_20081113_0050_ye 2 2 0 0 0 13.85 17.4 13.85 17.4 0 0
ynao_sd_20081114_0050_ye 0 0 0 0 0 0 0 0 0 0 0
ynao_sd_20081116_0115_ye 0 0 0 0 0 0 0 0 0 0 0
ynao_sd_20081117_0050_ye 0 0 0 0 0 0 0 0 0 0 0
ynao_sd_20081118_0330_ye 2 2 0 0 0 13.19 16.1 13.19 16.1 0 0
ynao_sd_20081121_0110_ye 0 0 0 0 0 0 0 0 0 0 0
ynao_sd_20081123_0100_ye 0 0 0 0 0 0 0 0 0 0 0
ynao_sd_20081124_0410_ye 3 3 0 0 0 34.66 50.03 34.66 50.03 0 0
ynao_sd_20081125_0120_ye 2 2 0 0 0 19.32 22.73 19.32 22.73 0 0
ynao_sd_20081126_0045_ye 0 0 0 0 0 0 0 0 0 0 0
ynao_sd_20081128_0110_ye 1 1 0 0 0 7.36 12.64 7.36 12.64 0 0
ynao_sd_20081201_0700_ye 0 0 0 0 0 0 0 0 0 0 0
ynao_sd_20081202_0120_ye 0 0 0 0 0 0 0 0 0 0 0
ynao_sd_20081203_0105_ye 0 0 0 0 0 0 0 0 0 0 0
ynao_sd_20081208_0110_ye 1 1 0 0 0 5.47 6.72 5.47 6.72 0 0
ynao_sd_20081209_0210_ye 0 0 0 0 0 0 0 0 0 0 0
ynao_sd_20081210_0310_ye 4 4 0 0 0 36.75 58.86 36.75 58.86 0 0
ynao_sd_20081215_0340_ye 0 0 0 0 0 0 0 0 0 0 0
ynao_sd_20081216_0310_ye 0 0 0 0 0 0 0 0 0 0 0
ynao_sd_20081218_0710_ye 0 0 0 0 0 0 0 0 0 0 0
ynao_sd_20081219_0230_ye 0 0 0 0 0 0 0 0 0 0 0
ynao_sd_20081223_0300_ye 1 1 0 0 0 6.2 17.45 6.2 17.45 0 0
ynao_sd_20081224_0140_ye 0 0 0 0 0 0 0 0 0 0 0
ynao_sd_20081229_0430_ye 0 0 0 0 0 0 0 0 0 0 0
ynao_sd_20081230_0110_ye 0 0 0 0 0 0 0 0 0 0 0
