ynao_sd_20090107_0130_ye 4 4 0 0 0 30.07 51.63 30.07 51.63 0 0
ynao_sd_20090108_0115_ye 1 1 0 0 0 8.74 26.06 8.74 26.06 0 0
ynao_sd_20090129_0150_ye 2 2 0 0 0 17.19 22.06 17.19 22.06 0 0
ynao_sd_20090130_0100_ye 2 2 0 0 0 33.21 43.26 33.21 43.26 0 0
ynao_sd_20090131_0350_ye 0 0 0 0 0 0 0 0 0 0 0
ynao_sd_20090201_0110_ye 1 1 0 0 0 6.71 7.3 6.71 7.3 0 0
ynao_sd_20090209_0120_ye 2 2 0 0 0 13.54 25.37 13.54 25.37 0 0
ynao_sd_20090210_0200_ye 0 0 0 0 0 0 0 0 0 0 0
ynao_sd_20090217_0100_ye 2 2 0 0 0 42.7 56.92 42.7 56.92 0 0
ynao_sd_20090225_0128_ye 0 0 0 0 0 0 0 0 0 0 0
ynao_sd_20090226_0130_ye 1 1 0 0 0 8.82 12.16 8.82 12.16 0 0
ynao_sd_20090302_0120_ye 1 1 0 0 0 11.95 18.27 11.95 18.27 0 0
ynao_sd_20090306_0200_ye 2 2 0 0 0 14.95 21.97 14.95 21.97 0 0
ynao_sd_20090311_0130_ye 0 0 0 0 0 0 0 0 0 0 0
ynao_sd_20090313_0100_ye 2 2 0 0 0 12.45 25.23 12.45 25.23 0 0
ynao_sd_20090319_0100_ye 0 0 0 0 0 0 0 0 0 0 0
ynao_sd_20090324_0100_ye 0 0 0 0 0 0 0 0 0 0 0
ynao_sd_20090330_0140_ye 0 0 0 0 0 0 0 0 0 0 0
ynao_sd_20090331_0100_ye 0 0 0 0 0 0 0 0 0 0 0
ynao_sd_20090403_0130_ye 1 1 0 0 0 4.88 6.89 4.88 6.89 0 0
ynao_sd_20090408_0210_ye 2 2 0 0 0 17.84 42.88 17.84 42.88 0 0
ynao_sd_20090409_0130_ye 0 0 0 0 0 0 0 0 0 0 0
ynao_sd_20090410_0130_ye 0 0 0 0 0 0 0 0 0 0 0
ynao_sd_20090414_0110_ye 2 2 0 0 0 20.69 32.47 20.69 32.47 0 0
ynao_sd_20090417_0040_ye 1 1 0 0 0 5.69 6.05 5.69 6.05 0 0
ynao_sd_20090419_0150_ye 1 1 0 0 0 9.79 15.09 9.79 15.09 0 0
ynao_sd_20090422_0120_ye 1 1 0 1 0 250.68 821.86 28.06 47.37 222.62 774.49
ynao_sd_20090427_0120_ye 2 2 0 0 0 8.45 9.9 8.45 9.9 0 0
ynao_sd_20090430_0050_ye 4 4 0 0 0 39.84 85.09 39.84 85.09 0 0
ynao_sd_20090504_0420_ye 0 0 0 0 0 0 0 0 0 0 0
ynao_sd_20090507_0110_ye 1 1 0 0 0 21.1 26.44 21.1 26.44 0 0
ynao_sd_20090511_0110_ye 1 1 0 0 0 7.07 12.43 7.07 12.43 0 0
ynao_sd_20090513_0050_ye 3 3 0 0 0 25.16 70.82 25.16 70.82 0 0
ynao_sd_20090518_0425_ye 1 1 0 0 0 5.61 7.18 5.61 7.18 0 0
ynao_sd_20090520_0050_ye 0 0 0 0 0 0 0 0 0 0 0
ynao_sd_20090925_0133_ye 3 3 0 0 0 41.95 65.37 41.95 65.37 0 0
ynao_sd_20090928_0037_ye 0 0 0 0 0 0 0 0 0 0 0
ynao_sd_20090929_0057_ye 0 0 0 0 0 0 0 0 0 0 0
ynao_sd_20090930_0055_ye 2 2 0 0 0 16.83 25.3 16.83 25.3 0 0
ynao_sd_20091002_0050_ye 0 0 0 0 0 0 0 0 0 0 0
ynao_sd_20091003_0320_ye 1 1 0 0 0 17.12 33.17 17.12 33.17 0 0
ynao_sd_20091007_0210_ye 1 1 0 0 0 8.8 13.19 8.8 13.19 0 0
ynao_sd_20091012_0158_ye 0 0 0 0 0 0 0 0 0 0 0
ynao_sd_20091013_0200_ye 1 1 0 0 0 5.17 7.99 5.17 7.99 0 0
ynao_sd_20091019_0240_ye 0 0 0 0 0 0 0 0 0 0 0
ynao_sd_20091021_0120_ye 0 0 0 0 0 0 0 0 0 0 0
ynao_sd_20091023_0210_ye 0 0 0 0 0 0 0 0 0 0 0
ynao_sd_20091026_0030_ye 2 2 0 0 0 9.69 37.69 9.69 37.69 0 0
ynao_sd_20091027_0140_ye 3 3 0 0 0 15.21 40.11 15.21 40.11 0 0
ynao_sd_20091028_0045_ye 1 1 0 0 0 5.75 6.37 5.75 6.37 0 0
ynao_sd_20091029_0100_ye 2 2 0 0 0 9.76 11.53 9.76 11.53 0 0
ynao_sd_20091030_0100_ye 1 1 0 0 0 5.24 10.86 5.24 10.86 0 0
ynao_sd_20091102_0300_ye 0 0 0 0 0 0 0 0 0 0 0
ynao_sd_20091103_0100_ye 0 0 0 0 0 0 0 0 0 0 0
ynao_sd_20091104_0100_ye 0 0 0 0 0 0 0 0 0 0 0
ynao_sd_20091109_0100_ye 1 1 0 0 0 5.91 5.95 5.91 5.95 0 0
ynao_sd_20091110_0100_ye 0 0 0 0 0 0 0 0 0 0 0
ynao_sd_20091111_0100_ye 0 0 0 0 0 0 0 0 0 0 0
ynao_sd_20091112_0100_ye 4 4 0 0 0 51.97 72.46 51.97 72.46 0 0
ynao_sd_20091116_0440_ye 1 1 0 0 0 15.82 20.52 15.82 20.52 0 0
ynao_sd_20091130_0110_ye 0 0 0 0 0 0 0 0 0 0 0
ynao_sd_20091201_0110_ye 0 0 0 0 0 0 0 0 0 0 0
ynao_sd_20091203_0720_ye 2 2 0 0 0 22.44 28.63 22.44 28.63 0 0
ynao_sd_20091204_0230_ye 0 0 0 0 0 0 0 0 0 0 0
ynao_sd_20091206_0200_ye 0 0 0 0 0 0 0 0 0 0 0
ynao_sd_20091207_0350_ye 0 0 0 0 0 0 0 0 0 0 0
ynao_sd_20091210_0110_ye 0 0 0 0 0 0 0 0 0 0 0
ynao_sd_20091211_0100_ye 0 0 0 0 0 0 0 0 0 0 0
ynao_sd_20091213_0140_ye 2 2 0 0 0 45.45 59.21 45.45 59.21 0 0
ynao_sd_20091214_0130_ye 1 1 0 0 0 6.26 23.92 6.26 23.92 0 0
ynao_sd_20091215_0110_ye 0 0 0 0 0 0 0 0 0 0 0
ynao_sd_20091216_0110_ye 2 2 0 0 0 12.23 19.29 12.23 19.29 0 0
ynao_sd_20091217_0345_ye 1 1 0 0 0 7.29 11.19 7.29 11.19 0 0
ynao_sd_20091218_0130_ye 0 0 0 0 0 0 0 0 0 0 0
ynao_sd_20091221_0135_ye 7 6 1 1 0 108.51 143.18 74.18 97.46 34.33 45.72
ynao_sd_20091222_0120_ye 5 4 1 1 0 92.78 141.93 47.99 75.07 44.79 66.86
ynao_sd_20091223_0140_ye 7 7 0 0 0 79.24 150.72 79.24 150.72 0 0
ynao_sd_20091225_0120_ye 7 7 0 0 0 51.14 109.87 51.14 109.87 0 0
ynao_sd_20091229_0300_ye 6 4 2 1 0 128.92 146.57 82.37 94.48 46.55 52.09
ynao_sd_20091230_0130_ye 5 4 1 2 0 157.03 172.79 51.13 56.52 105.9 116.27
ynao_sd_20091231_0112_ye 10 6 4 1 0 270.06 305.87 125.64 145.22 144.42 160.65
