ynao_sd_20100101_0335_ye 12 10 2 2 0 343.73 415.42 151.5 181.63 192.23 233.79
ynao_sd_20100102_0315_ye 14 10 4 2 0 355.69 491.32 120.25 163.26 235.44 328.06
ynao_sd_20100103_0150_ye 11 8 3 2 0 189.85 320.48 87.92 145.89 101.93 174.59
ynao_sd_20100104_0115_ye 4 3 1 1 0 106.09 235.78 58.5 123.88 47.59 111.9
ynao_sd_20100105_0110_ye 4 4 0 1 0 87.53 334.09 35.45 110.66 52.08 223.43
ynao_sd_20100106_0110_ye 0 0 0 0 0 0 0 0 0 0 0
ynao_sd_20100107_0140_ye 1 1 0 0 0 7.22 9.02 7.22 9.02 0 0
ynao_sd_20100108_0115_ye 0 0 0 0 0 0 0 0 0 0 0
ynao_sd_20100111_0120_ye 1 1 0 0 0 11.11 11.61 11.11 11.61 0 0
ynao_sd_20100114_0345_ye 2 2 0 0 0 15.09 18.98 15.09 18.98 0 0
ynao_sd_20100115_0115_ye 1 1 0 0 0 7.22 7.35 7.22 7.35 0 0
ynao_sd_20100116_0358_ye 1 1 0 0 0 8.45 8.47 8.45 8.47 0 0
ynao_sd_20100118_0152_ye 1 1 0 0 0 13.88 23.55 13.88 23.55 0 0
ynao_sd_20100119_0130_ye 1 1 0 0 0 10.13 51.08 10.13 51.08 0 0
ynao_sd_20100120_0418_ye 5 5 0 0 0 88.37 181.61 88.37 181.61 0 0
ynao_sd_20100121_0120_ye 14 14 0 0 0 156.46 450.32 156.46 450.32 0 0
ynao_sd_20100122_0125_ye 16 14 2 1 0 284.37 549.5 146.03 302.21 138.34 247.29
ynao_sd_20100123_0140_ye 20 17 3 1 0 322.82 471.83 154.63 234.06 168.19 237.77
ynao_sd_20100125_0123_ye 17 15 2 1 0 206.3 240.88 133.57 160.53 72.73 80.35
ynao_sd_20100127_0103_ye 13 11 2 1 0 141.18 151.11 86.89 93.38 54.29 57.73
ynao_sd_20100128_0108_ye 11 10 1 1 0 125.87 137.95 84.94 92.33 40.93 45.62
ynao_sd_20100201_0110_ye 0 0 0 0 0 0 0 0 0 0 0
ynao_sd_20100202_0105_ye 0 0 0 0 0 0 0 0 0 0 0
ynao_sd_20100204_0125_ye 0 0 0 0 0 0 0 0 0 0 0
ynao_sd_20100205_0105_ye 1 1 0 0 0 7.37 9.7 7.37 9.7 0 0
ynao_sd_20100208_0115_ye 0 0 0 0 0 0 0 0 0 0 0
ynao_sd_20100209_0110_ye 1 1 0 0 0 7.07 11.96 7.07 11.96 0 0
ynao_sd_20100210_0110_ye 3 3 0 0 0 28.67 51.44 28.67 51.44 0 0
ynao_sd_20100211_0105_ye 0 0 0 0 0 0 0 0 0 0 0
ynao_sd_20100220_0125_ye 10 10 0 0 0 82.45 93.38 82.45 93.38 0 0
ynao_sd_20100222_0108_ye 14 14 0 0 0 138.31 200.42 138.31 200.42 0 0
ynao_sd_20100223_0100_ye 7 7 0 0 0 80.11 183.87 80.11 183.87 0 0
ynao_sd_20100224_0100_ye 11 11 0 0 0 136.64 282.68 136.64 282.68 0 0
ynao_sd_20100226_0115_ye 16 16 0 0 0 187.61 276.45 187.61 276.45 0 0
ynao_sd_20100302_0105_ye 10 10 0 0 0 79.28 96.05 79.28 96.05 0 0
ynao_sd_20100303_0100_ye 7 7 0 0 0 62.59 93.77 62.59 93.77 0 0
ynao_sd_20100304_0215_ye 15 15 0 0 0 93.55 177.91 93.55 177.91 0 0
ynao_sd_20100305_0110_ye 9 9 0 0 0 64.48 171.93 64.48 171.93 0 0
ynao_sd_20100308_0107_ye 0 0 0 0 0 0 0 0 0 0 0
ynao_sd_20100311_0220_ye 6 6 0 0 0 75.72 82.05 75.72 82.05 0 0
ynao_sd_20100312_0105_ye 3 3 0 0 0 25.9 27.87 25.9 27.87 0 0
ynao_sd_20100315_0150_ye 0 0 0 0 0 0 0 0 0 0 0
ynao_sd_20100316_0220_ye 1 1 0 0 0 6.05 6.99 6.05 6.99 0 0
ynao_sd_20100318_0140_ye 1 1 0 0 0 9.84 60.82 9.84 60.82 0 0
ynao_sd_20100319_0105_ye 1 1 0 0 0 4.52 7.43 4.52 7.43 0 0
ynao_sd_20100322_0110_ye 3 3 0 0 0 13.84 25.97 13.84 25.97 0 0
ynao_sd_20100323_0200_ye 4 4 0 0 0 30.06 59.4 30.06 59.4 0 0
ynao_sd_20100324_0125_ye 1 1 0 0 0 9.99 16.42 9.99 16.42 0 0
ynao_sd_20100325_0755_ye 1 1 0 0 0 8.53 8.74 8.53 8.74 0 0
ynao_sd_20100326_0125_ye 1 1 0 0 0 6.42 7.37 6.42 7.37 0 0
ynao_sd_20100329_0120_ye 2 1 1 1 0 108.2 194.0 33.66 55.06 74.54 138.94
ynao_sd_20100330_0050_ye 7 5 2 1 0 323.17 462.02 99.38 136.35 223.79 325.67
ynao_sd_20100331_0045_ye 5 3 2 1 0 239.09 295.51 58.87 72.61 180.22 222.9
ynao_sd_20100401_0130_ye 6 4 2 1 0 146.39 161.35 48.11 53.3 98.28 108.05
ynao_sd_20100405_0110_ye 6 6 0 0 0 57.89 67.84 57.89 67.84 0 0
ynao_sd_20100406_0135_ye 6 6 0 0 0 42.97 57.27 42.97 57.27 0 0
ynao_sd_20100407_0115_ye 5 5 0 0 0 44.67 63.32 44.67 63.32 0 0
ynao_sd_20100408_0050_ye 2 2 0 0 0 16.48 49.58 16.48 49.58 0 0
ynao_sd_20100412_0100_ye 6 6 0 0 0 56.33 57.89 56.33 57.89 0 0
ynao_sd_20100413_0120_ye 7 7 0 0 0 49.55 51.0 49.55 51.0 0 0
ynao_sd_20100414_0210_ye 5 5 0 0 0 37.75 41.23 37.75 41.23 0 0
ynao_sd_20100416_0100_ye 1 1 0 0 0 8.3 14.48 8.3 14.48 0 0
ynao_sd_20100419_0100_ye 0 0 0 0 0 0 0 0 0 0 0
ynao_sd_20100420_0200_ye 0 0 0 0 0 0 0 0 0 0 0
ynao_sd_20100421_0130_ye 0 0 0 0 0 0 0 0 0 0 0
ynao_sd_20100422_0100_ye 1 1 0 0 0 6.35 9.91 6.35 9.91 0 0
ynao_sd_20100426_0345_ye 1 1 0 0 0 9.54 21.91 9.54 21.91 0 0
ynao_sd_20100427_0200_ye 1 1 0 0 0 5.54 12.33 5.54 12.33 0 0
ynao_sd_20100428_0115_ye 0 0 0 0 0 0 0 0 0 0 0
ynao_sd_20100429_0110_ye 2 2 0 0 0 14.64 21.98 14.64 21.98 0 0
ynao_sd_20100430_0100_ye 0 0 0 0 0 0 0 0 0 0 0
ynao_sd_20100504_0120_ye 9 9 0 0 0 64.72 105.89 64.72 105.89 0 0
ynao_sd_20100505_0050_ye 6 6 0 0 0 38.62 50.09 38.62 50.09 0 0
ynao_sd_20100506_0105_ye 4 4 0 0 0 50.14 66.27 50.14 66.27 0 0
ynao_sd_20100507_0050_ye 5 5 0 0 0 34.97 44.06 34.97 44.06 0 0
ynao_sd_20100510_0200_ye 0 0 0 0 0 0 0 0 0 0 0
ynao_sd_20100511_0500_ye 1 1 0 0 0 6.7 6.98 6.7 6.98 0 0
ynao_sd_20100512_0100_ye 0 0 0 0 0 0 0 0 0 0 0
ynao_sd_20100513_0200_ye 0 0 0 0 0 0 0 0 0 0 0
ynao_sd_20100514_0130_ye 1 1 0 0 0 5.18 7.28 5.18 7.28 0 0
ynao_sd_20100515_0050_ye 0 0 0 0 0 0 0 0 0 0 0
ynao_sd_20100517_0130_ye 0 0 0 0 0 0 0 0 0 0 0
ynao_sd_20100518_0100_ye 0 0 0 0 0 0 0 0 0 0 0
ynao_sd_20100519_0100_ye 0 0 0 0 0 0 0 0 0 0 0
ynao_sd_20100520_0330_ye 0 0 0 0 0 0 0 0 0 0 0
ynao_sd_20100521_0050_ye 6 6 0 0 0 43.8 51.75 43.8 51.75 0 0
ynao_sd_20100526_0730_ye 7 6 1 1 0 173.51 238.73 49.13 67.22 124.38 171.51
ynao_sd_20100527_0120_ye 5 4 1 1 0 124.4 199.65 51.96 80.85 72.44 118.8
ynao_sd_20100528_0410_ye 5 5 0 0 0 58.94 132.99 58.94 132.99 0 0
ynao_sd_20100531_0115_ye 7 7 0 0 0 60.41 64.49 60.41 64.49 0 0
ynao_sd_20100601_0230_ye 5 5 0 0 0 44.16 46.53 44.16 46.53 0 0
ynao_sd_20100607_0020_ye 2 2 0 0 0 26.04 75.53 26.04 75.53 0 0
ynao_sd_20100608_0050_ye 4 4 0 0 0 31.63 45.56 31.63 45.56 0 0
ynao_sd_20100609_0100_ye 15 15 0 0 0 166.16 240.85 166.16 240.85 0 0
ynao_sd_20100611_0225_ye 16 15 1 1 0 186.73 404.87 150.26 353.84 36.47 51.03
ynao_sd_20100612_0110_ye 8 8 0 0 0 87.71 156.7 87.71 156.7 0 0
ynao_sd_20100613_0015_ye 10 10 0 0 0 86.43 231.83 86.43 231.83 0 0
ynao_sd_20100617_0340_ye 1 1 0 0 0 5.32 14.99 5.32 14.99 0 0
ynao_sd_20100618_0230_ye 0 0 0 0 0 0 0 0 0 0 0
ynao_sd_20100623_0710_ye 4 4 0 0 0 37.16 58.36 37.16 58.36 0 0
ynao_sd_20100625_0135_ye 2 2 0 0 0 19.24 42.4 19.24 42.4 0 0
ynao_sd_20100702_0045_ye 5 4 1 1 0 310.13 335.87 88.84 97.52 221.29 238.35
ynao_sd_20100705_0150_ye 2 0 2 1 0 218.57 279.64 44.03 56.45 174.54 223.19
ynao_sd_20100706_0700_ye 2 1 1 1 0 142.9 227.75 45.9 71.86 97.0 155.89
ynao_sd_20100709_0240_ye 0 0 0 0 0 0 0 0 0 0 0
ynao_sd_20100712_0130_ye 1 1 0 0 0 16.77 23.08 16.77 23.08 0 0
ynao_sd_20100713_0220_ye 1 1 0 0 0 8.1 9.63 8.1 9.63 0 0
ynao_sd_20100714_0230_ye 0 0 0 0 0 0 0 0 0 0 0
ynao_sd_20100715_0100_ye 0 0 0 0 0 0 0 0 0 0 0
ynao_sd_20100716_0310_ye 3 3 0 0 0 24.34 40.69 24.34 40.69 0 0
ynao_sd_20100721_0605_ye 16 14 2 3 0 254.0 515.66 126.42 248.2 127.58 267.46
ynao_sd_20100722_0505_ye 23 21 2 2 0 390.62 599.9 243.49 365.04 147.13 234.86
ynao_sd_20100723_0040_ye 35 31 4 2 0 481.25 645.1 267.6 359.2 213.65 285.9
ynao_sd_20100727_0110_ye 8 7 1 1 0 161.55 197.09 75.82 92.04 85.73 105.05
ynao_sd_20100730_0505_ye 6 6 0 0 0 82.44 193.76 82.44 193.76 0 0
ynao_sd_20100802_0225_ye 2 2 0 0 0 11.87 27.45 11.87 27.45 0 0
ynao_sd_20100803_0225_ye 2 2 0 0 0 23.57 31.36 23.57 31.36 0 0
ynao_sd_20100804_0215_ye 2 2 0 0 0 12.47 14.56 12.47 14.56 0 0
ynao_sd_20100805_0100_ye 1 1 0 0 0 10.11 20.88 10.11 20.88 0 0
ynao_sd_20100806_0030_ye 2 2 0 0 0 15.29 23.97 15.29 23.97 0 0
ynao_sd_20100809_0150_ye 3 3 0 0 0 28.37 33.54 28.37 33.54 0 0
ynao_sd_20100810_0045_ye 1 1 0 0 0 31.64 34.49 31.64 34.49 0 0
ynao_sd_20100811_0045_ye 0 0 0 0 0 0 0 0 0 0 0
ynao_sd_20100812_0120_ye 5 5 0 0 0 41.82 55.06 41.82 55.06 0 0
ynao_sd_20100817_0450_ye 2 2 0 0 0 21.81 40.05 21.81 40.05 0 0
ynao_sd_20100818_0640_ye 1 1 0 0 0 9.77 15.95 9.77 15.95 0 0
ynao_sd_20100822_0250_ye 0 0 0 0 0 0 0 0 0 0 0
ynao_sd_20100823_0140_ye 0 0 0 0 0 0 0 0 0 0 0
ynao_sd_20100824_0220_ye 0 0 0 0 0 0 0 0 0 0 0
ynao_sd_20100825_0025_ye 1 1 0 0 0 5.32 9.43 5.32 9.43 0 0
ynao_sd_20100830_0055_ye 2 2 0 0 0 30.58 57.85 30.58 57.85 0 0
ynao_sd_20100831_0230_ye 2 2 0 0 0 12.27 26.56 12.27 26.56 0 0
ynao_sd_20100901_0120_ye 0 0 0 0 0 0 0 0 0 0 0
ynao_sd_20100906_0120_ye 4 4 0 0 0 35.07 81.24 35.07 81.24 0 0
ynao_sd_20100907_0135_ye 3 3 0 0 0 51.33 79.77 51.33 79.77 0 0
ynao_sd_20100908_0330_ye 0 0 0 0 0 0 0 0 0 0 0
ynao_sd_20100909_0510_ye 1 1 0 0 0 14.4 16.65 14.4 16.65 0 0
ynao_sd_20100910_0515_ye 0 0 0 0 0 0 0 0 0 0 0
ynao_sd_20100913_0230_ye 10 9 1 1 0 148.14 275.46 81.36 161.84 66.78 113.62
ynao_sd_20100914_0115_ye 12 10 2 1 0 153.99 230.13 93.48 145.84 60.51 84.29
ynao_sd_20100916_0130_ye 0 0 0 0 0 0 0 0 0 0 0
ynao_sd_20100917_0050_ye 33 32 1 1 0 259.46 297.11 218.41 251.24 41.05 45.87
ynao_sd_20100919_0130_ye 11 9 2 1 0 103.52 141.65 77.02 110.61 26.5 31.04
ynao_sd_20100920_0045_ye 15 10 5 2 0 634.71 897.42 183.77 261.45 450.94 635.97
ynao_sd_20100925_0355_ye 4 2 2 1 0 466.46 715.14 123.99 196.89 342.47 518.25
ynao_sd_20100926_0445_ye 3 1 2 1 0 256.56 470.71 53.0 94.89 203.56 375.82
ynao_sd_20100930_0620_ye 1 1 0 0 0 6.05 6.42 6.05 6.42 0 0
ynao_sd_20101011_0438_ye 2 1 1 1 0 60.24 100.84 14.5 21.63 45.74 79.21
ynao_sd_20101012_0140_ye 3 3 0 0 0 46.72 96.99 46.72 96.99 0 0
ynao_sd_20101013_0050_ye 4 4 0 0 0 25.38 66.88 25.38 66.88 0 0
ynao_sd_20101014_0712_ye 3 3 0 0 0 46.9 68.12 46.9 68.12 0 0
ynao_sd_20101020_0045_ye 7 5 2 1 0 433.21 626.57 157.84 287.25 275.37 339.32
ynao_sd_20101021_0045_ye 1 0 1 1 0 374.02 449.26 81.29 97.82 292.73 351.44
ynao_sd_20101022_0045_ye 2 0 2 1 0 364.68 453.83 50.4 62.58 314.28 391.25
ynao_sd_20101101_0100_ye 1 1 0 0 0 3.5 13.07 3.5 13.07 0 0
ynao_sd_20101104_0113_ye 1 1 0 0 0 7.79 9.01 7.79 9.01 0 0
ynao_sd_20101108_0320_ye 13 13 0 0 0 141.14 206.25 141.14 206.25 0 0
ynao_sd_20101109_0335_ye 8 8 0 0 0 78.37 92.77 78.37 92.77 0 0
ynao_sd_20101110_0140_ye 16 16 0 0 0 121.76 161.98 121.76 161.98 0 0
ynao_sd_20101112_0150_ye 16 16 0 0 0 145.96 162.52 145.96 162.52 0 0
ynao_sd_20101115_0515_ye 13 13 0 0 0 108.0 193.65 108.0 193.65 0 0
ynao_sd_20101117_0140_ye 7 7 0 0 0 98.8 125.67 98.8 125.67 0 0
ynao_sd_20101118_0045_ye 9 8 1 1 0 143.34 177.4 95.75 120.48 47.59 56.92
ynao_sd_20101122_0310_ye 4 4 0 0 0 36.6 59.45 36.6 59.45 0 0
ynao_sd_20101123_0100_ye 5 5 0 0 0 35.32 82.16 35.32 82.16 0 0
ynao_sd_20101129_0312_ye 1 1 0 0 0 11.38 52.95 11.38 52.95 0 0
ynao_sd_20101201_0100_ye 1 1 0 0 0 13.09 16.26 13.09 16.26 0 0
ynao_sd_20101203_0422_ye 0 0 0 0 0 0 0 0 0 0 0
ynao_sd_20101206_0450_ye 1 1 0 0 0 5.17 6.47 5.17 6.47 0 0
ynao_sd_20101210_0135_ye 0 0 0 0 0 0 0 0 0 0 0
ynao_sd_20101213_0050_ye 1 1 0 0 0 11.25 30.43 11.25 30.43 0 0
ynao_sd_20101214_0140_ye 2 2 0 0 0 12.61 24.53 12.61 24.53 0 0
ynao_sd_20101217_0450_ye 0 0 0 0 0 0 0 0 0 0 0
ynao_sd_20101220_0130_ye 1 1 0 0 0 4.96 6.5 4.96 6.5 0 0
ynao_sd_20101221_0150_ye 0 0 0 0 0 0 0 0 0 0 0
ynao_sd_20101222_0130_ye 2 2 0 0 0 13.2 24.17 13.2 24.17 0 0
ynao_sd_20101223_0150_ye 1 1 0 0 0 4.67 4.75 4.67 4.75 0 0
ynao_sd_20101224_0130_ye 6 6 0 0 0 47.88 76.89 47.88 76.89 0 0
ynao_sd_20101227_0225_ye 1 1 0 0 0 8.62 9.98 8.62 9.98 0 0
ynao_sd_20101228_0200_ye 1 1 0 0 0 6.18 6.37 6.18 6.37 0 0
ynao_sd_20101229_0130_ye 0 0 0 0 0 0 0 0 0 0 0
ynao_sd_20101231_0140_ye 2 2 0 0 0 20.2 24.94 20.2 24.94 0 0
