ynao_sd_20110104_0200_ye 21 20 1 1 0 286.22 294.63 247.92 255.14 38.3 39.49
ynao_sd_20110105_0120_ye 17 17 0 0 0 164.4 168.57 164.4 168.57 0 0
ynao_sd_20110106_0135_ye 12 12 0 0 0 112.0 120.48 112.0 120.48 0 0
ynao_sd_20110113_0330_ye 3 3 0 0 0 17.43 29.53 17.43 29.53 0 0
ynao_sd_20110114_0135_ye 1 1 0 0 0 4.97 7.28 4.97 7.28 0 0
ynao_sd_20110118_0130_ye 4 4 0 0 0 40.68 51.81 40.68 51.81 0 0
ynao_sd_20110119_0130_ye 5 5 0 0 0 36.78 57.28 36.78 57.28 0 0
ynao_sd_20110121_0220_ye 1 1 0 0 0 6.64 6.71 6.64 6.71 0 0
ynao_sd_20110124_0330_ye 0 0 0 0 0 0 0 0 0 0 0
ynao_sd_20110126_0115_ye 0 0 0 0 0 0 0 0 0 0 0
ynao_sd_20110127_0123_ye 0 0 0 0 0 0 0 0 0 0 0
ynao_sd_20110130_0330_ye 15 15 0 0 0 107.24 161.41 107.24 161.41 0 0
ynao_sd_20110131_0120_ye 15 15 0 0 0 120.16 153.07 120.16 153.07 0 0
ynao_sd_20110218_0140_ye 33 30 3 3 0 574.4 943.46 296.5 465.78 277.9 477.68
ynao_sd_20110221_0100_ye 1 1 0 0 0 8.87 10.98 8.87 10.98 0 0
ynao_sd_20110222_0100_ye 0 0 0 0 0 0 0 0 0 0 0
ynao_sd_20110223_0110_ye 0 0 0 0 0 0 0 0 0 0 0
ynao_sd_20110224_0125_ye 1 1 0 0 0 7.95 7.96 7.95 7.96 0 0
ynao_sd_20110228_0100_ye 2 2 0 0 0 27.69 32.48 27.69 32.48 0 0
ynao_sd_20110302_0240_ye 12 12 0 0 0 95.58 101.09 95.58 101.09 0 0
ynao_sd_20110303_0100_ye 3 3 0 0 0 29.39 30.82 29.39 30.82 0 0
ynao_sd_20110304_0140_ye 6 6 0 0 0 44.73 47.93 44.73 47.93 0 0
ynao_sd_20110309_0245_ye 6 6 0 0 0 65.35 147.41 65.35 147.41 0 0
ynao_sd_20110901_0120_ye 25 23 2 1 0 285.93 409.82 196.45 297.83 89.48 111.99
ynao_sd_20110902_0350_ye 19 18 1 1 0 282.16 324.68 130.95 151.54 151.21 173.14
ynao_sd_20110907_0110_ye 13 11 2 1 0 208.27 294.97 111.64 166.37 96.63 128.6
ynao_sd_20110908_0115_ye 7 6 1 1 0 209.39 318.63 87.97 167.55 121.42 151.08
ynao_sd_20110914_0120_ye 30 30 0 0 0 293.05 440.35 293.05 440.35 0 0
ynao_sd_20110915_0205_ye 22 19 3 1 0 320.84 527.24 193.38 315.53 127.46 211.71
ynao_sd_20110919_0300_ye 24 24 0 0 0 192.12 257.1 192.12 257.1 0 0
ynao_sd_20110928_0130_ye 0 0 0 0 0 0 0 0 0 0 0
ynao_sd_20110929_0710_ye 1 1 0 0 0 5.53 5.59 5.53 5.59 0 0
ynao_sd_20111008_0355_ye 11 7 4 3 0 292.96 388.56 90.49 128.79 202.47 259.77
ynao_sd_20111009_0420_ye 4 2 2 3 0 190.05 232.75 38.05 46.13 152.0 186.62
ynao_sd_20111010_0210_ye 12 10 2 2 0 228.79 291.59 130.17 163.19 98.62 128.4
ynao_sd_20111012_0155_ye 35 29 6 3 0 608.85 813.51 301.25 421.92 307.6 391.59
ynao_sd_20111013_0125_ye 31 25 6 3 0 889.23 1202.87 315.25 409.81 573.98 793.06
ynao_sd_20111024_0045_ye 11 8 3 1 0 320.28 427.58 111.84 169.91 208.44 257.67
ynao_sd_20111026_0045_ye 4 2 2 1 0 106.42 187.66 44.78 80.98 61.64 106.68
ynao_sd_20111027_0100_ye 5 4 1 1 0 92.87 174.62 43.89 59.03 48.98 115.59
ynao_sd_20111031_0240_ye 0 0 0 0 0 0 0 0 0 0 0
ynao_sd_20111102_0020_ye 10 9 1 1 0 256.31 709.39 119.74 353.25 136.57 356.14
ynao_sd_20111103_0110_ye 14 8 6 2 0 389.09 694.14 130.17 239.61 258.92 454.53
ynao_sd_20111104_0155_ye 16 11 5 2 0 505.28 682.1 164.97 225.09 340.31 457.01
ynao_sd_20111109_0410_ye 24 21 3 2 0 546.39 649.14 230.13 269.23 316.26 379.91
ynao_sd_20111110_0100_ye 24 20 4 3 0 627.0 752.51 302.47 350.66 324.53 401.85
ynao_sd_20111111_0040_ye 26 20 6 5 0 775.73 1008.15 338.33 413.14 437.4 595.01
ynao_sd_20111113_0110_ye 33 28 5 2 0 415.78 853.53 279.6 655.35 136.18 198.18
ynao_sd_20111114_0110_ye 17 14 3 2 0 381.21 726.11 155.34 388.45 225.87 337.66
ynao_sd_20111116_0210_ye 11 7 4 2 0 292.66 611.59 141.67 377.41 150.99 234.18
ynao_sd_20111117_0105_ye 11 8 3 2 0 317.72 551.97 108.41 209.17 209.31 342.8
ynao_sd_20111118_0100_ye 44 41 3 3 0 625.54 1110.65 390.88 712.42 234.66 398.23
ynao_sd_20111121_0110_ye 20 18 2 2 0 466.16 558.82 253.37 312.19 212.79 246.63
ynao_sd_20111124_0225_ye 13 12 1 1 0 234.36 323.05 145.95 211.07 88.41 111.98
ynao_sd_20111125_0420_ye 8 7 1 1 0 134.18 180.0 85.76 109.04 48.42 70.96
ynao_sd_20111128_0100_ye 1 1 0 0 0 4.88 13.48 4.88 13.48 0 0
ynao_sd_20111130_0120_ye 8 7 1 1 0 131.46 358.58 84.63 238.48 46.83 120.1
ynao_sd_20111205_0630_ye 37 29 8 4 0 1435.78 1568.92 411.08 463.66 1024.7 1105.26
ynao_sd_20111207_0220_ye 30 25 5 2 0 914.1 1062.28 334.38 383.06 579.72 679.22
ynao_sd_20111213_0310_ye 6 4 2 2 0 452.69 580.19 152.89 257.74 299.8 322.45
ynao_sd_20111214_0305_ye 7 5 2 2 0 387.04 414.66 120.85 135.68 266.19 278.98
ynao_sd_20111219_0050_ye 34 32 2 2 0 405.53 641.18 297.88 427.19 107.65 213.99
ynao_sd_20111221_0245_ye 43 37 6 3 0 720.84 793.99 341.32 397.66 379.52 396.33
ynao_sd_20111222_0340_ye 37 34 3 2 0 611.7 665.47 370.49 405.68 241.21 259.79
ynao_sd_20111223_0300_ye 32 29 3 2 0 537.33 632.05 279.74 326.27 257.59 305.78
ynao_sd_20111229_0130_ye 33 27 6 5 0 947.13 2158.9 427.12 992.64 520.01 1166.26
ynao_sd_20111230_0130_ye 37 31 6 4 0 961.63 1581.68 386.35 686.15 575.28 895.53
