ynao_sd_20120105_0310_ye 25 22 3 2 0 796.53 982.79 282.57 390.37 513.96 592.42
ynao_sd_20120106_0105_ye 10 7 3 2 0 634.79 843.1 150.78 200.13 484.01 642.97
ynao_sd_20120109_0100_ye 5 4 1 1 0 155.94 537.79 46.07 141.81 109.87 395.98
ynao_sd_20120111_0215_ye 2 2 0 0 0 12.17 13.44 12.17 13.44 0 0
ynao_sd_20120112_0100_ye 0 0 0 0 0 0 0 0 0 0 0
ynao_sd_20120116_0125_ye 12 12 0 0 0 122.33 206.7 122.33 206.7 0 0
ynao_sd_20120118_0100_ye 33 33 0 0 0 271.26 333.28 271.26 333.28 0 0
ynao_sd_20120120_0100_ye 18 18 0 0 0 157.47 172.54 157.47 172.54 0 0
ynao_sd_20120125_0356_ye 0 0 0 0 0 0 0 0 0 0 0
ynao_sd_20120202_0120_ye 14 14 0 0 0 108.12 147.44 108.12 147.44 0 0
ynao_sd_20120206_0110_ye 0 0 0 0 0 0 0 0 0 0 0
ynao_sd_20120208_0115_ye 0 0 0 0 0 0 0 0 0 0 0
ynao_sd_20120210_0100_ye 24 22 2 2 0 268.26 299.54 186.45 210.85 81.81 88.69
ynao_sd_20120213_0110_ye 29 21 8 2 0 1112.52 1186.31 309.65 330.59 802.87 855.72
ynao_sd_20120215_0130_ye 20 18 2 1 0 409.74 558.3 195.96 249.43 213.78 308.87
ynao_sd_20120217_0100_ye 9 7 2 1 0 194.79 508.1 68.12 133.96 126.67 374.14
ynao_sd_20120220_0125_ye 6 6 0 0 0 43.0 56.77 43.0 56.77 0 0
ynao_sd_20120222_0120_ye 3 3 0 0 0 49.48 80.09 49.48 80.09 0 0
ynao_sd_20120224_0100_ye 4 4 0 0 0 36.81 41.75 36.81 41.75 0 0
ynao_sd_20120227_0110_ye 1 1 0 0 0 6.33 8.57 6.33 8.57 0 0
ynao_sd_20120229_0115_ye 2 2 0 0 0 15.66 17.26 15.66 17.26 0 0
ynao_sd_20120305_0120_ye 30 28 2 1 0 294.79 347.99 231.37 273.6 63.42 74.39
ynao_sd_20120307_0105_ye 24 18 6 3 0 594.61 625.92 240.78 266.07 353.83 359.85
ynao_sd_20120309_0110_ye 19 16 3 2 0 404.27 430.67 213.59 226.44 190.68 204.23
ynao_sd_20120312_0115_ye 19 18 1 1 0 224.59 369.35 171.12 283.05 53.47 86.3
ynao_sd_20120314_0110_ye 3 2 1 1 0 78.55 117.48 27.3 60.12 51.25 57.36
ynao_sd_20120316_0125_ye 14 13 1 1 0 176.57 184.16 124.68 130.76 51.89 53.4
ynao_sd_20120319_0110_ye 17 15 2 2 0 375.49 559.95 183.16 263.86 192.33 296.09
ynao_sd_20120321_0115_ye 23 23 0 0 0 248.44 566.37 248.44 566.37 0 0
ynao_sd_20120322_0050_ye 21 20 1 1 0 222.58 312.78 185.55 250.99 37.03 61.79
ynao_sd_20120326_0225_ye 24 21 3 2 0 562.18 875.58 279.24 473.25 282.94 402.33
ynao_sd_20120328_0240_ye 23 19 4 2 0 683.07 801.94 227.34 298.4 455.73 503.54
ynao_sd_20120330_0105_ye 30 27 3 1 0 709.18 766.03 299.85 340.36 409.33 425.67
ynao_sd_20120405_0055_ye 0 0 0 0 0 0 0 0 0 0 0
ynao_sd_20120409_0040_ye 4 4 0 0 0 28.33 43.28 28.33 43.28 0 0
ynao_sd_20120411_0100_ye 2 1 1 1 0 1235.2 3018.68 20.66 50.77 1214.54 2967.91
ynao_sd_20120413_0110_ye 4 4 0 0 0 32.95 43.77 32.95 43.77 0 0
ynao_sd_20120416_0055_ye 16 16 0 0 0 166.37 377.62 166.37 377.62 0 0
ynao_sd_20120418_0045_ye 31 28 3 5 0 605.04 779.75 283.54 362.0 321.5 417.75
ynao_sd_20120420_0050_ye 71 57 14 6 0 1567.29 1940.11 654.51 822.13 912.78 1117.98
ynao_sd_20120423_0027_ye 69 48 21 10 0 1870.25 2449.7 607.51 728.8 1262.74 1720.9
ynao_sd_20120425_0045_ye 63 51 12 3 0 1198.7 1467.24 505.28 702.73 693.42 764.51
ynao_sd_20120427_0045_ye 20 15 5 3 0 399.53 578.82 185.47 297.36 214.06 281.46
ynao_sd_20120502_0035_ye 33 32 1 1 0 975.81 1172.2 555.54 675.3 420.27 496.9
ynao_sd_20120504_0040_ye 33 28 5 2 0 984.76 1163.48 439.28 592.56 545.48 570.92
ynao_sd_20120509_0110_ye 3 2 1 1 0 162.64 352.84 41.81 96.31 120.83 256.53
ynao_sd_20120510_0100_ye 5 4 1 1 0 219.51 503.97 142.52 359.03 76.99 144.94
ynao_sd_20120514_0100_ye 7 4 3 3 0 351.24 449.17 91.89 122.22 259.35 326.95
ynao_sd_20120516_0210_ye 15 11 4 3 0 3139.95 3664.82 190.21 279.24 2949.74 3385.58
ynao_sd_20120518_0100_ye 4 3 1 1 0 143.71 191.39 68.61 94.68 75.1 96.71
ynao_sd_20120521_0220_ye 11 11 0 0 0 84.15 121.19 84.15 121.19 0 0
ynao_sd_20120523_0130_ye 8 8 0 0 0 62.71 125.28 62.71 125.28 0 0
ynao_sd_20120530_0140_ye 31 27 4 3 0 552.96 581.04 341.66 358.46 211.3 222.58
ynao_sd_20120604_0240_ye 37 29 8 2 0 592.66 747.66 286.37 387.87 306.29 359.79
ynao_sd_20120606_0020_ye 33 24 9 3 0 1034.87 1149.91 374.16 432.51 660.71 717.4
ynao_sd_20120608_0220_ye 24 16 8 3 0 662.15 822.76 214.98 277.07 447.17 545.69
ynao_sd_20120611_0330_ye 35 33 2 2 0 528.43 870.82 417.33 663.85 111.1 206.97
ynao_sd_20120613_0010_ye 73 65 8 6 0 1409.96 1603.52 622.62 705.38 787.34 898.14
ynao_sd_20120615_0204_ye 89 73 16 6 0 2838.17 3154.17 997.0 1184.85 1841.17 1969.32
ynao_sd_20120618_0205_ye 27 22 5 3 0 1585.64 2271.76 412.77 696.81 1172.87 1574.95
ynao_sd_20120720_0050_ye 12 11 1 1 0 171.56 262.35 105.76 184.0 65.8 78.35
ynao_sd_20120730_0305_ye 41 28 13 6 0 1562.28 1884.23 447.3 542.31 1114.98 1341.92
ynao_sd_20120731_0255_ye 48 39 9 5 0 1579.5 1806.08 574.29 658.21 1005.21 1147.87
ynao_sd_20120802_0204_ye 30 23 7 4 0 1364.72 1958.85 454.21 658.74 910.51 1300.11
ynao_sd_20120806_0105_ye 13 7 6 4 0 600.07 975.5 134.41 205.29 465.66 770.21
ynao_sd_20120807_0633_ye 30 25 5 3 0 578.62 1074.44 305.4 753.47 273.22 320.97
ynao_sd_20120809_0610_ye 39 31 8 6 0 843.91 1166.13 371.99 507.83 471.92 658.3
ynao_sd_20120810_0030_ye 51 44 7 7 0 985.03 1320.93 479.13 612.25 505.9 708.68
ynao_sd_20120820_0330_ye 1 1 0 0 0 10.28 13.35 10.28 13.35 0 0
ynao_sd_20120823_0700_ye 4 4 0 0 0 115.45 306.6 115.45 306.6 0 0
ynao_sd_20120827_0705_ye 4 3 1 1 0 269.27 345.25 89.51 131.5 179.76 213.75
ynao_sd_20120828_0640_ye 3 2 1 1 0 298.19 361.51 95.87 133.19 202.32 228.32
ynao_sd_20120831_0545_ye 22 19 3 3 0 379.52 583.56 190.19 341.74 189.33 241.82
ynao_sd_20120901_0225_ye 31 27 4 3 0 469.69 877.55 289.3 577.27 180.39 300.28
ynao_sd_20120903_0116_ye 49 49 0 0 0 426.9 821.44 426.9 821.44 0 0
ynao_sd_20120906_0330_ye 45 44 1 1 0 567.81 710.27 511.67 650.67 56.14 59.6
ynao_sd_20120907_0410_ye 35 29 6 5 0 637.85 978.4 298.33 428.79 339.52 549.61
ynao_sd_20120910_0210_ye 25 25 0 0 0 296.52 502.15 296.52 502.15 0 0
ynao_sd_20120914_0335_ye 19 15 4 2 0 631.31 801.69 218.63 288.99 412.68 512.7
ynao_sd_20120924_0110_ye 9 9 0 0 0 82.9 98.22 82.9 98.22 0 0
ynao_sd_20120926_0230_ye 13 12 1 1 0 338.01 612.1 124.32 199.96 213.69 412.14
ynao_sd_20121008_0715_ye 14 11 3 2 0 496.75 948.19 172.15 248.45 324.6 699.74
ynao_sd_20121011_0130_ye 14 12 2 2 0 411.11 531.97 160.17 213.53 250.94 318.44
ynao_sd_20121015_0035_ye 4 3 1 1 0 162.33 197.88 57.38 72.69 104.95 125.19
ynao_sd_20121018_0135_ye 21 21 0 0 0 183.68 241.78 183.68 241.78 0 0
ynao_sd_20121019_0020_ye 17 17 0 0 0 156.9 349.7 156.9 349.7 0 0
ynao_sd_20121022_0040_ye 8 3 5 2 0 442.1 1281.23 91.5 262.95 350.6 1018.28
ynao_sd_20121026_0050_ye 26 20 6 2 0 969.17 1122.15 323.71 368.45 645.46 753.7
ynao_sd_20121028_0130_ye 13 9 4 2 0 1171.63 1248.78 287.18 305.95 884.45 942.83
ynao_sd_20121029_0105_ye 22 19 3 2 0 1112.28 1316.06 354.13 474.12 758.15 841.94
ynao_sd_20121101_0300_ye 8 4 4 3 0 604.39 1130.65 159.76 285.39 444.63 845.26
ynao_sd_20121102_0055_ye 9 4 5 3 0 479.65 1044.06 113.37 218.18 366.28 825.88
ynao_sd_20121105_0235_ye 7 7 0 0 0 90.44 205.57 90.44 205.57 0 0
ynao_sd_20121108_0415_ye 7 7 0 0 0 102.97 174.21 102.97 174.21 0 0
ynao_sd_20121109_0100_ye 7 6 1 0 0 80.12 109.55 86.75 118.84 6.63 9.29
ynao_sd_20121112_0055_ye 46 41 5 3 0 595.12 806.24 313.38 388.04 281.74 418.2
ynao_sd_20121115_0115_ye 40 33 7 3 0 735.37 947.2 318.6 413.63 416.77 533.57
ynao_sd_20121119_0100_ye 2 1 1 1 0 275.52 373.0 90.94 128.49 184.58 244.51
ynao_sd_20121122_0100_ye 5 3 2 1 0 120.6 169.79 38.99 51.81 81.61 117.98
ynao_sd_20121123_0040_ye 7 4 3 2 0 1812.45 2068.48 54.76 70.15 1757.69 1998.33
ynao_sd_20121124_0100_ye 14 14 0 0 0 125.89 136.89 125.89 136.89 0 0
ynao_sd_20121126_0145_ye 38 34 4 2 0 481.3 530.35 297.07 328.59 184.23 201.76
ynao_sd_20121129_0110_ye 26 15 11 4 0 673.36 1275.42 258.27 492.89 415.09 782.53
ynao_sd_20121130_0100_ye 17 16 1 1 0 273.46 819.23 196.95 523.69 76.51 295.54
ynao_sd_20121203_0100_ye 1 1 0 0 0 7.7 8.43 7.7 8.43 0 0
ynao_sd_20121206_0230_ye 0 0 0 0 0 0 0 0 0 0 0
ynao_sd_20121210_0105_ye 8 8 0 0 0 59.94 77.05 59.94 77.05 0 0
ynao_sd_20121215_0105_ye 13 13 0 1 0 189.06 977.64 137.81 660.69 51.25 316.95
ynao_sd_20121216_0055_ye 15 12 3 3 1 342.85 894.27 142.18 345.36 200.67 548.91
ynao_sd_20121221_0120_ye 37 29 8 4 0 687.88 695.4 281.08 284.35 406.8 411.05
ynao_sd_20121228_0120_ye 8 7 1 0 0 114.48 257.04 120.69 272.54 6.21 15.5
