ynao_sd_20130104_0120_ye 18 17 1 1 0 348.43 540.99 197.23 349.58 151.2 191.41
ynao_sd_20130108_0258_ye 22 16 6 3 0 761.2 974.31 213.44 313.64 547.76 660.67
ynao_sd_20130118_0445_ye 4 1 3 1 0 226.12 232.51 48.55 52.9 177.57 179.61
ynao_sd_20130121_0125_ye 2 1 1 1 0 179.79 211.43 40.94 47.6 138.85 163.83
ynao_sd_20130125_0120_ye 0 0 0 0 0 0 0 0 0 0 0
ynao_sd_20130127_0345_ye 11 11 0 0 0 98.91 136.81 98.91 136.81 0 0
ynao_sd_20130128_0135_ye 20 18 2 1 0 274.75 314.6 154.11 178.88 120.64 135.72
ynao_sd_20130131_0125_ye 16 13 3 1 0 309.2 331.88 130.44 149.01 178.76 182.87
ynao_sd_20130204_0205_ye 1 1 0 0 0 8.94 19.72 8.94 19.72 0 0
ynao_sd_20130207_0115_ye 0 0 0 0 0 0 0 0 0 0 0
ynao_sd_20130209_0125_ye 6 6 0 0 0 45.6 128.06 45.6 128.06 0 0
ynao_sd_20130210_0125_ye 7 7 0 0 0 70.74 135.52 70.74 135.52 0 0
ynao_sd_20130211_0140_ye 14 14 0 0 0 91.75 123.1 91.75 123.1 0 0
ynao_sd_20130212_0125_ye 8 8 0 0 0 61.42 78.46 61.42 78.46 0 0
ynao_sd_20130225_0130_ye 11 11 0 0 0 102.19 142.87 102.19 142.87 0 0
ynao_sd_20130228_0200_ye 33 29 4 3 0 501.13 1098.83 275.97 509.37 225.16 589.46
ynao_sd_20130301_0050_ye 29 19 10 4 0 779.09 1110.67 229.68 387.68 549.41 722.99
ynao_sd_20130304_0700_ye 31 29 2 2 0 459.53 817.87 332.55 538.75 126.98 279.12
ynao_sd_20130307_0345_ye 16 16 0 0 0 204.2 271.23 204.2 271.23 0 0
ynao_sd_20130308_0040_ye 28 28 0 0 0 285.16 324.91 285.16 324.91 0 0
ynao_sd_20130309_0155_ye 22 18 4 2 0 337.41 369.03 175.18 199.27 162.23 169.76
ynao_sd_20130311_0115_ye 33 31 2 1 0 379.75 400.71 256.21 269.82 123.54 130.89
ynao_sd_20130314_0110_ye 2 2 0 0 0 16.69 29.84 16.69 29.84 0 0
ynao_sd_20130315_0045_ye 12 10 2 1 0 158.65 215.43 100.64 148.42 58.01 67.01
ynao_sd_20130318_0100_ye 29 28 1 1 0 346.11 755.05 304.46 698.25 41.65 56.8
ynao_sd_20130321_0105_ye 0 0 0 0 0 0 0 0 0 0 0
ynao_sd_20130322_0115_ye 6 6 0 0 0 45.44 61.91 45.44 61.91 0 0
ynao_sd_20130325_0120_ye 7 7 0 0 0 69.46 81.05 69.46 81.05 0 0
ynao_sd_20130329_0200_ye 18 18 0 0 0 153.6 198.97 153.6 198.97 0 0
ynao_sd_20130513_0100_ye 31 27 4 2 0 553.06 903.73 260.08 409.07 292.98 494.66
ynao_sd_20130518_0140_ye 32 31 1 1 0 545.59 681.15 347.82 456.18 197.77 224.97
ynao_sd_20130519_0055_ye 26 25 1 1 0 534.42 709.66 305.97 431.69 228.45 277.97
ynao_sd_20130526_0300_ye 46 41 5 2 0 727.63 903.6 385.69 433.0 341.94 470.6
ynao_sd_20130527_0055_ye 25 21 4 2 0 594.09 719.09 236.54 270.75 357.55 448.34
ynao_sd_20130603_0118_ye 44 37 7 2 0 895.61 1047.07 423.82 484.7 471.79 562.37
ynao_sd_20130606_0115_ye 23 20 3 1 0 389.67 754.61 207.1 401.11 182.57 353.5
ynao_sd_20130613_0055_ye 15 13 2 1 0 241.91 357.82 140.25 246.75 101.66 111.07
ynao_sd_20130614_0050_ye 28 23 5 3 0 528.33 1004.98 324.86 681.86 203.47 323.12
ynao_sd_20130720_0255_ye 45 40 5 3 0 865.62 1210.25 540.89 838.76 324.73 371.49
ynao_sd_20130721_0255_ye 63 51 12 6 0 1257.23 1643.68 578.68 708.81 678.55 934.87
ynao_sd_20130725_0055_ye 27 25 2 2 0 362.03 390.76 243.06 262.02 118.97 128.74
ynao_sd_20130801_0208_ye 21 21 0 0 0 193.56 302.36 193.56 302.36 0 0
ynao_sd_20130815_0120_ye 58 51 7 3 0 1323.13 1675.44 645.22 943.87 677.91 731.57
ynao_sd_20130816_0100_ye 57 46 11 3 0 1586.11 2020.19 674.85 989.38 911.26 1030.81
ynao_sd_20130829_0305_ye 11 6 5 1 0 613.93 706.64 119.65 140.13 494.28 566.51
ynao_sd_20130912_0100_ye 13 13 0 0 0 150.78 233.08 150.78 233.08 0 0
ynao_sd_20130913_0130_ye 20 20 0 0 0 208.92 312.26 208.92 312.26 0 0
ynao_sd_20131010_0115_ye 57 45 12 4 0 1114.07 1682.68 472.07 674.65 642.0 1008.03
ynao_sd_20131017_0540_ye 40 31 9 5 0 874.76 1669.89 412.24 738.94 462.52 930.95
ynao_sd_20131024_0120_ye 43 36 7 3 0 1274.84 1422.83 450.74 515.89 824.1 906.94
ynao_sd_20131031_0145_ye 67 48 19 6 0 1927.05 2342.31 647.11 733.97 1279.94 1608.34
ynao_sd_20131107_0120_ye 122 105 17 6 0 2238.89 2753.86 1116.93 1370.93 1121.96 1382.93
ynao_sd_20131114_0125_ye 104 100 4 7 0 3014.5 3935.28 968.69 1547.98 2045.81 2387.3
ynao_sd_20131121_0200_ye 15 12 3 1 0 386.0 536.31 149.04 246.1 236.96 290.21
ynao_sd_20131205_0145_ye 64 55 9 4 0 1153.06 1719.48 624.41 819.68 528.65 899.8
ynao_sd_20131212_0135_ye 53 44 9 3 0 1221.91 1690.32 470.11 814.58 751.8 875.74
ynao_sd_20131219_0125_ye 57 46 11 6 0 1391.98 2266.5 510.17 704.35 881.81 1562.15
