ynao_sd_20140109_0140_ye 65 44 21 6 0 3062.72 3430.38 1038.07 1119.26 2024.65 2311.12
ynao_sd_20140116_0115_ye 18 12 6 4 0 624.34 853.91 251.16 431.97 373.18 421.94
ynao_sd_20140123_0145_ye 49 41 8 4 0 1309.55 1638.36 491.22 695.74 818.33 942.62
ynao_sd_20140124_0115_ye 28 22 6 3 0 1275.62 1467.09 451.82 604.58 823.8 862.51
ynao_sd_20140128_0110_ye 21 13 8 5 0 773.1 1814.61 199.19 520.87 573.91 1293.74
ynao_sd_20140207_0140_ye 66 53 13 5 0 2109.98 3332.61 775.4 1256.34 1334.58 2076.27
ynao_sd_20140208_0255_ye 52 45 7 3 0 1609.03 2857.39 559.06 920.96 1049.97 1936.43
ynao_sd_20140213_0400_ye 84 67 17 7 0 2644.36 3076.63 1030.37 1230.81 1613.99 1845.82
ynao_sd_20140220_0140_ye 88 70 18 5 0 1882.4 2695.78 817.38 1114.31 1065.02 1581.47
ynao_sd_20140227_0140_ye 92 85 7 7 0 1687.29 2580.23 934.08 1394.22 753.21 1186.01
ynao_sd_20140306_0115_ye 36 33 3 2 0 633.35 792.95 362.29 458.04 271.06 334.91
ynao_sd_20140309_0110_ye 35 33 2 2 0 450.12 789.74 259.82 391.12 190.3 398.62
ynao_sd_20140312_0110_ye 43 30 13 5 0 1123.25 1246.28 416.77 465.14 706.48 781.14
ynao_sd_20140313_0100_ye 30 23 7 4 0 731.86 761.04 260.09 274.44 471.77 486.6
ynao_sd_20140319_0100_ye 72 72 0 0 0 634.12 998.06 634.12 998.06 0 0
ynao_sd_20140320_0100_ye 57 49 8 4 0 917.75 1500.79 540.31 995.98 377.44 504.81
ynao_sd_20140327_0100_ye 46 42 4 3 0 714.54 834.85 424.52 509.39 290.02 325.46
ynao_sd_20140328_0100_ye 27 25 2 2 0 596.98 773.03 280.07 382.77 316.91 390.26
ynao_sd_20140402_0025_ye 51 37 14 3 0 1382.65 1730.2 507.75 734.66 874.9 995.54
ynao_sd_20140403_0030_ye 53 40 13 5 0 1388.6 1582.19 451.41 548.85 937.19 1033.34
ynao_sd_20140409_0040_ye 19 19 0 0 0 163.75 211.94 163.75 211.94 0 0
ynao_sd_20140410_0015_ye 5 5 0 0 0 43.76 90.78 43.76 90.78 0 0
ynao_sd_20140413_0030_ye 20 16 4 2 0 359.16 763.97 170.82 369.93 188.34 394.04
ynao_sd_20140416_0310_ye 79 66 13 7 0 2099.29 2245.61 791.94 895.44 1307.35 1350.17
ynao_sd_20140418_0035_ye 72 59 13 7 0 1598.11 1768.22 648.83 720.63 949.28 1047.59
ynao_sd_20140423_0025_ye 31 25 6 3 0 671.44 1154.64 363.42 669.13 308.02 485.51
ynao_sd_20140424_0035_ye 33 31 2 2 0 633.28 954.5 393.72 659.93 239.56 294.57
ynao_sd_20140430_0430_ye 34 28 6 4 0 1133.96 1516.15 387.16 490.08 746.8 1026.07
ynao_sd_20140507_0040_ye 10 8 2 1 0 424.1 870.87 230.64 568.07 193.46 302.8
ynao_sd_20140508_0005_ye 10 7 3 2 0 345.38 826.39 125.58 207.5 219.8 618.89
ynao_sd_20140514_0010_ye 73 59 14 9 0 2258.97 2754.76 815.27 956.35 1443.7 1798.41
ynao_sd_20140515_0055_ye 34 28 6 2 0 779.23 902.79 378.45 462.42 400.78 440.37
ynao_sd_20140521_0100_ye 22 19 3 3 0 502.49 1068.65 300.83 683.79 201.66 384.86
ynao_sd_20140522_0035_ye 18 16 2 3 0 426.35 722.67 172.37 264.84 253.98 457.83
ynao_sd_20140528_0335_ye 27 26 1 1 0 379.22 411.13 278.76 301.17 100.46 109.96
ynao_sd_20140529_0055_ye 16 15 1 1 0 238.05 253.81 163.28 176.84 74.77 76.97
ynao_sd_20140605_0430_ye 24 22 2 1 0 377.57 430.7 235.91 288.64 141.66 142.06
ynao_sd_20140606_0445_ye 34 29 5 3 0 602.58 719.77 310.87 395.6 291.71 324.17
ynao_sd_20140613_0410_ye 79 73 6 5 0 1496.44 2868.84 736.84 1294.09 759.6 1574.75
ynao_sd_20140619_0725_ye 24 21 3 2 0 623.5 927.13 351.7 557.39 271.8 369.74
ynao_sd_20140625_0025_ye 9 9 0 0 0 84.46 94.62 84.46 94.62 0 0
ynao_sd_20140626_0240_ye 11 11 0 0 0 139.4 205.56 139.4 205.56 0 0
ynao_sd_20140703_0350_ye 52 31 21 8 0 2310.25 3640.51 751.51 1177.9 1558.74 2462.61
ynao_sd_20140704_0515_ye 58 41 17 9 0 2791.34 3780.13 729.76 1016.08 2061.58 2764.05
ynao_sd_20140709_0145_ye 56 42 14 8 0 3798.14 4534.1 1183.55 1489.81 2614.59 3044.29
ynao_sd_20140710_0020_ye 76 62 14 9 0 3220.82 4162.91 1114.98 1434.05 2105.84 2728.86
ynao_sd_20140723_0555_ye 8 8 0 0 0 94.65 144.25 94.65 144.25 0 0
ynao_sd_20140724_0005_ye 13 13 0 0 0 151.73 245.99 151.73 245.99 0 0
ynao_sd_20140725_0020_ye 14 14 0 0 0 141.7 197.59 141.7 197.59 0 0
ynao_sd_20140730_0050_ye 51 43 8 4 0 1212.56 2132.86 562.69 932.72 649.87 1200.14
ynao_sd_20140804_0150_ye 91 86 5 2 0 1270.3 1410.59 880.06 967.5 390.24 443.09
ynao_sd_20140806_0030_ye 63 61 2 1 0 841.02 982.96 587.74 699.98 253.28 282.98
ynao_sd_20140827_0215_ye 22 17 5 2 0 548.37 642.29 223.35 262.35 325.02 379.94
ynao_sd_20140828_0045_ye 18 13 5 2 0 618.43 709.24 228.98 288.48 389.45 420.76
ynao_sd_20140903_0245_ye 63 56 7 5 0 1104.33 1485.92 615.19 828.53 489.14 657.39
ynao_sd_20140904_0310_ye 46 41 5 5 0 1093.76 1974.21 625.25 1276.6 468.51 697.61
ynao_sd_20141022_0116_ye 113 82 31 5 0 6275.81 7308.27 1799.27 2119.38 4476.54 5188.89
ynao_sd_20141023_0055_ye 108 72 36 8 0 5062.49 5710.98 1541.06 1708.05 3521.43 4002.93
ynao_sd_20141030_0050_ye 42 37 5 2 0 2727.77 5332.16 501.91 1064.03 2225.86 4268.13
ynao_sd_20141105_0035_ye 30 30 0 0 0 277.79 405.8 277.79 405.8 0 0
ynao_sd_20141112_0315_ye 27 25 2 1 0 382.4 510.57 299.66 400.22 82.74 110.35
ynao_sd_20141119_0135_ye 71 59 12 2 1 3173.42 3491.89 982.36 1133.7 2191.06 2358.19
ynao_sd_20141120_0115_ye 71 55 16 3 0 2997.91 4009.34 1003.62 1386.2 1994.29 2623.14
ynao_sd_20141127_0040_ye 77 70 7 3 0 1375.36 1742.05 714.55 1026.58 660.81 715.47
ynao_sd_20141203_0140_ye 66 56 10 4 0 1991.51 2581.15 796.71 972.46 1194.8 1608.69
ynao_sd_20141210_0245_ye 34 32 2 2 0 725.54 991.85 430.77 488.8 294.77 503.05
ynao_sd_20141211_0100_ye 48 44 4 3 0 910.26 1388.02 495.78 777.73 414.48 610.29
ynao_sd_20141224_0115_ye 26 24 2 2 0 807.67 1880.82 371.53 710.62 436.14 1170.2
ynao_sd_20141225_0105_ye 35 33 2 2 0 502.98 933.24 361.24 465.43 141.74 467.81
ynao_sd_20141231_0115_ye 63 53 10 4 0 1186.7 1549.52 617.22 910.11 569.48 639.41
