ynao_sd_20150114_0130_ye 58 51 7 2 0 1275.52 1546.82 621.23 878.46 654.29 668.36
ynao_sd_20150115_0108_ye 61 58 3 2 0 804.9 838.62 559.34 584.78 245.56 253.84
ynao_sd_20150121_0115_ye 27 21 6 2 0 588.73 617.77 246.75 259.16 341.98 358.61
ynao_sd_20150122_0110_ye 27 24 3 2 0 445.71 515.1 227.46 260.69 218.25 254.41
ynao_sd_20150128_0105_ye 71 57 14 6 0 1966.25 2090.28 781.53 849.08 1184.72 1241.2
ynao_sd_20150129_0105_ye 87 75 12 6 0 1783.78 1946.22 780.49 853.89 1003.29 1092.33
ynao_sd_20150204_0105_ye 16 14 2 1 0 231.59 301.23 154.25 203.6 77.34 97.63
ynao_sd_20150205_0150_ye 10 10 0 1 0 131.53 146.74 96.57 108.86 34.96 37.88
ynao_sd_20150210_0105_ye 15 12 3 1 0 537.24 718.2 174.23 223.34 363.01 494.86
ynao_sd_20150304_0025_ye 19 19 0 0 0 204.04 355.48 204.04 355.48 0 0
ynao_sd_20150305_0015_ye 8 8 0 0 0 67.72 171.49 67.72 171.49 0 0
ynao_sd_20150311_0030_ye 30 23 7 1 0 830.55 970.73 323.5 377.82 507.05 592.91
ynao_sd_20150312_0020_ye 43 31 12 2 0 1188.03 1332.43 501.34 609.07 686.69 723.36
ynao_sd_20150318_0035_ye 9 7 2 1 0 473.09 880.98 118.94 233.29 354.15 647.69
ynao_sd_20150319_0020_ye 8 7 1 1 0 238.66 558.54 113.81 216.29 124.85 342.25
ynao_sd_20150326_0150_ye 49 43 6 2 0 1057.95 1099.64 488.51 513.53 569.44 586.11
ynao_sd_20150401_0030_ye 15 14 1 1 0 687.02 1363.79 319.85 579.45 367.17 784.34
ynao_sd_20150403_0030_ye 0 0 0 0 0 0 0 0 0 0 0
ynao_sd_20150408_0220_ye 25 21 4 3 0 432.0 436.6 215.92 217.97 216.08 218.63
ynao_sd_20150409_0015_ye 35 30 5 2 0 436.15 447.05 283.12 291.41 153.03 155.64
ynao_sd_20150415_0010_ye 7 7 0 0 0 60.62 195.81 60.62 195.81 0 0
ynao_sd_20150429_0025_ye 5 5 0 0 0 50.31 110.97 50.31 110.97 0 0
ynao_sd_20150430_0100_ye 6 6 0 0 0 46.08 52.66 46.08 52.66 0 0
ynao_sd_20150506_0030_ye 61 53 8 3 0 792.23 833.85 462.61 489.47 329.62 344.38
ynao_sd_20150507_0030_ye 69 65 4 2 0 618.06 815.89 515.62 710.79 102.44 105.1
ynao_sd_20150513_0015_ye 40 32 8 3 0 651.57 829.8 307.86 388.81 343.71 440.99
ynao_sd_20150514_0015_ye 45 38 7 5 0 756.53 1092.49 376.38 475.05 380.15 617.44
ynao_sd_20150520_0150_ye 51 48 3 1 0 540.37 590.04 392.02 439.3 148.35 150.74
ynao_sd_20150527_0025_ye 8 8 0 0 0 64.48 142.02 64.48 142.02 0 0
ynao_sd_20150528_0030_ye 3 2 1 1 0 97.5 323.83 23.28 61.33 74.22 262.5
ynao_sd_20150603_0030_ye 19 16 3 1 0 276.63 303.95 141.94 163.65 134.69 140.3
ynao_sd_20150604_0040_ye 19 17 2 1 0 270.37 305.4 170.15 195.92 100.22 109.48
ynao_sd_20150610_0015_ye 11 9 2 1 0 171.14 188.68 87.14 96.42 84.0 92.26
ynao_sd_20150617_0110_ye 48 43 5 2 0 907.12 1072.78 484.18 617.2 422.94 455.58
ynao_sd_20150618_0325_ye 45 41 4 1 0 723.3 799.14 409.22 452.53 314.08 346.61
ynao_sd_20150624_0020_ye 27 27 0 0 0 214.32 248.33 214.32 248.33 0 0
ynao_sd_20150625_0510_ye 0 0 0 0 0 0 0 0 0 0 0
ynao_sd_20150701_0410_ye 1 0 1 1 0 71.74 132.03 6.71 12.34 65.03 119.69
ynao_sd_20150702_0020_ye 13 11 2 1 0 196.76 261.25 103.36 127.0 93.4 134.25
ynao_sd_20150708_0120_ye 64 59 5 3 0 690.51 989.72 464.93 561.86 225.58 427.86
ynao_sd_20150709_0235_ye 36 34 2 2 0 436.45 679.89 284.65 370.64 151.8 309.25
ynao_sd_20150713_0045_ye 16 15 1 1 0 314.68 346.73 166.25 185.22 148.43 161.51
ynao_sd_20150714_0205_ye 14 13 1 1 0 241.94 258.76 124.71 133.41 117.23 125.35
ynao_sd_20150720_0155_ye 0 0 0 0 0 0 0 0 0 0 0
ynao_sd_20150721_0020_ye 1 1 0 0 0 4.23 5.57 4.23 5.57 0 0
ynao_sd_20150727_0140_ye 52 49 3 1 0 530.55 599.64 403.16 464.74 127.39 134.9
ynao_sd_20150730_0035_ye 31 31 0 0 0 231.98 317.83 231.98 317.83 0 0
ynao_sd_20150806_0015_ye 51 43 8 2 0 981.98 1222.77 448.17 564.27 533.81 658.5
ynao_sd_20150811_0505_ye 68 56 12 3 0 1203.13 1732.66 568.84 780.78 634.29 951.88
ynao_sd_20150812_0045_ye 34 27 7 2 0 812.82 1428.35 337.66 536.22 475.16 892.13
ynao_sd_20150909_0130_ye 11 11 0 0 0 101.06 122.58 101.06 122.58 0 0
ynao_sd_20150910_0225_ye 19 19 0 0 0 158.33 181.64 158.33 181.64 0 0
ynao_sd_20150916_0015_ye 40 34 6 4 0 900.96 1489.46 416.78 665.99 484.18 823.47
ynao_sd_20150917_0010_ye 47 39 8 2 0 986.51 1166.29 391.3 455.11 595.21 711.18
ynao_sd_20150924_0110_ye 24 20 4 2 0 419.2 661.05 256.09 380.29 163.11 280.76
ynao_sd_20150930_0305_ye 51 40 11 5 0 1424.14 2259.62 532.37 916.94 891.77 1342.68
ynao_sd_20151014_0625_ye 14 12 2 2 0 270.24 619.15 129.4 222.46 140.84 396.69
ynao_sd_20151015_0210_ye 49 44 5 2 0 507.44 817.24 332.65 501.3 174.79 315.94
ynao_sd_20151021_0115_ye 40 37 3 2 0 569.25 663.71 347.85 400.03 221.4 263.68
ynao_sd_20151022_0135_ye 69 65 4 2 0 703.76 815.28 527.81 594.41 175.95 220.87
ynao_sd_20151028_0110_ye 13 13 0 0 0 97.76 131.93 97.76 131.93 0 0
ynao_sd_20151029_0040_ye 11 11 0 0 0 98.77 153.89 98.77 153.89 0 0
ynao_sd_20151104_0045_ye 5 5 0 0 0 34.29 35.71 34.29 35.71 0 0
ynao_sd_20151105_0100_ye 1 1 0 0 0 5.74 6.29 5.74 6.29 0 0
ynao_sd_20151109_0045_ye 21 18 3 2 0 262.13 404.06 138.27 210.03 123.86 194.03
ynao_sd_20151112_0120_ye 17 17 0 0 0 147.41 168.23 147.41 168.23 0 0
ynao_sd_20151116_0055_ye 14 14 0 0 0 111.06 139.56 111.06 139.56 0 0
ynao_sd_20151122_0125_ye 0 0 0 0 0 0 0 0 0 0 0
ynao_sd_20151123_0100_ye 1 1 0 0 0 6.77 8.96 6.77 8.96 0 0
ynao_sd_20151125_0145_ye 0 0 0 0 0 0 0 0 0 0 0
ynao_sd_20151130_0200_ye 2 2 0 0 0 23.13 41.23 23.13 41.23 0 0
ynao_sd_20151202_0355_ye 4 4 0 0 0 37.08 39.72 37.08 39.72 0 0
ynao_sd_20151209_0110_ye 41 38 3 2 0 550.76 686.32 390.34 469.14 160.42 217.18
ynao_sd_20151210_0230_ye 85 83 2 1 0 952.44 1344.16 778.61 1135.52 173.83 208.64
ynao_sd_20151214_0115_ye 26 20 6 2 0 2165.48 2342.89 180.16 242.11 1985.32 2100.78
ynao_sd_20151223_0130_ye 23 15 8 3 0 679.36 1385.01 221.45 414.09 457.91 970.92
ynao_sd_20151224_0120_ye 32 20 12 3 0 1114.34 1742.12 313.37 467.66 800.97 1274.46
ynao_sd_20151228_0335_ye 56 53 3 3 0 1038.28 1111.95 590.26 629.22 448.02 482.73
