ynao_sd_19570101_0140_xu 47 33 14 6 0 3259.37 3955.6 1043.37 1254.5 2216.0 2701.1
ynao_sd_19570102_0320_xu 46 33 13 5 0 4101.72 5245.22 1187.66 1540.14 2914.06 3705.08
ynao_sd_19570103_0630_xu 38 31 7 3 0 3513.82 4343.29 1020.04 1193.99 2493.78 3149.3
ynao_sd_19570105_0210_xu 30 18 12 5 0 4139.46 5981.83 753.28 1125.66 3386.18 4856.17
ynao_sd_19570106_0120_xu 33 24 9 1 0 2115.37 3732.14 663.85 1433.7 1451.52 2298.44
ynao_sd_19570107_0500_xu 18 8 10 1 0 1920.21 4430.42 441.82 966.01 1478.39 3464.41
ynao_sd_19570108_0250_xu 16 7 9 1 0 1091.19 3261.91 279.68 805.94 811.51 2455.97
ynao_sd_19570109_0310_xu 4 4 0 0 0 55.23 241.09 55.23 241.09 0 0
ynao_sd_19570110_0150_xu 2 2 0 0 0 18.05 23.99 18.05 23.99 0 0
ynao_sd_19570111_0440_niu 1 0 1 2 0 105.87 182.39 3.23 5.78 102.64 176.61
ynao_sd_19570112_0700_xu 4 3 1 1 0 212.95 500.17 64.37 157.74 148.58 342.43
ynao_sd_19570114_0810_xu 2 1 1 1 0 387.75 497.97 80.35 102.25 307.4 395.72
ynao_sd_19570115_0230_xu 3 1 2 1 0 275.5 330.64 84.29 102.42 191.21 228.22
ynao_sd_19570116_0230_xu 5 3 2 2 0 431.29 1471.51 89.32 98.44 341.97 1373.07
ynao_sd_19570117_0240_xu 6 4 2 2 0 733.72 1718.99 232.49 685.48 501.23 1033.51
ynao_sd_19570119_0330_xu 24 21 3 3 0 1185.2 1657.95 559.23 805.62 625.97 852.33
ynao_sd_19570121_0320_xu 53 49 4 6 0 1695.75 2604.48 722.01 877.01 973.74 1727.47
ynao_sd_19570122_0410_xu 13 12 1 1 0 1135.61 1469.2 556.45 838.54 579.16 630.66
ynao_sd_19570123_0510_xu 35 27 8 8 0 2107.17 2620.71 547.92 700.78 1559.25 1919.93
ynao_sd_19570124_0220_xu 39 30 9 5 0 1918.33 2394.6 510.36 627.16 1407.97 1767.44
ynao_sd_19570125_0220_xu 42 36 6 4 0 2285.33 3201.26 769.91 1074.72 1515.42 2126.54
ynao_sd_19570126_0240_xu 34 25 9 4 0 2074.47 3601.45 578.75 949.71 1495.72 2651.74
ynao_sd_19570127_0430_niu 26 10 16 11 0 2121.32 3324.69 449.75 995.57 1671.57 2329.12
ynao_sd_19570128_0220_xu 15 8 7 5 0 753.56 2384.38 299.03 826.81 454.53 1557.57
ynao_sd_19570129_0220_xu 13 9 4 3 0 528.93 670.37 241.4 309.46 287.53 360.91
ynao_sd_19570130_0230_xu 16 12 4 4 0 539.81 682.86 184.83 217.08 354.98 465.78
ynao_sd_19570201_0510_xu 8 5 3 2 0 262.27 438.21 116.93 223.33 145.34 214.88
ynao_sd_19570202_0430_niu 15 10 5 5 0 375.19 578.15 166.32 305.21 208.87 272.94
ynao_sd_19570203_0440_niu 6 4 2 2 0 260.61 335.43 81.81 106.08 178.8 229.35
ynao_sd_19570208_0140_xu 15 15 0 0 0 146.47 307.1 146.47 307.1 0 0
ynao_sd_19570209_0320_xu 7 7 0 0 0 68.27 112.26 68.27 112.26 0 0
ynao_sd_19570210_0830_niu 4 2 2 2 0 177.51 261.96 47.85 71.12 129.66 190.84
ynao_sd_19570213_0550_xu 3 3 0 1 0 85.75 202.18 34.94 78.95 50.81 123.23
ynao_sd_19570214_0150_xu 5 5 0 0 0 76.12 177.21 76.12 177.21 0 0
ynao_sd_19570215_0650_xu 14 12 2 2 0 391.74 527.0 209.7 283.37 182.04 243.63
ynao_sd_19570216_0340_xu 13 12 1 1 0 204.69 244.15 125.08 148.63 79.61 95.52
ynao_sd_19570217_0220_xu 5 5 0 1 0 190.46 218.69 124.13 143.8 66.33 74.89
ynao_sd_19570218_0540_xu 4 3 1 1 0 144.57 155.41 57.87 61.2 86.7 94.21
ynao_sd_19570219_0220_xu 4 3 1 0 0 111.23 125.1 196.23 219.95 0 0
ynao_sd_19570220_0320_xu 10 9 1 1 0 134.4 157.48 96.16 111.92 38.24 45.56
ynao_sd_19570221_0330_xu 7 7 0 1 0 208.83 255.77 79.54 101.82 129.29 153.95
ynao_sd_19570222_0210_xu 15 13 2 3 0 655.45 952.55 305.64 473.92 349.81 478.63
ynao_sd_19570224_0310_xu 27 18 9 5 0 1264.23 1989.27 409.81 756.34 854.42 1232.93
ynao_sd_19570225_0240_xu 17 14 3 3 0 1030.46 2516.48 262.3 362.67 768.16 2153.81
ynao_sd_19570226_0720_xu 20 8 12 6 0 1277.65 1660.85 327.71 426.93 949.94 1233.92
ynao_sd_19570227_0230_xu 34 25 9 4 0 1201.04 1549.82 378.11 488.88 822.93 1060.94
ynao_sd_19570228_0340_xu 30 25 5 4 0 1094.31 1454.08 491.38 642.24 602.93 811.84
ynao_sd_19570301_0410_niu 42 28 14 8 0 909.06 1303.6 281.14 390.76 627.92 912.84
ynao_sd_19570302_0420_xu 27 20 7 4 0 1244.39 1772.39 427.33 784.07 817.06 988.32
ynao_sd_19570303_0220_xu 18 12 6 5 0 993.32 1465.08 339.02 493.28 654.3 971.8
ynao_sd_19570304_0320_xu 22 17 5 3 0 669.69 1191.58 304.44 511.7 365.25 679.88
ynao_sd_19570305_0720_xu 21 19 2 3 0 372.81 799.96 199.98 331.5 172.83 468.46
ynao_sd_19570306_0310_xu 23 19 4 2 0 725.66 1255.54 316.97 575.11 408.69 680.43
ynao_sd_19570307_0220_xu 11 11 0 0 0 136.02 302.19 136.02 302.19 0 0
ynao_sd_19570308_0610_xu 8 8 0 0 0 112.42 223.6 112.42 223.6 0 0
ynao_sd_19570309_0220_xu 11 11 0 0 0 131.07 216.06 131.07 216.06 0 0
ynao_sd_19570310_0250_xu 8 8 0 0 0 106.3 153.66 106.3 153.66 0 0
ynao_sd_19570311_0250_xu 7 7 0 0 0 64.68 73.6 64.68 73.6 0 0
ynao_sd_19570312_0310_xu 12 11 1 1 0 632.82 1924.99 138.59 176.85 494.23 1748.14
ynao_sd_19570313_0300_xu 22 20 2 1 0 224.7 307.97 202.81 260.08 21.89 47.89
ynao_sd_19570315_0100_xu 15 14 1 1 0 614.7 689.27 145.5 179.42 469.2 509.85
ynao_sd_19570316_0230_xu 8 7 1 1 0 116.61 135.52 74.55 88.72 42.06 46.8
ynao_sd_19570317_0230_xu 9 9 0 0 0 76.49 88.24 76.49 88.24 0 0
ynao_sd_19570318_0330_xu 6 6 0 0 0 106.46 151.49 106.46 151.49 0 0
ynao_sd_19570319_0240_xu 10 9 1 1 0 839.71 1046.63 132.21 253.63 707.5 793.0
ynao_sd_19570320_0230_xu 9 7 2 1 0 550.79 691.65 107.37 232.98 443.42 458.67
ynao_sd_19570321_0240_xu 11 10 1 1 0 259.96 373.91 181.48 260.87 78.48 113.04
ynao_sd_19570322_0220_xu 7 6 1 2 0 309.99 503.28 129.1 213.36 180.89 289.92
ynao_sd_19570323_0420_niu 15 13 2 2 0 298.57 688.95 162.18 385.1 136.39 303.85
ynao_sd_19570324_0440_niu 8 4 4 2 0 502.62 783.32 108.64 186.15 393.98 597.17
ynao_sd_19570325_0230_xu 5 4 1 1 0 623.37 920.11 118.49 176.19 504.88 743.92
ynao_sd_19570326_0320_xu 12 9 3 2 0 716.8 1027.6 153.1 211.08 563.7 816.52
ynao_sd_19570327_0350_xu 17 14 3 3 0 2748.05 3574.83 291.99 388.66 2456.06 3186.17
ynao_sd_19570329_0440_niu 39 29 10 7 0 819.72 1077.76 437.08 574.94 382.64 502.82
ynao_sd_19570330_0340_niu 42 30 12 7 0 582.63 759.81 277.11 383.18 305.52 376.63
ynao_sd_19570331_0420_chen 31 25 6 1 0 258.35 352.08 293.92 463.15 0 0
ynao_sd_19570401_0400_chen 23 20 3 3 0 855.46 2668.39 228.88 431.96 626.58 2236.43
ynao_sd_19570402_0300_chen 16 11 5 3 0 379.1 599.92 158.32 257.98 220.78 341.94
ynao_sd_19570404_0520_chen 24 24 0 1 0 1137.29 1453.17 173.86 333.49 963.43 1119.68
ynao_sd_19570406_0340_chen 15 13 2 3 0 1789.41 2227.0 138.95 235.66 1650.46 1991.34
ynao_sd_19570407_0320_chen 19 18 1 1 0 784.25 951.34 148.2 260.2 636.05 691.14
ynao_sd_19570408_0450_chen 33 30 3 2 0 1234.87 3050.39 234.15 420.47 1000.72 2629.92
ynao_sd_19570409_0210_xu 37 32 5 3 0 991.98 1798.33 427.89 746.98 564.09 1051.35
ynao_sd_19570410_0320_xu 18 9 9 4 0 732.53 1407.91 237.92 452.4 494.61 955.51
ynao_sd_19570411_0300_xu 17 9 8 3 0 602.67 1420.35 249.12 714.96 353.55 705.39
ynao_sd_19570415_0310_xu 12 12 0 0 0 181.36 263.87 181.36 263.87 0 0
ynao_sd_19570417_0230_xu 15 15 0 1 0 998.69 1167.69 175.49 233.21 823.2 934.48
ynao_sd_19570418_0430_niu 11 8 3 3 0 199.63 241.05 125.05 157.22 74.58 83.83
ynao_sd_19570419_0620_xu 10 10 0 1 0 346.93 573.34 148.12 228.34 198.81 345.0
ynao_sd_19570420_0310_xu 16 11 5 3 0 672.08 1431.43 178.9 280.7 493.18 1150.73
ynao_sd_19570421_0350_xu 24 21 3 2 0 401.91 547.55 243.56 339.22 158.35 208.33
ynao_sd_19570422_0300_xu 20 17 3 3 0 2439.59 3963.36 240.09 339.66 2199.5 3623.7
ynao_sd_19570423_0320_xu 15 10 5 2 0 1038.55 1988.41 183.91 256.43 854.64 1731.98
ynao_sd_19570424_0240_xu 14 13 1 1 0 225.27 290.35 111.66 148.44 113.61 141.91
ynao_sd_19570425_0510_xu 10 4 6 0 0 38.88 49.5 128.2 229.57 0 0
ynao_sd_19570426_0350_xu 11 11 0 0 0 113.38 191.07 113.38 191.07 0 0
ynao_sd_19570427_0220_xu 3 3 0 0 0 42.18 172.18 42.18 172.18 0 0
ynao_sd_19570428_0240_chen 4 3 1 1 0 137.37 271.65 48.5 89.93 88.87 181.72
ynao_sd_19570429_0250_xu 5 4 1 0 0 29.32 42.55 46.91 70.4 0 0
ynao_sd_19570430_0310_xu 4 3 1 1 0 616.79 1174.0 51.58 89.24 565.21 1084.76
ynao_sd_19570501_0310_xu 7 4 3 3 0 1073.66 1358.24 74.81 94.1 998.85 1264.14
ynao_sd_19570502_0330_xu 10 9 1 1 0 261.14 404.78 133.84 252.4 127.3 152.38
ynao_sd_19570503_0420_niu 13 11 2 2 0 321.9 496.67 193.93 347.2 127.97 149.47
ynao_sd_19570505_0240_xu 2 2 0 0 0 138.43 193.54 138.43 193.54 0 0
ynao_sd_19570507_0340_xu 21 13 8 3 0 942.36 1733.01 254.81 476.86 687.55 1256.15
ynao_sd_19570508_0610_xu 35 24 11 4 0 1454.01 1890.83 561.27 770.03 892.74 1120.8
ynao_sd_19570509_0220_xu 35 28 7 2 0 1862.05 2267.47 488.98 586.57 1373.07 1680.9
ynao_sd_19570510_0300_xu 31 26 5 4 0 2438.21 2848.78 500.6 651.5 1937.61 2197.28
ynao_sd_19570511_0420_chen 52 47 5 3 0 1437.49 1650.05 549.18 647.16 888.31 1002.89
ynao_sd_19570512_0320_chen 56 48 8 5 0 1568.51 1863.91 479.88 558.71 1088.63 1305.2
ynao_sd_19570514_0304_xu 37 28 9 2 0 1331.22 1746.37 551.32 713.46 779.9 1032.91
ynao_sd_19570515_0310_xu 28 18 10 6 0 2777.57 6781.59 613.93 1284.83 2163.64 5496.76
ynao_sd_19570516_0350_xu 22 12 10 5 0 2053.27 3996.63 345.45 677.41 1707.82 3319.22
ynao_sd_19570517_0310_xu 16 6 10 4 0 2000.93 6074.93 368.66 727.94 1632.27 5346.99
ynao_sd_19570518_0310_xu 13 6 7 3 0 827.63 1028.77 208.52 261.73 619.11 767.04
ynao_sd_19570520_0520_xu 41 29 12 5 0 2194.92 3728.73 385.42 542.52 1809.5 3186.21
ynao_sd_19570521_0310_xu 23 18 5 3 0 1454.27 2967.4 359.48 529.07 1094.79 2438.33
ynao_sd_19570522_0250_xu 22 14 8 7 0 3018.41 9844.22 526.26 1130.75 2492.15 8713.47
ynao_sd_19570523_0220_xu 12 10 2 2 0 1337.59 2468.9 394.01 699.48 943.58 1769.42
ynao_sd_19570524_0330_niu 29 19 10 7 0 653.88 859.69 301.9 410.46 351.98 449.23
ynao_sd_19570525_0400_niu 33 22 11 5 0 463.34 689.66 249.73 335.09 213.61 354.57
ynao_sd_19570526_0530_chen 16 13 3 2 0 715.99 955.27 231.08 407.24 484.91 548.03
ynao_sd_19570529_0330_xu 11 10 1 1 0 863.65 1040.59 135.42 201.42 728.23 839.17
ynao_sd_19570608_0340_xu 17 3 14 5 0 2513.21 6478.0 249.19 589.31 2264.02 5888.69
ynao_sd_19570609_0630_xu 21 12 9 3 0 4076.09 9408.27 291.34 731.05 3784.75 8677.22
ynao_sd_19570614_0540_niu 34 25 9 1 0 767.16 875.55 331.53 376.27 435.63 499.28
ynao_sd_19570615_0330_niu 37 26 11 5 0 580.23 679.88 278.77 327.0 301.46 352.88
ynao_sd_19570617_1010_cheng 45 39 6 1 0 431.84 877.08 528.6 1119.1 0 0
ynao_sd_19570621_0330_niu 43 29 14 5 0 2729.01 3094.56 650.97 746.31 2078.04 2348.25
ynao_sd_19570624_0810_cheng 31 26 5 3 0 2011.86 3107.16 676.44 767.78 1335.42 2339.38
ynao_sd_19570625_0420_xu 10 9 1 1 0 975.43 1099.86 301.81 389.6 673.62 710.26
ynao_sd_19570626_0800_cheng 31 26 5 5 0 2103.51 3142.79 446.28 695.3 1657.23 2447.49
ynao_sd_19570627_0300_xu 8 4 4 3 0 2452.66 4708.93 189.76 290.93 2262.9 4418.0
ynao_sd_19570628_0820_xu 5 1 4 3 0 2008.21 5542.3 164.47 369.64 1843.74 5172.66
ynao_sd_19570629_0450_niu 8 3 5 1 0 233.41 548.74 233.71 548.74 0 0
ynao_sd_19570630_0820_cheng 17 15 2 2 0 2282.8 4000.52 321.49 422.93 1961.31 3577.59
ynao_sd_19570703_0710_cheng 26 17 9 2 0 2045.2 2611.79 393.29 477.02 1651.91 2134.77
ynao_sd_19570704_0640_cheng 35 14 21 5 0 1496.78 1859.21 434.56 533.9 1062.22 1325.31
ynao_sd_19570705_0400_niu 26 15 11 6 0 834.47 1132.46 278.74 379.38 555.73 753.08
ynao_sd_19570706_0810_shu 18 14 4 2 0 1534.2 3079.1 190.66 308.08 1343.54 2771.02
ynao_sd_19570709_0710_cheng 15 10 5 3 0 1785.53 2856.56 248.28 406.04 1537.25 2450.52
ynao_sd_19570711_0440_cheng 7 4 3 2 0 913.35 1223.78 159.04 257.58 754.31 966.2
ynao_sd_19570712_0240_shu 3 0 3 3 0 768.18 1323.68 84.93 119.66 683.25 1204.02
ynao_sd_19570714_0440_cheng 12 6 6 5 0 3902.92 6264.58 293.9 904.77 3609.02 5359.81
ynao_sd_19570717_0230_cheng 18 7 11 4 0 2415.79 3633.14 617.21 934.69 1798.58 2698.45
ynao_sd_19570720_0730_cheng 23 3 20 7 0 6526.18 11145.29 739.4 1151.54 5786.78 9993.75
ynao_sd_19570722_0600_cheng 49 24 25 6 0 3893.18 5039.57 705.25 910.98 3187.93 4128.59
ynao_sd_19570724_0650_cheng 60 34 26 11 0 4672.69 5961.62 861.93 1188.33 3810.76 4773.29
ynao_sd_19570725_0310_cheng 63 38 25 10 0 5437.68 10437.37 846.47 1219.55 4591.21 9217.82
ynao_sd_19570726_0530_niu 69 38 31 13 0 1886.94 2385.14 600.87 683.98 1286.07 1701.16
ynao_sd_19570727_0440_niu 59 34 25 15 0 1764.15 2477.05 561.9 771.21 1202.25 1705.84
ynao_sd_19570728_0510_cheng 60 45 15 4 0 1665.92 2724.13 514.83 663.56 1151.09 2060.57
ynao_sd_19570801_0830_cheng 15 7 8 4 0 1720.4 5139.6 220.31 435.72 1500.09 4703.88
ynao_sd_19570802_0820_xu 18 13 5 3 0 1648.04 2011.17 325.14 392.92 1322.9 1618.25
ynao_sd_19570807_0600_xu 16 7 9 5 0 3110.9 5174.09 172.01 222.61 2938.89 4951.48
ynao_sd_19570808_0840_cheng 25 11 14 7 0 4384.79 7434.61 359.7 564.02 4025.09 6870.59
ynao_sd_19570811_0640_cheng 20 7 13 3 0 3124.09 4224.53 424.57 715.13 2699.52 3509.4
ynao_sd_19570813_0400_xu 22 12 10 5 0 2730.9 2910.33 459.91 511.32 2270.99 2399.01
ynao_sd_19570814_0140_cheng 28 21 7 2 0 804.54 891.42 621.8 720.02 182.74 171.4
ynao_sd_19570815_0330_cheng 29 16 13 5 0 1339.04 3009.71 264.88 356.95 1074.16 2652.76
ynao_sd_19570816_0320_xu 27 18 9 2 0 925.85 1795.65 286.65 477.41 639.2 1318.24
ynao_sd_19570818_0520_xu 24 6 18 7 0 4616.06 8251.78 253.47 392.65 4362.59 7859.13
ynao_sd_19570819_0600_cheng 55 23 32 10 0 3742.48 6373.64 586.59 816.72 3155.89 5556.92
ynao_sd_19570820_0140_cheng 32 9 23 10 0 4562.82 7343.78 401.25 490.27 4161.57 6853.51
ynao_sd_19570821_0220_cheng 35 21 14 4 0 1843.61 1969.99 429.97 486.76 1413.64 1483.23
ynao_sd_19570822_0440_cheng 28 13 15 6 0 1989.72 2840.31 317.59 395.87 1672.13 2444.44
ynao_sd_19570823_0250_xu 35 27 8 2 0 1183.48 2179.69 371.42 439.35 812.06 1740.34
ynao_sd_19570824_0240_xu 32 21 11 3 0 1622.52 3451.15 307.12 472.44 1315.4 2978.71
ynao_sd_19570825_0630_cheng 40 28 12 9 0 2659.73 7962.28 413.43 772.07 2246.3 7190.21
ynao_sd_19570827_0750_cheng 30 14 16 4 0 2376.1 4657.74 280.98 468.31 2095.12 4189.43
ynao_sd_19570828_0300_cheng 47 23 24 4 0 1701.46 2614.52 452.47 710.51 1248.99 1904.01
ynao_sd_19570829_0730_cheng 65 37 28 8 0 5165.36 6510.15 721.81 862.21 4443.55 5647.94
ynao_sd_19570830_1020_xu 28 23 5 3 0 1698.91 2116.06 544.78 605.5 1154.13 1510.56
ynao_sd_19570831_0850_xu 94 64 30 8 0 3940.97 4129.66 816.35 851.5 3124.62 3278.16
ynao_sd_19570901_0400_cheng 96 56 40 10 0 5255.45 5531.82 1151.19 1248.43 4104.26 4283.39
ynao_sd_19570902_0330_cheng 89 41 48 10 0 2472.94 2693.97 862.3 969.03 1610.64 1724.94
ynao_sd_19570903_0310_cheng 59 24 35 12 0 4025.94 6925.41 761.46 1014.12 3264.48 5911.29
ynao_sd_19570904_0300_cheng 61 29 32 14 0 3247.08 8781.29 537.98 977.47 2709.1 7803.82
ynao_sd_19570905_0330_cheang 50 26 24 10 0 3592.64 9819.33 558.29 1221.53 3034.35 8597.8
ynao_sd_19570906_0400_xu 15 3 12 4 0 6080.43 14878.88 409.44 1028.65 5670.99 13850.23
ynao_sd_19570907_0440_xu 31 21 10 6 0 1611.03 3379.99 436.39 680.7 1174.64 2699.29
ynao_sd_19570908_0910_cheng 39 21 18 6 0 2357.21 2911.58 562.61 668.89 1794.6 2242.69
ynao_sd_19570909_0930_cheng 41 25 16 8 0 3302.06 4060.83 375.41 408.09 2926.65 3652.74
ynao_sd_19570910_0340_cheng 22 12 10 6 0 2164.81 2238.17 509.41 535.33 1655.4 1702.84
ynao_sd_19570911_0530_cheng 25 14 11 6 0 946.85 1214.92 384.77 683.54 562.08 531.38
ynao_sd_19570915_0800_cheng 69 34 35 16 0 3416.41 6785.85 861.1 1450.27 2555.31 5335.58
ynao_sd_19570918_0820_cheng 80 44 36 8 0 5379.63 5942.19 1080.72 1185.81 4298.91 4756.38
ynao_sd_19570919_0450_xu 91 65 26 4 0 4094.09 4337.27 1187.61 1305.36 2906.48 3031.91
ynao_sd_19570920_0810_xu 76 53 23 5 0 4947.12 8447.66 1197.06 1379.22 3750.06 7068.44
ynao_sd_19570922_0520_cheng 102 57 45 10 0 7232.03 10608.65 1414.76 2133.14 5817.27 8475.51
ynao_sd_19571004_0440_xu 24 18 6 2 0 2477.43 3140.41 250.01 350.46 2227.42 2789.95
ynao_sd_19571012_0320_cheng 35 16 19 12 0 1848.99 2812.55 652.51 858.93 1196.48 1953.62
ynao_sd_19571013_0210_xu 37 23 14 8 0 3427.96 6210.55 424.68 602.81 3003.28 5607.74
ynao_sd_19571014_0450_niu 29 20 9 6 0 2019.14 2557.4 331.5 449.93 1687.64 2107.47
ynao_sd_19571015_0440_niu 26 19 7 6 0 924.74 1298.82 290.2 376.65 634.54 922.17
ynao_sd_19571016_0340_niu 25 17 8 7 0 1994.35 4616.23 302.82 455.41 1691.53 4160.82
ynao_sd_19571018_0630_xu 12 5 7 4 0 1752.81 3396.35 133.97 225.39 1618.84 3170.96
ynao_sd_19571020_0200_xu 21 15 6 3 0 1437.14 4611.73 201.56 476.74 1235.58 4134.99
ynao_sd_19571021_0330_chen 25 13 12 8 0 2545.88 4766.24 315.78 535.68 2230.1 4230.56
ynao_sd_19571022_0520_chen 37 23 14 10 0 3359.02 6127.2 611.46 880.61 2747.56 5246.59
ynao_sd_19571024_0530_chen 55 45 10 6 0 1423.68 1651.84 577.7 672.83 845.98 979.01
ynao_sd_19571025_0310_chen 35 20 15 10 0 2723.42 4373.88 657.43 866.33 2065.99 3507.55
ynao_sd_19571026_0700_niu 39 27 12 8 0 719.88 984.25 344.42 448.81 375.46 535.44
ynao_sd_19571027_0330_chen 54 37 17 10 0 4334.39 7122.35 745.49 938.32 3588.9 6184.03
ynao_sd_19571028_0320_chen 44 27 17 14 0 3677.77 6779.84 478.38 630.44 3199.39 6149.4
ynao_sd_19571031_0250_chen 45 17 28 11 0 3980.87 6666.57 406.78 649.17 3574.09 6017.4
ynao_sd_19571101_0420_xu 24 8 16 11 0 4105.49 8607.24 419.07 675.48 3686.42 7931.76
ynao_sd_19571102_0540_chen 36 15 21 10 0 2749.55 5342.72 492.76 962.38 2256.79 4380.34
ynao_sd_19571103_0540_chen 47 21 26 13 0 6461.28 13137.13 964.29 1657.38 5496.99 11479.75
ynao_sd_19571104_0530_chen 27 13 14 10 0 4113.43 8340.01 407.25 735.42 3706.18 7604.59
ynao_sd_19571105_0330_chen 30 14 16 8 0 3655.34 6656.92 489.64 816.19 3165.7 5840.73
ynao_sd_19571106_0350_chen 22 11 11 10 0 4366.16 7176.78 590.19 1343.34 3775.97 5833.44
ynao_sd_19571107_0350_xu 22 9 13 8 0 4757.86 5758.64 407.95 580.37 4349.91 5178.27
ynao_sd_19571108_0350_xu 16 9 7 5 0 972.51 1506.48 258.99 372.98 713.52 1133.5
ynao_sd_19571109_0850_xu 20 8 12 6 0 4009.62 9457.83 307.24 506.5 3702.38 8951.33
ynao_sd_19571110_0650_chen 38 22 16 8 0 3126.18 3417.84 527.57 670.8 2598.61 2747.04
ynao_sd_19571113_0520_chen 30 18 12 7 0 2765.43 2986.17 284.6 299.91 2480.83 2686.26
ynao_sd_19571114_0300_chen 38 27 11 6 0 2455.04 4228.63 490.81 956.43 1964.23 3272.2
ynao_sd_19571115_0310_xu 27 12 15 8 0 1275.45 1945.95 395.96 540.55 879.49 1405.4
ynao_sd_19571116_0710_chen 41 26 15 9 0 2978.34 4367.09 429.62 552.99 2548.72 3814.1
ynao_sd_19571117_0520_chen 40 20 20 10 0 3164.5 4997.33 588.27 727.26 2576.23 4270.07
ynao_sd_19571118_0600_chen 53 33 20 10 0 3450.47 7649.82 713.73 1282.81 2736.74 6367.01
ynao_sd_19571119_0600_chen 38 21 17 7 0 1034.98 2016.52 453.87 851.26 581.11 1165.26
ynao_sd_19571120_0530_chen 31 22 9 6 0 975.7 1615.35 345.48 396.85 630.22 1218.5
ynao_sd_19571121_0600_chen 54 43 11 9 0 1873.2 2302.34 424.93 495.19 1448.27 1807.15
ynao_sd_19571122_0630_chen 26 17 9 8 0 2391.47 3080.55 339.58 477.13 2051.89 2603.42
ynao_sd_19571123_0400_chen 32 18 14 7 0 1717.94 2443.51 335.07 480.26 1382.87 1963.25
ynao_sd_19571124_0500_chen 21 14 7 4 0 1859.07 2441.15 228.44 364.46 1630.63 2076.69
ynao_sd_19571125_0330_chen 17 6 11 7 0 3008.14 5767.52 196.4 282.66 2811.74 5484.86
ynao_sd_19571126_0300_chen 8 6 2 3 0 1672.64 3233.84 142.96 169.36 1529.68 3064.48
ynao_sd_19571128_0250_chen 7 1 6 5 0 1358.6 2242.04 82.88 152.21 1275.72 2089.83
ynao_sd_19571129_0330_chen 15 7 8 4 0 2597.37 4273.16 103.93 159.29 2493.44 4113.87
ynao_sd_19571202_0520_chen 13 8 5 2 0 1171.92 3125.84 144.54 218.14 1027.38 2907.7
ynao_sd_19571203_0600_chen 19 12 7 3 0 1376.56 2107.7 267.79 429.4 1108.77 1678.3
ynao_sd_19571205_0220_chen 26 18 8 1 0 353.54 566.23 428.59 764.51 0 0
ynao_sd_19571206_0220_chen 20 11 9 6 0 2211.0 3753.83 459.41 770.68 1751.59 2983.15
ynao_sd_19571207_0300_chen 40 30 10 4 0 2013.35 2292.95 356.79 485.68 1656.56 1807.27
ynao_sd_19571208_0440_chen 23 16 7 4 0 1167.0 2103.1 223.41 267.99 943.59 1835.11
ynao_sd_19571209_0310_chen 16 12 4 1 0 594.42 691.39 204.79 278.22 389.63 413.17
ynao_sd_19571210_0440_chen 35 30 5 2 0 1383.58 2718.49 222.16 257.33 1161.42 2461.16
ynao_sd_19571211_0510_chen 26 21 5 1 0 590.94 647.11 235.81 291.24 355.13 355.87
ynao_sd_19571212_0310_chen 28 19 9 4 0 1682.03 1900.59 243.75 267.81 1438.28 1632.78
ynao_sd_19571213_0250_chen 14 6 8 4 0 1878.45 2373.25 235.94 274.22 1642.51 2099.03
ynao_sd_19571214_0730_chen 17 13 4 2 0 346.84 505.58 240.76 343.99 106.08 161.59
ynao_sd_19571216_0310_chen 29 21 8 4 0 841.94 1668.49 421.45 871.49 420.49 797.0
ynao_sd_19571217_0830_chen 42 25 17 8 0 3704.11 7340.91 649.24 1090.43 3054.87 6250.48
ynao_sd_19571218_0310_chen 64 43 21 6 0 1140.06 1694.39 545.19 768.96 594.87 925.43
ynao_sd_19571219_0330_chen 59 40 19 12 0 4418.45 6475.58 586.0 828.24 3832.45 5647.34
ynao_sd_19571220_0240_xu 45 16 29 4 0 3985.11 9093.74 624.01 915.28 3361.1 8178.46
ynao_sd_19571221_0600_chen 78 40 38 14 0 4524.67 6299.04 883.93 1285.81 3640.74 5013.23
ynao_sd_19571222_0340_chen 87 60 27 8 0 5131.19 6882.35 962.01 1271.22 4169.18 5611.13
ynao_sd_19571223_0340_chen 85 36 49 13 0 5471.87 6940.95 930.11 1151.98 4541.76 5788.97
ynao_sd_19571224_0320_chen 78 42 36 12 0 4744.71 6607.17 1066.3 1378.14 3678.41 5229.03
ynao_sd_19571225_0450_chen 66 34 32 12 0 6062.73 7961.57 891.16 1249.84 5171.57 6711.73
ynao_sd_19571226_0320_chen 93 63 30 10 0 5417.34 9655.78 1013.51 1415.07 4403.83 8240.71
ynao_sd_19571227_0340_chen 49 25 24 10 0 5816.51 7944.92 973.54 1282.73 4842.97 6662.19
ynao_sd_19571228_0520_chen 48 24 24 8 0 2908.02 4011.64 716.0 1108.92 2192.02 2902.72
