ynao_sd_19580107_0450_chen 47 37 10 5 0 3527.36 6075.88 403.35 613.99 3124.01 5461.89
ynao_sd_19580108_0300_chen 42 31 11 6 0 1823.14 3356.92 347.24 517.1 1475.9 2839.82
ynao_sd_19580109_0310_chen 20 17 3 3 0 2867.76 6474.52 493.95 773.73 2373.81 5700.79
ynao_sd_19580110_0650_xu 19 12 7 7 0 2127.0 3773.04 320.85 510.98 1806.15 3262.06
ynao_sd_19580112_0440_chen 43 36 7 5 0 2809.26 4542.94 309.23 564.32 2500.03 3978.62
ynao_sd_19580113_0500_chen 50 30 20 7 0 4144.2 6626.55 792.1 1097.82 3352.1 5528.73
ynao_sd_19580114_0330_chen 47 30 17 7 0 2214.58 2908.11 560.09 733.89 1654.49 2174.22
ynao_sd_19580116_0310_chen 51 34 17 7 0 3628.71 7966.18 820.18 1101.54 2808.53 6864.64
ynao_sd_19580117_0300_xu 39 26 13 8 0 3972.61 6424.21 687.35 934.13 3285.26 5490.08
ynao_sd_19580118_0630_chen 39 24 15 10 0 5014.76 7385.76 586.93 885.15 4427.83 6500.61
ynao_sd_19580119_0350_chen 54 27 27 10 0 5554.3 7449.38 652.77 905.21 4901.53 6544.17
ynao_sd_19580120_0340_chen 47 24 23 10 0 4853.1 7350.52 707.41 988.28 4145.69 6362.24
ynao_sd_19580121_0300_chen 60 38 22 10 0 4056.84 5501.89 554.43 888.47 3502.41 4613.42
ynao_sd_19580122_0300_chen 49 25 24 9 0 4612.73 8170.06 555.6 912.34 4057.13 7257.72
ynao_sd_19580123_0340_chen 27 21 6 3 0 1483.19 2588.81 401.43 733.72 1081.76 1855.09
ynao_sd_19580124_0510_xu 12 10 2 4 0 1720.91 2435.25 205.0 291.84 1515.91 2143.41
ynao_sd_19580125_0320_chen 11 1 10 5 0 2673.39 4292.64 201.63 295.91 2471.76 3996.73
ynao_sd_19580126_0340_chen 17 8 9 6 0 2788.62 6159.73 332.19 737.52 2456.43 5422.21
ynao_sd_19580127_0300_chen 25 11 14 9 0 4084.45 8682.94 413.73 766.73 3670.72 7916.21
ynao_sd_19580128_0450_chen 14 6 8 6 0 2632.91 4461.9 249.78 358.68 2383.13 4103.22
ynao_sd_19580129_0310_chen 21 11 10 4 0 601.55 735.99 239.43 290.1 362.12 445.89
ynao_sd_19580201_0510_chen 12 8 4 3 0 866.97 1073.7 330.75 418.72 536.22 654.98
ynao_sd_19580202_0310_chen 13 6 7 4 0 2236.58 3648.46 151.71 222.07 2084.87 3426.39
ynao_sd_19580203_0330_chen 9 4 5 3 0 1553.86 2282.61 157.43 213.49 1396.43 2069.12
ynao_sd_19580204_0340_xu 9 3 6 3 0 328.4 467.43 95.42 141.15 232.98 326.28
ynao_sd_19580205_0310_chen 17 12 5 1 0 161.77 258.73 157.59 262.26 4.18 3.53
ynao_sd_19580206_0500_chen 13 9 4 2 0 315.66 448.81 211.4 322.32 104.26 126.49
ynao_sd_19580207_0230_xu 11 9 2 3 0 1027.36 4266.78 144.44 341.34 882.92 3925.44
ynao_sd_19580215_0750_chen 34 24 10 3 0 2893.62 3690.08 703.4 979.56 2190.22 2710.52
ynao_sd_19580220_0230_chen 12 7 5 5 0 2448.31 3976.44 129.02 164.06 2319.29 3812.38
ynao_sd_19580223_0250_chen 7 7 0 0 0 94.29 161.75 94.29 161.75 0 0
ynao_sd_19580224_0700_chen 1 1 0 0 0 40.22 81.94 40.22 81.94 0 0
ynao_sd_19580226_0230_chen 10 5 5 1 0 1721.77 2580.74 191.36 296.66 1530.41 2284.08
ynao_sd_19580227_0230_chen 7 5 2 0 0 79.3 108.18 90.6 123.58 11.3 15.4
ynao_sd_19580228_0330_chen 10 9 1 0 0 57.56 72.58 64.64 81.67 7.08 9.09
ynao_sd_19580301_0250_xu 4 1 3 2 0 303.44 382.78 50.26 63.69 253.18 319.09
ynao_sd_19580303_0250_chen 9 6 3 1 0 828.48 2300.25 66.39 141.38 762.09 2158.87
ynao_sd_19580304_0320_chen 23 12 11 3 0 1817.39 3717.52 133.52 231.01 1683.87 3486.51
ynao_sd_19580305_0320_chen 33 25 8 3 0 573.29 797.89 317.82 431.46 255.47 366.43
ynao_sd_19580306_0400_chen 36 21 15 5 0 1011.23 1268.07 324.64 407.13 686.59 860.94
ynao_sd_19580307_0310_chen 50 37 13 7 0 1287.72 1981.4 392.55 578.21 895.17 1403.19
ynao_sd_19580308_0320_xu 14 6 8 9 0 4340.23 6485.73 370.62 555.83 3969.61 5929.9
ynao_sd_19580309_0500_chen 33 17 16 6 0 2723.35 4023.51 474.55 745.4 2248.8 3278.11
ynao_sd_19580311_0310_chen 85 68 17 9 0 2221.81 3459.46 588.08 868.85 1633.73 2590.61
ynao_sd_19580312_0330_chen 65 55 10 8 0 1478.35 2160.33 705.91 1118.11 772.44 1042.22
ynao_sd_19580313_0320_chen 60 41 19 10 0 2504.11 5422.36 595.31 925.6 1908.8 4496.76
ynao_sd_19580314_0320_chen 74 40 34 12 0 2343.64 2977.59 616.15 904.97 1727.49 2072.62
ynao_sd_19580315_0250_xu 38 21 17 10 0 3546.07 6003.46 488.8 677.59 3057.27 5325.87
ynao_sd_19580316_0600_chen 69 46 23 11 0 1844.15 2455.06 516.0 690.07 1328.15 1764.99
ynao_sd_19580317_0410_chen 62 31 31 12 0 3294.83 4650.94 535.19 749.89 2759.64 3901.05
ynao_sd_19580319_0310_chen 44 23 21 15 0 3011.21 5538.93 461.53 708.64 2549.68 4830.29
ynao_sd_19580320_0340_chen 51 18 33 8 0 2836.13 3728.17 537.96 745.78 2298.17 2982.39
ynao_sd_19580321_0600_chen 63 32 31 12 0 3912.04 5461.0 806.2 1218.7 3105.84 4242.3
ynao_sd_19580322_0600_niu 62 38 24 13 0 1356.58 2059.33 837.26 1119.07 519.32 940.26
ynao_sd_19580323_0640_chen 58 34 24 9 0 3148.13 3856.6 777.04 1047.2 2371.09 2809.4
ynao_sd_19580324_0540_chen 45 27 18 8 0 2811.19 3455.22 708.72 879.57 2102.47 2575.65
ynao_sd_19580325_0310_chen 34 15 19 6 0 2583.61 3307.71 645.47 977.23 1938.14 2330.48
ynao_sd_19580326_0510_chen 37 19 18 6 0 1638.09 2336.77 318.34 445.32 1319.75 1891.45
ynao_sd_19580327_0400_xu 46 31 15 7 0 1379.89 2255.49 312.09 488.27 1067.8 1767.22
ynao_sd_19580329_0530_xu 17 12 5 3 0 2390.26 4306.12 205.26 342.67 2185.0 3963.45
ynao_sd_19580330_0520_xu 12 11 1 1 0 823.96 1332.62 225.78 388.87 598.18 943.75
ynao_sd_19580401_0340_chen 24 20 4 3 0 669.2 806.39 219.2 275.31 450.0 531.08
ynao_sd_19580402_0300_chen 31 16 15 8 0 2394.65 3118.85 383.77 534.16 2010.88 2584.69
ynao_sd_19580403_0510_chen 41 26 15 8 0 1453.1 2102.5 419.73 797.33 1033.37 1305.17
ynao_sd_19580404_0620_xu 65 46 19 12 0 2934.18 5202.95 625.44 1097.88 2308.74 4105.07
ynao_sd_19580405_0320_xu 17 14 3 5 0 2498.26 3800.79 369.51 556.42 2128.75 3244.37
ynao_sd_19580406_0610_chen 86 59 27 17 0 6367.56 9642.67 936.67 1312.66 5430.89 8330.01
ynao_sd_19580407_0530_chen 86 55 31 19 0 3800.39 4961.19 702.26 910.19 3098.13 4051.0
ynao_sd_19580408_0510_chen 89 52 37 18 0 3708.48 4606.37 845.18 1133.46 2863.3 3472.91
ynao_sd_19580409_0350_chen 51 25 26 17 0 3996.86 5105.08 730.23 1111.98 3266.63 3993.1
ynao_sd_19580410_0330_chen 52 35 17 9 0 2154.51 2592.97 525.11 643.48 1629.4 1949.49
ynao_sd_19580411_0330_chen 41 24 17 8 0 1561.47 1922.21 393.33 486.89 1168.14 1435.32
ynao_sd_19580412_0230_chen 30 16 14 9 0 1779.08 3043.02 338.43 506.39 1440.65 2536.63
ynao_sd_19580413_0400_xu 10 8 2 2 0 686.24 1058.7 261.78 418.56 424.46 640.14
ynao_sd_19580414_0320_xu 13 7 6 5 0 2125.54 3758.22 218.36 429.87 1907.18 3328.35
ynao_sd_19580415_0400_chen 10 9 1 2 0 353.09 995.72 208.06 567.51 145.03 428.21
ynao_sd_19580416_0310_chen 6 5 1 1 0 1131.28 1571.78 53.2 75.87 1078.08 1495.91
ynao_sd_19580418_0400_chen 14 10 4 3 0 313.33 624.97 103.2 163.72 210.13 461.25
ynao_sd_19580419_0450_chen 27 19 8 5 0 493.19 751.93 204.6 289.17 288.59 462.76
ynao_sd_19580420_0400_xu 31 22 9 4 0 1483.88 1952.49 336.24 414.1 1147.64 1538.39
ynao_sd_19580421_0120_chen 35 20 15 8 0 1975.08 3661.42 385.02 692.85 1590.06 2968.57
ynao_sd_19580423_0300_chen 46 35 11 7 0 1610.66 2574.08 373.44 524.24 1237.22 2049.84
ynao_sd_19580424_0310_chen 34 28 6 6 0 2371.51 3901.63 315.27 407.03 2056.24 3494.6
ynao_sd_19580425_0330_chen 31 19 12 7 0 1653.55 1895.98 292.72 341.3 1360.83 1554.68
ynao_sd_19580426_0330_chen 42 29 13 5 0 1559.2 2202.0 433.89 681.8 1125.31 1520.2
ynao_sd_19580427_0540_xu 24 13 11 6 0 4786.78 8763.69 511.97 697.0 4274.81 8066.69
ynao_sd_19580429_0330_chen 28 9 19 7 0 2442.02 4596.04 389.56 564.73 2052.46 4031.31
ynao_sd_19580430_0330_chen 20 5 15 6 0 1858.05 2385.49 264.67 341.45 1593.38 2044.04
ynao_sd_19580501_0310_chen 31 15 16 7 0 1697.57 2397.11 457.27 623.84 1240.3 1773.27
ynao_sd_19580503_0250_chen 40 26 14 7 0 1889.82 2616.54 452.43 601.3 1437.39 2015.24
ynao_sd_19580505_0450_chen 58 42 16 10 0 2817.99 3783.91 573.57 794.53 2244.42 2989.38
ynao_sd_19580506_0520_chen 41 27 14 8 0 4114.84 6546.76 587.05 828.9 3527.79 5717.86
ynao_sd_19580507_0330_chen 53 40 13 9 0 3646.4 8193.17 592.41 992.32 3053.99 7200.85
ynao_sd_19580508_0400_niu 36 19 17 10 0 2228.74 2842.25 505.75 671.63 1722.99 2170.62
ynao_sd_19580509_0510_xu 17 14 3 3 0 854.66 975.19 381.5 443.57 473.16 531.62
ynao_sd_19580510_0220_niu 18 9 9 8 0 1640.27 2105.51 351.55 447.9 1288.72 1657.61
ynao_sd_19580511_0300_chen 27 22 5 4 0 1268.87 1831.26 453.82 620.09 815.05 1211.17
ynao_sd_19580512_0320_chen 28 23 5 3 0 736.0 1318.27 338.4 609.46 397.6 708.81
ynao_sd_19580513_0920_chen 16 12 4 3 0 941.77 2986.48 207.13 599.61 734.64 2386.87
ynao_sd_19580514_0320_chen 8 4 4 2 0 246.33 442.77 68.78 131.67 177.55 311.1
ynao_sd_19580515_0320_chen 2 1 1 1 0 148.26 388.91 68.15 196.93 80.11 191.98
ynao_sd_19580516_0210_xu 4 3 1 1 0 474.77 1786.15 52.86 125.69 421.91 1660.46
ynao_sd_19580518_0500_chen 4 3 1 1 0 199.6 504.11 50.82 123.33 148.78 380.78
ynao_sd_19580521_0200_chen 36 17 19 12 0 1713.19 2997.7 284.57 397.46 1428.62 2600.24
ynao_sd_19580522_0400_niu 42 20 22 15 0 1537.68 2006.72 335.97 445.74 1201.71 1560.98
ynao_sd_19580526_0340_chen 25 15 10 5 0 2568.96 4124.56 331.44 434.97 2237.52 3689.59
ynao_sd_19580527_0300_chen 15 8 7 6 0 2746.75 4435.99 128.53 185.13 2618.22 4250.86
ynao_sd_19580528_0340_chen 17 9 8 6 0 2252.55 4987.96 178.32 369.95 2074.23 4618.01
ynao_sd_19580529_0240_chen 20 10 10 5 0 3281.41 6046.65 381.47 887.84 2899.94 5158.81
ynao_sd_19580530_0310_chen 22 11 11 6 0 1703.23 2490.42 306.68 452.74 1396.55 2037.68
ynao_sd_19580531_0320_chen 32 23 9 6 0 1005.64 1452.01 299.21 408.83 706.43 1043.18
ynao_sd_19580601_0300_xu 39 32 7 5 0 1681.67 2280.98 509.02 655.01 1172.65 1625.97
ynao_sd_19580602_0510_xu 19 11 8 4 0 2158.36 2701.09 313.65 384.41 1844.71 2316.68
ynao_sd_19580603_0600_xu 21 15 6 4 0 1771.41 2390.47 443.13 789.29 1328.28 1601.18
ynao_sd_19580604_0500_xu 31 22 9 8 0 1988.95 2961.86 473.43 800.47 1515.52 2161.39
ynao_sd_19580605_0440_xu 38 23 15 6 0 3773.38 7040.84 657.16 1154.4 3116.22 5886.44
ynao_sd_19580606_0440_xu 31 19 12 4 0 3785.31 6113.23 586.47 1073.5 3198.84 5039.73
ynao_sd_19580607_0840_xu 31 17 14 8 0 5276.91 7265.89 684.66 1006.52 4592.25 6259.37
ynao_sd_19580608_0400_xu 11 3 8 5 0 2047.39 2646.76 442.9 580.43 1604.49 2066.33
ynao_sd_19580609_0250_xu 29 9 20 8 0 4367.84 5685.95 702.66 1277.0 3665.18 4408.95
ynao_sd_19580611_0650_xu 28 15 13 9 0 2857.11 3660.99 482.01 688.45 2375.1 2972.54
ynao_sd_19580612_0850_xu 65 53 12 7 0 3108.35 5212.63 819.69 1234.85 2288.66 3977.78
ynao_sd_19580613_0440_xu 31 14 17 10 0 1843.58 2823.7 413.33 639.58 1430.25 2184.12
ynao_sd_19580616_0810_xu 22 13 9 3 0 1158.47 1553.78 309.23 492.9 849.24 1060.88
ynao_sd_19580620_0850_xu 28 20 8 7 0 1906.47 2483.9 547.37 778.02 1359.1 1705.88
ynao_sd_19580621_0830_xu 51 42 9 7 0 1333.64 1788.72 710.25 887.48 623.39 901.24
ynao_sd_19580622_0340_niu 41 27 14 11 0 1398.93 2031.08 307.71 393.93 1091.22 1637.15
ynao_sd_19580628_0540_niu 38 31 7 2 0 249.85 401.41 201.88 325.88 47.97 75.53
ynao_sd_19580704_0320_niu 33 18 15 8 0 1147.41 1338.15 229.81 257.5 917.6 1080.65
ynao_sd_19580707_0250_niu 45 21 24 17 0 2669.17 3353.6 542.76 686.86 2126.41 2666.74
ynao_sd_19580708_0830_niu 67 45 22 13 0 3025.26 3628.52 481.78 651.18 2543.48 2977.34
ynao_sd_19580709_0930_niu 52 36 16 9 0 1535.55 2082.54 355.79 490.01 1179.76 1592.53
ynao_sd_19580710_0810_niu 36 20 16 10 0 2154.61 2840.98 283.22 384.03 1871.39 2456.95
ynao_sd_19580712_0740_niu 8 3 5 4 0 461.24 667.95 101.53 138.17 359.71 529.78
ynao_sd_19580713_0030_niu 8 3 5 4 0 2396.77 5194.71 97.83 132.39 2298.94 5062.32
ynao_sd_19580714_0510_xu 14 8 6 2 0 374.19 587.24 231.37 453.11 142.82 134.13
ynao_sd_19580715_0630_xu 21 12 9 4 0 1114.01 1392.41 262.76 339.66 851.25 1052.75
ynao_sd_19580716_0510_xu 8 6 2 2 0 1140.59 1264.46 207.49 248.42 933.1 1016.04
ynao_sd_19580717_0210_xu 23 10 13 2 0 2277.33 2468.91 417.97 507.12 1859.36 1961.79
ynao_sd_19580718_0440_xu 32 13 19 5 0 3135.86 3291.97 558.35 596.56 2577.51 2695.41
ynao_sd_19580721_0710_xu 23 13 10 5 0 2026.87 2660.03 355.41 454.88 1671.46 2205.15
ynao_sd_19580723_1000_xu 10 1 9 4 0 870.34 1614.66 133.89 269.71 736.45 1344.95
ynao_sd_19580724_0000_xu 23 20 3 2 0 287.48 671.91 193.49 332.48 93.99 339.43
ynao_sd_19580725_0420_xu 15 9 6 1 0 172.81 238.34 166.93 310.41 5.88 72.07
ynao_sd_19580726_0250_xu 20 15 5 2 0 1201.3 2166.04 233.01 427.38 968.29 1738.66
ynao_sd_19580727_0340_niu 11 7 4 1 0 325.06 423.55 115.14 172.55 209.92 251.0
ynao_sd_19580728_0440_xu 30 27 3 2 0 922.13 1213.53 361.65 509.78 560.48 703.75
ynao_sd_19580804_0800_xu 55 49 6 5 0 1694.83 2832.6 647.78 882.86 1047.05 1949.74
ynao_sd_19580805_0720_xu 39 31 8 4 0 1655.38 3384.23 498.77 854.73 1156.61 2529.5
ynao_sd_19580807_0400_xu 43 30 13 5 0 1601.29 2126.95 513.25 874.61 1088.04 1252.34
ynao_sd_19580810_0120_chen 31 20 11 5 0 2345.83 4637.19 411.57 673.23 1934.26 3963.96
ynao_sd_19580811_0640_xu 20 15 5 3 0 402.85 610.45 195.64 349.97 207.21 260.48
ynao_sd_19580818_0730_chen 30 17 13 4 0 1382.06 1938.6 215.39 303.78 1166.67 1634.82
ynao_sd_19580820_0830_xu 26 22 4 2 0 2033.79 3244.21 388.69 460.13 1645.1 2784.08
ynao_sd_19580821_0710_chen 49 30 19 6 0 3199.91 4347.49 495.71 563.79 2704.2 3783.7
ynao_sd_19580822_0210_chen 46 25 21 11 0 2909.79 3247.26 413.36 550.58 2496.43 2696.68
ynao_sd_19580826_0910_chen 34 15 19 10 0 2290.2 2994.65 265.02 425.52 2025.18 2569.13
ynao_sd_19580829_0740_niu 26 20 6 5 0 486.35 824.06 246.01 393.66 240.34 430.4
ynao_sd_19580830_0710_niu 36 26 10 6 0 598.42 696.45 264.71 300.11 333.71 396.34
ynao_sd_19580831_0930_niu 42 27 15 11 0 1212.11 1325.3 311.07 364.62 901.04 960.68
ynao_sd_19580901_0630_niu 62 43 19 10 0 1414.08 1530.58 424.42 474.04 989.66 1056.54
ynao_sd_19580902_0430_niu 58 30 28 9 0 2055.87 2255.5 450.24 494.59 1605.63 1760.91
ynao_sd_19580903_0410_niu 26 12 14 9 0 1787.09 2252.71 284.88 446.69 1502.21 1806.02
ynao_sd_19580909_0320_xu 21 10 11 6 0 820.44 988.02 186.68 227.51 633.76 760.51
ynao_sd_19580910_0240_chen 42 29 13 5 0 663.88 747.69 247.54 285.19 416.34 462.5
ynao_sd_19580911_0400_chen 47 35 12 7 0 666.27 850.37 337.5 422.79 328.77 427.58
ynao_sd_19580912_0300_chen 45 32 13 8 0 681.92 998.11 319.2 506.01 362.72 492.1
ynao_sd_19580914_0410_chen 38 35 3 3 0 558.46 700.07 254.61 318.61 303.85 381.46
ynao_sd_19580915_0540_chen 41 33 8 3 0 1705.97 3260.08 315.96 431.67 1390.01 2828.41
ynao_sd_19580916_0300_xu 20 15 5 2 0 435.73 461.0 214.59 232.61 221.14 228.39
ynao_sd_19580918_0910_chen 37 29 8 2 0 705.08 812.41 335.04 417.45 370.04 394.96
ynao_sd_19580920_0940_chen 22 17 5 2 0 391.46 489.95 256.13 323.41 135.33 166.54
ynao_sd_19580921_0310_chen 29 23 6 4 0 389.46 518.13 214.9 251.29 174.56 266.84
ynao_sd_19580922_0320_chen 28 22 6 5 0 466.53 609.05 285.99 407.55 180.54 201.5
ynao_sd_19580923_0250_xu 20 15 5 6 0 1408.51 3098.22 296.78 420.16 1111.73 2678.06
ynao_sd_19580924_0240_chen 27 24 3 2 0 248.17 386.47 177.98 277.68 70.19 108.79
ynao_sd_19580925_0320_chen 29 17 12 4 0 887.41 1312.01 268.49 438.74 618.92 873.27
ynao_sd_19580926_0510_chen 32 26 6 4 0 1218.31 1550.92 242.95 416.14 975.36 1134.78
ynao_sd_19580929_0910_chen 42 37 5 3 0 685.47 883.87 292.27 396.81 393.2 487.06
ynao_sd_19581004_0730_chen 37 18 19 7 0 1698.96 2767.29 261.18 432.29 1437.78 2335.0
ynao_sd_19581009_0410_xu 42 37 5 4 0 882.96 1022.08 406.22 521.1 476.74 500.98
ynao_sd_19581010_0850_chen 34 32 2 2 0 1316.31 1413.02 242.88 310.9 1073.43 1102.12
ynao_sd_19581011_0820_chen 19 16 3 1 0 475.04 661.25 283.54 514.48 191.5 146.77
ynao_sd_19581016_0600_niu 13 9 4 6 0 1215.79 1447.89 122.54 140.13 1093.25 1307.76
ynao_sd_19581021_0240_chen 31 20 11 7 0 1177.69 2126.29 280.26 415.32 897.43 1710.97
ynao_sd_19581023_0820_chen 21 19 2 1 0 371.81 899.21 242.53 574.1 129.28 325.11
ynao_sd_19581029_0230_chen 31 21 10 6 0 799.87 1911.55 261.82 584.48 538.05 1327.07
ynao_sd_19581030_0500_chen 37 21 16 3 0 1928.76 3233.73 359.41 629.15 1569.35 2604.58
ynao_sd_19581031_0200_cheng 47 42 5 5 0 984.57 1617.01 496.96 894.65 487.61 722.36
ynao_sd_19581101_0230_cheng 41 38 3 4 0 949.46 1095.81 393.44 471.44 556.02 624.37
ynao_sd_19581102_0320_cheng 55 37 18 7 0 1000.13 1087.12 373.29 418.95 626.84 668.17
ynao_sd_19581103_0240_xu 61 51 10 5 0 1839.2 4030.69 601.91 836.56 1237.29 3194.13
ynao_sd_19581104_0400_xu 23 22 1 1 0 517.02 648.32 269.39 394.34 247.63 253.98
ynao_sd_19581105_0340_cheng 29 22 7 3 0 1665.41 2767.37 278.74 450.42 1386.67 2316.95
ynao_sd_19581106_0550_cheng 23 17 6 3 0 1146.86 1790.22 145.26 218.01 1001.6 1572.21
ynao_sd_19581109_0550_cheng 13 13 0 0 0 112.2 196.1 112.2 196.1 0 0
ynao_sd_19581110_0310_cheng 8 7 1 1 0 863.59 1382.58 120.7 210.51 742.89 1172.07
ynao_sd_19581111_0400_cheng 12 11 1 2 0 1641.15 1989.59 115.65 192.65 1525.5 1796.94
ynao_sd_19581112_0310_cheng 12 9 3 2 0 1926.03 4388.36 131.79 226.18 1794.24 4162.18
ynao_sd_19581113_0440_cheng 12 12 0 1 0 985.6 1149.57 116.29 165.04 869.31 984.53
ynao_sd_19581114_0350_cheng 6 6 0 1 0 1083.52 1528.64 74.03 100.83 1009.49 1427.81
ynao_sd_19581115_0330_cheng 6 6 0 0 0 67.67 182.19 67.67 182.19 0 0
ynao_sd_19581116_0500_cheng 11 10 1 1 0 168.44 316.65 80.73 107.79 87.71 208.86
ynao_sd_19581117_0230_cheng 19 16 3 3 0 897.78 1372.5 221.43 301.49 676.35 1071.01
ynao_sd_19581118_0420_niu 15 12 3 3 0 456.91 546.19 120.8 149.09 336.11 397.1
ynao_sd_19581119_0420_niu 11 6 5 4 0 414.21 732.77 115.46 201.87 298.75 530.9
ynao_sd_19581121_0500_cheng 9 5 4 2 0 335.64 439.2 85.41 117.58 250.23 321.62
ynao_sd_19581202_0610_gong 53 30 23 6 0 3273.93 8740.12 439.53 793.8 2834.4 7946.32
ynao_sd_19581203_0720_cheng 52 44 8 3 0 757.06 864.33 484.47 564.23 272.59 300.1
ynao_sd_19581204_0350_cheng 56 46 10 4 0 2505.43 6761.83 491.99 760.0 2013.44 6001.83
ynao_sd_19581205_0830_cheng 58 31 27 10 0 3154.14 6034.37 437.61 582.31 2716.53 5452.06
ynao_sd_19581212_0810_cheng 20 10 10 4 0 603.56 770.66 199.21 257.28 404.35 513.38
ynao_sd_19581215_0230_cheng 31 20 11 4 0 786.04 937.11 220.44 277.19 565.6 659.92
ynao_sd_19581216_0820_gong 29 13 16 6 0 1180.73 1301.54 341.15 387.3 839.58 914.24
ynao_sd_19581217_0410_gong 17 6 11 4 0 1207.11 1319.21 267.11 298.44 940.0 1020.77
ynao_sd_19581218_0340_cheng 16 4 12 6 0 3234.57 5885.07 333.09 584.42 2901.48 5300.65
ynao_sd_19581219_0250_cheng 18 6 12 8 0 2057.69 3073.28 251.3 346.36 1806.39 2726.92
ynao_sd_19581220_0600_cheng 11 6 5 3 0 798.5 1109.33 142.84 202.17 655.66 907.16
ynao_sd_19581221_0320_cheng 9 5 4 2 0 620.12 883.01 265.29 406.08 354.83 476.93
ynao_sd_19581222_0340_cheng 14 9 5 5 0 1818.4 2741.02 170.51 517.99 1647.89 2223.03
ynao_sd_19581223_0410_gong 8 5 3 3 0 693.77 1286.84 164.43 306.68 529.34 980.16
ynao_sd_19581224_0410_gong 29 21 8 4 0 900.34 1462.58 305.31 492.98 595.03 969.6
ynao_sd_19581225_0340_cheng 23 16 7 5 0 600.66 948.32 246.5 467.88 354.16 480.44
ynao_sd_19581226_0440_cheng 40 33 7 8 0 1164.58 1587.74 421.24 582.92 743.34 1004.82
ynao_sd_19581227_0610_cheng 44 35 9 7 0 1823.15 2576.28 536.83 735.6 1286.32 1840.68
ynao_sd_19581228_0340_cheng 31 25 6 5 0 831.87 1110.63 376.87 474.77 455.0 635.86
ynao_sd_19581229_0550_cheng 42 26 16 8 0 1479.37 1765.16 377.62 463.28 1101.75 1301.88
ynao_sd_19581230_0540_gong 44 34 10 3 0 863.89 1051.17 354.43 510.13 509.46 541.04
ynao_sd_19581231_0600_gong 26 18 8 6 0 812.87 992.64 275.53 363.11 537.34 629.53
