ynao_sd_19590101_0510_chen 22 15 7 3 0 531.99 1133.69 203.86 392.29 328.13 741.4
ynao_sd_19590102_0520_chen 32 17 15 9 0 2866.55 6138.86 310.19 667.75 2556.36 5471.11
ynao_sd_19590103_0520_chen 30 17 13 5 0 1222.72 2099.48 383.18 662.35 839.54 1437.13
ynao_sd_19590105_0530_chen 33 21 12 7 0 2406.73 5660.68 475.82 1035.62 1930.91 4625.06
ynao_sd_19590106_0600_gong 45 23 22 7 0 4211.36 7252.62 842.2 1474.7 3369.16 5777.92
ynao_sd_19590107_0530_gong 58 31 27 11 0 5715.3 7952.12 982.23 1307.32 4733.07 6644.8
ynao_sd_19590108_0530_chen 45 27 18 9 0 6159.44 8518.7 1082.06 1417.87 5077.38 7100.83
ynao_sd_19590109_0600_chen 42 14 28 11 1 5699.77 6634.32 931.95 1109.21 4767.82 5525.11
ynao_sd_19590111_0750_chen 45 16 29 8 1 6433.99 9090.86 811.82 980.39 5622.17 8110.47
ynao_sd_19590112_0630_chen 55 24 31 7 0 7519.83 12058.52 887.01 1219.34 6632.82 10839.18
ynao_sd_19590113_0530_gong 38 24 14 4 0 3559.32 4760.15 797.36 1122.72 2761.96 3637.43
ynao_sd_19590115_0410_chen 44 20 24 9 0 4654.14 13124.11 551.38 1271.62 4102.76 11852.49
ynao_sd_19590118_0330_chen 32 10 22 10 0 2085.67 3681.48 341.63 579.93 1744.04 3101.55
ynao_sd_19590119_0710_chen 58 35 23 13 0 3584.81 5680.85 785.58 1246.82 2799.23 4434.03
ynao_sd_19590120_0800_gong 110 29 81 18 0 9209.97 14534.04 1285.74 2130.33 7924.23 12403.71
ynao_sd_19590125_0510_chen 110 56 54 24 0 6723.8 8223.5 1538.93 1936.45 5184.87 6287.05
ynao_sd_19590126_0730_chen 81 32 49 25 0 7234.97 10560.32 1347.33 1862.21 5887.64 8698.11
ynao_sd_19590129_0610_chen 57 45 12 7 0 1887.43 3886.36 628.29 1321.51 1259.14 2564.85
ynao_sd_19590130_0550_chen 15 8 7 4 0 958.38 1907.6 256.86 511.49 701.52 1396.11
ynao_sd_19590202_0430_chen 21 17 4 3 0 885.13 1164.62 286.22 502.65 598.91 661.97
ynao_sd_19590203_0530_niu 45 38 7 6 0 966.87 1151.72 441.2 571.82 525.67 579.9
ynao_sd_19590204_0310_xu 28 25 3 2 0 578.21 656.35 272.14 321.74 306.07 334.61
ynao_sd_19590205_0510_xu 15 11 4 4 0 2543.46 5444.84 362.12 677.39 2181.34 4767.45
ynao_sd_19590206_0640_chen 24 16 8 6 0 2387.12 3569.6 313.31 501.22 2073.81 3068.38
ynao_sd_19590207_0530_chen 30 22 8 4 0 1548.66 2352.02 410.13 580.82 1138.53 1771.2
ynao_sd_19590208_0530_chen 20 11 9 7 0 1853.44 3262.0 337.13 571.85 1516.31 2690.15
ynao_sd_19590209_0730_chen 20 11 9 4 0 1466.86 1758.37 201.41 261.94 1265.45 1496.43
ynao_sd_19590210_0420_niu 28 16 12 8 0 1579.63 3794.99 226.09 403.62 1353.54 3391.37
ynao_sd_19590211_0550_gong 37 23 14 4 1 1509.87 2409.11 470.32 665.39 1039.55 1743.72
ynao_sd_19590212_0520_chen 28 15 13 5 0 2423.2 3340.36 416.87 583.63 2006.33 2756.73
ynao_sd_19590213_0310_chen 19 11 8 6 0 2279.14 3031.74 357.12 481.45 1922.02 2550.29
ynao_sd_19590214_0520_chen 38 15 23 9 0 4026.53 6944.47 492.44 849.75 3534.09 6094.72
ynao_sd_19590216_0820_chen 36 18 18 10 0 3163.96 5292.22 506.76 701.29 2657.2 4590.93
ynao_sd_19590217_0500_gong 44 23 21 12 0 4519.57 6206.09 646.54 918.73 3873.03 5287.36
ynao_sd_19590219_0510_gong 47 27 20 12 0 5333.82 6813.29 969.82 1244.39 4364.0 5568.9
ynao_sd_19590220_0440_gong 48 17 31 9 0 4844.65 6023.76 949.85 1182.65 3894.8 4841.11
ynao_sd_19590302_0520_gong 23 8 15 6 0 1951.17 3174.21 169.4 286.83 1781.77 2887.38
ynao_sd_19590303_0510_gong 38 24 14 5 0 773.33 1698.55 211.44 450.11 561.89 1248.44
ynao_sd_19590306_0250_chen 27 25 2 2 0 614.42 1280.49 230.54 353.41 383.88 927.08
ynao_sd_19590307_0240_chen 19 15 4 4 0 1053.33 2488.67 191.24 333.98 862.09 2154.69
ynao_sd_19590308_0610_gong 34 30 4 5 0 2149.56 5536.06 281.84 581.92 1867.72 4954.14
ynao_sd_19590309_0630_gong 29 23 6 7 0 713.07 1368.56 223.02 384.0 490.05 984.56
ynao_sd_19590310_0450_gong 16 7 9 9 0 731.55 1311.99 167.82 288.76 563.73 1023.23
ynao_sd_19590312_0500_gong 21 12 9 7 0 1603.88 3060.71 238.76 581.3 1365.12 2479.41
ynao_sd_19590313_0450_gong 26 6 20 9 0 3050.11 4483.78 263.28 442.36 2786.83 4041.42
ynao_sd_19590314_0530_chen 42 14 28 10 0 3688.83 5495.8 353.42 521.19 3335.41 4974.61
ynao_sd_19590315_0520_gong 49 20 29 9 0 3995.04 6292.85 569.0 969.09 3426.04 5323.76
ynao_sd_19590316_0540_gong 76 27 49 9 2 6402.79 8669.85 860.43 1156.58 5542.36 7513.27
ynao_sd_19590317_0500_gong 66 22 44 12 1 5949.6 7401.06 877.71 1111.83 5071.89 6289.23
ynao_sd_19590318_0540_chen 71 27 44 13 0 6444.58 7591.37 991.06 1192.17 5453.52 6399.2
ynao_sd_19590319_0720_xu 87 55 32 7 0 4998.17 6126.22 1404.61 1992.05 3593.56 4134.17
ynao_sd_19590320_0440_chen 73 18 55 11 0 9735.38 12247.94 1092.77 1456.2 8642.61 10791.74
ynao_sd_19590321_0510_chen 92 33 59 19 0 6311.69 8838.87 1021.55 1389.61 5290.14 7449.26
ynao_sd_19590322_0500_chen 94 43 51 13 0 5305.71 8266.9 1003.16 1530.61 4302.55 6736.29
ynao_sd_19590323_0550_xu 45 22 23 8 0 3876.17 5149.19 919.37 1572.71 2956.8 3576.48
ynao_sd_19590324_0500_chen 61 39 22 11 0 2850.54 5269.84 660.82 1245.6 2189.72 4024.24
ynao_sd_19590325_0540_chen 47 23 24 11 0 2970.03 5639.71 646.59 1027.79 2323.44 4611.92
ynao_sd_19590326_0700_xu 22 12 10 6 0 2819.76 4999.53 484.41 735.17 2335.35 4264.36
ynao_sd_19590328_0600_chen 59 31 28 13 0 3373.06 4584.47 748.53 1048.22 2624.53 3536.25
ynao_sd_19590329_0700_chen 56 31 25 13 0 4533.07 5695.0 792.67 1001.27 3740.4 4693.73
ynao_sd_19590330_0450_chen 65 33 32 13 0 4189.41 4956.07 829.31 971.75 3360.1 3984.32
ynao_sd_19590331_0920_chen 81 41 40 12 0 5995.46 7534.69 841.81 1029.9 5153.65 6504.79
ynao_sd_19590401_0210_chen 76 37 39 13 0 4837.45 5776.58 857.12 1041.18 3980.33 4735.4
ynao_sd_19590402_0320_xu 33 27 6 5 0 3257.97 4337.06 748.1 1002.73 2509.87 3334.33
ynao_sd_19590403_0340_chen 34 16 18 10 0 3083.25 4741.55 541.39 862.41 2541.86 3879.14
ynao_sd_19590404_0510_chen 57 29 28 8 0 2146.05 3974.31 423.07 733.08 1722.98 3241.23
ynao_sd_19590405_0520_chen 39 22 17 8 0 940.66 1914.3 267.98 551.88 672.68 1362.42
ynao_sd_19590406_0520_chen 32 17 15 8 0 839.75 1623.33 214.8 456.97 624.95 1166.36
ynao_sd_19590407_0550_xu 16 6 10 6 0 1661.82 2163.54 273.82 359.28 1388.0 1804.26
ynao_sd_19590408_0610_chen 40 26 14 5 0 1150.98 1532.89 265.1 417.74 885.88 1115.15
ynao_sd_19590409_0450_chen 42 18 24 10 0 1105.73 1389.8 282.99 421.86 822.74 967.94
ynao_sd_19590410_0600_chen 30 11 19 11 0 2462.48 5507.57 273.37 483.36 2189.11 5024.21
ynao_sd_19590411_0350_chen 40 16 24 11 0 1893.05 2763.73 347.46 499.46 1545.59 2264.27
ynao_sd_19590412_0600_chen 46 19 27 11 0 1604.91 2166.36 364.85 476.01 1240.06 1690.35
ynao_sd_19590417_0910_chen 20 10 10 6 0 1870.23 4437.61 195.95 309.71 1674.28 4127.9
ynao_sd_19590418_0550_chen 35 20 15 6 0 876.43 1185.76 242.39 372.47 634.04 813.29
ynao_sd_19590419_0240_chen 37 24 13 6 0 1760.53 3647.95 332.41 585.7 1428.12 3062.25
ynao_sd_19590420_0740_chen 40 23 17 11 0 1004.7 1615.03 256.65 387.61 748.05 1227.42
ynao_sd_19590421_0300_chen 38 16 22 14 0 1233.94 1813.24 286.78 400.4 947.16 1412.84
ynao_sd_19590423_0350_xu 27 21 6 1 0 512.24 1465.26 360.84 621.34 151.4 843.92
ynao_sd_19590424_0320_chen 34 20 14 7 0 2281.46 3591.98 279.28 468.45 2002.18 3123.53
ynao_sd_19590428_0600_xu 30 14 16 6 0 3127.21 3549.06 435.21 518.44 2692.0 3030.62
ynao_sd_19590429_0330_chen 46 28 18 6 0 1227.43 1407.87 439.04 507.96 788.39 899.91
ynao_sd_19590502_0650_chen 26 22 4 5 0 645.9 907.89 244.18 322.04 401.72 585.85
ynao_sd_19590503_1000_chen 31 20 11 3 0 636.52 1342.71 255.24 459.85 381.28 882.86
ynao_sd_19590504_0530_chen 21 16 5 4 0 787.61 1655.78 137.41 269.01 650.2 1386.77
ynao_sd_19590505_0450_chen 4 2 2 1 0 212.62 377.72 58.85 182.88 153.77 194.84
ynao_sd_19590507_0230_chen 14 6 8 4 0 2046.25 3057.1 288.52 484.2 1757.73 2572.9
ynao_sd_19590508_0310_chen 22 12 10 5 0 1604.85 1881.78 339.67 446.21 1265.18 1435.57
ynao_sd_19590509_0410_chen 37 7 30 15 0 4256.65 9205.4 452.78 961.42 3803.87 8243.98
ynao_sd_19590510_0500_chen 58 20 38 17 0 4415.14 7936.61 685.57 1030.78 3729.57 6905.83
ynao_sd_19590513_0550_chen 78 40 38 15 0 4263.05 5175.65 670.45 821.19 3592.6 4354.46
ynao_sd_19590514_0840_chen 47 32 15 4 0 2486.93 3678.06 710.07 910.82 1776.86 2767.24
ynao_sd_19590515_0200_chen 43 22 21 10 0 3571.2 5225.27 581.27 845.04 2989.93 4380.23
ynao_sd_19590516_0400_chen 51 24 27 15 0 2459.63 4795.73 378.26 545.27 2081.37 4250.46
ynao_sd_19590517_0400_chen 59 36 23 14 0 2088.95 4050.24 427.65 600.46 1661.3 3449.78
ynao_sd_19590518_0510_chen 65 42 23 16 0 2794.65 4726.51 415.97 624.71 2378.68 4101.8
ynao_sd_19590519_0420_chen 46 28 18 11 0 1594.51 2522.31 376.42 710.22 1218.09 1812.09
ynao_sd_19590520_0330_chen 41 21 20 12 0 1223.6 1790.53 292.81 495.81 930.79 1294.72
ynao_sd_19590521_0320_chen 45 25 20 8 0 2112.49 2686.41 427.63 726.27 1684.86 1960.14
ynao_sd_19590523_0620_chen 35 21 14 7 0 1994.93 2715.27 285.16 373.94 1709.77 2341.33
ynao_sd_19590601_0700_chen 19 10 9 8 0 1562.85 2325.46 123.58 255.02 1439.27 2070.44
ynao_sd_19590602_0930_chen 22 12 10 4 0 1003.01 1523.05 157.96 260.5 845.05 1262.55
ynao_sd_19590603_0650_chen 29 13 16 10 0 4088.56 6935.66 289.93 434.62 3798.63 6501.04
ynao_sd_19590605_0250_gong 19 13 6 6 0 1985.46 4042.87 238.74 355.28 1746.72 3687.59
ynao_sd_19590606_0430_chen 26 15 11 11 0 2049.88 2997.17 157.34 199.11 1892.54 2798.06
ynao_sd_19590608_0600_chen 40 24 16 12 1 3359.6 5523.14 320.42 424.87 3039.18 5098.27
ynao_sd_19590609_0810_chen 44 22 22 12 0 4433.48 5722.42 268.31 355.05 4165.17 5367.37
ynao_sd_19590610_0750_chen 29 9 20 12 0 3086.24 3880.48 223.27 277.14 2862.97 3603.34
ynao_sd_19590611_0900_gong 52 29 23 9 0 3253.68 4570.9 502.29 839.01 2751.39 3731.89
ynao_sd_19590612_0530_chen 59 42 17 12 1 3255.24 6656.28 468.79 741.51 2786.45 5914.77
ynao_sd_19590614_0930_chen 58 30 28 18 0 4856.22 7933.26 725.08 888.83 4131.14 7044.43
ynao_sd_19590615_0540_chen 28 18 10 6 0 2166.79 2609.37 411.19 529.55 1755.6 2079.82
ynao_sd_19590616_0330_chen 43 21 22 9 0 4256.32 6971.77 507.46 749.11 3748.86 6222.66
ynao_sd_19590619_0630_xu 51 22 29 11 0 4615.45 6190.68 952.64 1253.68 3662.81 4937.0
ynao_sd_19590623_0400_chen 31 18 13 7 0 3710.05 6524.04 686.23 894.01 3023.82 5630.03
ynao_sd_19590624_0600_chen 63 35 28 11 0 3728.18 4421.23 749.01 870.83 2979.17 3550.4
ynao_sd_19590625_0820_chen 59 30 29 9 0 3858.69 4957.85 754.96 1120.73 3103.73 3837.12
ynao_sd_19590626_0650_chen 39 22 17 10 0 3733.75 5048.82 678.81 892.02 3054.94 4156.8
ynao_sd_19590628_0620_chen 43 23 20 13 0 2222.28 3551.24 473.56 707.8 1748.72 2843.44
ynao_sd_19590629_0630_chen 38 21 17 10 0 1825.75 2841.7 343.65 475.75 1482.1 2365.95
ynao_sd_19590630_0630_chen 29 12 17 11 0 2889.16 4075.87 315.83 452.62 2573.33 3623.25
ynao_sd_19590704_0420_chen 47 29 18 8 0 963.76 1209.51 331.42 452.25 632.34 757.26
ynao_sd_19590705_0330_chen 45 30 15 8 0 1504.15 1700.24 413.83 448.14 1090.32 1252.1
ynao_sd_19590708_0100_xu 31 13 18 9 0 1507.84 2218.57 294.31 475.88 1213.53 1742.69
ynao_sd_19590709_0610_xu 25 13 12 4 0 1659.56 3706.5 396.82 811.83 1262.74 2894.67
ynao_sd_19590710_0450_chen 22 10 12 5 0 1255.65 2524.2 306.06 598.57 949.59 1925.63
ynao_sd_19590712_0330_chen 27 15 12 5 0 2018.49 2718.9 533.22 775.38 1485.27 1943.52
ynao_sd_19590713_0120_chen 26 12 14 7 0 2647.62 3460.96 418.83 655.88 2228.79 2805.08
ynao_sd_19590714_0150_chen 34 12 22 8 0 3305.96 4403.4 599.48 745.86 2706.48 3657.54
ynao_sd_19590715_0200_chen 45 23 22 8 0 3576.18 4482.49 870.47 1049.49 2705.71 3433.0
ynao_sd_19590717_0150_chen 77 44 33 16 0 4036.16 4788.97 885.44 1036.15 3150.72 3752.82
ynao_sd_19590718_0430_chen 82 49 33 13 0 3340.78 4327.99 835.62 1156.14 2505.16 3171.85
ynao_sd_19590721_0740_chen 25 13 12 8 0 1345.0 1619.51 304.96 378.39 1040.04 1241.12
ynao_sd_19590725_0420_chen 18 5 13 8 0 2013.92 5728.6 218.81 435.45 1795.11 5293.15
ynao_sd_19590726_0240_chen 38 18 20 10 0 2490.77 5045.73 376.25 770.06 2114.52 4275.67
ynao_sd_19590727_0620_chen 48 27 21 9 0 2909.06 4379.17 445.87 658.13 2463.19 3721.04
ynao_sd_19590730_0920_chen 71 26 45 14 0 3903.0 4420.34 619.14 703.02 3283.86 3717.32
ynao_sd_19590802_0630_chen 68 33 35 12 1 3350.17 3714.72 434.37 496.79 2915.8 3217.93
ynao_sd_19590803_0150_chen 95 64 31 13 0 3058.38 3766.5 690.83 830.42 2367.55 2936.08
ynao_sd_19590804_0630_chen 55 30 25 12 0 3048.96 4619.81 437.29 711.41 2611.67 3908.4
ynao_sd_19590805_0630_chen 52 32 20 12 0 2921.7 7018.59 453.63 825.34 2468.07 6193.25
ynao_sd_19590807_0830_chen 41 26 15 6 0 1594.13 1894.53 363.06 424.07 1231.07 1470.46
ynao_sd_19590808_0520_chen 39 26 13 7 0 2235.19 2593.48 433.61 506.65 1801.58 2086.83
ynao_sd_19590809_0530_chen 36 19 17 10 0 2237.0 2566.28 334.73 386.27 1902.27 2180.01
ynao_sd_19590816_0530_chen 39 20 19 8 0 1761.03 2677.88 416.08 599.2 1344.95 2078.68
ynao_sd_19590817_0520_chen 64 45 19 10 0 2834.04 3466.11 589.65 742.05 2244.39 2724.06
ynao_sd_19590819_0600_chen 44 28 16 7 0 2681.89 4584.75 547.64 866.42 2134.25 3718.33
ynao_sd_19590820_0300_xu 32 18 14 17 0 5394.5 7427.45 584.46 911.38 4810.04 6516.07
ynao_sd_19590821_0150_chen 61 40 21 19 0 4444.55 6967.64 549.14 827.5 3895.41 6140.14
ynao_sd_19590822_0140_chen 73 47 26 16 0 4785.76 7082.24 685.1 1040.73 4100.66 6041.51
ynao_sd_19590823_0140_chen 92 50 42 14 0 4080.65 5475.64 769.7 1121.85 3310.95 4353.79
ynao_sd_19590824_0120_chen 85 39 46 14 0 2959.69 3748.94 604.48 790.59 2355.21 2958.35
ynao_sd_19590825_0300_chen 67 35 32 9 0 2705.09 3391.52 596.52 826.83 2108.57 2564.69
ynao_sd_19590828_0540_chen 93 57 36 16 0 2978.46 4458.27 820.68 1100.11 2157.78 3358.16
ynao_sd_19590829_0100_chen 80 35 45 16 0 3963.87 5133.67 911.83 1165.1 3052.04 3968.57
ynao_sd_19590830_0130_chen 87 46 41 19 0 4622.95 5924.97 925.3 1222.28 3697.65 4702.69
ynao_sd_19590831_0900_chen 85 43 42 13 0 5243.27 6618.36 824.81 1149.62 4418.46 5468.74
ynao_sd_19590901_0650_chen 72 27 45 17 0 5241.58 6962.99 632.32 874.38 4609.26 6088.61
ynao_sd_19590902_0210_chen 47 23 24 9 0 3527.29 4911.73 557.49 803.4 2969.8 4108.33
ynao_sd_19590904_0930_chen 37 23 14 7 0 3184.57 3832.71 565.42 714.33 2619.15 3118.38
ynao_sd_19590905_0840_chen 22 7 15 7 0 2339.96 3599.69 483.41 712.38 1856.55 2887.31
ynao_sd_19590908_0620_chen 33 19 14 9 0 1356.73 2122.8 311.97 466.62 1044.76 1656.18
ynao_sd_19590909_0740_xu 23 10 13 11 0 3284.94 4179.53 402.11 541.36 2882.83 3638.17
ynao_sd_19590910_0540_xu 36 15 21 7 0 4161.2 4877.91 565.85 647.21 3595.35 4230.7
ynao_sd_19590911_0350_chen 38 15 23 6 0 3162.01 3491.61 490.2 538.45 2671.81 2953.16
ynao_sd_19590912_0450_chen 36 22 14 8 0 3585.39 4100.08 499.48 542.69 3085.91 3557.39
ynao_sd_19590913_0350_chen 24 7 17 6 0 2813.51 3184.81 411.83 468.28 2401.68 2716.53
ynao_sd_19590915_0040_chen 36 19 17 7 0 2295.4 3428.44 364.9 549.77 1930.5 2878.67
ynao_sd_19590916_0200_chen 28 11 17 7 0 1412.15 2306.06 254.59 428.73 1157.56 1877.33
ynao_sd_19590917_0230_xu 15 4 11 6 0 1324.76 2263.57 286.32 497.18 1038.44 1766.39
ynao_sd_19590922_0340_chen 21 14 7 4 0 1241.22 3114.58 142.03 208.58 1099.19 2906.0
ynao_sd_19590925_0810_chen 25 12 13 5 0 376.51 567.67 149.04 247.92 227.47 319.75
ynao_sd_19590927_0030_chen 16 11 5 5 0 340.22 486.92 108.36 168.47 231.86 318.45
ynao_sd_19591004_0330_chen 11 5 6 3 0 192.22 352.56 52.75 87.49 139.47 265.07
ynao_sd_19591007_0200_chen 41 30 11 5 0 606.7 839.89 278.62 406.12 328.08 433.77
ynao_sd_19591008_0500_xu 36 29 7 2 0 881.11 903.37 257.31 276.45 623.8 626.92
ynao_sd_19591010_0510_chen 49 28 21 6 0 1528.65 1691.46 265.27 284.72 1263.38 1406.74
ynao_sd_19591011_0800_chen 31 16 15 6 0 982.92 1418.53 226.36 533.46 756.56 885.07
ynao_sd_19591013_0600_chen 25 13 12 6 0 1005.48 1669.05 137.87 246.07 867.61 1422.98
ynao_sd_19591019_0720_chen 18 7 11 6 0 1393.76 1654.44 191.14 233.02 1202.62 1421.42
ynao_sd_19591020_0150_chen 29 16 13 7 0 2306.94 2953.04 334.06 424.18 1972.88 2528.86
ynao_sd_19591021_0050_chen 18 6 12 6 0 1744.04 2242.49 291.44 425.44 1452.6 1817.05
ynao_sd_19591022_0540_gong 25 12 13 7 0 1549.36 2277.76 294.26 538.63 1255.1 1739.13
ynao_sd_19591024_0620_chen 41 22 19 6 0 1895.09 2128.32 428.54 482.45 1466.55 1645.87
ynao_sd_19591026_0510_chen 43 20 23 9 0 2379.31 2549.89 553.29 676.94 1826.02 1872.95
ynao_sd_19591027_0310_chen 34 17 17 6 0 2065.58 2308.83 329.37 344.8 1736.21 1964.03
ynao_sd_19591031_0530_chen 34 21 13 6 0 721.24 1285.38 208.67 324.65 512.57 960.73
ynao_sd_19591101_0310_chen 45 30 15 8 0 1991.39 2812.58 287.12 414.57 1704.27 2398.01
ynao_sd_19591102_0450_gong 52 44 8 5 0 2039.16 3076.13 299.81 386.33 1739.35 2689.8
ynao_sd_19591103_0230_chen 51 43 8 6 0 2515.53 3224.09 392.68 574.3 2122.85 2649.79
ynao_sd_19591104_0050_chen 36 24 12 7 0 1628.18 3426.44 277.91 647.07 1350.27 2779.37
ynao_sd_19591105_0710_gong 43 39 4 3 0 818.67 1207.62 310.61 473.05 508.06 734.57
ynao_sd_19591106_0200_chen 29 21 8 5 0 580.43 1180.81 176.79 284.78 403.64 896.03
ynao_sd_19591107_0130_chen 15 10 5 4 0 564.34 1175.68 114.9 209.11 449.44 966.57
ynao_sd_19591108_0110_chen 14 5 9 5 0 871.21 1883.44 130.86 311.38 740.35 1572.06
ynao_sd_19591109_0200_chen 17 9 8 5 0 958.75 1523.27 147.42 223.42 811.33 1299.85
ynao_sd_19591110_0450_chen 15 7 8 4 0 2172.26 3336.64 184.93 250.91 1987.33 3085.73
ynao_sd_19591111_0500_xu 14 10 4 2 0 1286.94 1431.91 304.36 348.34 982.58 1083.57
ynao_sd_19591112_0640_chen 11 5 6 3 0 1090.68 1147.51 228.9 240.64 861.78 906.87
ynao_sd_19591113_0610_chen 28 17 11 5 0 1410.63 1712.26 294.23 344.6 1116.4 1367.66
ynao_sd_19591114_0410_chen 28 19 9 3 0 1375.48 1602.49 336.33 375.13 1039.15 1227.36
ynao_sd_19591115_0220_chen 22 14 8 5 0 1058.07 1310.62 224.07 273.45 834.0 1037.17
ynao_sd_19591116_0610_chen 9 4 5 5 0 865.93 1363.34 171.61 260.07 694.32 1103.27
ynao_sd_19591117_0340_chen 6 0 6 5 0 677.49 1255.09 112.72 210.13 564.77 1044.96
ynao_sd_19591118_0140_chen 17 10 7 5 0 554.93 1114.16 143.94 226.13 410.99 888.03
ynao_sd_19591119_0200_chen 7 2 5 3 0 312.75 471.32 69.5 184.56 243.25 286.76
ynao_sd_19591120_0100_chen 14 5 9 3 0 911.48 3152.41 180.82 552.83 730.66 2599.58
ynao_sd_19591121_0610_gong 16 11 5 1 0 1414.64 2638.97 227.76 382.29 1186.88 2256.68
ynao_sd_19591122_0150_chen 29 23 6 1 0 1655.47 2449.7 299.54 415.54 1355.93 2034.16
ynao_sd_19591123_0120_chen 42 23 19 6 0 2656.82 4414.61 351.13 537.55 2305.69 3877.06
ynao_sd_19591124_0120_chen 55 30 25 12 0 2429.22 3022.22 496.42 645.62 1932.8 2376.6
ynao_sd_19591125_0120_chen 49 23 26 10 0 2995.72 3977.59 527.88 696.39 2467.84 3281.2
ynao_sd_19591126_0130_chen 52 29 23 9 0 3930.96 7657.86 598.44 919.07 3332.52 6738.79
ynao_sd_19591127_0640_chen 56 22 34 14 0 3625.91 5215.98 685.75 988.5 2940.16 4227.48
ynao_sd_19591128_0600_chen 69 36 33 13 0 3791.38 4902.9 751.15 960.7 3040.23 3942.2
ynao_sd_19591129_0610_chen 85 38 47 15 0 3961.01 4860.02 656.47 804.79 3304.54 4055.23
ynao_sd_19591130_0120_chen 74 34 40 9 1 5151.77 6502.86 756.7 962.59 4395.07 5540.27
ynao_sd_19591201_0140_chen 98 44 54 16 0 5896.78 8997.88 922.82 1176.18 4973.96 7821.7
ynao_sd_19591202_0800_chen 93 48 45 19 0 4065.2 4901.88 690.0 771.48 3375.2 4130.4
ynao_sd_19591203_0300_chen 88 45 43 15 1 3876.86 5029.63 735.47 942.72 3141.39 4086.91
ynao_sd_19591204_0110_chen 66 38 28 14 0 4018.34 5069.96 740.96 910.56 3277.38 4159.4
ynao_sd_19591205_0320_gong 84 38 46 9 0 4146.35 5186.41 695.9 859.68 3450.45 4326.73
ynao_sd_19591206_0200_chen 77 30 47 15 0 3750.49 4733.1 582.81 749.03 3167.68 3984.07
ynao_sd_19591208_0120_chen 61 32 29 15 0 3797.62 4703.38 386.43 461.06 3411.19 4242.32
ynao_sd_19591209_0130_chen 48 29 19 6 0 1294.62 1746.27 315.04 496.7 979.58 1249.57
ynao_sd_19591210_0230_niu 36 22 14 7 0 2348.31 3839.82 340.51 677.34 2007.8 3162.48
ynao_sd_19591211_0150_chen 15 7 8 5 0 1654.76 2949.74 289.73 543.67 1365.03 2406.07
ynao_sd_19591212_0100_chen 24 16 8 4 0 2129.44 3047.81 376.01 564.13 1753.43 2483.68
ynao_sd_19591213_0140_chen 24 11 13 5 0 2126.93 2706.94 371.55 472.14 1755.38 2234.8
ynao_sd_19591214_0220_chen 29 22 7 4 0 2050.7 2455.46 455.58 557.02 1595.12 1898.44
ynao_sd_19591215_0210_gong 21 10 11 6 0 2216.48 2613.68 398.24 470.04 1818.24 2143.64
ynao_sd_19591216_0500_gong 17 14 3 4 0 2231.86 2451.09 425.69 499.24 1806.17 1951.85
ynao_sd_19591217_0250_gong 14 10 4 4 0 2283.27 2799.22 307.46 387.51 1975.81 2411.71
ynao_sd_19591218_0250_gong 17 12 5 4 0 1572.85 2325.66 231.04 318.25 1341.81 2007.41
ynao_sd_19591219_0230_gong 32 23 9 5 0 1683.83 2669.67 463.98 678.83 1219.85 1990.84
ynao_sd_19591221_0240_gong 56 39 17 8 0 2039.65 3032.23 548.47 731.45 1491.18 2300.78
ynao_sd_19591222_0240_gong 41 27 14 10 0 1785.59 2126.73 471.98 587.53 1313.61 1539.2
ynao_sd_19591223_0220_gong 33 24 9 7 0 1556.69 1708.19 395.18 456.69 1161.51 1251.5
ynao_sd_19591226_0240_chen 41 26 15 9 0 1005.16 1727.73 333.41 497.01 671.75 1230.72
ynao_sd_19591227_0340_gong 61 46 15 9 0 1444.42 2360.94 430.99 666.39 1013.43 1694.55
ynao_sd_19591228_0300_gong 51 32 19 6 0 1766.72 2500.0 437.17 624.07 1329.55 1875.93
ynao_sd_19591229_0240_gong 43 28 15 6 0 2292.71 3581.01 486.71 805.01 1806.0 2776.0
ynao_sd_19591230_0230_gong 21 11 10 6 0 1555.17 2499.87 243.94 380.94 1311.23 2118.93
