ynao_sd_19600103_0230_chen 8 4 4 3 0 466.71 575.18 108.63 149.24 358.08 425.94
ynao_sd_19600104_0220_chen 18 16 2 2 0 531.24 673.31 157.38 196.47 373.86 476.84
ynao_sd_19600107_0240_gong 36 25 11 5 0 1319.88 2766.98 317.16 594.94 1002.72 2172.04
ynao_sd_19600108_0310_gong 24 16 8 4 0 1315.27 2482.36 271.96 488.25 1043.31 1994.11
ynao_sd_19600109_0520_chen 14 8 6 3 0 1067.01 1588.46 223.49 363.7 843.52 1224.76
ynao_sd_19600110_0340_gong 7 4 3 2 0 1129.35 1406.32 185.8 235.08 943.55 1171.24
ynao_sd_19600111_0250_gong 6 2 4 2 0 1280.55 1515.69 199.83 231.65 1080.72 1284.04
ynao_sd_19600112_0330_gong 10 4 6 2 0 1248.81 1382.25 218.4 254.36 1030.41 1127.89
ynao_sd_19600113_0300_gong 18 12 6 2 0 1244.43 1489.03 282.66 388.77 961.77 1100.26
ynao_sd_19600114_0240_gong 14 10 4 4 0 872.35 1314.15 188.17 303.28 684.18 1010.87
ynao_sd_19600115_0200_chen 9 7 2 2 0 1434.49 3264.85 163.25 275.6 1271.24 2989.25
ynao_sd_19600116_0510_gong 24 14 10 6 0 961.93 2352.1 216.13 472.83 745.8 1879.27
ynao_sd_19600117_0250_gong 31 18 13 8 0 2129.89 5239.51 319.79 665.12 1810.1 4574.39
ynao_sd_19600118_0300_gong 23 14 9 6 0 1266.22 1989.11 258.37 383.5 1007.85 1605.61
ynao_sd_19600119_0320_gong 23 10 13 6 0 1332.24 1860.46 247.94 335.33 1084.3 1525.13
ynao_sd_19600120_0230_chen 23 10 13 7 0 1228.03 1518.12 225.43 277.85 1002.6 1240.27
ynao_sd_19600121_0250_gong 35 27 8 4 0 2126.29 2579.23 286.34 327.53 1839.95 2251.7
ynao_sd_19600122_0250_gong 38 31 7 4 0 1912.14 2295.84 305.41 371.29 1606.73 1924.55
ynao_sd_19600124_0210_chen 40 25 15 10 0 1499.03 2703.18 367.32 677.26 1131.71 2025.92
ynao_sd_19600126_0640_gong 84 47 37 16 0 4334.06 6028.13 658.88 876.49 3675.18 5151.64
ynao_sd_19600129_0430_chen 76 28 48 19 0 3801.21 4626.48 620.78 782.67 3180.43 3843.81
ynao_sd_19600131_0250_gong 55 27 28 15 0 3236.71 3974.83 518.83 611.78 2717.88 3363.05
ynao_sd_19600205_0700_gong 25 15 10 6 0 873.14 1754.33 195.42 356.05 677.72 1398.28
ynao_sd_19600206_0400_gong 19 14 5 4 0 981.54 2097.13 163.41 304.39 818.13 1792.74
ynao_sd_19600207_0240_gong 16 7 9 4 0 1397.83 2767.58 262.31 513.06 1135.52 2254.52
ynao_sd_19600208_0200_chen 16 5 11 4 0 1352.5 2202.55 225.76 371.76 1126.74 1830.79
ynao_sd_19600209_0250_gong 20 8 12 8 0 3067.03 4359.9 320.75 515.78 2746.28 3844.12
ynao_sd_19600214_0320_gong 37 15 22 7 0 2225.61 2616.14 482.13 584.61 1743.48 2031.53
ynao_sd_19600215_0520_gong 51 27 24 7 0 3636.89 4209.03 562.57 657.05 3074.32 3551.98
ynao_sd_19600216_0300_gong 44 25 19 7 0 2691.39 3329.62 531.02 692.27 2160.37 2637.35
ynao_sd_19600217_0230_gong 37 16 21 7 0 1955.34 2636.01 399.77 571.91 1555.57 2064.1
ynao_sd_19600218_0540_gong 17 6 11 5 0 1073.73 1480.82 161.7 225.67 912.03 1255.15
ynao_sd_19600219_0230_gong 22 15 7 4 0 626.94 1060.04 146.71 249.31 480.23 810.73
ynao_sd_19600220_0800_chen 6 4 2 2 0 202.05 548.03 88.29 257.12 113.76 290.91
ynao_sd_19600222_0330_gong 20 11 9 5 0 446.9 950.89 132.8 243.12 314.1 707.77
ynao_sd_19600223_0230_gong 25 18 7 4 0 605.62 922.73 210.35 289.86 395.27 632.87
ynao_sd_19600224_0300_chen 27 23 4 3 0 503.86 702.77 201.51 250.1 302.35 452.67
ynao_sd_19600225_0120_chen 26 21 5 5 0 438.38 502.85 160.17 183.03 278.21 319.82
ynao_sd_19600226_0250_gong 20 15 5 4 0 621.29 681.18 186.85 207.59 434.44 473.59
ynao_sd_19600227_0140_chen 23 21 2 2 0 464.63 515.94 157.45 189.71 307.18 326.23
ynao_sd_19600228_0250_gong 10 9 1 1 0 385.94 426.75 124.1 146.8 261.84 279.95
ynao_sd_19600229_0240_gong 19 14 5 2 0 406.87 472.81 169.03 203.46 237.84 269.35
ynao_sd_19600301_0150_gong 13 10 3 2 0 317.61 386.72 133.6 159.74 184.01 226.98
ynao_sd_19600302_0500_gong 12 10 2 2 0 295.27 432.25 108.49 148.3 186.78 283.95
ynao_sd_19600303_0820_gong 22 20 2 1 0 199.73 376.01 123.36 218.51 76.37 157.5
ynao_sd_19600305_0230_gong 12 10 2 1 0 130.39 286.39 120.72 270.86 9.67 15.53
ynao_sd_19600306_0250_gong 18 16 2 2 0 214.29 282.97 120.37 170.28 93.92 112.69
ynao_sd_19600307_0240_gong 23 21 2 2 0 328.49 482.66 192.5 306.36 135.99 176.3
ynao_sd_19600308_0240_gong 25 23 2 1 0 281.83 391.07 165.6 259.26 116.23 131.81
ynao_sd_19600309_0150_gong 35 27 8 4 0 492.16 626.4 247.5 320.06 244.66 306.34
ynao_sd_19600310_0240_gong 27 24 3 3 0 470.53 591.69 239.9 303.85 230.63 287.84
ynao_sd_19600311_0230_gong 37 33 4 2 0 331.95 418.09 209.45 252.13 122.5 165.96
ynao_sd_19600312_0100_chen 10 7 3 2 0 146.83 176.03 51.2 62.94 95.63 113.09
ynao_sd_19600313_0330_gong 8 7 1 1 0 162.35 206.32 84.84 100.15 77.51 106.17
ynao_sd_19600314_0240_gong 2 1 1 1 0 99.9 154.15 22.21 26.98 77.69 127.17
ynao_sd_19600315_0500_gong 3 3 0 0 0 71.32 129.41 71.32 129.41 0 0
ynao_sd_19600316_0130_gong 12 12 0 0 0 104.31 203.47 104.31 203.47 0 0
ynao_sd_19600317_0240_gong 23 22 1 1 0 201.71 287.38 145.47 174.86 56.24 112.52
ynao_sd_19600318_0210_gong 15 13 2 1 0 158.16 226.87 76.0 102.67 82.16 124.2
ynao_sd_19600319_0220_gong 24 23 1 2 0 260.58 395.33 162.75 257.32 97.83 138.01
ynao_sd_19600320_0220_gong 24 14 10 7 0 775.7 1212.32 167.06 260.26 608.64 952.06
ynao_sd_19600321_0210_gong 38 22 16 7 0 909.05 1389.71 308.46 447.4 600.59 942.31
ynao_sd_19600322_0200_gong 46 28 18 7 0 1045.69 1576.08 290.43 403.96 755.26 1172.12
ynao_sd_19600323_0140_chen 48 37 11 6 0 690.51 899.6 312.79 448.87 377.72 450.73
ynao_sd_19600324_0210_gong 54 37 17 8 0 1227.55 1478.27 301.3 367.71 926.25 1110.56
ynao_sd_19600325_0200_gong 67 47 20 7 0 910.4 1153.07 305.7 401.36 604.7 751.71
ynao_sd_19600326_0500_gong 33 26 7 6 0 548.47 903.12 192.75 301.55 355.72 601.57
ynao_sd_19600327_0150_gong 24 16 8 5 0 510.52 1136.08 156.74 292.33 353.78 843.75
ynao_sd_19600328_0150_gong 30 25 5 2 0 932.35 1540.15 242.86 455.91 689.49 1084.24
ynao_sd_19600329_0220_gong 25 9 16 2 0 2365.61 3134.65 446.23 642.51 1919.38 2492.14
ynao_sd_19600330_0220_gong 27 4 23 2 0 3213.33 3612.54 411.24 486.09 2802.09 3126.45
ynao_sd_19600401_0740_gong 32 11 21 2 0 2908.06 3225.21 563.17 670.8 2344.89 2554.41
ynao_sd_19600402_0630_chen 41 17 24 2 0 3735.64 4324.36 641.86 783.32 3093.78 3541.04
ynao_sd_19600404_0700_gong 51 38 13 4 0 2493.64 3900.91 446.63 653.61 2047.01 3247.3
ynao_sd_19600405_0630_gong 48 33 15 5 0 2201.78 4249.77 484.65 820.17 1717.13 3429.6
ynao_sd_19600406_0240_gong 35 23 12 5 0 992.71 2242.75 266.21 510.19 726.5 1732.56
ynao_sd_19600408_0220_gong 6 5 1 1 0 288.26 421.71 64.66 94.17 223.6 327.54
ynao_sd_19600409_0240_chen 10 7 3 2 0 215.0 416.29 76.34 137.49 138.66 278.8
ynao_sd_19600410_0240_gong 17 13 4 2 0 283.74 560.67 122.89 223.2 160.85 337.47
ynao_sd_19600411_0320_gong 20 17 3 2 0 229.09 289.69 128.55 162.85 100.54 126.84
ynao_sd_19600412_0810_li 40 30 10 8 0 541.72 631.21 256.11 304.18 285.61 327.03
ynao_sd_19600413_0140_li 45 35 10 7 0 1727.49 2014.57 349.08 407.48 1378.41 1607.09
ynao_sd_19600414_0330_gong 45 27 18 6 0 1148.13 1381.08 272.38 320.26 875.75 1060.82
ynao_sd_19600415_0740_gong 58 39 19 7 0 1222.12 1487.51 304.82 377.34 917.3 1110.17
ynao_sd_19600416_0300_chen 39 21 18 10 0 797.99 1036.41 217.39 282.26 580.6 754.15
ynao_sd_19600417_0750_gong 35 22 13 7 0 908.03 1289.38 249.07 345.94 658.96 943.44
ynao_sd_19600418_0210_gong 40 30 10 7 0 857.35 1241.81 221.14 315.36 636.21 926.45
ynao_sd_19600419_0220_gong 32 21 11 7 0 917.72 1324.25 210.37 306.5 707.35 1017.75
ynao_sd_19600420_0520_gong 50 44 6 3 0 890.38 970.0 343.28 373.18 547.1 596.82
ynao_sd_19600421_0200_gong 56 49 7 4 0 972.11 1143.08 337.81 434.06 634.3 709.02
ynao_sd_19600422_0210_gong 40 27 13 6 0 1012.47 1926.33 227.98 360.74 784.49 1565.59
ynao_sd_19600423_0100_chen 23 13 10 5 0 899.3 1572.67 213.02 342.54 686.28 1230.13
ynao_sd_19600424_0050_chen 35 15 20 7 0 1094.13 1606.51 251.24 362.13 842.89 1244.38
ynao_sd_19600425_0140_gong 26 16 10 7 0 1415.78 1952.09 255.84 371.08 1159.94 1581.01
ynao_sd_19600426_0140_gong 20 10 10 6 0 1311.7 1814.99 208.73 286.92 1102.97 1528.07
ynao_sd_19600427_0150_gong 21 16 5 3 0 918.48 1132.46 260.64 335.24 657.84 797.22
ynao_sd_19600428_0150_gong 18 14 4 2 0 897.45 935.34 179.11 189.3 718.34 746.04
ynao_sd_19600429_0210_gong 11 6 5 3 0 880.18 1193.09 148.49 201.43 731.69 991.66
ynao_sd_19600430_0250_chen 20 10 10 4 0 809.45 1133.76 148.31 222.68 661.14 911.08
ynao_sd_19600501_0350_gong 28 19 9 5 0 938.48 1450.89 240.65 414.74 697.83 1036.15
ynao_sd_19600505_0150_chen 39 28 11 4 0 642.81 848.84 184.68 226.51 458.13 622.33
ynao_sd_19600506_0200_gong 27 17 10 5 0 855.63 1029.43 205.97 238.38 649.66 791.05
ynao_sd_19600507_0200_gong 35 24 11 5 0 911.65 1050.61 259.43 296.91 652.22 753.7
ynao_sd_19600511_0740_gong 26 11 15 5 0 1602.45 2620.35 267.99 466.83 1334.46 2153.52
ynao_sd_19600512_0150_gong 29 17 12 5 0 1705.95 3237.11 398.3 757.87 1307.65 2479.24
ynao_sd_19600513_0110_gong 25 9 16 3 0 1652.05 3982.73 235.32 533.56 1416.73 3449.17
ynao_sd_19600514_0140_chen 13 5 8 4 0 747.14 2644.15 84.88 208.36 662.26 2435.79
ynao_sd_19600516_0570_gong 14 13 1 1 0 389.87 583.89 124.07 258.94 265.8 324.95
ynao_sd_19600517_0130_gong 16 14 2 2 0 500.88 590.92 148.41 184.8 352.47 406.12
ynao_sd_19600522_0700_gong 10 8 2 2 0 271.43 427.67 84.21 120.61 187.22 307.06
ynao_sd_19600614_0110_gong 18 14 4 3 0 725.39 777.87 193.41 211.2 531.98 566.67
ynao_sd_19600616_0650_gong 19 12 7 7 0 836.64 1207.51 147.96 238.42 688.68 969.09
ynao_sd_19600617_0620_gong 5 2 3 3 0 378.7 530.16 78.83 105.64 299.87 424.52
ynao_sd_19600618_0730_li 11 9 2 4 0 1703.57 2436.62 123.72 169.97 1579.85 2266.65
ynao_sd_19600619_0655_gong 6 3 3 2 0 244.89 431.49 56.35 97.87 188.54 333.62
ynao_sd_19600620_0720_gong 9 7 2 3 0 417.48 1151.88 120.81 397.13 296.67 754.75
ynao_sd_19600621_0200_li 4 1 3 3 0 823.31 2078.8 47.59 79.05 775.72 1999.75
ynao_sd_19600622_0510_gong 9 6 3 2 0 531.86 747.01 93.8 125.94 438.06 621.07
ynao_sd_19600623_0310_gong 8 6 2 2 0 591.28 1003.81 108.23 141.57 483.05 862.24
ynao_sd_19600626_0320_gong 20 9 11 5 0 1321.64 2235.59 178.81 263.67 1142.83 1971.92
ynao_sd_19600627_0150_gong 19 8 11 6 0 1509.6 2622.83 267.7 439.15 1241.9 2183.68
ynao_sd_19600629_0530_gong 37 18 19 7 0 2460.16 3655.62 375.18 557.38 2084.98 3098.24
ynao_sd_19600703_0810_gong 56 20 36 6 0 5275.93 5768.56 726.3 814.15 4549.63 4954.41
ynao_sd_19600704_0540_gong 42 12 30 9 0 5634.36 6365.09 770.89 900.01 4863.47 5465.08
ynao_sd_19600710_0220_cheng 38 22 16 5 0 1328.93 1546.26 295.13 392.7 1033.8 1153.56
ynao_sd_19600711_1000_cheng 23 9 14 7 0 955.73 1288.14 194.91 247.77 760.82 1040.37
ynao_sd_19600712_0150_cheng 23 7 16 8 0 1338.94 1922.04 192.88 253.29 1146.06 1668.75
ynao_sd_19600722_0820_cheng 36 29 7 3 0 588.62 1032.63 271.78 466.81 316.84 565.82
ynao_sd_19600723_0630_cheng 15 9 6 3 0 298.15 508.85 114.35 194.74 183.8 314.11
ynao_sd_19600724_0700_cheng 14 9 5 2 0 289.91 560.96 109.47 329.13 180.44 231.83
ynao_sd_19600725_0300_cheng 15 8 7 4 0 1106.4 2825.69 217.67 479.67 888.73 2346.02
ynao_sd_19600727_0240_cheng 18 5 13 4 0 3122.07 4345.46 200.53 275.61 2921.54 4069.85
ynao_sd_19600801_0640_cheng 12 9 3 2 0 760.53 837.47 188.44 211.02 572.09 626.45
ynao_sd_19600803_0340_cheng 12 8 4 1 0 517.78 760.14 120.35 168.47 397.43 591.67
ynao_sd_19600805_0715_li 5 4 1 1 0 129.56 376.75 69.11 162.06 60.45 214.69
ynao_sd_19600808_0600_cheng 14 5 9 4 0 922.03 2095.19 166.82 363.22 755.21 1731.97
ynao_sd_19600809_0000_cheng 13 4 9 3 0 540.25 935.96 124.36 209.31 415.89 726.65
ynao_sd_19600810_0220_cheng 19 7 12 5 0 1720.35 2845.86 259.25 386.42 1461.1 2459.44
ynao_sd_19600811_0250_cheng 30 6 24 8 0 2333.94 3304.58 302.91 490.52 2031.03 2814.06
ynao_sd_19600812_0900_cheng 32 11 21 8 0 2394.16 2793.85 391.95 486.44 2002.21 2307.41
ynao_sd_19600815_0740_cheng 51 17 34 12 1 3493.64 4124.18 498.81 593.83 2994.83 3530.35
ynao_sd_19600816_0710_cheng 51 24 27 10 0 2463.82 2999.39 462.86 573.89 2000.96 2425.5
ynao_sd_19600817_0040_cheng 57 30 27 11 0 2157.83 2616.4 423.87 543.66 1733.96 2072.74
ynao_sd_19600818_0030_cheng 58 27 31 12 0 2222.19 2823.15 542.3 774.97 1679.89 2048.18
ynao_sd_19600819_0700_cheng 40 27 13 9 0 1729.72 2028.57 352.87 534.27 1376.85 1494.3
ynao_sd_19600820_0630_li 27 21 6 4 0 1365.01 1508.52 290.4 345.76 1074.61 1162.76
ynao_sd_19600821_0140_cheng 29 21 8 4 0 1062.48 1305.61 327.21 434.29 735.27 871.32
ynao_sd_19600822_0700_cheng 38 34 4 4 0 1657.93 2038.11 271.61 350.87 1386.32 1687.24
ynao_sd_19600823_0030_cheng 19 15 4 2 0 691.63 1025.89 221.41 318.46 470.22 707.43
ynao_sd_19600824_0030_cheng 20 14 6 3 0 626.91 1082.6 238.48 327.22 388.43 755.38
ynao_sd_19600825_0300_cheng 18 8 10 6 0 659.28 1265.21 126.01 212.32 533.27 1052.89
ynao_sd_19600826_0340_li 29 23 6 3 0 442.96 614.05 158.55 205.29 284.41 408.76
ynao_sd_19600828_0230_cheng 23 21 2 1 0 224.88 325.3 164.26 261.63 60.62 63.67
ynao_sd_19600829_0250_cheng 27 24 3 2 0 270.17 371.32 159.52 242.93 110.65 128.39
ynao_sd_19600830_0240_cheng 18 14 4 3 0 259.53 326.05 103.19 143.75 156.34 182.3
ynao_sd_19600831_0630_li 28 20 8 5 0 441.17 530.99 153.0 182.31 288.17 348.68
ynao_sd_19600903_0700_li 39 33 6 2 0 477.32 1149.14 349.62 993.48 127.7 155.66
ynao_sd_19600904_0430_cheng 20 10 10 7 0 668.97 1404.03 168.04 292.19 500.93 1111.84
ynao_sd_19600905_0300_cheng 24 13 11 5 0 750.64 1316.38 203.71 357.07 546.93 959.31
ynao_sd_19600906_0750_cheng 27 19 8 4 0 1553.51 2417.72 207.05 305.85 1346.46 2111.87
ynao_sd_19600907_0350_cheng 18 14 4 2 0 641.9 941.94 171.75 232.01 470.15 709.93
ynao_sd_19600908_0050_cheng 22 18 4 3 0 660.85 822.69 165.21 197.37 495.64 625.32
ynao_sd_19600909_0250_cheng 20 11 9 4 0 1334.69 1437.0 172.2 455.2 1162.49 981.8
ynao_sd_19600910_0340_cheng 19 8 11 4 0 804.14 1142.82 181.95 314.19 622.19 828.63
ynao_sd_19600913_0740_cheng 14 5 9 5 0 475.2 648.34 91.07 140.36 384.13 507.98
ynao_sd_19600916_0030_cheng 9 8 1 1 0 151.71 163.77 66.38 76.47 85.33 87.3
ynao_sd_19600917_0120_li 6 4 2 1 0 88.39 97.86 37.65 72.88 50.74 24.98
ynao_sd_19600918_0710_cheng 24 18 6 5 0 1139.19 2194.24 128.89 254.67 1010.3 1939.57
ynao_sd_19600919_0030_cheng 17 9 8 5 0 590.29 1085.97 122.17 190.02 468.12 895.95
ynao_sd_19600920_0100_cheng 18 10 8 6 0 1607.61 4838.53 208.49 359.12 1399.12 4479.41
ynao_sd_19600921_0130_cheng 18 4 14 7 0 1038.39 1446.86 170.41 246.84 867.98 1200.02
ynao_sd_19600922_0520_li 21 6 15 8 0 1295.4 1643.31 180.84 237.31 1114.56 1406.0
ynao_sd_19600923_0420_li 24 4 20 8 0 1588.34 1873.16 142.43 176.55 1445.91 1696.61
ynao_sd_19600924_0130_li 23 11 12 6 0 1046.71 1258.48 166.17 195.49 880.54 1062.99
ynao_sd_19600925_0610_li 13 7 6 5 0 651.33 685.98 117.0 122.5 534.33 563.48
ynao_sd_19600926_0600_li 14 5 9 4 0 623.97 734.73 102.43 136.23 521.54 598.5
ynao_sd_19600927_0800_cheng 10 4 6 3 0 287.97 393.27 55.43 70.89 232.54 322.38
ynao_sd_19600929_0930_li 9 7 2 2 0 696.54 2806.47 95.23 172.12 601.31 2634.35
ynao_sd_19600930_0240_li 2 1 1 0 0 4.57 5.25 10.99 27.69 6.42 22.44
ynao_sd_19601001_0100_cheng 1 1 0 0 0 134.87 430.44 134.87 430.44 0 0
ynao_sd_19601002_0840_li 1 1 0 0 0 4.51 5.85 4.51 5.85 0 0
ynao_sd_19601003_0100_li 1 1 0 0 0 4.32 7.44 4.32 7.44 0 0
ynao_sd_19601004_0130_li 0 0 0 0 0 0 0 0 0 0 0
ynao_sd_19601005_0130_li 7 4 3 2 0 242.39 269.73 68.45 94.33 173.94 175.4
ynao_sd_19601007_0100_li 12 4 8 4 0 354.89 385.83 93.14 107.88 261.75 277.95
ynao_sd_19601012_0500_li 20 9 11 6 0 664.91 846.58 151.86 194.53 513.05 652.05
ynao_sd_19601013_0620_li 18 12 6 5 0 676.39 878.11 154.29 204.52 522.1 673.59
ynao_sd_19601014_0610_cheng 19 16 3 1 0 565.9 740.47 170.84 244.66 395.06 495.81
ynao_sd_19601015_0510_li 12 4 8 3 0 602.64 1547.07 130.15 362.35 472.49 1184.72
ynao_sd_19601017_0830_cheng 29 16 13 3 0 1198.81 2199.99 231.53 370.18 967.28 1829.81
ynao_sd_19601021_0100_li 19 10 9 3 0 2198.78 2416.89 447.96 613.98 1750.82 1802.91
ynao_sd_19601022_0540_li 21 4 17 5 0 1971.83 2094.64 302.53 320.72 1669.3 1773.92
ynao_sd_19601023_0130_cheng 20 9 11 3 0 1551.74 1758.02 274.26 318.29 1277.48 1439.73
ynao_sd_19601024_0100_cheng 26 15 11 1 0 1601.73 1992.7 300.24 362.52 1301.49 1630.18
ynao_sd_19601025_0030_cheng 14 11 3 1 0 992.35 1499.71 183.95 277.6 808.4 1222.11
ynao_sd_19601027_0520_cheng 29 10 19 5 0 3593.85 10047.14 202.78 513.89 3391.07 9533.25
ynao_sd_19601028_0130_cheng 22 9 13 4 0 3558.48 7451.9 197.75 339.85 3360.73 7112.05
ynao_sd_19601029_0030_li 30 14 16 4 0 756.73 944.2 228.84 305.03 527.89 639.17
ynao_sd_19601030_0200_li 20 13 7 5 0 898.59 997.0 145.77 168.43 752.82 828.57
ynao_sd_19601102_0600_cheng 17 11 6 2 0 402.51 714.86 172.26 390.64 230.25 324.22
ynao_sd_19601103_0440_li 12 7 5 4 0 374.22 617.32 100.97 149.22 273.25 468.1
ynao_sd_19601105_0745_li 11 5 6 4 0 988.6 1155.42 81.98 109.15 906.62 1046.27
ynao_sd_19601106_0350_cheng 9 1 8 4 0 725.32 2112.96 100.4 227.31 624.92 1885.65
ynao_sd_19601107_0120_cheng 16 5 11 5 0 551.24 914.05 206.89 385.56 344.35 528.49
ynao_sd_19601108_0120_li 16 7 9 5 0 1562.74 2553.49 315.96 508.13 1246.78 2045.36
ynao_sd_19601109_0110_li 32 14 18 5 0 2036.96 2850.72 368.89 518.58 1668.07 2332.14
ynao_sd_19601110_0050_cheng 35 16 19 4 0 2298.66 2836.2 424.49 526.48 1874.17 2309.72
ynao_sd_19601111_0100_li 30 18 12 3 0 2686.97 3074.6 565.55 646.71 2121.42 2427.89
ynao_sd_19601112_0050_li 26 7 19 3 0 3081.64 3595.15 420.9 504.92 2660.74 3090.23
ynao_sd_19601113_0200_cheng 40 12 28 4 0 3647.63 4866.73 450.0 631.24 3197.63 4235.49
ynao_sd_19601114_0120_li 38 14 24 6 0 4715.46 5806.71 539.2 673.57 4176.26 5133.14
ynao_sd_19601115_0100_li 24 7 17 6 0 3282.57 4232.45 404.13 522.91 2878.44 3709.54
ynao_sd_19601116_0110_li 25 13 12 6 0 2985.73 4297.87 533.36 800.8 2452.37 3497.07
ynao_sd_19601117_0300_li 18 4 14 5 0 2614.85 3981.27 312.42 461.76 2302.43 3519.51
ynao_sd_19601118_0130_li 26 12 14 4 0 1974.97 3251.89 352.16 524.21 1622.81 2727.68
ynao_sd_19601119_0100_li 22 10 12 4 0 1473.42 1679.16 264.84 500.95 1208.58 1178.21
ynao_sd_19601121_0130_li 20 10 10 5 0 1652.23 2373.58 241.5 378.84 1410.73 1994.74
ynao_sd_19601122_0120_cheng 17 6 11 4 0 985.77 1846.75 150.0 268.85 835.77 1577.9
ynao_sd_19601123_0110_cheng 11 5 6 4 0 548.59 1034.87 110.89 245.7 437.7 789.17
ynao_sd_19601124_0120_cheng 7 5 2 3 0 1222.35 3761.07 102.07 224.33 1120.28 3536.74
ynao_sd_19601125_0110_cheng 3 1 2 3 0 225.45 328.78 30.85 48.73 194.6 280.05
ynao_sd_19601126_0740_li 6 4 2 2 0 176.01 351.71 53.1 84.38 122.91 267.33
ynao_sd_19601127_0150_cheng 12 9 3 3 0 245.92 441.35 78.56 120.4 167.36 320.95
ynao_sd_19601128_0100_cheng 13 11 2 2 0 239.39 309.81 135.16 195.87 104.23 113.94
ynao_sd_19601129_0200_cheng 14 10 4 2 0 304.8 314.97 85.07 90.0 219.73 224.97
ynao_sd_19601201_0530_li 7 3 4 2 0 677.41 722.59 81.56 86.05 595.85 636.54
ynao_sd_19601202_0110_cheng 31 23 8 3 0 558.82 633.23 177.46 198.13 381.36 435.1
ynao_sd_19601203_0530_li 11 7 4 2 0 284.61 397.85 61.4 79.76 223.21 318.09
ynao_sd_19601209_0530_li 2 0 2 2 0 176.07 249.17 20.01 29.55 156.06 219.62
ynao_sd_19601210_0110_li 6 4 2 2 0 251.75 323.79 51.72 67.5 200.03 256.29
ynao_sd_19601211_0310_cheng 9 4 5 2 0 251.91 288.56 68.41 79.31 183.5 209.25
ynao_sd_19601212_0200_li 7 5 2 2 0 225.76 259.15 61.21 75.68 164.55 183.47
ynao_sd_19601213_0120_li 2 0 2 3 0 1306.51 2497.33 12.14 14.15 1294.37 2483.18
ynao_sd_19601214_0120_cheng 15 14 1 1 0 225.79 281.27 184.29 221.98 41.5 59.29
ynao_sd_19601215_0630_li 8 8 0 1 0 557.65 643.87 128.48 171.88 429.17 471.99
ynao_sd_19601216_0330_li 7 5 2 1 0 124.48 143.95 104.25 118.84 20.23 25.11
ynao_sd_19601217_0130_li 11 9 2 2 0 125.0 161.03 70.42 88.5 54.58 72.53
ynao_sd_19601220_0520_li 14 9 5 1 0 170.82 174.81 54.74 56.06 116.08 118.75
ynao_sd_19601221_0400_li 7 6 1 1 0 149.08 367.8 90.13 305.87 58.95 61.93
ynao_sd_19601222_0120_li 3 1 2 3 0 224.81 404.12 52.73 85.76 172.08 318.36
ynao_sd_19601223_0130_cheng 5 2 3 2 0 196.83 325.28 48.17 72.58 148.66 252.7
ynao_sd_19601224_0150_li 5 3 2 2 0 215.53 298.43 43.07 63.93 172.46 234.5
ynao_sd_19601225_0220_cheng 9 7 2 1 0 250.38 302.09 60.27 80.47 190.11 221.62
ynao_sd_19601226_0140_cheng 17 12 5 3 0 374.26 894.04 112.78 224.66 261.48 669.38
ynao_sd_19601227_0110_li 16 10 6 4 0 561.16 1076.75 145.6 304.29 415.56 772.46
ynao_sd_19601228_0100_li 26 12 14 7 0 954.36 1508.26 221.81 351.83 732.55 1156.43
ynao_sd_19601230_0650_cheng 27 16 11 4 0 1845.24 2135.62 259.13 299.58 1586.11 1836.04
ynao_sd_19601231_0420_cheng 38 25 13 3 0 2693.84 2971.27 428.97 525.86 2264.87 2445.41
