ynao_sd_19610101_0220_li 27 12 15 4 0 2817.57 3022.66 345.09 379.87 2472.48 2642.79
ynao_sd_19610102_0310_li 40 9 31 9 0 2493.05 2864.18 326.33 377.54 2166.72 2486.64
ynao_sd_19610103_0110_li 47 15 32 15 0 2213.86 2837.56 394.26 519.87 1819.6 2317.69
ynao_sd_19610104_0120_li 49 28 21 9 0 1969.38 2796.28 372.91 553.22 1596.47 2243.06
ynao_sd_19610105_0700_li 38 18 20 10 0 1665.34 2568.0 279.72 414.18 1385.62 2153.82
ynao_sd_19610106_0440_li 32 17 15 7 0 1278.34 2060.32 283.96 395.92 994.38 1664.4
ynao_sd_19610107_0120_li 22 16 6 3 0 988.04 1359.76 211.84 303.37 776.2 1056.39
ynao_sd_19610108_0120_chen 15 10 5 1 0 908.1 1092.51 169.33 203.6 738.77 888.91
ynao_sd_19610109_0120_li 7 3 4 1 0 683.48 924.99 125.55 163.04 557.93 761.95
ynao_sd_19610110_0140_li 5 2 3 1 0 612.58 1015.54 121.2 188.18 491.38 827.36
ynao_sd_19610111_0740_li 3 1 2 1 0 258.02 713.78 32.47 81.27 225.55 632.51
ynao_sd_19610112_0220_li 2 0 2 2 0 670.81 1756.85 18.28 73.27 652.53 1683.58
ynao_sd_19610115_0640_chen 1 1 0 0 0 7.98 8.33 7.98 8.33 0 0
ynao_sd_19610116_0440_li 0 0 0 0 0 0 0 0 0 0 0
ynao_sd_19610117_0150_li 0 0 0 0 0 0 0 0 0 0 0
ynao_sd_19610118_0120_li 1 1 0 0 0 4.59 6.52 4.59 6.52 0 0
ynao_sd_19610119_0110_li 0 0 0 0 0 0 0 0 0 0 0
ynao_sd_19610120_0650_li 0 0 0 0 0 0 0 0 0 0 0
ynao_sd_19610121_0200_li 0 0 0 0 0 0 0 0 0 0 0
ynao_sd_19610122_0120_chen 1 1 0 0 0 26.59 87.1 26.59 87.1 0 0
ynao_sd_19610123_0150_li 3 0 3 1 0 78.51 156.73 10.43 20.87 68.08 135.86
ynao_sd_19610124_0255_li 2 1 1 1 0 90.08 131.11 14.74 20.73 75.34 110.38
ynao_sd_19610125_0440_li 6 4 2 2 0 196.26 717.04 48.71 106.83 147.55 610.21
ynao_sd_19610126_0120_li 6 1 5 2 0 251.24 597.23 44.78 85.67 206.46 511.56
ynao_sd_19610127_0140_li 4 2 2 1 0 432.19 719.21 84.99 126.19 347.2 593.02
ynao_sd_19610128_0230_chen 14 8 6 3 0 1579.99 2202.5 137.07 213.62 1442.92 1988.88
ynao_sd_19610129_0220_chen 18 9 9 4 0 985.1 1375.03 182.63 247.92 802.47 1127.11
ynao_sd_19610130_0240_li 33 18 15 6 0 1282.67 1698.5 294.63 368.67 988.04 1329.83
ynao_sd_19610202_0310_li 8 5 3 3 0 553.46 644.41 104.07 121.36 449.39 523.05
ynao_sd_19610205_0140_gong 10 9 1 2 0 459.12 1029.45 85.37 166.91 373.75 862.54
ynao_sd_19610206_0210_li 9 7 2 2 0 395.03 901.1 86.6 171.88 308.43 729.22
ynao_sd_19610207_0110_li 13 11 2 1 0 460.35 594.32 130.66 191.25 329.69 403.07
ynao_sd_19610208_0110_li 5 3 2 2 0 485.87 534.73 76.85 91.24 409.02 443.49
ynao_sd_19610209_0140_li 7 6 1 1 0 452.15 469.18 94.97 104.21 357.18 364.97
ynao_sd_19610210_0100_li 8 5 3 1 0 470.51 528.09 92.57 142.5 377.94 385.59
ynao_sd_19610211_0100_li 2 0 2 2 0 318.49 341.39 48.59 52.08 269.9 289.31
ynao_sd_19610212_0540_chen 8 5 3 2 0 288.04 355.94 56.69 70.21 231.35 285.73
ynao_sd_19610213_0820_li 8 6 2 2 0 199.03 319.4 70.47 120.27 128.56 199.13
ynao_sd_19610217_0900_li 3 3 0 0 0 35.97 70.3 35.97 70.3 0 0
ynao_sd_19610218_0350_li 1 1 0 0 0 14.87 23.45 14.87 23.45 0 0
ynao_sd_19610219_0140_li 2 2 0 0 0 23.38 30.23 23.38 30.23 0 0
ynao_sd_19610220_0150_chen 4 4 0 0 0 38.6 50.92 38.6 50.92 0 0
ynao_sd_19610221_0730_li 2 1 1 1 0 46.2 144.06 9.21 18.92 36.99 125.14
ynao_sd_19610222_0110_li 2 1 1 1 0 104.31 267.67 51.53 141.57 52.78 126.1
ynao_sd_19610228_0120_li 1 0 1 1 0 130.58 137.83 17.52 18.49 113.06 119.34
ynao_sd_19610301_0640_li 1 0 1 1 0 113.91 134.89 14.85 17.58 99.06 117.31
ynao_sd_19610302_0055_li 1 0 1 1 0 89.53 117.51 6.54 8.57 82.99 108.94
ynao_sd_19610303_0150_li 2 1 1 1 0 89.3 146.71 13.26 19.7 76.04 127.01
ynao_sd_19610304_0640_li 4 3 1 0 0 83.69 149.66 87.54 160.36 3.85 10.7
ynao_sd_19610305_0100_li 3 0 3 0 0 0 0 26.28 103.23 26.28 103.23
ynao_sd_19610306_0050_li 4 4 0 0 0 29.72 52.3 29.72 52.3 0 0
ynao_sd_19610307_0110_chen 11 11 0 0 0 79.7 81.25 79.7 81.25 0 0
ynao_sd_19610308_0200_li 4 4 0 0 0 65.05 66.97 65.05 66.97 0 0
ynao_sd_19610309_0100_li 4 4 0 0 0 52.24 107.51 52.24 107.51 0 0
ynao_sd_19610310_0130_li 3 3 0 0 0 13.12 17.09 13.12 17.09 0 0
ynao_sd_19610311_0100_li 0 0 0 1 0 652.55 1063.93 0 0 652.55 1063.93
ynao_sd_19610312_0200_chen 2 2 0 0 0 44.21 119.26 44.21 119.26 0 0
ynao_sd_19610313_0635_li 0 0 0 0 0 0 0 0 0 0 0
ynao_sd_19610314_0110_li 7 7 0 0 0 86.62 193.36 86.62 193.36 0 0
ynao_sd_19610315_0935_li 4 3 1 1 0 75.82 119.07 23.6 32.62 52.22 86.45
ynao_sd_19610316_0320_li 5 3 2 1 0 69.92 105.84 20.51 37.55 49.41 68.29
ynao_sd_19610317_0140_li 4 2 2 1 0 665.11 783.66 31.64 41.47 633.47 742.19
ynao_sd_19610318_0110_li 3 1 2 2 0 338.41 858.59 19.47 30.48 318.94 828.11
ynao_sd_19610319_0300_chen 2 1 1 1 0 37.15 37.79 9.31 9.44 27.84 28.35
ynao_sd_19610320_0150_li 2 0 2 2 0 142.89 490.89 24.66 81.15 118.23 409.74
ynao_sd_19610321_0100_li 6 5 1 1 0 327.65 762.45 105.21 216.16 222.44 546.29
ynao_sd_19610322_0050_li 11 8 3 3 0 611.74 1077.66 174.75 298.46 436.99 779.2
ynao_sd_19610323_0650_li 16 8 8 4 0 848.2 1087.26 178.65 223.46 669.55 863.8
ynao_sd_19610324_0055_li 15 6 9 6 0 986.96 1183.84 199.51 245.89 787.45 937.95
ynao_sd_19610325_0200_li 20 12 8 5 0 939.8 1069.26 212.93 253.38 726.87 815.88
ynao_sd_19610328_0200_li 13 8 5 3 0 1250.1 2190.43 149.05 184.39 1101.05 2006.04
ynao_sd_19610329_0140_li 6 3 3 2 0 515.96 680.76 104.46 134.17 411.5 546.59
ynao_sd_19610330_0705_li 7 5 2 2 0 365.67 634.05 79.99 131.13 285.68 502.92
ynao_sd_19610331_0940_li 4 3 1 1 0 170.19 481.53 39.78 96.98 130.41 384.55
ynao_sd_19610401_0525_li 3 3 0 0 0 82.64 373.3 82.64 373.3 0 0
ynao_sd_19610402_0200_cheng 0 0 0 0 0 0 0 0 0 0 0
ynao_sd_19610403_0625_li 2 2 0 0 0 37.51 48.12 37.51 48.12 0 0
ynao_sd_19610404_0050_li 1 1 0 0 0 16.77 19.23 16.77 19.23 0 0
ynao_sd_19610405_0100_li 5 5 0 0 0 81.08 93.27 81.08 93.27 0 0
ynao_sd_19610406_0050_li 12 10 2 1 0 107.72 113.59 70.73 74.6 36.99 38.99
ynao_sd_19610407_0055_li 10 3 7 3 0 410.66 450.19 102.24 119.04 308.42 331.15
ynao_sd_19610408_0100_li 14 8 6 3 0 321.18 370.46 96.22 111.9 224.96 258.56
ynao_sd_19610409_0210_cheng 9 0 9 5 0 289.34 390.2 58.41 78.6 230.93 311.6
ynao_sd_19610410_0100_cheng 8 6 2 2 0 111.04 199.93 44.63 72.16 66.41 127.77
ynao_sd_19610411_0050_li 8 6 2 1 0 140.07 474.92 91.98 324.26 48.09 150.66
ynao_sd_19610412_0130_li 6 5 1 1 0 186.23 416.03 84.51 138.59 101.72 277.44
ynao_sd_19610413_0100_li 3 2 1 1 0 223.14 392.31 41.76 75.1 181.38 317.21
ynao_sd_19610414_0130_li 3 2 1 1 0 321.96 429.81 54.08 69.65 267.88 360.16
ynao_sd_19610415_0500_li 8 7 1 1 0 357.51 403.02 64.64 71.66 292.87 331.36
ynao_sd_19610416_0330_cheng 13 8 5 3 0 535.34 970.84 118.17 174.74 417.17 796.1
ynao_sd_19610417_0130_li 9 4 5 4 0 501.28 710.14 94.38 119.53 406.9 590.61
ynao_sd_19610418_0100_li 16 9 7 3 0 657.34 867.51 169.38 204.04 487.96 663.47
ynao_sd_19610419_0050_li 11 5 6 3 0 605.92 767.65 84.36 103.97 521.56 663.68
ynao_sd_19610420_0120_cheng 9 6 3 2 0 517.61 623.59 106.96 136.24 410.65 487.35
ynao_sd_19610421_0050_li 7 3 4 2 0 490.49 579.22 99.69 149.27 390.8 429.95
ynao_sd_19610422_0050_li 2 0 2 2 0 450.13 515.32 61.73 68.71 388.4 446.61
ynao_sd_19610423_0015_li 2 0 2 2 0 792.06 1498.74 33.45 34.75 758.61 1463.99
ynao_sd_19610424_0050_li 3 1 2 1 0 350.71 389.56 54.75 59.6 295.96 329.96
ynao_sd_19610425_0100_cheng 3 0 3 1 0 304.52 384.03 28.79 36.25 275.73 347.78
ynao_sd_19610426_0800_cheng 2 0 2 1 0 126.34 213.99 15.93 26.99 110.41 187.0
ynao_sd_19610427_0700_cheng 5 3 2 2 0 202.15 607.51 50.3 171.64 151.85 435.87
ynao_sd_19610428_0140_cheng 8 6 2 2 0 218.33 558.89 82.78 150.74 135.55 408.15
ynao_sd_19610429_0440_li 11 5 6 4 0 277.17 342.17 99.26 120.8 177.91 221.37
ynao_sd_19610501_0310_cheng 22 11 11 5 0 556.18 582.95 167.82 180.8 388.36 402.15
ynao_sd_19610502_0120_cheng 21 10 11 6 0 719.12 794.55 138.08 150.39 581.04 644.16
ynao_sd_19610504_0640_cheng 17 14 3 3 0 503.75 846.7 171.11 264.43 332.64 582.27
ynao_sd_19610505_1030_li 5 3 2 2 0 258.87 701.0 69.06 143.49 189.81 557.51
ynao_sd_19610506_0145_li 5 4 1 1 0 117.64 484.37 91.09 405.65 26.55 78.72
ynao_sd_19610507_0050_li 3 1 2 3 0 2192.57 6210.94 60.01 155.11 2132.56 6055.83
ynao_sd_19610508_0400_li 7 3 4 3 0 176.57 312.38 27.8 50.29 148.77 262.09
ynao_sd_19610509_0215_li 11 6 5 3 0 1003.1 1339.27 56.18 77.11 946.92 1262.16
ynao_sd_19610510_0930_cheng 19 11 8 3 0 2187.41 2511.35 138.17 171.8 2049.24 2339.55
ynao_sd_19610511_0635_li 10 6 4 4 0 889.58 960.69 87.04 105.11 802.54 855.58
ynao_sd_19610512_0040_li 11 8 3 3 0 1252.16 1682.39 127.83 160.66 1124.33 1521.73
ynao_sd_19610513_0100_li 8 4 4 4 0 1483.51 1649.83 94.14 96.8 1389.37 1553.03
ynao_sd_19610514_0250_cheng 10 7 3 2 0 363.91 514.76 72.89 94.3 291.02 420.46
ynao_sd_19610515_0130_li 4 1 3 2 0 280.21 413.76 26.22 37.48 253.99 376.28
ynao_sd_19610516_0100_li 4 1 3 2 0 289.87 426.13 28.22 41.41 261.65 384.72
ynao_sd_19610517_0050_li 5 2 3 2 0 301.79 466.41 64.2 119.09 237.59 347.32
ynao_sd_19610518_0250_li 2 1 1 1 0 224.26 245.85 24.5 32.04 199.76 213.81
ynao_sd_19610519_0040_li 6 5 1 1 0 188.91 197.72 58.7 64.62 130.21 133.1
ynao_sd_19610520_0210_li 8 2 6 2 0 308.95 367.2 59.2 96.35 249.75 270.85
ynao_sd_19610521_0200_cheng 14 6 8 4 0 478.94 756.73 83.65 129.66 395.29 627.07
ynao_sd_19610525_1010_li 10 8 2 1 0 255.08 265.95 77.3 81.29 177.78 184.66
ynao_sd_19610527_0300_li 10 5 5 2 0 309.74 325.01 71.53 84.98 238.21 240.03
ynao_sd_19610531_0610_li 2 1 1 1 0 52.76 104.04 10.31 20.48 42.45 83.56
ynao_sd_19610601_0450_li 2 2 0 0 0 29.54 70.89 29.54 70.89 0 0
ynao_sd_19610602_0120_li 3 3 0 0 0 10.66 12.91 10.66 12.91 0 0
ynao_sd_19610603_0350_li 4 3 1 1 0 57.06 89.51 15.55 28.71 41.51 60.8
ynao_sd_19610604_0200_cheng 9 8 1 1 0 80.45 136.56 51.67 83.01 28.78 53.55
ynao_sd_19610605_0100_li 8 7 1 1 0 78.02 102.59 36.91 48.64 41.11 53.95
ynao_sd_19610606_0100_li 3 2 1 1 0 82.08 91.65 50.98 56.79 31.1 34.86
ynao_sd_19610608_0050_li 5 5 0 0 0 69.6 72.98 69.6 72.98 0 0
ynao_sd_19610609_0540_li 9 6 3 2 0 198.27 648.58 65.51 111.76 132.76 536.82
ynao_sd_19610612_0230_li 11 6 5 4 0 873.21 1225.9 153.7 228.65 719.51 997.25
ynao_sd_19610613_0200_li 17 10 7 3 0 911.19 1063.38 221.14 262.14 690.05 801.24
ynao_sd_19610614_0430_li 17 10 7 3 0 1027.71 1069.76 221.62 231.35 806.09 838.41
ynao_sd_19610616_0740_li 14 8 6 3 0 793.84 937.69 178.46 306.68 615.38 631.01
ynao_sd_19610617_0130_li 12 7 5 3 0 620.19 771.12 131.83 244.91 488.36 526.21
ynao_sd_19610618_0030_cheng 14 7 7 3 0 647.85 864.07 134.95 196.08 512.9 667.99
ynao_sd_19610619_0030_li 22 16 6 5 0 1074.94 1956.63 185.94 287.22 889.0 1669.41
ynao_sd_19610620_0100_li 14 12 2 1 0 442.85 791.62 166.77 236.95 276.08 554.67
ynao_sd_19610621_0115_li 21 9 12 7 0 699.14 1081.64 152.01 195.15 547.13 886.49
ynao_sd_19610622_0030_li 40 28 12 5 0 803.95 925.9 285.47 326.79 518.48 599.11
ynao_sd_19610623_0230_cheng 45 18 27 8 0 1070.29 1367.27 220.2 279.65 850.09 1087.62
ynao_sd_19610624_0110_li 27 12 15 6 0 976.19 1557.11 173.82 256.92 802.37 1300.19
ynao_sd_19610625_0230_cheng 19 14 5 4 0 373.56 985.7 137.89 284.35 235.67 701.35
ynao_sd_19610626_0150_cheng 9 7 2 1 0 96.23 270.93 44.46 73.81 51.77 197.12
ynao_sd_19610628_0420_li 6 4 2 1 0 69.41 98.99 34.23 40.58 35.18 58.41
ynao_sd_19610629_0735_li 9 7 2 1 0 128.71 143.92 69.0 82.59 59.71 61.33
ynao_sd_19610630_0120_li 18 12 6 2 0 455.06 495.89 117.49 128.93 337.57 366.96
ynao_sd_19610701_0100_li 13 6 7 3 0 774.89 1201.14 138.33 189.29 636.56 1011.85
ynao_sd_19610702_0210_cheng 17 5 12 3 0 1460.83 2276.18 216.81 339.56 1244.02 1936.62
ynao_sd_19610705_0615_li 8 5 3 3 0 701.51 742.5 98.45 112.04 603.06 630.46
ynao_sd_19610707_0205_li 7 2 5 4 0 1062.62 1329.78 136.44 159.68 926.18 1170.1
ynao_sd_19610709_0750_cheng 18 14 4 3 0 823.55 1066.67 168.54 235.19 655.01 831.48
ynao_sd_19610715_0200_li 6 1 5 2 0 543.69 595.99 56.84 61.9 486.85 534.09
ynao_sd_19610716_0200_cheng 10 4 6 2 0 571.82 657.14 78.54 102.33 493.28 554.81
ynao_sd_19610717_0150_cheng 9 4 5 2 0 436.82 514.05 89.61 114.93 347.21 399.12
ynao_sd_19610718_0235_li 5 3 2 1 0 262.56 347.92 66.76 138.67 195.8 209.25
ynao_sd_19610719_0020_li 6 2 4 3 0 1316.55 1781.43 61.35 121.65 1255.2 1659.78
ynao_sd_19610720_0040_li 10 4 6 2 0 551.89 1190.96 54.5 109.44 497.39 1081.52
ynao_sd_19610721_0740_li 16 7 9 2 0 931.81 1475.69 182.11 263.27 749.7 1212.42
ynao_sd_19610722_0150_li 5 1 4 2 0 855.0 1248.43 65.65 101.53 789.35 1146.9
ynao_sd_19610723_0200_cheng 30 23 7 2 0 845.22 956.88 179.85 200.63 665.37 756.25
ynao_sd_19610724_0120_li 10 8 2 2 0 558.44 592.06 116.97 124.99 441.47 467.07
ynao_sd_19610725_0050_li 10 6 4 3 0 665.04 712.7 144.76 157.32 520.28 555.38
ynao_sd_19610801_0050_li 5 5 0 0 0 36.67 43.61 36.67 43.61 0 0
ynao_sd_19610803_0740_li 1 1 0 0 0 6.28 14.01 6.28 14.01 0 0
ynao_sd_19610804_0100_li 1 1 0 0 0 3.76 4.73 3.76 4.73 0 0
ynao_sd_19610805_0240_li 1 1 0 0 0 33.65 37.1 33.65 37.1 0 0
ynao_sd_19610807_0400_li 0 0 0 0 0 0 0 0 0 0 0
ynao_sd_19610809_0730_li 5 3 2 2 0 168.66 384.26 32.43 67.42 136.23 316.84
ynao_sd_19610810_0540_li 16 13 3 3 0 388.62 775.75 131.62 189.8 257.0 585.95
ynao_sd_19610811_0650_li 10 4 6 4 0 560.39 867.45 84.19 125.37 476.2 742.08
ynao_sd_19610812_0620_li 15 9 6 4 0 722.74 987.95 183.61 235.82 539.13 752.13
ynao_sd_19610813_0900_cheng 25 17 8 3 0 641.53 817.25 167.59 263.23 473.94 554.02
ynao_sd_19610815_0010_li 10 6 4 2 0 493.64 582.63 119.75 185.3 373.89 397.33
ynao_sd_19610816_0220_li 18 12 6 2 0 716.98 889.54 179.71 215.94 537.27 673.6
ynao_sd_19610817_0420_li 10 4 6 3 0 564.85 667.06 88.36 103.41 476.49 563.65
ynao_sd_19610820_1030_li 6 3 3 3 0 168.88 306.1 41.44 62.55 127.44 243.55
ynao_sd_19610821_0040_li 3 2 1 1 0 55.91 132.06 20.31 46.06 35.6 86.0
ynao_sd_19610822_0120_li 2 2 0 0 0 9.28 11.9 9.28 11.9 0 0
ynao_sd_19610823_0100_li 4 4 0 0 0 73.41 105.96 73.41 105.96 0 0
ynao_sd_19610824_0100_li 4 4 0 0 0 33.73 50.36 33.73 50.36 0 0
ynao_sd_19610825_0210_li 10 8 2 0 0 53.12 67.07 71.59 86.09 18.47 19.02
ynao_sd_19610826_0100_li 17 9 8 2 0 465.36 505.18 126.38 161.03 338.98 344.15
ynao_sd_19610827_0720_cheng 20 10 10 4 0 382.98 415.02 92.68 99.84 290.3 315.18
ynao_sd_19610828_0100_li 18 4 14 4 0 632.9 737.26 90.43 105.03 542.47 632.23
ynao_sd_19610830_0140_li 26 16 10 4 0 740.53 1627.62 193.26 478.21 547.27 1149.41
ynao_sd_19610831_0820_li 17 7 10 8 0 1165.02 2266.4 159.18 355.66 1005.84 1910.74
ynao_sd_19610901_0130_li 19 4 15 6 0 1027.18 1826.44 315.13 497.37 712.05 1329.07
ynao_sd_19610902_0100_li 36 8 28 5 0 1905.65 2224.63 228.74 265.12 1676.91 1959.51
ynao_sd_19610903_0750_cheng 26 6 20 5 1 2223.32 2291.74 213.22 219.59 2010.1 2072.15
ynao_sd_19610904_0100_li 34 12 22 5 0 2178.36 2202.25 426.9 438.15 1751.46 1764.1
ynao_sd_19610905_0120_li 34 14 20 5 0 1629.13 1664.0 324.66 332.3 1304.47 1331.7
ynao_sd_19610906_0120_li 27 13 14 5 0 1102.51 1218.05 180.8 199.33 921.71 1018.72
ynao_sd_19610907_0110_li 30 19 11 5 0 905.81 1156.91 225.66 291.13 680.15 865.78
ynao_sd_19610908_0030_li 19 11 8 2 0 505.81 810.99 123.23 192.41 382.58 618.58
ynao_sd_19610909_0100_li 9 3 6 2 0 257.6 587.3 60.39 123.47 197.21 463.83
ynao_sd_19610910_0250_cheng 2 0 2 2 0 393.88 1828.05 54.1 231.08 339.78 1596.97
ynao_sd_19610911_0100_li 3 0 3 2 0 498.7 1100.18 57.38 125.79 441.32 974.39
ynao_sd_19610914_0450_li 25 18 7 1 0 1153.24 1253.84 240.28 258.31 912.96 995.53
ynao_sd_19610915_0110_li 21 14 7 2 0 1158.37 1197.83 222.55 235.65 935.82 962.18
ynao_sd_19610916_0310_li 18 12 6 3 0 1157.6 1393.01 244.79 289.74 912.81 1103.27
ynao_sd_19610917_0720_li 11 4 7 2 0 1095.34 1260.76 137.44 153.36 957.9 1107.4
ynao_sd_19610918_0750_li 12 8 4 2 0 891.3 1091.13 148.48 181.73 742.82 909.4
ynao_sd_19610919_0700_cheng 15 10 5 3 0 804.58 1059.42 153.25 193.51 651.33 865.91
ynao_sd_19610924_0500_cheng 27 21 6 3 0 507.71 618.01 173.13 247.31 334.58 370.7
ynao_sd_19610925_0030_cheng 38 22 16 8 0 1232.49 1915.22 216.43 321.39 1016.06 1593.83
ynao_sd_19610926_0840_cheng 23 17 6 5 0 457.79 730.01 171.82 256.22 285.97 473.79
ynao_sd_19610927_0225_li 17 10 7 6 0 444.44 818.79 100.39 163.4 344.05 655.39
ynao_sd_19610928_0240_li 23 17 6 5 0 335.7 622.27 106.4 172.27 229.3 450.0
ynao_sd_19610929_0150_li 11 5 6 5 0 393.6 532.76 68.25 90.62 325.35 442.14
ynao_sd_19611002_0850_cheng 17 15 2 2 0 232.08 247.27 114.72 127.89 117.36 119.38
ynao_sd_19611003_0640_cheng 17 15 2 2 0 919.59 1046.67 82.14 97.52 837.45 949.15
ynao_sd_19611004_0550_li 9 8 1 1 0 107.21 121.28 62.87 71.61 44.34 49.67
ynao_sd_19611005_0450_li 7 3 4 3 0 149.87 186.89 27.47 34.38 122.4 152.51
ynao_sd_19611006_0900_li 7 2 5 3 0 105.45 166.08 24.22 34.7 81.23 131.38
ynao_sd_19611007_0820_li 10 10 0 0 0 86.64 140.65 86.64 140.65 0 0
ynao_sd_19611009_0300_li 10 10 0 0 0 104.91 133.72 104.91 133.72 0 0
ynao_sd_19611011_0640_li 21 16 5 2 0 495.31 931.71 125.13 186.88 370.18 744.83
ynao_sd_19611012_0120_li 18 17 1 1 0 594.93 954.6 200.91 289.95 394.02 664.65
ynao_sd_19611013_0050_li 12 10 2 1 0 597.88 786.75 150.25 182.68 447.63 604.07
ynao_sd_19611014_0100_li 8 7 1 1 0 696.06 798.97 139.52 162.24 556.54 636.73
ynao_sd_19611015_0150_cheng 12 11 1 1 0 802.92 869.03 187.69 221.72 615.23 647.31
ynao_sd_19611017_0150_li 6 5 1 1 0 669.39 706.36 104.18 117.64 565.21 588.72
ynao_sd_19611018_0120_li 13 12 1 1 0 591.37 697.04 159.32 212.55 432.05 484.49
ynao_sd_19611019_0100_li 5 4 1 1 0 536.5 689.02 86.85 114.06 449.65 574.96
ynao_sd_19611020_0835_li 9 8 1 1 0 397.81 699.22 89.6 159.57 308.21 539.65
ynao_sd_19611023_0720_li 3 3 0 0 0 16.44 24.45 16.44 24.45 0 0
ynao_sd_19611024_0320_li 1 1 0 0 0 5.9 25.38 5.9 25.38 0 0
ynao_sd_19611025_0600_li 2 2 0 0 0 51.75 52.07 51.75 52.07 0 0
ynao_sd_19611026_0200_li 4 4 0 0 0 70.01 130.4 70.01 130.4 0 0
ynao_sd_19611027_0030_li 0 0 0 0 0 0 0 0 0 0 0
ynao_sd_19611028_0140_li 9 9 0 0 0 35.92 37.91 35.92 37.91 0 0
ynao_sd_19611029_0640_cheng 3 3 0 0 0 40.08 49.37 40.08 49.37 0 0
ynao_sd_19611030_0140_li 2 2 0 0 0 22.8 33.48 22.8 33.48 0 0
ynao_sd_19611031_0100_li 1 1 0 0 0 4.56 9.23 4.56 9.23 0 0
ynao_sd_19611101_0120_li 1 1 0 0 0 4.99 5.23 4.99 5.23 0 0
ynao_sd_19611102_0140_li 0 0 0 0 0 0 0 0 0 0 0
ynao_sd_19611106_0230_li 17 9 8 2 0 168.33 198.11 62.8 74.81 105.53 123.3
ynao_sd_19611107_0900_li 11 7 4 3 0 344.89 467.36 88.1 119.79 256.79 347.57
ynao_sd_19611110_0130_li 16 12 4 2 0 230.31 409.06 102.63 149.18 127.68 259.88
ynao_sd_19611111_0110_li 15 12 3 2 0 668.1 791.53 301.27 333.62 366.83 457.91
ynao_sd_19611112_0230_chen 17 12 5 3 0 673.2 789.62 141.95 163.42 531.25 626.2
ynao_sd_19611114_0325_li 11 5 6 3 0 486.51 650.88 99.51 133.28 387.0 517.6
ynao_sd_19611115_0125_li 9 7 2 1 0 329.23 398.21 103.23 171.32 226.0 226.89
ynao_sd_19611116_0220_chen 9 5 4 1 0 324.84 389.41 97.13 159.63 227.71 229.78
ynao_sd_19611117_0220_chen 6 2 4 1 0 220.74 257.95 46.47 55.39 174.27 202.56
ynao_sd_19611118_0050_li 4 1 3 1 0 171.53 217.8 58.53 65.55 113.0 152.25
ynao_sd_19611119_0800_chen 2 0 2 1 0 53.51 108.86 9.47 19.25 44.04 89.61
ynao_sd_19611120_0200_chen 2 2 0 0 0 14.61 46.35 14.61 46.35 0 0
ynao_sd_19611121_0200_chen 8 8 0 0 0 42.11 67.22 42.11 67.22 0 0
ynao_sd_19611122_0110_li 9 6 3 2 0 252.71 595.32 62.21 160.45 190.5 434.87
ynao_sd_19611123_0120_li 2 1 1 1 0 68.25 264.53 19.17 65.0 49.08 199.53
ynao_sd_19611124_0330_li 0 0 0 0 0 0 0 0 0 0 0
ynao_sd_19611126_0210_chen 5 3 2 2 0 242.9 564.95 95.86 176.39 147.04 388.56
ynao_sd_19611127_0100_li 2 0 2 2 0 212.42 346.26 35.88 59.19 176.54 287.07
ynao_sd_19611128_0115_li 8 6 2 2 0 307.77 405.95 104.81 141.04 202.96 264.91
ynao_sd_19611129_0130_li 7 4 3 2 0 396.39 552.79 141.38 268.61 255.01 284.18
ynao_sd_19611130_0110_li 10 8 2 2 0 370.73 384.01 106.08 110.66 264.65 273.35
ynao_sd_19611201_0100_li 19 16 3 3 0 350.35 369.99 142.35 160.37 208.0 209.62
ynao_sd_19611202_0100_li 11 9 2 2 0 333.95 361.39 113.16 131.33 220.79 230.06
ynao_sd_19611203_0210_chen 23 15 8 4 0 459.33 514.36 137.22 151.86 322.11 362.5
ynao_sd_19611204_0100_li 37 27 10 5 0 643.98 710.78 214.85 233.39 429.13 477.39
ynao_sd_19611209_0110_li 9 6 3 2 0 402.29 834.47 78.17 167.6 324.12 666.87
ynao_sd_19611210_0140_li 3 1 2 1 0 127.13 392.72 29.03 97.71 98.1 295.01
ynao_sd_19611211_0130_li 0 0 0 0 0 0 0 0 0 0 0
ynao_sd_19611212_0610_li 1 1 0 0 0 6.66 6.93 6.66 6.93 0 0
ynao_sd_19611213_0120_li 0 0 0 0 0 0 0 0 0 0 0
ynao_sd_19611214_0130_li 3 3 0 0 0 45.22 85.4 45.22 85.4 0 0
ynao_sd_19611216_0100_li 1 1 0 0 0 4.35 4.48 4.35 4.48 0 0
ynao_sd_19611217_0220_li 1 1 0 0 0 4.76 13.47 4.76 13.47 0 0
ynao_sd_19611218_0130_li 3 3 0 0 0 14.57 37.42 14.57 37.42 0 0
ynao_sd_19611219_0120_li 1 1 0 0 0 5.13 24.27 5.13 24.27 0 0
ynao_sd_19611220_0140_li 3 3 0 0 0 64.77 81.21 64.77 81.21 0 0
ynao_sd_19611221_0250_li 1 1 0 0 0 6.33 7.66 6.33 7.66 0 0
ynao_sd_19611222_0120_li 2 2 0 0 0 11.71 12.44 11.71 12.44 0 0
ynao_sd_19611224_0410_li 18 16 2 1 0 394.2 471.8 148.44 203.22 245.76 268.58
ynao_sd_19611225_0210_gong 19 16 3 2 0 569.47 717.56 174.82 244.16 394.65 473.4
ynao_sd_19611226_0130_li 16 13 3 3 0 557.18 743.5 200.88 251.18 356.3 492.32
ynao_sd_19611227_0250_li 15 5 10 6 0 568.83 800.12 86.16 112.39 482.67 687.73
ynao_sd_19611230_0210_li 11 8 3 2 0 235.9 274.77 70.35 79.46 165.55 195.31
ynao_sd_19611231_0525_gong 4 2 2 1 0 236.47 341.63 50.88 78.11 185.59 263.52
