ynao_sd_19620101_0747_gong 3 2 1 1 0 101.14 179.2 26.64 45.45 74.5 133.75
ynao_sd_19620103_0520_li 6 5 1 1 0 84.31 325.76 61.92 268.06 22.39 57.7
ynao_sd_19620104_0240_li 3 2 1 1 0 54.82 94.02 13.12 19.33 41.7 74.69
ynao_sd_19620105_0240_li 3 2 1 1 0 66.03 90.18 16.87 22.06 49.16 68.12
ynao_sd_19620107_0210_li 4 4 0 0 0 53.02 70.79 53.02 70.79 0 0
ynao_sd_19620108_0500_li 1 1 0 0 0 12.12 12.84 12.12 12.84 0 0
ynao_sd_19620109_0440_li 1 1 0 0 0 4.24 4.62 4.24 4.62 0 0
ynao_sd_19620110_0600_li 4 4 0 0 0 30.62 45.35 30.62 45.35 0 0
ynao_sd_19620111_0110_li 3 3 0 0 0 12.56 15.38 12.56 15.38 0 0
ynao_sd_19620112_0125_li 0 0 0 0 0 0 0 0 0 0 0
ynao_sd_19620113_0115_li 2 2 0 1 0 1080.84 1800.78 17.0 77.34 1063.84 1723.44
ynao_sd_19620114_0410_li 10 9 1 0 0 107.83 219.99 113.18 233.36 5.35 13.37
ynao_sd_19620115_0115_chen 2 2 0 1 0 56.36 109.38 16.42 29.7 39.94 79.68
ynao_sd_19620116_0730_chen 6 5 1 0 0 33.57 44.85 57.74 165.88 24.17 121.03
ynao_sd_19620118_0340_chen 3 3 0 0 0 19.53 23.28 19.53 23.28 0 0
ynao_sd_19620121_0450_chen 22 6 16 2 0 1644.1 2231.81 308.87 426.66 1335.23 1805.15
ynao_sd_19620123_0610_chen 18 6 12 4 0 2020.05 2138.95 365.68 385.1 1654.37 1753.85
ynao_sd_19620124_0300_li 39 18 21 10 0 2187.31 2858.69 371.48 474.31 1815.83 2384.38
ynao_sd_19620125_0300_li 27 14 13 6 0 2294.31 2806.03 346.69 439.37 1947.62 2366.66
ynao_sd_19620127_0715_gong 26 18 8 6 0 1656.92 2199.8 302.88 393.88 1354.04 1805.92
ynao_sd_19620131_0800_chen 33 23 10 6 0 2803.55 5420.06 275.15 453.42 2528.4 4966.64
ynao_sd_19620201_0240_li 43 14 29 6 0 1771.64 2223.52 389.53 572.47 1382.11 1651.05
ynao_sd_19620202_0210_li 29 12 17 6 0 1515.18 2117.21 290.86 405.79 1224.32 1711.42
ynao_sd_19620203_0700_chen 26 17 9 5 0 1033.02 1837.14 229.77 375.91 803.25 1461.23
ynao_sd_19620204_0420_li 16 7 9 4 0 630.57 1507.34 117.27 253.39 513.3 1253.95
ynao_sd_19620205_0210_chen 9 8 1 1 0 308.22 1200.8 80.03 192.3 228.19 1008.5
ynao_sd_19620206_0440_li 12 12 0 0 0 84.3 88.82 84.3 88.82 0 0
ynao_sd_19620207_0210_li 6 6 0 0 0 52.86 57.34 52.86 57.34 0 0
ynao_sd_19620208_0110_li 9 9 0 0 0 51.29 64.79 51.29 64.79 0 0
ynao_sd_19620210_0100_li 7 6 1 1 0 78.26 170.15 51.71 112.35 26.55 57.8
ynao_sd_19620211_0140_chen 2 2 0 0 0 12.22 22.14 12.22 22.14 0 0
ynao_sd_19620212_0130_li 1 1 0 0 0 19.21 20.65 19.21 20.65 0 0
ynao_sd_19620213_0120_li 3 3 0 1 0 935.74 2013.76 14.53 27.05 921.21 1986.71
ynao_sd_19620216_0550_li 5 2 3 2 0 287.07 436.22 33.17 50.91 253.9 385.31
ynao_sd_19620217_0320_li 3 0 3 2 0 250.65 317.76 27.33 34.58 223.32 283.18
ynao_sd_19620218_0800_li 7 4 3 2 0 299.71 340.7 51.92 70.06 247.79 270.64
ynao_sd_19620220_0120_li 4 1 3 2 0 307.69 314.13 49.33 50.46 258.36 263.67
ynao_sd_19620221_0100_li 7 3 4 3 0 652.19 1322.35 142.44 242.45 509.75 1079.9
ynao_sd_19620222_0135_li 7 2 5 3 0 676.3 1129.98 131.73 219.64 544.57 910.34
ynao_sd_19620223_0520_li 8 4 4 3 0 836.91 1153.99 146.82 206.35 690.09 947.64
ynao_sd_19620224_0110_li 13 8 5 2 0 782.88 968.2 172.9 221.05 609.98 747.15
ynao_sd_19620225_0200_chen 10 8 2 1 0 763.32 870.31 180.12 236.66 583.2 633.65
ynao_sd_19620226_0110_chen 5 4 1 1 0 797.02 833.73 141.91 148.82 655.11 684.91
ynao_sd_19620227_0150_li 6 5 1 1 0 747.6 945.75 161.45 321.52 586.15 624.23
ynao_sd_19620228_0600_li 6 2 4 3 0 734.32 949.0 92.67 117.47 641.65 831.53
ynao_sd_19620301_0720_li 9 7 2 2 0 602.14 826.93 129.57 179.1 472.57 647.83
ynao_sd_19620303_0420_li 6 4 2 2 0 367.38 715.87 75.81 131.46 291.57 584.41
ynao_sd_19620304_0230_chen 4 1 3 3 0 1427.48 1731.48 127.36 169.99 1300.12 1561.49
ynao_sd_19620305_0150_li 4 3 1 1 0 179.62 200.31 113.43 131.98 66.19 68.33
ynao_sd_19620306_0120_li 12 12 0 0 0 102.4 111.18 102.4 111.18 0 0
ynao_sd_19620307_0100_li 10 10 0 0 0 79.19 93.43 79.19 93.43 0 0
ynao_sd_19620308_0100_li 9 9 0 0 0 52.24 62.34 52.24 62.34 0 0
ynao_sd_19620309_0110_li 5 5 0 0 0 36.95 48.79 36.95 48.79 0 0
ynao_sd_19620310_0130_li 4 3 1 1 0 531.2 1528.78 24.8 43.45 506.4 1485.33
ynao_sd_19620311_0100_gong 2 2 0 0 0 11.69 13.46 11.69 13.46 0 0
ynao_sd_19620312_0120_li 0 0 0 0 0 0 0 0 0 0 0
ynao_sd_19620313_0120_li 6 5 1 0 0 54.59 134.78 58.59 148.02 4.0 13.24
ynao_sd_19620314_0100_li 3 1 2 1 0 181.02 357.82 22.73 45.64 158.29 312.18
ynao_sd_19620315_0105_li 5 4 1 1 0 72.23 89.38 21.17 27.17 51.06 62.21
ynao_sd_19620317_0130_li 4 3 1 1 0 95.41 113.06 53.4 66.76 42.01 46.3
ynao_sd_19620318_0130_chen 7 6 1 1 0 60.9 87.89 46.33 72.59 14.57 15.3
ynao_sd_19620319_0120_li 7 6 1 0 0 104.69 386.62 109.87 395.29 5.18 8.67
ynao_sd_19620320_0620_li 14 9 5 3 0 774.86 2169.08 143.43 343.23 631.43 1825.85
ynao_sd_19620321_0115_li 18 7 11 5 0 1243.39 2436.39 274.09 493.96 969.3 1942.43
ynao_sd_19620322_0150_li 40 32 8 3 0 1537.91 2321.93 400.11 599.43 1137.8 1722.5
ynao_sd_19620323_0220_chen 30 22 8 5 0 1822.97 2278.11 350.58 455.69 1472.39 1822.42
ynao_sd_19620325_0730_chen 25 15 10 4 0 1647.26 1773.49 317.93 381.33 1329.33 1392.16
ynao_sd_19620326_0810_chen 35 28 7 3 0 1536.6 1646.58 395.91 434.56 1140.69 1212.02
ynao_sd_19620327_0300_chen 21 10 11 3 0 1402.77 1574.32 184.85 225.32 1217.92 1349.0
ynao_sd_19620329_0250_li 12 6 6 4 0 654.94 1016.44 109.48 169.27 545.46 847.17
ynao_sd_19620330_0510_li 10 5 5 4 0 426.33 967.53 116.87 240.07 309.46 727.46
ynao_sd_19620331_0550_li 4 4 0 0 0 75.04 236.83 75.04 236.83 0 0
ynao_sd_19620401_0120_li 8 8 0 0 0 49.8 83.56 49.8 83.56 0 0
ynao_sd_19620402_0100_li 8 6 2 1 0 112.81 135.71 71.19 91.32 41.62 44.39
ynao_sd_19620403_0210_li 5 2 3 2 0 213.74 261.48 35.07 45.84 178.67 215.64
ynao_sd_19620404_0120_li 5 3 2 2 0 136.6 199.19 40.89 59.99 95.71 139.2
ynao_sd_19620405_0105_li 1 1 0 0 0 29.29 64.5 29.29 64.5 0 0
ynao_sd_19620406_0130_li 1 1 0 0 0 48.65 52.15 48.65 52.15 0 0
ynao_sd_19620407_0100_li 7 7 0 0 0 46.07 74.5 46.07 74.5 0 0
ynao_sd_19620408_0220_chen 9 9 0 0 0 49.28 73.44 49.28 73.44 0 0
ynao_sd_19620409_0120_li 9 8 1 1 0 112.51 211.64 81.09 133.85 31.42 77.79
ynao_sd_19620410_0100_li 8 8 0 0 0 75.69 216.02 75.69 216.02 0 0
ynao_sd_19620411_0820_li 0 0 0 0 0 0 0 0 0 0 0
ynao_sd_19620412_0120_li 6 5 1 1 0 87.06 109.8 67.59 86.18 19.47 23.62
ynao_sd_19620414_0300_li 19 11 8 6 0 796.89 1086.95 203.69 335.41 593.2 751.54
ynao_sd_19620415_0150_chen 28 14 14 7 0 880.56 1194.25 189.43 301.19 691.13 893.06
ynao_sd_19620416_0120_li 28 16 12 7 0 1309.51 1633.38 338.09 476.01 971.42 1157.37
ynao_sd_19620417_0110_li 27 12 15 8 0 1052.62 1260.24 213.48 265.3 839.14 994.94
ynao_sd_19620418_0340_li 39 26 13 7 0 1133.79 1397.13 279.67 334.76 854.12 1062.37
ynao_sd_19620419_0110_li 22 14 8 5 0 1022.7 1178.3 195.85 236.84 826.85 941.46
ynao_sd_19620420_0220_li 19 9 10 5 0 867.67 1075.49 177.7 211.73 689.97 863.76
ynao_sd_19620421_0115_li 14 6 8 3 0 770.12 899.95 176.96 204.52 593.16 695.43
ynao_sd_19620422_0700_chen 19 13 6 4 0 1195.39 1990.79 151.99 223.88 1043.4 1766.91
ynao_sd_19620423_0130_li 6 3 3 2 0 260.31 496.04 62.39 128.88 197.92 367.16
ynao_sd_19620424_0650_li 4 4 0 0 0 92.38 149.55 92.38 149.55 0 0
ynao_sd_19620425_0100_li 3 1 2 1 0 182.13 871.62 31.98 151.75 150.15 719.87
ynao_sd_19620426_0120_li 7 5 2 2 0 499.79 1161.8 109.56 243.02 390.23 918.78
ynao_sd_19620427_0130_li 10 6 4 4 0 1340.15 2754.38 163.21 276.07 1176.94 2478.31
ynao_sd_19620428_0740_li 10 6 4 2 0 1020.41 1277.1 191.12 240.76 829.29 1036.34
ynao_sd_19620430_0420_li 11 7 4 3 0 972.46 1010.58 195.07 203.72 777.39 806.86
ynao_sd_19620501_0530_chen 17 14 3 3 0 1081.85 1172.61 272.72 344.41 809.13 828.2
ynao_sd_19620502_0130_chen 19 15 4 2 0 918.65 1065.12 231.48 283.54 687.17 781.58
ynao_sd_19620503_0100_chen 20 11 9 5 0 897.25 1061.95 188.36 233.49 708.89 828.46
ynao_sd_19620504_0120_li 17 12 5 3 0 1447.53 2849.96 141.47 202.29 1306.06 2647.67
ynao_sd_19620505_0100_li 10 5 5 2 0 462.19 739.91 96.22 141.26 365.97 598.65
ynao_sd_19620506_0140_chen 8 4 4 1 0 236.48 526.79 70.86 128.52 165.62 398.27
ynao_sd_19620507_0120_li 7 6 1 1 0 1107.34 1415.47 123.48 338.02 983.86 1077.45
ynao_sd_19620508_0140_li 2 1 1 1 0 46.86 62.15 13.83 19.03 33.03 43.12
ynao_sd_19620509_0120_li 1 1 0 0 0 26.81 30.59 26.81 30.59 0 0
ynao_sd_19620510_0100_li 2 2 0 0 0 37.76 41.93 37.76 41.93 0 0
ynao_sd_19620511_0130_li 1 1 0 0 0 16.64 17.44 16.64 17.44 0 0
ynao_sd_19620514_0300_li 3 3 0 0 0 52.94 60.75 52.94 60.75 0 0
ynao_sd_19620515_0120_li 1 1 0 0 0 4.28 5.05 4.28 5.05 0 0
ynao_sd_19620516_0120_li 1 1 0 0 0 7.07 7.34 7.07 7.34 0 0
ynao_sd_19620517_0120_li 2 2 0 0 0 19.21 55.5 19.21 55.5 0 0
ynao_sd_19620519_0910_li 3 3 0 0 0 46.9 65.87 46.9 65.87 0 0
ynao_sd_19620520_0630_chen 1 1 0 0 0 9.17 10.62 9.17 10.62 0 0
ynao_sd_19620521_0130_li 7 2 5 2 0 109.36 252.47 44.35 81.65 65.01 170.82
ynao_sd_19620522_0000_li 10 4 6 3 0 331.68 594.15 57.18 91.68 274.5 502.47
ynao_sd_19620524_0820_li 7 5 2 2 0 198.72 227.44 54.65 62.81 144.07 164.63
ynao_sd_19620526_0050_li 10 8 2 2 0 128.92 139.72 54.33 62.21 74.59 77.51
ynao_sd_19620527_0200_li 7 5 2 2 0 113.76 124.79 54.7 62.68 59.06 62.11
ynao_sd_19620528_0050_li 7 7 0 0 0 56.01 62.16 56.01 62.16 0 0
ynao_sd_19620529_0040_li 6 6 0 0 0 64.87 83.98 64.87 83.98 0 0
ynao_sd_19620530_0120_li 15 12 3 1 0 127.91 201.02 90.35 143.51 37.56 57.51
ynao_sd_19620531_0100_li 4 1 3 2 0 183.89 405.97 22.92 51.54 160.97 354.43
ynao_sd_19620601_0210_li 1 1 0 0 0 5.15 5.78 5.15 5.78 0 0
ynao_sd_19620602_0005_li 4 4 0 0 0 28.92 52.78 28.92 52.78 0 0
ynao_sd_19620603_0200_chen 0 0 0 0 0 0 0 0 0 0 0
ynao_sd_19620605_0410_li 0 0 0 0 0 0 0 0 0 0 0
ynao_sd_19620606_0220_li 6 6 0 0 0 56.84 76.73 56.84 76.73 0 0
ynao_sd_19620613_0750_li 4 4 0 0 0 19.74 27.16 19.74 27.16 0 0
ynao_sd_19620614_0810_li 7 7 0 0 0 63.52 67.28 63.52 67.28 0 0
ynao_sd_19620615_0305_li 6 4 2 1 0 880.28 905.35 36.49 38.25 843.79 867.1
ynao_sd_19620618_0150_li 3 3 0 0 0 16.76 29.16 16.76 29.16 0 0
ynao_sd_19620619_0700_li 13 13 0 0 0 63.63 96.38 63.63 96.38 0 0
ynao_sd_19620620_0320_li 7 6 1 1 0 106.53 136.81 41.79 56.03 64.74 80.78
ynao_sd_19620621_0705_li 12 12 0 0 0 80.95 88.23 80.95 88.23 0 0
ynao_sd_19620622_0920_li 16 15 1 1 0 723.31 753.8 95.09 99.66 628.22 654.14
ynao_sd_19620623_0400_li 11 11 0 0 0 73.36 80.92 73.36 80.92 0 0
ynao_sd_19620625_0820_li 8 6 2 2 0 446.48 1019.03 71.2 153.24 375.28 865.79
ynao_sd_19620626_0625_li 4 1 3 2 0 542.53 889.89 73.27 120.71 469.26 769.18
ynao_sd_19620627_0800_li 6 3 3 2 0 689.24 881.32 78.14 98.87 611.1 782.45
ynao_sd_19620628_0830_li 4 1 3 1 0 211.82 240.62 47.68 53.09 164.14 187.53
ynao_sd_19620629_0830_li 9 6 3 1 0 145.44 153.53 93.54 98.62 51.9 54.91
ynao_sd_19620630_0430_li 4 2 2 1 0 57.53 59.05 20.96 22.28 36.57 36.77
ynao_sd_19620703_0350_li 4 4 0 0 0 31.91 70.19 31.91 70.19 0 0
ynao_sd_19620705_0730_li 4 2 2 1 0 86.33 181.43 18.88 36.21 67.45 145.22
ynao_sd_19620706_0210_li 1 1 0 0 0 5.7 6.83 5.7 6.83 0 0
ynao_sd_19620707_0010_li 4 3 1 2 0 1352.14 1769.47 29.58 63.11 1322.56 1706.36
ynao_sd_19620709_0240_li 4 3 1 1 0 424.15 608.9 102.23 148.34 321.92 460.56
ynao_sd_19620710_0130_li 1 0 1 1 0 445.4 535.54 50.08 60.26 395.32 475.28
ynao_sd_19620711_0330_li 6 5 1 1 0 438.41 466.88 69.8 75.56 368.61 391.32
ynao_sd_19620712_0540_li 4 3 1 1 0 516.28 528.46 116.35 125.31 399.93 403.15
ynao_sd_19620713_0210_chen 8 6 2 1 0 509.74 514.86 109.38 110.47 400.36 404.39
ynao_sd_19620714_0440_li 4 3 1 1 0 519.45 552.65 93.8 99.19 425.65 453.46
ynao_sd_19620715_0230_chen 5 2 3 1 0 489.84 592.64 88.22 120.89 401.62 471.75
ynao_sd_19620716_0210_li 4 2 2 1 0 337.45 487.06 49.56 83.86 287.89 403.2
ynao_sd_19620717_0250_li 7 5 2 1 0 224.7 413.36 49.3 92.34 175.4 321.02
ynao_sd_19620718_0030_li 7 2 5 1 0 199.64 471.48 77.47 134.1 122.17 337.38
ynao_sd_19620719_0030_li 5 3 2 1 0 737.67 980.17 39.12 45.5 698.55 934.67
ynao_sd_19620720_0440_gong 2 2 0 0 0 17.31 19.35 17.31 19.35 0 0
ynao_sd_19620721_0630_li 5 5 0 0 0 68.6 160.86 68.6 160.86 0 0
ynao_sd_19620724_0050_li 7 7 0 0 0 104.47 133.24 104.47 133.24 0 0
ynao_sd_19620725_0120_li 6 6 0 0 0 105.33 139.78 105.33 139.78 0 0
ynao_sd_19620726_0120_li 5 4 1 1 0 792.54 1268.04 58.61 85.95 733.93 1182.09
ynao_sd_19620728_0750_li 4 4 0 0 0 19.54 21.61 19.54 21.61 0 0
ynao_sd_19620729_0250_chen 4 4 0 0 0 23.13 25.04 23.13 25.04 0 0
ynao_sd_19620730_0040_li 2 2 0 0 0 23.53 29.79 23.53 29.79 0 0
ynao_sd_19620803_0140_li 1 1 0 0 0 5.3 7.08 5.3 7.08 0 0
ynao_sd_19620804_0740_chen 0 0 0 0 0 0 0 0 0 0 0
ynao_sd_19620806_0630_li 3 3 0 0 0 22.49 27.79 22.49 27.79 0 0
ynao_sd_19620807_0520_li 4 3 1 0 0 19.73 20.74 55.72 56.74 35.99 36.0
ynao_sd_19620808_0240_li 2 2 0 0 0 9.53 9.88 9.53 9.88 0 0
ynao_sd_19620812_0735_gong 2 2 0 0 0 12.18 12.49 12.18 12.49 0 0
ynao_sd_19620813_0500_li 10 10 0 0 0 138.94 147.92 138.94 147.92 0 0
ynao_sd_19620814_0720_li 17 17 0 1 0 132.74 253.26 108.45 176.05 24.29 77.21
ynao_sd_19620816_0550_li 21 18 3 3 0 416.65 542.85 161.85 216.2 254.8 326.65
ynao_sd_19620821_0250_li 14 11 3 2 0 148.84 153.88 93.08 95.64 55.76 58.24
ynao_sd_19620822_0640_li 8 8 0 0 0 109.42 137.6 109.42 137.6 0 0
ynao_sd_19620823_0250_li 11 10 1 1 0 107.04 141.35 49.3 61.0 57.74 80.35
ynao_sd_19620824_0100_li 4 4 0 0 0 52.42 126.77 52.42 126.77 0 0
ynao_sd_19620825_0135_gong 2 2 0 0 0 35.69 69.57 35.69 69.57 0 0
ynao_sd_19620829_0350_li 0 0 0 0 0 0 0 0 0 0 0
ynao_sd_19620830_0740_li 3 3 0 0 0 103.87 183.24 103.87 183.24 0 0
ynao_sd_19620831_0002_li 5 5 0 0 0 25.38 31.54 25.38 31.54 0 0
ynao_sd_19620901_0120_gong 6 6 0 0 0 30.52 32.73 30.52 32.73 0 0
ynao_sd_19620902_0107_li 14 8 6 3 0 313.6 646.9 138.08 213.94 175.52 432.96
ynao_sd_19620903_0210_li 17 11 6 3 0 555.01 856.56 141.29 193.5 413.72 663.06
ynao_sd_19620904_0030_li 24 8 16 8 0 1151.89 1415.6 224.12 269.29 927.77 1146.31
ynao_sd_19620905_0800_li 19 6 13 4 0 1921.83 2306.57 266.43 317.78 1655.4 1988.79
ynao_sd_19620906_0115_gong 10 2 8 3 0 1805.37 2257.74 293.6 363.76 1511.77 1893.98
ynao_sd_19620907_0120_li 14 7 7 3 0 1261.92 1671.89 144.5 194.77 1117.42 1477.12
ynao_sd_19620908_0115_li 13 6 7 3 0 911.09 1228.01 171.74 269.9 739.35 958.11
ynao_sd_19620909_0020_li 11 7 4 2 0 810.86 1049.04 150.63 245.43 660.23 803.61
ynao_sd_19620910_0030_li 10 3 7 2 0 1768.25 3261.44 131.0 179.72 1637.25 3081.72
ynao_sd_19620911_0050_li 5 2 3 1 0 483.13 652.56 48.56 77.3 434.57 575.26
ynao_sd_19620912_0340_cheng 10 5 5 3 0 469.86 848.15 88.97 164.36 380.89 683.79
ynao_sd_19620913_0610_cheng 18 11 7 5 0 506.85 1023.16 116.36 206.59 390.49 816.57
ynao_sd_19620914_0720_cheng 18 9 9 3 0 406.48 501.82 96.89 123.44 309.59 378.38
ynao_sd_19620915_0600_li 19 12 7 4 0 1257.41 1543.96 113.21 133.16 1144.2 1410.8
ynao_sd_19620917_0830_cheng 23 15 8 4 0 413.42 429.06 119.98 124.14 293.44 304.92
ynao_sd_19620918_0230_cheng 21 15 6 2 0 387.8 419.98 124.66 138.66 263.14 281.32
ynao_sd_19620919_0620_cheng 16 11 5 2 0 262.25 312.36 82.44 96.3 179.81 216.06
ynao_sd_19620920_0600_li 8 6 2 2 0 99.65 139.36 32.56 45.17 67.09 94.19
ynao_sd_19620921_0030_li 7 5 2 2 0 84.87 138.5 37.96 60.46 46.91 78.04
ynao_sd_19620922_0020_li 5 5 0 0 0 78.42 169.91 78.42 169.91 0 0
ynao_sd_19620926_0700_li 27 25 2 1 0 313.15 323.13 153.85 163.64 159.3 159.49
ynao_sd_19620927_0120_li 16 14 2 1 0 263.38 275.42 146.72 157.28 116.66 118.14
ynao_sd_19620930_0320_li 7 4 3 3 0 735.54 920.69 42.63 83.71 692.91 836.98
ynao_sd_19621001_0110_cheng 19 11 8 4 0 430.19 723.37 108.67 186.8 321.52 536.57
ynao_sd_19621002_0100_cheng 16 9 7 4 0 386.44 518.94 115.7 171.76 270.74 347.18
ynao_sd_19621003_0130_cheng 14 10 4 3 0 335.39 368.0 110.68 121.16 224.71 246.84
ynao_sd_19621005_0120_cheng 6 4 2 1 0 234.88 237.22 86.74 89.09 148.14 148.13
ynao_sd_19621007_0440_li 5 4 1 1 0 137.74 157.31 28.09 34.72 109.65 122.59
ynao_sd_19621009_0520_li 9 4 5 2 0 143.72 206.85 38.82 54.66 104.9 152.19
ynao_sd_19621011_0440_li 12 8 4 2 0 328.98 357.36 98.69 122.01 230.29 235.35
ynao_sd_19621013_0030_li 13 12 1 1 0 281.2 320.74 135.97 164.89 145.23 155.85
ynao_sd_19621017_0755_li 16 15 1 1 0 132.34 176.18 81.85 124.9 50.49 51.28
ynao_sd_19621018_0955_li 7 7 0 0 0 46.03 47.18 46.03 47.18 0 0
ynao_sd_19621021_0350_cheng 11 7 4 2 0 278.23 582.35 65.31 145.85 212.92 436.5
ynao_sd_19621022_0210_li 7 4 3 2 0 389.39 604.67 90.0 162.67 299.39 442.0
ynao_sd_19621023_0145_li 5 2 3 2 0 389.31 496.79 72.2 98.17 317.11 398.62
ynao_sd_19621024_0155_li 9 7 2 1 0 465.57 516.35 92.9 103.7 372.67 412.65
ynao_sd_19621025_0100_cheng 5 1 4 2 0 298.1 306.43 30.08 30.76 268.02 275.67
ynao_sd_19621026_0240_cheng 3 1 2 2 0 391.68 401.54 62.87 71.5 328.81 330.04
ynao_sd_19621027_0440_li 12 10 2 2 0 284.32 340.35 100.52 149.53 183.8 190.82
ynao_sd_19621029_0240_cheng 4 1 3 2 0 208.12 272.87 36.7 46.79 171.42 226.08
ynao_sd_19621101_0135_li 4 4 0 0 0 39.81 78.93 39.81 78.93 0 0
ynao_sd_19621102_0050_li 1 1 0 0 0 6.7 6.76 6.7 6.76 0 0
ynao_sd_19621103_0210_li 1 1 0 0 0 6.3 9.82 6.3 9.82 0 0
ynao_sd_19621104_0630_li 2 2 0 0 0 37.89 54.5 37.89 54.5 0 0
ynao_sd_19621105_0450_li 1 1 0 0 0 5.23 22.85 5.23 22.85 0 0
ynao_sd_19621106_0050_li 1 1 0 0 0 6.17 6.9 6.17 6.9 0 0
ynao_sd_19621107_0100_li 4 4 0 0 0 45.34 63.01 45.34 63.01 0 0
ynao_sd_19621108_0050_li 0 0 0 0 0 0 0 0 0 0 0
ynao_sd_19621109_0350_li 0 0 0 0 0 0 0 0 0 0 0
ynao_sd_19621110_0430_li 2 2 0 0 0 27.21 61.77 27.21 61.77 0 0
ynao_sd_19621111_0150_cheng 2 2 0 0 0 14.51 18.33 14.51 18.33 0 0
ynao_sd_19621112_0050_li 4 4 0 0 0 41.23 80.06 41.23 80.06 0 0
ynao_sd_19621113_0050_li 17 17 0 0 0 99.7 125.13 99.7 125.13 0 0
ynao_sd_19621114_0010_li 25 22 3 3 0 174.15 195.03 113.7 130.24 60.45 64.79
ynao_sd_19621115_0215_li 25 25 0 0 0 171.77 199.16 171.77 199.16 0 0
ynao_sd_19621116_0240_li 21 19 2 1 0 210.31 239.99 150.79 178.31 59.52 61.68
ynao_sd_19621117_0120_li 22 19 3 2 0 367.18 399.4 140.52 169.17 226.66 230.23
ynao_sd_19621118_0140_cheng 10 8 2 1 0 268.0 300.29 76.18 99.17 191.82 201.12
ynao_sd_19621119_0115_li 5 3 2 1 0 260.06 474.26 91.7 282.67 168.36 191.59
ynao_sd_19621120_0110_li 3 2 1 1 0 255.1 310.26 129.86 143.15 125.24 167.11
ynao_sd_19621121_0130_cheng 2 0 2 1 0 65.48 112.49 8.36 14.31 57.12 98.18
ynao_sd_19621122_0520_cheng 1 0 1 1 0 75.23 205.79 7.8 21.26 67.43 184.53
ynao_sd_19621123_0140_cheng 1 1 0 0 0 11.07 59.34 11.07 59.34 0 0
ynao_sd_19621124_0550_li 2 2 0 0 0 177.22 371.07 177.22 371.07 0 0
ynao_sd_19621125_0150_cheng 9 9 0 0 0 66.3 73.85 66.3 73.85 0 0
ynao_sd_19621126_0120_cheng 10 9 1 1 0 136.65 287.18 63.84 87.42 72.81 199.76
ynao_sd_19621127_0630_cheng 2 1 1 1 0 122.94 199.53 18.59 29.19 104.35 170.34
ynao_sd_19621202_0600_li 10 5 5 3 0 476.13 536.31 159.35 205.13 316.78 331.18
ynao_sd_19621203_0415_li 6 1 5 4 0 358.59 382.54 57.74 61.35 300.85 321.19
ynao_sd_19621205_0640_li 5 4 1 0 0 50.7 58.41 57.4 66.49 6.7 8.08
ynao_sd_19621206_0415_li 7 7 0 0 0 67.84 105.47 67.84 105.47 0 0
ynao_sd_19621207_0115_li 3 3 0 1 0 718.64 1207.62 14.39 21.05 704.25 1186.57
ynao_sd_19621208_0710_li 1 1 0 0 0 9.64 13.06 9.64 13.06 0 0
ynao_sd_19621209_0250_cheng 2 2 0 0 0 13.15 71.96 13.15 71.96 0 0
ynao_sd_19621210_0200_li 1 1 0 0 0 24.1 25.69 24.1 25.69 0 0
ynao_sd_19621211_0050_li 1 1 0 0 0 18.33 19.21 18.33 19.21 0 0
ynao_sd_19621212_0120_li 0 0 0 0 0 0 0 0 0 0 0
ynao_sd_19621213_0105_li 0 0 0 0 0 0 0 0 0 0 0
ynao_sd_19621214_0050_cheng 1 1 0 0 0 4.88 8.88 4.88 8.88 0 0
ynao_sd_19621215_0110_li 2 2 0 0 0 10.73 12.35 10.73 12.35 0 0
ynao_sd_19621217_0050_li 4 4 0 0 0 105.94 185.98 105.94 185.98 0 0
ynao_sd_19621218_0050_li 4 4 0 0 0 22.81 33.69 22.81 33.69 0 0
ynao_sd_19621219_0640_cheng 14 12 2 2 0 140.79 144.01 81.69 83.52 59.1 60.49
ynao_sd_19621220_0840_cheng 11 10 1 1 0 132.81 146.27 74.43 80.82 58.38 65.45
ynao_sd_19621221_0720_li 16 15 1 1 0 216.68 271.78 110.58 135.7 106.1 136.08
ynao_sd_19621223_0750_cheng 3 2 1 1 0 73.49 175.31 22.8 49.88 50.69 125.43
ynao_sd_19621224_0100_cheng 10 8 2 2 0 1318.69 2063.12 69.86 150.18 1248.83 1912.94
ynao_sd_19621225_0210_cheng 8 8 0 0 0 88.38 172.12 88.38 172.12 0 0
ynao_sd_19621226_0210_cheng 4 4 0 0 0 72.06 104.99 72.06 104.99 0 0
ynao_sd_19621227_0200_cheng 2 2 0 0 0 8.25 9.29 8.25 9.29 0 0
ynao_sd_19621228_0830_li 1 1 0 0 0 25.42 26.49 25.42 26.49 0 0
ynao_sd_19621229_0140_li 0 0 0 0 0 0 0 0 0 0 0
