ynao_sd_19630110_0320_li 0 0 0 1 0 797.11 813.87 0 0 797.11 813.87
ynao_sd_19630115_0600_chen 17 12 5 3 0 862.93 897.54 171.7 179.83 691.23 717.71
ynao_sd_19630117_0710_chen 15 9 6 3 0 584.33 630.69 133.69 147.27 450.64 483.42
ynao_sd_19630118_0340_chen 8 4 4 3 0 507.85 591.48 84.0 98.11 423.85 493.37
ynao_sd_19630119_0240_gong 9 5 4 3 0 410.37 557.78 83.52 113.62 326.85 444.16
ynao_sd_19630120_0230_chen 5 2 3 2 0 273.57 462.13 76.3 116.63 197.27 345.5
ynao_sd_19630121_0210_chen 5 4 1 1 0 116.07 296.95 33.21 66.12 82.86 230.83
ynao_sd_19630122_0250_chen 2 1 1 0 0 5.82 7.59 13.55 46.6 7.73 39.01
ynao_sd_19630123_0710_chen 8 8 0 0 0 46.43 65.24 46.43 65.24 0 0
ynao_sd_19630128_0600_chen 11 11 0 0 0 64.16 80.84 64.16 80.84 0 0
ynao_sd_19630129_0215_huang 12 7 5 3 0 333.2 437.15 158.62 216.01 174.58 221.14
ynao_sd_19630130_0632_gong 12 4 8 2 0 439.07 718.98 97.7 145.74 341.37 573.24
ynao_sd_19630131_0505_gong 7 3 4 2 0 415.41 1009.26 59.01 138.8 356.4 870.46
ynao_sd_19630201_0240_chen 5 2 3 1 0 303.47 1149.63 77.21 342.32 226.26 807.31
ynao_sd_19630202_0130_chen 1 1 0 0 0 4.8 7.96 4.8 7.96 0 0
ynao_sd_19630203_0140_chen 3 3 0 0 0 18.49 48.08 18.49 48.08 0 0
ynao_sd_19630204_0140_chen 3 3 0 0 0 21.5 59.2 21.5 59.2 0 0
ynao_sd_19630205_0140_chen 4 4 0 0 0 20.34 34.91 20.34 34.91 0 0
ynao_sd_19630206_0135_li 3 2 1 0 0 27.43 127.03 32.47 137.29 5.04 10.26
ynao_sd_19630208_0810_huang 3 2 1 1 0 179.31 268.06 87.62 118.75 91.69 149.31
ynao_sd_19630209_0213_li 3 2 1 1 0 110.71 181.45 34.41 78.93 76.3 102.52
ynao_sd_19630210_0230_chen 3 1 2 1 0 159.36 203.14 38.66 63.46 120.7 139.68
ynao_sd_19630211_0133_li 4 2 2 1 0 106.21 116.57 27.77 33.06 78.44 83.51
ynao_sd_19630212_0120_li 2 0 2 1 0 90.34 93.63 16.56 17.16 73.78 76.47
ynao_sd_19630213_0220_li 1 0 1 1 0 94.32 100.3 9.64 10.25 84.68 90.05
ynao_sd_19630214_0108_li 1 0 1 1 0 82.28 94.04 7.57 8.65 74.71 85.39
ynao_sd_19630215_0140_li 3 2 1 1 0 116.4 175.51 61.67 103.83 54.73 71.68
ynao_sd_19630216_0130_li 2 0 2 1 0 64.39 105.81 11.65 25.5 52.74 80.31
ynao_sd_19630217_0130_li 6 5 1 1 0 107.43 227.29 77.37 155.98 30.06 71.31
ynao_sd_19630218_0150_li 6 3 3 1 0 120.64 250.38 47.25 123.55 73.39 126.83
ynao_sd_19630219_0120_li 4 2 2 1 0 86.36 115.2 18.43 23.29 67.93 91.91
ynao_sd_19630220_0100_li 1 0 1 1 0 90.4 105.06 4.22 4.91 86.18 100.15
ynao_sd_19630221_0525_li 8 8 0 0 0 50.92 54.79 50.92 54.79 0 0
ynao_sd_19630222_0120_li 5 5 0 0 0 37.77 40.83 37.77 40.83 0 0
ynao_sd_19630224_0130_chen 5 5 0 0 0 22.73 26.5 22.73 26.5 0 0
ynao_sd_19630225_0210_chen 3 2 1 0 0 14.3 18.61 21.82 28.53 7.52 9.92
ynao_sd_19630226_0710_li 4 4 0 0 0 109.88 222.8 109.88 222.8 0 0
ynao_sd_19630227_0800_li 3 3 0 0 0 15.29 18.08 15.29 18.08 0 0
ynao_sd_19630228_0240_li 1 1 0 0 0 7.51 9.92 7.51 9.92 0 0
ynao_sd_19630303_0130_chen 0 0 0 0 0 0 0 0 0 0 0
ynao_sd_19630304_0230_li 4 1 3 1 0 90.97 295.91 26.68 57.85 64.29 238.06
ynao_sd_19630306_0107_li 6 3 3 2 0 144.42 224.97 30.73 47.47 113.69 177.5
ynao_sd_19630307_0100_li 6 4 2 2 0 187.51 237.33 63.58 79.56 123.93 157.77
ynao_sd_19630308_0120_li 9 8 1 1 0 172.24 192.56 80.28 89.19 91.96 103.37
ynao_sd_19630309_0120_li 6 5 1 1 0 78.11 82.77 35.32 37.38 42.79 45.39
ynao_sd_19630310_0120_chen 12 12 0 0 0 64.23 77.83 64.23 77.83 0 0
ynao_sd_19630311_0130_li 3 3 0 0 0 30.72 38.13 30.72 38.13 0 0
ynao_sd_19630312_0305_li 5 5 0 0 0 55.12 66.83 55.12 66.83 0 0
ynao_sd_19630313_0020_li 4 4 0 0 0 25.35 33.82 25.35 33.82 0 0
ynao_sd_19630314_0050_li 1 1 0 0 0 7.38 15.05 7.38 15.05 0 0
ynao_sd_19630315_0340_li 4 4 0 0 0 21.45 25.32 21.45 25.32 0 0
ynao_sd_19630316_0340_li 2 1 1 1 0 82.67 250.45 12.23 27.23 70.44 223.22
ynao_sd_19630317_0220_chen 2 1 1 1 0 165.97 294.7 60.62 79.55 105.35 215.15
ynao_sd_19630318_0330_li 3 2 1 1 0 164.79 244.22 34.51 51.65 130.28 192.57
ynao_sd_19630319_0240_li 3 1 2 1 0 220.09 272.61 27.65 34.43 192.44 238.18
ynao_sd_19630320_0210_li 5 3 2 1 0 211.0 235.13 32.37 36.21 178.63 198.92
ynao_sd_19630321_0100_li 1 0 1 1 0 243.48 257.85 21.87 23.16 221.61 234.69
ynao_sd_19630322_0105_li 2 1 1 1 0 239.84 252.52 33.88 35.6 205.96 216.92
ynao_sd_19630323_0105_li 2 1 1 1 0 209.79 231.57 24.57 27.07 185.22 204.5
ynao_sd_19630324_0110_chen 1 0 1 1 0 207.87 254.95 17.45 21.38 190.42 233.57
ynao_sd_19630325_0105_li 2 1 1 1 0 186.82 309.41 35.42 85.28 151.4 224.13
ynao_sd_19630326_0220_li 2 1 1 1 0 153.55 302.39 34.0 60.89 119.55 241.5
ynao_sd_19630327_0105_li 1 0 1 1 0 66.08 207.88 3.69 11.51 62.39 196.37
ynao_sd_19630330_0115_li 0 0 0 0 0 0 0 0 0 0 0
ynao_sd_19630331_0320_chen 1 1 0 0 0 5.61 7.12 5.61 7.12 0 0
ynao_sd_19630401_0130_li 0 0 0 0 0 0 0 0 0 0 0
ynao_sd_19630402_0120_li 0 0 0 0 0 0 0 0 0 0 0
ynao_sd_19630403_0210_li 1 0 1 1 0 455.49 639.83 6.48 8.9 449.01 630.93
ynao_sd_19630404_0140_li 0 0 0 0 0 0 0 0 0 0 0
ynao_sd_19630405_0130_li 0 0 0 0 0 0 0 0 0 0 0
ynao_sd_19630406_0030_li 6 6 0 0 0 52.16 53.72 52.16 53.72 0 0
ynao_sd_19630407_0120_chen 17 8 9 5 0 359.69 385.46 84.27 91.51 275.42 293.95
ynao_sd_19630409_0745_li 7 5 2 2 0 91.65 126.04 48.7 65.34 42.95 60.7
ynao_sd_19630410_0820_li 6 6 0 0 0 40.46 59.03 40.46 59.03 0 0
ynao_sd_19630411_0300_li 4 4 0 0 0 36.97 63.39 36.97 63.39 0 0
ynao_sd_19630412_0045_li 7 6 1 1 0 56.17 104.39 34.42 59.1 21.75 45.29
ynao_sd_19630413_0150_li 5 5 0 0 0 38.08 118.3 38.08 118.3 0 0
ynao_sd_19630414_0130_li 2 2 0 0 0 22.15 61.7 22.15 61.7 0 0
ynao_sd_19630415_0130_li 0 0 0 0 0 0 0 0 0 0 0
ynao_sd_19630416_0210_li 0 0 0 0 0 0 0 0 0 0 0
ynao_sd_19630419_0100_li 0 0 0 0 0 0 0 0 0 0 0
ynao_sd_19630420_0105_li 2 2 0 0 0 26.39 81.16 26.39 81.16 0 0
ynao_sd_19630421_0120_chen 1 1 0 0 0 5.92 7.18 5.92 7.18 0 0
ynao_sd_19630424_0830_li 0 0 0 0 0 0 0 0 0 0 0
ynao_sd_19630429_0040_li 0 0 0 0 0 0 0 0 0 0 0
ynao_sd_19630430_0050_chen 7 4 3 1 0 288.94 624.23 45.64 84.57 243.3 539.66
ynao_sd_19630501_0100_chen 8 2 6 1 0 332.85 533.48 72.5 115.85 260.35 417.63
ynao_sd_19630502_0120_li 8 5 3 1 0 435.99 542.44 127.35 143.09 308.64 399.35
ynao_sd_19630503_0110_li 6 3 3 2 0 313.96 358.69 36.89 42.1 277.07 316.59
ynao_sd_19630504_0130_chen 7 3 4 1 0 210.97 243.75 51.85 73.49 159.12 170.26
ynao_sd_19630505_0150_li 5 2 3 2 0 157.6 167.46 40.6 43.09 117.0 124.37
ynao_sd_19630506_0120_li 15 14 1 1 0 167.53 189.87 107.26 123.14 60.27 66.73
ynao_sd_19630507_0800_li 7 6 1 1 0 104.97 128.42 38.03 43.93 66.94 84.49
ynao_sd_19630508_0320_li 4 3 1 1 0 69.26 99.76 22.45 30.9 46.81 68.86
ynao_sd_19630509_0033_li 2 1 1 1 0 50.72 86.32 16.29 21.36 34.43 64.96
ynao_sd_19630510_0100_li 3 2 1 1 0 53.29 124.33 20.33 32.62 32.96 91.71
ynao_sd_19630511_0120_li 2 2 0 0 0 9.75 11.91 9.75 11.91 0 0
ynao_sd_19630512_0130_chen 12 12 0 0 0 102.71 122.13 102.71 122.13 0 0
ynao_sd_19630513_0100_li 13 13 0 0 0 46.03 48.96 46.03 48.96 0 0
ynao_sd_19630514_0150_li 14 14 0 0 0 137.1 323.15 137.1 323.15 0 0
ynao_sd_19630515_0040_li 25 14 11 3 0 545.69 1024.23 144.06 234.18 401.63 790.05
ynao_sd_19630516_0120_li 24 15 9 4 0 952.88 1375.87 225.09 312.56 727.79 1063.31
ynao_sd_19630517_0115_li 32 27 5 4 0 1093.15 1350.69 281.56 351.02 811.59 999.67
ynao_sd_19630518_0045_li 33 26 7 4 0 969.51 1070.41 239.68 280.05 729.83 790.36
ynao_sd_19630519_0210_chen 29 19 10 3 0 977.66 1076.47 226.96 308.09 750.7 768.38
ynao_sd_19630520_0130_li 8 5 3 3 0 871.63 959.29 160.71 186.44 710.92 772.85
ynao_sd_19630521_0140_li 13 9 4 2 0 709.37 880.92 123.0 193.25 586.37 687.67
ynao_sd_19630522_0115_li 10 8 2 1 0 660.77 800.5 142.43 177.94 518.34 622.56
ynao_sd_19630523_0115_li 6 5 1 1 0 620.85 911.19 120.8 185.22 500.05 725.97
ynao_sd_19630524_0010_li 5 1 4 2 0 514.88 1049.14 74.45 155.45 440.43 893.69
ynao_sd_19630525_0050_li 4 2 2 1 0 318.79 909.33 65.91 137.79 252.88 771.54
ynao_sd_19630526_0150_chen 1 1 0 0 0 7.39 9.21 7.39 9.21 0 0
ynao_sd_19630527_0130_li 2 2 0 0 0 22.6 30.0 22.6 30.0 0 0
ynao_sd_19630528_0300_li 9 9 0 0 0 76.81 102.78 76.81 102.78 0 0
ynao_sd_19630530_0040_li 5 4 1 1 0 81.32 93.72 41.07 51.76 40.25 41.96
ynao_sd_19630530_0100_chen 15 12 3 1 0 157.22 188.09 79.64 92.71 77.58 95.38
ynao_sd_19630602_0050_li 10 9 1 1 0 88.0 155.21 68.19 115.25 19.81 39.96
ynao_sd_19630603_0205_li 2 2 0 0 0 31.26 38.6 31.26 38.6 0 0
ynao_sd_19630604_0030_li 3 3 0 0 0 21.27 35.93 21.27 35.93 0 0
ynao_sd_19630605_0130_li 3 3 0 0 0 41.01 43.98 41.01 43.98 0 0
ynao_sd_19630606_0005_li 1 1 0 0 0 4.95 5.03 4.95 5.03 0 0
ynao_sd_19630607_0030_li 1 1 0 0 0 7.7 20.8 7.7 20.8 0 0
ynao_sd_19630615_0005_li 21 12 9 2 0 1011.49 1289.28 253.09 316.32 758.4 972.96
ynao_sd_19630616_0400_chen 12 4 8 2 0 588.29 930.09 115.8 173.17 472.49 756.92
ynao_sd_19630617_0150_li 8 3 5 3 0 306.01 666.73 55.34 115.51 250.67 551.22
ynao_sd_19630618_0205_li 5 4 1 1 0 76.55 107.2 38.23 61.77 38.32 45.43
ynao_sd_19630619_0715_li 5 5 0 0 0 50.36 73.76 50.36 73.76 0 0
ynao_sd_19630620_0600_li 1 1 0 0 0 5.91 8.47 5.91 8.47 0 0
ynao_sd_19630621_0750_chen 8 8 0 0 0 43.86 84.29 43.86 84.29 0 0
ynao_sd_19630622_0115_li 4 4 0 0 0 46.42 47.43 46.42 47.43 0 0
ynao_sd_19630623_0140_chen 1 1 0 0 0 5.5 8.37 5.5 8.37 0 0
ynao_sd_19630624_0350_chen 11 11 0 0 0 61.56 78.0 61.56 78.0 0 0
ynao_sd_19630625_0750_chen 7 7 0 0 0 52.25 74.9 52.25 74.9 0 0
ynao_sd_19630626_0030_chen 10 6 4 2 0 237.24 337.17 70.0 145.46 167.24 191.71
ynao_sd_19630628_0510_li 10 9 1 1 0 109.6 123.47 78.5 81.13 31.1 42.34
ynao_sd_19630629_0220_li 10 10 0 0 0 77.33 91.1 77.33 91.1 0 0
ynao_sd_19630701_0520_chen 13 13 0 0 0 61.51 73.74 61.51 73.74 0 0
ynao_sd_19630704_0850_li 3 2 1 1 0 143.03 323.97 30.8 96.84 112.23 227.13
ynao_sd_19630705_0205_li 6 5 1 1 0 250.98 388.6 66.65 88.31 184.33 300.29
ynao_sd_19630706_0510_li 1 0 1 1 0 231.99 296.37 36.34 46.41 195.65 249.96
ynao_sd_19630710_0440_li 3 2 1 1 0 278.13 286.56 51.38 52.14 226.75 234.42
ynao_sd_19630712_0650_li 3 2 1 1 0 213.44 270.18 46.61 52.67 166.83 217.51
ynao_sd_19630713_0510_li 6 4 2 1 0 189.17 282.18 52.05 60.54 137.12 221.64
ynao_sd_19630714_0200_chen 7 5 2 1 0 147.05 275.54 43.74 55.47 103.31 220.07
ynao_sd_19630715_0520_chen 7 6 1 1 0 158.61 450.64 85.96 153.5 72.65 297.14
ynao_sd_19630716_0040_li 7 7 0 0 0 56.94 62.37 56.94 62.37 0 0
ynao_sd_19630717_0130_li 8 8 0 0 0 65.37 79.48 65.37 79.48 0 0
ynao_sd_19630719_0915_li 1 1 0 0 0 8.34 23.82 8.34 23.82 0 0
ynao_sd_19630720_0500_li 4 4 0 0 0 36.98 52.79 36.98 52.79 0 0
ynao_sd_19630721_0700_chen 7 7 0 0 0 60.85 79.31 60.85 79.31 0 0
ynao_sd_19630723_0450_li 6 5 1 0 0 22.97 24.16 30.93 32.53 7.96 8.37
ynao_sd_19630724_0110_chen 7 7 0 0 0 47.7 48.34 47.7 48.34 0 0
ynao_sd_19630725_0710_li 4 4 0 0 0 21.89 39.39 21.89 39.39 0 0
ynao_sd_19630726_0430_chen 9 9 0 0 0 65.73 68.32 65.73 68.32 0 0
ynao_sd_19630727_0120_li 1 1 0 0 0 25.13 25.13 25.13 25.13 0 0
ynao_sd_19630729_0730_li 5 5 0 0 0 116.63 169.65 116.63 169.65 0 0
ynao_sd_19630730_0110_li 26 24 2 2 0 254.34 404.66 165.04 245.49 89.3 159.17
ynao_sd_19630801_0810_li 26 20 6 4 0 812.84 1093.77 196.4 260.08 616.44 833.69
ynao_sd_19630802_0640_li 16 13 3 3 0 671.58 830.06 188.0 245.23 483.58 584.83
ynao_sd_19630803_0100_li 22 17 5 2 0 663.82 779.85 206.34 306.12 457.48 473.73
ynao_sd_19630804_0940_chen 24 19 5 3 0 901.42 912.74 224.26 227.99 677.16 684.75
ynao_sd_19630805_0650_chen 33 27 6 2 0 986.87 1041.08 250.4 283.23 736.47 757.85
ynao_sd_19630806_0730_li 18 15 3 3 0 1280.09 1433.91 134.91 144.69 1145.18 1289.22
ynao_sd_19630807_0510_li 10 8 2 2 0 669.8 817.03 126.86 146.75 542.94 670.28
ynao_sd_19630808_0430_li 6 4 2 2 0 554.21 776.97 152.87 186.71 401.34 590.26
ynao_sd_19630809_0005_li 8 4 4 2 0 391.1 720.19 79.62 129.28 311.48 590.91
ynao_sd_19630810_0010_li 5 3 2 2 0 221.67 553.69 58.31 108.56 163.36 445.13
ynao_sd_19630811_0730_chen 3 2 1 1 0 761.4 3298.77 79.81 327.6 681.59 2971.17
ynao_sd_19630813_0005_li 1 1 0 0 0 5.36 5.43 5.36 5.43 0 0
ynao_sd_19630814_0020_li 6 6 0 0 0 42.26 57.62 42.26 57.62 0 0
ynao_sd_19630815_0640_li 3 3 0 0 0 60.53 75.01 60.53 75.01 0 0
ynao_sd_19630816_0220_li 5 5 0 0 0 51.1 59.69 51.1 59.69 0 0
ynao_sd_19630817_0210_li 2 2 0 0 0 28.84 29.48 28.84 29.48 0 0
ynao_sd_19630819_0840_li 1 1 0 0 0 15.41 34.54 15.41 34.54 0 0
ynao_sd_19630820_0240_li 2 2 0 0 0 32.66 36.47 32.66 36.47 0 0
ynao_sd_19630823_1010_li 20 15 5 3 0 249.34 328.8 117.54 151.04 131.8 177.76
ynao_sd_19630824_0005_li 11 6 5 3 0 145.37 217.36 63.85 88.36 81.52 129.0
ynao_sd_19630825_0840_chen 6 4 2 2 0 117.37 434.31 34.49 121.63 82.88 312.68
ynao_sd_19630826_0450_li 5 4 1 1 0 84.21 230.63 50.67 77.69 33.54 152.94
ynao_sd_19630827_0320_chen 3 2 1 1 0 87.74 195.26 19.83 35.11 67.91 160.15
ynao_sd_19630828_0210_li 2 1 1 1 0 152.96 237.38 38.96 47.39 114.0 189.99
ynao_sd_19630829_0430_li 3 2 1 1 0 154.52 193.26 24.7 29.78 129.82 163.48
ynao_sd_19630830_0120_chen 7 4 3 1 0 188.95 207.15 57.44 61.12 131.51 146.03
ynao_sd_19630831_0110_li 3 2 1 1 0 179.46 194.16 54.86 66.16 124.6 128.0
ynao_sd_19630901_0710_chen 9 7 2 1 0 153.61 155.95 60.75 62.86 92.86 93.09
ynao_sd_19630902_0150_li 13 11 2 1 0 160.38 165.13 86.81 89.45 73.57 75.68
ynao_sd_19630903_0120_li 8 6 2 1 0 99.75 107.42 51.5 53.67 48.25 53.75
ynao_sd_19630904_0010_li 9 9 0 0 0 110.92 120.07 110.92 120.07 0 0
ynao_sd_19630905_0140_li 20 18 2 1 0 230.98 246.47 133.96 146.18 97.02 100.29
ynao_sd_19630906_0100_li 18 17 1 1 0 186.78 207.01 101.18 109.7 85.6 97.31
ynao_sd_19630907_0210_li 5 4 1 1 0 89.01 117.16 31.62 39.06 57.39 78.1
ynao_sd_19630908_0100_li 3 2 1 1 0 62.92 108.19 19.69 28.84 43.23 79.35
ynao_sd_19630909_0540_li 4 4 0 0 0 55.6 166.47 55.6 166.47 0 0
ynao_sd_19630910_0010_li 4 3 1 1 0 86.33 158.53 54.27 66.63 32.06 91.9
ynao_sd_19630911_0130_chen 4 3 1 1 0 105.16 166.79 46.45 56.04 58.71 110.75
ynao_sd_19630912_0005_li 4 3 1 1 0 119.48 153.35 44.89 50.04 74.59 103.31
ynao_sd_19630913_0050_li 6 3 3 1 0 134.1 150.22 54.81 58.77 79.29 91.45
ynao_sd_19630914_0040_li 3 2 1 1 0 71.56 73.65 32.56 32.81 39.0 40.84
ynao_sd_19630915_0130_chen 13 3 10 1 0 628.36 2384.54 134.87 406.92 493.49 1977.62
ynao_sd_19630916_0820_li 18 3 15 2 0 1498.84 2557.57 184.1 281.94 1314.74 2275.63
ynao_sd_19630917_0450_chen 28 10 18 2 0 2107.5 2953.57 279.08 384.76 1828.42 2568.81
ynao_sd_19630918_0130_li 33 14 19 3 0 1993.26 2367.97 288.76 338.68 1704.5 2029.29
ynao_sd_19630921_0600_li 46 15 31 2 0 2632.19 2684.6 450.07 461.19 2182.12 2223.41
ynao_sd_19630922_0250_li 29 12 17 3 0 2333.75 2501.34 372.49 398.08 1961.26 2103.26
ynao_sd_19630923_0220_li 44 27 17 4 0 1590.64 1907.89 298.62 352.1 1292.02 1555.79
ynao_sd_19630926_0750_chen 8 6 2 0 0 60.06 155.01 84.95 257.69 24.89 102.68
ynao_sd_19630928_0930_li 4 4 0 0 0 38.04 51.4 38.04 51.4 0 0
ynao_sd_19630929_0330_li 2 2 0 0 0 28.77 28.77 28.77 28.77 0 0
ynao_sd_19631003_0105_li 4 4 0 0 0 46.16 59.93 46.16 59.93 0 0
ynao_sd_19631004_0530_li 6 6 0 0 0 64.51 78.46 64.51 78.46 0 0
ynao_sd_19631009_0420_li 18 12 6 3 0 500.43 635.74 116.61 145.49 383.82 490.25
ynao_sd_19631010_0020_li 9 5 4 2 0 462.86 534.35 91.92 109.72 370.94 424.63
ynao_sd_19631011_0030_li 10 6 4 2 0 507.43 550.88 116.21 133.21 391.22 417.67
ynao_sd_19631012_0040_li 8 5 3 3 0 1283.17 3012.07 141.82 288.84 1141.35 2723.23
ynao_sd_19631013_0430_chen 9 4 5 3 0 505.17 640.83 103.51 155.88 401.66 484.95
ynao_sd_19631014_0100_li 7 2 5 3 0 391.91 470.83 67.93 77.26 323.98 393.57
ynao_sd_19631015_0440_li 17 11 6 4 0 498.57 599.83 124.68 145.64 373.89 454.19
ynao_sd_19631023_0610_li 26 18 8 5 0 1150.7 1433.52 231.75 298.44 918.95 1135.08
ynao_sd_19631028_0740_li 8 4 4 3 0 547.5 638.49 102.69 117.99 444.81 520.5
ynao_sd_19631029_0205_li 9 7 2 2 0 464.81 612.28 111.06 135.19 353.75 477.09
ynao_sd_19631030_0150_chen 19 18 1 1 0 418.69 650.64 143.19 184.3 275.5 466.34
ynao_sd_19631031_0630_chen 19 17 2 2 0 468.4 699.99 126.07 161.61 342.33 538.38
ynao_sd_19631101_0210_li 14 13 1 1 0 434.29 644.03 128.3 312.78 305.99 331.25
ynao_sd_19631102_0205_li 9 8 1 0 0 60.06 156.94 64.65 162.61 4.59 5.67
ynao_sd_19631103_0140_li 6 4 2 1 0 77.96 139.22 54.89 76.83 23.07 62.39
ynao_sd_19631104_0030_li 8 6 2 2 0 200.58 383.51 39.12 68.03 161.46 315.48
ynao_sd_19631105_0200_li 8 7 1 0 0 78.89 93.28 83.6 99.35 4.71 6.07
ynao_sd_19631107_0145_li 4 3 1 1 0 106.83 108.97 82.55 84.01 24.28 24.96
ynao_sd_19631108_0040_li 3 1 2 1 0 30.49 30.57 11.03 11.08 19.46 19.49
ynao_sd_19631109_0200_li 4 4 0 0 0 46.18 49.6 46.18 49.6 0 0
ynao_sd_19631111_0200_li 0 0 0 0 0 0 0 0 0 0 0
ynao_sd_19631112_0050_li 2 2 0 0 0 42.04 44.09 42.04 44.09 0 0
ynao_sd_19631113_0035_li 1 1 0 0 0 5.85 5.96 5.85 5.96 0 0
ynao_sd_19631115_0450_li 4 4 0 0 0 37.95 41.11 37.95 41.11 0 0
ynao_sd_19631116_0050_li 2 2 0 1 0 47.36 147.57 20.0 38.85 27.36 108.72
ynao_sd_19631117_0120_chen 6 4 2 2 0 158.01 429.68 62.76 102.54 95.25 327.14
ynao_sd_19631118_0130_li 6 3 3 2 0 179.19 318.13 58.13 80.03 121.06 238.1
ynao_sd_19631119_0105_li 9 7 2 1 0 149.72 206.96 72.87 87.24 76.85 119.72
ynao_sd_19631120_0200_li 14 10 4 2 0 156.71 184.3 74.9 83.27 81.81 101.03
ynao_sd_19631121_0130_li 8 5 3 2 0 271.66 591.89 68.25 113.59 203.41 478.3
ynao_sd_19631122_0100_li 6 2 4 3 0 341.87 633.01 35.21 63.47 306.66 569.54
ynao_sd_19631123_0120_li 11 7 4 3 0 397.25 565.57 79.82 111.63 317.43 453.94
ynao_sd_19631124_0800_chen 7 4 3 2 0 365.59 434.49 62.21 72.04 303.38 362.45
ynao_sd_19631125_0840_chen 12 7 5 2 0 348.68 370.53 101.41 108.35 247.27 262.18
ynao_sd_19631126_0230_li 19 18 1 1 0 332.79 356.2 161.4 183.16 171.39 173.04
ynao_sd_19631127_0810_li 8 7 1 1 0 313.53 321.87 113.04 118.66 200.49 203.21
ynao_sd_19631128_0130_chen 14 13 1 1 0 336.71 349.38 111.7 114.16 225.01 235.22
ynao_sd_19631129_0120_li 7 6 1 1 0 196.74 222.43 64.67 69.52 132.07 152.91
ynao_sd_19631130_0100_li 6 5 1 1 0 143.99 182.45 55.3 63.54 88.69 118.91
ynao_sd_19631201_0330_chen 4 3 1 1 0 101.21 166.61 43.44 62.87 57.77 103.74
ynao_sd_19631202_0100_li 1 1 0 0 0 8.86 23.84 8.86 23.84 0 0
ynao_sd_19631203_0650_li 3 3 0 0 0 43.03 47.11 43.03 47.11 0 0
ynao_sd_19631204_0240_li 1 1 0 0 0 31.7 31.7 31.7 31.7 0 0
ynao_sd_19631205_0200_li 2 2 0 0 0 33.0 33.0 33.0 33.0 0 0
ynao_sd_19631206_0140_li 2 2 0 0 0 34.3 34.3 34.3 34.3 0 0
ynao_sd_19631207_0045_li 0 0 0 0 0 0 0 0 0 0 0
ynao_sd_19631208_0720_chen 5 5 0 0 0 28.24 80.75 28.24 80.75 0 0
ynao_sd_19631210_0110_li 2 1 1 0 0 4.64 17.06 9.2 33.85 4.56 16.79
ynao_sd_19631211_0650_li 4 4 0 0 0 14.08 28.2 14.08 28.2 0 0
ynao_sd_19631213_0050_li 6 6 0 0 0 32.71 46.19 32.71 46.19 0 0
ynao_sd_19631214_0140_li 0 0 0 0 0 0 0 0 0 0 0
ynao_sd_19631215_0150_chen 0 0 0 0 0 0 0 0 0 0 0
ynao_sd_19631216_0140_li 1 1 0 0 0 14.74 19.12 14.74 19.12 0 0
ynao_sd_19631218_0140_chen 2 2 0 0 0 13.17 16.63 13.17 16.63 0 0
ynao_sd_19631219_0300_li 5 5 0 0 0 22.0 31.8 22.0 31.8 0 0
ynao_sd_19631220_0500_li 2 1 1 1 0 904.68 2065.66 13.44 28.53 891.24 2037.13
ynao_sd_19631221_0205_li 2 2 0 0 0 38.57 64.01 38.57 64.01 0 0
ynao_sd_19631222_0620_chen 4 4 0 0 0 35.91 51.95 35.91 51.95 0 0
ynao_sd_19631223_0150_li 2 2 0 0 0 9.16 10.36 9.16 10.36 0 0
ynao_sd_19631224_0100_li 2 2 0 1 0 768.41 823.24 24.96 37.94 743.45 785.3
ynao_sd_19631225_0130_chen 1 1 0 0 0 32.48 86.03 32.48 86.03 0 0
