ynao_sd_19640102_0310_li 1 1 0 0 0 4.88 5.24 4.88 5.24 0 0
ynao_sd_19640103_0140_li 5 5 0 0 0 25.9 30.96 25.9 30.96 0 0
ynao_sd_19640104_0140_li 1 1 0 0 0 4.87 5.02 4.87 5.02 0 0
ynao_sd_19640105_0200_chen 2 2 0 0 0 16.21 18.25 16.21 18.25 0 0
ynao_sd_19640106_0135_li 0 0 0 0 0 0 0 0 0 0 0
ynao_sd_19640107_0130_li 0 0 0 0 0 0 0 0 0 0 0
ynao_sd_19640108_0130_li 0 0 0 0 0 0 0 0 0 0 0
ynao_sd_19640109_0120_li 0 0 0 0 0 0 0 0 0 0 0
ynao_sd_19640110_0150_li 0 0 0 0 0 0 0 0 0 0 0
ynao_sd_19640111_0130_li 3 3 0 1 0 778.15 1650.79 12.69 20.43 765.46 1630.36
ynao_sd_19640112_0220_chen 2 2 0 0 0 10.91 14.65 10.91 14.65 0 0
ynao_sd_19640113_0245_li 5 5 0 0 0 23.89 39.55 23.89 39.55 0 0
ynao_sd_19640114_0205_li 8 8 0 0 0 57.56 61.0 57.56 61.0 0 0
ynao_sd_19640115_0215_li 14 14 0 0 0 110.34 148.31 110.34 148.31 0 0
ynao_sd_19640116_0150_li 9 9 0 0 0 49.72 53.92 49.72 53.92 0 0
ynao_sd_19640117_0200_chen 2 2 0 0 0 8.24 9.62 8.24 9.62 0 0
ynao_sd_19640118_0430_li 1 1 0 0 0 7.01 8.78 7.01 8.78 0 0
ynao_sd_19640119_0800_chen 1 1 0 0 0 43.02 217.95 43.02 217.95 0 0
ynao_sd_19640120_0120_li 2 0 2 2 0 324.09 1850.8 15.74 66.99 308.35 1783.81
ynao_sd_19640121_0120_li 2 1 1 1 0 181.05 364.81 37.75 92.13 143.3 272.68
ynao_sd_19640122_0200_li 3 1 2 1 0 180.61 262.52 34.79 56.57 145.82 205.95
ynao_sd_19640123_0230_li 3 1 2 1 0 185.36 219.92 27.1 33.33 158.26 186.59
ynao_sd_19640124_0115_li 7 6 1 1 0 242.95 272.73 76.44 93.89 166.51 178.84
ynao_sd_19640125_0140_li 3 2 1 1 0 177.4 184.4 26.14 28.6 151.26 155.8
ynao_sd_19640126_0740_li 5 4 1 1 0 185.89 196.81 37.12 39.02 148.77 157.79
ynao_sd_19640127_0235_li 2 1 1 1 0 139.6 156.54 18.96 21.11 120.64 135.43
ynao_sd_19640128_0130_li 2 0 2 1 0 90.34 114.53 10.65 13.51 79.69 101.02
ynao_sd_19640129_0320_li 1 0 1 1 0 48.7 77.95 2.51 4.0 46.19 73.95
ynao_sd_19640130_0110_li 1 1 0 0 0 7.43 15.76 7.43 15.76 0 0
ynao_sd_19640131_0440_li 0 0 0 0 0 0 0 0 0 0 0
ynao_sd_19640208_0100_chen 2 2 0 0 0 16.83 73.33 16.83 73.33 0 0
ynao_sd_19640209_0050_chen 1 1 0 0 0 7.89 11.34 7.89 11.34 0 0
ynao_sd_19640210_0120_chen 0 0 0 0 0 0 0 0 0 0 0
ynao_sd_19640215_0132_gong 0 0 0 0 0 0 0 0 0 0 0
ynao_sd_19640216_0130_chen 1 0 1 1 0 1034.56 3046.71 6.05 17.77 1028.51 3028.94
ynao_sd_19640217_0140_chen 3 3 0 0 0 17.32 26.36 17.32 26.36 0 0
ynao_sd_19640218_0100_chen 0 0 0 0 0 0 0 0 0 0 0
ynao_sd_19640219_0140_li 1 1 0 0 0 5.45 7.27 5.45 7.27 0 0
ynao_sd_19640221_0330_li 10 10 0 0 0 54.63 56.94 54.63 56.94 0 0
ynao_sd_19640222_0150_li 22 22 0 0 0 105.42 117.75 105.42 117.75 0 0
ynao_sd_19640223_0150_chen 30 30 0 0 0 140.27 154.38 140.27 154.38 0 0
ynao_sd_19640224_0710_li 24 23 1 1 0 179.49 189.16 138.55 146.94 40.94 42.22
ynao_sd_19640228_0150_li 16 13 3 1 0 252.46 395.56 77.21 117.25 175.25 278.31
ynao_sd_19640229_0110_li 8 6 2 1 0 147.51 316.42 48.65 100.71 98.86 215.71
ynao_sd_19640301_0130_chen 2 1 1 1 0 62.45 241.45 13.77 35.67 48.68 205.78
ynao_sd_19640302_0120_li 0 0 0 0 0 0 0 0 0 0 0
ynao_sd_19640303_0130_li 0 0 0 0 0 0 0 0 0 0 0
ynao_sd_19640305_0150_li 1 1 0 0 0 4.94 8.05 4.94 8.05 0 0
ynao_sd_19640306_0120_li 0 0 0 0 0 0 0 0 0 0 0
ynao_sd_19640307_0140_li 0 0 0 0 0 0 0 0 0 0 0
ynao_sd_19640308_0150_li 0 0 0 0 0 0 0 0 0 0 0
ynao_sd_19640309_0150_li 0 0 0 0 0 0 0 0 0 0 0
ynao_sd_19640311_0120_li 1 1 0 0 0 5.15 7.8 5.15 7.8 0 0
ynao_sd_19640312_0135_li 4 4 0 0 0 47.18 70.14 47.18 70.14 0 0
ynao_sd_19640313_0340_li 7 5 2 1 0 80.12 132.19 33.8 60.27 46.32 71.92
ynao_sd_19640314_0220_li 9 8 1 1 0 88.92 133.9 58.94 82.35 29.98 51.55
ynao_sd_19640315_0450_li 14 6 8 3 0 301.58 500.13 77.19 132.49 224.39 367.64
ynao_sd_19640316_0130_li 7 2 5 3 0 209.04 484.77 31.48 74.52 177.56 410.25
ynao_sd_19640317_0140_li 5 4 1 1 0 125.34 432.75 60.73 219.82 64.61 212.93
ynao_sd_19640318_0250_li 1 0 1 1 0 116.84 223.85 10.37 19.88 106.47 203.97
ynao_sd_19640319_0045_li 2 1 1 1 0 178.91 263.63 20.2 28.48 158.71 235.15
ynao_sd_19640321_0140_li 1 0 1 1 0 211.74 231.56 24.28 26.56 187.46 205.0
ynao_sd_19640322_0120_chen 12 9 3 2 0 299.28 317.22 91.99 99.53 207.29 217.69
ynao_sd_19640323_0120_li 10 6 4 3 0 511.45 594.51 83.06 98.08 428.39 496.43
ynao_sd_19640324_0130_li 9 5 4 3 0 458.73 610.21 79.1 106.53 379.63 503.68
ynao_sd_19640329_0120_chen 0 0 0 0 0 0 0 0 0 0 0
ynao_sd_19640330_0140_li 0 0 0 0 0 0 0 0 0 0 0
ynao_sd_19640331_0130_li 1 1 0 0 0 26.54 28.37 26.54 28.37 0 0
ynao_sd_19640401_0130_li 0 0 0 0 0 0 0 0 0 0 0
ynao_sd_19640403_0120_li 2 2 0 0 0 10.54 17.27 10.54 17.27 0 0
ynao_sd_19640404_0130_li 2 2 0 0 0 14.95 24.0 14.95 24.0 0 0
ynao_sd_19640405_0250_chen 0 0 0 0 0 0 0 0 0 0 0
ynao_sd_19640406_0020_li 2 2 0 0 0 11.93 36.63 11.93 36.63 0 0
ynao_sd_19640407_0015_li 1 1 0 0 0 7.82 16.9 7.82 16.9 0 0
ynao_sd_19640408_0140_li 2 2 0 0 0 24.46 40.17 24.46 40.17 0 0
ynao_sd_19640409_0740_li 2 2 0 0 0 27.89 36.43 27.89 36.43 0 0
ynao_sd_19640410_0040_li 2 2 0 0 0 19.5 25.29 19.5 25.29 0 0
ynao_sd_19640411_0050_li 2 2 0 0 0 13.02 18.18 13.02 18.18 0 0
ynao_sd_19640412_0640_chen 2 2 0 0 0 10.88 30.35 10.88 30.35 0 0
ynao_sd_19640413_0250_li 2 2 0 0 0 10.17 26.13 10.17 26.13 0 0
ynao_sd_19640414_0200_li 2 2 0 0 0 10.24 15.8 10.24 15.8 0 0
ynao_sd_19640415_0120_li 0 0 0 0 0 0 0 0 0 0 0
ynao_sd_19640416_0140_li 0 0 0 0 0 0 0 0 0 0 0
ynao_sd_19640420_0107_li 0 0 0 0 0 0 0 0 0 0 0
ynao_sd_19640421_0130_li 0 0 0 0 0 0 0 0 0 0 0
ynao_sd_19640422_0500_li 0 0 0 0 0 0 0 0 0 0 0
ynao_sd_19640423_0040_li 2 2 0 0 0 11.74 13.32 11.74 13.32 0 0
ynao_sd_19640424_0130_li 0 0 0 0 0 0 0 0 0 0 0
ynao_sd_19640424_0320_chen 0 0 0 0 0 0 0 0 0 0 0
ynao_sd_19640425_0100_li 1 1 0 0 0 14.05 21.43 14.05 21.43 0 0
ynao_sd_19640428_0105_li 0 0 0 0 0 0 0 0 0 0 0
ynao_sd_19640505_0700_li 3 3 0 0 0 19.95 24.27 19.95 24.27 0 0
ynao_sd_19640506_0750_li 0 0 0 0 0 0 0 0 0 0 0
ynao_sd_19640507_0043_li 2 2 0 0 0 18.85 26.98 18.85 26.98 0 0
ynao_sd_19640511_0150_li 0 0 0 0 0 0 0 0 0 0 0
ynao_sd_19640515_0307_li 2 2 0 0 0 11.43 11.92 11.43 11.92 0 0
ynao_sd_19640516_0150_li 2 2 0 0 0 10.45 10.94 10.45 10.94 0 0
ynao_sd_19640517_0300_chen 16 16 0 0 0 102.78 120.02 102.78 120.02 0 0
ynao_sd_19640518_0010_chen 5 5 0 0 0 22.66 24.63 22.66 24.63 0 0
ynao_sd_19640519_0012_li 6 6 0 0 0 30.54 31.57 30.54 31.57 0 0
ynao_sd_19640520_0020_li 3 3 0 0 0 10.69 10.83 10.69 10.83 0 0
ynao_sd_19640521_0050_li 0 0 0 0 0 0 0 0 0 0 0
ynao_sd_19640522_0210_li 0 0 0 0 0 0 0 0 0 0 0
ynao_sd_19640523_0305_li 4 4 0 1 0 80.38 84.85 56.55 59.57 23.83 25.28
ynao_sd_19640524_0200_chen 7 7 0 0 0 56.32 75.23 56.32 75.23 0 0
ynao_sd_19640525_0035_li 6 6 0 0 0 33.86 42.81 33.86 42.81 0 0
ynao_sd_19640526_0107_li 3 3 0 0 0 13.96 21.0 13.96 21.0 0 0
ynao_sd_19640527_0035_li 3 3 0 0 0 22.03 84.18 22.03 84.18 0 0
ynao_sd_19640528_0140_li 1 0 1 1 0 34.04 75.68 4.62 10.25 29.42 65.43
ynao_sd_19640529_0730_li 1 0 1 1 0 50.86 72.49 8.62 12.28 42.24 60.21
ynao_sd_19640530_0430_li 1 0 1 1 0 72.21 87.13 13.25 15.97 58.96 71.16
ynao_sd_19640531_0050_chen 4 2 2 1 0 76.78 83.52 17.83 19.42 58.95 64.1
ynao_sd_19640601_0700_li 2 2 0 0 0 25.54 25.81 25.54 25.81 0 0
ynao_sd_19640602_0040_chen 0 0 0 0 0 0 0 0 0 0 0
ynao_sd_19640603_0510_li 1 1 0 0 0 13.45 14.4 13.45 14.4 0 0
ynao_sd_19640607_0330_chen 0 0 0 0 0 0 0 0 0 0 0
ynao_sd_19640608_0110_li 1 1 0 0 0 6.26 10.4 6.26 10.4 0 0
ynao_sd_19640609_0015_li 2 2 0 0 0 12.08 13.73 12.08 13.73 0 0
ynao_sd_19640610_0207_li 1 1 0 0 0 4.48 6.42 4.48 6.42 0 0
ynao_sd_19640611_0145_li 2 2 0 0 0 11.69 15.93 11.69 15.93 0 0
ynao_sd_19640612_0520_li 1 1 0 0 0 13.79 17.43 13.79 17.43 0 0
ynao_sd_19640613_0610_li 5 5 0 0 0 238.33 347.15 238.33 347.15 0 0
ynao_sd_19640615_0330_li 10 10 0 0 0 50.3 70.23 50.3 70.23 0 0
ynao_sd_19640616_0710_li 9 9 0 0 0 57.92 76.67 57.92 76.67 0 0
ynao_sd_19640617_0430_li 3 3 0 0 0 23.64 28.52 23.64 28.52 0 0
ynao_sd_19640618_0220_li 7 7 0 0 0 43.68 61.97 43.68 61.97 0 0
ynao_sd_19640620_0925_li 8 8 0 0 0 38.16 43.34 38.16 43.34 0 0
ynao_sd_19640629_0655_li 3 3 0 0 0 19.83 29.26 19.83 29.26 0 0
ynao_sd_19640630_0140_li 0 0 0 0 0 0 0 0 0 0 0
ynao_sd_19640702_0140_li 0 0 0 0 0 0 0 0 0 0 0
ynao_sd_19640704_0420_li 1 0 1 0 0 0 0 6.12 13.64 6.12 13.64
ynao_sd_19640706_0150_li 2 2 0 0 0 12.23 16.49 12.23 16.49 0 0
ynao_sd_19640714_0630_li 1 1 0 0 0 19.17 27.61 19.17 27.61 0 0
ynao_sd_19640716_0610_li 7 7 0 0 0 34.49 39.01 34.49 39.01 0 0
ynao_sd_19640718_0705_li 1 1 0 0 0 6.99 7.6 6.99 7.6 0 0
ynao_sd_19640801_0915_huang 4 1 3 1 0 606.31 926.86 26.25 34.53 580.06 892.33
ynao_sd_19640803_0520_li 4 4 0 0 0 17.15 29.06 17.15 29.06 0 0
ynao_sd_19640805_0730_li 2 2 0 0 0 9.81 25.45 9.81 25.45 0 0
ynao_sd_19640806_0025_li 3 3 0 0 0 28.43 54.48 28.43 54.48 0 0
ynao_sd_19640807_0035_li 0 0 0 0 0 0 0 0 0 0 0
ynao_sd_19640809_0030_li 4 4 0 0 0 23.03 26.2 23.03 26.2 0 0
ynao_sd_19640811_0130_li 2 2 0 0 0 17.27 48.44 17.27 48.44 0 0
ynao_sd_19640813_0130_li 19 19 0 0 0 80.54 99.65 80.54 99.65 0 0
ynao_sd_19640814_0750_li 20 15 5 2 0 293.92 448.58 111.15 162.62 182.77 285.96
ynao_sd_19640815_0020_li 20 16 4 2 0 244.76 423.41 134.21 215.68 110.55 207.73
ynao_sd_19640816_0430_huang 23 16 7 1 0 118.96 183.43 124.4 261.76 5.44 78.33
ynao_sd_19640818_0640_li 2 2 0 0 0 8.39 9.37 8.39 9.37 0 0
ynao_sd_19640819_0030_huang 3 1 2 1 0 467.87 577.24 14.52 17.92 453.35 559.32
ynao_sd_19640821_0750_li 1 1 0 0 0 7.2 17.55 7.2 17.55 0 0
ynao_sd_19640822_0555_li 1 1 0 0 0 8.15 38.12 8.15 38.12 0 0
ynao_sd_19640901_0100_li 1 1 0 0 0 6.19 20.09 6.19 20.09 0 0
ynao_sd_19640902_0145_li 1 1 0 0 0 13.2 25.93 13.2 25.93 0 0
ynao_sd_19640903_0710_li 2 2 0 0 0 8.52 12.0 8.52 12.0 0 0
ynao_sd_19640905_0930_li 0 0 0 0 0 0 0 0 0 0 0
ynao_sd_19640907_0410_li 3 3 0 0 0 49.29 74.68 49.29 74.68 0 0
ynao_sd_19640909_0710_li 2 2 0 0 0 10.22 23.46 10.22 23.46 0 0
ynao_sd_19640910_0430_li 3 3 0 0 0 14.71 23.42 14.71 23.42 0 0
ynao_sd_19640912_0230_li 1 1 0 0 0 5.69 6.49 5.69 6.49 0 0
ynao_sd_19640913_0745_huang 11 9 2 0 0 43.94 58.39 53.6 71.11 9.66 12.72
ynao_sd_19640914_0020_li 8 8 0 0 0 57.64 97.72 57.64 97.72 0 0
ynao_sd_19640915_0020_li 1 1 0 0 0 6.33 16.05 6.33 16.05 0 0
ynao_sd_19641001_0130_li 0 0 0 0 0 0 0 0 0 0 0
ynao_sd_19641002_0755_li 1 1 0 0 0 46.32 83.71 46.32 83.71 0 0
ynao_sd_19641008_0035_li 15 15 0 0 0 91.49 214.57 91.49 214.57 0 0
ynao_sd_19641019_0120_li 3 3 0 0 0 11.68 12.77 11.68 12.77 0 0
ynao_sd_19641020_0015_li 5 5 0 0 0 22.86 26.16 22.86 26.16 0 0
ynao_sd_19641021_0020_li 3 3 0 0 0 36.33 66.08 36.33 66.08 0 0
ynao_sd_19641025_0150_li 2 2 0 0 0 12.43 33.2 12.43 33.2 0 0
ynao_sd_19641026_0500_li 1 1 0 0 0 8.18 10.13 8.18 10.13 0 0
ynao_sd_19641030_0710_li 2 2 0 0 0 18.01 42.62 18.01 42.62 0 0
ynao_sd_19641031_0045_li 3 3 0 0 0 22.41 23.91 22.41 23.91 0 0
ynao_sd_19641101_0350_huang 1 1 0 0 0 6.1 8.72 6.1 8.72 0 0
ynao_sd_19641102_0155_li 0 0 0 0 0 0 0 0 0 0 0
ynao_sd_19641103_0200_li 1 1 0 0 0 5.23 6.66 5.23 6.66 0 0
ynao_sd_19641113_0240_li 1 1 0 0 0 5.66 7.78 5.66 7.78 0 0
ynao_sd_19641114_0625_li 1 1 0 0 0 4.56 5.55 4.56 5.55 0 0
ynao_sd_19641115_0803_huang 1 0 1 1 0 572.29 814.8 5.74 8.22 566.55 806.58
ynao_sd_19641116_0250_li 8 8 0 0 0 32.37 37.7 32.37 37.7 0 0
ynao_sd_19641117_0300_li 14 14 0 0 0 102.83 144.13 102.83 144.13 0 0
ynao_sd_19641118_0250_li 10 9 1 1 0 113.68 137.35 43.68 51.49 70.0 85.86
ynao_sd_19641125_0040_li 4 4 0 0 0 19.41 23.2 19.41 23.2 0 0
ynao_sd_19641205_0310_huang 0 0 0 0 0 0 0 0 0 0 0
ynao_sd_19641208_0840_li 0 0 0 0 0 0 0 0 0 0 0
ynao_sd_19641209_0100_li 1 1 0 0 0 5.22 6.24 5.22 6.24 0 0
ynao_sd_19641210_0100_li 0 0 0 0 0 0 0 0 0 0 0
ynao_sd_19641211_0110_li 0 0 0 0 0 0 0 0 0 0 0
ynao_sd_19641212_0130_huang 1 1 0 0 0 5.81 15.11 5.81 15.11 0 0
ynao_sd_19641213_0135_huang 0 0 0 0 0 0 0 0 0 0 0
ynao_sd_19641214_0120_li 0 0 0 0 0 0 0 0 0 0 0
ynao_sd_19641216_0215_li 5 5 0 0 0 27.07 37.61 27.07 37.61 0 0
ynao_sd_19641219_0710_li 5 4 1 1 0 138.85 329.58 52.41 120.5 86.44 209.08
ynao_sd_19641221_0140_li 2 1 1 1 0 144.79 224.33 22.75 37.57 122.04 186.76
ynao_sd_19641222_0200_li 4 2 2 2 0 243.11 335.46 49.9 71.08 193.21 264.38
ynao_sd_19641224_0330_li 4 3 1 1 0 176.92 214.63 39.09 47.5 137.83 167.13
ynao_sd_19641225_0140_li 2 1 1 1 0 161.86 200.16 31.05 38.29 130.81 161.87
ynao_sd_19641227_0825_huang 1 0 1 1 0 112.15 176.52 24.71 38.86 87.44 137.66
ynao_sd_19641228_0140_huang 7 6 1 1 0 156.2 279.53 43.26 72.03 112.94 207.5
ynao_sd_19641229_0305_huang 11 8 3 2 0 150.6 267.76 49.02 68.77 101.58 198.99
