ynao_sd_19650101_0250_huang 14 12 2 2 0 202.83 229.12 92.05 105.44 110.78 123.68
ynao_sd_19650102_0140_li 17 13 4 3 0 410.17 495.31 141.61 169.17 268.56 326.14
ynao_sd_19650103_0230_li 14 8 6 3 0 294.86 468.25 83.36 166.27 211.5 301.98
ynao_sd_19650104_0210_li 11 10 1 1 0 189.66 409.45 113.84 262.84 75.82 146.61
ynao_sd_19650105_0130_li 9 6 3 2 0 165.29 356.67 78.55 191.15 86.74 165.52
ynao_sd_19650106_0130_li 6 5 1 1 0 63.89 91.18 44.02 63.06 19.87 28.12
ynao_sd_19650107_0620_li 3 3 0 0 0 32.93 39.47 32.93 39.47 0 0
ynao_sd_19650109_0140_li 2 2 0 0 0 16.44 18.14 16.44 18.14 0 0
ynao_sd_19650110_0125_huang 0 0 0 0 0 0 0 0 0 0 0
ynao_sd_19650114_0220_li 2 2 0 0 0 15.35 66.87 15.35 66.87 0 0
ynao_sd_19650116_0635_huang 1 1 0 0 0 5.46 7.75 5.46 7.75 0 0
ynao_sd_19650117_0625_huang 2 2 0 0 0 14.23 17.59 14.23 17.59 0 0
ynao_sd_19650118_0315_huang 4 4 0 0 0 18.92 22.83 18.92 22.83 0 0
ynao_sd_19650119_0650_huang 8 8 0 1 0 892.39 1805.52 37.87 58.26 854.52 1747.26
ynao_sd_19650120_0135_huang 10 7 3 0 0 26.02 40.61 37.37 60.64 11.35 20.03
ynao_sd_19650121_0145_huang 7 6 1 0 0 25.96 43.15 29.35 51.68 3.39 8.53
ynao_sd_19650122_0120_huang 1 1 0 0 0 5.16 29.54 5.16 29.54 0 0
ynao_sd_19650123_0115_huang 4 4 0 0 0 17.92 68.75 17.92 68.75 0 0
ynao_sd_19650124_0145_huang 7 7 0 0 0 35.42 81.45 35.42 81.45 0 0
ynao_sd_19650125_0338_huang 3 3 0 0 0 25.53 40.06 25.53 40.06 0 0
ynao_sd_19650126_0110_huang 5 1 4 2 0 90.85 124.61 16.4 22.17 74.45 102.44
ynao_sd_19650127_0111_huang 10 8 2 1 0 71.24 86.66 37.23 49.14 34.01 37.52
ynao_sd_19650128_0107_huang 5 4 1 1 0 55.97 65.28 23.35 28.05 32.62 37.23
ynao_sd_19650129_0116_huang 3 2 1 1 0 37.0 43.57 10.02 11.69 26.98 31.88
ynao_sd_19650130_0115_huang 9 6 3 2 0 180.37 412.94 54.95 111.91 125.42 301.03
ynao_sd_19650131_0301_huang 7 6 1 1 0 212.99 341.81 59.07 98.68 153.92 243.13
ynao_sd_19650201_0325_huang 8 7 1 1 0 234.86 331.7 81.9 138.97 152.96 192.73
ynao_sd_19650204_0337_huang 3 2 1 1 0 177.54 183.03 41.36 42.63 136.18 140.4
ynao_sd_19650208_0840_huang 4 1 3 2 0 123.25 243.55 16.73 32.9 106.52 210.65
ynao_sd_19650209_0710_li 2 1 1 1 0 117.87 198.59 17.99 48.56 99.88 150.03
ynao_sd_19650210_0120_li 2 1 1 1 0 113.05 186.77 34.03 83.52 79.02 103.25
ynao_sd_19650211_0130_li 2 0 2 2 0 130.01 185.48 18.91 25.55 111.1 159.93
ynao_sd_19650212_0145_huang 2 0 2 2 0 150.68 196.82 15.02 19.02 135.66 177.8
ynao_sd_19650213_0110_li 2 0 2 2 0 124.74 152.46 13.92 16.7 110.82 135.76
ynao_sd_19650214_0135_li 4 1 3 1 0 123.15 149.33 53.64 66.86 69.51 82.47
ynao_sd_19650215_0130_li 5 4 1 1 0 96.02 125.68 32.51 41.08 63.51 84.6
ynao_sd_19650217_0130_li 1 1 0 0 0 39.12 83.95 39.12 83.95 0 0
ynao_sd_19650218_0130_li 1 1 0 0 0 17.45 60.06 17.45 60.06 0 0
ynao_sd_19650225_0120_li 1 1 0 0 0 14.48 49.41 14.48 49.41 0 0
ynao_sd_19650226_0240_li 1 1 0 0 0 25.47 50.29 25.47 50.29 0 0
ynao_sd_19650227_0125_li 2 1 1 1 0 36.87 57.55 16.52 27.34 20.35 30.21
ynao_sd_19650228_0340_huang 2 2 0 0 0 12.52 14.67 12.52 14.67 0 0
ynao_sd_19650301_0850_li 1 1 0 0 0 3.97 4.24 3.97 4.24 0 0
ynao_sd_19650302_0130_li 0 0 0 0 0 0 0 0 0 0 0
ynao_sd_19650303_0220_li 1 1 0 0 0 4.49 6.4 4.49 6.4 0 0
ynao_sd_19650304_0130_li 2 2 0 0 0 10.31 13.85 10.31 13.85 0 0
ynao_sd_19650305_0405_li 1 1 0 0 0 9.74 11.85 9.74 11.85 0 0
ynao_sd_19650306_0130_li 5 5 0 0 0 28.88 35.79 28.88 35.79 0 0
ynao_sd_19650308_0630_li 2 2 0 0 0 6.43 9.26 6.43 9.26 0 0
ynao_sd_19650310_0050_li 7 7 0 0 0 42.61 52.64 42.61 52.64 0 0
ynao_sd_19650311_0130_li 3 3 0 0 0 26.55 69.25 26.55 69.25 0 0
ynao_sd_19650312_0130_li 2 2 0 0 0 15.81 29.48 15.81 29.48 0 0
ynao_sd_19650313_0210_li 8 8 0 0 0 69.14 108.14 69.14 108.14 0 0
ynao_sd_19650314_0208_huang 5 3 2 1 0 227.64 341.1 57.07 79.84 170.57 261.26
ynao_sd_19650316_0140_li 3 1 2 1 0 104.08 131.88 32.12 39.85 71.96 92.03
ynao_sd_19650317_0210_li 2 1 1 1 0 61.21 77.08 20.11 25.15 41.1 51.93
ynao_sd_19650318_0110_li 1 1 0 1 0 26.33 33.9 5.81 6.85 20.52 27.05
ynao_sd_19650319_0120_li 19 17 2 2 0 119.75 173.7 90.08 130.86 29.67 42.84
ynao_sd_19650320_0100_li 10 10 0 1 0 99.6 175.25 55.68 101.54 43.92 73.71
ynao_sd_19650321_0107_huang 6 6 0 0 0 26.04 66.71 26.04 66.71 0 0
ynao_sd_19650325_0100_li 0 0 0 0 0 0 0 0 0 0 0
ynao_sd_19650326_0040_li 4 4 0 0 0 49.23 81.89 49.23 81.89 0 0
ynao_sd_19650327_0040_li 3 3 0 0 0 28.41 36.37 28.41 36.37 0 0
ynao_sd_19650328_0135_huang 2 2 0 0 0 15.95 17.82 15.95 17.82 0 0
ynao_sd_19650329_0140_li 4 4 0 0 0 15.19 16.03 15.19 16.03 0 0
ynao_sd_19650330_0100_li 1 1 0 0 0 5.31 8.27 5.31 8.27 0 0
ynao_sd_19650331_0130_li 0 0 0 0 0 0 0 0 0 0 0
ynao_sd_19650406_0140_li 1 1 0 0 0 4.8 7.77 4.8 7.77 0 0
ynao_sd_19650412_0920_li 2 0 2 1 0 32.98 95.93 7.95 23.24 25.03 72.69
ynao_sd_19650413_0200_li 3 3 0 1 0 103.08 182.89 59.24 94.26 43.84 88.63
ynao_sd_19650415_0120_li 1 0 1 1 0 50.59 61.77 4.64 5.67 45.95 56.1
ynao_sd_19650416_0130_li 1 0 1 1 0 23.5 25.33 4.86 5.24 18.64 20.09
ynao_sd_19650417_0230_li 2 1 1 1 0 30.97 31.72 7.08 7.33 23.89 24.39
ynao_sd_19650418_0115_huang 1 1 0 0 0 10.93 11.2 10.93 11.2 0 0
ynao_sd_19650420_0140_li 6 6 0 0 0 30.82 34.65 30.82 34.65 0 0
ynao_sd_19650422_0120_li 6 6 0 0 0 47.01 50.32 47.01 50.32 0 0
ynao_sd_19650423_0130_li 11 11 0 0 0 61.67 67.36 61.67 67.36 0 0
ynao_sd_19650424_0120_li 5 5 0 0 0 26.31 30.58 26.31 30.58 0 0
ynao_sd_19650425_0323_huang 1 1 0 0 0 5.47 7.69 5.47 7.69 0 0
ynao_sd_19650426_0105_huang 3 3 0 0 0 16.11 23.27 16.11 23.27 0 0
ynao_sd_19650427_0145_li 0 0 0 0 0 0 0 0 0 0 0
ynao_sd_19650428_0045_li 2 2 0 0 0 14.66 23.54 14.66 23.54 0 0
ynao_sd_19650430_0320_li 0 0 0 0 0 0 0 0 0 0 0
ynao_sd_19650504_0145_li 0 0 0 0 0 0 0 0 0 0 0
ynao_sd_19650506_0240_li 0 0 0 0 0 0 0 0 0 0 0
ynao_sd_19650508_0135_huang 4 4 0 0 0 28.43 61.97 28.43 61.97 0 0
ynao_sd_19650509_0320_li 6 6 0 0 0 34.01 96.61 34.01 96.61 0 0
ynao_sd_19650510_0230_li 2 2 0 0 0 7.97 44.66 7.97 44.66 0 0
ynao_sd_19650511_0120_li 2 2 0 0 0 7.72 11.77 7.72 11.77 0 0
ynao_sd_19650512_0040_li 0 0 0 0 0 0 0 0 0 0 0
ynao_sd_19650513_0150_li 2 2 0 0 0 18.42 25.49 18.42 25.49 0 0
ynao_sd_19650514_0220_li 0 0 0 0 0 0 0 0 0 0 0
ynao_sd_19650515_0145_huang 5 3 2 1 0 116.97 563.82 25.84 126.2 91.13 437.62
ynao_sd_19650516_0650_li 9 4 5 2 0 336.16 765.31 79.17 174.5 256.99 590.81
ynao_sd_19650518_0040_li 31 25 6 5 0 604.63 966.01 205.26 376.45 399.37 589.56
ynao_sd_19650519_0235_li 36 27 9 3 0 540.76 690.65 257.32 352.88 283.44 337.77
ynao_sd_19650521_0750_li 25 19 6 3 0 421.9 488.83 162.07 203.99 259.83 284.84
ynao_sd_19650522_0055_li 35 28 7 4 0 503.37 593.45 185.94 237.71 317.43 355.74
ynao_sd_19650523_0340_huang 39 32 7 3 0 542.22 662.62 216.29 260.61 325.93 402.01
ynao_sd_19650524_0320_li 22 20 2 2 0 221.89 304.31 127.9 168.12 93.99 136.19
ynao_sd_19650525_0030_li 12 11 1 1 0 110.1 175.66 70.57 105.63 39.53 70.03
ynao_sd_19650526_0250_li 8 8 0 1 0 131.46 299.31 84.19 179.08 47.27 120.23
ynao_sd_19650527_0430_li 2 2 0 0 0 10.32 15.6 10.32 15.6 0 0
ynao_sd_19650602_0120_li 1 1 0 0 0 4.8 18.96 4.8 18.96 0 0
ynao_sd_19650603_0120_li 0 0 0 0 0 0 0 0 0 0 0
ynao_sd_19650605_0745_li 0 0 0 0 0 0 0 0 0 0 0
ynao_sd_19650606_0312_huang 1 1 0 0 0 7.28 9.53 7.28 9.53 0 0
ynao_sd_19650607_0230_huang 4 3 1 0 0 9.37 34.5 18.38 60.23 9.01 25.73
ynao_sd_19650608_0050_li 3 3 0 0 0 29.76 60.4 29.76 60.4 0 0
ynao_sd_19650609_0025_li 4 3 1 1 0 82.41 105.93 64.5 76.98 17.91 28.95
ynao_sd_19650610_0650_li 2 2 0 0 0 15.42 25.32 15.42 25.32 0 0
ynao_sd_19650611_0900_li 0 0 0 0 0 0 0 0 0 0 0
ynao_sd_19650612_0640_li 2 2 0 0 0 8.41 8.87 8.41 8.87 0 0
ynao_sd_19650617_0310_li 2 2 0 0 0 10.92 12.26 10.92 12.26 0 0
ynao_sd_19650624_0540_li 0 0 0 0 0 0 0 0 0 0 0
ynao_sd_19650626_0740_li 1 1 0 0 0 4.51 7.1 4.51 7.1 0 0
ynao_sd_19650630_0120_li 2 2 0 0 0 11.51 38.89 11.51 38.89 0 0
ynao_sd_19650701_0640_li 1 1 0 0 0 10.99 12.33 10.99 12.33 0 0
ynao_sd_19650702_0835_huang 7 7 0 0 0 45.91 60.08 45.91 60.08 0 0
ynao_sd_19650703_0137_huang 9 9 0 0 0 48.85 54.52 48.85 54.52 0 0
ynao_sd_19650706_0640_li 7 7 0 0 0 50.18 66.41 50.18 66.41 0 0
ynao_sd_19650707_0240_li 17 16 1 1 0 115.37 132.02 106.81 122.38 8.56 9.64
ynao_sd_19650710_0245_li 17 14 3 2 0 347.23 374.9 103.45 116.37 243.78 258.53
ynao_sd_19650711_1015_gong 15 12 3 3 0 319.05 391.58 136.6 165.25 182.45 226.33
ynao_sd_19650712_0220_li 17 15 2 2 0 197.61 266.79 110.46 143.57 87.15 123.22
ynao_sd_19650713_0040_li 10 7 3 2 0 148.99 253.32 77.51 128.92 71.48 124.4
ynao_sd_19650714_0830_li 2 2 0 0 0 43.74 144.24 43.74 144.24 0 0
ynao_sd_19650716_0205_li 2 2 0 0 0 24.11 27.89 24.11 27.89 0 0
ynao_sd_19650716_0710_li 2 2 0 0 0 37.31 43.03 37.31 43.03 0 0
ynao_sd_19650727_0025_li 0 0 0 0 0 0 0 0 0 0 0
ynao_sd_19650728_0115_li 1 1 0 0 0 5.69 6.45 5.69 6.45 0 0
ynao_sd_19650731_0130_li 1 1 0 0 0 5.1 7.21 5.1 7.21 0 0
ynao_sd_19650801_0150_li 2 2 0 1 0 864.18 1238.81 9.07 12.48 855.11 1226.33
ynao_sd_19650803_0230_li 0 0 0 0 0 0 0 0 0 0 0
ynao_sd_19650806_0140_li 1 1 0 0 0 9.01 9.08 9.01 9.08 0 0
ynao_sd_19650812_0235_li 0 0 0 0 0 0 0 0 0 0 0
ynao_sd_19650814_0330_li 0 0 0 0 0 0 0 0 0 0 0
ynao_sd_19650819_0110_li 1 1 0 0 0 5.11 5.26 5.11 5.26 0 0
ynao_sd_19650821_0035_li 2 2 0 0 0 14.11 15.76 14.11 15.76 0 0
ynao_sd_19650827_0320_li 4 4 0 0 0 32.68 44.53 32.68 44.53 0 0
ynao_sd_19650828_0033_li 6 6 0 0 0 33.38 40.99 33.38 40.99 0 0
ynao_sd_19650829_0222_huang 4 4 0 0 0 23.51 25.77 23.51 25.77 0 0
ynao_sd_19650830_0440_li 5 5 0 0 0 31.02 38.81 31.02 38.81 0 0
ynao_sd_19650831_0605_li 6 6 0 0 0 28.05 29.9 28.05 29.9 0 0
ynao_sd_19650901_0430_li 10 10 0 0 0 57.07 62.2 57.07 62.2 0 0
ynao_sd_19650902_0720_li 12 10 2 1 0 913.41 2860.36 43.56 81.32 869.85 2779.04
ynao_sd_19650903_0050_li 4 3 1 1 0 69.78 112.03 13.76 20.71 56.02 91.32
ynao_sd_19650904_0140_li 13 11 2 1 0 117.5 255.54 63.51 129.22 53.99 126.32
ynao_sd_19650906_0400_li 11 10 1 1 0 122.29 147.59 95.3 115.56 26.99 32.03
ynao_sd_19650909_0710_cheng 13 12 1 1 0 292.55 324.2 88.34 96.73 204.21 227.47
ynao_sd_19650910_0920_li 7 6 1 1 0 249.99 312.31 64.66 80.98 185.33 231.33
ynao_sd_19650911_0730_li 6 4 2 1 0 155.1 253.25 35.44 79.66 119.66 173.59
ynao_sd_19650917_0240_huang 7 7 0 0 0 31.29 35.39 31.29 35.39 0 0
ynao_sd_19650924_0605_huang 6 4 2 1 0 130.94 168.34 59.87 75.78 71.07 92.56
ynao_sd_19650925_0420_huang 5 4 1 1 0 100.27 160.78 36.94 56.95 63.33 103.83
ynao_sd_19650926_0500_huang 3 3 0 0 0 21.96 50.37 21.96 50.37 0 0
ynao_sd_19650927_0830_huang 2 1 1 1 0 27.34 75.59 10.71 30.77 16.63 44.82
ynao_sd_19650928_0255_huang 10 8 2 1 0 81.37 196.17 54.37 144.39 27.0 51.78
ynao_sd_19650929_0230_cheng 22 20 2 2 0 183.32 310.08 103.67 172.26 79.65 137.82
ynao_sd_19650930_0430_huang 44 33 11 2 0 583.31 767.78 251.66 324.26 331.65 443.52
ynao_sd_19651003_0315_huang 75 50 25 5 0 753.64 777.41 367.9 379.94 385.74 397.47
ynao_sd_19651006_0510_cheng 11 8 3 2 0 137.59 192.07 69.54 98.57 68.05 93.5
ynao_sd_19651007_0810_cheng 11 11 0 0 0 69.09 133.88 69.09 133.88 0 0
ynao_sd_19651008_0238_huang 0 0 0 0 0 0 0 0 0 0 0
ynao_sd_19651009_0650_huang 2 2 0 0 0 26.79 158.8 26.79 158.8 0 0
ynao_sd_19651010_0127_huang 2 1 1 1 0 86.26 240.18 25.62 84.68 60.64 155.5
ynao_sd_19651011_0137_huang 4 2 2 1 0 72.82 121.02 17.51 26.71 55.31 94.31
ynao_sd_19651012_0730_cheng 3 3 0 0 0 52.37 66.5 52.37 66.5 0 0
ynao_sd_19651016_0305_huang 2 2 0 0 0 13.5 14.34 13.5 14.34 0 0
ynao_sd_19651028_0215_huang 1 1 0 0 0 9.27 9.97 9.27 9.97 0 0
ynao_sd_19651029_0040_cheng 0 0 0 0 0 0 0 0 0 0 0
ynao_sd_19651030_0305_huang 1 1 0 0 0 5.09 8.91 5.09 8.91 0 0
ynao_sd_19651101_0755_huang 12 10 2 1 0 110.7 153.73 70.01 112.22 40.69 41.51
ynao_sd_19651103_0110_cheng 12 12 0 0 0 93.46 125.17 93.46 125.17 0 0
ynao_sd_19651104_0115_huang 10 10 0 0 0 42.16 60.45 42.16 60.45 0 0
ynao_sd_19651105_0220_huang 1 1 0 0 0 5.18 5.56 5.18 5.56 0 0
ynao_sd_19651106_0120_huang 5 5 0 0 0 23.48 26.16 23.48 26.16 0 0
ynao_sd_19651107_0300_huang 24 15 9 4 0 544.05 671.57 148.54 186.72 395.51 484.85
ynao_sd_19651108_0733_huang 24 13 11 5 0 522.09 587.17 133.06 151.08 389.03 436.09
ynao_sd_19651109_0153_huang 29 23 6 5 0 473.43 568.01 196.48 233.64 276.95 334.37
ynao_sd_19651110_0340_cheng 22 16 6 4 0 457.36 607.14 171.8 222.25 285.56 384.89
ynao_sd_19651111_0438_huang 22 13 9 5 0 524.41 779.74 162.71 230.27 361.7 549.47
ynao_sd_19651112_0750_huang 12 7 5 3 0 204.49 335.9 69.05 131.39 135.44 204.51
ynao_sd_19651113_0705_huang 5 2 3 2 0 133.21 154.17 34.94 40.4 98.27 113.77
ynao_sd_19651114_0245_huang 10 9 1 1 0 161.48 205.02 60.02 75.23 101.46 129.79
ynao_sd_19651115_0320_huang 2 1 1 1 0 71.15 110.88 13.97 21.2 57.18 89.68
ynao_sd_19651116_0245_huang 3 2 1 1 0 78.77 161.63 26.87 55.07 51.9 106.56
ynao_sd_19651117_0120_cheng 3 2 1 1 0 46.43 134.26 15.87 26.62 30.56 107.64
ynao_sd_19651122_0455_huang 1 1 0 0 0 5.67 8.73 5.67 8.73 0 0
ynao_sd_19651124_0815_huang 0 0 0 0 0 0 0 0 0 0 0
ynao_sd_19651128_0620_huang 2 2 0 0 0 17.32 67.22 17.32 67.22 0 0
ynao_sd_19651129_0730_huang 1 0 1 1 0 34.99 103.01 4.65 13.77 30.34 89.24
ynao_sd_19651201_0550_chen 2 1 1 1 0 78.99 122.39 12.67 24.97 66.32 97.42
ynao_sd_19651202_0153_huang 3 2 1 1 0 109.11 140.91 47.26 59.39 61.85 81.52
ynao_sd_19651203_0240_huang 3 2 1 1 0 95.14 117.3 47.16 59.95 47.98 57.35
ynao_sd_19651204_0148_huang 1 0 1 1 0 42.47 48.23 7.65 8.69 34.82 39.54
ynao_sd_19651205_0125_huang 2 0 2 1 0 664.23 755.95 16.23 18.47 648.0 737.48
ynao_sd_19651206_0130_huang 2 2 0 0 0 28.91 34.66 28.91 34.66 0 0
ynao_sd_19651207_0320_huang 2 2 0 0 0 19.94 26.44 19.94 26.44 0 0
ynao_sd_19651210_0745_huang 1 1 0 0 0 5.84 8.34 5.84 8.34 0 0
ynao_sd_19651219_0250_huang 6 3 3 2 0 182.1 442.98 35.57 83.12 146.53 359.86
ynao_sd_19651220_0335_huang 3 3 0 0 0 28.5 132.07 28.5 132.07 0 0
ynao_sd_19651222_0250_huang 4 4 0 0 0 28.74 37.78 28.74 37.78 0 0
ynao_sd_19651223_0135_huang 6 6 0 0 0 28.5 45.26 28.5 45.26 0 0
ynao_sd_19651224_0905_huang 7 5 2 0 0 32.97 81.37 44.09 113.35 11.12 31.98
ynao_sd_19651226_0110_huang 8 8 0 0 0 58.83 62.75 58.83 62.75 0 0
ynao_sd_19651226_0135_huang 2 2 0 0 0 11.54 31.2 11.54 31.2 0 0
ynao_sd_19651227_0310_huang 21 9 12 6 0 495.0 564.38 111.3 127.13 383.7 437.25
ynao_sd_19651228_0210_huang 26 11 15 3 0 1019.46 1348.12 191.14 257.46 828.32 1090.66
ynao_sd_19651229_0340_chen 23 16 7 3 0 433.71 702.73 150.31 227.17 283.4 475.56
ynao_sd_19651230_0710_huang 17 13 4 3 0 192.8 428.87 117.16 249.7 75.64 179.17
ynao_sd_19651231_0715_huang 8 8 0 0 0 77.18 202.3 77.18 202.3 0 0
