ynao_sd_19660101_0430_huang 2 1 1 1 0 58.02 66.26 9.85 13.56 48.17 52.7
ynao_sd_19660102_0210_huang 2 1 1 1 0 32.6 40.63 6.61 10.68 25.99 29.95
ynao_sd_19660104_0230_xuang 2 2 0 0 0 25.78 38.91 25.78 38.91 0 0
ynao_sd_19660108_0250_xuang 1 1 0 0 0 6.55 7.59 6.55 7.59 0 0
ynao_sd_19660109_0228_xuang 1 0 1 1 0 33.94 49.97 5.22 7.68 28.72 42.29
ynao_sd_19660113_0223_xuang 2 2 0 0 0 14.33 67.53 14.33 67.53 0 0
ynao_sd_19660115_0630_huang 24 5 19 3 0 917.54 1838.14 133.93 271.87 783.61 1566.27
ynao_sd_19660116_0200_huang 32 16 16 6 0 751.44 1199.21 192.27 334.79 559.17 864.42
ynao_sd_19660117_0230_huang 29 18 11 4 0 733.08 964.64 190.16 266.13 542.92 698.51
ynao_sd_19660118_0225_huang 51 36 15 2 0 871.54 1062.09 297.25 399.7 574.29 662.39
ynao_sd_19660119_0710_huang 32 25 7 3 0 717.74 809.91 230.68 279.26 487.06 530.65
ynao_sd_19660120_0350_huang 47 29 18 5 0 793.01 901.39 223.66 263.11 569.35 638.28
ynao_sd_19660121_0300_huang 25 21 4 2 0 514.1 601.88 180.72 217.19 333.38 384.69
ynao_sd_19660122_0200_huang 12 11 1 2 0 325.77 417.74 87.58 114.04 238.19 303.7
ynao_sd_19660123_0350_li 8 7 1 1 0 111.69 163.41 44.48 65.01 67.21 98.4
ynao_sd_19660124_0135_li 7 6 1 1 0 90.97 172.49 38.54 73.19 52.43 99.3
ynao_sd_19660125_0130_cheng 3 2 1 1 0 61.51 163.48 15.08 31.56 46.43 131.92
ynao_sd_19660126_0300_cheng 0 0 0 0 0 0 0 0 0 0 0
ynao_sd_19660127_0150_huang 0 0 0 0 0 0 0 0 0 0 0
ynao_sd_19660128_0719_xuang 1 1 0 0 0 7.26 7.48 7.26 7.48 0 0
ynao_sd_19660129_0630_huang 2 2 0 0 0 16.13 18.82 16.13 18.82 0 0
ynao_sd_19660130_0340_huang 0 0 0 0 0 0 0 0 0 0 0
ynao_sd_19660131_0820_huang 1 1 0 0 0 5.78 8.5 5.78 8.5 0 0
ynao_sd_19660202_0648_xuang 0 0 0 0 0 0 0 0 0 0 0
ynao_sd_19660203_0730_huang 3 2 1 1 0 83.32 183.99 21.18 45.92 62.14 138.07
ynao_sd_19660204_0220_huang 14 12 2 1 0 173.64 326.28 77.97 146.85 95.67 179.43
ynao_sd_19660205_0340_huang 12 10 2 1 0 255.01 384.49 79.45 116.27 175.56 268.22
ynao_sd_19660206_0710_huang 10 8 2 1 0 254.92 343.89 62.67 83.44 192.25 260.45
ynao_sd_19660207_0200_huang 12 7 5 1 0 280.0 364.89 68.0 88.14 212.0 276.75
ynao_sd_19660208_0155_xuang 4 1 3 1 0 287.8 373.1 70.72 91.65 217.08 281.45
ynao_sd_19660209_0214_xuang 9 6 3 1 0 294.63 431.68 79.17 136.96 215.46 294.72
ynao_sd_19660210_0240_huang 2 0 2 2 0 134.92 206.28 8.22 12.5 126.7 193.78
ynao_sd_19660211_0120_huang 6 4 2 2 0 121.76 215.1 26.71 46.58 95.05 168.52
ynao_sd_19660212_0300_huang 3 2 1 1 0 52.11 123.71 15.9 37.58 36.21 86.13
ynao_sd_19660214_0300_huang 4 1 3 2 0 103.8 240.92 19.04 42.49 84.76 198.43
ynao_sd_19660215_0110_huang 7 4 3 2 0 169.35 307.36 42.52 79.79 126.83 227.57
ynao_sd_19660216_0246_xuang 2 1 1 1 0 130.93 191.45 25.77 37.62 105.16 153.83
ynao_sd_19660217_0258_xuang 7 5 2 1 0 203.24 266.3 69.75 91.7 133.49 174.6
ynao_sd_19660218_0300_huang 8 6 2 1 0 194.79 247.04 49.58 66.72 145.21 180.32
ynao_sd_19660219_0150_huang 12 10 2 1 0 196.86 250.55 86.04 113.28 110.82 137.27
ynao_sd_19660220_0140_huang 14 8 6 2 0 272.02 339.1 68.01 84.85 204.01 254.25
ynao_sd_19660221_0210_huang 30 20 10 3 0 578.3 696.8 165.9 197.4 412.4 499.4
ynao_sd_19660222_0230_huang 21 12 9 2 0 490.3 568.93 118.08 143.9 372.22 425.03
ynao_sd_19660223_0640_huang 19 14 5 3 0 440.95 595.59 159.77 241.68 281.18 353.91
ynao_sd_19660224_0640_cheng 18 14 4 2 0 344.79 504.48 128.92 174.24 215.87 330.24
ynao_sd_19660225_0236_xuang 16 14 2 2 0 441.28 691.53 191.56 264.47 249.72 427.06
ynao_sd_19660226_0400_huang 20 19 1 1 0 188.85 392.3 109.58 175.47 79.27 216.83
ynao_sd_19660227_0340_huang 21 19 2 1 0 196.49 357.83 144.8 261.76 51.69 96.07
ynao_sd_19660228_0730_huang 7 6 1 3 0 161.0 456.07 46.52 146.53 114.48 309.54
ynao_sd_19660301_0630_huang 6 6 0 1 0 230.48 425.27 128.68 251.07 101.8 174.2
ynao_sd_19660302_0300_cheng 8 8 0 0 0 50.76 71.93 50.76 71.93 0 0
ynao_sd_19660303_0230_cheng 6 5 1 0 0 34.72 44.33 42.46 53.97 7.74 9.64
ynao_sd_19660304_0815_huang 10 10 0 0 0 57.55 68.74 57.55 68.74 0 0
ynao_sd_19660305_0820_huang 5 5 0 0 0 34.38 41.18 34.38 41.18 0 0
ynao_sd_19660306_0635_huang 9 9 0 0 0 55.86 66.99 55.86 66.99 0 0
ynao_sd_19660307_0125_huang 2 2 0 0 0 19.76 25.26 19.76 25.26 0 0
ynao_sd_19660308_0235_huang 1 0 1 1 0 60.67 86.45 9.54 13.59 51.13 72.86
ynao_sd_19660309_0530_cheng 4 4 0 0 0 49.54 87.89 49.54 87.89 0 0
ynao_sd_19660310_0215_huang 9 8 1 1 0 83.88 169.04 50.93 102.52 32.95 66.52
ynao_sd_19660311_1005_huang 4 4 0 0 0 40.53 90.57 40.53 90.57 0 0
ynao_sd_19660314_0150_huang 0 0 0 0 0 0 0 0 0 0 0
ynao_sd_19660315_0200_huang 1 0 1 1 0 82.05 424.33 15.69 80.54 66.36 343.79
ynao_sd_19660316_0110_cheng 10 8 2 1 1 384.26 1075.45 54.38 131.23 329.88 944.22
ynao_sd_19660317_0130_huang 33 27 6 1 0 829.33 1545.84 324.02 595.74 505.31 950.1
ynao_sd_19660318_0230_huang 36 24 12 2 0 1496.7 2227.86 329.3 488.61 1167.4 1739.25
ynao_sd_19660319_0240_huang 47 23 24 6 0 1803.21 2266.12 380.75 484.0 1422.46 1782.12
ynao_sd_19660320_0400_huang 37 24 13 5 0 1887.88 2142.44 325.51 384.28 1562.37 1758.16
ynao_sd_19660321_0300_huang 31 18 13 4 0 1898.54 2076.91 417.55 459.75 1480.99 1617.16
ynao_sd_19660322_0220_huang 27 16 11 3 0 1455.39 1610.72 412.21 457.13 1043.18 1153.59
ynao_sd_19660323_0150_cheng 20 18 2 1 0 1113.04 1324.12 296.67 349.76 816.37 974.36
ynao_sd_19660324_0230_huang 8 7 1 1 0 920.48 1257.17 264.81 357.49 655.67 899.68
ynao_sd_19660325_0210_huang 3 2 1 1 0 931.72 1574.51 167.36 274.1 764.36 1300.41
ynao_sd_19660327_0605_huang 2 0 2 1 0 167.21 806.9 32.99 156.14 134.22 650.76
ynao_sd_19660328_0150_huang 1 1 0 0 0 24.53 99.08 24.53 99.08 0 0
ynao_sd_19660329_0240_huang 3 2 1 1 0 64.38 139.0 14.64 26.96 49.74 112.04
ynao_sd_19660330_0200_huang 26 17 9 4 0 730.72 1379.32 158.56 281.18 572.16 1098.14
ynao_sd_19660331_0320_huang 38 15 23 5 0 1524.03 2406.78 284.88 447.18 1239.15 1959.6
ynao_sd_19660401_0715_huang 19 6 13 4 0 1866.96 2443.71 375.56 489.87 1491.4 1953.84
ynao_sd_19660402_0300_huang 33 17 16 5 0 2066.22 2519.53 409.71 500.83 1656.51 2018.7
ynao_sd_19660403_0150_xuang 24 13 11 3 0 2521.17 2965.88 480.46 566.36 2040.71 2399.52
ynao_sd_19660404_0330_huang 38 22 16 4 0 2146.03 2559.06 512.27 614.14 1633.76 1944.92
ynao_sd_19660405_0240_huang 22 9 13 3 0 1913.21 2444.63 313.34 392.78 1599.87 2051.85
ynao_sd_19660406_0140_huang 46 33 13 2 0 1597.87 2268.11 404.77 551.04 1193.1 1717.07
ynao_sd_19660407_0150_huang 32 27 5 2 0 1305.03 2190.29 352.98 550.71 952.05 1639.58
ynao_sd_19660408_0200_cheng 42 28 14 7 0 1457.57 3740.47 296.69 487.72 1160.88 3252.75
ynao_sd_19660409_0120_huang 43 33 10 4 0 959.74 2015.28 247.79 399.47 711.95 1615.81
ynao_sd_19660410_0100_huang 33 18 15 6 0 935.32 1651.95 173.91 294.44 761.41 1357.51
ynao_sd_19660411_0750_huang 12 7 5 1 0 745.67 1567.98 125.85 229.35 619.82 1338.63
ynao_sd_19660412_0200_huang 12 6 6 2 0 434.43 1271.16 68.36 167.11 366.07 1104.05
ynao_sd_19660413_0405_huang 5 4 1 2 0 189.02 584.31 79.87 284.21 109.15 300.1
ynao_sd_19660414_0200_cheng 16 13 3 1 0 274.86 560.78 112.48 240.31 162.38 320.47
ynao_sd_19660415_0140_huang 32 29 3 1 0 291.53 456.29 182.25 295.83 109.28 160.46
ynao_sd_19660416_0340_huang 25 17 8 5 0 458.36 596.91 125.94 168.52 332.42 428.39
ynao_sd_19660417_0800_huang 29 25 4 3 0 385.02 443.68 194.2 226.9 190.82 216.78
ynao_sd_19660418_0220_huang 25 18 7 3 0 373.19 415.51 124.69 139.74 248.5 275.77
ynao_sd_19660419_0120_huang 20 15 5 2 0 270.17 301.38 93.89 105.0 176.28 196.38
ynao_sd_19660420_0740_cheng 25 23 2 2 0 191.05 252.41 132.11 179.53 58.94 72.88
ynao_sd_19660421_0250_huang 15 10 5 3 0 349.47 476.45 108.43 145.21 241.04 331.24
ynao_sd_19660422_0205_huang 16 13 3 3 0 334.77 508.46 80.68 103.57 254.09 404.89
ynao_sd_19660423_0220_huang 31 24 7 4 0 442.37 569.22 185.81 250.41 256.56 318.81
ynao_sd_19660424_0035_xuang 20 16 4 4 0 938.38 1046.95 211.36 256.22 727.02 790.73
ynao_sd_19660425_0220_huang 25 12 13 7 0 808.4 978.41 174.91 271.05 633.49 707.36
ynao_sd_19660426_0840_huang 24 19 5 2 0 576.19 839.23 172.69 349.5 403.5 489.73
ynao_sd_19660427_0130_huang 13 7 6 3 0 498.23 687.79 94.1 129.6 404.13 558.19
ynao_sd_19660428_0240_huang 9 3 6 4 0 360.98 805.75 71.01 156.14 289.97 649.61
ynao_sd_19660429_0255_huang 9 8 1 2 0 397.94 955.54 155.31 370.62 242.63 584.92
ynao_sd_19660430_0110_cheng 9 8 1 1 0 328.96 570.82 79.23 167.71 249.73 403.11
ynao_sd_19660501_0220_xuang 12 11 1 1 0 462.83 604.94 152.73 195.42 310.1 409.52
ynao_sd_19660502_0730_huang 13 7 6 1 0 382.11 463.07 101.51 139.95 280.6 323.12
ynao_sd_19660503_0630_huang 9 7 2 1 0 444.68 513.85 105.67 141.02 339.01 372.83
ynao_sd_19660505_0650_huang 9 6 3 1 0 335.43 399.12 78.37 94.27 257.06 304.85
ynao_sd_19660508_0030_xuang 4 3 1 1 0 125.89 240.2 31.64 58.28 94.25 181.92
ynao_sd_19660509_0137_huang 6 4 2 1 0 92.32 246.23 35.28 84.63 57.04 161.6
ynao_sd_19660513_0835_huang 4 4 0 0 0 15.22 36.37 15.22 36.37 0 0
ynao_sd_19660514_0050_huang 3 2 1 1 0 53.53 105.44 14.0 27.23 39.53 78.21
ynao_sd_19660519_0950_cheng 10 10 0 0 0 64.58 86.68 64.58 86.68 0 0
ynao_sd_19660520_0400_huang 24 23 1 2 0 435.47 917.11 258.32 527.9 177.15 389.21
ynao_sd_19660521_0120_huang 22 15 7 5 0 869.09 1767.33 163.97 314.47 705.12 1452.86
ynao_sd_19660522_0720_huang 25 15 10 3 0 848.17 1692.09 184.96 354.41 663.21 1337.68
ynao_sd_19660525_0820_huang 29 26 3 2 0 469.85 578.18 203.25 243.82 266.6 334.36
ynao_sd_19660526_0650_huang 32 30 2 2 0 418.12 520.08 214.02 263.66 204.1 256.42
ynao_sd_19660527_0150_cheng 47 42 5 3 0 601.83 743.7 266.66 351.93 335.17 391.77
ynao_sd_19660528_0210_huang 26 17 9 4 0 640.87 715.71 158.55 184.2 482.32 531.51
ynao_sd_19660529_0420_huang 25 18 7 3 0 581.93 634.69 150.03 160.76 431.9 473.93
ynao_sd_19660530_0330_cheng 15 7 8 6 0 1191.56 2768.85 85.29 100.98 1106.27 2667.87
ynao_sd_19660531_0220_huang 14 12 2 1 0 163.19 197.84 96.21 109.84 66.98 88.0
ynao_sd_19660601_0120_huang 21 14 7 3 0 239.38 328.21 116.82 156.93 122.56 171.28
ynao_sd_19660602_0300_huang 27 22 5 3 0 277.09 351.54 133.59 177.81 143.5 173.73
ynao_sd_19660607_0640_huang 7 2 5 2 0 155.4 373.87 38.8 92.12 116.6 281.75
ynao_sd_19660611_0750_huang 20 18 2 1 0 311.05 369.85 111.81 134.58 199.24 235.27
ynao_sd_19660614_0830_huang 9 6 3 2 0 287.35 314.77 94.37 103.71 192.98 211.06
ynao_sd_19660615_0500_huang 7 3 4 2 0 152.0 174.4 37.1 42.69 114.9 131.71
ynao_sd_19660621_0215_huang 6 3 3 2 0 312.3 405.96 62.36 80.91 249.94 325.05
ynao_sd_19660623_0740_huang 13 12 1 2 0 223.03 282.9 88.31 136.43 134.72 146.47
ynao_sd_19660624_0100_huang 27 25 2 1 0 175.83 194.7 121.97 136.39 53.86 58.31
ynao_sd_19660625_0735_xuang 28 28 0 0 0 232.95 323.52 232.95 323.52 0 0
ynao_sd_19660626_0205_xuang 13 13 0 0 0 151.93 256.61 151.93 256.61 0 0
ynao_sd_19660701_0820_huang 19 17 2 1 0 214.09 224.56 111.45 118.8 102.64 105.76
ynao_sd_19660704_0700_niu 25 16 9 8 0 511.96 671.52 157.93 203.49 354.03 468.03
ynao_sd_19660706_0830_niu 26 15 11 1 0 1618.68 2275.8 246.24 339.45 1372.44 1936.35
ynao_sd_19660707_0600_niu 31 19 12 1 0 1338.02 2204.03 345.58 546.24 992.44 1657.79
ynao_sd_19660708_0840_niu 30 18 12 3 0 644.91 1347.61 245.22 472.04 399.69 875.57
ynao_sd_19660713_0310_niu 13 11 2 1 0 187.53 634.17 80.34 232.27 107.19 401.9
ynao_sd_19660714_0400_niu 5 2 3 1 0 352.43 802.76 79.31 175.5 273.12 627.26
ynao_sd_19660715_0340_niu 8 5 3 2 0 755.76 1679.47 87.34 149.5 668.42 1529.97
ynao_sd_19660716_0410_niu 7 5 2 1 0 349.49 458.56 95.32 121.16 254.17 337.4
ynao_sd_19660718_0210_niu 13 12 1 1 0 451.8 512.67 171.45 204.62 280.35 308.05
ynao_sd_19660719_0520_niu 6 4 2 2 0 1315.55 1960.88 165.14 235.98 1150.41 1724.9
ynao_sd_19660720_0430_niu 8 6 2 2 0 1271.71 1388.05 124.98 164.28 1146.73 1223.77
ynao_sd_19660721_0230_niu 11 9 2 2 0 1092.69 1271.78 97.79 151.89 994.9 1119.89
ynao_sd_19660726_0100_niu 23 14 9 2 0 357.65 573.74 354.61 422.45 3.04 151.29
ynao_sd_19660727_0540_niu 27 18 9 4 0 1415.08 1710.83 328.61 440.83 1086.47 1270.0
ynao_sd_19660729_0220_niu 13 6 7 4 0 1089.42 1387.55 253.59 341.12 835.83 1046.43
ynao_sd_19660730_0040_niu 34 17 17 7 0 1563.12 2229.2 283.39 430.31 1279.73 1798.89
ynao_sd_19660731_0210_niu 28 20 8 5 0 1308.7 1971.72 318.32 462.24 990.38 1509.48
ynao_sd_19660801_0050_niu 24 18 6 6 0 2604.59 6635.42 331.35 604.08 2273.24 6031.34
ynao_sd_19660802_0130_niu 27 19 8 4 0 1196.44 2623.03 256.38 378.66 940.06 2244.37
ynao_sd_19660804_0040_niu 19 15 4 3 0 491.06 630.22 191.04 236.71 300.02 393.51
ynao_sd_19660805_0000_niu 25 18 7 7 0 1561.62 1949.35 182.27 238.3 1379.35 1711.05
ynao_sd_19660806_0310_niu 14 12 2 2 0 212.39 500.0 121.89 215.26 90.5 284.74
ynao_sd_19660812_0700_niu 23 23 0 0 0 154.86 217.11 154.86 217.11 0 0
ynao_sd_19660813_0020_niu 15 12 3 0 0 142.57 179.23 164.9 207.92 22.33 28.69
ynao_sd_19660814_0020_niu 14 13 1 1 0 161.15 187.93 107.43 124.0 53.72 63.93
ynao_sd_19660815_0150_niu 6 4 2 1 0 145.88 163.06 81.31 90.08 64.57 72.98
ynao_sd_19660816_0100_niu 6 3 3 2 0 167.89 196.7 47.05 55.31 120.84 141.39
ynao_sd_19660818_0050_niu 13 8 5 3 0 159.46 196.86 71.09 115.21 88.37 81.65
ynao_sd_19660821_0110_niu 1 1 0 0 0 9.2 10.8 9.2 10.8 0 0
ynao_sd_19660901_0110_niu 29 16 13 2 0 2018.71 2756.33 284.14 383.82 1734.57 2372.51
ynao_sd_19660902_0030_niu 32 9 23 4 0 1306.37 2212.77 282.84 476.73 1023.53 1736.04
ynao_sd_19660903_0140_niu 14 4 10 1 0 1157.03 2795.79 141.2 351.09 1015.83 2444.7
ynao_sd_19660904_0200_niu 11 2 9 1 0 1021.59 3979.14 88.6 357.72 932.99 3621.42
ynao_sd_19660908_0100_niu 4 3 1 1 0 199.73 369.42 56.05 107.11 143.68 262.31
ynao_sd_19660909_0620_niu 5 3 2 1 0 168.26 226.7 48.18 65.9 120.08 160.8
ynao_sd_19660910_0110_huang 10 7 3 1 0 229.99 273.6 54.52 65.86 175.47 207.74
ynao_sd_19660911_0330_cheng 11 7 4 1 0 168.63 181.14 51.25 55.81 117.38 125.33
ynao_sd_19660912_0300_cheng 9 8 1 1 0 130.08 137.02 97.78 103.77 32.3 33.25
ynao_sd_19660916_0840_huang 23 8 15 5 0 1441.97 2059.76 318.95 450.98 1123.02 1608.78
ynao_sd_19660920_0230_huang 51 34 17 6 0 2729.32 2840.42 664.53 699.9 2064.79 2140.52
ynao_sd_19661003_0715_cheng 7 7 0 0 0 38.8 150.24 38.8 150.24 0 0
ynao_sd_19661009_0330_cheng 8 4 4 1 0 249.33 258.81 40.61 42.45 208.72 216.36
ynao_sd_19661011_0330_cheng 21 18 3 2 0 406.27 1335.54 125.81 332.25 280.46 1003.29
ynao_sd_19661020_0840_cheng 35 23 12 6 0 996.55 1428.44 308.65 472.48 687.9 955.96
ynao_sd_19661021_0840_xuang 32 12 20 11 0 1434.19 2431.87 322.01 534.75 1112.18 1897.12
ynao_sd_19661022_0335_xuang 30 15 15 10 0 1933.26 4002.53 310.38 597.49 1622.88 3405.04
ynao_sd_19661023_0130_cheng 27 17 10 7 0 971.76 2414.55 202.7 538.72 769.06 1875.83
ynao_sd_19661024_0120_cheng 19 15 4 4 0 376.22 815.01 114.14 223.2 262.08 591.81
ynao_sd_19661025_0100_cheng 8 3 5 4 0 195.34 199.91 39.67 41.22 155.67 158.69
ynao_sd_19661026_0120_cheng 11 10 1 1 0 98.66 102.67 79.8 83.62 18.86 19.05
ynao_sd_19661029_0350_cheng 13 13 0 0 0 81.22 93.54 81.22 93.54 0 0
ynao_sd_19661030_0230_cheng 12 9 3 1 0 199.61 255.38 71.48 117.52 128.13 137.86
ynao_sd_19661101_0730_cheng 11 7 4 2 0 165.29 184.32 45.22 55.49 120.07 128.83
ynao_sd_19661102_0410_cheng 16 14 2 2 0 160.55 237.13 100.48 168.5 60.07 68.63
ynao_sd_19661103_0100_cheng 15 15 0 0 0 71.31 106.59 71.31 106.59 0 0
ynao_sd_19661104_0110_cheng 4 4 0 0 0 26.67 34.8 26.67 34.8 0 0
ynao_sd_19661105_0030_cheng 5 4 1 1 0 876.72 928.65 36.25 38.82 840.47 889.83
ynao_sd_19661106_0830_cheng 11 11 0 0 0 60.34 77.54 60.34 77.54 0 0
ynao_sd_19661107_0620_cheng 16 13 3 3 0 2054.97 6302.67 267.03 853.35 1787.94 5449.32
ynao_sd_19661108_0120_cheng 17 15 2 2 0 709.43 1626.59 156.22 246.37 553.21 1380.22
ynao_sd_19661109_0030_cheng 19 16 3 3 0 1046.97 1790.22 251.77 381.94 795.2 1408.28
ynao_sd_19661110_0340_cheng 28 21 7 4 0 1199.43 1553.0 320.62 395.45 878.81 1157.55
ynao_sd_19661111_0030_cheng 35 24 11 8 0 1484.21 1679.45 319.59 356.26 1164.62 1323.19
ynao_sd_19661112_0030_cheng 35 26 9 8 0 3040.25 3366.32 365.92 391.11 2674.33 2975.21
ynao_sd_19661113_0100_cheng 33 26 7 3 0 1675.19 1750.12 403.46 425.21 1271.73 1324.91
ynao_sd_19661116_0300_cheng 38 35 3 2 0 1175.55 1655.3 373.03 622.43 802.52 1032.87
ynao_sd_19661117_0030_cheng 24 11 13 6 0 976.28 1912.71 192.42 342.83 783.86 1569.88
ynao_sd_19661118_0300_cheng 18 8 10 5 0 900.23 1888.1 128.3 293.29 771.93 1594.81
ynao_sd_19661119_0030_cheng 13 5 8 5 0 1909.07 5975.94 97.2 229.77 1811.87 5746.17
ynao_sd_19661122_0740_cheng 50 34 16 7 0 986.86 1093.36 281.09 313.29 705.77 780.07
ynao_sd_19661123_0620_cheng 35 20 15 8 0 2004.56 2359.82 220.75 255.63 1783.81 2104.19
ynao_sd_19661124_0030_cheng 23 11 12 7 0 803.01 990.85 144.96 180.32 658.05 810.53
ynao_sd_19661126_0650_cheng 24 11 13 7 0 532.97 1054.76 140.52 317.56 392.45 737.2
ynao_sd_19661128_0040_cheng 15 8 7 5 0 1498.35 2575.65 107.11 182.5 1391.24 2393.15
ynao_sd_19661128_0110_cheng 20 13 7 5 0 408.32 667.08 105.05 172.42 303.27 494.66
ynao_sd_19661129_0050_cheng 14 9 5 3 0 260.07 378.8 91.48 134.44 168.59 244.36
ynao_sd_19661204_0742_xuang 8 4 4 3 0 2090.2 6336.37 206.83 785.93 1883.37 5550.44
ynao_sd_19661205_0730_cheng 19 16 3 3 0 446.47 1005.84 143.33 303.77 303.14 702.07
ynao_sd_19661206_0130_cheng 11 7 4 4 0 637.95 1115.98 121.85 213.85 516.1 902.13
ynao_sd_19661207_0130_cheng 9 5 4 3 0 600.12 822.02 104.71 149.77 495.41 672.25
ynao_sd_19661208_0120_cheng 12 5 7 5 0 843.71 1612.82 212.38 439.4 631.33 1173.42
ynao_sd_19661209_0220_cheng 31 22 9 5 0 1136.87 1653.83 266.71 371.64 870.16 1282.19
ynao_sd_19661210_0150_cheng 33 21 12 7 0 1390.8 1750.95 317.04 422.64 1073.76 1328.31
ynao_sd_19661211_0140_xuang 39 26 13 8 0 1922.43 2362.58 562.26 675.85 1360.17 1686.73
ynao_sd_19661212_0120_cheng 31 17 14 6 0 1228.61 1458.87 251.22 310.9 977.39 1147.97
ynao_sd_19661214_0040_cheng 27 15 12 9 0 2014.25 2966.55 196.6 253.55 1817.65 2713.0
ynao_sd_19661215_0050_cheng 28 18 10 5 0 876.2 1240.94 208.25 278.58 667.95 962.36
ynao_sd_19661216_0140_cheng 32 21 11 5 0 652.53 1078.71 178.97 269.57 473.56 809.14
ynao_sd_19661217_0100_cheng 26 18 8 6 0 445.72 574.95 163.59 205.59 282.13 369.36
ynao_sd_19661218_0417_xuang 23 22 1 1 0 275.07 408.83 240.32 327.79 34.75 81.04
ynao_sd_19661219_0100_cheng 9 7 2 1 0 121.66 249.44 98.37 234.63 23.29 14.81
ynao_sd_19661220_0100_cheng 13 10 3 2 0 1921.51 3956.61 67.88 143.9 1853.63 3812.71
ynao_sd_19661221_0150_cheng 3 3 0 1 0 875.72 2829.73 19.91 48.42 855.81 2781.31
ynao_sd_19661222_0050_cheng 5 5 0 0 0 26.49 50.8 26.49 50.8 0 0
ynao_sd_19661223_0140_cheng 3 2 1 1 0 106.58 434.4 51.81 219.34 54.77 215.06
ynao_sd_19661224_0120_cheng 5 1 4 2 0 184.31 463.77 27.44 72.08 156.87 391.69
ynao_sd_19661225_0539_xuang 14 12 2 2 0 314.99 435.98 164.31 223.62 150.68 212.36
ynao_sd_19661226_0120_cheng 18 14 4 2 0 226.89 294.98 92.23 118.55 134.66 176.43
ynao_sd_19661227_0300_cheng 13 6 7 4 0 215.63 289.37 53.42 73.24 162.21 216.13
ynao_sd_19661228_0300_cheng 7 5 2 2 0 124.27 156.85 36.0 60.46 88.27 96.39
ynao_sd_19661229_0200_cheng 8 8 0 0 0 59.08 85.3 59.08 85.3 0 0
ynao_sd_19661230_0115_cheng 2 2 0 0 0 15.69 17.48 15.69 17.48 0 0
ynao_sd_19661231_0115_cheng 3 1 2 1 0 94.1 283.96 15.45 39.12 78.65 244.84
