ynao_sd_19670101_0225_bao 2 2 0 0 0 22.96 48.95 22.96 48.95 0 0
ynao_sd_19670102_0200_chen 16 12 4 2 0 472.64 769.77 134.34 225.71 338.3 544.06
ynao_sd_19670106_0615_chen 40 29 11 7 0 2815.21 4195.71 283.05 393.6 2532.16 3802.11
ynao_sd_19670107_0115_chen 30 20 10 8 0 721.66 1042.65 222.38 319.25 499.28 723.4
ynao_sd_19670109_0320_chen 34 23 11 4 0 890.03 1110.17 224.1 295.16 665.93 815.01
ynao_sd_19670110_0120_chen 27 16 11 7 0 1684.25 2010.34 200.4 248.53 1483.85 1761.81
ynao_sd_19670115_0800_chen 16 9 7 2 0 463.08 740.36 118.58 212.04 344.5 528.32
ynao_sd_19670116_0630_chen 6 1 5 3 0 342.73 567.6 48.24 73.14 294.49 494.46
ynao_sd_19670117_0320_chen 15 5 10 5 0 1214.08 3879.94 95.85 235.94 1118.23 3644.0
ynao_sd_19670118_0640_chen 10 6 4 2 0 438.2 886.89 104.02 294.06 334.18 592.83
ynao_sd_19670119_0130_chen 16 10 6 3 0 561.77 991.65 96.66 166.37 465.11 825.28
ynao_sd_19670120_0120_chen 23 13 10 4 0 1404.87 3523.84 153.63 258.28 1251.24 3265.56
ynao_sd_19670121_0130_chen 40 30 10 4 0 853.79 1160.78 225.32 303.31 628.47 857.47
ynao_sd_19670122_0210_huang 81 63 18 10 0 1207.81 1608.33 505.07 722.51 702.74 885.82
ynao_sd_19670123_0300_chen 40 33 7 4 0 610.97 786.35 208.05 264.62 402.92 521.73
ynao_sd_19670124_0130_chen 36 28 8 5 0 781.37 898.98 207.97 282.37 573.4 616.61
ynao_sd_19670125_0145_chen 36 28 8 4 0 602.7 663.92 244.51 289.99 358.19 373.93
ynao_sd_19670126_0220_chen 40 33 7 3 0 600.83 983.22 251.58 316.02 349.25 667.2
ynao_sd_19670127_0240_chen 32 25 7 4 0 633.49 912.74 213.38 284.76 420.11 627.98
ynao_sd_19670128_0100_chen 20 9 11 7 0 2021.54 3312.81 156.43 233.88 1865.11 3078.93
ynao_sd_19670129_0300_xu 30 19 11 7 0 2502.1 4098.66 377.53 635.21 2124.57 3463.45
ynao_sd_19670130_0200_chen 32 23 9 7 0 574.45 945.05 157.26 243.04 417.19 702.01
ynao_sd_19670202_0730_chen 17 13 4 3 0 401.84 873.94 119.02 204.94 282.82 669.0
ynao_sd_19670203_0320_huang 15 9 6 3 0 569.47 1015.0 139.63 234.27 429.84 780.73
ynao_sd_19670204_0540_huang 8 3 5 3 0 814.0 1216.01 168.66 294.58 645.34 921.43
ynao_sd_19670206_0630_chen 32 24 8 3 0 898.44 1064.74 237.48 318.11 660.96 746.63
ynao_sd_19670207_0620_huang 56 30 26 9 0 1900.32 2267.71 547.09 743.01 1353.23 1524.7
ynao_sd_19670208_0235_li 59 33 26 11 0 1818.2 2075.1 370.11 482.17 1448.09 1592.93
ynao_sd_19670210_0750_li 45 28 17 12 0 1031.41 1292.55 261.16 316.17 770.25 976.38
ynao_sd_19670211_0320_chen 40 26 14 8 0 1252.15 2770.37 212.08 307.03 1040.07 2463.34
ynao_sd_19670212_0140_huang 42 27 15 7 0 820.59 1309.7 250.45 358.73 570.14 950.97
ynao_sd_19670213_0130_li 28 21 7 5 0 449.41 806.56 228.55 419.99 220.86 386.57
ynao_sd_19670215_0145_chen 15 10 5 4 0 359.72 691.63 106.04 151.71 253.68 539.92
ynao_sd_19670215_0450_li 21 15 6 5 0 313.02 575.56 99.61 138.6 213.41 436.96
ynao_sd_19670217_0440_li 13 8 5 4 0 368.81 647.34 109.63 180.83 259.18 466.51
ynao_sd_19670218_0110_li 16 14 2 2 0 455.7 679.32 159.81 257.38 295.89 421.94
ynao_sd_19670219_0150_chen 13 10 3 2 0 472.11 596.1 98.44 134.91 373.67 461.19
ynao_sd_19670220_0145_huang 14 12 2 2 0 570.27 650.39 140.71 168.77 429.56 481.62
ynao_sd_19670221_0230_huang 10 6 4 2 0 344.42 397.68 73.1 102.22 271.32 295.46
ynao_sd_19670222_0220_huang 31 16 15 5 0 887.48 1907.48 221.02 519.83 666.46 1387.65
ynao_sd_19670223_0200_chen 21 7 14 9 0 1264.19 2274.43 174.61 312.15 1089.58 1962.28
ynao_sd_19670224_0230_huang 57 23 34 9 0 2227.19 3418.25 453.03 728.09 1774.16 2690.16
ynao_sd_19670225_0110_chen 34 9 25 6 1 2373.9 3209.9 247.61 331.5 2126.29 2878.4
ynao_sd_19670226_0350_huang 57 15 42 5 0 3442.61 4229.39 550.81 751.65 2891.8 3477.74
ynao_sd_19670227_0810_chen 43 14 29 8 0 3378.53 5357.32 233.99 297.19 3144.54 5060.13
ynao_sd_19670228_0620_chen 58 33 25 6 0 2649.71 3196.82 383.1 492.67 2266.61 2704.15
ynao_sd_19670301_0330_huang 95 55 40 11 0 3375.7 4188.76 751.4 925.85 2624.3 3262.91
ynao_sd_19670302_0350_huang 72 39 33 9 0 3525.74 4839.49 717.53 990.41 2808.21 3849.08
ynao_sd_19670303_0710_huang 78 52 26 10 0 3112.43 5103.4 670.14 1004.19 2442.29 4099.21
ynao_sd_19670304_0400_huang 58 32 26 10 0 2651.19 4917.97 547.98 988.69 2103.21 3929.28
ynao_sd_19670305_0500_chen 25 14 11 8 0 850.98 1404.43 167.87 281.18 683.11 1123.25
ynao_sd_19670308_0310_chen 10 7 3 2 0 203.4 258.58 61.45 87.51 141.95 171.07
ynao_sd_19670309_0110_chen 3 2 1 1 0 45.35 76.19 13.96 24.58 31.39 51.61
ynao_sd_19670311_0310_chen 14 10 4 2 0 158.35 221.5 69.65 105.2 88.7 116.3
ynao_sd_19670312_0250_huang 12 12 0 0 0 79.65 139.59 79.65 139.59 0 0
ynao_sd_19670313_0120_chen 2 1 1 1 0 30.93 42.32 9.28 12.33 21.65 29.99
ynao_sd_19670314_0120_chen 8 8 0 0 0 59.42 74.0 59.42 74.0 0 0
ynao_sd_19670315_0100_huang 13 12 1 1 0 126.21 149.62 77.17 89.9 49.04 59.72
ynao_sd_19670317_0200_chen 12 7 5 3 0 311.76 699.92 69.63 166.53 242.13 533.39
ynao_sd_19670318_0440_huang 21 11 10 4 0 571.72 1091.69 130.49 279.82 441.23 811.87
ynao_sd_19670319_0040_xuan 10 7 3 2 0 573.47 881.4 231.99 384.74 341.48 496.66
ynao_sd_19670320_0420_huang 8 5 3 3 0 555.16 714.33 124.07 168.96 431.09 545.37
ynao_sd_19670321_0130_li 34 28 6 5 0 1043.49 1985.86 273.0 447.83 770.49 1538.03
ynao_sd_19670322_0110_chen 22 12 10 5 0 1291.46 2322.34 222.55 391.34 1068.91 1931.0
ynao_sd_19670323_0110_chen 33 21 12 6 0 1533.42 2283.3 415.94 765.3 1117.48 1518.0
ynao_sd_19670324_0120_li 46 35 11 9 0 1820.25 2590.3 460.88 733.21 1359.37 1857.09
ynao_sd_19670326_0800_li 43 28 15 9 0 2957.33 3884.89 556.12 724.55 2401.21 3160.34
ynao_sd_19670327_0100_li 51 33 18 13 0 3399.05 4421.26 573.08 729.68 2825.97 3691.58
ynao_sd_19670328_0315_li 45 31 14 8 0 2029.25 2592.49 456.45 640.46 1572.8 1952.03
ynao_sd_19670329_0040_li 40 23 17 6 0 1797.22 2395.01 362.3 476.93 1434.92 1918.08
ynao_sd_19670330_0040_chen 43 33 10 4 0 1262.02 1933.42 344.49 558.38 917.53 1375.04
ynao_sd_19670331_0200_chen 30 16 14 6 0 2754.89 5043.02 231.69 453.27 2523.2 4589.75
ynao_sd_19670401_0215_li 19 11 8 6 0 636.7 1702.17 147.14 317.56 489.56 1384.61
ynao_sd_19670402_0120_chen 10 9 1 1 0 141.27 496.53 80.56 188.56 60.71 307.97
ynao_sd_19670403_0230_chen 4 4 0 0 0 45.56 59.34 45.56 59.34 0 0
ynao_sd_19670404_0810_chen 6 5 1 1 0 105.84 274.41 46.36 70.93 59.48 203.48
ynao_sd_19670405_0040_chen 8 7 1 1 0 98.34 182.15 58.77 89.23 39.57 92.92
ynao_sd_19670406_0040_chen 3 2 1 1 0 132.15 214.84 24.23 40.23 107.92 174.61
ynao_sd_19670407_0110_li 4 2 2 1 0 70.41 96.26 23.26 35.76 47.15 60.5
ynao_sd_19670408_0230_chen 13 13 0 0 0 99.2 170.94 99.2 170.94 0 0
ynao_sd_19670409_0050_li 9 9 0 0 0 89.69 154.46 89.69 154.46 0 0
ynao_sd_19670410_0140_chen 13 11 2 2 0 137.88 187.47 73.69 88.31 64.19 99.16
ynao_sd_19670411_0120_chen 11 8 3 2 0 245.22 300.14 57.16 67.72 188.06 232.42
ynao_sd_19670413_0710_li 6 5 1 1 0 328.31 511.27 104.3 138.3 224.01 372.97
ynao_sd_19670414_0210_li 13 8 5 2 0 521.9 1165.31 113.76 209.09 408.14 956.22
ynao_sd_19670418_0110_chen 7 2 5 2 0 591.23 882.04 79.25 120.54 511.98 761.5
ynao_sd_19670419_0800_li 6 4 2 2 0 727.96 958.12 107.46 158.25 620.5 799.87
ynao_sd_19670421_0120_chen 3 0 3 2 0 660.88 819.08 80.97 100.57 579.91 718.51
ynao_sd_19670422_0100_chen 5 0 5 2 0 685.85 886.5 109.82 141.41 576.03 745.09
ynao_sd_19670423_0120_li 5 3 2 2 0 609.11 857.21 94.75 148.79 514.36 708.42
ynao_sd_19670424_0640_li 9 6 3 3 0 416.1 669.85 84.25 138.63 331.85 531.22
ynao_sd_19670425_0125_li 12 10 2 3 0 1164.57 1480.27 122.2 184.61 1042.37 1295.66
ynao_sd_19670426_0200_li 8 4 4 3 0 340.16 447.26 56.43 73.36 283.73 373.9
ynao_sd_19670427_0850_li 7 5 2 2 0 189.13 299.6 40.38 56.01 148.75 243.59
ynao_sd_19670428_0037_li 10 5 5 2 0 357.37 535.0 90.56 127.68 266.81 407.32
ynao_sd_19670429_0100_li 22 15 7 2 0 232.16 371.02 93.51 123.91 138.65 247.11
ynao_sd_19670430_0210_niu 14 14 0 0 0 74.59 90.16 74.59 90.16 0 0
ynao_sd_19670501_0210_chen 18 15 3 2 0 281.73 570.25 113.42 158.78 168.31 411.47
ynao_sd_19670502_0040_chen 7 5 2 2 0 395.82 710.68 54.06 82.72 341.76 627.96
ynao_sd_19670503_0055_li 5 2 3 2 0 468.39 729.42 76.89 112.41 391.5 617.01
ynao_sd_19670504_0100_chen 7 4 3 2 0 524.41 749.64 91.05 132.37 433.36 617.27
ynao_sd_19670505_0030_li 6 4 2 2 0 544.22 731.01 129.97 184.13 414.25 546.88
ynao_sd_19670507_0103_li 2 1 1 1 0 514.53 560.65 63.8 69.54 450.73 491.11
ynao_sd_19670508_0044_li 3 2 1 1 0 534.54 585.19 103.38 113.05 431.16 472.14
ynao_sd_19670509_0500_li 2 1 1 1 0 425.71 504.91 81.09 95.6 344.62 409.31
ynao_sd_19670510_0130_li 1 0 1 1 0 369.27 486.49 47.31 62.24 321.96 424.25
ynao_sd_19670511_0040_li 2 1 1 1 0 316.55 493.1 43.62 66.28 272.93 426.82
ynao_sd_19670512_0150_li 2 0 2 2 0 269.2 634.05 36.64 88.09 232.56 545.96
ynao_sd_19670513_0100_li 2 0 2 2 0 152.81 403.02 22.29 62.99 130.52 340.03
ynao_sd_19670514_0140_chen 2 0 2 1 0 81.02 132.51 9.67 15.86 71.35 116.65
ynao_sd_19670515_0240_li 2 1 1 1 0 148.68 217.07 31.36 58.64 117.32 158.43
ynao_sd_19670516_0105_li 2 1 1 1 0 155.17 187.97 20.97 25.92 134.2 162.05
ynao_sd_19670517_0110_li 3 2 1 1 0 162.7 196.88 37.66 54.77 125.04 142.11
ynao_sd_19670520_0030_chen 21 14 7 3 0 347.79 759.84 128.91 365.5 218.88 394.34
ynao_sd_19670521_0120_li 29 11 18 4 0 1430.76 2969.52 217.12 429.13 1213.64 2540.39
ynao_sd_19670522_0054_li 33 16 17 8 0 2456.93 4115.28 418.34 661.15 2038.59 3454.13
ynao_sd_19670523_0015_li 36 10 26 9 0 3275.95 4486.49 451.62 623.47 2824.33 3863.02
ynao_sd_19670524_0350_li 50 24 26 10 0 3728.44 4570.87 553.86 667.64 3174.58 3903.23
ynao_sd_19670525_0230_li 55 18 37 12 0 4368.12 5190.07 607.09 729.39 3761.03 4460.68
ynao_sd_19670526_0255_li 70 29 41 13 1 4238.58 4981.57 644.63 790.91 3593.95 4190.66
ynao_sd_19670528_0650_chen 70 37 33 12 0 2556.06 3312.97 421.78 550.95 2134.28 2762.02
ynao_sd_19670529_0250_li 41 16 25 12 0 2517.15 3806.37 416.7 656.77 2100.45 3149.6
ynao_sd_19670530_0210_li 44 18 26 14 0 2119.75 3749.62 328.53 599.81 1791.22 3149.81
ynao_sd_19670601_0950_cheng 54 29 25 15 0 1357.63 1840.77 301.05 409.52 1056.58 1431.25
ynao_sd_19670602_0250_cheng 59 40 19 8 0 1317.15 1667.48 313.35 404.79 1003.8 1262.69
ynao_sd_19670603_0710_cheng 46 24 22 9 0 1849.58 2071.1 350.54 433.22 1499.04 1637.88
ynao_sd_19670605_0250_cheng 32 15 17 8 0 1562.23 1836.29 324.54 384.4 1237.69 1451.89
ynao_sd_19670606_0810_cheng 25 20 5 4 0 1006.0 1402.74 297.28 396.87 708.72 1005.87
ynao_sd_19670610_0005_li 2 0 2 1 0 50.2 56.18 9.36 10.48 40.84 45.7
ynao_sd_19670611_0230_cheng 1 1 0 0 0 8.07 10.41 8.07 10.41 0 0
ynao_sd_19670612_0130_cheng 0 0 0 0 0 0 0 0 0 0 0
ynao_sd_19670614_0120_li 0 0 0 0 0 0 0 0 0 0 0
ynao_sd_19670616_0016_li 3 2 1 1 0 95.74 250.45 48.9 107.57 46.84 142.88
ynao_sd_19670617_0250_cheng 9 6 3 2 0 176.75 377.4 78.51 202.49 98.24 174.91
ynao_sd_19670618_0040_li 9 5 4 3 0 264.92 541.78 93.02 264.39 171.9 277.39
ynao_sd_19670618_0050_li 10 7 3 3 0 282.25 400.34 78.5 105.79 203.75 294.55
ynao_sd_19670620_0820_li 16 12 4 3 0 355.09 586.77 163.97 354.71 191.12 232.06
ynao_sd_19670621_0400_li 12 3 9 5 0 626.53 1085.59 77.95 112.98 548.58 972.61
ynao_sd_19670623_0200_li 18 8 10 4 0 690.39 876.54 123.86 165.95 566.53 710.59
ynao_sd_19670624_0900_li 16 9 7 6 0 710.45 1144.21 148.31 223.73 562.14 920.48
ynao_sd_19670625_0750_cheng 28 18 10 4 0 904.28 1396.42 170.8 233.64 733.48 1162.78
ynao_sd_19670628_0140_li 14 9 5 2 0 1059.3 1313.74 220.12 276.93 839.18 1036.81
ynao_sd_19670629_0130_li 9 3 6 3 0 1051.13 1544.24 180.34 258.89 870.79 1285.35
ynao_sd_19670630_0820_li 7 2 5 3 0 980.33 1510.73 152.52 221.76 827.81 1288.97
ynao_sd_19670702_0830_li 11 8 3 2 0 939.01 1135.55 175.99 232.62 763.02 902.93
ynao_sd_19670703_0825_li 7 4 3 2 0 959.67 1236.65 183.81 311.78 775.86 924.87
ynao_sd_19670704_0030_li 5 0 5 4 0 868.57 1252.26 112.19 154.99 756.38 1097.27
ynao_sd_19670709_0740_cheng 12 8 4 3 0 1430.51 1570.41 57.94 81.44 1372.57 1488.97
ynao_sd_19670710_0750_cheng 19 18 1 1 0 132.08 222.21 99.56 120.97 32.52 101.24
ynao_sd_19670711_0050_li 14 14 0 0 0 95.62 151.26 95.62 151.26 0 0
ynao_sd_19670712_0220_li 18 17 1 1 0 124.05 146.35 111.41 131.97 12.64 14.38
ynao_sd_19670715_0630_cheng 12 11 1 1 0 112.08 288.81 69.42 154.68 42.66 134.13
ynao_sd_19670716_0630_li 3 3 0 0 0 30.83 48.91 30.83 48.91 0 0
ynao_sd_19670717_0615_li 3 3 0 0 0 18.62 27.23 18.62 27.23 0 0
ynao_sd_19670718_0350_li 2 1 1 1 0 49.54 90.04 10.6 16.88 38.94 73.16
ynao_sd_19670719_0025_cheng 3 3 0 0 0 32.7 62.26 32.7 62.26 0 0
ynao_sd_19670720_0250_li 0 0 0 0 0 0 0 0 0 0 0
ynao_sd_19670721_0100_cheng 1 1 0 0 0 8.07 22.93 8.07 22.93 0 0
ynao_sd_19670722_0608_li 8 2 6 2 0 424.39 1819.84 56.04 214.92 368.35 1604.92
ynao_sd_19670725_1020_cheng 40 15 25 6 0 3218.74 4741.71 536.29 831.89 2682.45 3909.82
ynao_sd_19670727_0400_li 48 11 37 12 1 4722.62 5769.2 690.27 886.99 4032.35 4882.21
ynao_sd_19670730_0107_li 55 22 33 10 0 4879.02 5384.65 622.42 690.1 4256.6 4694.55
ynao_sd_19670731_0017_li 61 19 42 10 0 4512.86 5216.96 534.37 609.79 3978.49 4607.17
ynao_sd_19670801_0025_li 42 12 30 10 0 3881.49 4875.95 543.96 677.41 3337.53 4198.54
ynao_sd_19670802_0130_cheng 62 37 25 13 0 2522.16 3594.24 538.71 759.07 1983.45 2835.17
ynao_sd_19670803_0010_li 27 12 15 10 0 1834.04 3217.0 357.79 642.99 1476.25 2574.01
ynao_sd_19670804_0802_li 15 7 8 5 0 810.08 1782.38 155.16 400.59 654.92 1381.79
ynao_sd_19670806_0600_cheng 21 8 13 7 0 822.48 1305.16 122.45 231.7 700.03 1073.46
ynao_sd_19670809_0650_cheng 25 15 10 5 0 909.21 946.61 171.83 184.1 737.38 762.51
ynao_sd_19670810_0150_cheng 22 16 6 5 0 689.8 730.8 159.57 185.46 530.23 545.34
ynao_sd_19670811_0140_cheng 27 24 3 2 0 559.62 607.46 173.18 193.49 386.44 413.97
ynao_sd_19670812_0040_cheng 31 18 13 4 0 678.66 1086.28 181.48 277.33 497.18 808.95
ynao_sd_19670813_0630_li 13 4 9 5 0 370.25 917.41 59.23 137.0 311.02 780.41
ynao_sd_19670814_0700_li 5 3 2 2 0 134.17 239.0 40.08 57.19 94.09 181.81
ynao_sd_19670817_0700_li 19 12 7 3 0 534.97 562.92 124.32 132.39 410.65 430.53
ynao_sd_19670818_0010_li 20 10 10 5 0 743.2 829.5 179.3 220.69 563.9 608.81
ynao_sd_19670820_0825_li 23 10 13 5 0 1192.38 2734.94 221.77 521.28 970.61 2213.66
ynao_sd_19670821_0145_li 32 15 17 7 0 891.91 1825.84 289.02 575.99 602.89 1249.85
ynao_sd_19670822_0240_cheng 54 34 20 8 0 1243.45 2154.28 360.73 678.58 882.72 1475.7
ynao_sd_19670823_0030_li 30 9 21 6 0 1296.7 1837.37 227.76 329.55 1068.94 1507.82
ynao_sd_19670824_0300_li 32 7 25 3 0 1717.47 1926.51 297.95 334.4 1419.52 1592.11
ynao_sd_19670825_0240_li 34 9 25 6 0 1554.5 1637.65 298.33 314.31 1256.17 1323.34
ynao_sd_19670826_0120_cheng 63 34 29 8 0 1825.27 1892.75 325.78 335.94 1499.49 1556.81
ynao_sd_19670827_0200_li 29 8 21 6 0 1759.6 1896.9 209.63 229.52 1549.97 1667.38
ynao_sd_19670828_0100_cheng 33 17 16 5 0 1209.38 1411.29 174.75 200.73 1034.63 1210.56
ynao_sd_19670829_0040_cheng 36 24 12 4 0 1125.51 2058.01 246.67 400.1 878.84 1657.91
ynao_sd_19670830_0040_cheng 28 13 15 7 0 1022.44 1937.31 143.21 261.51 879.23 1675.8
ynao_sd_19670831_0220_cheng 15 7 8 6 0 616.61 1512.82 101.01 222.58 515.6 1290.24
ynao_sd_19670902_0910_cheng 31 18 13 5 0 798.74 1047.72 161.46 210.11 637.28 837.61
ynao_sd_19670903_0510_li 14 6 8 5 0 708.34 828.79 143.89 170.41 564.45 658.38
ynao_sd_19670904_0520_li 19 10 9 4 0 639.75 730.96 233.73 288.08 406.02 442.88
ynao_sd_19670906_0330_li 11 9 2 1 0 282.33 350.13 86.67 121.15 195.66 228.98
ynao_sd_19670907_0035_li 3 1 2 1 0 174.84 238.57 38.39 59.61 136.45 178.96
ynao_sd_19670908_0730_cheng 7 4 3 2 0 257.54 804.94 37.96 76.39 219.58 728.55
ynao_sd_19670909_0330_cheng 12 8 4 2 0 339.55 847.29 77.8 169.09 261.75 678.2
ynao_sd_19670912_0945_li 24 13 11 2 0 725.33 935.14 197.14 301.01 528.19 634.13
ynao_sd_19670914_0120_cheng 11 7 4 1 0 575.63 730.24 148.61 301.63 427.02 428.61
ynao_sd_19670915_0012_li 3 1 2 1 0 565.13 587.72 71.31 86.0 493.82 501.72
ynao_sd_19670916_0020_cheng 9 6 3 1 0 450.05 487.22 66.96 72.0 383.09 415.22
ynao_sd_19670917_0144_li 6 3 3 1 0 378.79 465.63 56.15 68.78 322.64 396.85
ynao_sd_19670920_0715_li 3 2 1 1 0 88.21 323.85 30.07 83.18 58.14 240.67
ynao_sd_19670923_0920_cheng 6 6 0 0 0 41.58 108.67 41.58 108.67 0 0
ynao_sd_19670924_0050_li 1 1 0 0 0 10.61 11.12 10.61 11.12 0 0
ynao_sd_19670927_0845_li 12 11 1 1 0 429.75 764.56 163.63 360.14 266.12 404.42
ynao_sd_19670930_0450_cheng 14 11 3 2 0 1437.54 3958.24 118.13 144.92 1319.41 3813.32
ynao_sd_19671004_0925_li 9 6 3 3 0 503.91 810.47 100.87 149.0 403.04 661.47
ynao_sd_19671008_0510_li 3 3 0 0 0 47.0 52.32 47.0 52.32 0 0
ynao_sd_19671009_0330_li 5 2 3 1 0 82.94 109.49 43.91 57.17 39.03 52.32
ynao_sd_19671010_0730_li 16 14 2 2 0 489.42 809.7 168.09 250.43 321.33 559.27
ynao_sd_19671012_0140_li 13 11 2 1 0 734.07 978.47 262.7 510.44 471.37 468.03
ynao_sd_19671013_0310_cheng 21 14 7 5 0 725.23 934.58 162.75 246.6 562.48 687.98
ynao_sd_19671014_0540_cheng 14 8 6 3 0 424.36 647.78 110.15 167.6 314.21 480.18
ynao_sd_19671016_0420_li 3 1 2 2 0 93.39 235.41 19.93 49.94 73.46 185.47
ynao_sd_19671017_0500_cheng 3 3 0 0 0 16.08 49.52 16.08 49.52 0 0
ynao_sd_19671018_0020_cheng 3 2 1 1 0 48.78 190.05 18.57 42.07 30.21 147.98
ynao_sd_19671019_0120_cheng 9 6 3 2 0 191.79 337.88 65.44 116.8 126.35 221.08
ynao_sd_19671020_0200_cheng 27 23 4 2 0 485.95 648.41 209.18 304.19 276.77 344.22
ynao_sd_19671023_0300_cheng 31 21 10 6 0 711.93 909.38 246.71 277.76 465.22 631.62
ynao_sd_19671026_0630_cheng 46 38 8 4 0 559.59 722.69 272.6 329.27 286.99 393.42
ynao_sd_19671027_0230_cheng 47 28 19 9 1 1527.16 2469.77 309.24 445.23 1217.92 2024.54
ynao_sd_19671028_0300_cheng 45 32 13 8 0 1845.38 3474.46 375.67 615.17 1469.71 2859.29
ynao_sd_19671029_0210_niu 38 25 13 7 0 2276.0 5338.92 299.82 585.79 1976.18 4753.13
ynao_sd_19671030_0050_cheng 15 9 6 4 0 748.84 925.98 139.37 166.94 609.47 759.04
ynao_sd_19671031_0135_cheng 17 9 8 4 0 737.88 849.23 155.47 180.85 582.41 668.38
ynao_sd_19671101_0125_li 8 2 6 4 0 669.91 752.74 118.73 136.41 551.18 616.33
ynao_sd_19671102_0350_li 15 9 6 3 0 561.78 642.68 137.99 188.41 423.79 454.27
ynao_sd_19671103_0625_cheng 10 6 4 3 0 554.87 727.03 108.09 156.51 446.78 570.52
ynao_sd_19671104_0230_cheng 10 7 3 2 0 499.27 820.0 116.24 201.97 383.03 618.03
ynao_sd_19671105_0320_li 1 0 1 1 0 354.35 491.51 41.93 58.22 312.42 433.29
ynao_sd_19671106_0033_li 4 3 1 1 0 262.41 437.63 58.2 80.44 204.21 357.19
ynao_sd_19671107_0110_cheng 2 1 1 1 0 162.46 426.69 29.4 66.38 133.06 360.31
ynao_sd_19671108_0033_li 3 2 1 1 0 50.61 211.45 16.25 42.98 34.36 168.47
ynao_sd_19671109_0100_li 0 0 0 0 0 0 0 0 0 0 0
ynao_sd_19671110_0140_li 2 1 1 1 0 80.4 199.44 16.06 27.98 64.34 171.46
ynao_sd_19671111_0020_cheng 7 5 2 1 0 143.15 264.41 36.33 66.28 106.82 198.13
ynao_sd_19671114_0740_li 15 4 11 8 0 1195.56 2242.76 164.7 342.08 1030.86 1900.68
ynao_sd_19671116_0055_li 17 5 12 7 0 1512.62 2082.74 225.18 306.04 1287.44 1776.7
ynao_sd_19671117_0610_li 26 14 12 5 0 1737.15 2008.82 353.62 409.59 1383.53 1599.23
ynao_sd_19671118_0850_cheng 42 30 12 5 0 1776.82 2687.91 402.77 508.46 1374.05 2179.45
ynao_sd_19671119_0320_li 23 13 10 4 0 1666.9 2466.51 355.72 530.7 1311.18 1935.81
ynao_sd_19671120_0430_li 18 8 10 7 0 2012.06 3223.12 345.27 564.9 1666.79 2658.22
ynao_sd_19671121_0150_li 12 1 11 7 0 2152.63 3240.15 252.98 391.91 1899.65 2848.24
ynao_sd_19671122_0050_li 25 4 21 6 0 2441.17 3590.27 375.11 585.62 2066.06 3004.65
ynao_sd_19671123_0100_li 24 9 15 5 0 2086.46 2683.69 360.09 464.64 1726.37 2219.05
ynao_sd_19671124_0120_li 16 5 11 8 0 1926.6 2599.32 272.37 356.23 1654.23 2243.09
ynao_sd_19671125_0040_cheng 38 23 15 5 0 1642.54 2294.86 367.86 489.3 1274.68 1805.56
ynao_sd_19671127_0055_li 25 11 14 5 0 1377.68 1626.28 200.42 244.1 1177.26 1382.18
ynao_sd_19671128_0108_li 23 9 14 7 0 1479.13 2123.85 259.92 394.32 1219.21 1729.53
ynao_sd_19671129_0100_li 20 12 8 7 0 906.4 1662.55 193.36 352.67 713.04 1309.88
ynao_sd_19671201_0220_li 7 2 5 3 0 139.31 446.45 60.63 184.09 78.68 262.36
ynao_sd_19671202_0030_cheng 12 11 1 1 0 150.83 487.68 79.73 200.38 71.1 287.3
ynao_sd_19671203_0225_li 9 8 1 1 0 182.78 383.9 90.4 202.15 92.38 181.75
ynao_sd_19671204_0055_li 8 6 2 2 0 272.41 444.16 82.75 145.7 189.66 298.46
ynao_sd_19671205_0205_li 4 1 3 2 0 201.05 253.04 26.8 33.36 174.25 219.68
ynao_sd_19671206_0020_cheng 15 11 4 2 0 286.53 342.1 93.06 128.77 193.47 213.33
ynao_sd_19671207_0100_li 18 13 5 3 0 570.29 715.85 144.85 227.56 425.44 488.29
ynao_sd_19671208_0210_cheng 25 18 7 6 0 515.76 675.49 149.98 195.64 365.78 479.85
ynao_sd_19671209_0130_li 17 10 7 5 0 647.25 752.72 127.56 145.63 519.69 607.09
ynao_sd_19671210_0140_zhou 8 5 3 4 0 527.94 627.49 93.44 107.66 434.5 519.83
ynao_sd_19671211_0150_zhou 11 8 3 3 0 458.87 687.0 118.57 156.22 340.3 530.78
ynao_sd_19671212_0155_zhou 8 5 3 3 0 498.72 747.43 153.92 225.82 344.8 521.61
ynao_sd_19671213_0205_zhou 11 9 2 3 0 478.53 799.68 130.24 249.27 348.29 550.41
ynao_sd_19671214_0310_zhou 15 13 2 2 0 316.98 420.15 148.61 234.21 168.37 185.94
ynao_sd_19671215_0210_zhou 19 18 1 4 0 396.63 880.07 148.48 313.59 248.15 566.48
ynao_sd_19671216_0140_cheng 47 32 15 7 0 963.69 1582.6 261.58 337.03 702.11 1245.57
ynao_sd_19671217_0225_zhou 35 26 9 7 0 1478.73 1935.56 381.93 443.25 1096.8 1492.31
ynao_sd_19671218_0210_zhou 43 24 19 14 0 2436.54 3000.77 475.74 574.65 1960.8 2426.12
ynao_sd_19671220_0200_zhou 33 14 19 13 0 3060.82 4158.5 463.21 655.82 2597.61 3502.68
ynao_sd_19671221_0155_zhou 27 13 14 8 0 2529.79 3940.2 560.59 1036.39 1969.2 2903.81
ynao_sd_19671222_0135_zhou 14 6 8 9 0 1820.68 3591.43 236.93 475.03 1583.75 3116.4
ynao_sd_19671223_0140_zhou 13 10 3 4 0 699.61 1665.47 249.99 801.14 449.62 864.33
ynao_sd_19671224_0135_zhou 5 4 1 1 0 387.9 508.66 88.35 118.81 299.55 389.85
ynao_sd_19671225_0210_zhou 2 1 1 1 0 246.19 379.6 38.02 55.82 208.17 323.78
ynao_sd_19671226_0150_zhou 4 3 1 1 0 190.24 388.89 39.2 72.19 151.04 316.7
ynao_sd_19671227_0155_zhou 1 1 0 0 0 16.14 16.91 16.14 16.91 0 0
ynao_sd_19671228_0155_zhou 0 0 0 0 0 0 0 0 0 0 0
ynao_sd_19671229_0150_zhou 0 0 0 0 0 0 0 0 0 0 0
ynao_sd_19671230_0145_zhou 0 0 0 0 0 0 0 0 0 0 0
ynao_sd_19671231_0150_zhou 0 0 0 0 0 0 0 0 0 0 0
