ynao_sd_19680102_0135_zhou 0 0 0 0 0 0 0 0 0 0 0
ynao_sd_19680103_0230_pang 0 0 0 0 0 0 0 0 0 0 0
ynao_sd_19680104_0255_pang 0 0 0 0 0 0 0 0 0 0 0
ynao_sd_19680105_0245_pang 0 0 0 0 0 0 0 0 0 0 0
ynao_sd_19680106_0235_zhou 0 0 0 0 0 0 0 0 0 0 0
ynao_sd_19680107_0210_zhou 0 0 0 0 0 0 0 0 0 0 0
ynao_sd_19680108_0350_xue 0 0 0 0 0 0 0 0 0 0 0
ynao_sd_19680109_0150_zhou 0 0 0 0 0 0 0 0 0 0 0
ynao_sd_19680110_0140_zhou 0 0 0 0 0 0 0 0 0 0 0
ynao_sd_19680111_0530_xue 0 0 0 0 0 0 0 0 0 0 0
ynao_sd_19680113_0450_xue 0 0 0 0 0 0 0 0 0 0 0
ynao_sd_19680114_0720_xue 0 0 0 0 0 0 0 0 0 0 0
ynao_sd_19680115_0205_zhou 0 0 0 0 0 0 0 0 0 0 0
ynao_sd_19680116_0150_zhou 0 0 0 0 0 0 0 0 0 0 0
ynao_sd_19680117_0320_xue 0 0 0 0 0 0 0 0 0 0 0
ynao_sd_19680121_0130_zhou 0 0 0 0 0 0 0 0 0 0 0
ynao_sd_19680122_0530_zhou 0 0 0 0 0 0 0 0 0 0 0
ynao_sd_19680124_0140_zhou 0 0 0 0 0 0 0 0 0 0 0
ynao_sd_19680125_0220_zhou 0 0 0 0 0 0 0 0 0 0 0
ynao_sd_19680129_0305_zhou 0 0 0 0 0 0 0 0 0 0 0
ynao_sd_19680130_0145_zhou 0 0 0 0 0 0 0 0 0 0 0
ynao_sd_19680131_0200_zhou 0 0 0 0 0 0 0 0 0 0 0
ynao_sd_19680202_0725_pang 0 0 0 0 0 0 0 0 0 0 0
ynao_sd_19680203_0225_zhou 0 0 0 0 0 0 0 0 0 0 0
ynao_sd_19680205_0335_pang 0 0 0 0 0 0 0 0 0 0 0
ynao_sd_19680206_0150_zhou 0 0 0 0 0 0 0 0 0 0 0
ynao_sd_19680207_0530_pang 0 0 0 0 0 0 0 0 0 0 0
ynao_sd_19680208_0330_pang 0 0 0 0 0 0 0 0 0 0 0
ynao_sd_19680209_0530_pang 0 0 0 0 0 0 0 0 0 0 0
ynao_sd_19680210_0330_pang 0 0 0 0 0 0 0 0 0 0 0
ynao_sd_19680211_0140_zhou 0 0 0 0 0 0 0 0 0 0 0
ynao_sd_19680212_0310_pang 0 0 0 0 0 0 0 0 0 0 0
ynao_sd_19680213_0140_zhou 0 0 0 0 0 0 0 0 0 0 0
ynao_sd_19680214_0205_zhou 0 0 0 0 0 0 0 0 0 0 0
ynao_sd_19680215_0230_zhou 0 0 0 0 0 0 0 0 0 0 0
ynao_sd_19680216_0230_xue 0 0 0 0 0 0 0 0 0 0 0
ynao_sd_19680217_0350_xue 0 0 0 0 0 0 0 0 0 0 0
ynao_sd_19680218_0350_xue 0 0 0 0 0 0 0 0 0 0 0
ynao_sd_19680219_0230_xue 0 0 0 0 0 0 0 0 0 0 0
ynao_sd_19680220_0310_xue 0 0 0 0 0 0 0 0 0 0 0
ynao_sd_19680221_0345_xue 0 0 0 0 0 0 0 0 0 0 0
ynao_sd_19680222_0330_xue 0 0 0 0 0 0 0 0 0 0 0
ynao_sd_19680223_0330_xue 0 0 0 0 0 0 0 0 0 0 0
ynao_sd_19680224_0345_xue 0 0 0 0 0 0 0 0 0 0 0
ynao_sd_19680225_0110_xue 0 0 0 0 0 0 0 0 0 0 0
ynao_sd_19680226_0130_zhou 0 0 0 0 0 0 0 0 0 0 0
ynao_sd_19680227_0200_zhou 0 0 0 0 0 0 0 0 0 0 0
ynao_sd_19680228_0610_pang 0 0 0 0 0 0 0 0 0 0 0
ynao_sd_19680301_0150_chen 0 0 0 0 0 0 0 0 0 0 0
ynao_sd_19680302_0800_chen 33 18 15 5 0 736.64 1202.75 165.11 231.35 571.53 971.4
ynao_sd_19680303_0500_chen 22 11 11 5 0 551.0 1035.7 115.0 178.81 436.0 856.89
ynao_sd_19680304_0030_chen 17 17 0 0 0 125.42 179.48 125.42 179.48 0 0
ynao_sd_19680307_0800_chen 2 2 0 0 0 12.61 14.61 12.61 14.61 0 0
ynao_sd_19680308_0115_chen 1 1 0 0 0 12.08 15.88 12.08 15.88 0 0
ynao_sd_19680309_0210_chen 7 7 0 0 0 51.04 60.9 51.04 60.9 0 0
ynao_sd_19680310_0110_chen 12 7 5 3 0 154.59 173.12 48.34 54.24 106.25 118.88
ynao_sd_19680311_0110_chen 12 10 2 2 0 203.7 433.04 78.43 114.52 125.27 318.52
ynao_sd_19680314_0830_chen 5 2 3 2 0 403.27 566.44 64.66 89.75 338.61 476.69
ynao_sd_19680315_0120_chen 3 0 3 2 0 407.1 517.1 57.15 73.06 349.95 444.04
ynao_sd_19680316_0110_chen 9 1 8 3 0 1089.66 1558.25 131.64 184.41 958.02 1373.84
ynao_sd_19680317_0230_chen 22 6 16 6 0 1142.48 1447.69 250.02 333.53 892.46 1114.16
ynao_sd_19680318_0120_chen 21 8 13 6 0 1277.96 1527.2 199.29 235.17 1078.67 1292.03
ynao_sd_19680319_0020_chen 16 8 8 4 0 1128.06 1348.79 197.99 235.35 930.07 1113.44
ynao_sd_19680323_0330_chen 22 12 10 6 0 875.55 1520.64 205.34 351.14 670.21 1169.5
ynao_sd_19680324_0330_chen 27 20 7 4 0 516.27 1028.89 175.55 326.36 340.72 702.53
ynao_sd_19680325_0455_chen 20 14 6 5 0 513.76 1099.74 131.53 222.48 382.23 877.26
ynao_sd_19680326_0250_chen 28 13 15 7 0 827.09 1304.05 160.19 259.38 666.9 1044.67
ynao_sd_19680327_0055_li 22 9 13 5 0 860.22 1228.87 133.73 207.68 726.49 1021.19
ynao_sd_19680331_0240_li 13 6 7 3 0 817.92 920.62 134.3 161.39 683.62 759.23
ynao_sd_19680401_0130_chen 14 8 6 2 0 604.28 718.81 151.55 193.6 452.73 525.21
ynao_sd_19680402_0145_chen 12 7 5 2 0 391.78 517.48 85.35 115.83 306.43 401.65
ynao_sd_19680403_0150_chen 11 8 3 3 0 197.8 305.24 50.16 71.46 147.64 233.78
ynao_sd_19680407_0030_li 6 4 2 2 0 379.42 526.34 270.87 365.03 108.55 161.31
ynao_sd_19680408_0110_chen 9 5 4 3 0 210.63 450.85 57.74 107.38 152.89 343.47
ynao_sd_19680409_0200_chen 10 4 6 3 0 352.48 880.61 89.07 257.43 263.41 623.18
ynao_sd_19680410_0045_li 13 7 6 5 0 688.63 1467.87 118.53 215.25 570.1 1252.62
ynao_sd_19680414_0040_li 14 4 10 8 0 1582.28 1962.69 251.54 316.42 1330.74 1646.27
ynao_sd_19680415_0025_li 15 7 8 8 0 1537.44 1865.77 253.51 320.46 1283.93 1545.31
ynao_sd_19680416_0030_li 15 8 7 6 0 1467.84 1806.14 321.4 401.59 1146.44 1404.55
ynao_sd_19680417_0800_li 17 13 4 4 0 1159.83 1521.92 243.64 335.89 916.19 1186.03
ynao_sd_19680418_0105_li 14 10 4 3 0 949.15 1308.36 178.33 245.88 770.82 1062.48
ynao_sd_19680419_0040_li 5 2 3 2 0 792.49 1297.79 110.41 180.87 682.08 1116.92
ynao_sd_19680421_0045_li 8 6 2 2 0 330.94 837.53 73.96 162.39 256.98 675.14
ynao_sd_19680423_0520_chen 3 3 0 1 0 66.77 248.25 21.05 26.1 45.72 222.15
ynao_sd_19680429_0520_li 12 11 1 1 0 109.69 159.49 61.61 76.7 48.08 82.79
ynao_sd_19680430_0440_chen 11 10 1 1 0 153.05 362.89 100.34 290.92 52.71 71.97
ynao_sd_19680501_0100_chen 33 26 7 7 0 552.9 1223.28 197.46 343.29 355.44 879.99
ynao_sd_19680502_0400_chen 53 29 24 14 0 1026.95 1538.3 286.01 486.4 740.94 1051.9
ynao_sd_19680503_0030_chen 59 33 26 12 0 1314.49 1983.55 285.29 380.43 1029.2 1603.12
ynao_sd_19680504_0050_chen 45 24 21 9 0 1578.59 2251.4 321.69 415.33 1256.9 1836.07
ynao_sd_19680505_0010_chen 39 23 16 8 0 1234.39 1647.37 243.69 323.62 990.7 1323.75
ynao_sd_19680508_0500_chen 38 24 14 6 0 1074.64 1402.23 243.72 288.94 830.92 1113.29
ynao_sd_19680509_0930_chen 29 18 11 5 0 691.47 950.56 167.04 209.28 524.43 741.28
ynao_sd_19680510_0730_chen 38 30 8 5 0 837.71 1072.69 264.88 365.58 572.83 707.11
ynao_sd_19680511_0130_chen 27 14 13 6 0 745.63 940.02 169.4 234.28 576.23 705.74
ynao_sd_19680513_0020_chen 32 22 10 5 0 564.47 711.69 173.23 239.34 391.24 472.35
ynao_sd_19680516_0330_chen 7 5 2 1 0 84.92 120.31 24.27 30.04 60.65 90.27
ynao_sd_19680517_0040_chen 9 4 5 3 0 352.88 1220.17 57.05 144.15 295.83 1076.02
ynao_sd_19680518_0440_chen 24 13 11 6 0 769.07 1466.89 202.98 431.81 566.09 1035.08
ynao_sd_19680519_0030_chen 31 22 9 7 0 865.16 1481.32 204.2 342.3 660.96 1139.02
ynao_sd_19680520_0310_chen 39 30 9 5 0 1128.35 1556.82 362.59 496.4 765.76 1060.42
ynao_sd_19680521_0005_chen 29 23 6 3 0 1072.25 1320.67 299.9 395.55 772.35 925.12
ynao_sd_19680524_0600_chen 31 26 5 3 0 1282.05 1501.09 279.58 342.39 1002.47 1158.7
ynao_sd_19680525_0500_chen 27 20 7 5 0 987.09 1297.36 312.51 400.09 674.58 897.27
ynao_sd_19680526_0030_chen 21 15 6 4 0 974.0 1429.01 276.22 430.6 697.78 998.41
ynao_sd_19680528_0450_chen 19 14 5 4 0 590.48 1154.39 134.21 236.33 456.27 918.06
ynao_sd_19680602_0930_chen 24 19 5 3 0 359.73 478.58 205.23 276.84 154.5 201.74
ynao_sd_19680603_0145_chen 15 9 6 4 0 357.55 515.98 83.45 106.85 274.1 409.13
ynao_sd_19680604_0025_chen 20 14 6 3 0 365.92 510.06 143.02 234.18 222.9 275.88
ynao_sd_19680606_0030_chen 13 8 5 4 0 227.2 269.1 63.53 76.76 163.67 192.34
ynao_sd_19680616_0600_chen 11 6 5 3 0 433.11 715.19 86.34 138.25 346.77 576.94
ynao_sd_19680620_0800_chen 33 4 29 4 0 2733.7 2816.07 344.8 359.56 2388.9 2456.51
ynao_sd_19680627_0800_chen 22 17 5 1 0 865.88 898.23 163.36 180.69 702.52 717.54
ynao_sd_19680628_0300_chen 32 19 13 7 0 1122.07 1196.23 190.41 207.58 931.66 988.65
ynao_sd_19680629_0910_chen 21 12 9 4 0 869.99 1041.39 100.62 118.72 769.37 922.67
ynao_sd_19680630_0840_chen 23 10 13 3 0 666.5 912.31 120.32 162.22 546.18 750.09
ynao_sd_19680705_0150_chen 4 2 2 1 0 94.74 433.83 32.45 184.09 62.29 249.74
ynao_sd_19680706_0810_chen 9 3 6 2 0 514.23 1742.02 78.7 207.99 435.53 1534.03
ynao_sd_19680721_0420_chen 24 19 5 5 0 272.97 371.52 123.85 163.92 149.12 207.6
ynao_sd_19680722_0140_chen 19 14 5 3 0 287.7 446.73 104.29 139.29 183.41 307.44
ynao_sd_19680723_0300_chen 15 15 0 0 0 82.95 117.05 82.95 117.05 0 0
ynao_sd_19680724_0300_chen 8 8 0 0 0 43.99 79.52 43.99 79.52 0 0
ynao_sd_19680730_0645_chen 50 31 19 10 0 985.46 1201.0 292.87 370.47 692.59 830.53
ynao_sd_19680801_0510_chen 45 37 8 3 1 720.12 785.34 259.01 290.32 461.11 495.02
ynao_sd_19680805_0850_chen 17 11 6 3 0 919.44 1526.11 241.07 397.63 678.37 1128.48
ynao_sd_19680806_0920_chen 24 17 7 2 0 1006.72 1185.47 243.18 284.21 763.54 901.26
ynao_sd_19680817_0510_chen 9 6 3 1 0 546.34 645.81 125.17 156.52 421.17 489.29
ynao_sd_19680818_0450_chen 14 12 2 1 0 522.24 600.31 111.91 170.29 410.33 430.02
ynao_sd_19680820_0120_chen 5 2 3 2 0 543.29 592.94 134.51 177.0 408.78 415.94
ynao_sd_19680821_0150_chen 7 4 3 2 0 518.39 594.28 106.42 155.77 411.97 438.51
ynao_sd_19680827_0720_chen 5 5 0 0 0 46.75 108.89 46.75 108.89 0 0
ynao_sd_19680828_0620_chen 2 2 0 0 0 16.24 61.14 16.24 61.14 0 0
ynao_sd_19680902_0655_chen 15 9 6 1 0 500.11 510.01 116.61 122.51 383.5 387.5
ynao_sd_19680906_0120_chen 3 2 1 1 0 334.35 457.82 60.29 85.59 274.06 372.23
ynao_sd_19680909_0455_chen 10 10 0 0 0 63.93 175.8 63.93 175.8 0 0
ynao_sd_19680910_0450_chen 2 1 1 1 0 78.67 214.17 19.74 38.28 58.93 175.89
ynao_sd_19680911_0805_chen 5 3 2 2 0 218.62 377.82 38.55 68.76 180.07 309.06
ynao_sd_19680913_0840_chen 10 9 1 2 0 873.07 1032.56 78.88 119.37 794.19 913.19
ynao_sd_19680914_0230_chen 7 4 3 2 0 221.57 242.72 54.9 67.15 166.67 175.57
ynao_sd_19680915_0230_li 8 6 2 1 0 223.75 240.37 75.08 92.42 148.67 147.95
ynao_sd_19680916_0640_chen 14 12 2 2 0 307.56 481.61 102.14 140.1 205.42 341.51
ynao_sd_19680917_0825_chen 8 5 3 2 0 275.58 378.86 67.83 85.64 207.75 293.22
ynao_sd_19680918_0710_li 7 5 2 2 0 315.97 484.96 74.97 154.47 241.0 330.49
ynao_sd_19680919_0640_chen 7 2 5 4 0 448.8 1228.98 79.06 170.23 369.74 1058.75
ynao_sd_19680923_0145_li 25 12 13 5 0 1047.54 1311.38 172.72 238.07 874.82 1073.31
ynao_sd_19681003_0640_chen 30 28 2 1 0 389.03 596.25 216.11 349.12 172.92 247.13
ynao_sd_19681004_0240_li 31 21 10 5 0 717.31 1042.85 294.76 432.32 422.55 610.53
ynao_sd_19681005_0520_li 48 41 7 7 0 757.76 1003.4 376.44 446.29 381.32 557.11
ynao_sd_19681006_0230_li 39 31 8 6 0 740.64 923.23 282.42 330.36 458.22 592.87
ynao_sd_19681007_0115_li 43 35 8 4 0 889.85 928.18 307.53 336.97 582.32 591.21
ynao_sd_19681008_0140_chen 51 48 3 2 0 595.4 675.28 287.12 334.98 308.28 340.3
ynao_sd_19681009_0410_li 22 18 4 2 0 588.94 748.35 168.6 202.01 420.34 546.34
ynao_sd_19681011_0340_chen 8 6 2 1 0 208.02 488.01 62.01 121.18 146.01 366.83
ynao_sd_19681014_0850_li 17 13 4 2 0 512.96 710.77 144.92 219.18 368.04 491.59
ynao_sd_19681016_0110_li 21 17 4 2 0 756.59 808.09 216.27 234.26 540.32 573.83
ynao_sd_19681017_0140_chen 29 24 5 3 0 609.82 954.14 189.17 229.97 420.65 724.17
ynao_sd_19681020_0930_li 36 17 19 8 0 1643.21 2154.6 297.35 418.52 1345.86 1736.08
ynao_sd_19681021_0250_li 41 17 24 4 0 1989.44 2412.45 302.06 383.28 1687.38 2029.17
ynao_sd_19681030_0220_li 5 4 1 1 0 109.79 128.36 31.12 36.24 78.67 92.12
ynao_sd_19681031_0640_chen 8 7 1 1 0 105.44 130.5 50.17 73.35 55.27 57.15
ynao_sd_19681101_0050_chen 8 7 1 2 0 191.65 622.58 60.23 83.5 131.42 539.08
ynao_sd_19681102_0110_li 3 0 3 2 0 250.43 555.66 27.88 57.9 222.55 497.76
ynao_sd_19681103_0020_li 4 1 3 2 0 293.84 486.27 34.77 53.98 259.07 432.29
ynao_sd_19681104_0140_li 3 1 2 2 0 431.35 581.09 76.59 100.69 354.76 480.4
ynao_sd_19681105_0415_li 5 2 3 2 0 464.36 563.64 128.13 171.95 336.23 391.69
ynao_sd_19681106_0230_li 5 4 1 1 0 440.84 600.82 116.16 262.48 324.68 338.34
ynao_sd_19681107_0040_li 6 4 2 2 0 458.87 518.38 85.56 109.27 373.31 409.11
ynao_sd_19681108_0112_li 20 9 11 3 0 724.4 940.79 156.96 225.76 567.44 715.03
ynao_sd_19681109_0300_li 19 7 12 3 0 1426.96 1759.83 225.44 285.94 1201.52 1473.89
ynao_sd_19681111_0140_li 11 1 10 4 0 1555.44 1864.94 99.27 136.03 1456.17 1728.91
ynao_sd_19681112_0120_li 15 3 12 4 0 1382.61 1665.07 230.06 262.28 1152.55 1402.79
ynao_sd_19681113_0130_chen 17 2 15 3 0 1658.06 1944.94 180.25 217.35 1477.81 1727.59
ynao_sd_19681115_0710_chen 24 14 10 2 0 1172.07 1661.26 220.22 318.38 951.85 1342.88
ynao_sd_19681116_0410_li 23 12 11 3 0 748.54 1273.38 155.32 252.72 593.22 1020.66
ynao_sd_19681117_0240_li 19 6 13 4 0 934.6 1829.33 148.18 265.53 786.42 1563.8
ynao_sd_19681118_0110_li 17 10 7 2 0 1007.75 1976.76 156.5 211.72 851.25 1765.04
ynao_sd_19681119_0240_chen 37 29 8 2 0 1061.08 1129.77 271.36 324.22 789.72 805.55
ynao_sd_19681120_0130_li 22 4 18 5 0 1076.68 1230.47 113.65 141.31 963.03 1089.16
ynao_sd_19681121_0120_chen 23 16 7 4 0 576.4 666.92 143.13 208.23 433.27 458.69
ynao_sd_19681122_0110_li 15 10 5 2 0 326.55 396.63 91.48 119.44 235.07 277.19
ynao_sd_19681123_0105_li 9 6 3 1 0 169.6 233.67 61.09 83.42 108.51 150.25
ynao_sd_19681124_0050_li 6 6 0 0 0 31.74 55.71 31.74 55.71 0 0
ynao_sd_19681126_0630_chen 0 0 0 0 0 0 0 0 0 0 0
ynao_sd_19681129_0615_chen 0 0 0 0 0 0 0 0 0 0 0
ynao_sd_19681130_0630_li 1 1 0 0 0 9.21 27.1 9.21 27.1 0 0
ynao_sd_19681201_0110_li 5 4 1 1 0 114.7 237.82 32.73 76.51 81.97 161.31
ynao_sd_19681202_0055_li 11 5 6 4 0 488.95 789.84 76.04 125.39 412.91 664.45
ynao_sd_19681203_0130_chen 21 10 11 2 0 989.58 1449.48 157.46 365.04 832.12 1084.44
ynao_sd_19681204_0140_li 27 18 9 4 0 1213.17 1632.07 199.19 252.5 1013.98 1379.57
ynao_sd_19681205_0130_li 22 10 12 8 0 1432.04 1599.2 241.88 267.66 1190.16 1331.54
ynao_sd_19681206_0130_li 43 29 14 10 0 1685.07 1819.61 320.06 338.02 1365.01 1481.59
ynao_sd_19681207_0120_li 45 25 20 8 0 1533.93 1680.46 338.29 367.18 1195.64 1313.28
ynao_sd_19681208_0045_li 36 18 18 9 0 1670.75 1934.77 285.43 333.36 1385.32 1601.41
ynao_sd_19681209_0120_li 34 16 18 13 0 1904.6 2546.6 257.62 344.75 1646.98 2201.85
ynao_sd_19681210_0120_li 26 12 14 10 0 1505.46 2563.94 217.77 369.57 1287.69 2194.37
ynao_sd_19681211_0120_li 23 16 7 5 0 1016.99 2446.01 157.69 354.33 859.3 2091.68
ynao_sd_19681212_0250_li 6 3 3 3 0 305.32 859.62 36.77 74.36 268.55 785.26
ynao_sd_19681213_0120_li 6 5 1 1 0 80.48 135.56 32.26 60.47 48.22 75.09
ynao_sd_19681214_0120_li 2 1 1 1 0 35.33 59.22 20.41 27.32 14.92 31.9
ynao_sd_19681215_0050_li 8 8 0 0 0 47.43 67.46 47.43 67.46 0 0
ynao_sd_19681217_0130_li 15 13 2 1 0 132.44 256.67 87.14 172.47 45.3 84.2
ynao_sd_19681218_0215_li 15 11 4 1 0 182.33 537.93 112.58 281.78 69.75 256.15
ynao_sd_19681219_0130_li 7 7 0 0 0 54.9 134.13 54.9 134.13 0 0
ynao_sd_19681220_0140_chen 6 6 0 0 0 42.84 53.56 42.84 53.56 0 0
ynao_sd_19681221_0105_li 4 4 0 0 0 29.62 43.64 29.62 43.64 0 0
ynao_sd_19681223_0300_li 27 15 12 5 0 710.64 1500.42 187.52 356.26 523.12 1144.16
ynao_sd_19681224_0210_li 18 10 8 5 0 857.22 1363.03 138.55 212.45 718.67 1150.58
ynao_sd_19681225_0110_chen 23 15 8 4 0 597.98 769.36 134.59 171.98 463.39 597.38
ynao_sd_19681226_0120_li 23 14 9 6 0 669.79 775.57 185.04 211.26 484.75 564.31
ynao_sd_19681227_0500_li 45 31 14 8 0 1660.76 1956.89 307.14 352.1 1353.62 1604.79
ynao_sd_19681228_0230_li 37 22 15 6 0 1566.93 1847.95 292.68 334.36 1274.25 1513.59
ynao_sd_19681229_0100_li 32 18 14 6 0 1564.21 1873.02 265.17 316.85 1299.04 1556.17
ynao_sd_19681230_0150_li 41 21 20 6 0 1583.51 2068.55 325.95 441.61 1257.56 1626.94
ynao_sd_19681231_0055_li 16 3 13 7 0 1256.73 1805.06 174.6 260.61 1082.13 1544.45
