ynao_sd_19690101_0110_li 11 3 8 5 0 957.95 1687.36 118.69 199.73 839.26 1487.63
ynao_sd_19690102_0200_li 10 4 6 3 0 432.86 758.2 87.72 146.98 345.14 611.22
ynao_sd_19690103_0200_li 8 2 6 2 0 420.87 1074.87 85.69 246.74 335.18 828.13
ynao_sd_19690104_0200_li 13 2 11 5 0 1011.12 2013.68 142.77 270.91 868.35 1742.77
ynao_sd_19690105_0045_li 18 6 12 9 0 1251.09 2309.21 194.3 347.85 1056.79 1961.36
ynao_sd_19690106_0620_li 27 8 19 10 0 1825.46 2653.72 273.86 384.59 1551.6 2269.13
ynao_sd_19690107_0440_li 19 8 11 7 0 2186.65 2783.19 293.54 368.52 1893.11 2414.67
ynao_sd_19690108_0320_li 27 17 10 5 0 2132.32 2408.51 368.57 411.64 1763.75 1996.87
ynao_sd_19690110_0130_cheng 29 14 15 5 0 1553.85 1699.48 230.67 254.05 1323.18 1445.43
ynao_sd_19690111_0050_cheng 25 11 14 5 0 1302.84 1495.79 223.64 261.63 1079.2 1234.16
ynao_sd_19690113_0140_cheng 15 3 12 5 0 707.45 1054.53 86.09 129.58 621.36 924.95
ynao_sd_19690114_0250_cheng 10 2 8 6 0 594.58 1406.22 70.44 149.93 524.14 1256.29
ynao_sd_19690116_0130_cheng 12 5 7 5 0 545.98 1157.53 88.35 179.8 457.63 977.73
ynao_sd_19690117_0120_cheng 12 8 4 3 0 511.83 986.4 139.41 351.38 372.42 635.02
ynao_sd_19690118_0120_cheng 16 13 3 3 0 516.92 945.13 140.82 245.01 376.1 700.12
ynao_sd_19690120_0630_cheng 18 15 3 3 0 708.98 859.65 175.46 210.23 533.52 649.42
ynao_sd_19690121_0130_cheng 24 20 4 3 0 695.5 826.29 176.86 222.3 518.64 603.99
ynao_sd_19690122_0120_cheng 27 24 3 3 0 626.97 723.17 218.08 251.69 408.89 471.48
ynao_sd_19690123_0100_cheng 29 24 5 3 0 645.74 784.76 249.39 303.73 396.35 481.03
ynao_sd_19690124_0110_cheng 27 22 5 3 0 456.06 610.91 163.05 199.02 293.01 411.89
ynao_sd_19690125_0130_cheng 40 28 12 5 0 733.99 930.09 240.23 304.53 493.76 625.56
ynao_sd_19690127_0220_cheng 36 22 14 5 0 1107.72 1329.41 279.99 394.48 827.73 934.93
ynao_sd_19690128_0240_cheng 24 13 11 6 0 680.69 997.73 136.0 223.26 544.69 774.47
ynao_sd_19690129_0130_cheng 28 15 13 8 0 568.77 987.08 131.58 237.96 437.19 749.12
ynao_sd_19690208_0710_cheng 29 23 6 3 0 911.87 1144.42 208.04 245.5 703.83 898.92
ynao_sd_19690209_0610_cheng 16 11 5 3 0 693.2 1013.38 159.41 205.99 533.79 807.39
ynao_sd_19690210_0140_niu 22 16 6 3 0 1713.29 2496.48 201.04 328.85 1512.25 2167.63
ynao_sd_19690211_0450_li 3 2 1 1 0 148.84 495.22 24.5 59.99 124.34 435.23
ynao_sd_19690212_0620_niu 8 2 6 1 0 82.82 188.71 31.39 66.07 51.43 122.64
ynao_sd_19690214_0630_niu 16 11 5 3 0 434.08 473.32 102.93 111.98 331.15 361.34
ynao_sd_19690215_0105_li 12 9 3 2 0 378.41 431.3 70.94 79.82 307.47 351.48
ynao_sd_19690216_0310_li 8 3 5 2 0 265.47 335.85 48.55 60.83 216.92 275.02
ynao_sd_19690218_0200_li 14 9 5 4 0 187.19 405.15 62.28 113.59 124.91 291.56
ynao_sd_19690219_0130_li 18 10 8 4 0 416.48 738.39 80.93 147.73 335.55 590.66
ynao_sd_19690220_0200_li 29 20 9 5 0 620.06 863.36 197.94 279.59 422.12 583.77
ynao_sd_19690221_0105_li 46 32 14 8 0 625.86 793.42 220.27 287.68 405.59 505.74
ynao_sd_19690222_0130_li 83 65 18 10 0 973.17 1136.31 372.51 425.02 600.66 711.29
ynao_sd_19690223_0230_li 66 41 25 8 0 1433.7 1566.04 401.67 440.65 1032.03 1125.39
ynao_sd_19690224_0115_li 87 58 29 10 0 2010.22 2322.74 490.27 555.41 1519.95 1767.33
ynao_sd_19690226_0115_li 33 20 13 5 0 932.07 1418.0 193.48 365.69 738.59 1052.31
ynao_sd_19690228_0115_li 21 12 9 4 0 396.73 857.39 108.52 258.74 288.21 598.65
ynao_sd_19690301_0120_li 6 3 3 3 0 287.15 515.09 38.91 73.08 248.24 442.01
ynao_sd_19690304_0230_niu 23 20 3 3 0 413.59 482.01 192.1 248.49 221.49 233.52
ynao_sd_19690305_0220_niu 21 17 4 3 0 498.33 646.35 210.39 333.53 287.94 312.82
ynao_sd_19690307_0140_li 24 20 4 3 0 336.36 465.22 121.59 145.69 214.77 319.53
ynao_sd_19690308_0200_li 32 26 6 7 0 664.93 880.44 165.76 203.5 499.17 676.94
ynao_sd_19690309_0150_li 25 18 7 6 0 874.77 1137.77 171.36 228.96 703.41 908.81
ynao_sd_19690310_0130_li 42 30 12 6 0 957.79 1372.37 225.84 335.39 731.95 1036.98
ynao_sd_19690311_0147_li 24 20 4 4 0 704.01 1047.45 174.75 283.78 529.26 763.67
ynao_sd_19690313_0210_li 10 5 5 4 0 465.0 873.96 113.03 331.73 351.97 542.23
ynao_sd_19690314_0130_li 9 3 6 3 0 461.38 886.53 83.98 156.22 377.4 730.31
ynao_sd_19690315_0210_li 19 12 7 4 0 681.24 1362.27 150.63 308.76 530.61 1053.51
ynao_sd_19690318_0120_li 57 34 23 12 0 2443.67 3875.4 467.84 726.08 1975.83 3149.32
ynao_sd_19690319_0130_li 59 39 20 13 0 2538.5 3420.01 502.6 681.32 2035.9 2738.69
ynao_sd_19690320_0230_li 68 45 23 13 0 2990.49 3599.39 593.19 721.24 2397.3 2878.15
ynao_sd_19690321_0210_li 67 32 35 12 0 3395.12 3942.51 722.08 892.72 2673.04 3049.79
ynao_sd_19690322_0220_li 74 38 36 9 0 3805.46 4323.46 647.85 736.47 3157.61 3586.99
ynao_sd_19690324_0150_li 46 15 31 7 0 2817.44 3773.22 464.91 624.94 2352.53 3148.28
ynao_sd_19690325_0230_niu 42 18 24 7 0 2371.46 3732.2 388.72 659.28 1982.74 3072.92
ynao_sd_19690326_0145_gong 26 16 10 5 0 3323.5 5822.72 304.27 644.05 3019.23 5178.67
ynao_sd_19690328_0240_niu 22 9 13 5 0 2410.1 7335.64 275.06 760.9 2135.04 6574.74
ynao_sd_19690329_0140_niu 41 24 17 5 0 2272.82 4968.9 386.03 769.9 1886.79 4199.0
ynao_sd_19690330_0205_li 45 16 29 11 0 2818.33 4506.84 449.42 694.22 2368.91 3812.62
ynao_sd_19690331_0500_li 83 46 37 9 0 3297.07 4299.53 596.69 753.37 2700.38 3546.16
ynao_sd_19690401_0140_li 87 41 46 14 0 3953.98 4598.4 612.9 714.69 3341.08 3883.71
ynao_sd_19690402_0140_li 60 23 37 11 0 3617.01 3958.44 494.32 553.57 3122.69 3404.87
ynao_sd_19690403_0340_li 77 47 30 11 0 3927.1 5078.17 616.14 759.18 3310.96 4318.99
ynao_sd_19690407_0430_li 29 14 15 8 0 1686.69 2567.29 235.81 356.24 1450.88 2211.05
ynao_sd_19690408_0340_niu 32 20 12 4 0 1382.72 2205.18 243.26 398.93 1139.46 1806.25
ynao_sd_19690410_0130_li 7 3 4 1 0 700.68 800.38 118.95 177.42 581.73 622.96
ynao_sd_19690411_0145_cheng 10 3 7 3 0 684.13 961.33 121.53 168.39 562.6 792.94
ynao_sd_19690412_0155_cheng 10 4 6 3 0 629.09 1015.13 111.64 190.46 517.45 824.67
ynao_sd_19690413_0045_cheng 18 6 12 6 0 710.12 1303.39 107.09 180.12 603.03 1123.27
ynao_sd_19690414_0145_cheng 31 13 18 9 0 1057.67 1765.55 186.39 320.96 871.28 1444.59
ynao_sd_19690416_0140_cheng 44 33 11 7 0 782.88 934.65 257.5 296.55 525.38 638.1
ynao_sd_19690418_0035_cheng 42 34 8 4 0 893.17 981.06 229.39 252.32 663.78 728.74
ynao_sd_19690419_0045_cheng 28 18 10 4 0 766.11 869.56 170.94 193.24 595.17 676.32
ynao_sd_19690420_0030_cheng 24 15 9 4 0 825.61 984.83 177.47 212.08 648.14 772.75
ynao_sd_19690421_0020_cheng 27 19 8 3 0 908.69 1164.02 204.05 268.08 704.64 895.94
ynao_sd_19690422_0125_cheng 15 3 12 4 0 878.88 1391.17 113.49 187.23 765.39 1203.94
ynao_sd_19690423_0052_li 19 16 3 1 0 296.06 492.6 110.73 178.46 185.33 314.14
ynao_sd_19690424_0115_li 11 9 2 2 0 186.39 671.6 72.61 185.11 113.78 486.49
ynao_sd_19690425_0125_cheng 15 13 2 1 0 326.28 776.12 85.73 202.09 240.55 574.03
ynao_sd_19690426_0040_cheng 19 17 2 1 0 398.7 638.72 117.83 169.64 280.87 469.08
ynao_sd_19690427_0150_cheng 25 21 4 2 0 598.64 756.31 185.2 224.67 413.44 531.64
ynao_sd_19690428_0105_cheng 40 36 4 2 0 565.96 644.81 218.63 248.42 347.33 396.39
ynao_sd_19690429_0105_cheng 28 22 6 2 0 528.26 586.44 162.53 204.06 365.73 382.38
ynao_sd_19690430_0115_cheng 18 15 3 2 0 448.83 538.94 126.64 190.3 322.19 348.64
ynao_sd_19690501_0030_cheng 29 19 10 5 0 538.63 652.61 161.49 189.75 377.14 462.86
ynao_sd_19690502_0030_cheng 22 12 10 3 0 869.02 1008.52 270.94 306.35 598.08 702.17
ynao_sd_19690503_0115_cheng 14 3 11 3 0 561.97 737.53 90.4 116.91 471.57 620.62
ynao_sd_19690504_0120_cheng 9 2 7 2 0 386.74 624.86 55.78 81.72 330.96 543.14
ynao_sd_19690505_0125_cheng 9 2 7 2 0 237.49 527.91 41.42 78.87 196.07 449.04
ynao_sd_19690506_0140_cheng 3 2 1 1 0 31.81 33.99 13.56 15.4 18.25 18.59
ynao_sd_19690507_0625_cheng 0 0 0 0 0 0 0 0 0 0 0
ynao_sd_19690508_0100_cheng 0 0 0 0 0 0 0 0 0 0 0
ynao_sd_19690509_0115_cheng 1 1 0 0 0 7.14 19.03 7.14 19.03 0 0
ynao_sd_19690510_0125_cheng 1 1 0 0 0 7.56 13.0 7.56 13.0 0 0
ynao_sd_19690511_0100_cheng 16 15 1 1 0 137.95 218.66 114.29 182.0 23.66 36.66
ynao_sd_19690512_0240_cheng 37 34 3 3 0 468.57 617.48 226.38 305.95 242.19 311.53
ynao_sd_19690513_0135_cheng 36 32 4 3 0 537.1 632.08 243.3 292.45 293.8 339.63
ynao_sd_19690514_0105_cheng 43 41 2 1 0 525.26 566.61 243.08 264.65 282.18 301.96
ynao_sd_19690515_0105_cheng 45 36 9 6 0 777.32 845.5 268.9 293.9 508.42 551.6
ynao_sd_19690516_0135_cheng 40 30 10 3 0 715.0 846.88 225.47 264.91 489.53 581.97
ynao_sd_19690518_0235_cheng 33 25 8 3 0 573.93 965.15 207.56 317.87 366.37 647.28
ynao_sd_19690519_0125_cheng 12 7 5 2 0 296.3 754.38 115.29 261.87 181.01 492.51
ynao_sd_19690520_0245_cheng 18 8 10 4 0 1264.06 2669.63 199.58 472.99 1064.48 2196.64
ynao_sd_19690521_0210_cheng 39 31 8 4 0 577.93 1011.45 238.01 517.59 339.92 493.86
ynao_sd_19690522_0110_cheng 46 35 11 6 0 876.1 1120.36 275.88 355.09 600.22 765.27
ynao_sd_19690523_0315_cheng 45 23 22 10 0 1089.09 1236.53 281.02 312.94 808.07 923.59
ynao_sd_19690524_0840_cheng 58 43 15 6 0 941.97 998.23 309.59 338.91 632.38 659.32
ynao_sd_19690525_0525_cheng 37 24 13 6 0 810.54 886.7 229.54 255.73 581.0 630.97
ynao_sd_19690527_0950_cheng 13 5 8 6 0 474.76 735.2 80.63 120.13 394.13 615.07
ynao_sd_19690528_0710_cheng 18 11 7 5 0 494.2 772.97 111.86 177.29 382.34 595.68
ynao_sd_19690529_0240_cheng 17 12 5 4 0 396.89 617.27 98.62 152.48 298.27 464.79
ynao_sd_19690530_0110_cheng 10 7 3 1 0 278.86 355.95 78.24 131.18 200.62 224.77
ynao_sd_19690531_0120_cheng 6 3 3 1 0 185.46 192.49 35.45 37.06 150.01 155.43
ynao_sd_19690601_0215_cheng 3 0 3 1 0 242.49 245.1 29.41 29.72 213.08 215.38
ynao_sd_19690602_0220_cheng 6 2 4 1 0 161.69 213.77 44.43 92.02 117.26 121.75
ynao_sd_19690603_0020_cheng 5 4 1 1 0 193.02 379.19 71.31 243.87 121.71 135.32
ynao_sd_19690604_0040_cheng 14 10 4 3 0 237.81 498.44 72.02 143.19 165.79 355.25
ynao_sd_19690606_0335_cheng 35 23 12 6 0 1492.22 3079.62 305.86 540.05 1186.36 2539.57
ynao_sd_19690607_0640_cheng 66 44 22 8 0 2456.73 3435.39 514.39 688.25 1942.34 2747.14
ynao_sd_19690608_0420_cheng 42 26 16 9 0 2473.87 2962.76 370.51 434.7 2103.36 2528.06
ynao_sd_19690609_0035_cheng 77 59 18 8 0 2829.52 3130.49 534.24 585.78 2295.28 2544.71
ynao_sd_19690611_0840_cheng 34 16 18 6 0 2432.54 2613.03 382.63 408.29 2049.91 2204.74
ynao_sd_19690613_0325_cheng 28 16 12 6 0 1914.13 2665.98 291.22 432.7 1622.91 2233.28
ynao_sd_19690614_0300_cheng 38 25 13 5 0 1739.05 2948.71 294.44 495.58 1444.61 2453.13
ynao_sd_19690615_0235_cheng 32 18 14 6 0 1690.15 2834.3 266.07 421.73 1424.08 2412.57
ynao_sd_19690623_0545_cheng 6 3 3 2 0 640.9 976.85 70.09 104.58 570.81 872.27
ynao_sd_19690624_0440_cheng 3 1 2 2 0 570.56 1133.53 46.5 88.37 524.06 1045.16
ynao_sd_19690625_0320_cheng 5 3 2 2 0 238.87 662.66 53.37 112.67 185.5 549.99
ynao_sd_19690628_0320_cheng 11 11 0 0 0 46.44 48.79 46.44 48.79 0 0
ynao_sd_19690629_0545_cheng 5 4 1 1 0 85.38 205.99 29.71 41.16 55.67 164.83
ynao_sd_19690630_0620_cheng 8 7 1 1 0 133.43 268.74 54.3 118.94 79.13 149.8
ynao_sd_19690702_0445_cheng 14 10 4 2 0 440.48 764.29 116.84 189.67 323.64 574.62
ynao_sd_19690703_0500_cheng 25 18 7 3 0 631.97 874.78 141.96 193.89 490.01 680.89
ynao_sd_19690705_0500_cheng 14 6 8 5 0 575.01 671.88 80.47 91.81 494.54 580.07
ynao_sd_19690706_0415_cheng 16 9 7 3 0 667.12 730.67 116.7 123.64 550.42 607.03
ynao_sd_19690712_0550_cheng 7 3 4 3 0 240.03 438.83 47.44 75.28 192.59 363.55
ynao_sd_19690713_0620_cheng 21 16 5 3 0 344.66 494.5 133.7 222.15 210.96 272.35
ynao_sd_19690714_0240_cheng 25 11 14 4 0 593.95 647.38 116.95 131.47 477.0 515.91
ynao_sd_19690719_0600_cheng 23 17 6 4 0 438.76 654.39 143.89 206.04 294.87 448.35
ynao_sd_19690720_0310_cheng 19 11 8 4 0 491.57 681.98 108.29 148.31 383.28 533.67
ynao_sd_19690722_0450_cheng 15 11 4 2 0 150.66 193.3 76.66 115.85 74.0 77.45
ynao_sd_19690723_0150_cheng 10 10 0 1 0 89.54 95.99 75.25 81.46 14.29 14.53
ynao_sd_19690724_0230_cheng 6 6 0 0 0 27.84 29.22 27.84 29.22 0 0
ynao_sd_19690725_0640_cheng 2 2 0 0 0 7.43 7.5 7.43 7.5 0 0
ynao_sd_19690726_0310_cheng 8 8 0 0 0 41.11 60.42 41.11 60.42 0 0
ynao_sd_19690727_0245_cheng 3 3 0 0 0 17.67 27.06 17.67 27.06 0 0
ynao_sd_19690728_0120_cheng 1 1 0 0 0 4.73 7.52 4.73 7.52 0 0
ynao_sd_19690729_0220_cheng 2 2 0 0 0 11.96 14.97 11.96 14.97 0 0
ynao_sd_19690801_0640_cheng 13 13 0 0 0 71.67 94.46 71.67 94.46 0 0
ynao_sd_19690802_0600_cheng 33 29 4 2 0 333.57 387.71 181.49 233.51 152.08 154.2
ynao_sd_19690803_0440_cheng 22 12 10 5 0 736.85 885.4 144.99 207.27 591.86 678.13
ynao_sd_19690804_0140_cheng 22 14 8 4 0 788.21 927.7 159.62 188.03 628.59 739.67
ynao_sd_19690805_0120_chen 30 22 8 4 0 882.8 1280.19 235.99 390.07 646.81 890.12
ynao_sd_19690807_0610_cheng 27 19 8 3 0 373.95 744.76 136.95 244.0 237.0 500.76
ynao_sd_19690808_0635_cheng 5 2 3 2 0 93.77 101.48 24.7 26.95 69.07 74.53
ynao_sd_19690809_0050_cheng 12 11 1 1 0 82.5 100.8 58.31 70.78 24.19 30.02
ynao_sd_19690810_0550_cheng 8 5 3 3 0 185.38 441.11 48.81 102.36 136.57 338.75
ynao_sd_19690812_0040_cheng 6 4 2 1 0 84.11 171.94 31.92 85.86 52.19 86.08
ynao_sd_19690814_0830_cheng 6 4 2 1 0 120.48 138.5 30.71 42.38 89.77 96.12
ynao_sd_19690815_0330_cheng 5 3 2 1 0 67.69 69.31 21.34 21.91 46.35 47.4
ynao_sd_19690816_0230_cheng 4 2 2 1 0 126.4 128.78 26.49 28.8 99.91 99.98
ynao_sd_19690820_0830_cheng 2 2 0 0 0 16.11 26.16 16.11 26.16 0 0
ynao_sd_19690821_0340_cheng 0 0 0 0 0 0 0 0 0 0 0
ynao_sd_19690822_0830_cheng 10 9 1 1 0 104.99 342.13 65.05 223.21 39.94 118.92
ynao_sd_19690823_0525_cheng 21 13 8 4 0 455.78 1083.06 113.15 241.53 342.63 841.53
ynao_sd_19690824_0250_cheng 34 15 19 9 0 729.02 1191.83 177.46 282.09 551.56 909.74
ynao_sd_19690825_0950_cheng 31 13 18 7 0 977.08 1197.21 190.86 234.14 786.22 963.07
ynao_sd_19690831_0810_li 41 33 8 5 0 702.14 886.23 242.74 286.96 459.4 599.27
ynao_sd_19690901_0900_cheng 21 13 8 5 0 529.93 803.92 155.05 224.36 374.88 579.56
ynao_sd_19690903_0745_cheng 15 15 0 0 0 107.62 262.79 107.62 262.79 0 0
ynao_sd_19690904_0300_cheng 21 21 0 0 0 107.32 161.01 107.32 161.01 0 0
ynao_sd_19690905_0140_cheng 12 9 3 2 0 198.23 357.74 77.69 105.72 120.54 252.02
ynao_sd_19690906_0040_cheng 14 12 2 2 0 159.95 355.33 77.01 117.46 82.94 237.87
ynao_sd_19690907_0825_cheng 19 12 7 4 0 345.01 605.87 97.49 172.96 247.52 432.91
ynao_sd_19690908_0115_cheng 18 15 3 2 0 252.4 426.93 113.7 189.23 138.7 237.7
ynao_sd_19690909_0320_cheng 10 7 3 1 0 141.29 150.72 38.8 41.07 102.49 109.65
ynao_sd_19690910_0135_cheng 2 0 2 1 0 70.74 81.54 8.31 9.57 62.43 71.97
ynao_sd_19690914_0045_cheng 13 10 3 2 0 403.74 458.4 90.31 104.15 313.43 354.25
ynao_sd_19690915_0110_cheng 27 26 1 1 0 508.7 524.89 182.15 188.46 326.55 336.43
ynao_sd_19690916_0110_cheng 28 25 3 3 0 484.11 497.11 152.87 158.11 331.24 339.0
ynao_sd_19690917_0115_cheng 26 16 10 3 0 647.26 700.71 133.46 146.41 513.8 554.3
ynao_sd_19690918_0210_cheng 17 9 8 3 0 470.87 626.85 87.88 112.55 382.99 514.3
ynao_sd_19690919_0840_cheng 7 4 3 2 0 187.47 321.8 43.51 79.4 143.96 242.4
ynao_sd_19690920_0140_cheng 7 4 3 1 0 236.66 413.86 81.78 162.79 154.88 251.07
ynao_sd_19690921_0210_li 7 4 3 2 0 138.04 515.15 35.87 84.69 102.17 430.46
ynao_sd_19690922_0810_cheng 15 12 3 2 0 216.73 519.94 106.37 281.31 110.36 238.63
ynao_sd_19690923_0510_cheng 22 15 7 4 0 379.05 728.13 112.82 228.54 266.23 499.59
ynao_sd_19690924_0150_cheng 27 16 11 7 0 776.83 1029.17 163.97 221.25 612.86 807.92
ynao_sd_19690925_0130_cheng 33 18 15 7 0 1030.44 1264.2 240.88 288.62 789.56 975.58
ynao_sd_19690926_0040_cheng 47 26 21 8 0 838.67 1059.8 206.79 246.95 631.88 812.85
ynao_sd_19690927_0050_cheng 27 15 12 5 0 531.5 760.77 164.14 212.54 367.36 548.23
ynao_sd_19690928_0250_cheng 21 15 6 4 0 251.29 418.46 85.61 104.59 165.68 313.87
ynao_sd_19690929_0150_cheng 21 16 5 2 0 193.66 230.93 85.36 120.32 108.3 110.61
ynao_sd_19691004_0340_cheng 25 20 5 3 0 341.5 499.7 130.18 177.67 211.32 322.03
ynao_sd_19691005_0120_cheng 26 17 9 5 0 425.95 519.09 120.34 143.78 305.61 375.31
ynao_sd_19691007_0615_cheng 61 40 21 7 0 938.16 1205.73 346.37 431.27 591.79 774.46
ynao_sd_19691012_0435_li 11 6 5 1 0 553.71 670.17 166.78 357.73 386.93 312.44
ynao_sd_19691013_0930_li 7 5 2 1 0 488.94 536.56 90.48 114.35 398.46 422.21
ynao_sd_19691014_0003_li 4 2 2 1 0 458.44 525.88 79.67 105.38 378.77 420.5
ynao_sd_19691015_0125_li 7 6 1 1 0 310.02 404.95 74.17 99.84 235.85 305.11
ynao_sd_19691016_0125_cheng 8 6 2 1 0 213.64 343.97 51.07 74.64 162.57 269.33
ynao_sd_19691017_0120_cheng 2 0 2 1 0 129.35 303.58 17.16 40.36 112.19 263.22
ynao_sd_19691018_0110_li 3 3 0 0 0 61.4 292.91 61.4 292.91 0 0
ynao_sd_19691019_0025_cheng 3 1 2 1 0 207.83 619.63 27.11 81.38 180.72 538.25
ynao_sd_19691020_0120_cheng 8 3 5 2 0 855.2 2840.0 74.13 214.45 781.07 2625.55
ynao_sd_19691021_0120_cheng 23 9 14 4 0 2450.81 5725.78 203.6 447.16 2247.21 5278.62
ynao_sd_19691022_0150_cheng 36 13 23 7 0 2459.46 3903.82 243.27 391.57 2216.19 3512.25
ynao_sd_19691023_0600_cheng 42 14 28 8 0 3593.16 4546.66 479.2 599.12 3113.96 3947.54
ynao_sd_19691024_0200_cheng 62 23 39 11 0 3677.46 4126.35 520.45 584.31 3157.01 3542.04
ynao_sd_19691025_0020_li 49 22 27 6 1 3190.66 3298.32 451.46 469.21 2739.2 2829.11
ynao_sd_19691028_0200_chen 69 38 31 8 0 2735.3 3242.02 443.62 520.68 2291.68 2721.34
ynao_sd_19691029_0500_chen 44 26 18 5 0 2194.47 3112.81 394.06 564.37 1800.41 2548.44
ynao_sd_19691030_0210_chen 37 22 15 4 0 2764.65 5772.43 241.65 396.42 2523.0 5376.01
ynao_sd_19691031_0500_chen 8 2 6 3 0 978.25 2399.27 84.47 204.76 893.78 2194.51
ynao_sd_19691102_0650_chen 8 1 7 4 0 195.17 310.32 37.51 55.59 157.66 254.73
ynao_sd_19691103_0330_chen 17 12 5 3 0 197.54 283.26 80.63 97.28 116.91 185.98
ynao_sd_19691104_0605_chen 16 10 6 4 0 306.07 719.13 93.03 170.04 213.04 549.09
ynao_sd_19691107_0810_li 30 21 9 4 0 893.67 1238.77 208.57 281.4 685.1 957.37
ynao_sd_19691108_0030_li 32 23 9 5 0 977.6 1232.44 235.99 296.74 741.61 935.7
ynao_sd_19691109_0020_li 29 20 9 5 0 973.82 1096.32 215.1 243.34 758.72 852.98
ynao_sd_19691110_0100_chen 31 19 12 6 0 822.29 881.24 157.94 175.82 664.35 705.42
ynao_sd_19691111_0420_chen 41 37 4 2 0 790.37 854.57 242.25 272.63 548.12 581.94
ynao_sd_19691112_0110_li 35 30 5 2 0 685.37 780.42 200.6 241.54 484.77 538.88
ynao_sd_19691113_0040_li 12 8 4 3 0 477.53 617.62 96.42 142.4 381.11 475.22
ynao_sd_19691114_0340_chen 18 10 8 5 0 568.43 870.11 132.74 202.39 435.69 667.72
ynao_sd_19691115_0040_li 27 17 10 6 0 748.0 1907.37 171.6 358.96 576.4 1548.41
ynao_sd_19691116_0030_chen 15 4 11 6 0 798.47 2452.05 103.97 288.95 694.5 2163.1
ynao_sd_19691117_0540_chen 25 11 14 7 0 2126.96 4006.95 297.61 607.44 1829.35 3399.51
ynao_sd_19691118_0610_li 47 22 25 6 0 3159.27 4382.48 579.24 813.55 2580.03 3568.93
ynao_sd_19691120_0120_li 93 57 36 11 0 4276.43 4691.25 821.16 922.09 3455.27 3769.16
ynao_sd_19691121_0120_chen 98 67 31 6 0 4277.61 4490.83 732.91 788.88 3544.7 3701.95
ynao_sd_19691122_0320_li 92 61 31 9 0 4042.6 4193.7 773.01 828.86 3269.59 3364.84
ynao_sd_19691126_0510_li 94 66 28 14 0 4113.39 4428.39 625.8 676.43 3487.59 3751.96
ynao_sd_19691127_0640_li 35 25 10 5 0 1095.24 2808.09 256.25 532.0 838.99 2276.09
ynao_sd_19691201_0100_li 17 16 1 1 0 85.36 93.28 61.9 68.41 23.46 24.87
ynao_sd_19691203_0900_li 23 20 3 3 0 295.2 457.34 154.87 209.54 140.33 247.8
ynao_sd_19691204_0330_li 16 7 9 5 0 486.06 754.57 87.42 130.29 398.64 624.28
ynao_sd_19691206_0100_li 11 8 3 2 0 368.44 679.14 80.11 143.93 288.33 535.21
ynao_sd_19691207_0320_li 7 6 1 1 0 193.42 207.9 38.84 43.16 154.58 164.74
ynao_sd_19691211_0820_li 4 2 2 1 0 92.49 129.07 21.2 29.94 71.29 99.13
ynao_sd_19691213_0530_chen 6 1 5 4 0 926.2 2375.32 52.03 173.58 874.17 2201.74
ynao_sd_19691214_0135_xuan 6 4 2 2 0 399.68 1070.43 240.26 748.54 159.42 321.89
ynao_sd_19691215_0200_chen 16 13 3 3 0 444.66 764.36 105.75 183.59 338.91 580.77
ynao_sd_19691216_0140_chen 15 11 4 3 0 566.69 778.98 118.49 173.1 448.2 605.88
ynao_sd_19691217_0130_chen 32 28 4 3 0 573.96 694.32 173.99 225.49 399.97 468.83
ynao_sd_19691219_0500_chen 22 12 10 7 0 754.11 951.02 129.82 156.45 624.29 794.57
ynao_sd_19691221_0130_chen 17 11 6 5 0 785.93 915.71 151.12 168.75 634.81 746.96
ynao_sd_19691222_0645_chen 23 18 5 6 0 1160.71 2066.69 529.8 988.5 630.91 1078.19
ynao_sd_19691223_0145_chen 16 9 7 5 0 547.45 851.45 130.91 202.08 416.54 649.37
ynao_sd_19691224_0155_chen 15 8 7 5 0 526.51 877.83 108.74 203.77 417.77 674.06
ynao_sd_19691225_0340_chen 12 4 8 5 0 438.51 652.31 59.87 84.2 378.64 568.11
ynao_sd_19691226_0230_chen 17 11 6 4 0 320.39 464.49 74.46 108.32 245.93 356.17
ynao_sd_19691227_0140_chen 12 6 6 3 0 378.05 441.75 83.8 104.42 294.25 337.33
ynao_sd_19691228_0520_chen 9 4 5 3 0 380.85 520.61 65.44 86.69 315.41 433.92
ynao_sd_19691230_0200_chen 23 18 5 2 0 429.33 613.39 117.63 194.95 311.7 418.44
ynao_sd_19691231_0120_chen 25 15 10 5 0 783.12 995.91 133.4 175.46 649.72 820.45
