ynao_sd_19700103_0137_chen 46 32 14 5 0 1096.1 1240.37 345.12 420.49 750.98 819.88
ynao_sd_19700104_0145_chen 39 31 8 3 0 885.35 1015.66 391.92 474.96 493.43 540.7
ynao_sd_19700105_0630_chen 28 13 15 4 0 593.9 734.64 113.77 143.01 480.13 591.63
ynao_sd_19700106_0420_chen 19 6 13 4 0 540.48 787.61 74.17 116.05 466.31 671.56
ynao_sd_19700107_0310_chen 8 3 5 3 0 276.88 517.68 45.68 76.26 231.2 441.42
ynao_sd_19700108_0625_chen 1 1 0 0 0 8.43 29.47 8.43 29.47 0 0
ynao_sd_19700109_0130_chen 0 0 0 0 0 0 0 0 0 0 0
ynao_sd_19700111_0505_chen 0 0 0 0 0 0 0 0 0 0 0
ynao_sd_19700112_0130_chen 2 2 0 0 0 14.19 37.26 14.19 37.26 0 0
ynao_sd_19700113_0130_chen 4 4 0 0 0 22.29 37.07 22.29 37.07 0 0
ynao_sd_19700114_0200_chen 2 2 0 0 0 12.74 15.93 12.74 15.93 0 0
ynao_sd_19700115_0150_chen 8 8 0 0 0 54.55 93.44 54.55 93.44 0 0
ynao_sd_19700116_0150_chen 10 10 0 0 0 54.36 78.37 54.36 78.37 0 0
ynao_sd_19700117_0110_li 16 16 0 0 0 86.16 112.74 86.16 112.74 0 0
ynao_sd_19700118_0440_li 20 12 8 6 0 239.19 272.78 80.58 92.52 158.61 180.26
ynao_sd_19700119_0830_chen 15 6 9 4 0 505.58 537.07 90.54 96.64 415.04 440.43
ynao_sd_19700120_0140_chen 20 14 6 2 0 603.99 637.58 141.68 149.51 462.31 488.07
ynao_sd_19700121_0330_li 12 6 6 4 0 506.28 558.57 92.04 100.87 414.24 457.7
ynao_sd_19700122_0350_chen 5 2 3 2 0 186.59 230.26 34.51 41.81 152.08 188.45
ynao_sd_19700123_0300_chen 4 2 2 1 0 237.41 351.25 28.4 41.79 209.01 309.46
ynao_sd_19700124_0125_chen 3 1 2 1 0 139.15 265.97 19.9 33.81 119.25 232.16
ynao_sd_19700125_0210_chen 1 0 1 1 0 101.56 293.49 7.63 22.57 93.93 270.92
ynao_sd_19700126_0135_chen 0 0 0 0 0 0 0 0 0 0 0
ynao_sd_19700127_0130_chen 3 3 0 0 0 13.4 28.42 13.4 28.42 0 0
ynao_sd_19700128_0505_chen 8 7 1 1 0 72.95 101.0 40.77 55.97 32.18 45.03
ynao_sd_19700129_0140_chen 6 4 2 1 0 111.38 135.78 29.09 36.64 82.29 99.14
ynao_sd_19700130_0510_chen 10 9 1 1 0 117.29 129.57 68.48 75.14 48.81 54.43
ynao_sd_19700131_0100_chen 10 8 2 1 0 96.11 101.35 42.55 44.59 53.56 56.76
ynao_sd_19700201_0120_chen 9 7 2 1 0 84.26 88.14 33.74 35.35 50.52 52.79
ynao_sd_19700202_0140_xuan 11 10 1 1 0 135.96 165.24 98.74 119.68 37.22 45.56
ynao_sd_19700203_0120_chen 8 4 4 3 0 163.98 236.8 38.37 53.52 125.61 183.28
ynao_sd_19700204_0125_chen 4 4 0 0 0 63.89 121.01 63.89 121.01 0 0
ynao_sd_19700205_0450_niu 2 2 0 0 0 22.22 38.79 22.22 38.79 0 0
ynao_sd_19700206_0214_xuan 2 2 0 0 0 17.09 35.2 17.09 35.2 0 0
ynao_sd_19700207_0155_xuan 3 3 0 0 0 30.59 43.8 30.59 43.8 0 0
ynao_sd_19700208_0120_chen 11 11 0 0 0 48.53 64.83 48.53 64.83 0 0
ynao_sd_19700209_0140_chen 38 34 4 2 0 266.18 315.8 162.29 191.49 103.89 124.31
ynao_sd_19700210_0130_chen 50 23 27 5 0 1429.74 1599.56 241.83 275.9 1187.91 1323.66
ynao_sd_19700212_0330_li 41 17 24 4 0 2029.45 2328.98 272.19 312.22 1757.26 2016.76
ynao_sd_19700213_0200_chen 37 28 9 3 0 1589.38 2008.18 352.86 450.89 1236.52 1557.29
ynao_sd_19700214_0200_li 39 28 11 5 0 1203.69 1810.64 203.59 291.57 1000.1 1519.07
ynao_sd_19700215_0150_li 22 14 8 3 0 639.63 1337.55 140.44 266.05 499.19 1071.5
ynao_sd_19700216_0650_chen 9 6 3 1 0 90.82 224.92 52.09 138.04 38.73 86.88
ynao_sd_19700217_0140_chen 2 2 0 0 0 12.35 44.11 12.35 44.11 0 0
ynao_sd_19700218_0130_li 14 14 0 0 0 73.77 121.28 73.77 121.28 0 0
ynao_sd_19700219_0130_chen 9 5 4 2 0 159.59 287.16 38.55 78.46 121.04 208.7
ynao_sd_19700220_0120_chen 5 5 0 0 0 41.44 98.31 41.44 98.31 0 0
ynao_sd_19700221_0230_chen 13 6 7 3 0 315.16 619.03 63.0 176.65 252.16 442.38
ynao_sd_19700222_0130_chen 29 16 13 5 0 813.22 1484.45 151.78 259.48 661.44 1224.97
ynao_sd_19700224_0150_li 51 31 20 13 0 1858.76 2317.47 320.04 415.96 1538.72 1901.51
ynao_sd_19700225_0130_LI 63 49 14 12 0 1771.92 2047.49 436.57 511.03 1335.35 1536.46
ynao_sd_19700226_0130_chen 45 34 11 7 0 1484.73 1694.63 315.59 365.9 1169.14 1328.73
ynao_sd_19700227_0145_chen 38 21 17 9 0 1106.28 1343.01 251.9 352.45 854.38 990.56
ynao_sd_19700228_0110_li 71 56 15 8 0 1474.52 2105.48 410.59 551.69 1063.93 1553.79
ynao_sd_19700301_0120_li 65 47 18 9 0 1627.62 2453.13 379.75 574.47 1247.87 1878.66
ynao_sd_19700302_0140_chen 34 17 17 5 0 1520.14 2197.49 178.2 251.13 1341.94 1946.36
ynao_sd_19700303_0130_li 42 28 14 6 0 1325.28 1776.18 317.01 406.76 1008.27 1369.42
ynao_sd_19700304_0310_li 40 32 8 7 0 1108.14 1748.63 253.81 346.66 854.33 1401.97
ynao_sd_19700305_0120_li 22 16 6 3 0 1037.14 1424.84 218.42 287.89 818.72 1136.95
ynao_sd_19700306_0115_li 17 14 3 2 0 1011.46 1259.45 218.31 272.82 793.15 986.63
ynao_sd_19700307_0120_li 8 5 3 2 0 1072.78 1311.53 192.38 242.77 880.4 1068.76
ynao_sd_19700308_0130_li 6 1 5 3 0 873.16 1136.84 127.27 169.29 745.89 967.55
ynao_sd_19700309_0110_li 5 0 5 3 0 709.67 1025.06 84.41 123.02 625.26 902.04
ynao_sd_19700310_0105_li 6 2 4 3 0 576.26 2340.68 72.35 273.76 503.91 2066.92
ynao_sd_19700311_0055_li 3 1 2 2 0 378.88 585.2 56.31 87.56 322.57 497.64
ynao_sd_19700312_0450_li 2 1 1 1 0 259.63 359.91 38.13 50.31 221.5 309.6
ynao_sd_19700313_0150_xuan 6 5 1 1 0 169.53 263.51 48.33 75.62 121.2 187.89
ynao_sd_19700314_0040_li 7 6 1 1 0 158.92 304.28 44.57 67.45 114.35 236.83
ynao_sd_19700315_0050_li 6 4 2 1 0 209.84 443.55 201.62 328.52 8.22 115.03
ynao_sd_19700316_0208_xuan 2 2 0 0 0 32.66 38.71 32.66 38.71 0 0
ynao_sd_19700317_0127_xuan 3 2 1 1 0 182.12 197.71 49.38 53.82 132.74 143.89
ynao_sd_19700318_0435_li 1 1 0 0 0 7.14 9.22 7.14 9.22 0 0
ynao_sd_19700319_0155_xuan 5 4 1 0 0 49.86 126.81 55.15 143.06 5.29 16.25
ynao_sd_19700320_0155_xuan 16 15 1 1 0 152.21 363.18 108.08 276.49 44.13 86.69
ynao_sd_19700321_0200_xuan 43 40 3 2 0 367.09 634.13 267.83 481.12 99.26 153.01
ynao_sd_19700322_0220_xuan 58 50 8 5 0 792.71 1104.25 430.31 587.33 362.4 516.92
ynao_sd_19700323_0230_li 63 44 19 8 0 675.36 954.51 293.56 403.63 381.8 550.88
ynao_sd_19700325_0350_li 47 34 13 7 0 966.88 1053.14 253.23 296.32 713.65 756.82
ynao_sd_19700326_0450_li 34 25 9 7 0 1121.1 1445.93 239.18 291.26 881.92 1154.67
ynao_sd_19700327_0150_li 59 38 21 6 0 1241.17 1648.32 309.97 368.36 931.2 1279.96
ynao_sd_19700328_0200_li 38 21 17 5 0 1043.87 1362.35 228.81 292.48 815.06 1069.87
ynao_sd_19700329_0130_li 26 16 10 4 0 779.32 1019.91 209.71 272.57 569.61 747.34
ynao_sd_19700330_0110_li 24 21 3 3 0 614.86 856.32 155.55 240.26 459.31 616.06
ynao_sd_19700331_0150_li 17 14 3 3 0 381.74 481.0 106.25 137.82 275.49 343.18
ynao_sd_19700401_0350_li 11 9 2 2 0 385.79 425.59 120.94 155.95 264.85 269.64
ynao_sd_19700402_0205_li 23 19 4 2 0 366.76 387.93 134.52 144.48 232.24 243.45
ynao_sd_19700403_0115_li 19 16 3 2 0 235.24 279.15 126.4 154.23 108.84 124.92
ynao_sd_19700404_0810_li 11 8 3 2 0 197.72 304.24 67.89 103.07 129.83 201.17
ynao_sd_19700405_0640_li 15 9 6 4 0 348.1 553.24 88.37 152.95 259.73 400.29
ynao_sd_19700406_0110_li 22 12 10 4 0 571.24 827.97 150.67 270.01 420.57 557.96
ynao_sd_19700407_0115_li 27 18 9 4 0 674.28 780.02 161.05 185.02 513.23 595.0
ynao_sd_19700408_0120_li 19 16 3 4 0 744.94 834.92 172.59 209.31 572.35 625.61
ynao_sd_19700409_0105_li 43 32 11 7 0 1397.58 1738.96 423.52 562.38 974.06 1176.58
ynao_sd_19700410_0640_chen 58 33 25 9 0 1300.89 1709.6 243.77 322.61 1057.12 1386.99
ynao_sd_19700411_0130_li 29 17 12 8 0 2001.91 2684.69 287.87 371.06 1714.04 2313.63
ynao_sd_19700413_0115_li 19 8 11 4 0 1554.04 2008.7 251.48 330.8 1302.56 1677.9
ynao_sd_19700414_0120_li 15 7 8 3 0 1259.5 1705.61 165.66 206.35 1093.84 1499.26
ynao_sd_19700415_0130_li 14 4 10 4 0 1085.83 1408.43 115.12 147.47 970.71 1260.96
ynao_sd_19700417_0120_li 20 8 12 5 0 771.93 1378.01 134.92 227.31 637.01 1150.7
ynao_sd_19700418_0050_li 16 6 10 5 0 784.97 1927.9 129.9 288.28 655.07 1639.62
ynao_sd_19700419_0020_li 6 6 0 0 0 71.65 106.74 71.65 106.74 0 0
ynao_sd_19700420_0150_li 13 13 0 0 0 113.99 163.26 113.99 163.26 0 0
ynao_sd_19700421_0225_chen 12 12 0 1 0 75.05 97.41 52.38 67.46 22.67 29.95
ynao_sd_19700422_0120_chen 14 13 1 1 0 155.97 184.63 77.61 92.65 78.36 91.98
ynao_sd_19700423_0120_chen 14 10 4 2 0 215.91 300.9 67.22 92.49 148.69 208.41
ynao_sd_19700424_0250_chen 21 12 9 4 0 296.89 542.46 100.9 180.05 195.99 362.41
ynao_sd_19700425_0300_chen 18 16 2 1 0 151.2 347.29 99.14 216.36 52.06 130.93
ynao_sd_19700426_0800_chen 8 8 0 0 0 48.48 97.52 48.48 97.52 0 0
ynao_sd_19700427_0920_chen 17 17 0 0 0 81.11 116.12 81.11 116.12 0 0
ynao_sd_19700428_0120_li 21 21 0 0 0 92.46 110.3 92.46 110.3 0 0
ynao_sd_19700429_0030_li 26 26 0 0 0 131.36 150.24 131.36 150.24 0 0
ynao_sd_19700501_0105_li 32 28 4 4 0 535.03 966.18 154.87 206.65 380.16 759.53
ynao_sd_19700502_0055_li 18 15 3 3 0 644.42 1015.24 138.05 190.37 506.37 824.87
ynao_sd_19700503_0105_li 11 6 5 3 0 649.82 904.02 124.7 169.99 525.12 734.03
ynao_sd_19700504_0002_li 16 8 8 4 0 946.28 1586.17 149.74 243.63 796.54 1342.54
ynao_sd_19700507_0150_li 28 18 10 5 0 1465.88 1741.52 248.44 296.12 1217.44 1445.4
ynao_sd_19700508_0135_li 23 14 9 4 0 1392.95 1584.3 236.45 274.67 1156.5 1309.63
ynao_sd_19700509_0005_li 21 14 7 3 0 1220.07 1396.29 238.73 267.67 981.34 1128.62
ynao_sd_19700510_0030_li 31 18 13 5 0 1158.42 1701.14 217.38 292.38 941.04 1408.76
ynao_sd_19700511_0030_li 22 11 11 6 0 729.42 1220.78 184.42 251.22 545.0 969.56
ynao_sd_19700512_0115_li 20 4 16 7 0 793.69 1592.0 122.9 227.39 670.79 1364.61
ynao_sd_19700513_0010_li 26 13 13 9 0 1227.2 2746.72 212.65 411.41 1014.55 2335.31
ynao_sd_19700514_0140_li 24 14 10 7 0 1958.45 3406.61 300.98 535.39 1657.47 2871.22
ynao_sd_19700522_0250_chen 26 15 11 7 0 1165.71 1808.37 174.55 260.24 991.16 1548.13
ynao_sd_19700523_0320_gu 14 9 5 2 0 644.35 1370.94 88.39 153.23 555.96 1217.71
ynao_sd_19700525_0315_gu 27 21 6 3 0 373.06 468.36 192.71 253.13 180.35 215.23
ynao_sd_19700526_0620_gu 44 44 0 0 0 254.58 358.99 254.58 358.99 0 0
ynao_sd_19700527_0315_xuan 14 13 1 2 0 1704.62 2570.32 72.64 96.49 1631.98 2473.83
ynao_sd_19700528_0300_xuan 8 6 2 1 0 1159.63 1267.73 57.45 94.77 1102.18 1172.96
ynao_sd_19700529_0430_gu 17 16 1 1 0 207.41 330.25 149.89 221.93 57.52 108.32
ynao_sd_19700530_0555_xuang 16 13 3 2 0 182.1 218.31 101.64 116.91 80.46 101.4
ynao_sd_19700531_0300_xuang 21 18 3 2 0 385.69 471.85 199.53 233.69 186.16 238.16
ynao_sd_19700601_0430_gu 25 17 8 4 1 569.89 754.66 336.5 433.63 233.39 321.03
ynao_sd_19700603_0925_xuang 12 10 2 2 0 797.07 1315.03 109.56 238.3 687.51 1076.73
ynao_sd_19700604_1000_gu 2 1 1 1 0 74.71 132.0 16.25 27.21 58.46 104.79
ynao_sd_19700606_0140_gu 3 3 0 0 0 54.31 174.09 54.31 174.09 0 0
ynao_sd_19700607_0125_xuang 2 2 0 0 0 12.7 31.29 12.7 31.29 0 0
ynao_sd_19700608_0325_gu 7 3 4 2 0 274.37 967.21 71.91 213.63 202.46 753.58
ynao_sd_19700609_0315_gu 19 12 7 3 0 769.29 1471.87 295.83 528.63 473.46 943.24
ynao_sd_19700610_0100_xuang 30 26 4 3 0 819.37 1253.99 224.13 327.32 595.24 926.67
ynao_sd_19700613_0020_xuang 76 57 19 5 0 2005.18 2753.89 613.96 822.54 1391.22 1931.35
ynao_sd_19700614_0030_xuang 75 52 23 8 0 3095.37 3632.07 851.83 1036.73 2243.54 2595.34
ynao_sd_19700615_0025_xuang 122 88 34 9 0 3940.51 4468.77 1065.16 1214.31 2875.35 3254.46
ynao_sd_19700616_0815_gu 121 67 54 12 0 5277.06 5910.62 1273.36 1431.55 4003.7 4479.07
ynao_sd_19700617_0835_gu 90 66 24 10 0 3237.15 3884.69 975.8 1137.72 2261.35 2746.97
ynao_sd_19700624_0635_xuang 28 23 5 3 0 440.6 531.79 182.56 216.87 258.04 314.92
ynao_sd_19700625_0340_cheng 26 20 6 4 0 330.8 452.15 125.81 151.89 204.99 300.26
ynao_sd_19700627_0540_xuang 58 53 5 3 0 688.18 1039.9 333.62 486.42 354.56 553.48
ynao_sd_19700628_0600_xuang 34 22 12 4 0 991.74 1262.02 246.15 314.9 745.59 947.12
ynao_sd_19700629_0055_xuang 33 25 8 3 0 845.53 985.6 245.03 300.49 600.5 685.11
ynao_sd_19700630_0505_xuang 29 18 11 7 0 1599.08 1859.93 592.86 702.06 1006.22 1157.87
ynao_sd_19700701_0700_xuang 31 20 11 6 0 1744.5 3879.91 300.18 382.25 1444.32 3497.66
ynao_sd_19700703_1115_xuang 54 46 8 4 0 865.84 1059.69 418.83 555.62 447.01 504.07
ynao_sd_19700704_0520_xuang 50 38 12 5 0 986.69 1235.22 343.44 455.78 643.25 779.44
ynao_sd_19700705_0700_xuang 42 36 6 4 0 906.86 1502.31 284.19 391.25 622.67 1111.06
ynao_sd_19700706_0620_li 21 14 7 5 0 633.98 1130.1 135.38 212.14 498.6 917.96
ynao_sd_19700709_0640_li 13 10 3 2 0 473.69 660.57 114.16 187.21 359.53 473.36
ynao_sd_19700711_0810_li 19 12 7 5 0 601.21 737.18 108.64 157.72 492.57 579.46
ynao_sd_19700715_1010_li 13 11 2 1 0 187.06 287.64 65.06 79.01 122.0 208.63
ynao_sd_19700716_0700_li 28 27 1 1 0 227.85 364.25 144.57 170.26 83.28 193.99
ynao_sd_19700717_0710_li 20 19 1 1 0 138.7 284.93 102.63 150.2 36.07 134.73
ynao_sd_19700718_0603_li 21 19 2 1 0 133.08 310.17 99.46 200.38 33.62 109.79
ynao_sd_19700720_0910_li 36 19 17 5 0 996.76 1513.29 201.24 294.7 795.52 1218.59
ynao_sd_19700724_0700_li 58 36 22 5 0 1871.41 2058.64 297.8 332.68 1573.61 1725.96
ynao_sd_19700725_0130_cheng 34 17 17 6 0 1439.25 1580.17 206.85 230.27 1232.4 1349.9
ynao_sd_19700726_0410_li 63 46 17 9 0 1422.33 1606.48 421.07 489.4 1001.26 1117.08
ynao_sd_19700731_0400_li 21 11 10 5 0 734.24 858.71 153.99 182.59 580.25 676.12
ynao_sd_19700801_0020_li 18 12 6 5 0 644.71 846.07 103.33 131.96 541.38 714.11
ynao_sd_19700802_0010_li 14 11 3 3 0 431.44 717.62 112.86 185.72 318.58 531.9
ynao_sd_19700803_0700_li 16 15 1 1 0 190.31 431.4 80.9 139.44 109.41 291.96
ynao_sd_19700804_0055_cheng 27 19 8 4 0 273.61 597.29 99.87 157.38 173.74 439.91
ynao_sd_19700805_0040_li 26 20 6 4 0 666.53 1148.13 139.55 193.53 526.98 954.6
ynao_sd_19700808_0240_li 30 25 5 3 0 678.71 757.8 193.23 226.38 485.48 531.42
ynao_sd_19700809_0300_li 30 19 11 6 0 1093.61 1287.07 179.54 205.13 914.07 1081.94
ynao_sd_19700811_0035_li 38 26 12 5 0 1106.88 1194.82 217.65 234.4 889.23 960.42
ynao_sd_19700812_0045_li 43 33 10 5 0 913.49 1045.96 211.78 241.43 701.71 804.53
ynao_sd_19700813_0700_li 41 27 14 5 0 1441.97 2078.92 304.56 402.73 1137.41 1676.19
ynao_sd_19700814_0030_li 35 13 22 7 0 1402.32 2629.33 281.93 519.2 1120.39 2110.13
ynao_sd_19700815_0025_li 30 20 10 4 0 1588.61 4285.88 254.59 516.87 1334.02 3769.01
ynao_sd_19700816_0550_li 29 26 3 2 0 720.9 1140.26 193.99 307.13 526.91 833.13
ynao_sd_19700817_0035_li 20 14 6 2 0 744.76 1088.6 155.9 241.2 588.86 847.4
ynao_sd_19700818_0140_li 25 20 5 3 0 596.65 835.42 199.24 331.12 397.41 504.3
ynao_sd_19700819_0110_li 20 12 8 1 0 793.55 928.84 186.47 293.89 607.08 634.95
ynao_sd_19700820_0055_li 17 9 8 3 0 820.69 972.87 143.27 182.55 677.42 790.32
ynao_sd_19700821_0050_li 35 20 15 6 0 1352.26 1515.24 264.98 303.43 1087.28 1211.81
ynao_sd_19700822_0530_li 32 20 12 6 0 1137.09 1389.68 230.78 269.51 906.31 1120.17
ynao_sd_19700824_0200_li 35 23 12 7 0 1125.37 1450.63 236.14 283.33 889.23 1167.3
ynao_sd_19700825_0030_go 33 19 14 8 0 1264.62 1680.75 337.32 458.04 927.3 1222.71
ynao_sd_19700826_0040_li 37 30 7 4 0 845.71 1114.75 255.33 351.32 590.38 763.43
ynao_sd_19700828_0120_li 20 16 4 4 0 621.05 701.56 151.65 178.64 469.4 522.92
ynao_sd_19700829_0010_li 27 21 6 5 0 763.02 1178.23 211.13 333.14 551.89 845.09
ynao_sd_19700830_0500_li 24 18 6 5 0 1149.09 2666.01 224.2 444.38 924.89 2221.63
ynao_sd_19700831_0150_li 29 24 5 3 0 1519.69 2796.77 311.15 569.36 1208.54 2227.41
ynao_sd_19700901_0110_li 25 20 5 4 0 1864.29 2747.53 314.54 468.41 1549.75 2279.12
ynao_sd_19700902_0015_li 41 30 11 4 0 2027.34 2757.95 366.5 496.66 1660.84 2261.29
ynao_sd_19700903_0020_li 38 29 9 5 0 2386.2 2972.97 464.27 560.45 1921.93 2412.52
ynao_sd_19700904_0125_li 54 41 13 8 0 2917.78 3400.24 618.82 697.26 2298.96 2702.98
ynao_sd_19700906_0700_li 48 30 18 7 0 2757.08 3041.72 387.3 432.27 2369.78 2609.45
ynao_sd_19700907_0710_li 49 30 19 7 0 2751.98 3189.91 356.2 421.57 2395.78 2768.34
ynao_sd_19700908_0010_li 44 28 16 5 0 2146.61 2660.26 384.74 484.97 1761.87 2175.29
ynao_sd_19700909_0010_li 37 25 12 3 0 1734.83 2455.96 295.66 491.7 1439.17 1964.26
ynao_sd_19700910_0400_gu 17 9 8 6 0 1125.23 1869.69 211.36 347.14 913.87 1522.55
ynao_sd_19700911_0840_li 7 2 5 4 0 464.6 1111.85 45.44 89.73 419.16 1022.12
ynao_sd_19700912_0940_li 5 1 4 3 0 158.1 223.68 29.74 40.66 128.36 183.02
ynao_sd_19700913_0310_li 4 2 2 2 0 101.14 163.99 26.09 35.37 75.05 128.62
ynao_sd_19700914_0205_gu 10 9 1 1 0 156.92 292.15 82.2 117.89 74.72 174.26
ynao_sd_19700916_0740_li 6 5 1 1 0 62.76 78.92 44.48 60.42 18.28 18.5
ynao_sd_19700917_0830_li 11 9 2 3 0 150.09 252.97 77.94 111.15 72.15 141.82
ynao_sd_19700918_0540_li 25 22 3 2 0 255.12 382.74 174.89 260.4 80.23 122.34
ynao_sd_19700919_0145_li 25 22 3 3 0 380.02 502.32 148.87 207.8 231.15 294.52
ynao_sd_19700920_0810_li 40 27 13 5 0 969.0 1122.44 243.32 289.14 725.68 833.3
ynao_sd_19700921_0715_gu 81 67 14 7 0 1273.69 1624.21 549.12 758.63 724.57 865.58
ynao_sd_19700922_0650_li 69 58 11 8 0 1137.4 1402.54 334.1 431.11 803.3 971.43
ynao_sd_19700925_0720_li 43 38 5 5 0 1898.84 2209.09 333.11 449.79 1565.73 1759.3
ynao_sd_19700926_0500_li 53 47 6 4 0 1029.19 1328.93 335.14 443.29 694.05 885.64
ynao_sd_19700927_0105_li 32 27 5 3 0 931.57 1233.36 253.0 376.1 678.57 857.26
ynao_sd_19700928_0440_li 26 20 6 3 0 672.78 767.05 164.65 204.66 508.13 562.39
ynao_sd_19701004_0305_gu 17 16 1 1 0 147.66 168.12 101.95 117.26 45.71 50.86
ynao_sd_19701005_0020_li 16 16 0 0 0 75.93 90.09 75.93 90.09 0 0
ynao_sd_19701006_0150_gu 16 14 2 1 0 200.52 476.19 163.71 383.64 36.81 92.55
ynao_sd_19701007_0120_gu 16 13 3 2 0 218.33 441.61 112.96 231.62 105.37 209.99
ynao_sd_19701008_0015_gu 16 14 2 2 0 389.39 798.63 156.25 297.59 233.14 501.04
ynao_sd_19701009_0020_li 11 10 1 1 0 203.4 243.14 62.92 77.55 140.48 165.59
ynao_sd_19701010_0430_li 22 16 6 3 0 274.54 292.59 108.82 116.82 165.72 175.77
ynao_sd_19701011_0650_li 24 20 4 4 0 388.55 443.48 147.4 157.41 241.15 286.07
ynao_sd_19701012_0100_li 13 10 3 3 0 336.91 376.94 127.04 161.01 209.87 215.93
ynao_sd_19701014_0510_li 20 11 9 6 0 681.16 857.19 150.74 179.86 530.42 677.33
ynao_sd_19701016_0730_li 31 21 10 6 0 648.75 776.53 168.07 212.28 480.68 564.25
ynao_sd_19701017_0040_gu 49 42 7 6 0 999.04 1352.31 413.55 612.27 585.49 740.04
ynao_sd_19701018_0030_gu 70 57 13 7 0 1159.59 1503.79 473.62 585.74 685.97 918.05
ynao_sd_19701019_0150_cheng 37 19 18 10 0 928.36 1109.08 215.69 278.75 712.67 830.33
ynao_sd_19701020_0110_cheng 37 20 17 7 0 1018.04 1394.62 209.22 259.66 808.82 1134.96
ynao_sd_19701021_0045_cheng 28 10 18 7 0 1026.34 1331.66 133.21 175.16 893.13 1156.5
ynao_sd_19701022_0030_cheng 35 25 10 5 0 811.61 1080.51 244.44 326.38 567.17 754.13
ynao_sd_19701023_0115_cheng 28 18 10 6 0 1095.11 1749.69 177.05 305.51 918.06 1444.18
ynao_sd_19701024_0015_cheng 38 25 13 8 0 1538.06 3053.59 350.68 797.6 1187.38 2255.99
ynao_sd_19701025_0030_cheng 49 26 23 7 0 2112.63 3369.4 334.64 564.5 1777.99 2804.9
ynao_sd_19701030_0620_gu 70 47 23 9 0 2131.16 2650.7 556.89 769.33 1574.27 1881.37
ynao_sd_19701103_0450_gu 16 12 4 3 0 496.47 938.25 136.16 237.02 360.31 701.23
ynao_sd_19701104_0140_gu 12 10 2 2 0 439.62 889.57 140.31 237.75 299.31 651.82
ynao_sd_19701105_0030_gu 21 19 2 2 0 290.69 583.41 137.96 181.79 152.73 401.62
ynao_sd_19701106_0710_gu 10 10 0 0 0 149.07 160.63 149.07 160.63 0 0
ynao_sd_19701107_0240_gu 17 16 1 0 0 163.81 173.33 167.99 177.93 4.18 4.6
ynao_sd_19701108_0320_cheng 9 9 0 0 0 41.6 75.88 41.6 75.88 0 0
ynao_sd_19701113_0025_gu 60 45 15 12 0 1556.38 2121.0 516.23 744.41 1040.15 1376.59
ynao_sd_19701116_0500_cheng 68 20 48 7 1 4844.4 5333.0 454.65 503.76 4389.75 4829.24
ynao_sd_19701117_0230_gu 89 55 34 10 1 5321.67 6267.24 1216.9 1399.4 4104.77 4867.84
ynao_sd_19701118_0140_li 52 28 24 6 0 3223.88 4302.17 460.78 574.43 2763.1 3727.74
ynao_sd_19701119_0140_gu 99 58 41 11 0 3854.14 5933.82 937.33 1364.0 2916.81 4569.82
ynao_sd_19701120_0115_gu 95 51 44 16 0 3519.9 6538.2 957.09 1676.37 2562.81 4861.83
ynao_sd_19701121_0030_gu 75 36 39 18 0 2799.71 5064.06 670.24 1185.33 2129.47 3878.73
ynao_sd_19701122_0055_li 33 21 12 13 0 1086.75 1667.8 289.76 429.31 796.99 1238.49
ynao_sd_19701123_0300_li 46 35 11 6 0 733.81 1188.04 267.88 487.86 465.93 700.18
ynao_sd_19701124_0040_li 23 19 4 4 0 617.73 850.8 176.77 326.65 440.96 524.15
ynao_sd_19701125_0640_cheng 10 6 4 2 0 463.95 495.12 74.64 84.73 389.31 410.39
ynao_sd_19701126_0140_cheng 17 12 5 3 0 639.09 1084.11 144.86 215.21 494.23 868.9
ynao_sd_19701127_0105_li 17 14 3 3 0 656.88 1122.27 169.5 246.12 487.38 876.15
ynao_sd_19701128_0055_li 18 15 3 3 0 904.42 1523.72 170.81 292.89 733.61 1230.83
ynao_sd_19701129_0705_li 13 8 5 3 0 1029.11 1472.63 170.71 243.31 858.4 1229.32
ynao_sd_19701203_0540_cheng 10 5 5 3 0 887.33 937.09 184.43 193.98 702.9 743.11
ynao_sd_19701205_0150_li 11 7 4 2 0 602.61 706.18 131.65 153.1 470.96 553.08
ynao_sd_19701206_0150_li 12 6 6 3 0 822.53 1894.43 97.07 208.78 725.46 1685.65
ynao_sd_19701207_0455_gu 19 9 10 5 0 1195.68 2479.83 229.0 469.77 966.68 2010.06
ynao_sd_19701208_0635_gu 29 17 12 6 0 1227.42 2326.11 321.43 692.14 905.99 1633.97
ynao_sd_19701209_0130_li 41 25 16 8 0 1098.83 1728.48 221.63 367.41 877.2 1361.07
ynao_sd_19701210_0130_li 58 46 12 6 0 1055.99 1359.63 364.15 492.65 691.84 866.98
ynao_sd_19701211_0110_gu 100 75 25 8 0 1945.15 2364.2 741.89 933.16 1203.26 1431.04
ynao_sd_19701212_0100_li 48 32 16 7 0 805.24 875.86 292.73 328.0 512.51 547.86
ynao_sd_19701214_0815_gu 29 19 10 6 0 1096.65 2072.63 365.16 669.22 731.49 1403.41
ynao_sd_19701215_0350_cheng 22 10 12 5 0 794.73 1762.12 127.4 239.36 667.33 1522.76
ynao_sd_19701216_0055_gu 38 23 15 6 0 1401.06 2487.77 392.72 646.79 1008.34 1840.98
ynao_sd_19701217_0110_gu 26 16 10 4 0 1480.05 2162.74 355.87 517.18 1124.18 1645.56
ynao_sd_19701218_0220_li 27 21 6 2 0 1522.16 1839.58 274.33 381.11 1247.83 1458.47
ynao_sd_19701219_0320_li 52 40 12 5 0 1500.83 1643.55 337.85 397.15 1162.98 1246.4
ynao_sd_19701220_0220_li 47 32 15 9 0 1398.85 1488.58 351.71 375.33 1047.14 1113.25
ynao_sd_19701221_0115_gu 56 42 14 12 0 1950.38 2213.76 566.64 664.05 1383.74 1549.71
ynao_sd_19701222_0100_gu 48 32 16 6 0 2104.39 2635.23 657.35 814.09 1447.04 1821.14
ynao_sd_19701223_0115_gu 31 14 17 6 0 1593.94 2285.38 427.68 587.52 1166.26 1697.86
ynao_sd_19701224_0135_gu 39 29 10 6 0 1037.53 2296.0 443.25 923.54 594.28 1372.46
ynao_sd_19701225_0210_gu 28 22 6 4 0 663.26 1626.72 374.65 931.99 288.61 694.73
ynao_sd_19701226_0130_li 10 8 2 2 0 250.88 598.21 65.15 140.15 185.73 458.06
ynao_sd_19701227_0205_guo 19 18 1 2 0 494.98 669.46 197.59 269.36 297.39 400.1
ynao_sd_19701228_0110_li 9 7 2 3 0 444.82 666.01 71.35 103.57 373.47 562.44
ynao_sd_19701229_0210_li 14 11 3 3 0 555.34 735.74 118.45 170.24 436.89 565.5
