ynao_sd_19710103_0135_chen 22 14 8 4 0 703.21 896.37 145.5 183.82 557.71 712.55
ynao_sd_19710104_0430_li 10 5 5 3 0 560.14 701.27 71.49 88.84 488.65 612.43
ynao_sd_19710105_0345_li 9 6 3 2 0 398.98 426.89 72.35 77.37 326.63 349.52
ynao_sd_19710106_0650_li 6 2 4 3 0 355.36 440.66 37.23 47.19 318.13 393.47
ynao_sd_19710108_0950_gu 9 7 2 3 0 316.81 489.37 78.68 113.7 238.13 375.67
ynao_sd_19710109_0100_li 3 2 1 1 0 88.57 181.09 38.42 72.62 50.15 108.47
ynao_sd_19710110_0130_li 6 5 1 1 0 89.22 210.8 42.59 63.78 46.63 147.02
ynao_sd_19710111_0120_gu 6 5 1 1 0 245.68 522.68 95.3 203.4 150.38 319.28
ynao_sd_19710112_0230_gu 10 9 1 1 0 282.43 419.41 115.74 169.97 166.69 249.44
ynao_sd_19710113_0040_gu 2 1 1 1 0 315.48 405.01 57.16 73.67 258.32 331.34
ynao_sd_19710114_0045_gu 7 6 1 1 0 276.58 331.17 79.02 104.49 197.56 226.68
ynao_sd_19710115_0050_gu 20 16 4 2 0 599.64 1307.91 237.36 551.38 362.28 756.53
ynao_sd_19710116_0105_li 22 12 10 5 0 1073.34 2349.09 146.46 316.49 926.88 2032.6
ynao_sd_19710117_0100_li 22 7 15 5 0 1689.77 2997.31 167.02 290.63 1522.75 2706.68
ynao_sd_19710118_0210_gu 55 26 29 8 0 2923.06 4965.51 611.09 1064.38 2311.97 3901.13
ynao_sd_19710119_0055_li 43 22 21 8 0 2457.26 3266.83 346.4 456.0 2110.86 2810.83
ynao_sd_19710120_0105_li 47 23 24 7 0 2697.54 3224.56 418.41 550.08 2279.13 2674.48
ynao_sd_19710121_0055_li 47 27 20 9 0 2303.2 2570.45 431.21 512.92 1871.99 2057.53
ynao_sd_19710122_0110_li 45 25 20 12 0 2458.17 2714.32 406.64 455.32 2051.53 2259.0
ynao_sd_19710123_0110_li 41 26 15 10 0 2176.72 2497.76 331.32 390.34 1845.4 2107.42
ynao_sd_19710124_0055_li 22 10 12 6 0 1722.48 2216.95 234.63 323.9 1487.85 1893.05
ynao_sd_19710125_0420_gu 39 21 18 7 0 1622.52 2539.47 412.7 629.81 1209.82 1909.66
ynao_sd_19710126_0520_li 17 9 8 6 0 929.21 2392.86 156.78 300.23 772.43 2092.63
ynao_sd_19710128_0140_li 27 23 4 4 0 503.71 1120.91 165.65 350.99 338.06 769.92
ynao_sd_19710131_0500_li 31 16 15 9 0 1436.37 1585.64 287.67 316.99 1148.7 1268.65
ynao_sd_19710201_0210_gu 32 9 23 9 0 2425.17 2563.43 463.94 500.73 1961.23 2062.7
ynao_sd_19710202_0505_li 45 16 29 5 1 2262.76 2336.43 283.64 293.75 1979.12 2042.68
ynao_sd_19710205_0450_li 36 17 19 7 0 1566.39 2128.05 238.13 342.48 1328.26 1785.57
ynao_sd_19710207_0705_li 24 13 11 4 0 762.72 1893.54 180.17 394.41 582.55 1499.13
ynao_sd_19710208_0125_li 15 11 4 4 0 249.65 635.24 96.04 267.01 153.61 368.23
ynao_sd_19710209_0105_li 7 6 1 1 0 76.11 92.14 62.64 73.45 13.47 18.69
ynao_sd_19710210_0040_li 8 8 0 0 0 67.13 76.28 67.13 76.28 0 0
ynao_sd_19710211_0055_li 5 5 0 0 0 54.47 61.83 54.47 61.83 0 0
ynao_sd_19710212_0100_li 7 6 1 0 0 65.57 200.02 69.61 222.46 4.04 22.44
ynao_sd_19710213_0120_li 9 7 2 2 0 149.94 338.07 51.03 83.18 98.91 254.89
ynao_sd_19710214_0115_li 22 18 4 3 0 305.94 536.47 116.24 185.48 189.7 350.99
ynao_sd_19710215_0500_li 18 14 4 3 0 496.87 681.11 135.17 207.29 361.7 473.82
ynao_sd_19710216_0025_li 23 18 5 3 0 489.01 589.37 124.56 147.79 364.45 441.58
ynao_sd_19710217_0025_li 26 22 4 3 0 645.83 795.56 174.0 211.22 471.83 584.34
ynao_sd_19710218_0045_li 10 6 4 3 0 531.91 735.47 78.82 113.45 453.09 622.02
ynao_sd_19710219_0055_li 5 2 3 3 0 475.02 736.74 74.79 110.42 400.23 626.32
ynao_sd_19710220_0035_li 9 7 2 2 0 297.99 363.76 78.58 99.89 219.41 263.87
ynao_sd_19710221_0100_li 8 6 2 2 0 228.53 330.52 58.01 94.89 170.52 235.63
ynao_sd_19710222_0100_li 5 4 1 1 0 156.13 285.6 41.22 90.04 114.91 195.56
ynao_sd_19710223_0110_li 3 1 2 2 0 141.62 458.05 14.72 39.97 126.9 418.08
ynao_sd_19710224_0055_li 10 6 4 1 0 290.13 709.43 80.74 175.46 209.39 533.97
ynao_sd_19710225_0130_li 12 7 5 2 0 453.37 745.64 92.25 142.26 361.12 603.38
ynao_sd_19710226_0055_li 18 9 9 3 0 598.17 964.94 123.85 262.55 474.32 702.39
ynao_sd_19710227_0055_li 24 14 10 4 0 676.11 981.75 109.05 153.81 567.06 827.94
ynao_sd_19710228_0055_li 14 5 9 5 0 699.81 897.51 104.09 124.74 595.72 772.77
ynao_sd_19710301_0200_li 18 8 10 5 0 660.65 780.62 104.23 123.24 556.42 657.38
ynao_sd_19710302_0110_gu 18 11 7 6 0 717.88 807.93 119.39 135.25 598.49 672.68
ynao_sd_19710303_0115_gu 26 19 7 4 0 875.94 983.97 237.51 268.03 638.43 715.94
ynao_sd_19710304_0055_gu 15 10 5 3 0 656.26 766.37 177.46 216.99 478.8 549.38
ynao_sd_19710305_0050_chen 6 1 5 2 0 360.54 427.88 48.15 64.12 312.39 363.76
ynao_sd_19710306_0230_gu 8 4 4 3 0 469.03 788.98 113.22 179.56 355.81 609.42
ynao_sd_19710307_0240_gu 4 1 3 2 0 291.72 475.44 50.25 82.57 241.47 392.87
ynao_sd_19710308_0045_gu 4 2 2 2 0 177.07 396.74 46.75 107.42 130.32 289.32
ynao_sd_19710309_0340_gu 3 2 1 1 0 52.29 131.85 19.96 46.36 32.33 85.49
ynao_sd_19710310_0040_gu 1 1 0 0 0 12.63 53.91 12.63 53.91 0 0
ynao_sd_19710311_0110_chen 2 0 2 1 0 32.15 68.1 4.33 9.18 27.82 58.92
ynao_sd_19710312_0105_gu 8 7 1 1 0 139.5 314.29 80.34 222.0 59.16 92.29
ynao_sd_19710314_0510_gu 5 3 2 1 0 236.62 287.91 141.56 181.71 95.06 106.2
ynao_sd_19710315_0515_gu 14 13 1 1 0 262.3 317.74 149.38 193.12 112.92 124.62
ynao_sd_19710316_0135_gu 23 20 3 1 0 227.89 255.03 133.87 150.88 94.02 104.15
ynao_sd_19710317_0055_gu 15 13 2 1 0 240.17 273.5 101.57 111.5 138.6 162.0
ynao_sd_19710318_0105_li 6 4 2 1 0 148.34 187.56 34.72 40.53 113.62 147.03
ynao_sd_19710319_0150_gu 3 2 1 1 0 128.34 196.79 34.52 49.89 93.82 146.9
ynao_sd_19710320_0125_gu 4 3 1 1 0 129.24 247.98 31.27 51.67 97.97 196.31
ynao_sd_19710321_0105_li 2 2 0 1 0 47.44 126.3 10.5 13.02 36.94 113.28
ynao_sd_19710322_0105_gu 6 6 0 0 0 35.45 45.45 35.45 45.45 0 0
ynao_sd_19710323_0020_li 8 8 0 0 0 32.7 41.37 32.7 41.37 0 0
ynao_sd_19710324_0025_li 2 2 0 0 0 7.98 9.66 7.98 9.66 0 0
ynao_sd_19710325_0035_li 0 0 0 0 0 0 0 0 0 0 0
ynao_sd_19710326_0040_li 1 1 0 0 0 9.54 14.77 9.54 14.77 0 0
ynao_sd_19710327_0320_li 3 2 1 1 0 50.05 87.11 14.18 23.05 35.87 64.06
ynao_sd_19710328_0040_li 2 1 1 1 0 39.28 56.31 11.21 15.43 28.07 40.88
ynao_sd_19710329_0025_li 1 0 1 1 0 57.18 73.26 5.65 7.24 51.53 66.02
ynao_sd_19710330_0040_gu 10 9 1 1 0 95.08 119.19 58.09 75.0 36.99 44.19
ynao_sd_19710331_0040_gu 5 5 0 0 0 71.34 86.26 71.34 86.26 0 0
ynao_sd_19710401_0905_li 7 6 1 1 0 100.16 108.66 49.79 54.25 50.37 54.41
ynao_sd_19710402_0030_gu 20 20 0 0 0 122.51 168.14 122.51 168.14 0 0
ynao_sd_19710403_0040_gu 9 9 0 0 0 67.09 80.9 67.09 80.9 0 0
ynao_sd_19710404_0410_li 4 1 3 2 0 142.31 372.16 23.92 49.19 118.39 322.97
ynao_sd_19710405_0055_gu 5 3 2 1 0 208.26 401.29 64.2 111.81 144.06 289.48
ynao_sd_19710406_0045_gu 5 2 3 1 0 296.09 445.43 59.32 89.81 236.77 355.62
ynao_sd_19710407_0230_gu 20 17 3 2 0 354.11 444.19 156.41 198.98 197.7 245.21
ynao_sd_19710408_0020_li 18 12 6 3 0 418.03 519.26 118.11 155.23 299.92 364.03
ynao_sd_19710409_0625_gu 11 7 4 2 0 486.7 752.29 151.34 238.72 335.36 513.57
ynao_sd_19710410_0150_li 10 6 4 3 0 416.68 777.24 71.5 161.95 345.18 615.29
ynao_sd_19710411_0017_li 3 1 2 2 0 241.18 420.44 32.52 82.96 208.66 337.48
ynao_sd_19710412_0035_gu 16 14 2 3 0 595.05 1421.91 234.34 518.22 360.71 903.69
ynao_sd_19710413_0045_gu 22 15 7 6 0 765.55 1430.54 215.45 390.84 550.1 1039.7
ynao_sd_19710414_0040_li 11 5 6 6 0 694.06 1060.79 118.97 185.95 575.09 874.84
ynao_sd_19710415_0535_gu 24 18 6 5 0 988.47 1226.02 269.04 364.0 719.43 862.02
ynao_sd_19710416_0140_li 15 10 5 5 0 799.0 902.2 188.18 226.3 610.82 675.9
ynao_sd_19710417_0010_li 29 20 9 5 0 867.54 952.21 233.28 280.64 634.26 671.57
ynao_sd_19710418_0035_li 32 27 5 4 0 922.98 983.45 265.37 294.85 657.61 688.6
ynao_sd_19710419_0025_li 27 22 5 6 0 938.1 1042.89 249.38 286.59 688.72 756.3
ynao_sd_19710420_0030_li 26 18 8 8 0 942.38 1109.15 202.98 236.34 739.4 872.81
ynao_sd_19710421_0120_li 31 26 5 4 0 640.12 884.76 205.77 270.25 434.35 614.51
ynao_sd_19710422_0100_li 12 10 2 2 0 375.11 642.97 117.41 220.32 257.7 422.65
ynao_sd_19710423_0002_li 10 8 2 2 0 240.72 575.01 75.93 179.92 164.79 395.09
ynao_sd_19710424_0030_chen 7 6 1 1 0 74.86 284.55 31.89 109.6 42.97 174.95
ynao_sd_19710425_0020_li 5 5 0 0 0 23.36 52.32 23.36 52.32 0 0
ynao_sd_19710426_0010_li 11 11 0 0 0 60.52 67.63 60.52 67.63 0 0
ynao_sd_19710427_0040_li 10 7 3 2 0 322.48 347.2 82.41 95.71 240.07 251.49
ynao_sd_19710428_0110_li 18 14 4 2 0 421.53 512.9 126.35 211.78 295.18 301.12
ynao_sd_19710429_0020_li 14 8 6 3 0 346.99 370.35 86.27 97.42 260.72 272.93
ynao_sd_19710430_0010_li 6 2 4 3 0 194.36 224.35 33.69 39.91 160.67 184.44
ynao_sd_19710501_0035_li 2 1 1 2 0 65.68 84.03 7.26 8.81 58.42 75.22
ynao_sd_19710502_0102_gu 15 15 0 0 0 120.1 353.09 120.1 353.09 0 0
ynao_sd_19710503_0005_li 16 15 1 1 0 156.53 321.09 92.56 155.82 63.97 165.27
ynao_sd_19710504_0010_li 17 11 6 3 0 380.26 541.33 84.78 118.51 295.48 422.82
ynao_sd_19710505_0750_li 33 29 4 3 0 684.08 783.02 204.27 230.67 479.81 552.35
ynao_sd_19710508_0600_li 36 19 17 7 0 2375.92 2628.37 358.24 409.86 2017.68 2218.51
ynao_sd_19710509_0230_li 36 14 22 8 0 2336.4 2794.42 366.61 475.68 1969.79 2318.74
ynao_sd_19710510_0113_gu 41 21 20 10 0 1906.08 2559.93 437.01 612.88 1469.07 1947.05
ynao_sd_19710511_0100_gu 56 43 13 7 0 1322.9 2298.1 416.97 822.13 905.93 1475.97
ynao_sd_19710512_0332_gu 40 25 15 6 0 1003.78 2334.92 318.89 698.7 684.89 1636.22
ynao_sd_19710513_0013_gu 46 38 8 3 0 761.72 1434.36 323.84 521.98 437.88 912.38
ynao_sd_19710514_0025_li 31 27 4 1 0 533.71 724.06 203.34 258.58 330.37 465.48
ynao_sd_19710515_0020_li 21 15 6 2 0 366.59 438.9 125.59 153.68 241.0 285.22
ynao_sd_19710516_0025_li 17 14 3 3 0 479.14 514.78 100.84 117.07 378.3 397.71
ynao_sd_19710517_0015_gu 37 33 4 3 0 434.82 548.28 210.69 320.62 224.13 227.66
ynao_sd_19710518_0030_gu 15 13 2 1 0 306.67 355.95 133.19 179.12 173.48 176.83
ynao_sd_19710519_0025_li 18 13 5 4 0 247.9 306.29 101.99 126.71 145.91 179.58
ynao_sd_19710520_0730_li 11 8 3 2 0 120.36 162.17 41.17 59.69 79.19 102.48
ynao_sd_19710521_0100_li 14 13 1 1 0 107.79 180.25 76.13 132.32 31.66 47.93
ynao_sd_19710522_0002_li 8 8 0 0 0 55.38 72.41 55.38 72.41 0 0
ynao_sd_19710523_0025_li 3 3 0 0 0 16.55 57.13 16.55 57.13 0 0
ynao_sd_19710524_0750_li 4 4 0 0 0 18.45 38.06 18.45 38.06 0 0
ynao_sd_19710526_0630_gu 22 19 3 2 0 579.83 722.56 225.42 287.78 354.41 434.78
ynao_sd_19710527_0237_gu 25 23 2 1 0 453.32 505.52 187.78 215.04 265.54 290.48
ynao_sd_19710530_0205_li 21 14 7 3 0 600.62 647.35 134.25 153.45 466.37 493.9
ynao_sd_19710531_0130_li 9 5 4 3 0 584.35 674.88 83.86 97.5 500.49 577.38
ynao_sd_19710601_0246_gu 30 21 9 2 0 653.01 864.97 210.55 268.31 442.46 596.66
ynao_sd_19710602_0220_li 9 7 2 1 0 218.8 382.37 61.44 95.13 157.36 287.24
ynao_sd_19710603_0230_li 13 12 1 1 0 131.64 282.32 60.24 85.21 71.4 197.11
ynao_sd_19710604_0030_li 1 1 0 0 0 6.31 19.63 6.31 19.63 0 0
ynao_sd_19710606_0620_li 3 1 2 1 0 205.21 206.57 24.63 24.79 180.58 181.78
ynao_sd_19710607_0120_li 0 0 0 0 0 0 0 0 0 0 0
ynao_sd_19710609_0250_li 6 5 1 1 0 144.79 168.21 45.96 54.16 98.83 114.05
ynao_sd_19710611_0350_li 2 1 1 1 0 92.05 165.76 13.74 23.1 78.31 142.66
ynao_sd_19710612_0025_li 13 12 1 1 0 93.47 163.75 54.48 64.71 38.99 99.04
ynao_sd_19710613_0420_li 11 11 0 0 0 44.56 64.19 44.56 64.19 0 0
ynao_sd_19710614_0935_chen 5 5 0 0 0 32.87 57.31 32.87 57.31 0 0
ynao_sd_19710615_0019_gu 2 2 0 0 0 9.62 12.74 9.62 12.74 0 0
ynao_sd_19710616_0525_chen 0 0 0 0 0 0 0 0 0 0 0
ynao_sd_19710617_0015_li 0 0 0 0 0 0 0 0 0 0 0
ynao_sd_19710618_0013_gu 6 6 0 0 0 49.35 89.96 49.35 89.96 0 0
ynao_sd_19710619_0648_gu 3 3 0 1 0 49.66 137.02 31.25 85.72 18.41 51.3
ynao_sd_19710620_0545_li 6 6 0 0 0 35.43 73.21 35.43 73.21 0 0
ynao_sd_19710621_0325_gu 11 11 0 0 0 79.46 117.05 79.46 117.05 0 0
ynao_sd_19710623_0715_li 3 3 0 0 0 14.19 18.21 14.19 18.21 0 0
ynao_sd_19710624_0335_li 3 3 0 0 0 13.06 14.08 13.06 14.08 0 0
ynao_sd_19710625_0300_li 9 7 2 1 0 106.69 148.2 55.41 78.44 51.28 69.76
ynao_sd_19710627_0505_li 45 42 3 2 0 259.78 366.67 201.75 304.8 58.03 61.87
ynao_sd_19710628_0115_gu 59 55 4 3 0 473.93 751.02 305.18 381.93 168.75 369.09
ynao_sd_19710629_0330_gu 39 38 1 1 0 363.6 487.09 257.92 300.37 105.68 186.72
ynao_sd_19710701_0520_gu 33 24 9 6 0 874.53 1020.21 259.69 300.21 614.84 720.0
ynao_sd_19710702_0225_gu 22 14 8 4 0 664.74 810.22 183.83 220.09 480.91 590.13
ynao_sd_19710703_0150_gu 18 12 6 3 0 530.47 705.54 146.99 186.55 383.48 518.99
ynao_sd_19710704_0340_gu 6 4 2 2 0 296.61 480.93 83.25 112.78 213.36 368.15
ynao_sd_19710705_0715_gu 3 2 1 1 0 216.95 247.99 37.75 46.37 179.2 201.62
ynao_sd_19710707_0245_gu 1 0 1 1 0 83.62 124.0 15.02 22.25 68.6 101.75
ynao_sd_19710708_0135_gu 1 0 1 1 0 79.78 152.46 14.72 28.16 65.06 124.3
ynao_sd_19710709_0140_gu 1 0 1 1 0 71.34 208.37 9.55 27.83 61.79 180.54
ynao_sd_19710710_0400_chen 1 1 0 0 0 35.41 154.13 35.41 154.13 0 0
ynao_sd_19710711_0810_li 5 4 1 1 0 155.83 309.77 37.02 74.89 118.81 234.88
ynao_sd_19710712_0240_chen 5 2 3 2 0 167.47 513.59 27.69 63.2 139.78 450.39
ynao_sd_19710713_0445_gu 11 6 5 3 0 754.58 1752.87 154.66 332.92 599.92 1419.95
ynao_sd_19710715_0700_li 30 19 11 4 0 1186.34 1541.15 218.51 273.0 967.83 1268.15
ynao_sd_19710716_0200_chen 24 16 8 6 0 892.77 1006.55 201.96 228.18 690.81 778.37
ynao_sd_19710717_0650_li 33 26 7 4 0 1369.45 1426.81 418.38 434.71 951.07 992.1
ynao_sd_19710718_0030_li 29 24 5 4 0 941.36 971.28 209.57 217.75 731.79 753.53
ynao_sd_19710719_0420_li 50 46 4 3 0 964.96 1038.95 314.89 349.42 650.07 689.53
ynao_sd_19710720_0750_gu 58 35 23 8 0 1250.25 1386.09 442.42 480.0 807.83 906.09
ynao_sd_19710721_0450_li 30 22 8 7 0 738.13 901.01 218.8 250.45 519.33 650.56
ynao_sd_19710722_0022_gu 42 33 9 8 0 931.27 1249.68 296.95 373.84 634.32 875.84
ynao_sd_19710723_0040_gu 26 17 9 4 0 794.58 1138.2 265.5 343.85 529.08 794.35
ynao_sd_19710724_0640_li 31 28 3 4 0 754.34 1192.09 234.76 331.59 519.58 860.5
ynao_sd_19710725_0540_li 43 32 11 6 0 1671.51 3666.53 407.2 536.13 1264.31 3130.4
ynao_sd_19710726_0060_li 42 38 4 2 0 780.48 1236.19 412.34 583.13 368.14 653.06
ynao_sd_19710727_0030_li 33 29 4 2 0 405.84 677.27 175.09 256.01 230.75 421.26
ynao_sd_19710801_0140_gu 10 10 0 0 0 47.26 53.71 47.26 53.71 0 0
ynao_sd_19710802_0418_gu 13 13 0 0 0 90.35 90.81 90.35 90.81 0 0
ynao_sd_19710803_0440_gu 6 6 0 0 0 42.66 43.36 42.66 43.36 0 0
ynao_sd_19710804_0045_gu 4 4 0 0 0 26.15 28.57 26.15 28.57 0 0
ynao_sd_19710805_0750_gu 4 4 0 0 0 18.02 22.55 18.02 22.55 0 0
ynao_sd_19710806_0030_gu 1 1 0 0 0 5.87 8.8 5.87 8.8 0 0
ynao_sd_19710807_0100_gu 4 4 0 0 0 20.19 30.16 20.19 30.16 0 0
ynao_sd_19710808_0045_gu 9 8 1 1 0 89.42 89.95 40.93 41.16 48.49 48.79
ynao_sd_19710809_0220_li 26 25 1 1 0 303.94 335.39 131.75 152.82 172.19 182.57
ynao_sd_19710810_0420_li 15 14 1 1 0 246.68 318.46 84.31 120.98 162.37 197.48
ynao_sd_19710811_0200_li 11 8 3 2 0 152.51 212.66 58.77 78.52 93.74 134.14
ynao_sd_19710812_0020_li 17 15 2 1 0 135.67 237.62 92.78 157.06 42.89 80.56
ynao_sd_19710813_0850_li 10 10 0 1 0 90.52 185.5 64.37 143.38 26.15 42.12
ynao_sd_19710814_0220_li 10 9 1 1 0 84.72 172.69 51.56 126.97 33.16 45.72
ynao_sd_19710815_0305_li 7 5 2 1 0 123.53 280.97 33.84 63.82 89.69 217.15
ynao_sd_19710819_0705_gu 4 3 1 1 0 294.92 305.9 39.59 41.88 255.33 264.02
ynao_sd_19710820_0710_gu 12 11 1 1 0 361.18 381.78 107.22 126.5 253.96 255.28
ynao_sd_19710821_0335_li 12 11 1 1 0 345.07 356.29 91.5 95.85 253.57 260.44
ynao_sd_19710822_0105_gu 10 9 1 1 0 320.33 386.49 101.76 147.81 218.57 238.68
ynao_sd_19710823_0820_li 2 1 1 1 0 172.14 225.79 23.22 29.36 148.92 196.43
ynao_sd_19710827_0110_li 2 2 0 0 0 51.67 56.46 51.67 56.46 0 0
ynao_sd_19710828_0035_li 1 1 0 0 0 5.43 35.38 5.43 35.38 0 0
ynao_sd_19710829_0520_li 2 2 0 0 0 16.84 48.81 16.84 48.81 0 0
ynao_sd_19710830_0105_gu 0 0 0 0 0 0 0 0 0 0 0
ynao_sd_19710831_0030_gu 2 2 0 0 0 15.85 22.01 15.85 22.01 0 0
ynao_sd_19710901_0220_gu 2 2 0 0 0 14.69 15.78 14.69 15.78 0 0
ynao_sd_19710902_0001_gu 0 0 0 0 0 0 0 0 0 0 0
ynao_sd_19710903_0038_gu 4 4 0 0 0 27.89 34.56 27.89 34.56 0 0
ynao_sd_19710904_0300_gu 2 2 0 0 0 24.79 28.54 24.79 28.54 0 0
ynao_sd_19710905_0300_li 3 2 1 0 0 15.56 15.91 21.65 22.14 6.09 6.23
ynao_sd_19710906_0042_gu 21 17 4 1 0 190.91 219.73 140.83 159.78 50.08 59.95
ynao_sd_19710907_0805_gu 16 11 5 5 0 366.74 552.47 122.85 173.84 243.89 378.63
ynao_sd_19710908_0047_gu 30 22 8 2 0 485.62 882.19 212.03 354.01 273.59 528.18
ynao_sd_19710909_0115_gu 11 8 3 1 0 78.95 206.72 63.93 146.11 15.02 60.61
ynao_sd_19710910_0235_gu 11 10 1 1 0 92.28 320.96 57.46 137.85 34.82 183.11
ynao_sd_19710911_0424_gu 3 2 1 1 0 67.0 176.63 18.1 46.04 48.9 130.59
ynao_sd_19710912_0646_gu 3 2 1 1 0 110.07 198.48 29.55 66.38 80.52 132.1
ynao_sd_19710913_0415_gu 2 1 1 2 0 144.26 406.49 16.43 20.95 127.83 385.54
ynao_sd_19710914_0645_gu 5 2 3 2 0 265.67 507.72 43.24 77.73 222.43 429.99
ynao_sd_19710915_0420_li 5 3 2 2 0 209.73 357.15 42.89 105.11 166.84 252.04
ynao_sd_19710920_0742_gu 5 3 2 2 0 208.07 220.15 49.37 53.43 158.7 166.72
ynao_sd_19710921_0018_gu 16 12 4 2 0 329.34 375.37 157.53 188.9 171.81 186.47
ynao_sd_19710922_0002_li 20 16 4 3 0 252.88 352.95 97.21 142.35 155.67 210.6
ynao_sd_19710923_0941_gu 8 5 3 2 0 116.85 265.36 54.54 118.12 62.31 147.24
ynao_sd_19710924_0345_gu 5 5 0 0 0 26.48 67.15 26.48 67.15 0 0
ynao_sd_19710927_0805_gu 0 0 0 0 0 0 0 0 0 0 0
ynao_sd_19710928_0315_gu 2 0 2 1 0 185.93 962.7 24.85 122.48 161.08 840.22
ynao_sd_19710929_0315_gu 6 2 4 3 0 428.3 1141.28 49.23 139.87 379.07 1001.41
ynao_sd_19710930_0315_li 7 3 4 2 0 750.01 1467.36 81.53 181.53 668.48 1285.83
ynao_sd_19711002_0330_chen 27 19 8 1 0 647.09 784.28 178.95 246.28 468.14 538.0
ynao_sd_19711003_0206_gu 22 17 5 1 0 609.55 678.34 218.33 269.46 391.22 408.88
ynao_sd_19711004_0442_gu 19 16 3 2 0 612.73 619.24 126.64 130.74 486.09 488.5
ynao_sd_19711007_0230_gu 6 4 2 1 0 467.32 563.27 83.81 99.42 383.51 463.85
ynao_sd_19711008_0220_gu 13 10 3 1 0 379.69 554.98 98.46 146.92 281.23 408.06
ynao_sd_19711009_0008_gu 21 19 2 1 0 362.01 617.28 162.53 243.4 199.48 373.88
ynao_sd_19711012_0010_gu 11 9 2 1 0 138.89 210.49 68.49 112.38 70.4 98.11
ynao_sd_19711013_0125_gu 3 3 0 0 0 22.96 26.16 22.96 26.16 0 0
ynao_sd_19711014_0020_gu 2 2 0 0 0 12.75 56.96 12.75 56.96 0 0
ynao_sd_19711015_0010_gu 0 0 0 0 0 0 0 0 0 0 0
ynao_sd_19711016_0015_li 6 6 0 0 0 49.57 169.71 49.57 169.71 0 0
ynao_sd_19711017_0025_li 10 8 2 1 0 187.45 428.0 76.89 196.52 110.56 231.48
ynao_sd_19711018_0150_li 13 9 4 2 0 454.55 682.46 100.4 151.38 354.15 531.08
ynao_sd_19711019_0050_li 18 7 11 6 0 1369.94 1756.69 167.41 257.31 1202.53 1499.38
ynao_sd_19711020_0140_li 24 12 12 4 0 1835.82 2019.3 238.61 271.76 1597.21 1747.54
ynao_sd_19711021_0120_li 37 16 21 3 0 2317.98 2378.58 352.67 368.02 1965.31 2010.56
ynao_sd_19711022_0140_li 37 26 11 3 0 3001.73 3015.64 527.49 532.22 2474.24 2483.42
ynao_sd_19711023_0210_li 53 29 24 9 0 2047.44 2141.16 374.49 388.05 1672.95 1753.11
ynao_sd_19711024_0020_li 56 26 30 10 0 2987.22 3349.72 446.33 495.31 2540.89 2854.41
ynao_sd_19711029_0510_li 10 9 1 1 0 481.86 597.55 97.52 139.51 384.34 458.04
ynao_sd_19711030_0250_li 12 11 1 1 0 509.44 552.11 117.35 131.17 392.09 420.94
ynao_sd_19711031_0200_gu 6 5 1 1 0 560.44 572.58 116.96 121.45 443.48 451.13
ynao_sd_19711101_0025_li 6 5 1 1 0 541.0 587.36 102.85 145.78 438.15 441.58
ynao_sd_19711102_0015_li 3 2 1 1 0 469.32 503.05 64.79 78.89 404.53 424.16
ynao_sd_19711103_0020_li 12 11 1 1 0 477.58 565.2 97.56 128.19 380.02 437.01
ynao_sd_19711104_0910_li 13 10 3 2 0 463.52 634.96 90.85 119.85 372.67 515.11
ynao_sd_19711105_0005_li 15 11 4 2 0 418.99 618.35 81.45 105.91 337.54 512.44
ynao_sd_19711106_0015_guo 12 10 2 2 0 335.29 650.03 110.41 194.58 224.88 455.45
ynao_sd_19711108_0015_li 9 9 0 0 0 74.06 130.66 74.06 130.66 0 0
ynao_sd_19711109_0035_guo 10 10 0 0 0 74.88 78.08 74.88 78.08 0 0
ynao_sd_19711110_0040_guo 5 5 0 0 0 21.54 23.05 21.54 23.05 0 0
ynao_sd_19711111_0200_guo 3 3 0 0 0 18.86 43.0 18.86 43.0 0 0
ynao_sd_19711112_0150_li 4 4 0 0 0 24.93 97.76 24.93 97.76 0 0
ynao_sd_19711114_0100_li 1 1 0 0 0 6.68 17.91 6.68 17.91 0 0
ynao_sd_19711115_0035_li 1 1 0 0 0 5.87 10.62 5.87 10.62 0 0
ynao_sd_19711116_0015_li 3 3 0 0 0 13.47 17.56 13.47 17.56 0 0
ynao_sd_19711117_0040_li 3 3 0 0 0 24.52 62.41 24.52 62.41 0 0
ynao_sd_19711118_0030_li 6 6 0 0 0 25.58 26.4 25.58 26.4 0 0
ynao_sd_19711119_0020_li 5 5 0 0 0 20.66 31.32 20.66 31.32 0 0
ynao_sd_19711120_0025_li 3 3 0 0 0 12.24 22.02 12.24 22.02 0 0
ynao_sd_19711121_0115_li 2 2 0 0 0 10.05 24.61 10.05 24.61 0 0
ynao_sd_19711122_0030_li 4 2 2 1 0 211.53 968.53 37.43 94.49 174.1 874.04
ynao_sd_19711123_0045_li 10 4 6 4 0 468.87 1138.24 76.47 204.17 392.4 934.07
ynao_sd_19711124_0120_li 18 11 7 2 0 563.7 946.16 125.36 241.97 438.34 704.19
ynao_sd_19711125_0035_li 15 10 5 2 0 701.3 927.79 131.01 185.27 570.29 742.52
ynao_sd_19711126_0055_li 19 15 4 2 0 702.74 843.07 146.41 214.25 556.33 628.82
ynao_sd_19711127_0035_li 32 24 8 2 0 706.67 744.11 201.74 214.08 504.93 530.03
ynao_sd_19711128_0040_li 21 17 4 3 0 402.8 412.12 151.42 155.08 251.38 257.04
ynao_sd_19711201_0215_li 7 5 2 1 0 81.19 104.18 30.27 38.81 50.92 65.37
ynao_sd_19711202_0115_li 4 2 2 1 0 50.22 79.09 17.77 28.19 32.45 50.9
ynao_sd_19711203_0310_li 6 5 1 1 0 65.34 151.14 41.16 97.41 24.18 53.73
ynao_sd_19711204_0025_li 4 4 0 0 0 18.12 73.95 18.12 73.95 0 0
ynao_sd_19711205_0030_li 2 2 0 0 0 10.75 10.84 10.75 10.84 0 0
ynao_sd_19711206_0100_li 11 10 1 1 0 179.88 187.44 84.51 87.86 95.37 99.58
ynao_sd_19711207_0110_li 11 11 0 0 0 74.15 80.83 74.15 80.83 0 0
ynao_sd_19711208_0920_li 20 20 0 0 0 124.87 166.0 124.87 166.0 0 0
ynao_sd_19711209_0040_li 20 20 0 0 0 142.78 173.22 142.78 173.22 0 0
ynao_sd_19711210_0110_li 40 40 0 0 0 236.71 373.39 236.71 373.39 0 0
ynao_sd_19711211_0620_li 35 29 6 3 0 575.44 1114.24 219.47 304.64 355.97 809.6
ynao_sd_19711212_0330_li 25 15 10 4 0 968.01 1448.1 196.97 266.0 771.04 1182.1
ynao_sd_19711213_0045_li 28 19 9 5 0 956.02 1259.66 215.81 243.01 740.21 1016.65
ynao_sd_19711214_0600_li 40 27 13 5 0 978.49 1143.83 207.61 239.91 770.88 903.92
ynao_sd_19711216_0305_li 26 19 7 4 0 671.99 814.1 174.57 241.51 497.42 572.59
ynao_sd_19711217_0300_li 35 28 7 5 0 604.0 781.67 249.99 296.92 354.01 484.75
ynao_sd_19711218_0040_li 29 16 13 9 0 668.34 838.69 163.48 182.73 504.86 655.96
ynao_sd_19711219_0240_li 17 9 8 5 0 491.97 650.57 103.24 123.42 388.73 527.15
ynao_sd_19711220_0430_li 6 3 3 2 0 346.63 423.63 62.31 77.87 284.32 345.76
ynao_sd_19711222_0415_li 4 2 2 2 0 118.48 229.59 20.91 36.44 97.57 193.15
ynao_sd_19711224_0115_guo 0 0 0 0 0 0 0 0 0 0 0
ynao_sd_19711225_0145_guo 0 0 0 0 0 0 0 0 0 0 0
ynao_sd_19711226_0300_guo 2 2 0 0 0 9.55 10.15 9.55 10.15 0 0
ynao_sd_19711227_0405_li 1 1 0 0 0 5.52 6.6 5.52 6.6 0 0
ynao_sd_19711228_0055_li 2 2 0 0 0 20.24 43.19 20.24 43.19 0 0
ynao_sd_19711229_0050_li 1 1 0 0 0 6.01 13.02 6.01 13.02 0 0
