ynao_sd_19720101_0510_li 2 2 0 0 0 10.29 12.58 10.29 12.58 0 0
ynao_sd_19720104_0600_li 0 0 0 0 0 0 0 0 0 0 0
ynao_sd_19720107_0345_guo 7 6 1 2 0 104.35 157.12 47.58 66.92 56.77 90.2
ynao_sd_19720108_0125_guo 9 9 0 0 0 74.68 141.11 74.68 141.11 0 0
ynao_sd_19720109_0245_li 2 2 0 0 0 10.51 12.49 10.51 12.49 0 0
ynao_sd_19720110_0055_guo 1 1 0 0 0 8.29 12.77 8.29 12.77 0 0
ynao_sd_19720111_0120_guo 1 1 0 0 0 7.05 10.37 7.05 10.37 0 0
ynao_sd_19720112_0210_guo 1 1 0 0 0 3.82 4.31 3.82 4.31 0 0
ynao_sd_19720113_0050_guo 1 1 0 0 0 3.52 18.18 3.52 18.18 0 0
ynao_sd_19720114_0710_guo 1 1 0 0 0 6.82 24.21 6.82 24.21 0 0
ynao_sd_19720115_0155_guo 1 1 0 0 0 4.78 11.39 4.78 11.39 0 0
ynao_sd_19720116_0315_li 3 3 0 0 0 38.7 52.55 38.7 52.55 0 0
ynao_sd_19720117_0425_guo 3 3 0 0 0 39.14 49.55 39.14 49.55 0 0
ynao_sd_19720118_0050_guo 3 3 0 0 0 37.47 78.74 37.47 78.74 0 0
ynao_sd_19720119_0050_guo 6 6 0 0 0 42.33 50.6 42.33 50.6 0 0
ynao_sd_19720120_0110_li 11 11 0 0 0 100.66 107.29 100.66 107.29 0 0
ynao_sd_19720121_0100_guo 11 5 6 3 0 630.99 695.59 147.38 163.15 483.61 532.44
ynao_sd_19720122_0115_guo 23 18 5 4 0 645.2 885.34 208.82 300.01 436.38 585.33
ynao_sd_19720123_0100_li 10 7 3 4 0 405.02 722.07 83.21 137.14 321.81 584.93
ynao_sd_19720124_0100_guo 15 11 4 4 0 417.16 918.64 152.17 288.26 264.99 630.38
ynao_sd_19720125_0112_guo 10 7 3 3 0 219.3 616.56 78.68 180.1 140.62 436.46
ynao_sd_19720126_0115_guo 7 6 1 1 0 139.33 311.3 63.61 165.73 75.72 145.57
ynao_sd_19720127_0150_li 4 3 1 1 0 101.93 155.17 28.82 51.7 73.11 103.47
ynao_sd_19720128_0135_li 4 3 1 1 0 178.15 217.69 30.26 38.94 147.89 178.75
ynao_sd_19720129_0055_li 7 6 1 1 0 201.01 225.61 54.88 64.85 146.13 160.76
ynao_sd_19720130_0620_li 3 1 2 1 0 149.07 158.89 20.86 23.48 128.21 135.41
ynao_sd_19720131_0105_guo 6 4 2 1 0 217.07 269.11 91.4 135.69 125.67 133.42
ynao_sd_19720201_0105_li 11 8 3 2 0 109.38 140.71 55.71 80.14 53.67 60.57
ynao_sd_19720202_0100_li 7 6 1 1 0 58.05 70.71 33.71 39.74 24.34 30.97
ynao_sd_19720203_0130_li 8 7 1 1 0 88.45 111.91 65.95 82.67 22.5 29.24
ynao_sd_19720204_0320_li 12 9 3 1 0 91.25 135.09 84.32 122.86 6.93 12.23
ynao_sd_19720205_0055_li 4 1 3 3 0 82.85 166.39 21.58 42.34 61.27 124.05
ynao_sd_19720206_0338_gu 9 9 0 0 0 95.44 232.7 95.44 232.7 0 0
ynao_sd_19720207_0350_li 0 0 0 0 0 0 0 0 0 0 0
ynao_sd_19720208_0050_li 2 2 0 0 0 12.76 49.53 12.76 49.53 0 0
ynao_sd_19720210_0100_li 4 3 1 1 0 169.41 340.76 42.35 105.73 127.06 235.03
ynao_sd_19720211_0045_li 5 3 2 1 0 233.29 442.53 60.32 186.56 172.97 255.97
ynao_sd_19720212_0050_li 7 5 2 2 0 325.12 479.07 56.63 95.03 268.49 384.04
ynao_sd_19720213_0045_li 22 20 2 2 0 407.95 518.17 162.34 209.2 245.61 308.97
ynao_sd_19720214_0105_li 8 5 3 3 0 364.62 413.02 80.88 91.79 283.74 321.23
ynao_sd_19720215_0115_li 3 1 2 2 0 315.92 349.37 54.49 60.33 261.43 289.04
ynao_sd_19720216_0015_li 7 4 3 3 0 478.35 1136.06 81.0 150.01 397.35 986.05
ynao_sd_19720217_0015_li 12 7 5 3 0 755.33 1802.68 169.53 466.09 585.8 1336.59
ynao_sd_19720218_0045_li 26 10 16 6 0 1158.54 2153.72 197.17 357.98 961.37 1795.74
ynao_sd_19720219_0140_li 46 24 22 6 0 1750.92 2572.92 324.01 476.25 1426.91 2096.67
ynao_sd_19720220_0110_li 56 33 23 6 0 1832.63 2325.3 366.17 485.55 1466.46 1839.75
ynao_sd_19720221_0055_li 48 33 15 10 0 1894.67 2082.74 360.59 419.01 1534.08 1663.73
ynao_sd_19720222_0050_li 60 37 23 9 1 1965.3 2071.4 380.32 422.16 1584.98 1649.24
ynao_sd_19720223_0125_li 58 40 18 7 0 1725.2 1885.9 381.01 469.06 1344.19 1416.84
ynao_sd_19720224_0150_li 29 14 15 7 0 1223.74 1383.48 145.53 164.68 1078.21 1218.8
ynao_sd_19720225_0130_li 32 22 10 7 0 952.22 1259.07 200.01 281.55 752.21 977.52
ynao_sd_19720226_0625_li 14 10 4 2 0 407.59 781.87 101.84 183.61 305.75 598.26
ynao_sd_19720227_0655_gu 11 9 2 2 0 262.55 655.57 79.31 159.48 183.24 496.09
ynao_sd_19720302_0620_li 12 11 1 1 0 181.61 237.77 68.67 97.17 112.94 140.6
ynao_sd_19720303_0700_li 12 9 3 2 0 193.58 292.5 61.23 91.28 132.35 201.22
ynao_sd_19720304_0115_li 8 5 3 2 0 169.6 281.35 47.02 67.74 122.58 213.61
ynao_sd_19720305_0100_li 3 3 0 0 0 24.32 47.83 24.32 47.83 0 0
ynao_sd_19720306_0100_li 4 4 0 0 0 20.82 22.8 20.82 22.8 0 0
ynao_sd_19720307_0120_li 2 2 0 0 0 8.44 45.29 8.44 45.29 0 0
ynao_sd_19720308_0050_li 4 3 1 1 0 127.05 423.46 51.38 195.44 75.67 228.02
ynao_sd_19720309_0045_li 9 2 7 4 0 542.92 1415.75 50.04 120.72 492.88 1295.03
ynao_sd_19720310_0040_li 16 10 6 3 0 801.05 1458.82 144.44 261.77 656.61 1197.05
ynao_sd_19720311_0045_li 18 11 7 5 0 863.84 1223.05 171.79 236.86 692.05 986.19
ynao_sd_19720312_0100_li 30 18 12 5 0 1030.35 1260.22 225.1 282.29 805.25 977.93
ynao_sd_19720313_0120_li 36 24 12 5 0 955.3 1070.91 216.82 246.15 738.48 824.76
ynao_sd_19720314_0045_li 36 26 10 4 0 762.9 827.01 201.85 219.08 561.05 607.93
ynao_sd_19720315_0045_li 43 30 13 8 0 845.01 1067.54 216.62 241.03 628.39 826.51
ynao_sd_19720316_0030_li 40 24 16 7 0 1075.41 1300.49 269.88 315.36 805.53 985.13
ynao_sd_19720317_0050_li 41 30 11 7 0 841.52 1125.07 227.64 290.56 613.88 834.51
ynao_sd_19720318_0035_li 29 24 5 4 0 664.22 866.36 190.87 239.61 473.35 626.75
ynao_sd_19720319_0030_li 19 16 3 3 0 603.76 985.34 144.73 317.52 459.03 667.82
ynao_sd_19720320_0015_li 18 10 8 5 0 816.3 1334.99 151.35 257.93 664.95 1077.06
ynao_sd_19720321_0040_li 40 30 10 5 0 871.77 1213.37 232.7 376.27 639.07 837.1
ynao_sd_19720322_0120_li 41 32 9 4 0 851.65 1010.99 227.74 273.34 623.91 737.65
ynao_sd_19720323_0050_gu 43 34 9 4 0 1053.01 1194.03 398.3 454.51 654.71 739.52
ynao_sd_19720324_0030_li 32 28 4 4 0 858.63 979.46 278.19 316.98 580.44 662.48
ynao_sd_19720325_0040_li 40 27 13 5 0 784.47 966.86 211.95 264.23 572.52 702.63
ynao_sd_19720326_0150_li 16 11 5 3 0 343.66 469.48 123.21 207.13 220.45 262.35
ynao_sd_19720327_0040_li 11 10 1 2 0 231.06 311.57 96.59 136.94 134.47 174.63
ynao_sd_19720328_0130_li 3 2 1 1 0 89.46 145.98 29.48 47.24 59.98 98.74
ynao_sd_19720329_0300_li 4 3 1 1 0 39.79 99.76 17.4 46.42 22.39 53.34
ynao_sd_19720330_0020_li 2 2 0 0 0 14.42 43.08 14.42 43.08 0 0
ynao_sd_19720331_0600_li 1 1 0 0 0 4.9 14.59 4.9 14.59 0 0
ynao_sd_19720401_0110_li 0 0 0 0 0 0 0 0 0 0 0
ynao_sd_19720402_0030_li 0 0 0 0 0 0 0 0 0 0 0
ynao_sd_19720403_0320_li 2 2 0 0 0 8.06 8.11 8.06 8.11 0 0
ynao_sd_19720404_0320_li 7 7 0 0 0 40.89 42.47 40.89 42.47 0 0
ynao_sd_19720405_0015_li 4 4 0 0 0 19.84 22.23 19.84 22.23 0 0
ynao_sd_19720406_0030_li 1 1 0 0 0 3.6 4.08 3.6 4.08 0 0
ynao_sd_19720407_0020_li 10 9 1 1 0 90.39 94.59 50.79 52.98 39.6 41.61
ynao_sd_19720408_0940_li 2 0 2 1 0 22.29 23.06 8.28 8.57 14.01 14.49
ynao_sd_19720409_0205_li 2 2 0 0 0 18.49 19.68 18.49 19.68 0 0
ynao_sd_19720411_0100_li 0 0 0 1 0 27.91 87.37 0 0 27.91 87.37
ynao_sd_19720412_0100_li 2 1 1 1 0 52.18 97.07 12.86 20.14 39.32 76.93
ynao_sd_19720413_0025_li 3 2 1 1 0 74.75 107.57 16.91 21.55 57.84 86.02
ynao_sd_19720414_0140_li 7 6 1 1 0 110.06 133.56 34.83 42.45 75.23 91.11
ynao_sd_19720415_0020_li 3 2 1 1 0 118.54 177.49 27.28 77.96 91.26 99.53
ynao_sd_19720416_0010_li 1 0 1 1 0 101.79 104.46 14.02 14.39 87.77 90.07
ynao_sd_19720417_0010_li 2 1 1 1 0 71.56 75.04 20.87 22.93 50.69 52.11
ynao_sd_19720418_0005_li 2 1 1 1 0 85.14 91.85 17.98 19.64 67.16 72.21
ynao_sd_19720419_0005_li 1 0 1 1 0 51.89 61.8 10.94 13.01 40.95 48.79
ynao_sd_19720420_0010_li 2 1 1 1 0 31.07 45.35 10.01 15.45 21.06 29.9
ynao_sd_19720421_0005_li 4 2 2 1 0 79.38 272.22 36.5 89.78 42.88 182.44
ynao_sd_19720422_0005_li 7 5 2 1 0 113.79 240.58 43.82 74.79 69.97 165.79
ynao_sd_19720423_0015_li 5 3 2 1 0 144.38 230.69 30.84 45.69 113.54 185.0
ynao_sd_19720427_0245_li 18 12 6 3 0 690.12 998.48 142.72 215.3 547.4 783.18
ynao_sd_19720428_0045_hong 30 21 9 5 0 584.42 1021.48 179.38 303.59 405.04 717.89
ynao_sd_19720429_0045_hong 16 10 6 4 0 456.53 1065.2 160.45 390.57 296.08 674.63
ynao_sd_19720430_0050_hong 2 0 2 1 0 104.74 150.96 13.43 19.3 91.31 131.66
ynao_sd_19720501_0005_li 2 1 1 1 0 71.96 129.58 17.42 28.92 54.54 100.66
ynao_sd_19720502_0005_li 1 0 1 1 0 28.21 79.13 3.67 10.36 24.54 68.77
ynao_sd_19720503_0035_hong 3 3 0 0 0 20.59 66.28 20.59 66.28 0 0
ynao_sd_19720504_0030_hong 5 5 0 0 0 26.83 34.21 26.83 34.21 0 0
ynao_sd_19720505_0030_hong 3 3 0 0 0 14.39 20.88 14.39 20.88 0 0
ynao_sd_19720506_0020_li 2 2 0 0 0 9.41 13.43 9.41 13.43 0 0
ynao_sd_19720507_0015_li 7 7 0 0 0 28.06 31.67 28.06 31.67 0 0
ynao_sd_19720508_0045_hong 10 10 0 0 0 57.87 61.17 57.87 61.17 0 0
ynao_sd_19720509_0040_hong 23 20 3 2 0 659.43 727.59 113.77 119.15 545.66 608.44
ynao_sd_19720510_0045_hong 37 33 4 4 0 375.63 408.82 225.55 246.23 150.08 162.59
ynao_sd_19720511_0040_hong 43 24 19 5 0 826.54 970.09 267.95 313.62 558.59 656.47
ynao_sd_19720512_0045_hong 23 14 9 5 0 721.68 968.16 155.45 202.27 566.23 765.89
ynao_sd_19720513_0140_hong 15 9 6 3 0 467.05 857.42 126.31 220.15 340.74 637.27
ynao_sd_19720514_0145_hong 20 16 4 1 0 322.94 854.76 131.95 306.48 190.99 548.28
ynao_sd_19720515_0020_li 5 4 1 1 0 110.82 342.38 36.62 72.47 74.2 269.91
ynao_sd_19720516_0110_hong 4 2 2 2 0 196.92 395.56 39.91 75.04 157.01 320.52
ynao_sd_19720517_0830_hong 16 13 3 2 0 380.99 517.21 153.71 201.8 227.28 315.41
ynao_sd_19720518_0035_hong 15 8 7 3 0 475.55 584.74 123.81 148.7 351.74 436.04
ynao_sd_19720520_0600_li 20 11 9 3 0 538.3 559.0 139.02 144.31 399.28 414.69
ynao_sd_19720521_0105_li 14 5 9 3 0 490.11 509.16 83.17 86.4 406.94 422.76
ynao_sd_19720522_0002_li 13 8 5 3 0 365.48 397.97 110.44 120.12 255.04 277.85
ynao_sd_19720523_0050_hong 17 13 4 3 0 275.02 340.31 98.92 122.1 176.1 218.21
ynao_sd_19720524_0020_hong 8 7 1 1 0 189.9 322.38 69.27 114.47 120.63 207.91
ynao_sd_19720525_0030_hong 18 10 8 3 0 589.17 2032.0 129.76 390.88 459.41 1641.12
ynao_sd_19720526_0035_hong 17 6 11 3 0 810.43 1765.16 198.58 429.32 611.85 1335.84
ynao_sd_19720527_0230_hong 32 24 8 4 0 838.7 1279.54 227.98 379.8 610.72 899.74
ynao_sd_19720528_0145_li 35 27 8 4 0 821.64 1018.99 252.96 330.9 568.68 688.09
ynao_sd_19720529_0020_li 37 27 10 5 0 902.61 1001.9 199.53 236.92 703.08 764.98
ynao_sd_19720531_0740_hong 44 29 15 5 0 1018.39 1140.66 240.12 274.16 778.27 866.5
ynao_sd_19720601_0300_hong 38 24 14 6 0 1047.66 1155.31 299.14 326.8 748.52 828.51
ynao_sd_19720602_0630_li 21 15 6 3 0 662.31 810.69 176.4 214.49 485.91 596.2
ynao_sd_19720603_0550_li 19 15 4 1 0 502.39 758.52 138.6 206.9 363.79 551.62
ynao_sd_19720604_0210_li 29 26 3 2 0 448.22 750.37 150.17 208.16 298.05 542.21
ynao_sd_19720605_0010_li 22 18 4 3 0 313.71 616.78 120.28 168.76 193.43 448.02
ynao_sd_19720606_0030_hong 24 20 4 2 0 193.21 310.4 131.86 239.52 61.35 70.88
ynao_sd_19720607_0240_hong 18 18 0 1 0 923.86 1095.57 116.09 132.62 807.77 962.95
ynao_sd_19720608_0240_hong 10 8 2 1 0 69.06 72.64 49.08 51.21 19.98 21.43
ynao_sd_19720609_0430_li 3 3 0 0 0 14.1 17.13 14.1 17.13 0 0
ynao_sd_19720610_0105_hong 8 8 0 0 0 44.47 48.43 44.47 48.43 0 0
ynao_sd_19720611_0010_li 2 2 0 0 0 11.37 17.88 11.37 17.88 0 0
ynao_sd_19720612_0805_hong 0 0 0 0 0 0 0 0 0 0 0
ynao_sd_19720613_0130_hong 4 4 0 0 0 19.22 27.13 19.22 27.13 0 0
ynao_sd_19720614_0115_hong 4 4 0 0 0 16.68 20.16 16.68 20.16 0 0
ynao_sd_19720615_0620_li 4 1 3 1 0 146.86 519.04 27.14 93.82 119.72 425.22
ynao_sd_19720617_0330_hong 11 7 4 1 0 322.13 531.73 102.52 192.32 219.61 339.41
ynao_sd_19720619_1025_li 4 2 2 1 0 407.43 436.09 72.15 77.5 335.28 358.59
ynao_sd_19720620_0340_hong 11 9 2 1 0 460.94 477.06 134.65 141.78 326.29 335.28
ynao_sd_19720621_0050_hong 19 15 4 3 0 576.5 995.26 193.29 360.37 383.21 634.89
ynao_sd_19720622_0130_hong 19 8 11 4 0 585.43 900.18 187.81 321.32 397.62 578.86
ynao_sd_19720623_0030_hong 27 13 14 4 0 684.68 921.61 201.09 273.19 483.59 648.42
ynao_sd_19720624_0040_li 24 14 10 5 0 568.39 705.11 172.44 208.87 395.95 496.24
ynao_sd_19720625_0120_li 15 4 11 4 0 542.9 704.71 121.46 172.22 421.44 532.49
ynao_sd_19720626_0120_hong 17 16 1 2 0 240.3 398.62 156.21 202.16 84.09 196.46
ynao_sd_19720627_0140_hong 25 24 1 1 0 204.21 479.72 164.25 297.84 39.96 181.88
ynao_sd_19720629_0125_hong 39 25 14 6 0 668.75 820.01 300.42 386.55 368.33 433.46
ynao_sd_19720630_0320_hong 51 33 18 8 0 846.71 1050.23 391.65 512.27 455.06 537.96
ynao_sd_19720701_0110_hong 40 25 15 7 0 694.32 870.01 301.08 411.19 393.24 458.82
ynao_sd_19720702_0200_li 29 23 6 4 0 428.1 729.57 176.62 251.02 251.48 478.55
ynao_sd_19720703_0002_li 25 18 7 3 0 450.36 751.49 152.38 212.3 297.98 539.19
ynao_sd_19720704_0630_hong 40 30 10 5 0 773.37 1076.2 342.66 454.65 430.71 621.55
ynao_sd_19720705_0030_hong 42 36 6 3 0 708.32 929.79 314.66 408.11 393.66 521.68
ynao_sd_19720706_0035_hong 41 33 8 6 0 859.54 1090.03 375.66 502.37 483.88 587.66
ynao_sd_19720707_0220_hong 30 25 5 5 0 736.59 861.97 245.35 306.41 491.24 555.56
ynao_sd_19720708_0115_hong 25 19 6 2 0 689.77 782.74 209.4 301.27 480.37 481.47
ynao_sd_19720709_0040_li 16 13 3 1 0 568.3 623.48 125.4 169.58 442.9 453.9
ynao_sd_19720710_0045_hong 11 9 2 1 0 540.02 601.95 150.38 168.98 389.64 432.97
ynao_sd_19720711_0050_hong 19 15 4 2 0 446.0 561.13 152.23 188.54 293.77 372.59
ynao_sd_19720712_0415_hong 20 16 4 2 0 368.3 692.01 161.5 360.73 206.8 331.28
ynao_sd_19720713_0105_hong 26 22 4 3 0 276.66 530.31 159.36 264.8 117.3 265.51
ynao_sd_19720714_0235_hong 10 5 5 4 0 744.57 2664.11 125.23 396.1 619.34 2268.01
ynao_sd_19720716_0330_hong 2 2 0 0 0 37.41 64.98 37.41 64.98 0 0
ynao_sd_19720717_0130_hong 4 4 0 0 0 44.72 85.01 44.72 85.01 0 0
ynao_sd_19720718_0045_guo 6 6 0 0 0 26.89 59.91 26.89 59.91 0 0
ynao_sd_19720719_0055_guo 10 10 0 0 0 129.25 188.27 129.25 188.27 0 0
ynao_sd_19720721_0845_guo 14 10 4 2 0 286.5 505.86 96.92 172.73 189.58 333.13
ynao_sd_19720722_0056_guo 17 15 2 3 0 213.07 412.9 98.04 174.98 115.03 237.92
ynao_sd_19720723_0220_guo 9 7 2 2 0 188.53 322.47 82.19 136.0 106.34 186.47
ynao_sd_19720724_0210_hong 6 3 3 1 0 128.05 190.18 41.04 65.61 87.01 124.57
ynao_sd_19720729_0020_li 16 10 6 2 0 491.61 600.3 136.51 168.15 355.1 432.15
ynao_sd_19720731_0330_hong 25 14 11 3 0 1278.05 2741.61 334.21 697.44 943.84 2044.17
ynao_sd_19720801_0035_hong 26 12 14 3 0 1796.83 3002.72 389.56 631.2 1407.27 2371.52
ynao_sd_19720802_0350_hong 19 11 8 2 0 2037.09 2579.04 562.69 710.69 1474.4 1868.35
ynao_sd_19720803_0015_hong 36 20 16 1 0 2346.76 2573.46 611.7 672.21 1735.06 1901.25
ynao_sd_19720804_0020_hong 33 16 17 1 0 2535.19 2590.42 589.54 604.79 1945.65 1985.63
ynao_sd_19720805_0400_hong 38 18 20 2 0 2347.56 2374.95 498.59 507.09 1848.97 1867.86
ynao_sd_19720806_0550_li 32 14 18 1 0 2339.79 2495.19 352.06 376.57 1987.73 2118.62
ynao_sd_19720807_0030_hong 32 10 22 1 0 2068.57 2333.16 514.64 581.62 1553.93 1751.54
ynao_sd_19720808_0030_hong 30 14 16 2 0 1482.56 1960.53 366.62 478.88 1115.94 1481.65
ynao_sd_19720809_0025_hong 28 18 10 2 0 1147.56 1982.7 313.85 570.87 833.71 1411.83
ynao_sd_19720810_0140_hong 18 11 7 1 0 764.51 1926.17 209.83 483.43 554.68 1442.74
ynao_sd_19720811_0135_hong 15 4 11 4 0 542.16 1579.63 135.11 385.4 407.05 1194.23
ynao_sd_19720812_0015_hong 12 7 5 2 0 366.49 910.18 115.47 279.49 251.02 630.69
ynao_sd_19720813_0640_li 11 9 2 1 0 93.97 307.81 46.36 109.08 47.61 198.73
ynao_sd_19720814_0020_li 3 3 0 0 0 17.01 34.32 17.01 34.32 0 0
ynao_sd_19720815_0015_hong 11 11 0 0 0 96.81 273.44 96.81 273.44 0 0
ynao_sd_19720816_0640_hong 14 14 0 1 0 182.56 284.66 112.38 132.27 70.18 152.39
ynao_sd_19720817_0440_hong 22 21 1 2 0 179.44 225.2 116.13 146.44 63.31 78.76
ynao_sd_19720818_0020_hong 24 23 1 1 0 265.94 390.86 139.58 207.57 126.36 183.29
ynao_sd_19720819_0030_hong 21 12 9 2 0 393.71 720.73 152.46 275.1 241.25 445.63
ynao_sd_19720820_0050_li 9 8 1 1 0 117.16 317.69 45.49 111.44 71.67 206.25
ynao_sd_19720821_0610_li 15 15 0 0 0 68.03 89.6 68.03 89.6 0 0
ynao_sd_19720822_0420_li 11 9 2 2 0 211.98 245.92 83.38 99.98 128.6 145.94
ynao_sd_19720823_0410_li 10 6 4 2 0 298.13 311.57 72.33 78.35 225.8 233.22
ynao_sd_19720824_0120_hong 14 11 3 2 0 429.23 431.96 129.76 131.98 299.47 299.98
ynao_sd_19720825_0030_hong 13 10 3 2 0 384.34 397.27 115.84 122.61 268.5 274.66
ynao_sd_19720826_0030_hong 12 10 2 1 0 334.26 370.6 113.58 124.16 220.68 246.44
ynao_sd_19720827_0005_li 5 4 1 1 0 236.78 302.97 49.1 62.65 187.68 240.32
ynao_sd_19720828_0020_li 24 19 5 3 0 383.26 770.83 149.22 370.49 234.04 400.34
ynao_sd_19720829_0230_hong 42 30 12 7 0 1816.11 5587.28 276.28 658.42 1539.83 4928.86
ynao_sd_19720830_0500_li 49 41 8 4 0 515.49 864.91 303.62 472.16 211.87 392.75
ynao_sd_19720831_0150_hong 67 48 19 7 0 804.55 1044.21 365.53 519.65 439.02 524.56
ynao_sd_19720901_0030_hong 65 60 5 5 0 667.05 749.23 402.57 462.05 264.48 287.18
ynao_sd_19720904_0330_hong 26 25 1 1 0 259.32 278.48 138.5 145.62 120.82 132.86
ynao_sd_19720905_0730_hong 33 32 1 1 0 278.18 359.22 161.35 210.04 116.83 149.18
ynao_sd_19720906_0130_hong 11 10 1 1 0 141.27 188.59 71.97 88.07 69.3 100.52
ynao_sd_19720907_0350_hong 18 17 1 1 0 149.01 262.17 103.57 167.98 45.44 94.19
ynao_sd_19720908_0310_hong 18 14 4 2 0 172.11 306.32 89.13 138.83 82.98 167.49
ynao_sd_19720909_0040_hong 18 15 3 1 0 258.79 309.89 109.13 142.16 149.66 167.73
ynao_sd_19720910_0030_li 20 19 1 1 0 268.67 294.08 96.3 114.42 172.37 179.66
ynao_sd_19720911_0220_hong 14 12 2 1 0 315.83 365.19 105.8 148.86 210.03 216.33
ynao_sd_19720912_0230_hong 11 8 3 1 0 301.21 326.13 78.51 88.36 222.7 237.77
ynao_sd_19720913_0405_hong 7 5 2 1 0 162.72 195.03 53.38 63.36 109.34 131.67
ynao_sd_19720914_0100_hong 5 4 1 1 0 172.57 235.23 54.42 73.56 118.15 161.67
ynao_sd_19720915_0500_hong 26 23 3 2 0 257.31 416.84 163.31 260.09 94.0 156.75
ynao_sd_19720916_0640_hong 17 15 2 2 0 173.59 348.5 100.94 141.17 72.65 207.33
ynao_sd_19720918_0600_hong 15 15 0 0 0 82.91 94.98 82.91 94.98 0 0
ynao_sd_19720919_0140_hong 6 6 0 0 0 30.84 39.39 30.84 39.39 0 0
ynao_sd_19720920_0400_hong 6 5 1 1 0 67.82 81.9 27.74 33.9 40.08 48.0
ynao_sd_19720921_0005_hong 12 12 0 0 0 69.14 98.8 69.14 98.8 0 0
ynao_sd_19720922_0040_hong 11 11 0 0 0 59.82 164.87 59.82 164.87 0 0
ynao_sd_19720923_0050_hong 4 2 2 2 0 112.72 348.99 23.79 72.7 88.93 276.29
ynao_sd_19720927_0400_hong 22 20 2 2 0 186.84 253.76 120.93 171.55 65.91 82.21
ynao_sd_19720928_0120_hong 12 10 2 1 0 89.01 122.73 57.66 90.96 31.35 31.77
ynao_sd_19720929_0620_hong 5 3 2 2 0 98.64 584.69 35.08 159.37 63.56 425.32
ynao_sd_19720930_0130_hong 12 7 5 3 0 189.09 439.26 79.24 133.03 109.85 306.23
ynao_sd_19721001_0020_hong 13 4 9 4 0 588.86 802.48 145.14 211.63 443.72 590.85
ynao_sd_19721002_0040_hong 16 7 9 5 0 651.11 843.68 213.95 279.17 437.16 564.51
ynao_sd_19721003_0040_li 19 14 5 4 0 424.14 539.95 113.97 172.56 310.17 367.39
ynao_sd_19721004_0050_li 13 10 3 3 0 333.42 375.66 71.88 78.66 261.54 297.0
ynao_sd_19721005_0050_hong 11 6 5 3 0 317.63 345.48 84.27 91.28 233.36 254.2
ynao_sd_19721006_0050_hong 19 17 2 2 0 299.55 328.1 131.13 151.84 168.42 176.26
ynao_sd_19721007_0120_hong 14 13 1 1 0 249.74 309.33 96.12 144.66 153.62 164.67
ynao_sd_19721008_0110_hong 9 7 2 1 0 204.59 237.79 57.05 65.41 147.54 172.38
ynao_sd_19721009_0620_li 2 2 0 0 0 43.26 61.15 43.26 61.15 0 0
ynao_sd_19721012_0620_hong 1 1 0 0 0 9.6 27.03 9.6 27.03 0 0
ynao_sd_19721013_0240_hong 2 2 0 0 0 9.48 12.18 9.48 12.18 0 0
ynao_sd_19721014_0020_hong 9 9 0 0 0 36.82 38.36 36.82 38.36 0 0
ynao_sd_19721015_0725_li 0 0 0 0 0 0 0 0 0 0 0
ynao_sd_19721017_0120_hong 10 10 0 1 0 76.04 211.2 52.74 125.43 23.3 85.77
ynao_sd_19721018_0020_lik 2 2 0 0 0 10.13 10.66 10.13 10.66 0 0
ynao_sd_19721019_0040_hong 0 0 0 0 0 0 0 0 0 0 0
ynao_sd_19721020_0030_hong 2 2 0 0 0 20.47 26.82 20.47 26.82 0 0
ynao_sd_19721021_0040_hong 0 0 0 0 0 0 0 0 0 0 0
ynao_sd_19721022_0505_hong 0 0 0 0 0 0 0 0 0 0 0
ynao_sd_19721023_0045_lik 2 2 0 1 0 750.38 1627.98 10.51 20.8 739.87 1607.18
ynao_sd_19721023_0305_lik 1 1 0 0 0 7.79 8.44 7.79 8.44 0 0
ynao_sd_19721024_0105_hong 2 2 0 0 0 7.86 9.74 7.86 9.74 0 0
ynao_sd_19721025_0140_lik 0 0 0 0 0 0 0 0 0 0 0
ynao_sd_19721028_0315_lik 2 2 0 0 0 16.31 21.05 16.31 21.05 0 0
ynao_sd_19721029_0220_lik 2 2 0 0 0 17.21 40.45 17.21 40.45 0 0
ynao_sd_19721030_0050_hong 5 5 0 0 0 28.74 30.93 28.74 30.93 0 0
ynao_sd_19721031_0040_hong 10 8 2 1 0 71.84 87.16 56.99 66.03 14.85 21.13
ynao_sd_19721101_0040_hong 8 8 0 0 0 41.37 64.28 41.37 64.28 0 0
ynao_sd_19721102_0040_hong 9 8 1 1 0 88.37 94.47 69.21 74.23 19.16 20.24
ynao_sd_19721103_0030_hong 15 15 0 0 0 83.75 127.11 83.75 127.11 0 0
ynao_sd_19721104_0045_hong 2 2 0 0 0 9.4 9.59 9.4 9.59 0 0
ynao_sd_19721109_0435_lik 2 2 0 0 0 15.48 21.6 15.48 21.6 0 0
ynao_sd_19721110_0515_lik 7 7 0 0 0 36.74 46.41 36.74 46.41 0 0
ynao_sd_19721111_0310_lik 7 2 5 2 0 273.25 425.28 102.65 158.31 170.6 266.97
ynao_sd_19721112_0115_lik 7 5 2 2 0 232.75 494.43 150.09 306.71 82.66 187.72
ynao_sd_19721113_0030_hong 9 6 3 1 0 87.28 266.64 52.01 162.58 35.27 104.06
ynao_sd_19721114_0020_hong 0 0 0 0 0 0 0 0 0 0 0
ynao_sd_19721115_0040_hong 1 1 0 0 0 3.38 3.66 3.38 3.66 0 0
ynao_sd_19721117_0130_hong 7 7 0 0 0 34.3 59.34 34.3 59.34 0 0
ynao_sd_19721118_0930_lik 0 0 0 0 0 0 0 0 0 0 0
ynao_sd_19721119_0130_hong 5 5 0 0 0 21.39 22.54 21.39 22.54 0 0
ynao_sd_19721122_0045_lik 1 1 0 0 0 5.06 30.23 5.06 30.23 0 0
ynao_sd_19721123_0025_lik 1 1 0 0 0 7.27 54.43 7.27 54.43 0 0
ynao_sd_19721124_0030_lik 1 1 0 0 0 5.52 39.44 5.52 39.44 0 0
ynao_sd_19721125_0050_lik 0 0 0 0 0 0 0 0 0 0 0
ynao_sd_19721126_0100_lik 1 1 0 0 0 4.84 4.84 4.84 4.84 0 0
ynao_sd_19721127_0730_hong 10 8 2 1 0 67.5 113.71 48.35 89.1 19.15 24.61
ynao_sd_19721201_0630_hong 3 3 0 0 0 19.85 64.68 19.85 64.68 0 0
ynao_sd_19721202_0230_hong 1 1 0 0 0 5.28 17.64 5.28 17.64 0 0
ynao_sd_19721203_0350_hong 1 1 0 0 0 4.41 9.95 4.41 9.95 0 0
ynao_sd_19721204_0505_lik 2 2 0 0 0 10.37 13.5 10.37 13.5 0 0
ynao_sd_19721205_0040_lik 1 1 0 0 0 3.96 4.13 3.96 4.13 0 0
ynao_sd_19721206_0115_lik 3 3 0 0 0 22.97 93.91 22.97 93.91 0 0
ynao_sd_19721207_0045_lik 16 16 0 0 0 91.98 192.59 91.98 192.59 0 0
ynao_sd_19721208_0120_lik 17 11 6 4 0 917.54 1199.61 163.31 257.18 754.23 942.43
ynao_sd_19721209_0038_lik 27 15 12 2 0 792.01 1047.05 180.91 233.69 611.1 813.36
ynao_sd_19721210_0035_lik 23 12 11 6 0 705.56 795.58 198.6 224.5 506.96 571.08
ynao_sd_19721211_0050_hong 52 32 20 9 0 888.67 924.97 287.31 299.58 601.36 625.39
ynao_sd_19721214_0650_hong 31 18 13 5 0 534.58 659.49 179.48 218.42 355.1 441.07
ynao_sd_19721215_0210_hong 18 15 3 2 0 431.16 615.25 127.0 171.02 304.16 444.23
ynao_sd_19721216_0040_hong 17 12 5 2 0 334.35 638.67 108.92 209.94 225.43 428.73
ynao_sd_19721217_0050_lik 12 9 3 2 0 121.76 283.43 80.97 177.49 40.79 105.94
ynao_sd_19721218_0035_lik 6 6 0 0 0 70.43 113.66 70.43 113.66 0 0
ynao_sd_19721219_0455_lik 10 3 7 3 0 223.64 266.0 65.02 80.33 158.62 185.67
ynao_sd_19721220_0140_lik 12 8 4 3 0 608.46 703.25 142.96 201.36 465.5 501.89
ynao_sd_19721221_0040_lik 36 33 3 3 0 909.73 1045.83 242.76 279.94 666.97 765.89
ynao_sd_19721222_0110_lik 35 26 9 5 0 1114.71 1281.46 327.53 412.98 787.18 868.48
ynao_sd_19721223_0115_lik 30 16 14 7 0 1204.08 1274.87 228.14 246.45 975.94 1028.42
ynao_sd_19721224_0215_li 31 17 14 6 0 651.71 715.26 165.89 179.93 485.82 535.33
ynao_sd_19721225_0110_hong 47 24 23 9 0 780.58 910.96 282.73 334.99 497.85 575.97
ynao_sd_19721226_0105_hong 30 24 6 5 0 708.39 901.83 225.05 283.93 483.34 617.9
ynao_sd_19721227_0100_hong 22 15 7 3 0 526.41 797.74 153.7 243.28 372.71 554.46
ynao_sd_19721228_0105_hong 17 6 11 3 0 463.14 897.99 132.06 247.33 331.08 650.66
ynao_sd_19721229_0705_hong 12 10 2 1 0 135.93 464.17 64.4 193.85 71.53 270.32
ynao_sd_19721230_0100_hong 2 0 2 1 0 62.3 303.47 11.61 56.56 50.69 246.91
ynao_sd_19721231_0100_li 10 7 3 1 0 180.83 570.96 55.8 226.04 125.03 344.92
