ynao_sd_19730101_0110_lik 11 6 5 3 0 429.86 811.84 90.58 175.42 339.28 636.42
ynao_sd_19730103_0450_lik 37 31 6 2 0 809.17 1064.97 296.77 413.38 512.4 651.59
ynao_sd_19730104_0115_lik 41 30 11 4 0 907.51 1088.22 333.9 443.01 573.61 645.21
ynao_sd_19730105_0715_lik 42 24 18 9 0 1614.39 2091.77 358.4 408.2 1255.99 1683.57
ynao_sd_19730108_0315_lik 40 30 10 6 0 1085.87 1302.99 310.39 431.63 775.48 871.36
ynao_sd_19730109_0100_hong 49 29 20 7 0 1061.92 1373.06 312.26 382.41 749.66 990.65
ynao_sd_19730110_0105_hong 38 29 9 6 0 686.23 1116.47 255.97 408.85 430.26 707.62
ynao_sd_19730111_0730_hong 16 10 6 4 0 321.05 901.34 97.47 199.63 223.58 701.71
ynao_sd_19730112_0120_hong 22 19 3 2 0 209.44 394.67 124.16 237.35 85.28 157.32
ynao_sd_19730113_0100_lik 13 12 1 1 0 97.15 269.25 80.02 221.37 17.13 47.88
ynao_sd_19730114_0130_hong 7 6 1 1 0 187.26 729.18 58.58 232.55 128.68 496.63
ynao_sd_19730115_0240_lik 10 7 3 1 0 270.24 534.58 69.7 131.47 200.54 403.11
ynao_sd_19730117_0120_lik 10 8 2 1 0 384.62 505.02 110.1 166.69 274.52 338.33
ynao_sd_19730118_0450_lik 10 7 3 2 0 379.67 415.94 93.0 103.31 286.67 312.63
ynao_sd_19730119_0135_lik 17 13 4 2 0 1899.77 1961.07 112.43 147.85 1787.34 1813.22
ynao_sd_19730120_0035_lik 15 13 2 1 0 373.7 432.79 140.26 190.1 233.44 242.69
ynao_sd_19730121_0105_lik 12 9 3 2 0 1363.56 2147.78 137.69 185.19 1225.87 1962.59
ynao_sd_19730122_0105_hong 20 15 5 2 0 409.29 505.28 151.79 191.58 257.5 313.7
ynao_sd_19730123_0110_hong 23 19 4 2 0 350.5 502.92 158.64 234.39 191.86 268.53
ynao_sd_19730124_0110_hong 19 14 5 3 0 256.56 379.16 113.98 147.08 142.58 232.08
ynao_sd_19730125_0110_hong 26 23 3 2 0 213.06 360.8 113.97 142.39 99.09 218.41
ynao_sd_19730126_0105_hong 18 18 0 0 0 97.33 130.09 97.33 130.09 0 0
ynao_sd_19730127_0110_hong 19 19 0 0 0 96.26 106.15 96.26 106.15 0 0
ynao_sd_19730128_0105_hong 12 12 0 0 0 63.68 78.01 63.68 78.01 0 0
ynao_sd_19730129_0110_hong 8 8 0 0 0 34.84 70.71 34.84 70.71 0 0
ynao_sd_19730130_0105_lik 9 8 1 0 0 43.31 90.6 47.58 95.35 4.27 4.75
ynao_sd_19730131_0100_lik 8 2 6 2 0 1292.93 1470.42 50.33 92.61 1242.6 1377.81
ynao_sd_19730201_0040_lik 6 6 0 0 0 31.33 34.62 31.33 34.62 0 0
ynao_sd_19730202_0510_lik 6 6 0 0 0 30.9 36.76 30.9 36.76 0 0
ynao_sd_19730203_0145_lik 6 6 0 0 0 27.45 64.31 27.45 64.31 0 0
ynao_sd_19730204_0045_li 8 8 0 0 0 37.65 72.32 37.65 72.32 0 0
ynao_sd_19730205_0100_li 3 3 0 0 0 13.56 26.02 13.56 26.02 0 0
ynao_sd_19730206_0110_hong 11 7 4 2 0 252.0 778.76 72.68 192.37 179.32 586.39
ynao_sd_19730207_0120_lik 7 3 4 2 0 393.76 778.39 89.25 186.92 304.51 591.47
ynao_sd_19730208_0110_hong 10 4 6 2 0 411.13 607.19 127.77 190.28 283.36 416.91
ynao_sd_19730209_0100_hong 30 23 7 4 0 676.35 895.16 238.98 364.25 437.37 530.91
ynao_sd_19730210_0105_hong 24 16 8 4 0 727.04 807.7 204.78 238.59 522.26 569.11
ynao_sd_19730211_0105_hong 27 18 9 6 0 767.02 804.67 201.66 216.12 565.36 588.55
ynao_sd_19730212_0050_lik 22 16 6 3 0 492.78 518.93 154.66 164.33 338.12 354.6
ynao_sd_19730213_0130_lik 33 30 3 2 0 487.12 552.94 247.17 286.11 239.95 266.83
ynao_sd_19730215_0225_lik 18 8 10 4 0 859.24 1267.24 162.33 313.69 696.91 953.55
ynao_sd_19730216_0105_lik 8 7 1 1 0 92.43 237.77 54.5 157.71 37.93 80.06
ynao_sd_19730217_0025_lik 4 0 4 2 0 1230.59 2824.03 31.24 77.19 1199.35 2746.84
ynao_sd_19730219_0055_gu 1 1 0 0 0 8.88 16.53 8.88 16.53 0 0
ynao_sd_19730220_0050_hong 4 4 0 0 0 17.03 24.19 17.03 24.19 0 0
ynao_sd_19730221_0055_hong 1 1 0 0 0 11.42 14.18 11.42 14.18 0 0
ynao_sd_19730222_0100_hong 4 4 0 0 0 18.2 21.58 18.2 21.58 0 0
ynao_sd_19730223_0050_hong 4 2 2 1 0 97.23 426.71 31.9 112.34 65.33 314.37
ynao_sd_19730224_0050_hong 16 13 3 2 0 351.64 961.49 120.33 355.55 231.31 605.94
ynao_sd_19730225_0055_lik 25 19 6 4 0 1200.03 1988.19 197.87 335.76 1002.16 1652.43
ynao_sd_19730226_0040_lik 26 21 5 3 0 692.7 953.96 274.5 379.53 418.2 574.43
ynao_sd_19730227_0110_lik 32 27 5 2 0 859.74 1004.43 260.63 311.44 599.11 692.99
ynao_sd_19730228_0315_lik 21 14 7 3 0 944.81 1022.63 279.94 320.26 664.87 702.37
ynao_sd_19730301_0050_hong 45 39 6 2 0 1023.89 1065.21 400.36 424.56 623.53 640.65
ynao_sd_19730302_0040_lik 38 36 2 1 0 828.53 912.26 295.12 350.69 533.41 561.57
ynao_sd_19730303_0045_lik 23 17 6 3 0 1826.06 2410.61 222.7 286.96 1603.36 2123.65
ynao_sd_19730304_0025_lik 21 18 3 1 0 669.73 867.28 262.05 336.88 407.68 530.4
ynao_sd_19730305_0140_hong 15 14 1 2 0 536.8 853.44 150.1 235.66 386.7 617.78
ynao_sd_19730306_0050_hong 16 13 3 1 0 355.58 793.33 132.4 274.99 223.18 518.34
ynao_sd_19730307_0105_hong 16 13 3 1 0 217.11 694.25 102.76 264.14 114.35 430.11
ynao_sd_19730309_0150_hong 12 8 4 1 0 152.81 164.69 71.7 77.32 81.11 87.37
ynao_sd_19730310_0110_hong 17 14 3 1 0 171.57 181.8 82.81 88.74 88.76 93.06
ynao_sd_19730311_0120_hong 25 23 2 1 0 254.5 279.62 192.39 212.03 62.11 67.59
ynao_sd_19730312_0050_lik 18 11 7 5 0 312.94 370.09 113.53 132.93 199.41 237.16
ynao_sd_19730313_0050_lik 12 5 7 4 0 1018.12 1329.65 94.41 129.44 923.71 1200.21
ynao_sd_19730314_0100_lik 15 12 3 1 0 145.36 290.17 80.13 155.4 65.23 134.77
ynao_sd_19730315_0150_hong 15 13 2 2 0 246.22 746.11 114.72 288.93 131.5 457.18
ynao_sd_19730316_0315_lik 5 5 0 0 0 52.0 53.43 52.0 53.43 0 0
ynao_sd_19730317_0215_lik 4 4 0 0 0 17.47 48.65 17.47 48.65 0 0
ynao_sd_19730318_0050_hong 4 3 1 2 0 357.76 460.33 173.82 222.65 183.94 237.68
ynao_sd_19730319_0130_lik 7 3 4 1 1 1328.01 1926.99 42.37 59.56 1285.64 1867.43
ynao_sd_19730320_0030_hong 26 12 14 1 0 353.24 435.96 166.12 208.92 187.12 227.04
ynao_sd_19730321_0030_hong 20 17 3 3 0 465.27 527.94 116.98 141.3 348.29 386.64
ynao_sd_19730322_0030_hong 22 16 6 4 0 464.18 809.33 139.66 176.75 324.52 632.58
ynao_sd_19730323_0040_hong 32 26 6 4 0 659.25 1079.25 265.03 405.49 394.22 673.76
ynao_sd_19730324_0035_hon 17 12 5 2 0 671.99 982.22 207.75 304.72 464.24 677.5
ynao_sd_19730325_0220_hong 20 14 6 3 0 788.42 1065.94 241.12 334.89 547.3 731.05
ynao_sd_19730326_0105_lik 25 22 3 3 0 652.4 819.01 233.26 295.49 419.14 523.52
ynao_sd_19730327_0040_hong 18 16 2 2 0 648.4 793.12 240.77 289.8 407.63 503.32
ynao_sd_19730328_0050_hong 12 9 3 2 0 713.52 871.64 214.91 240.02 498.61 631.62
ynao_sd_19730329_0100_hong 20 17 3 1 0 621.51 647.3 183.51 190.84 438.0 456.46
ynao_sd_19730330_0040_hong 8 4 4 4 0 711.28 1082.71 159.27 177.46 552.01 905.25
ynao_sd_19730331_0040_hong 19 16 3 3 0 709.36 1220.2 263.34 486.12 446.02 734.08
ynao_sd_19730401_0045_hong 34 26 8 5 0 1002.72 1656.37 317.54 520.3 685.18 1136.07
ynao_sd_19730402_0200_lik 18 6 12 4 0 710.22 1185.52 126.74 221.34 583.48 964.18
ynao_sd_19730403_0105_lik 10 4 6 3 0 456.76 785.81 98.34 207.33 358.42 578.48
ynao_sd_19730404_0345_lik 10 5 5 3 0 680.3 734.85 59.74 64.23 620.56 670.62
ynao_sd_19730405_0250_hong 16 14 2 2 0 329.29 346.02 101.58 108.9 227.71 237.12
ynao_sd_19730406_0050_lik 12 7 5 4 0 884.35 1159.89 65.81 78.17 818.54 1081.72
ynao_sd_19730407_0040_lik 5 2 3 2 0 242.98 278.41 43.43 49.65 199.55 228.76
ynao_sd_19730408_0045_lik 4 2 2 3 0 183.72 241.37 36.21 47.48 147.51 193.89
ynao_sd_19730409_0110_hong 5 4 1 1 0 115.77 192.56 37.56 65.23 78.21 127.33
ynao_sd_19730410_0240_lik 3 3 0 0 0 32.43 66.88 32.43 66.88 0 0
ynao_sd_19730411_0110_hong 8 7 1 1 0 51.17 135.75 31.91 62.58 19.26 73.17
ynao_sd_19730412_0100_hong 0 0 0 0 0 0 0 0 0 0 0
ynao_sd_19730413_0050_hong 1 1 0 0 0 4.41 4.56 4.41 4.56 0 0
ynao_sd_19730414_0030_hong 0 0 0 0 0 0 0 0 0 0 0
ynao_sd_19730415_0040_hong 0 0 0 0 0 0 0 0 0 0 0
ynao_sd_19730416_0105_lik 0 0 0 0 0 0 0 0 0 0 0
ynao_sd_19730417_0120_hong 2 2 0 0 0 22.08 22.33 22.08 22.33 0 0
ynao_sd_19730418_0740_hong 3 2 1 1 0 80.45 396.65 29.49 112.27 50.96 284.38
ynao_sd_19730419_0350_hong 10 6 4 2 0 254.67 640.61 64.13 146.76 190.54 493.85
ynao_sd_19730420_0030_hong 17 9 8 3 0 450.27 756.62 157.67 251.94 292.6 504.68
ynao_sd_19730421_0110_hong 29 12 17 5 0 642.17 883.38 193.0 266.53 449.17 616.85
ynao_sd_19730422_0040_hong 37 22 15 5 0 653.01 767.53 248.87 300.86 404.14 466.67
ynao_sd_19730423_0050_lik 29 16 13 6 0 488.38 529.33 171.98 188.08 316.4 341.25
ynao_sd_19730424_0040_hong 35 19 16 9 0 600.69 626.59 192.82 205.14 407.87 421.45
ynao_sd_19730425_0050_hong 36 32 4 4 0 322.77 357.31 199.84 228.12 122.93 129.19
ynao_sd_19730426_0150_hong 28 25 3 2 0 242.88 275.04 125.84 143.57 117.04 131.47
ynao_sd_19730427_0100_hong 20 17 3 3 0 162.67 199.2 95.65 117.78 67.02 81.42
ynao_sd_19730428_0100_hong 20 11 9 1 0 674.74 993.06 203.52 300.94 471.22 692.12
ynao_sd_19730429_0105_hong 14 6 8 2 0 863.92 1746.23 177.55 359.03 686.37 1387.2
ynao_sd_19730430_0040_hong 12 3 9 1 0 604.29 1862.28 125.36 374.15 478.93 1488.13
ynao_sd_19730501_0100_lik 3 3 0 0 0 11.68 14.42 11.68 14.42 0 0
ynao_sd_19730502_0230_lik 4 4 0 0 0 19.36 48.64 19.36 48.64 0 0
ynao_sd_19730503_0150_hong 5 5 0 0 0 19.38 26.39 19.38 26.39 0 0
ynao_sd_19730504_0030_hong 0 0 0 0 0 0 0 0 0 0 0
ynao_sd_19730505_0130_hong 0 0 0 0 0 0 0 0 0 0 0
ynao_sd_19730506_0300_hong 0 0 0 0 0 0 0 0 0 0 0
ynao_sd_19730507_0710_hong 4 4 0 0 0 30.94 32.91 30.94 32.91 0 0
ynao_sd_19730508_0110_hong 2 2 0 0 0 12.49 12.99 12.49 12.99 0 0
ynao_sd_19730509_0220_hong 2 2 0 0 0 9.26 10.83 9.26 10.83 0 0
ynao_sd_19730510_0330_lik 1 1 0 0 0 3.09 4.81 3.09 4.81 0 0
ynao_sd_19730511_0130_lik 1 1 0 0 0 4.26 5.13 4.26 5.13 0 0
ynao_sd_19730512_0040_hong 5 5 0 0 0 18.39 25.73 18.39 25.73 0 0
ynao_sd_19730513_0040_hong 4 4 0 0 0 15.01 20.78 15.01 20.78 0 0
ynao_sd_19730514_0405_lik 2 2 0 0 0 8.23 10.89 8.23 10.89 0 0
ynao_sd_19730515_0105_lik 5 5 0 0 0 26.53 71.89 26.53 71.89 0 0
ynao_sd_19730517_0030_lik 9 6 3 3 0 321.05 641.22 60.84 119.57 260.21 521.65
ynao_sd_19730518_0010_lik 17 11 6 2 0 425.16 612.67 102.29 148.35 322.87 464.32
ynao_sd_19730519_0040_lik 22 14 8 2 0 538.88 646.25 135.82 162.7 403.06 483.55
ynao_sd_19730520_0110_lik 29 22 7 2 0 754.73 814.9 179.78 194.29 574.95 620.61
ynao_sd_19730521_0230_hong 47 38 9 2 0 832.02 858.84 288.29 301.86 543.73 556.98
ynao_sd_19730522_0100_hong 39 32 7 2 0 748.11 785.06 272.48 297.56 475.63 487.5
ynao_sd_19730523_0230_hong 29 25 4 2 0 543.51 614.0 176.46 215.26 367.05 398.74
ynao_sd_19730524_0250_hong 18 14 4 2 0 412.61 509.62 89.27 109.9 323.34 399.72
ynao_sd_19730525_0300_hong 8 7 1 2 0 269.9 396.82 80.49 113.69 189.41 283.13
ynao_sd_19730526_0140_hong 7 6 1 1 0 193.26 366.25 60.27 109.09 132.99 257.16
ynao_sd_19730527_0550_hong 13 12 1 1 0 109.82 248.69 67.27 100.92 42.55 147.77
ynao_sd_19730528_0315_hong 3 3 0 0 0 7.59 8.06 7.59 8.06 0 0
ynao_sd_19730529_0315_lik 13 13 0 0 0 47.84 59.47 47.84 59.47 0 0
ynao_sd_19730530_0155_lik 18 17 1 1 0 175.41 225.05 107.58 140.31 67.83 84.74
ynao_sd_19730531_0005_lik 10 9 1 1 0 124.79 179.7 52.92 72.83 71.87 106.87
ynao_sd_19730601_0115_lik 12 11 1 1 0 118.46 251.39 72.41 158.42 46.05 92.97
ynao_sd_19730602_0200_lik 10 10 0 0 0 47.04 107.34 47.04 107.34 0 0
ynao_sd_19730603_0045_lik 5 5 0 0 0 23.01 72.22 23.01 72.22 0 0
ynao_sd_19730604_0205_hong 5 5 0 0 0 41.58 100.74 41.58 100.74 0 0
ynao_sd_19730605_0305_hong 6 6 0 0 0 36.83 71.13 36.83 71.13 0 0
ynao_sd_19730606_0300_hong 9 9 0 0 0 43.04 81.55 43.04 81.55 0 0
ynao_sd_19730607_0535_lik 15 13 2 1 0 213.42 709.57 83.44 181.33 129.98 528.24
ynao_sd_19730608_0420_hong 15 11 4 2 0 239.59 528.62 72.33 127.95 167.26 400.67
ynao_sd_19730609_0230_hong 17 12 5 3 0 337.32 577.48 99.82 186.94 237.5 390.54
ynao_sd_19730611_0710_lik 29 28 1 1 0 318.93 481.79 166.49 311.34 152.44 170.45
ynao_sd_19730612_0530_lik 42 38 4 3 0 430.08 673.09 225.26 358.73 204.82 314.36
ynao_sd_19730613_0010_lik 41 35 6 3 0 515.71 792.72 235.81 371.03 279.9 421.69
ynao_sd_19730614_0415_lik 27 18 9 5 0 499.78 841.07 145.8 258.11 353.98 582.96
ynao_sd_19730615_0115_lik 29 26 3 3 0 377.5 684.73 182.55 255.1 194.95 429.63
ynao_sd_19730616_0020_lik 40 39 1 1 0 175.94 200.41 158.38 180.83 17.56 19.58
ynao_sd_19730617_0615_lik 30 30 0 0 0 187.02 200.05 187.02 200.05 0 0
ynao_sd_19730618_0230_hong 31 30 1 0 0 135.1 196.1 139.43 200.49 4.33 4.39
ynao_sd_19730619_0220_hong 24 24 0 0 0 100.28 108.75 100.28 108.75 0 0
ynao_sd_19730620_0205_hong 21 21 0 0 0 89.98 112.58 89.98 112.58 0 0
ynao_sd_19730621_0015_hong 28 28 0 0 0 111.14 182.9 111.14 182.9 0 0
ynao_sd_19730622_0030_hong 24 24 0 0 0 137.21 242.22 137.21 242.22 0 0
ynao_sd_19730623_0050_hong 9 9 0 0 0 54.11 122.56 54.11 122.56 0 0
ynao_sd_19730624_0110_hong 6 6 0 0 0 23.28 58.95 23.28 58.95 0 0
ynao_sd_19730625_0730_hong 8 8 0 0 0 79.24 146.24 79.24 146.24 0 0
ynao_sd_19730626_0150_lik 6 6 0 0 0 22.33 31.91 22.33 31.91 0 0
ynao_sd_19730627_0140_lik 7 7 0 0 0 31.28 72.38 31.28 72.38 0 0
ynao_sd_19730628_0020_lik 8 8 0 0 0 28.82 39.71 28.82 39.71 0 0
ynao_sd_19730629_0300_lik 3 3 0 0 0 9.95 13.14 9.95 13.14 0 0
ynao_sd_19730630_0130_lik 7 6 1 1 0 323.75 967.08 91.16 256.18 232.59 710.9
ynao_sd_19730702_0050_hong 19 15 4 1 0 688.92 1011.86 228.6 359.68 460.32 652.18
ynao_sd_19730703_0110_hong 27 21 6 1 0 840.35 1007.16 237.8 292.79 602.55 714.37
ynao_sd_19730704_0040_hong 25 20 5 1 0 936.76 1063.35 293.4 374.35 643.36 689.0
ynao_sd_19730705_0030_hong 32 27 5 1 0 922.19 975.8 297.19 339.2 625.0 636.6
ynao_sd_19730706_0030_hong 29 25 4 1 0 853.96 908.4 279.56 325.36 574.4 583.04
ynao_sd_19730707_0040_hong 32 30 2 4 0 919.28 970.31 329.85 347.15 589.43 623.16
ynao_sd_19730708_0040_hong 35 31 4 2 0 813.19 979.83 325.96 417.75 487.23 562.08
ynao_sd_19730709_0330_lik 33 29 4 2 0 597.72 843.57 228.12 303.67 369.6 539.9
ynao_sd_19730711_0355_lik 18 14 4 4 0 533.03 1479.57 213.75 560.75 319.28 918.82
ynao_sd_19730712_0320_lik 12 11 1 1 0 513.46 1152.36 93.11 298.41 420.35 853.95
ynao_sd_19730713_0015_lik 3 3 0 1 0 644.07 2066.79 13.73 17.87 630.34 2048.92
ynao_sd_19730714_0155_lik 6 6 0 0 0 27.75 44.9 27.75 44.9 0 0
ynao_sd_19730716_0110_hong 7 7 0 0 0 28.11 73.06 28.11 73.06 0 0
ynao_sd_19730717_0040_hong 3 3 0 0 0 17.14 57.95 17.14 57.95 0 0
ynao_sd_19730718_0030_hong 11 11 0 0 0 45.44 93.07 45.44 93.07 0 0
ynao_sd_19730719_0215_hong 19 19 0 0 0 132.46 265.66 132.46 265.66 0 0
ynao_sd_19730720_0120_hong 17 17 0 0 0 68.57 149.62 68.57 149.62 0 0
ynao_sd_19730721_0105_hong 12 12 0 0 0 56.41 101.6 56.41 101.6 0 0
ynao_sd_19730722_0330_hong 10 10 0 0 0 56.39 78.24 56.39 78.24 0 0
ynao_sd_19730723_0400_lik 6 6 0 0 0 30.18 52.23 30.18 52.23 0 0
ynao_sd_19730724_0240_lik 6 6 0 0 0 32.56 55.81 32.56 55.81 0 0
ynao_sd_19730725_0210_lik 6 6 0 0 0 30.65 85.19 30.65 85.19 0 0
ynao_sd_19730727_0745_lik 5 5 0 0 0 50.94 58.21 50.94 58.21 0 0
ynao_sd_19730730_0200_hong 3 3 0 0 0 20.84 59.49 20.84 59.49 0 0
ynao_sd_19730731_0020_hong 11 11 0 0 0 60.4 101.52 60.4 101.52 0 0
ynao_sd_19730801_0030_hong 7 7 0 0 0 30.87 44.11 30.87 44.11 0 0
ynao_sd_19730802_0040_lik 17 17 0 0 0 88.14 162.09 88.14 162.09 0 0
ynao_sd_19730804_0020_hong 14 14 0 0 0 67.85 156.62 67.85 156.62 0 0
ynao_sd_19730805_0050_hong 20 20 0 1 0 125.13 176.49 94.31 144.5 30.82 31.99
ynao_sd_19730806_0035_lik 30 30 0 1 0 178.6 240.53 145.33 207.25 33.27 33.28
ynao_sd_19730807_0455_lik 25 22 3 3 0 381.93 407.46 183.85 200.14 198.08 207.32
ynao_sd_19730808_0515_lik 28 22 6 2 0 386.49 454.45 171.36 197.72 215.13 256.73
ynao_sd_19730809_0720_lik 15 12 3 3 0 842.28 2055.88 92.26 141.71 750.02 1914.17
ynao_sd_19730810_0025_lik 8 7 1 1 0 168.68 298.73 50.76 83.5 117.92 215.23
ynao_sd_19730811_0020_lik 6 5 1 1 0 93.38 229.53 41.84 89.63 51.54 139.9
ynao_sd_19730812_0020_lik 0 0 0 0 0 0 0 0 0 0 0
ynao_sd_19730813_0040_hong 1 1 0 0 0 4.92 5.96 4.92 5.96 0 0
ynao_sd_19730814_0030_hong 1 1 0 0 0 3.23 3.58 3.23 3.58 0 0
ynao_sd_19730815_0600_hong 2 2 0 0 0 10.8 12.04 10.8 12.04 0 0
ynao_sd_19730816_0340_hong 2 2 0 0 0 31.4 32.45 31.4 32.45 0 0
ynao_sd_19730817_0030_hong 7 7 0 0 0 33.58 93.12 33.58 93.12 0 0
ynao_sd_19730818_1025_lik 7 2 5 1 0 500.07 1204.37 39.59 169.62 460.48 1034.75
ynao_sd_19730819_0105_hong 8 8 0 0 0 49.81 97.48 49.81 97.48 0 0
ynao_sd_19730820_0035_lik 6 6 0 0 0 22.83 30.77 22.83 30.77 0 0
ynao_sd_19730821_0015_lik 5 5 0 0 0 21.48 25.78 21.48 25.78 0 0
ynao_sd_19730822_0035_lik 10 10 0 0 0 47.86 51.09 47.86 51.09 0 0
ynao_sd_19730823_0010_lik 3 3 0 0 0 26.64 26.97 26.64 26.97 0 0
ynao_sd_19730824_0010_lik 4 4 0 0 0 17.83 17.99 17.83 17.99 0 0
ynao_sd_19730825_0015_lik 7 6 1 1 0 148.03 302.45 47.77 81.4 100.26 221.05
ynao_sd_19730826_0225_lik 10 8 2 2 0 283.97 436.59 88.09 143.56 195.88 293.03
ynao_sd_19730827_0230_hong 24 20 4 2 0 355.79 445.09 133.37 172.21 222.42 272.88
ynao_sd_19730828_0340_hong 21 16 5 2 0 392.18 447.64 166.93 200.31 225.25 247.33
ynao_sd_19730829_0310_hong 28 27 1 1 0 399.28 429.86 177.77 201.98 221.51 227.88
ynao_sd_19730830_0100_hong 22 21 1 1 0 346.34 350.88 137.29 139.76 209.05 211.12
ynao_sd_19730831_0610_hong 20 16 4 4 0 473.47 703.86 140.05 176.59 333.42 527.27
ynao_sd_19730901_0100_hong 24 21 3 2 0 556.61 908.1 161.43 254.35 395.18 653.75
ynao_sd_19730902_0030_hong 37 33 4 3 0 728.73 1087.47 241.11 349.57 487.62 737.9
ynao_sd_19730903_0345_lik 28 20 8 4 0 1065.93 1341.28 238.22 307.5 827.71 1033.78
ynao_sd_19730904_0030_hong 39 30 9 4 0 1312.88 1584.72 385.37 464.63 927.51 1120.09
ynao_sd_19730905_0405_hong 22 8 14 5 0 1479.85 1713.68 319.02 359.11 1160.83 1354.57
ynao_sd_19730906_0310_hong 22 16 6 4 0 1198.96 1334.73 218.32 247.22 980.64 1087.51
ynao_sd_19730907_0030_hong 13 7 6 3 0 1041.62 1243.56 185.98 220.36 855.64 1023.2
ynao_sd_19730908_0040_gu 12 9 3 2 0 884.98 1217.32 182.36 242.55 702.62 974.77
ynao_sd_19730909_0225_gu 8 6 2 2 0 653.0 1067.64 129.2 210.46 523.8 857.18
ynao_sd_19730910_0130_hong 2 1 1 1 0 402.41 631.09 97.74 152.98 304.67 478.11
ynao_sd_19730911_0230_hong 3 2 1 1 0 316.24 699.49 55.43 112.27 260.81 587.22
ynao_sd_19730915_0430_hong 3 1 2 1 0 55.73 232.98 11.67 39.87 44.06 193.11
ynao_sd_19730916_0330_hong 10 8 2 1 0 84.65 166.13 49.59 90.81 35.06 75.32
ynao_sd_19730917_0115_hong 6 5 1 1 0 85.61 141.29 34.85 60.11 50.76 81.18
ynao_sd_19730920_0820_hong 12 8 4 2 0 180.23 494.09 59.46 149.33 120.77 344.76
ynao_sd_19730921_0220_hong 21 17 4 3 0 251.18 576.57 87.24 209.34 163.94 367.23
ynao_sd_19730922_0130_gu 24 16 8 4 0 517.54 908.97 138.3 223.39 379.24 685.58
ynao_sd_19730923_0550_hong 26 15 11 4 0 789.46 1081.15 194.14 265.51 595.32 815.64
ynao_sd_19730924_0040_hong 36 25 11 6 0 1044.26 1317.83 275.81 398.22 768.45 919.61
ynao_sd_19730925_0030_hong 41 22 19 7 0 1342.17 1664.35 301.15 347.47 1041.02 1316.88
ynao_sd_19730926_0430_gu 33 19 14 6 0 1531.95 1711.47 345.62 390.68 1186.33 1320.79
ynao_sd_19730927_0300_hong 32 19 13 5 0 1423.92 1748.5 279.84 332.11 1144.08 1416.39
ynao_sd_19730928_0340_hong 26 15 11 5 0 1385.99 1697.15 329.24 400.91 1056.75 1296.24
ynao_sd_19730929_0220_hong 22 12 10 5 0 1271.97 1589.9 275.09 356.47 996.88 1233.43
ynao_sd_19730930_0140_hong 24 11 13 5 0 1253.93 1710.82 247.2 358.27 1006.73 1352.55
ynao_sd_19731001_0225_gu 15 7 8 5 0 1125.87 1760.66 222.95 338.99 902.92 1421.67
ynao_sd_19731002_0450_hong 11 6 5 4 0 730.18 1291.38 145.66 302.57 584.52 988.81
ynao_sd_19731003_0225_gu 3 0 3 3 0 564.03 692.08 121.17 155.62 442.86 536.46
ynao_sd_19731004_0200_hong 6 4 2 2 0 507.36 569.7 98.49 112.81 408.87 456.89
ynao_sd_19731005_0250_hong 4 1 3 2 0 375.42 481.0 79.71 101.99 295.71 379.01
ynao_sd_19731006_0030_hong 5 3 2 2 0 307.02 459.0 74.83 113.17 232.19 345.83
ynao_sd_19731007_0040_hong 7 5 2 2 0 245.13 449.22 49.38 81.53 195.75 367.69
ynao_sd_19731009_0410_hong 5 4 1 1 0 61.75 224.38 19.12 52.57 42.63 171.81
ynao_sd_19731011_0800_gu 0 0 0 0 0 0 0 0 0 0 0
ynao_sd_19731012_0320_hong 1 1 0 0 0 3.08 4.24 3.08 4.24 0 0
ynao_sd_19731014_0400_gu 3 3 0 0 0 19.4 21.19 19.4 21.19 0 0
ynao_sd_19731015_0230_hong 3 3 0 0 0 18.36 22.58 18.36 22.58 0 0
ynao_sd_19731019_0530_hong 3 3 0 0 0 10.04 14.92 10.04 14.92 0 0
ynao_sd_19731020_0220_xuan 0 0 0 0 0 0 0 0 0 0 0
ynao_sd_19731021_0210_hong 0 0 0 0 0 0 0 0 0 0 0
ynao_sd_19731022_0130_hong 6 6 0 0 0 20.12 46.07 20.12 46.07 0 0
ynao_sd_19731026_0410_hong 5 3 2 2 0 161.6 348.79 52.79 87.24 108.81 261.55
ynao_sd_19731027_0040_xuan 4 1 3 2 0 230.66 377.65 51.51 75.35 179.15 302.3
ynao_sd_19731028_0230_hong 9 4 5 2 0 300.64 387.53 59.09 74.44 241.55 313.09
ynao_sd_19731029_0100_hong 17 13 4 2 0 296.29 359.63 83.4 122.58 212.89 237.05
ynao_sd_19731031_0600_hong 6 5 1 1 0 142.08 151.49 42.14 49.45 99.94 102.04
ynao_sd_19731101_0055_lik 6 5 1 1 0 116.85 146.26 29.46 53.22 87.39 93.04
ynao_sd_19731102_0120_hong 8 7 1 1 0 103.45 122.51 36.76 43.46 66.69 79.05
ynao_sd_19731103_0350_hong 4 3 1 1 0 49.25 80.19 17.57 34.9 31.68 45.29
ynao_sd_19731104_0240_hong 3 2 1 1 0 29.51 52.34 7.86 10.98 21.65 41.36
ynao_sd_19731105_0245_lik 1 1 0 0 0 3.38 10.23 3.38 10.23 0 0
ynao_sd_19731108_0010_lik 0 0 0 0 0 0 0 0 0 0 0
ynao_sd_19731109_0020_lik 4 4 0 0 0 26.9 30.3 26.9 30.3 0 0
ynao_sd_19731110_0100_lik 1 1 0 0 0 4.33 6.58 4.33 6.58 0 0
ynao_sd_19731114_0030_hong 5 4 1 1 0 51.87 109.8 20.79 44.91 31.08 64.89
ynao_sd_19731116_0425_lik 9 7 2 1 0 73.48 96.01 42.63 58.11 30.85 37.9
ynao_sd_19731120_0615_lik 2 2 0 0 0 7.43 7.72 7.43 7.72 0 0
ynao_sd_19731122_0055_lik 3 3 0 0 0 10.39 11.32 10.39 11.32 0 0
ynao_sd_19731123_0135_likai 1 1 0 0 0 5.36 26.89 5.36 26.89 0 0
ynao_sd_19731124_0350_lik 0 0 0 0 0 0 0 0 0 0 0
ynao_sd_19731125_0205_hong 0 0 0 0 0 0 0 0 0 0 0
ynao_sd_19731126_0050_hong 9 9 0 0 0 44.46 69.17 44.46 69.17 0 0
ynao_sd_19731127_0040_hong 11 10 1 1 0 106.98 114.59 81.68 87.86 25.3 26.73
ynao_sd_19731128_0630_hong 12 10 2 1 0 145.75 194.23 61.99 79.99 83.76 114.24
ynao_sd_19731129_0110_lik 5 3 2 1 0 108.79 173.93 20.0 30.95 88.79 142.98
ynao_sd_19731130_0320_hong 9 7 2 1 0 104.33 257.66 45.78 104.97 58.55 152.69
ynao_sd_19731201_0100_lik 0 0 0 0 0 0 0 0 0 0 0
ynao_sd_19731202_0400_hong 1 1 0 0 0 5.66 6.04 5.66 6.04 0 0
ynao_sd_19731203_0045_lik 1 1 0 0 0 3.9 4.39 3.9 4.39 0 0
ynao_sd_19731204_0050_lik 0 0 0 0 0 0 0 0 0 0 0
ynao_sd_19731205_0030_lik 0 0 0 0 0 0 0 0 0 0 0
ynao_sd_19731206_0100_lik 0 0 0 0 0 0 0 0 0 0 0
ynao_sd_19731207_0200_lik 1 1 0 0 0 2.87 5.58 2.87 5.58 0 0
ynao_sd_19731208_0230_lik 3 2 1 1 0 30.58 80.0 16.18 29.97 14.4 50.03
ynao_sd_19731209_0050_lik 2 2 0 0 0 18.1 33.6 18.1 33.6 0 0
ynao_sd_19731210_0250_hong 4 3 1 1 0 53.38 80.53 15.69 23.75 37.69 56.78
ynao_sd_19731211_0610_hong 4 2 2 1 0 60.14 72.95 21.37 27.24 38.77 45.71
ynao_sd_19731212_0100_hong 4 2 2 1 0 48.07 54.71 15.26 19.23 32.81 35.48
ynao_sd_19731213_0200_hong 3 1 2 1 0 44.68 47.37 16.78 19.19 27.9 28.18
ynao_sd_19731214_0050_hong 4 2 2 1 0 38.79 38.98 15.06 15.17 23.73 23.81
ynao_sd_19731215_0050_hong 3 2 1 1 0 34.32 38.33 13.44 16.67 20.88 21.66
ynao_sd_19731216_0410_lik 1 0 1 1 0 47.23 160.76 6.77 22.92 40.46 137.84
ynao_sd_19731217_0200_lik 2 1 1 1 0 39.4 77.56 11.49 19.86 27.91 57.7
ynao_sd_19731218_0050_lik 3 2 1 1 0 84.14 138.29 25.93 50.64 58.21 87.65
ynao_sd_19731219_0140_lik 4 1 3 1 0 77.91 96.74 13.19 17.92 64.72 78.82
ynao_sd_19731220_0120_hong 4 1 3 1 0 61.64 67.33 15.57 17.3 46.07 50.03
ynao_sd_19731221_0100_lik 2 1 1 1 0 74.35 76.91 20.83 22.19 53.52 54.72
ynao_sd_19731222_0430_lik 3 2 1 1 0 78.28 80.05 19.83 20.5 58.45 59.55
ynao_sd_19731223_0115_lik 1 0 1 1 0 44.05 46.84 7.65 8.13 36.4 38.71
ynao_sd_19731226_0930_hong 2 2 0 0 0 16.89 28.56 16.89 28.56 0 0
ynao_sd_19731227_0530_hong 1 1 0 0 0 3.97 12.5 3.97 12.5 0 0
ynao_sd_19731228_0250_hong 1 1 0 0 0 4.33 5.93 4.33 5.93 0 0
ynao_sd_19731229_0530_hong 0 0 0 0 0 0 0 0 0 0 0
ynao_sd_19731230_0600_hong 3 3 0 0 0 15.99 32.95 15.99 32.95 0 0
ynao_sd_19731231_0120_hong 0 0 0 0 0 0 0 0 0 0 0
