ynao_sd_19740101_0110_lik 4 4 0 0 0 23.84 29.9 23.84 29.9 0 0
ynao_sd_19740102_0035_lik 2 2 0 0 0 8.89 23.22 8.89 23.22 0 0
ynao_sd_19740103_0335_lik 0 0 0 0 0 0 0 0 0 0 0
ynao_sd_19740104_0110_lik 0 0 0 0 0 0 0 0 0 0 0
ynao_sd_19740106_0030_lik 0 0 0 0 0 0 0 0 0 0 0
ynao_sd_19740108_0045_hong 8 8 0 0 0 59.04 64.47 59.04 64.47 0 0
ynao_sd_19740110_0140_hong 18 15 3 2 0 161.14 175.4 116.22 129.4 44.92 46.0
ynao_sd_19740111_0210_hong 15 10 5 2 0 161.74 180.2 82.95 94.72 78.79 85.48
ynao_sd_19740112_0220_hong 14 10 4 2 0 145.17 190.57 92.19 125.81 52.98 64.76
ynao_sd_19740113_0130_hong 10 7 3 2 0 152.15 222.99 56.82 80.99 95.33 142.0
ynao_sd_19740114_0130_lik 6 5 1 1 0 93.28 191.02 39.9 77.29 53.38 113.73
ynao_sd_19740115_0130_lik 10 10 0 0 0 73.29 87.24 73.29 87.24 0 0
ynao_sd_19740116_0240_lik 1 1 0 1 0 45.24 56.94 4.18 4.98 41.06 51.96
ynao_sd_19740117_0115_lik 7 7 0 0 0 49.55 61.58 49.55 61.58 0 0
ynao_sd_19740118_0045_lik 3 3 0 0 0 35.92 59.91 35.92 59.91 0 0
ynao_sd_19740119_0130_lik 4 4 0 0 0 29.19 41.0 29.19 41.0 0 0
ynao_sd_19740120_0100_lik 7 7 0 0 0 57.15 61.43 57.15 61.43 0 0
ynao_sd_19740121_0110_hong 10 7 3 1 0 137.31 169.65 89.62 109.17 47.69 60.48
ynao_sd_19740122_0100_hong 10 10 0 0 0 79.2 117.24 79.2 117.24 0 0
ynao_sd_19740123_0210_lik 8 8 0 1 0 113.66 245.6 82.86 182.26 30.8 63.34
ynao_sd_19740124_0105_lik 4 4 0 0 0 22.2 54.6 22.2 54.6 0 0
ynao_sd_19740125_0200_hong 2 2 0 0 0 8.45 10.16 8.45 10.16 0 0
ynao_sd_19740126_0140_hong 1 1 0 0 0 6.76 14.02 6.76 14.02 0 0
ynao_sd_19740127_0040_lik 2 2 0 0 0 8.91 11.73 8.91 11.73 0 0
ynao_sd_19740128_0140_lik 1 1 0 0 0 3.23 5.0 3.23 5.0 0 0
ynao_sd_19740129_0105_hong 0 0 0 0 0 0 0 0 0 0 0
ynao_sd_19740130_0110_hong 1 1 0 0 0 3.76 3.89 3.76 3.89 0 0
ynao_sd_19740131_0120_lik 2 2 0 0 0 9.19 30.44 9.19 30.44 0 0
ynao_sd_19740201_0120_lik 2 2 0 0 0 15.3 26.97 15.3 26.97 0 0
ynao_sd_19740202_0105_lik 2 2 0 0 0 9.33 15.11 9.33 15.11 0 0
ynao_sd_19740203_0115_lik 2 2 0 0 0 9.13 40.92 9.13 40.92 0 0
ynao_sd_19740204_0110_hong 0 0 0 0 0 0 0 0 0 0 0
ynao_sd_19740205_0100_hong 1 1 0 0 0 4.04 4.12 4.04 4.12 0 0
ynao_sd_19740206_0210_hong 0 0 0 0 0 0 0 0 0 0 0
ynao_sd_19740207_0730_hong 4 4 0 0 0 27.3 69.24 27.3 69.24 0 0
ynao_sd_19740208_0840_hong 4 4 0 0 0 21.43 39.73 21.43 39.73 0 0
ynao_sd_19740209_0330_hong 4 4 0 0 0 25.03 41.88 25.03 41.88 0 0
ynao_sd_19740211_0245_lik 1 1 0 0 0 4.12 7.52 4.12 7.52 0 0
ynao_sd_19740212_0510_lik 1 1 0 0 0 7.41 9.46 7.41 9.46 0 0
ynao_sd_19740213_0220_lik 1 1 0 0 0 4.68 7.02 4.68 7.02 0 0
ynao_sd_19740214_0245_lik 1 1 0 0 0 6.89 7.23 6.89 7.23 0 0
ynao_sd_19740215_0045_lik 2 2 0 0 0 13.63 42.48 13.63 42.48 0 0
ynao_sd_19740216_0100_lik 0 0 0 0 0 0 0 0 0 0 0
ynao_sd_19740217_0100_lik 1 1 0 0 0 9.46 17.18 9.46 17.18 0 0
ynao_sd_19740218_0105_hong 2 2 0 0 0 8.67 10.78 8.67 10.78 0 0
ynao_sd_19740219_0040_hong 3 3 0 0 0 13.43 16.58 13.43 16.58 0 0
ynao_sd_19740220_0040_hong 0 0 0 0 0 0 0 0 0 0 0
ynao_sd_19740221_0035_hong 3 3 0 0 0 11.89 20.67 11.89 20.67 0 0
ynao_sd_19740222_0050_hong 0 0 0 0 0 0 0 0 0 0 0
ynao_sd_19740223_0030_hong 1 1 0 0 0 4.78 17.17 4.78 17.17 0 0
ynao_sd_19740224_0110_hong 4 4 0 0 0 17.65 32.15 17.65 32.15 0 0
ynao_sd_19740226_0900_lik 10 7 3 1 0 730.81 848.62 49.32 76.9 681.49 771.72
ynao_sd_19740227_0340_lik 9 8 1 0 0 58.64 88.56 64.23 95.09 5.59 6.53
ynao_sd_19740228_0045_lik 13 11 2 0 0 58.67 77.68 72.82 97.2 14.15 19.52
ynao_sd_19740301_0050_lik 11 10 1 1 0 78.8 103.78 60.57 81.51 18.23 22.27
ynao_sd_19740302_0115_lik 6 6 0 0 0 35.2 38.53 35.2 38.53 0 0
ynao_sd_19740303_0045_lik 4 4 0 0 0 19.27 20.89 19.27 20.89 0 0
ynao_sd_19740304_0050_hong 5 3 2 1 0 86.66 344.36 23.37 93.19 63.29 251.17
ynao_sd_19740305_0110_hong 5 3 2 1 0 108.32 236.48 35.05 71.96 73.27 164.52
ynao_sd_19740306_0100_hong 2 0 2 2 0 81.51 189.21 8.46 22.5 73.05 166.71
ynao_sd_19740307_0030_hong 8 7 1 1 0 80.74 142.62 46.21 65.8 34.53 76.82
ynao_sd_19740308_0020_lik 6 6 0 0 0 27.54 39.2 27.54 39.2 0 0
ynao_sd_19740309_0050_hong 6 6 0 0 0 48.34 56.85 48.34 56.85 0 0
ynao_sd_19740310_0105_hong 6 6 0 0 0 50.55 53.31 50.55 53.31 0 0
ynao_sd_19740311_0030_lik 7 7 0 0 0 62.41 64.57 62.41 64.57 0 0
ynao_sd_19740312_0055_lik 10 7 3 2 0 260.98 327.79 78.49 97.77 182.49 230.02
ynao_sd_19740313_0050_hong 7 5 2 1 0 289.0 358.01 80.37 97.12 208.63 260.89
ynao_sd_19740314_0015_lik 1 1 0 1 0 183.0 278.27 6.24 8.27 176.76 270.0
ynao_sd_19740315_0030_lik 16 14 2 4 2 595.2 1175.77 307.73 674.81 287.47 500.96
ynao_sd_19740316_0030_lik 0 0 0 0 0 0 0 0 0 0 0
ynao_sd_19740317_0820_lik 4 4 0 0 0 13.55 17.66 13.55 17.66 0 0
ynao_sd_19740318_0335_hong 1 1 0 0 0 6.16 7.27 6.16 7.27 0 0
ynao_sd_19740319_0900_lik 2 2 0 0 0 8.52 11.41 8.52 11.41 0 0
ynao_sd_19740321_0040_hong 1 1 0 0 0 3.96 6.34 3.96 6.34 0 0
ynao_sd_19740322_0030_hong 0 0 0 0 0 0 0 0 0 0 0
ynao_sd_19740323_0035_hong 14 14 0 0 0 98.68 125.22 98.68 125.22 0 0
ynao_sd_19740324_0040_hong 7 7 0 0 0 48.23 74.7 48.23 74.7 0 0
ynao_sd_19740325_0025_lik 53 34 19 5 3 2384.64 3280.22 885.55 1291.93 1499.09 1988.29
ynao_sd_19740327_0025_lik 1 0 1 1 0 205.29 238.58 40.66 47.22 164.63 191.36
ynao_sd_19740328_0035_lik 4 4 0 0 0 18.93 21.9 18.93 21.9 0 0
ynao_sd_19740329_0100_lik 10 10 0 1 0 89.43 123.49 64.12 88.79 25.31 34.7
ynao_sd_19740330_0015_lik 3 1 2 1 0 87.23 155.63 17.31 30.25 69.92 125.38
ynao_sd_19740331_0005_lik 5 5 0 1 0 63.82 167.66 29.09 74.78 34.73 92.88
ynao_sd_19740401_0640_hong 6 6 0 0 0 30.4 63.67 30.4 63.67 0 0
ynao_sd_19740402_0030_hong 7 7 0 0 0 40.49 80.27 40.49 80.27 0 0
ynao_sd_19740403_0110_lik 7 7 0 0 0 32.43 40.06 32.43 40.06 0 0
ynao_sd_19740404_0310_hong 4 4 0 0 0 25.68 31.78 25.68 31.78 0 0
ynao_sd_19740405_0110_hong 8 8 0 0 0 47.07 52.24 47.07 52.24 0 0
ynao_sd_19740406_0020_hong 16 14 2 1 0 127.63 134.33 96.88 101.92 30.75 32.41
ynao_sd_19740407_0040_hong 15 10 5 2 0 156.78 174.59 76.81 85.08 79.97 89.51
ynao_sd_19740408_0020_lik 14 10 4 1 0 138.79 174.68 77.96 99.85 60.83 74.83
ynao_sd_19740409_0010_lik 8 8 0 0 0 52.46 74.34 52.46 74.34 0 0
ynao_sd_19740410_0005_lik 0 0 0 0 0 0 0 0 0 0 0
ynao_sd_19740411_0010_lik 0 0 0 0 0 0 0 0 0 0 0
ynao_sd_19740412_0025_lik 0 0 0 0 0 0 0 0 0 0 0
ynao_sd_19740413_0015_lik 2 2 0 0 0 9.69 22.8 9.69 22.8 0 0
ynao_sd_19740414_1040_hong 1 1 0 0 0 5.3 5.84 5.3 5.84 0 0
ynao_sd_19740415_0040_hong 1 1 0 0 0 3.68 3.9 3.68 3.9 0 0
ynao_sd_19740416_0030_hong 3 3 0 0 0 21.55 52.06 21.55 52.06 0 0
ynao_sd_19740417_0040_hong 1 1 0 0 0 6.23 26.28 6.23 26.28 0 0
ynao_sd_19740418_0220_hong 3 3 0 0 0 18.65 23.81 18.65 23.81 0 0
ynao_sd_19740419_0240_hong 4 4 0 0 0 15.4 24.44 15.4 24.44 0 0
ynao_sd_19740420_0050_hong 0 0 0 0 0 0 0 0 0 0 0
ynao_sd_19740422_0110_lik 6 6 0 0 0 33.78 52.08 33.78 52.08 0 0
ynao_sd_19740423_0000_lik 1 1 0 0 0 5.0 18.82 5.0 18.82 0 0
ynao_sd_19740424_0600_lik 0 0 0 0 0 0 0 0 0 0 0
ynao_sd_19740425_0330_lik 2 2 0 0 0 8.53 11.07 8.53 11.07 0 0
ynao_sd_19740426_0010_lik 1 1 0 0 0 3.52 15.36 3.52 15.36 0 0
ynao_sd_19740427_0010_lik 0 0 0 0 0 0 0 0 0 0 0
ynao_sd_19740428_0820_lik 1 1 0 0 0 2.79 3.0 2.79 3.0 0 0
ynao_sd_19740429_0150_hong 0 0 0 0 0 0 0 0 0 0 0
ynao_sd_19740430_0030_hong 2 2 0 0 0 12.15 15.58 12.15 15.58 0 0
ynao_sd_19740501_0020_hong 1 1 0 0 0 4.3 11.99 4.3 11.99 0 0
ynao_sd_19740502_0100_li 9 9 0 0 0 71.82 84.12 71.82 84.12 0 0
ynao_sd_19740503_0020_hong 8 7 1 1 0 124.25 187.65 48.66 75.17 75.59 112.48
ynao_sd_19740504_0030_hong 4 3 1 1 0 62.98 120.92 21.41 33.35 41.57 87.57
ynao_sd_19740505_0040_hong 9 9 0 0 0 43.94 81.66 43.94 81.66 0 0
ynao_sd_19740506_0010_li 5 5 0 0 0 28.94 53.11 28.94 53.11 0 0
ynao_sd_19740507_0015_li 7 7 0 0 0 30.22 89.54 30.22 89.54 0 0
ynao_sd_19740508_0115_li 1 1 0 0 0 4.22 10.2 4.22 10.2 0 0
ynao_sd_19740509_0010_li 2 2 0 0 0 9.04 9.27 9.04 9.27 0 0
ynao_sd_19740510_0045_li 0 0 0 0 0 0 0 0 0 0 0
ynao_sd_19740511_0020_li 3 3 0 0 0 19.24 43.24 19.24 43.24 0 0
ynao_sd_19740512_0035_li 3 3 0 0 0 20.03 48.08 20.03 48.08 0 0
ynao_sd_19740513_0110_hong 2 2 0 0 0 9.79 9.92 9.79 9.92 0 0
ynao_sd_19740514_0330_hong 4 4 0 0 0 16.33 19.52 16.33 19.52 0 0
ynao_sd_19740515_0600_li 6 6 0 0 0 35.82 68.18 35.82 68.18 0 0
ynao_sd_19740516_0020_li 4 4 0 0 0 35.88 41.89 35.88 41.89 0 0
ynao_sd_19740517_0020_li 10 10 0 0 0 59.57 101.22 59.57 101.22 0 0
ynao_sd_19740518_0002_li 1 1 0 0 0 11.43 20.09 11.43 20.09 0 0
ynao_sd_19740519_0001_li 2 2 0 0 0 9.74 40.97 9.74 40.97 0 0
ynao_sd_19740520_0003_li 0 0 0 0 0 0 0 0 0 0 0
ynao_sd_19740521_0320_hong 1 1 0 0 0 4.51 16.96 4.51 16.96 0 0
ynao_sd_19740522_0050_hong 1 1 0 0 0 5.27 34.77 5.27 34.77 0 0
ynao_sd_19740525_0300_li 1 1 0 0 0 3.78 3.82 3.78 3.82 0 0
ynao_sd_19740526_0010_li 4 4 0 0 0 23.42 59.26 23.42 59.26 0 0
ynao_sd_19740527_0130_hong 2 2 0 0 0 12.45 53.8 12.45 53.8 0 0
ynao_sd_19740528_0230_hong 2 2 0 0 0 9.43 41.24 9.43 41.24 0 0
ynao_sd_19740529_0400_hong 2 2 0 0 0 11.06 12.02 11.06 12.02 0 0
ynao_sd_19740531_0240_hong 1 1 0 0 0 5.47 35.95 5.47 35.95 0 0
ynao_sd_19740601_0040_hong 2 2 0 0 0 17.75 41.1 17.75 41.1 0 0
ynao_sd_19740602_0140_hong 2 2 0 0 0 8.91 34.99 8.91 34.99 0 0
ynao_sd_19740604_0500_li 2 2 0 0 0 8.74 18.87 8.74 18.87 0 0
ynao_sd_19740605_0350_li 14 14 0 0 0 90.7 141.94 90.7 141.94 0 0
ynao_sd_19740606_0800_li 9 6 3 2 0 179.02 222.58 42.57 57.27 136.45 165.31
ynao_sd_19740607_0530_li 3 1 2 1 0 96.36 102.99 19.55 21.27 76.81 81.72
ynao_sd_19740608_0120_li 21 17 4 3 0 191.65 216.3 90.13 112.5 101.52 103.8
ynao_sd_19740609_0010_li 30 29 1 1 0 187.27 284.59 170.81 268.03 16.46 16.56
ynao_sd_19740611_0020_li 30 27 3 1 0 337.21 423.59 170.53 221.39 166.68 202.2
ynao_sd_19740612_0620_hong 31 26 5 2 0 661.21 717.55 196.63 222.18 464.58 495.37
ynao_sd_19740613_0100_hong 32 29 3 3 0 654.47 706.4 223.89 267.76 430.58 438.64
ynao_sd_19740614_0240_hong 18 12 6 2 0 502.93 507.41 137.34 138.42 365.59 368.99
ynao_sd_19740615_0910_hong 17 12 5 1 0 386.6 421.92 139.4 152.1 247.2 269.82
ynao_sd_19740616_0050_hong 7 3 4 1 0 237.11 279.05 62.8 72.94 174.31 206.11
ynao_sd_19740617_0320_hong 4 3 1 1 0 109.75 160.46 35.64 50.84 74.11 109.62
ynao_sd_19740618_0315_hong 3 2 1 1 0 51.83 116.37 17.25 50.64 34.58 65.73
ynao_sd_19740620_0930_hong 1 1 0 0 0 5.78 6.99 5.78 6.99 0 0
ynao_sd_19740621_0105_hong 0 0 0 0 0 0 0 0 0 0 0
ynao_sd_19740622_0640_li 1 1 0 0 0 5.83 10.52 5.83 10.52 0 0
ynao_sd_19740623_0020_li 1 1 0 0 0 5.42 7.57 5.42 7.57 0 0
ynao_sd_19740624_0010_li 3 3 0 0 0 40.69 40.72 40.69 40.72 0 0
ynao_sd_19740625_0035_li 4 4 0 0 0 42.35 43.27 42.35 43.27 0 0
ynao_sd_19740627_0820_li 1 1 0 0 0 5.19 33.72 5.19 33.72 0 0
ynao_sd_19740628_0930_li 0 0 0 0 0 0 0 0 0 0 0
ynao_sd_19740701_0820_hong 1 1 0 0 0 5.93 9.0 5.93 9.0 0 0
ynao_sd_19740702_0805_hong 3 3 0 0 0 41.59 77.04 41.59 77.04 0 0
ynao_sd_19740703_0840_hong 1 1 0 0 0 6.17 7.28 6.17 7.28 0 0
ynao_sd_19740704_0220_hong 0 0 0 0 0 0 0 0 0 0 0
ynao_sd_19740705_0705_hong 3 3 0 0 0 41.31 68.52 41.31 68.52 0 0
ynao_sd_19740706_0105_hong 0 0 0 0 0 0 0 0 0 0 0
ynao_sd_19740708_0210_li 3 3 0 0 0 22.02 49.92 22.02 49.92 0 0
ynao_sd_19740710_0810_li 1 1 0 0 0 5.17 30.31 5.17 30.31 0 0
ynao_sd_19740711_0140_lik 3 3 0 0 0 14.75 48.45 14.75 48.45 0 0
ynao_sd_19740714_0135_lik 2 2 0 0 0 9.43 45.69 9.43 45.69 0 0
ynao_sd_19740715_0015_lik 2 2 0 0 0 16.48 21.09 16.48 21.09 0 0
ynao_sd_19740717_0820_hong 1 1 0 0 0 6.31 9.04 6.31 9.04 0 0
ynao_sd_19740718_0120_hong 1 1 0 0 0 4.96 7.13 4.96 7.13 0 0
ynao_sd_19740719_0030_hong 0 0 0 0 0 0 0 0 0 0 0
ynao_sd_19740720_0025_hong 2 2 0 0 0 9.74 13.23 9.74 13.23 0 0
ynao_sd_19740721_0020_hong 1 1 0 0 0 17.16 26.05 17.16 26.05 0 0
ynao_sd_19740722_0050_li 0 0 0 0 0 0 0 0 0 0 0
ynao_sd_19740723_0045_li 1 1 0 0 0 5.18 7.46 5.18 7.46 0 0
ynao_sd_19740724_0010_li 2 2 0 0 0 11.07 48.31 11.07 48.31 0 0
ynao_sd_19740725_0100_hong 1 1 0 0 0 4.08 27.59 4.08 27.59 0 0
ynao_sd_19740729_0310_hong 0 0 0 0 0 0 0 0 0 0 0
ynao_sd_19740730_0640_hong 2 2 0 0 0 11.11 42.77 11.11 42.77 0 0
ynao_sd_19740731_0650_li 1 1 0 0 0 3.05 3.46 3.05 3.46 0 0
ynao_sd_19740801_0100_hong 1 1 0 0 0 8.21 9.19 8.21 9.19 0 0
ynao_sd_19740806_0215_li 2 2 0 0 0 7.11 8.17 7.11 8.17 0 0
ynao_sd_19740807_0550_li 1 1 0 0 0 31.72 31.72 31.72 31.72 0 0
ynao_sd_19740809_0850_li 0 0 0 0 0 0 0 0 0 0 0
ynao_sd_19740810_0110_hong 2 1 1 1 0 31.53 87.7 8.51 18.23 23.02 69.47
ynao_sd_19740811_0920_hong 2 1 1 1 0 36.2 84.74 10.73 40.73 25.47 44.01
ynao_sd_19740813_0025_lik 4 4 0 0 0 60.45 73.35 60.45 73.35 0 0
ynao_sd_19740814_0015_lik 2 2 0 0 0 35.22 41.09 35.22 41.09 0 0
ynao_sd_19740815_0105_lik 2 2 0 0 0 15.91 16.03 15.91 16.03 0 0
ynao_sd_19740816_0155_lik 6 6 0 0 0 41.02 43.4 41.02 43.4 0 0
ynao_sd_19740817_0025_lik 11 9 2 2 0 273.81 318.46 94.73 107.75 179.08 210.71
ynao_sd_19740818_0020_lik 4 3 1 2 0 169.89 228.95 55.05 68.15 114.84 160.8
ynao_sd_19740819_0040_hong 6 4 2 2 0 161.11 302.68 54.13 100.28 106.98 202.4
ynao_sd_19740820_0020_hong 6 4 2 2 0 145.66 456.34 48.86 151.94 96.8 304.4
ynao_sd_19740821_0040_hong 3 1 2 1 0 150.35 296.12 23.28 52.56 127.07 243.56
ynao_sd_19740822_0030_hong 3 1 2 1 0 151.54 213.55 30.74 43.44 120.8 170.11
ynao_sd_19740823_0820_hong 3 1 2 1 0 150.57 168.07 36.19 40.4 114.38 127.67
ynao_sd_19740901_0445_li 1 1 0 0 0 28.12 28.12 28.12 28.12 0 0
ynao_sd_19740902_0020_hong 0 0 0 0 0 0 0 0 0 0 0
ynao_sd_19740903_0130_hong 0 0 0 0 0 0 0 0 0 0 0
ynao_sd_19740904_0150_hong 2 2 0 0 0 20.01 25.25 20.01 25.25 0 0
ynao_sd_19740905_0210_hong 2 2 0 0 0 16.04 20.02 16.04 20.02 0 0
ynao_sd_19740906_0110_li 3 3 0 0 0 12.79 12.88 12.79 12.88 0 0
ynao_sd_19740907_0110_hong 4 4 0 0 0 47.56 53.31 47.56 53.31 0 0
ynao_sd_19740908_0120_hong 2 2 0 0 0 12.46 12.75 12.46 12.75 0 0
ynao_sd_19740909_0535_li 3 2 1 1 0 348.7 1535.26 51.8 135.83 296.9 1399.43
ynao_sd_19740910_0720_li 13 7 6 1 0 851.66 1919.81 196.02 397.83 655.64 1521.98
ynao_sd_19740911_0645_li 15 7 8 3 0 1365.99 2233.82 215.17 349.47 1150.82 1884.35
ynao_sd_19740912_0340_li 27 16 11 3 0 1673.82 2343.0 369.71 512.75 1304.11 1830.25
ynao_sd_19740913_0820_li 21 7 14 1 0 1791.17 2024.69 343.45 431.72 1447.72 1592.97
ynao_sd_19740914_0250_li 27 16 11 2 0 1654.38 1728.36 297.76 325.35 1356.62 1403.01
ynao_sd_19740915_0830_li 23 14 9 2 0 1637.75 1686.3 374.31 421.93 1263.44 1264.37
ynao_sd_19740916_0720_hong 30 24 6 1 0 1462.44 1548.84 375.54 428.91 1086.9 1119.93
ynao_sd_19740917_0410_hong 23 12 11 1 0 1558.08 1749.45 362.21 427.22 1195.87 1322.23
ynao_sd_19740918_0300_hong 28 20 8 2 1 1210.82 1524.82 357.43 443.33 853.39 1081.49
ynao_sd_19740919_0040_hong 25 18 7 2 0 921.3 1396.35 248.45 363.88 672.85 1032.47
ynao_sd_19740920_0850_hong 8 6 2 2 0 407.96 1014.42 103.53 252.37 304.43 762.05
ynao_sd_19740922_0505_hong 2 2 0 0 0 30.62 31.21 30.62 31.21 0 0
ynao_sd_19740923_0845_li 5 5 0 0 0 52.65 84.41 52.65 84.41 0 0
ynao_sd_19740924_0600_li 10 10 0 0 0 47.68 74.51 47.68 74.51 0 0
ynao_sd_19740925_0410_li 8 6 2 1 0 124.82 134.2 61.52 70.46 63.3 63.74
ynao_sd_19740926_0125_li 10 9 1 1 0 142.85 148.61 55.71 58.35 87.14 90.26
ynao_sd_19740927_0030_hong 6 4 2 1 0 100.02 113.82 32.9 38.32 67.12 75.5
ynao_sd_19740928_0500_li 7 5 2 1 0 85.66 234.08 34.7 67.58 50.96 166.5
ynao_sd_19740929_0115_li 4 2 2 1 0 156.38 313.29 59.27 110.85 97.11 202.44
ynao_sd_19740930_0040_li 5 2 3 2 0 128.4 194.12 42.2 63.43 86.2 130.69
ynao_sd_19741001_0050_li 11 10 1 1 0 164.92 203.45 71.35 87.93 93.57 115.52
ynao_sd_19741002_0250_li 11 9 2 2 0 224.83 265.72 70.84 99.73 153.99 165.99
ynao_sd_19741003_0200_hong 10 8 2 2 0 175.75 178.8 59.68 60.71 116.07 118.09
ynao_sd_19741004_0320_hong 8 7 1 1 0 146.49 186.68 44.6 84.4 101.89 102.28
ynao_sd_19741005_0310_hong 22 18 4 2 0 211.01 442.29 101.44 280.85 109.57 161.44
ynao_sd_19741006_0520_hong 19 13 6 4 0 288.44 757.35 93.95 283.52 194.49 473.83
ynao_sd_19741007_0310_hong 37 26 11 6 0 628.01 1279.06 226.8 410.48 401.21 868.58
ynao_sd_19741008_0040_hong 50 33 17 4 0 1055.53 1685.0 351.17 530.3 704.36 1154.7
ynao_sd_19741009_0205_li 93 80 13 6 0 1121.43 1394.47 428.49 522.82 692.94 871.65
ynao_sd_19741010_0750_li 86 67 19 8 0 1160.96 1235.0 464.09 494.82 696.87 740.18
ynao_sd_19741012_0520_li 103 66 37 7 0 2678.01 2703.37 623.79 632.35 2054.22 2071.02
ynao_sd_19741013_0130_li 80 53 27 9 0 1439.41 1512.72 470.36 494.28 969.05 1018.44
ynao_sd_19741014_0250_hong 62 31 31 10 0 1724.23 2023.93 446.86 523.73 1277.37 1500.2
ynao_sd_19741016_0730_hong 40 26 14 5 0 726.05 1360.54 261.11 460.09 464.94 900.45
ynao_sd_19741017_0030_hong 19 9 10 6 0 550.38 1341.93 127.09 307.18 423.29 1034.75
ynao_sd_19741018_0350_li 4 3 1 1 0 138.5 588.86 49.42 209.34 89.08 379.52
ynao_sd_19741019_0030_hong 6 6 0 0 0 32.48 63.58 32.48 63.58 0 0
ynao_sd_19741020_0010_hong 4 4 0 0 0 34.04 48.93 34.04 48.93 0 0
ynao_sd_19741021_0250_li 9 9 0 0 0 82.67 184.91 82.67 184.91 0 0
ynao_sd_19741023_0608_li 1 1 0 0 0 4.75 4.82 4.75 4.82 0 0
ynao_sd_19741024_0210_li 1 1 0 0 0 33.59 33.59 33.59 33.59 0 0
ynao_sd_19741025_0530_li 1 1 0 0 0 35.18 35.18 35.18 35.18 0 0
ynao_sd_19741026_0510_li 2 2 0 0 0 9.04 11.88 9.04 11.88 0 0
ynao_sd_19741027_0230_li 5 5 0 0 0 26.53 69.53 26.53 69.53 0 0
ynao_sd_19741028_0820_hong 4 4 0 0 0 46.01 56.45 46.01 56.45 0 0
ynao_sd_19741029_0810_hong 1 1 0 0 0 4.23 5.65 4.23 5.65 0 0
ynao_sd_19741030_0750_hong 2 2 0 0 0 8.85 34.69 8.85 34.69 0 0
ynao_sd_19741031_0030_hong 3 3 0 0 0 13.95 52.84 13.95 52.84 0 0
ynao_sd_19741101_0055_hong 6 5 1 1 0 110.6 400.62 69.58 133.11 41.02 267.51
ynao_sd_19741102_0025_hong 2 1 1 1 0 123.03 352.38 21.59 63.56 101.44 288.82
ynao_sd_19741103_0120_hong 17 14 3 3 0 193.75 360.3 87.0 165.36 106.75 194.94
ynao_sd_19741104_0040_li 20 17 3 2 0 192.74 273.26 104.99 151.5 87.75 121.76
ynao_sd_19741105_0320_li 18 17 1 1 0 106.03 202.8 81.34 174.55 24.69 28.25
ynao_sd_19741106_0030_li 11 11 0 0 0 54.87 58.54 54.87 58.54 0 0
ynao_sd_19741107_0120_li 17 17 0 0 0 73.87 75.11 73.87 75.11 0 0
ynao_sd_19741108_0105_li 9 9 0 0 0 43.09 45.15 43.09 45.15 0 0
ynao_sd_19741109_0020_li 7 7 0 0 0 28.29 42.66 28.29 42.66 0 0
ynao_sd_19741110_0020_li 13 13 0 0 0 84.38 113.95 84.38 113.95 0 0
ynao_sd_19741111_0025_hong 10 10 0 0 0 48.79 52.07 48.79 52.07 0 0
ynao_sd_19741112_0910_hong 18 18 0 0 0 96.39 136.07 96.39 136.07 0 0
ynao_sd_19741113_0240_hong 7 7 0 0 0 36.53 38.04 36.53 38.04 0 0
ynao_sd_19741119_0045_li 11 8 3 3 0 914.12 1086.62 186.21 229.02 727.91 857.6
ynao_sd_19741120_0620_li 22 20 2 2 0 1008.03 1107.18 233.9 297.48 774.13 809.7
ynao_sd_19741121_0620_li 29 28 1 1 0 1034.04 1072.25 286.8 312.64 747.24 759.61
ynao_sd_19741122_0700_li 55 51 4 2 0 1156.54 1243.75 365.8 419.79 790.74 823.96
ynao_sd_19741124_0440_li 21 20 1 1 0 802.98 999.66 218.61 262.25 584.37 737.41
ynao_sd_19741125_0050_hong 15 13 2 1 0 738.7 1079.53 195.15 267.73 543.55 811.8
ynao_sd_19741127_0310_hong 18 14 4 3 0 449.81 1193.88 138.63 318.11 311.18 875.77
ynao_sd_19741128_0130_hong 8 6 2 2 0 86.35 93.1 34.82 37.76 51.53 55.34
ynao_sd_19741129_0300_hong 7 7 0 0 0 38.62 52.08 38.62 52.08 0 0
ynao_sd_19741130_0055_hong 4 4 0 0 0 30.29 45.73 30.29 45.73 0 0
ynao_sd_19741201_0050_hong 2 2 0 0 0 9.07 20.56 9.07 20.56 0 0
ynao_sd_19741202_0030_li 1 1 0 0 0 4.67 27.94 4.67 27.94 0 0
ynao_sd_19741203_0020_li 1 1 0 0 0 4.97 29.11 4.97 29.11 0 0
ynao_sd_19741204_0205_hong 2 2 0 0 0 10.84 42.16 10.84 42.16 0 0
ynao_sd_19741205_0030_li 6 6 0 0 0 29.41 67.87 29.41 67.87 0 0
ynao_sd_19741206_0340_li 2 2 0 0 0 14.1 14.14 14.1 14.14 0 0
ynao_sd_19741207_0110_li 1 1 0 0 0 5.88 8.46 5.88 8.46 0 0
ynao_sd_19741208_0105_li 0 0 0 0 0 0 0 0 0 0 0
ynao_sd_19741209_0110_hong 0 0 0 0 0 0 0 0 0 0 0
ynao_sd_19741210_0040_hong 0 0 0 0 0 0 0 0 0 0 0
ynao_sd_19741211_0040_hong 7 7 0 0 0 38.84 45.43 38.84 45.43 0 0
ynao_sd_19741212_0020_li 14 13 1 1 0 176.76 218.92 97.01 135.39 79.75 83.53
ynao_sd_19741213_0220_hong 25 19 6 3 0 401.35 745.42 152.23 214.83 249.12 530.59
ynao_sd_19741215_0140_hong 21 16 5 2 0 621.4 898.73 173.59 229.33 447.81 669.4
ynao_sd_19741216_0050_hong 25 17 8 3 0 740.91 916.09 193.87 244.43 547.04 671.66
ynao_sd_19741217_0025_hong 16 13 3 3 0 708.4 838.96 188.57 244.17 519.83 594.79
ynao_sd_19741218_0240_hong 20 18 2 2 0 836.99 1312.17 233.19 482.67 603.8 829.5
ynao_sd_19741219_0015_hong 9 7 2 2 0 815.62 1050.56 187.96 290.11 627.66 760.45
ynao_sd_19741220_0650_hong 4 2 2 2 0 820.15 976.02 177.08 210.16 643.07 765.86
ynao_sd_19741221_0110_hong 8 6 2 2 0 755.03 928.38 169.59 204.69 585.44 723.69
ynao_sd_19741222_0640_ding 8 6 2 2 0 706.35 1013.58 163.36 250.47 542.99 763.11
ynao_sd_19741223_0105_hong 13 8 5 2 0 512.86 870.87 117.31 197.88 395.55 672.99
ynao_sd_19741224_0420_hong 5 0 5 2 0 292.52 638.46 58.96 152.96 233.56 485.5
ynao_sd_19741225_0120_hong 4 2 2 1 0 164.4 200.24 22.22 50.22 142.18 150.02
ynao_sd_19741226_0140_hong 6 4 2 1 0 101.96 190.53 31.81 108.86 70.15 81.67
ynao_sd_19741227_0040_hong 2 1 1 1 0 33.81 72.69 7.97 37.22 25.84 35.47
ynao_sd_19741228_0035_hong 10 10 0 0 0 49.98 163.06 49.98 163.06 0 0
ynao_sd_19741229_0140_hong 10 10 0 0 0 57.16 76.8 57.16 76.8 0 0
ynao_sd_19741230_0040_hong 6 6 0 0 0 35.02 88.14 35.02 88.14 0 0
ynao_sd_19741231_0035_hong 0 0 0 0 0 0 0 0 0 0 0
