ynao_sd_19750101_0120_hong 9 9 0 0 0 39.36 60.49 39.36 60.49 0 0
ynao_sd_19750102_0225_hong 6 3 3 2 0 78.4 266.18 41.42 149.91 36.98 116.27
ynao_sd_19750103_0045_hong 3 2 1 1 0 51.77 208.44 16.02 59.32 35.75 149.12
ynao_sd_19750104_0720_hong 5 4 1 1 0 90.83 120.92 43.12 54.44 47.71 66.48
ynao_sd_19750106_0230_li 1 0 1 1 0 30.22 32.54 3.33 3.59 26.89 28.95
ynao_sd_19750107_0055_li 8 7 1 1 0 61.43 139.02 38.66 115.74 22.77 23.28
ynao_sd_19750108_0050_hong 10 8 2 1 0 109.44 159.37 61.33 81.73 48.11 77.64
ynao_sd_19750109_0050_li 11 10 1 1 0 153.92 523.17 75.78 220.88 78.14 302.29
ynao_sd_19750112_0550_li 14 10 4 2 0 416.45 712.28 111.49 269.22 304.96 443.06
ynao_sd_19750113_0905_hong 9 4 5 2 0 468.26 779.57 96.06 217.32 372.2 562.25
ynao_sd_19750114_0100_hong 6 2 4 1 0 376.99 424.57 97.73 127.39 279.26 297.18
ynao_sd_19750115_0050_hong 5 2 3 1 0 311.91 327.39 88.72 93.17 223.19 234.22
ynao_sd_19750116_0045_hong 12 8 4 2 0 371.34 420.42 85.26 111.74 286.08 308.68
ynao_sd_19750117_0050_hong 5 4 1 1 0 310.42 447.21 68.84 158.68 241.58 288.53
ynao_sd_19750118_0100_hong 8 6 2 1 0 250.98 346.7 69.59 91.11 181.39 255.59
ynao_sd_19750119_0130_hong 11 9 2 2 0 281.04 520.59 110.05 239.97 170.99 280.62
ynao_sd_19750120_0140_li 7 5 2 2 0 145.94 274.45 49.11 75.21 96.83 199.24
ynao_sd_19750121_0050_li 8 8 0 0 0 89.36 248.51 89.36 248.51 0 0
ynao_sd_19750122_0150_li 7 7 0 0 0 40.43 46.24 40.43 46.24 0 0
ynao_sd_19750123_0120_li 5 5 0 0 0 18.12 23.59 18.12 23.59 0 0
ynao_sd_19750124_0100_li 2 2 0 0 0 7.37 10.87 7.37 10.87 0 0
ynao_sd_19750125_0120_li 0 0 0 0 0 0 0 0 0 0 0
ynao_sd_19750126_0050_li 2 2 0 0 0 10.93 31.99 10.93 31.99 0 0
ynao_sd_19750127_0050_hong 1 1 0 0 0 4.96 5.89 4.96 5.89 0 0
ynao_sd_19750128_0055_hong 0 0 0 0 0 0 0 0 0 0 0
ynao_sd_19750129_0050_hong 3 2 1 0 0 11.03 77.16 18.06 98.61 7.03 21.45
ynao_sd_19750130_0040_hong 2 2 0 0 0 7.55 13.61 7.55 13.61 0 0
ynao_sd_19750131_0040_hong 3 3 0 0 0 15.29 23.8 15.29 23.8 0 0
ynao_sd_19750201_0050_hong 1 1 0 0 0 3.78 24.36 3.78 24.36 0 0
ynao_sd_19750202_0120_hong 5 5 0 0 0 39.68 140.29 39.68 140.29 0 0
ynao_sd_19750203_0055_li 1 1 0 0 0 3.26 3.31 3.26 3.31 0 0
ynao_sd_19750204_0105_li 1 1 0 0 0 7.32 8.63 7.32 8.63 0 0
ynao_sd_19750205_0100_li 0 0 0 0 0 0 0 0 0 0 0
ynao_sd_19750206_0130_li 10 8 2 1 0 83.54 119.55 52.63 76.18 30.91 43.37
ynao_sd_19750207_0130_li 15 12 3 2 0 211.97 276.05 73.91 112.72 138.06 163.33
ynao_sd_19750208_0110_li 17 10 7 3 0 477.35 520.95 84.69 106.42 392.66 414.53
ynao_sd_19750209_0110_li 14 11 3 2 0 344.74 374.13 88.31 114.13 256.43 260.0
ynao_sd_19750210_0110_hong 18 15 3 1 0 373.03 383.79 129.04 131.76 243.99 252.03
ynao_sd_19750211_0140_li 16 15 1 1 0 233.79 257.85 70.05 75.56 163.74 182.29
ynao_sd_19750212_0510_hong 10 8 2 1 0 258.07 334.98 62.65 78.5 195.42 256.48
ynao_sd_19750213_0440_li 2 1 1 1 0 113.78 210.22 19.85 53.37 93.93 156.85
ynao_sd_19750214_0110_hong 3 2 1 1 0 106.72 242.9 24.12 63.7 82.6 179.2
ynao_sd_19750215_0100_hong 2 1 1 1 0 66.69 227.31 15.9 43.16 50.79 184.15
ynao_sd_19750216_0120_hong 2 2 0 0 0 8.63 38.45 8.63 38.45 0 0
ynao_sd_19750217_0130_lik 1 1 0 0 0 4.29 26.87 4.29 26.87 0 0
ynao_sd_19750218_0700_ding 2 2 0 0 0 16.11 19.04 16.11 19.04 0 0
ynao_sd_19750219_0110_ding 1 1 0 0 0 4.52 29.31 4.52 29.31 0 0
ynao_sd_19750220_0730_ding 0 0 0 0 0 0 0 0 0 0 0
ynao_sd_19750221_0100_ding 3 3 0 0 0 33.82 35.45 33.82 35.45 0 0
ynao_sd_19750222_0310_hong 2 2 0 0 0 9.78 13.3 9.78 13.3 0 0
ynao_sd_19750223_0110_ding 0 0 0 0 0 0 0 0 0 0 0
ynao_sd_19750224_0130_hong 1 1 0 0 0 4.57 27.0 4.57 27.0 0 0
ynao_sd_19750225_0640_hong 2 2 0 0 0 9.2 50.2 9.2 50.2 0 0
ynao_sd_19750226_0040_hong 2 2 0 0 0 8.34 29.37 8.34 29.37 0 0
ynao_sd_19750227_0100_li 3 3 0 0 0 12.46 34.94 12.46 34.94 0 0
ynao_sd_19750228_0030_hong 5 5 0 0 0 21.12 53.76 21.12 53.76 0 0
ynao_sd_19750301_0045_hong 1 1 0 0 0 4.67 29.79 4.67 29.79 0 0
ynao_sd_19750302_0105_hong 9 9 0 0 0 56.26 86.06 56.26 86.06 0 0
ynao_sd_19750303_0105_li 16 16 0 0 0 71.69 110.7 71.69 110.7 0 0
ynao_sd_19750304_0040_li 12 12 0 0 0 52.75 104.68 52.75 104.68 0 0
ynao_sd_19750305_0050_li 4 2 2 0 0 7.64 14.32 15.36 31.2 7.72 16.88
ynao_sd_19750306_0025_li 2 2 0 0 0 18.1 45.8 18.1 45.8 0 0
ynao_sd_19750307_0040_li 5 5 0 0 0 29.07 67.36 29.07 67.36 0 0
ynao_sd_19750308_0030_lik 3 3 0 0 0 19.57 49.75 19.57 49.75 0 0
ynao_sd_19750309_0035_lik 1 1 0 0 0 9.85 11.82 9.85 11.82 0 0
ynao_sd_19750310_0030_lik 4 4 0 0 0 15.61 16.86 15.61 16.86 0 0
ynao_sd_19750311_0155_lik 1 1 0 0 0 4.53 28.19 4.53 28.19 0 0
ynao_sd_19750312_0040_lik 3 3 0 0 0 14.82 35.37 14.82 35.37 0 0
ynao_sd_19750313_0040_hong 3 3 0 0 0 13.2 43.31 13.2 43.31 0 0
ynao_sd_19750314_0220_lik 1 1 0 0 0 4.95 28.41 4.95 28.41 0 0
ynao_sd_19750315_0750_hong 3 3 0 0 0 27.51 42.4 27.51 42.4 0 0
ynao_sd_19750316_0120_hong 2 2 0 0 0 8.23 36.41 8.23 36.41 0 0
ynao_sd_19750317_0100_hong 2 2 0 0 0 13.79 18.4 13.79 18.4 0 0
ynao_sd_19750318_0035_hong 1 1 0 0 0 4.53 30.37 4.53 30.37 0 0
ynao_sd_19750319_0030_hong 2 2 0 0 0 8.22 34.14 8.22 34.14 0 0
ynao_sd_19750320_0025_hong 2 2 0 0 0 7.27 10.26 7.27 10.26 0 0
ynao_sd_19750321_0040_hong 3 3 0 0 0 11.9 46.89 11.9 46.89 0 0
ynao_sd_19750322_0020_lik 0 0 0 0 0 0 0 0 0 0 0
ynao_sd_19750323_0105_hong 1 1 0 0 0 4.44 28.42 4.44 28.42 0 0
ynao_sd_19750324_0130_li 3 3 0 0 0 12.75 39.56 12.75 39.56 0 0
ynao_sd_19750325_0020_li 3 3 0 0 0 14.7 41.02 14.7 41.02 0 0
ynao_sd_19750326_0010_li 3 3 0 0 0 10.53 32.82 10.53 32.82 0 0
ynao_sd_19750327_0002_li 0 0 0 0 0 0 0 0 0 0 0
ynao_sd_19750328_0015_li 4 4 0 0 0 21.34 58.7 21.34 58.7 0 0
ynao_sd_19750329_0001_li 1 1 0 0 0 4.08 25.05 4.08 25.05 0 0
ynao_sd_19750330_0305_li 1 1 0 0 0 3.62 4.19 3.62 4.19 0 0
ynao_sd_19750331_0210_li 1 1 0 0 0 3.92 23.93 3.92 23.93 0 0
ynao_sd_19750401_0230_hong 1 1 0 0 0 4.52 4.68 4.52 4.68 0 0
ynao_sd_19750402_0650_hong 3 3 0 0 0 12.02 42.5 12.02 42.5 0 0
ynao_sd_19750403_0040_hong 1 1 0 0 0 4.89 47.36 4.89 47.36 0 0
ynao_sd_19750404_0030_hong 0 0 0 0 0 0 0 0 0 0 0
ynao_sd_19750405_0015_hong 1 1 0 0 0 15.13 17.6 15.13 17.6 0 0
ynao_sd_19750406_0105_hong 2 2 0 0 0 10.13 13.61 10.13 13.61 0 0
ynao_sd_19750407_0100_li 0 0 0 0 0 0 0 0 0 0 0
ynao_sd_19750408_0205_li 3 3 0 0 0 17.11 22.99 17.11 22.99 0 0
ynao_sd_19750409_0025_li 9 9 0 0 0 47.3 52.01 47.3 52.01 0 0
ynao_sd_19750410_0130_hong 8 8 0 0 0 39.58 44.26 39.58 44.26 0 0
ynao_sd_19750411_0105_hong 4 4 0 0 0 23.13 48.4 23.13 48.4 0 0
ynao_sd_19750412_0030_li 3 3 0 0 0 11.97 45.83 11.97 45.83 0 0
ynao_sd_19750413_0140_li 3 3 0 0 0 15.52 44.35 15.52 44.35 0 0
ynao_sd_19750414_0120_hong 1 1 0 0 0 4.81 29.18 4.81 29.18 0 0
ynao_sd_19750415_0050_hong 2 2 0 0 0 9.27 32.71 9.27 32.71 0 0
ynao_sd_19750416_0001_hong 0 0 0 0 0 0 0 0 0 0 0
ynao_sd_19750417_0030_hong 2 2 0 0 0 7.92 9.03 7.92 9.03 0 0
ynao_sd_19750418_0040_hong 1 1 0 0 0 4.29 25.83 4.29 25.83 0 0
ynao_sd_19750419_0050_hong 3 2 1 1 0 119.82 363.7 13.55 44.11 106.27 319.59
ynao_sd_19750420_0210_hong 0 0 0 0 0 0 0 0 0 0 0
ynao_sd_19750421_0040_li 1 1 0 0 0 3.17 4.59 3.17 4.59 0 0
ynao_sd_19750422_0040_li 6 6 0 0 0 53.33 62.75 53.33 62.75 0 0
ynao_sd_19750423_0040_hong 3 3 0 0 0 12.67 14.56 12.67 14.56 0 0
ynao_sd_19750424_0030_li 3 3 0 0 0 17.46 30.2 17.46 30.2 0 0
ynao_sd_19750425_0050_hong 3 3 0 0 0 15.25 20.27 15.25 20.27 0 0
ynao_sd_19750426_0100_hong 3 3 0 0 0 27.64 126.36 27.64 126.36 0 0
ynao_sd_19750427_0120_hong 6 5 1 1 0 48.28 144.23 18.96 59.1 29.32 85.13
ynao_sd_19750428_0110_hong 12 10 2 1 0 84.67 133.28 60.11 98.93 24.56 34.35
ynao_sd_19750429_0020_hong 10 9 1 1 0 86.97 169.44 66.01 130.09 20.96 39.35
ynao_sd_19750430_0020_hong 3 3 0 0 0 17.34 44.92 17.34 44.92 0 0
ynao_sd_19750501_0150_hong 3 3 0 0 0 12.23 48.23 12.23 48.23 0 0
ynao_sd_19750502_0025_hong 0 0 0 0 0 0 0 0 0 0 0
ynao_sd_19750503_0105_hong 0 0 0 0 0 0 0 0 0 0 0
ynao_sd_19750504_0110_hong 1 1 0 0 0 7.65 8.27 7.65 8.27 0 0
ynao_sd_19750505_0030_hong 2 2 0 0 0 14.65 17.46 14.65 17.46 0 0
ynao_sd_19750506_0200_ding 2 2 0 0 0 10.6 15.56 10.6 15.56 0 0
ynao_sd_19750507_0055_li 2 2 0 0 0 9.63 12.0 9.63 12.0 0 0
ynao_sd_19750509_0720_ding 4 4 0 0 0 22.67 50.96 22.67 50.96 0 0
ynao_sd_19750510_0130_hong 0 0 0 0 0 0 0 0 0 0 0
ynao_sd_19750511_0120_li 0 0 0 0 0 0 0 0 0 0 0
ynao_sd_19750512_0020_li 1 1 0 0 0 3.78 12.65 3.78 12.65 0 0
ynao_sd_19750513_0030_li 1 1 0 0 0 4.15 25.97 4.15 25.97 0 0
ynao_sd_19750514_0025_li 1 1 0 0 0 2.96 3.03 2.96 3.03 0 0
ynao_sd_19750515_0100_li 2 2 0 0 0 7.56 16.57 7.56 16.57 0 0
ynao_sd_19750516_0002_li 3 3 0 0 0 14.93 43.81 14.93 43.81 0 0
ynao_sd_19750517_0230_li 1 1 0 0 0 5.85 12.74 5.85 12.74 0 0
ynao_sd_19750518_0002_li 3 3 0 0 0 21.08 24.67 21.08 24.67 0 0
ynao_sd_19750519_0130_ding 4 4 0 0 0 16.13 47.3 16.13 47.3 0 0
ynao_sd_19750520_0020_ding 3 3 0 0 0 31.47 74.39 31.47 74.39 0 0
ynao_sd_19750521_0200_ding 2 2 0 0 0 16.21 32.92 16.21 32.92 0 0
ynao_sd_19750522_0040_ding 2 2 0 0 0 10.08 13.58 10.08 13.58 0 0
ynao_sd_19750523_0130_li 1 1 0 0 0 4.53 28.68 4.53 28.68 0 0
ynao_sd_19750524_0020_hong 1 1 0 0 0 5.63 6.93 5.63 6.93 0 0
ynao_sd_19750525_0500_ding 3 3 0 0 0 12.63 36.66 12.63 36.66 0 0
ynao_sd_19750526_0650_li 2 2 0 0 0 10.95 33.79 10.95 33.79 0 0
ynao_sd_19750527_0320_li 1 1 0 0 0 3.92 5.58 3.92 5.58 0 0
ynao_sd_19750531_0120_hong 2 2 0 0 0 12.41 38.79 12.41 38.79 0 0
ynao_sd_19750601_0120_hong 2 2 0 0 0 9.31 33.57 9.31 33.57 0 0
ynao_sd_19750602_0250_hong 0 0 0 0 0 0 0 0 0 0 0
ynao_sd_19750603_0230_hong 1 1 0 0 0 2.66 3.89 2.66 3.89 0 0
ynao_sd_19750604_0220_hong 2 2 0 0 0 13.84 16.35 13.84 16.35 0 0
ynao_sd_19750605_0120_hong 4 4 0 0 0 21.89 23.12 21.89 23.12 0 0
ynao_sd_19750606_0410_hong 4 4 0 0 0 17.74 42.86 17.74 42.86 0 0
ynao_sd_19750607_0720_hong 2 2 0 0 0 8.07 32.75 8.07 32.75 0 0
ynao_sd_19750608_0320_hong 0 0 0 0 0 0 0 0 0 0 0
ynao_sd_19750609_0100_li 2 2 0 0 0 36.25 38.11 36.25 38.11 0 0
ynao_sd_19750610_0110_li 3 3 0 0 0 40.74 44.11 40.74 44.11 0 0
ynao_sd_19750611_0805_li 4 4 0 0 0 16.01 46.58 16.01 46.58 0 0
ynao_sd_19750612_0120_li 2 2 0 0 0 8.36 33.52 8.36 33.52 0 0
ynao_sd_19750613_0730_li 3 3 0 0 0 41.75 43.84 41.75 43.84 0 0
ynao_sd_19750614_0500_li 2 2 0 0 0 37.34 37.89 37.34 37.89 0 0
ynao_sd_19750617_0330_hong 10 4 6 3 0 209.21 359.45 54.26 110.38 154.95 249.07
ynao_sd_19750618_0300_hong 10 5 5 2 0 176.61 431.41 48.2 145.97 128.41 285.44
ynao_sd_19750619_0115_ding 9 8 1 0 0 67.85 243.51 71.41 255.72 3.56 12.21
ynao_sd_19750620_0150_ding 2 2 0 0 0 16.39 39.72 16.39 39.72 0 0
ynao_sd_19750621_0610_ding 2 2 0 0 0 36.65 37.45 36.65 37.45 0 0
ynao_sd_19750622_0240_ding 3 3 0 0 0 39.43 66.37 39.43 66.37 0 0
ynao_sd_19750624_0240_hong 4 4 0 0 0 52.15 55.04 52.15 55.04 0 0
ynao_sd_19750625_0410_hong 6 3 3 1 0 138.8 407.97 34.1 97.7 104.7 310.27
ynao_sd_19750626_0220_hong 5 3 2 1 0 299.06 605.84 66.59 162.61 232.47 443.23
ynao_sd_19750627_0130_hong 10 7 3 1 0 449.03 672.34 105.18 170.04 343.85 502.3
ynao_sd_19750628_0640_hong 9 6 3 1 0 523.55 631.37 109.23 150.35 414.32 481.02
ynao_sd_19750629_0230_hong 10 8 2 1 0 579.32 618.22 153.7 165.34 425.62 452.88
ynao_sd_19750630_0300_li 26 24 2 1 0 658.73 704.22 161.86 203.6 496.87 500.62
ynao_sd_19750701_0300_hong 20 18 2 1 0 649.47 654.52 197.47 198.65 452.0 455.87
ynao_sd_19750702_0130_hong 16 15 1 1 0 568.96 621.73 142.52 169.68 426.44 452.05
ynao_sd_19750703_0750_li 9 7 2 1 0 443.67 549.61 90.89 112.23 352.78 437.38
ynao_sd_19750704_0605_li 6 5 1 1 0 366.17 566.4 69.57 119.48 296.6 446.92
ynao_sd_19750707_0330_hong 12 12 0 0 0 56.85 99.63 56.85 99.63 0 0
ynao_sd_19750708_0120_hong 8 8 0 0 0 39.85 45.65 39.85 45.65 0 0
ynao_sd_19750709_0140_hong 22 22 0 0 0 116.54 123.28 116.54 123.28 0 0
ynao_sd_19750710_0630_hong 11 11 0 0 0 57.73 58.92 57.73 58.92 0 0
ynao_sd_19750712_0340_hong 27 22 5 3 0 257.0 310.15 129.87 165.97 127.13 144.18
ynao_sd_19750713_0620_li 31 21 10 4 0 417.45 587.71 133.87 184.11 283.58 403.6
ynao_sd_19750715_0930_hong 9 3 6 3 0 230.91 784.88 44.17 160.03 186.74 624.85
ynao_sd_19750716_0220_hong 0 0 0 0 0 0 0 0 0 0 0
ynao_sd_19750717_0050_hong 1 1 0 0 0 4.37 29.86 4.37 29.86 0 0
ynao_sd_19750719_0015_li 1 1 0 0 0 30.37 30.37 30.37 30.37 0 0
ynao_sd_19750720_0050_li 1 1 0 0 0 4.28 10.01 4.28 10.01 0 0
ynao_sd_19750721_0040_hong 4 3 1 1 0 46.6 208.98 18.05 48.87 28.55 160.11
ynao_sd_19750722_0040_hong 2 1 1 1 0 79.41 256.7 19.39 73.25 60.02 183.45
ynao_sd_19750723_0130_hong 6 5 1 1 0 157.11 278.34 66.59 114.36 90.52 163.98
ynao_sd_19750724_0410_hong 15 14 1 1 0 253.93 357.38 112.31 168.4 141.62 188.98
ynao_sd_19750727_0650_hong 24 14 10 4 0 441.97 473.46 145.66 171.01 296.31 302.45
ynao_sd_19750728_0300_li 18 15 3 2 0 460.08 503.66 140.35 150.05 319.73 353.61
ynao_sd_19750729_0030_hong 14 11 3 2 0 392.28 484.77 148.36 176.05 243.92 308.72
ynao_sd_19750730_0200_hong 13 8 5 3 0 326.14 876.56 96.11 230.2 230.03 646.36
ynao_sd_19750731_0120_li 11 8 3 3 0 284.4 697.24 99.79 204.8 184.61 492.44
ynao_sd_19750801_0040_hong 30 26 4 3 0 509.28 1102.69 187.0 414.86 322.28 687.83
ynao_sd_19750802_0035_hong 26 18 8 5 0 788.89 1082.01 169.79 240.45 619.1 841.56
ynao_sd_19750803_0120_li 34 26 8 3 0 890.45 1868.58 271.44 468.72 619.01 1399.86
ynao_sd_19750804_0410_hong 59 33 26 10 0 1877.51 3190.89 440.73 680.31 1436.78 2510.58
ynao_sd_19750805_0200_hong 83 46 37 12 0 2248.15 3172.7 535.36 760.84 1712.79 2411.86
ynao_sd_19750806_0150_hong 73 45 28 15 0 2625.09 3236.11 565.37 667.92 2059.72 2568.19
ynao_sd_19750807_0010_hong 116 75 41 13 0 2976.07 3400.25 837.68 987.9 2138.39 2412.35
ynao_sd_19750808_0740_hong 91 47 44 13 0 3064.55 3442.31 621.26 725.19 2443.29 2717.12
ynao_sd_19750811_0050_hong 97 59 38 14 0 1774.2 2401.28 556.61 740.12 1217.59 1661.16
ynao_sd_19750812_0150_hong 60 37 23 8 0 1249.81 1489.15 367.06 435.82 882.75 1053.33
ynao_sd_19750813_0300_hong 67 37 30 11 0 1076.49 1524.48 322.6 463.04 753.89 1061.44
ynao_sd_19750815_0020_hong 24 17 7 6 0 462.37 1116.26 146.46 320.67 315.91 795.59
ynao_sd_19750816_0025_hong 10 9 1 1 0 67.94 261.48 49.84 179.32 18.1 82.16
ynao_sd_19750817_0010_hong 4 4 0 0 0 21.91 63.64 21.91 63.64 0 0
ynao_sd_19750818_0250_hong 4 4 0 0 0 58.58 83.36 58.58 83.36 0 0
ynao_sd_19750819_0330_li 3 3 0 0 0 36.74 39.54 36.74 39.54 0 0
ynao_sd_19750820_0705_wangj 9 9 0 0 0 48.41 100.33 48.41 100.33 0 0
ynao_sd_19750821_0240_wangj 15 12 3 2 0 900.71 992.2 113.24 139.33 787.47 852.87
ynao_sd_19750822_0220_wangj 7 7 0 0 0 80.88 235.15 80.88 235.15 0 0
ynao_sd_19750823_0020_wangj 13 13 0 0 0 122.74 144.12 122.74 144.12 0 0
ynao_sd_19750824_0205_li 5 5 0 0 0 63.87 69.86 63.87 69.86 0 0
ynao_sd_19750825_0200_hong 5 5 0 0 0 19.27 44.4 19.27 44.4 0 0
ynao_sd_19750826_0220_hong 1 1 0 0 0 30.98 30.98 30.98 30.98 0 0
ynao_sd_19750827_0400_hong 3 3 0 0 0 40.47 65.05 40.47 65.05 0 0
ynao_sd_19750828_0720_hong 3 3 0 0 0 20.8 27.04 20.8 27.04 0 0
ynao_sd_19750829_0110_hong 8 8 0 0 0 67.05 85.29 67.05 85.29 0 0
ynao_sd_19750830_0050_hong 11 11 0 0 0 78.34 123.97 78.34 123.97 0 0
ynao_sd_19750831_0110_hong 10 10 0 0 0 46.96 166.86 46.96 166.86 0 0
ynao_sd_19750901_0030_wangj 15 15 0 0 0 64.22 120.04 64.22 120.04 0 0
ynao_sd_19750902_0830_wangj 10 9 1 0 0 49.62 61.83 53.77 67.21 4.15 5.38
ynao_sd_19750903_0340_li 24 24 0 0 0 109.28 142.72 109.28 142.72 0 0
ynao_sd_19750904_0710_li 36 36 0 0 0 169.36 173.61 169.36 173.61 0 0
ynao_sd_19750906_0625_wangj 25 25 0 0 0 121.05 153.63 121.05 153.63 0 0
ynao_sd_19750907_0140_ding 19 19 0 0 0 110.08 143.26 110.08 143.26 0 0
ynao_sd_19750908_0040_li 5 5 0 0 0 28.91 49.91 28.91 49.91 0 0
ynao_sd_19750909_0030_li 1 1 0 0 0 3.56 16.59 3.56 16.59 0 0
ynao_sd_19750910_0005_li 2 2 0 0 0 10.06 62.44 10.06 62.44 0 0
ynao_sd_19750911_0030_li 5 5 0 0 0 26.27 34.26 26.27 34.26 0 0
ynao_sd_19750912_0230_li 2 2 0 0 0 8.08 9.54 8.08 9.54 0 0
ynao_sd_19750913_0250_li 1 1 0 0 0 29.43 29.44 29.43 29.44 0 0
ynao_sd_19750914_0400_ding 2 2 0 0 0 14.21 75.63 14.21 75.63 0 0
ynao_sd_19750915_0730_li 2 2 0 0 0 8.28 33.45 8.28 33.45 0 0
ynao_sd_19750916_0730_li 2 2 0 0 0 38.31 38.84 38.31 38.84 0 0
ynao_sd_19750917_0300_li 6 6 0 0 0 28.34 50.65 28.34 50.65 0 0
ynao_sd_19750918_0150_li 9 9 0 0 0 73.73 75.22 73.73 75.22 0 0
ynao_sd_19750919_0250_li 11 11 0 0 0 96.64 121.95 96.64 121.95 0 0
ynao_sd_19750920_0220_li 13 13 0 0 0 88.5 93.73 88.5 93.73 0 0
ynao_sd_19750921_0315_li 17 17 0 0 0 95.32 112.43 95.32 112.43 0 0
ynao_sd_19750922_0615_wangj 15 15 0 0 0 72.51 115.48 72.51 115.48 0 0
ynao_sd_19750923_0020_li 6 6 0 0 0 50.44 53.88 50.44 53.88 0 0
ynao_sd_19750924_0020_li 4 4 0 0 0 40.58 41.69 40.58 41.69 0 0
ynao_sd_19750925_0005_li 2 2 0 0 0 45.91 46.59 45.91 46.59 0 0
ynao_sd_19750926_0040_wangj 5 5 0 0 0 53.06 78.07 53.06 78.07 0 0
ynao_sd_19750927_0110_li 4 4 0 0 0 45.23 81.28 45.23 81.28 0 0
ynao_sd_19750928_0130_li 3 3 0 0 0 8.9 10.97 8.9 10.97 0 0
ynao_sd_19750929_0330_ding 1 1 0 0 0 30.1 30.1 30.1 30.1 0 0
ynao_sd_19750930_0030_ding 3 3 0 0 0 37.01 39.43 37.01 39.43 0 0
ynao_sd_19751001_0300_ding 2 1 1 1 0 101.29 276.33 45.33 74.25 55.96 202.08
ynao_sd_19751002_0230_li 3 2 1 1 0 123.12 238.12 49.31 66.57 73.81 171.55
ynao_sd_19751003_0010_ding 6 5 1 1 0 203.31 331.5 76.56 106.46 126.75 225.04
ynao_sd_19751004_0845_ding 5 3 2 1 0 165.46 231.75 61.17 91.06 104.29 140.69
ynao_sd_19751005_0100_ding 3 1 2 1 0 147.17 184.54 32.26 41.86 114.91 142.68
ynao_sd_19751006_0050_li 8 7 1 1 0 247.19 285.11 93.86 109.22 153.33 175.89
ynao_sd_19751007_0540_li 5 4 1 1 0 187.38 203.97 65.65 69.46 121.73 134.51
ynao_sd_19751009_0540_li 3 2 1 1 0 167.69 195.83 57.3 62.69 110.39 133.14
ynao_sd_19751010_0940_li 5 4 1 1 0 135.03 202.44 55.92 90.63 79.11 111.81
ynao_sd_19751011_1040_li 3 2 1 1 0 84.76 142.52 24.02 36.47 60.74 106.05
ynao_sd_19751012_0050_li 2 2 0 0 0 35.7 37.53 35.7 37.53 0 0
ynao_sd_19751013_0110_hong 12 12 0 0 0 73.2 79.06 73.2 79.06 0 0
ynao_sd_19751014_0125_hong 11 6 5 3 0 491.68 519.06 144.57 164.56 347.11 354.5
ynao_sd_19751016_0120_hong 15 9 6 1 0 549.73 565.1 163.97 167.17 385.76 397.93
ynao_sd_19751017_0110_hong 15 13 2 1 0 501.28 650.31 183.51 291.74 317.77 358.57
ynao_sd_19751018_0840_hong 9 8 1 1 0 324.73 485.87 82.26 148.26 242.47 337.61
ynao_sd_19751019_0540_hong 1 0 1 1 0 243.71 433.42 34.4 61.56 209.31 371.86
ynao_sd_19751020_0330_li 1 0 1 1 0 103.31 262.95 16.33 41.48 86.98 221.47
ynao_sd_19751021_0330_hong 2 1 1 1 0 81.5 377.24 13.08 51.27 68.42 325.97
ynao_sd_19751022_0520_hong 1 1 0 0 0 30.38 30.38 30.38 30.38 0 0
ynao_sd_19751023_0230_hong 2 2 0 0 0 40.13 45.2 40.13 45.2 0 0
ynao_sd_19751024_0030_hong 2 2 0 0 0 31.87 31.99 31.87 31.99 0 0
ynao_sd_19751025_0340_li 4 4 0 0 0 40.12 43.88 40.12 43.88 0 0
ynao_sd_19751026_0140_li 3 3 0 0 0 35.48 36.29 35.48 36.29 0 0
ynao_sd_19751027_0030_li 1 1 0 0 0 4.74 30.26 4.74 30.26 0 0
ynao_sd_19751028_0040_wangj 3 3 0 0 0 41.06 43.65 41.06 43.65 0 0
ynao_sd_19751102_0710_wangj 7 7 0 0 0 61.12 93.87 61.12 93.87 0 0
ynao_sd_19751103_0640_hong 4 4 0 0 0 47.6 74.7 47.6 74.7 0 0
ynao_sd_19751104_0130_hong 1 1 0 0 0 31.21 31.21 31.21 31.21 0 0
ynao_sd_19751105_0150_hong 2 1 1 1 0 93.2 283.5 42.26 78.76 50.94 204.74
ynao_sd_19751106_0140_hong 8 7 1 1 0 160.82 350.62 53.71 118.46 107.11 232.16
ynao_sd_19751107_0730_hong 10 9 1 1 0 245.92 463.53 96.67 251.31 149.25 212.22
ynao_sd_19751108_0120_hong 13 11 2 2 0 271.39 324.23 114.59 135.0 156.8 189.23
ynao_sd_19751109_0020_li 17 16 1 1 0 190.13 206.06 86.76 94.93 103.37 111.13
ynao_sd_19751110_0030_li 21 20 1 1 0 239.06 245.19 123.64 128.63 115.42 116.56
ynao_sd_19751114_0100_li 12 12 0 0 0 81.68 98.16 81.68 98.16 0 0
ynao_sd_19751115_0100_li 17 17 0 0 0 110.7 128.33 110.7 128.33 0 0
ynao_sd_19751116_0030_li 10 9 1 1 0 86.69 90.1 50.77 54.14 35.92 35.96
ynao_sd_19751117_0040_hong 11 10 1 1 0 95.0 129.22 62.42 95.46 32.58 33.76
ynao_sd_19751118_0110_hong 16 16 0 0 0 115.81 124.89 115.81 124.89 0 0
ynao_sd_19751119_0050_hong 12 11 1 1 0 99.26 119.22 81.68 95.89 17.58 23.33
ynao_sd_19751120_0100_hong 12 10 2 2 0 246.29 401.49 94.66 149.73 151.63 251.76
ynao_sd_19751121_0110_hong 5 4 1 1 0 225.82 502.9 78.47 140.19 147.35 362.71
ynao_sd_19751122_0105_hong 4 2 2 1 0 103.23 357.97 44.86 97.11 58.37 260.86
ynao_sd_19751124_0600_li 4 4 0 0 0 21.77 27.69 21.77 27.69 0 0
ynao_sd_19751125_0400_li 2 2 0 0 0 35.92 36.06 35.92 36.06 0 0
ynao_sd_19751126_0730_li 1 1 0 0 0 32.62 32.62 32.62 32.62 0 0
ynao_sd_19751127_0350_li 2 2 0 0 0 38.25 41.05 38.25 41.05 0 0
ynao_sd_19751128_0620_li 2 2 0 0 0 35.59 61.7 35.59 61.7 0 0
ynao_sd_19751201_0030_wangj 2 2 0 0 0 34.59 57.52 34.59 57.52 0 0
ynao_sd_19751202_0050_wangj 11 11 0 0 0 108.91 125.29 108.91 125.29 0 0
ynao_sd_19751203_0115_wangj 16 10 6 2 0 300.82 326.44 140.69 150.39 160.13 176.05
ynao_sd_19751204_0115_wangj 11 8 3 3 0 289.97 295.87 90.33 92.09 199.64 203.78
ynao_sd_19751205_0140_wangj 14 11 3 2 0 177.12 178.23 133.86 134.69 43.26 43.54
ynao_sd_19751206_0105_wangj 26 25 1 1 0 309.92 328.49 181.45 191.9 128.47 136.59
ynao_sd_19751207_0225_wangj 24 20 4 1 0 195.01 235.12 107.42 129.66 87.59 105.46
ynao_sd_19751208_0220_hong 10 8 2 1 0 99.49 143.57 46.84 65.64 52.65 77.93
ynao_sd_19751209_0130_hong 2 1 1 1 0 33.17 68.59 13.55 27.8 19.62 40.79
ynao_sd_19751210_0030_hong 1 1 0 0 0 8.76 30.79 8.76 30.79 0 0
ynao_sd_19751215_0640_wangj 1 1 0 0 0 6.61 8.04 6.61 8.04 0 0
ynao_sd_19751217_0430_wangj 1 1 0 0 0 4.07 4.63 4.07 4.63 0 0
ynao_sd_19751218_0630_wangj 1 1 0 0 0 4.52 6.5 4.52 6.5 0 0
ynao_sd_19751219_0120_wangj 2 2 0 0 0 9.35 12.62 9.35 12.62 0 0
ynao_sd_19751220_0230_wangj 3 3 0 0 0 15.46 17.92 15.46 17.92 0 0
ynao_sd_19751221_0235_wangj 1 1 0 0 0 4.43 26.13 4.43 26.13 0 0
ynao_sd_19751222_0040_hong 0 0 0 0 0 0 0 0 0 0 0
ynao_sd_19751223_0500_wangj 0 0 0 0 0 0 0 0 0 0 0
ynao_sd_19751224_0110_hong 1 1 0 0 0 5.55 6.47 5.55 6.47 0 0
ynao_sd_19751225_0120_ding 1 1 0 0 0 4.52 6.17 4.52 6.17 0 0
ynao_sd_19751226_0120_hong 0 0 0 0 0 0 0 0 0 0 0
ynao_sd_19751227_0110_hong 1 1 0 0 0 4.96 29.3 4.96 29.3 0 0
ynao_sd_19751228_0230_hong 0 0 0 0 0 0 0 0 0 0 0
ynao_sd_19751229_0200_wangj 0 0 0 0 0 0 0 0 0 0 0
ynao_sd_19751230_0200_wangj 3 3 0 0 0 12.69 43.68 12.69 43.68 0 0
ynao_sd_19751231_0240_wangj 1 1 0 0 0 3.47 4.28 3.47 4.28 0 0
