ynao_sd_19760101_0115_li 5 5 0 0 0 22.4 22.91 22.4 22.91 0 0
ynao_sd_19760102_0200_li 0 0 0 0 0 0 0 0 0 0 0
ynao_sd_19760103_0110_hong 0 0 0 0 0 0 0 0 0 0 0
ynao_sd_19760104_0120_hong 0 0 0 0 0 0 0 0 0 0 0
ynao_sd_19760105_0150_hong 0 0 0 0 0 0 0 0 0 0 0
ynao_sd_19760106_0200_hong 0 0 0 0 0 0 0 0 0 0 0
ynao_sd_19760107_0030_hong 1 1 0 0 0 4.72 6.69 4.72 6.69 0 0
ynao_sd_19760108_0140_hong 0 0 0 0 0 0 0 0 0 0 0
ynao_sd_19760109_0310_hong 3 3 0 0 0 9.51 12.67 9.51 12.67 0 0
ynao_sd_19760112_0840_hong 2 2 0 0 0 9.0 10.9 9.0 10.9 0 0
ynao_sd_19760113_0640_hong 1 1 0 0 0 7.86 10.64 7.86 10.64 0 0
ynao_sd_19760114_0730_hong 2 2 0 0 0 16.82 44.79 16.82 44.79 0 0
ynao_sd_19760115_0110_hong 1 1 0 0 0 4.53 29.66 4.53 29.66 0 0
ynao_sd_19760116_0040_hong 0 0 0 0 0 0 0 0 0 0 0
ynao_sd_19760117_0110_hong 2 2 0 0 0 9.27 36.57 9.27 36.57 0 0
ynao_sd_19760118_0140_hong 1 1 0 0 0 4.45 8.65 4.45 8.65 0 0
ynao_sd_19760119_0250_li 0 0 0 0 0 0 0 0 0 0 0
ynao_sd_19760120_0110_li 1 1 0 0 0 7.56 14.91 7.56 14.91 0 0
ynao_sd_19760121_0700_li 0 0 0 0 0 0 0 0 0 0 0
ynao_sd_19760123_0345_li 4 4 0 0 0 24.83 30.97 24.83 30.97 0 0
ynao_sd_19760124_0730_li 0 0 0 0 0 0 0 0 0 0 0
ynao_sd_19760125_0420_li 1 1 0 0 0 4.53 4.75 4.53 4.75 0 0
ynao_sd_19760126_0830_hong 1 1 0 0 0 4.15 7.01 4.15 7.01 0 0
ynao_sd_19760127_0030_hong 2 2 0 0 0 8.01 35.99 8.01 35.99 0 0
ynao_sd_19760128_0040_hong 5 5 0 0 0 41.56 114.16 41.56 114.16 0 0
ynao_sd_19760129_0500_hong 0 0 0 0 0 0 0 0 0 0 0
ynao_sd_19760130_0800_hong 3 3 0 0 0 14.83 23.69 14.83 23.69 0 0
ynao_sd_19760131_0305_hong 1 1 0 0 0 4.3 29.29 4.3 29.29 0 0
ynao_sd_19760202_0140_hong 2 2 0 0 0 10.98 13.14 10.98 13.14 0 0
ynao_sd_19760203_0440_jing 1 0 1 1 0 61.97 70.57 12.96 14.79 49.01 55.78
ynao_sd_19760204_0155_hong 1 1 0 0 0 5.69 8.24 5.69 8.24 0 0
ynao_sd_19760205_0050_hong 1 1 0 0 0 3.33 7.23 3.33 7.23 0 0
ynao_sd_19760206_0040_hong 0 0 0 0 0 0 0 0 0 0 0
ynao_sd_19760208_0105_hong 2 2 0 0 0 12.83 18.82 12.83 18.82 0 0
ynao_sd_19760209_0630_hong 1 1 0 0 0 7.02 25.03 7.02 25.03 0 0
ynao_sd_19760210_0050_hong 4 4 0 0 0 19.71 54.88 19.71 54.88 0 0
ynao_sd_19760211_0040_hong 2 2 0 0 0 10.82 14.42 10.82 14.42 0 0
ynao_sd_19760212_0050_hong 2 2 0 0 0 18.75 27.82 18.75 27.82 0 0
ynao_sd_19760213_0040_hong 0 0 0 0 0 0 0 0 0 0 0
ynao_sd_19760214_0105_hong 2 2 0 0 0 7.04 7.93 7.04 7.93 0 0
ynao_sd_19760215_0140_hong 1 1 0 0 0 4.07 4.85 4.07 4.85 0 0
ynao_sd_19760216_0050_hong 2 2 0 0 0 9.88 36.01 9.88 36.01 0 0
ynao_sd_19760217_0040_hong 1 1 0 0 0 4.15 5.57 4.15 5.57 0 0
ynao_sd_19760218_0030_hong 2 2 0 0 0 14.84 28.45 14.84 28.45 0 0
ynao_sd_19760219_0040_hong 1 1 0 0 0 3.63 23.47 3.63 23.47 0 0
ynao_sd_19760220_0035_hong 1 1 0 0 0 4.97 10.02 4.97 10.02 0 0
ynao_sd_19760221_0120_li 2 2 0 0 0 10.42 15.16 10.42 15.16 0 0
ynao_sd_19760222_0135_hong 2 2 0 0 0 7.76 16.66 7.76 16.66 0 0
ynao_sd_19760223_0035_li 2 2 0 0 0 12.57 70.07 12.57 70.07 0 0
ynao_sd_19760224_0025_li 2 2 0 0 0 10.22 19.2 10.22 19.2 0 0
ynao_sd_19760225_0250_li 3 3 0 0 0 16.12 50.7 16.12 50.7 0 0
ynao_sd_19760226_0040_li 2 2 0 0 0 8.74 11.01 8.74 11.01 0 0
ynao_sd_19760227_0040_hong 0 0 0 0 0 0 0 0 0 0 0
ynao_sd_19760228_0050_li 1 1 0 0 0 3.48 4.34 3.48 4.34 0 0
ynao_sd_19760229_0035_li 1 1 0 0 0 4.57 13.88 4.57 13.88 0 0
ynao_sd_19760304_0610_li 2 2 0 0 0 17.73 25.23 17.73 25.23 0 0
ynao_sd_19760305_0030_hong 0 0 0 0 0 0 0 0 0 0 0
ynao_sd_19760306_0040_hong 2 2 0 0 0 10.68 38.59 10.68 38.59 0 0
ynao_sd_19760307_0130_hong 0 0 0 0 0 0 0 0 0 0 0
ynao_sd_19760308_0040_li 0 0 0 0 0 0 0 0 0 0 0
ynao_sd_19760309_0050_li 1 1 0 0 0 4.0 5.07 4.0 5.07 0 0
ynao_sd_19760310_0030_li 0 0 0 0 0 0 0 0 0 0 0
ynao_sd_19760311_0050_li 0 0 0 0 0 0 0 0 0 0 0
ynao_sd_19760312_0110_li 4 4 0 0 0 20.82 46.55 20.82 46.55 0 0
ynao_sd_19760313_0030_li 2 2 0 0 0 11.63 39.81 11.63 39.81 0 0
ynao_sd_19760314_0110_li 1 1 0 0 0 3.55 6.98 3.55 6.98 0 0
ynao_sd_19760315_0050_hong 1 1 0 0 0 3.93 25.23 3.93 25.23 0 0
ynao_sd_19760316_0040_hong 3 3 0 0 0 16.16 25.51 16.16 25.51 0 0
ynao_sd_19760317_0030_hong 21 18 3 2 0 146.85 176.09 90.18 107.37 56.67 68.72
ynao_sd_19760318_0040_hong 33 22 11 5 0 397.45 428.5 150.38 164.28 247.07 264.22
ynao_sd_19760319_0040_hong 37 30 7 3 0 607.36 620.52 192.76 196.93 414.6 423.59
ynao_sd_19760320_0040_hong 34 22 12 3 0 860.92 917.55 280.87 318.71 580.05 598.84
ynao_sd_19760321_0310_hong 36 18 18 7 0 1005.97 1128.83 223.54 250.39 782.43 878.44
ynao_sd_19760322_0045_li 39 33 6 4 0 632.25 825.34 226.57 285.5 405.68 539.84
ynao_sd_19760323_0310_li 26 22 4 3 0 538.57 911.36 150.6 240.02 387.97 671.34
ynao_sd_19760324_0210_li 11 7 4 3 0 357.32 838.21 93.72 208.71 263.6 629.5
ynao_sd_19760325_0200_li 7 4 3 2 0 113.72 496.46 43.37 176.39 70.35 320.07
ynao_sd_19760326_0055_li 5 5 0 0 0 24.4 63.36 24.4 63.36 0 0
ynao_sd_19760327_0040_li 12 12 0 0 0 56.63 196.8 56.63 196.8 0 0
ynao_sd_19760328_0105_li 6 6 0 0 0 33.6 46.36 33.6 46.36 0 0
ynao_sd_19760329_0050_hong 7 7 0 0 0 30.79 47.88 30.79 47.88 0 0
ynao_sd_19760330_0030_hong 6 6 0 0 0 32.31 83.4 32.31 83.4 0 0
ynao_sd_19760331_0030_hong 2 2 0 0 0 8.86 41.13 8.86 41.13 0 0
ynao_sd_19760401_0020_hong 2 2 0 0 0 8.6 13.32 8.6 13.32 0 0
ynao_sd_19760402_0050_hong 1 1 0 0 0 4.14 25.98 4.14 25.98 0 0
ynao_sd_19760403_0105_hong 0 0 0 0 0 0 0 0 0 0 0
ynao_sd_19760404_0100_hong 1 1 0 0 0 2.89 20.55 2.89 20.55 0 0
ynao_sd_19760405_0040_li 0 0 0 0 0 0 0 0 0 0 0
ynao_sd_19760406_0100_li 2 2 0 0 0 8.59 32.35 8.59 32.35 0 0
ynao_sd_19760407_0110_li 0 0 0 0 0 0 0 0 0 0 0
ynao_sd_19760408_0100_li 0 0 0 0 0 0 0 0 0 0 0
ynao_sd_19760409_0120_li 2 1 1 1 0 81.61 332.75 15.35 69.8 66.26 262.95
ynao_sd_19760410_0140_li 3 2 1 1 0 220.21 452.0 56.9 100.91 163.31 351.09
ynao_sd_19760411_0100_li 5 4 1 1 0 328.09 510.56 59.24 92.04 268.85 418.52
ynao_sd_19760412_0100_li 12 11 1 1 0 414.93 539.93 108.65 157.6 306.28 382.33
ynao_sd_19760413_0720_hong 8 7 1 1 0 481.01 540.45 83.7 115.7 397.31 424.75
ynao_sd_19760414_0330_hong 13 11 2 2 0 583.62 852.28 167.51 254.95 416.11 597.33
ynao_sd_19760415_0050_hong 9 6 3 2 0 551.22 671.35 132.04 157.27 419.18 514.08
ynao_sd_19760416_0025_hong 9 6 3 2 0 674.06 831.33 126.46 173.41 547.6 657.92
ynao_sd_19760417_0030_hong 8 5 3 2 0 675.92 807.52 172.61 198.2 503.31 609.32
ynao_sd_19760418_0050_hong 3 0 3 2 0 571.12 726.98 97.25 123.28 473.87 603.7
ynao_sd_19760419_0110_li 4 1 3 2 0 452.81 631.45 65.42 98.6 387.39 532.85
ynao_sd_19760420_0035_li 4 2 2 2 0 354.89 565.18 54.83 107.06 300.06 458.12
ynao_sd_19760421_0030_li 3 1 2 1 0 228.33 237.95 33.81 35.2 194.52 202.75
ynao_sd_19760422_0020_li 5 3 2 1 0 213.92 244.5 40.74 47.53 173.18 196.97
ynao_sd_19760424_0230_li 2 0 2 1 0 114.07 192.38 10.05 16.95 104.02 175.43
ynao_sd_19760425_0615_li 2 1 1 1 0 64.4 171.46 10.3 27.04 54.1 144.42
ynao_sd_19760426_0030_hong 10 7 3 2 0 113.58 324.47 49.21 106.64 64.37 217.83
ynao_sd_19760427_0020_li 8 7 1 1 0 63.88 93.56 33.42 48.83 30.46 44.73
ynao_sd_19760428_0030_hong 12 12 0 0 0 55.77 67.82 55.77 67.82 0 0
ynao_sd_19760429_0025_hong 4 4 0 0 0 15.21 39.16 15.21 39.16 0 0
ynao_sd_19760430_0205_hong 3 3 0 0 0 8.22 10.98 8.22 10.98 0 0
ynao_sd_19760501_0110_li 3 3 0 0 0 14.09 39.45 14.09 39.45 0 0
ynao_sd_19760505_0200_li 6 6 0 0 0 26.57 28.62 26.57 28.62 0 0
ynao_sd_19760506_0020_li 5 3 2 1 0 67.87 238.51 21.15 72.19 46.72 166.32
ynao_sd_19760507_0310_li 6 5 1 0 0 16.79 40.87 24.85 57.54 8.06 16.67
ynao_sd_19760508_0015_li 4 2 2 1 0 175.68 264.06 35.34 49.78 140.34 214.28
ynao_sd_19760509_0020_li 1 1 0 0 0 9.0 10.09 9.0 10.09 0 0
ynao_sd_19760510_0050_li 1 1 0 0 0 3.69 4.11 3.69 4.11 0 0
ynao_sd_19760511_0720_li 1 0 1 1 0 209.0 210.4 10.94 11.02 198.06 199.38
ynao_sd_19760512_0040_li 4 4 0 0 0 16.43 31.59 16.43 31.59 0 0
ynao_sd_19760513_0850_li 5 3 2 1 0 232.14 258.1 52.34 65.45 179.8 192.65
ynao_sd_19760514_0830_li 7 5 2 1 0 187.0 368.29 49.36 202.45 137.64 165.84
ynao_sd_19760515_0040_li 3 2 1 0 0 5.62 11.31 16.34 25.69 10.72 14.38
ynao_sd_19760516_0100_li 0 0 0 0 0 0 0 0 0 0 0
ynao_sd_19760517_0020_li 3 3 0 0 0 9.37 11.29 9.37 11.29 0 0
ynao_sd_19760518_0020_li 0 0 0 0 0 0 0 0 0 0 0
ynao_sd_19760519_0020_li 2 2 0 0 0 7.32 10.13 7.32 10.13 0 0
ynao_sd_19760520_0030_li 0 0 0 0 0 0 0 0 0 0 0
ynao_sd_19760521_0005_li 1 1 0 0 0 4.66 30.38 4.66 30.38 0 0
ynao_sd_19760522_0115_li 0 0 0 0 0 0 0 0 0 0 0
ynao_sd_19760523_0050_li 1 1 0 0 0 8.6 8.73 8.6 8.73 0 0
ynao_sd_19760524_0030_li 1 1 0 0 0 5.26 33.84 5.26 33.84 0 0
ynao_sd_19760525_0035_li 2 2 0 0 0 8.35 32.44 8.35 32.44 0 0
ynao_sd_19760526_0110_li 0 0 0 0 0 0 0 0 0 0 0
ynao_sd_19760527_0220_li 2 2 0 0 0 8.15 28.64 8.15 28.64 0 0
ynao_sd_19760528_0430_li 2 2 0 0 0 9.51 35.6 9.51 35.6 0 0
ynao_sd_19760529_0740_li 3 3 0 0 0 13.89 36.92 13.89 36.92 0 0
ynao_sd_19760530_0130_li 1 1 0 0 0 5.24 5.77 5.24 5.77 0 0
ynao_sd_19760531_0045_li 1 1 0 0 0 4.21 25.66 4.21 25.66 0 0
ynao_sd_19760601_0800_li 1 1 0 0 0 4.66 5.48 4.66 5.48 0 0
ynao_sd_19760602_0600_li 0 0 0 0 0 0 0 0 0 0 0
ynao_sd_19760603_0100_li 2 2 0 0 0 7.23 30.83 7.23 30.83 0 0
ynao_sd_19760604_0205_li 3 3 0 0 0 18.23 20.01 18.23 20.01 0 0
ynao_sd_19760605_0020_li 2 2 0 0 0 16.62 18.32 16.62 18.32 0 0
ynao_sd_19760606_0023_li 0 0 0 0 0 0 0 0 0 0 0
ynao_sd_19760608_0250_hong 3 3 0 0 0 11.45 16.62 11.45 16.62 0 0
ynao_sd_19760610_0210_li 1 1 0 0 0 4.74 4.84 4.74 4.84 0 0
ynao_sd_19760613_0200_li 3 3 0 0 0 14.28 53.0 14.28 53.0 0 0
ynao_sd_19760614_0100_hong 3 3 0 0 0 37.35 50.71 37.35 50.71 0 0
ynao_sd_19760615_0030_hong 7 6 1 1 0 73.44 229.22 39.81 128.68 33.63 100.54
ynao_sd_19760616_0025_hong 15 14 1 1 0 136.37 198.85 103.95 148.03 32.42 50.82
ynao_sd_19760617_0030_hong 20 13 7 4 0 245.06 325.13 102.42 136.67 142.64 188.46
ynao_sd_19760618_0220_hong 27 24 3 3 0 281.33 350.59 157.03 207.06 124.3 143.53
ynao_sd_19760619_0120_hong 28 22 6 2 0 330.72 375.43 171.02 210.39 159.7 165.04
ynao_sd_19760620_0140_hong 18 12 6 3 0 278.88 280.55 112.38 113.84 166.5 166.71
ynao_sd_19760621_0040_hong 22 22 0 0 0 147.47 157.96 147.47 157.96 0 0
ynao_sd_19760622_0220_hong 21 21 0 0 0 91.39 114.93 91.39 114.93 0 0
ynao_sd_19760623_0040_hong 21 21 0 0 0 104.76 176.39 104.76 176.39 0 0
ynao_sd_19760624_0150_hong 7 7 0 0 0 75.34 126.93 75.34 126.93 0 0
ynao_sd_19760625_0220_hong 4 4 0 0 0 17.1 38.02 17.1 38.02 0 0
ynao_sd_19760626_0250_hong 3 3 0 0 0 15.26 42.53 15.26 42.53 0 0
ynao_sd_19760628_1020_hong 3 3 0 0 0 44.79 79.07 44.79 79.07 0 0
ynao_sd_19760630_0030_hong 3 3 0 0 0 10.49 48.72 10.49 48.72 0 0
ynao_sd_19760701_0830_hong 1 1 0 0 0 4.75 32.44 4.75 32.44 0 0
ynao_sd_19760703_0255_hong 1 1 0 0 0 4.15 5.42 4.15 5.42 0 0
ynao_sd_19760704_0520_hong 6 6 0 0 0 39.26 71.03 39.26 71.03 0 0
ynao_sd_19760705_0120_hong 4 4 0 0 0 18.24 21.04 18.24 21.04 0 0
ynao_sd_19760706_0505_hong 7 7 0 0 0 57.61 65.61 57.61 65.61 0 0
ynao_sd_19760707_0520_hong 4 4 0 0 0 47.6 51.56 47.6 51.56 0 0
ynao_sd_19760708_0340_li 2 2 0 0 0 36.27 36.41 36.27 36.41 0 0
ynao_sd_19760709_0405_hong 2 2 0 0 0 35.94 36.48 35.94 36.48 0 0
ynao_sd_19760710_0240_hong 3 3 0 0 0 37.93 67.67 37.93 67.67 0 0
ynao_sd_19760711_0040_li 3 3 0 0 0 41.85 73.29 41.85 73.29 0 0
ynao_sd_19760712_0010_li 1 1 0 0 0 29.81 29.81 29.81 29.81 0 0
ynao_sd_19760713_0105_li 1 1 0 0 0 29.92 29.93 29.92 29.93 0 0
ynao_sd_19760714_0140_li 5 5 0 0 0 50.69 53.84 50.69 53.84 0 0
ynao_sd_19760715_0130_li 7 7 0 0 0 56.91 120.71 56.91 120.71 0 0
ynao_sd_19760716_0030_li 2 2 0 0 0 36.88 41.47 36.88 41.47 0 0
ynao_sd_19760717_0205_li 6 6 0 0 0 53.35 60.94 53.35 60.94 0 0
ynao_sd_19760718_0105_li 3 3 0 0 0 42.54 51.31 42.54 51.31 0 0
ynao_sd_19760719_0015_li 1 1 0 0 0 30.07 30.07 30.07 30.07 0 0
ynao_sd_19760720_0610_hong 3 3 0 0 0 47.36 49.87 47.36 49.87 0 0
ynao_sd_19760721_0505_li 2 2 0 0 0 41.03 42.06 41.03 42.06 0 0
ynao_sd_19760722_0330_hong 1 1 0 0 0 29.08 29.08 29.08 29.08 0 0
ynao_sd_19760723_0145_li 4 4 0 0 0 44.0 77.58 44.0 77.58 0 0
ynao_sd_19760724_0020_hong 1 1 0 0 0 30.09 30.09 30.09 30.09 0 0
ynao_sd_19760725_0005_hong 3 3 0 0 0 41.75 50.7 41.75 50.7 0 0
ynao_sd_19760726_0030_hong 3 3 0 0 0 43.83 49.62 43.83 49.62 0 0
ynao_sd_19760727_0030_hong 1 1 0 0 0 28.59 28.59 28.59 28.59 0 0
ynao_sd_19760728_0620_hong 1 1 0 0 0 28.61 28.61 28.61 28.61 0 0
ynao_sd_19760729_0001_li 2 2 0 0 0 39.96 42.59 39.96 42.59 0 0
ynao_sd_19760730_0100_li 3 3 0 0 0 41.76 45.38 41.76 45.38 0 0
ynao_sd_19760731_0020_li 2 2 0 0 0 37.0 40.9 37.0 40.9 0 0
ynao_sd_19760801_0035_li 2 1 1 1 0 52.55 417.07 16.78 121.39 35.77 295.68
ynao_sd_19760802_0035_hong 5 3 2 1 0 313.93 1024.21 66.78 196.71 247.15 827.5
ynao_sd_19760803_0030_hong 5 3 2 1 0 569.92 1094.97 114.91 192.59 455.01 902.38
ynao_sd_19760804_0030_hong 6 4 2 1 0 685.87 1098.6 118.46 259.96 567.41 838.64
ynao_sd_19760805_0100_hong 8 6 2 1 0 931.01 1138.6 188.66 230.0 742.35 908.6
ynao_sd_19760806_0110_hong 10 8 2 1 0 1039.79 1128.34 230.17 251.31 809.62 877.03
ynao_sd_19760807_0050_hong 10 7 3 1 0 969.72 1021.83 217.22 252.18 752.5 769.65
ynao_sd_19760808_0140_hong 11 9 2 1 0 1042.1 1057.02 246.8 250.55 795.3 806.47
ynao_sd_19760809_0050_li 13 9 4 1 0 1051.96 1117.47 183.47 196.4 868.49 921.07
ynao_sd_19760810_0020_li 20 17 3 1 0 966.97 1148.5 210.59 266.45 756.38 882.05
ynao_sd_19760811_0010_li 19 15 4 1 0 903.47 1203.98 211.6 259.64 691.87 944.34
ynao_sd_19760812_0045_li 12 8 4 1 0 551.78 961.15 111.39 178.03 440.39 783.12
ynao_sd_19760813_0335_li 11 8 3 1 0 320.24 861.19 75.69 217.54 244.55 643.65
ynao_sd_19760814_0310_li 9 9 0 1 0 128.85 404.22 67.16 74.19 61.69 330.03
ynao_sd_19760815_0110_li 4 4 0 0 0 50.16 76.79 50.16 76.79 0 0
ynao_sd_19760817_0505_hong 1 1 0 0 0 4.3 6.34 4.3 6.34 0 0
ynao_sd_19760818_0650_li 0 0 0 0 0 0 0 0 0 0 0
ynao_sd_19760819_0405_hong 1 1 0 0 0 27.2 27.2 27.2 27.2 0 0
ynao_sd_19760821_0900_hong 2 2 0 0 0 32.81 34.64 32.81 34.64 0 0
ynao_sd_19760822_0030_hong 1 1 0 0 0 30.18 30.18 30.18 30.18 0 0
ynao_sd_19760823_0030_li 0 0 0 0 0 0 0 0 0 0 0
ynao_sd_19760824_0015_li 1 1 0 0 0 6.59 7.12 6.59 7.12 0 0
ynao_sd_19760825_0115_li 2 2 0 0 0 35.52 44.65 35.52 44.65 0 0
ynao_sd_19760826_0610_li 5 5 0 0 0 53.82 62.47 53.82 62.47 0 0
ynao_sd_19760827_0215_li 2 2 0 0 0 40.46 42.57 40.46 42.57 0 0
ynao_sd_19760828_0250_li 4 4 0 0 0 49.54 55.02 49.54 55.02 0 0
ynao_sd_19760829_0130_li 1 0 1 1 0 84.28 311.59 15.82 57.66 68.46 253.93
ynao_sd_19760830_0200_hong 2 1 1 1 0 240.32 501.68 55.67 120.32 184.65 381.36
ynao_sd_19760831_0250_hong 6 5 1 1 0 357.32 535.86 110.44 155.65 246.88 380.21
ynao_sd_19760901_0120_hong 7 4 3 2 0 506.14 694.48 146.45 224.12 359.69 470.36
ynao_sd_19760902_0530_hong 10 8 2 2 0 490.61 617.36 129.23 199.99 361.38 417.37
ynao_sd_19760903_0205_hong 5 4 1 1 0 469.38 508.54 121.82 149.42 347.56 359.12
ynao_sd_19760904_0150_hong 9 8 1 1 0 532.46 548.04 144.3 154.8 388.16 393.24
ynao_sd_19760905_0200_hong 4 3 1 1 0 466.79 486.15 109.45 114.13 357.34 372.02
ynao_sd_19760906_0540_lik 4 3 1 1 0 404.48 463.45 108.04 120.7 296.44 342.75
ynao_sd_19760907_0120_lik 1 0 1 1 0 329.05 431.05 63.7 83.43 265.35 347.62
ynao_sd_19760908_0040_hong 5 4 1 1 0 316.51 498.73 111.65 164.12 204.86 334.61
ynao_sd_19760909_0110_lik 3 2 1 1 0 195.75 407.02 69.52 111.31 126.23 295.71
ynao_sd_19760910_0035_lik 2 1 1 1 0 73.15 309.06 18.51 84.0 54.64 225.06
ynao_sd_19760911_0120_lik 2 2 0 0 0 35.66 36.79 35.66 36.79 0 0
ynao_sd_19760912_0425_lik 3 3 0 0 0 40.66 63.69 40.66 63.69 0 0
ynao_sd_19760913_0330_hong 1 1 0 0 0 5.46 30.88 5.46 30.88 0 0
ynao_sd_19760914_0330_hong 2 2 0 0 0 33.62 34.54 33.62 34.54 0 0
ynao_sd_19760915_0310_hong 2 2 0 0 0 15.68 26.13 15.68 26.13 0 0
ynao_sd_19760916_0720_hong 1 1 0 0 0 31.54 31.54 31.54 31.54 0 0
ynao_sd_19760917_0810_hong 2 2 0 0 0 36.19 36.26 36.19 36.26 0 0
ynao_sd_19760918_0220_hong 0 0 0 0 0 0 0 0 0 0 0
ynao_sd_19760919_0450_hong 3 3 0 0 0 43.46 72.91 43.46 72.91 0 0
ynao_sd_19760921_0240_wang 1 1 0 0 0 4.59 4.75 4.59 4.75 0 0
ynao_sd_19760923_0025_wang 2 2 0 0 0 37.61 39.44 37.61 39.44 0 0
ynao_sd_19760924_0145_wang 3 3 0 0 0 15.84 42.43 15.84 42.43 0 0
ynao_sd_19760927_0200_hong 3 2 1 1 0 224.05 340.47 70.42 91.09 153.63 249.38
ynao_sd_19760928_0035_hong 3 2 1 1 0 255.88 326.68 78.9 95.89 176.98 230.79
ynao_sd_19760930_0030_hong 7 6 1 1 0 327.97 377.57 114.92 156.36 213.05 221.21
ynao_sd_19761001_0030_li 7 6 1 1 0 281.15 288.14 96.16 100.96 184.99 187.18
ynao_sd_19761002_0100_hong 6 5 1 2 0 334.84 377.84 109.88 142.57 224.96 235.27
ynao_sd_19761003_0050_hong 6 3 3 2 0 273.68 310.57 84.35 97.96 189.33 212.61
ynao_sd_19761004_0045_li 6 4 2 1 0 221.89 289.49 67.44 95.09 154.45 194.4
ynao_sd_19761005_0100_li 3 2 1 1 0 164.31 254.69 30.63 46.4 133.68 208.29
ynao_sd_19761006_0340_li 8 7 1 1 0 140.13 296.11 68.85 128.19 71.28 167.92
ynao_sd_19761007_0230_li 3 2 1 1 0 81.92 202.66 43.59 63.74 38.33 138.92
ynao_sd_19761008_0140_li 1 1 0 0 0 32.72 32.72 32.72 32.72 0 0
ynao_sd_19761009_0040_li 3 3 0 0 0 36.98 37.34 36.98 37.34 0 0
ynao_sd_19761010_0130_li 5 5 0 0 0 49.11 66.2 49.11 66.2 0 0
ynao_sd_19761011_0010_wang 3 3 0 0 0 39.42 42.9 39.42 42.9 0 0
ynao_sd_19761012_0245_wang 4 4 0 0 0 44.57 46.94 44.57 46.94 0 0
ynao_sd_19761013_0150_hong 1 1 0 0 0 33.91 33.91 33.91 33.91 0 0
ynao_sd_19761014_0615_wang 4 4 0 0 0 147.68 238.26 147.68 238.26 0 0
ynao_sd_19761015_0255_wang 2 2 0 0 0 8.06 31.45 8.06 31.45 0 0
ynao_sd_19761016_0050_wang 5 3 2 0 0 38.93 42.9 48.31 54.72 9.38 11.82
ynao_sd_19761017_0035_wang 5 5 0 0 0 58.91 75.31 58.91 75.31 0 0
ynao_sd_19761018_0040_hong 1 1 0 0 0 4.29 7.48 4.29 7.48 0 0
ynao_sd_19761022_0040_hong 4 4 0 0 0 20.5 23.72 20.5 23.72 0 0
ynao_sd_19761023_0030_hong 24 24 0 0 0 140.34 176.12 140.34 176.12 0 0
ynao_sd_19761024_0130_hong 21 19 2 1 0 349.78 377.52 168.15 180.27 181.63 197.25
ynao_sd_19761025_0140_li 34 31 3 2 0 380.98 425.96 208.23 231.07 172.75 194.89
ynao_sd_19761026_0350_li 19 10 9 3 0 688.83 843.89 168.03 200.34 520.8 643.55
ynao_sd_19761029_0320_li 11 9 2 2 0 143.43 309.39 87.31 171.71 56.12 137.68
ynao_sd_19761030_0140_li 1 1 0 0 0 32.72 32.72 32.72 32.72 0 0
ynao_sd_19761031_0010_li 4 4 0 0 0 47.11 53.87 47.11 53.87 0 0
ynao_sd_19761101_0505_zhao 4 4 0 0 0 54.14 69.48 54.14 69.48 0 0
ynao_sd_19761102_0245_zha 1 1 0 0 0 5.19 32.84 5.19 32.84 0 0
ynao_sd_19761103_0220_zhao 3 3 0 0 0 39.17 40.3 39.17 40.3 0 0
ynao_sd_19761104_0135_zhao 2 2 0 0 0 32.33 54.93 32.33 54.93 0 0
ynao_sd_19761105_0315_zhao 1 1 0 0 0 28.87 28.87 28.87 28.87 0 0
ynao_sd_19761106_0040_zhao 1 1 0 0 0 4.51 6.5 4.51 6.5 0 0
ynao_sd_19761107_0025_zhao 1 1 0 0 0 29.92 29.93 29.92 29.93 0 0
ynao_sd_19761108_0230_wang 3 3 0 0 0 39.51 77.81 39.51 77.81 0 0
ynao_sd_19761109_0050_wang 5 5 0 0 0 47.15 74.15 47.15 74.15 0 0
ynao_sd_19761110_0630_wang 1 1 0 0 0 31.61 31.61 31.61 31.61 0 0
ynao_sd_19761111_0350_wang 2 2 0 0 0 34.75 37.56 34.75 37.56 0 0
ynao_sd_19761112_0040_li 3 3 0 0 0 46.06 73.31 46.06 73.31 0 0
ynao_sd_19761113_0200_wang 3 3 0 0 0 41.16 43.08 41.16 43.08 0 0
ynao_sd_19761114_0710_wang 1 1 0 0 0 32.89 32.89 32.89 32.89 0 0
ynao_sd_19761115_0110_hong 4 4 0 0 0 47.08 50.79 47.08 50.79 0 0
ynao_sd_19761116_0020_hong 3 3 0 0 0 37.89 38.76 37.89 38.76 0 0
ynao_sd_19761118_0740_hong 4 3 1 1 0 225.3 525.51 67.53 132.7 157.77 392.81
ynao_sd_19761119_0130_hong 15 14 1 1 0 283.57 548.35 97.2 211.25 186.37 337.1
ynao_sd_19761129_0815_wang 2 1 1 1 0 46.5 204.87 15.26 58.27 31.24 146.6
ynao_sd_19761201_0130_wang 3 3 0 0 0 47.1 76.23 47.1 76.23 0 0
ynao_sd_19761202_0300_wang 1 1 0 0 0 31.85 31.85 31.85 31.85 0 0
ynao_sd_19761203_0810_wang 1 1 0 0 0 30.25 30.25 30.25 30.25 0 0
ynao_sd_19761204_0150_wang 3 3 0 0 0 36.39 38.07 36.39 38.07 0 0
ynao_sd_19761205_0040_wang 3 3 0 0 0 39.35 42.73 39.35 42.73 0 0
ynao_sd_19761206_0135_zhao 2 2 0 0 0 32.89 61.11 32.89 61.11 0 0
ynao_sd_19761207_0455_zhao 3 3 0 0 0 13.25 40.6 13.25 40.6 0 0
ynao_sd_19761210_0050_hong 18 17 1 1 0 376.88 442.28 159.78 213.0 217.1 229.28
ynao_sd_19761211_0040_hong 16 12 4 1 0 461.86 467.66 159.07 162.29 302.79 305.37
ynao_sd_19761212_0050_zhao 24 15 9 2 0 718.69 751.22 237.94 265.3 480.75 485.92
ynao_sd_19761213_0140_zhao 21 18 3 1 0 533.38 596.49 189.32 225.67 344.06 370.82
ynao_sd_19761214_0850_hong 10 7 3 2 0 443.82 828.37 124.12 207.13 319.7 621.24
ynao_sd_19761215_0100_zhao 12 9 3 3 0 471.76 936.51 153.24 298.6 318.52 637.91
ynao_sd_19761216_0030_zhao 7 5 2 2 0 500.73 996.7 155.47 306.26 345.26 690.44
ynao_sd_19761217_0040_zhao 4 1 3 2 0 370.59 704.38 93.12 202.71 277.47 501.67
ynao_sd_19761218_0130_hong 1 0 1 1 0 236.92 291.25 42.39 52.2 194.53 239.05
ynao_sd_19761219_0105_zhao 2 1 1 1 0 328.39 362.28 64.01 73.38 264.38 288.9
ynao_sd_19761220_0040_hong 3 2 1 1 0 319.27 353.64 61.2 86.66 258.07 266.98
ynao_sd_19761221_0040_zhao 8 6 2 1 0 399.05 448.39 95.59 136.2 303.46 312.19
ynao_sd_19761222_0030_hong 4 3 1 1 0 316.79 342.09 73.49 79.22 243.3 262.87
ynao_sd_19761223_0035_hong 5 4 1 1 0 275.89 357.5 70.59 109.79 205.3 247.71
ynao_sd_19761224_0040_hong 2 1 1 1 0 219.51 337.94 41.82 84.27 177.69 253.67
ynao_sd_19761225_0140_wang 2 0 2 1 0 131.71 263.2 24.15 48.14 107.56 215.06
ynao_sd_19761226_0100_hong 3 2 1 1 0 82.72 272.95 19.99 75.65 62.73 197.3
ynao_sd_19761227_0120_wang 1 1 0 0 0 5.04 6.18 5.04 6.18 0 0
ynao_sd_19761228_0100_wang 4 4 0 0 0 25.79 84.46 25.79 84.46 0 0
ynao_sd_19761229_0040_wang 3 3 0 0 0 14.97 20.13 14.97 20.13 0 0
ynao_sd_19761230_0100_wang 1 1 0 0 0 3.12 5.55 3.12 5.55 0 0
ynao_sd_19761231_0100_wang 0 0 0 0 0 0 0 0 0 0 0
