ynao_sd_19770101_0500_wang 9 9 0 0 0 29.22 101.66 29.22 101.66 0 0
ynao_sd_19770102_0120_hong 9 9 0 0 0 36.31 85.02 36.31 85.02 0 0
ynao_sd_19770103_0040_hong 13 7 6 2 0 134.17 243.55 64.39 119.27 69.78 124.28
ynao_sd_19770104_0735_wang 9 8 1 1 0 124.2 417.5 67.3 194.58 56.9 222.92
ynao_sd_19770105_0200_wang 14 14 0 0 0 114.81 468.26 114.81 468.26 0 0
ynao_sd_19770106_0050_wang 7 7 0 0 0 33.52 58.65 33.52 58.65 0 0
ynao_sd_19770107_0110_hong 3 3 0 0 0 11.21 36.49 11.21 36.49 0 0
ynao_sd_19770108_0050_hong 3 3 0 0 0 7.1 26.79 7.1 26.79 0 0
ynao_sd_19770109_0105_hong 1 1 0 0 0 2.73 16.58 2.73 16.58 0 0
ynao_sd_19770110_0300_hong 0 0 0 0 0 0 0 0 0 0 0
ynao_sd_19770112_0110_wang 1 1 0 0 0 2.74 3.09 2.74 3.09 0 0
ynao_sd_19770113_0630_wang 3 3 0 0 0 10.9 34.41 10.9 34.41 0 0
ynao_sd_19770114_0150_wang 2 2 0 0 0 6.43 28.58 6.43 28.58 0 0
ynao_sd_19770115_0045_wang 2 2 0 0 0 61.39 168.67 61.39 168.67 0 0
ynao_sd_19770116_0510_wang 4 4 0 0 0 11.99 12.91 11.99 12.91 0 0
ynao_sd_19770117_0150_hong 8 8 0 0 0 29.82 55.87 29.82 55.87 0 0
ynao_sd_19770118_0040_hong 8 8 0 0 0 37.7 56.69 37.7 56.69 0 0
ynao_sd_19770119_0045_hong 3 3 0 0 0 9.74 27.0 9.74 27.0 0 0
ynao_sd_19770120_0040_hong 2 2 0 0 0 6.86 38.2 6.86 38.2 0 0
ynao_sd_19770121_0050_hong 4 3 1 1 0 49.92 202.0 14.79 42.17 35.13 159.83
ynao_sd_19770122_0220_hong 4 2 2 2 0 63.63 203.86 15.75 54.74 47.88 149.12
ynao_sd_19770123_0440_hong 15 11 4 1 0 261.12 370.62 127.42 206.71 133.7 163.91
ynao_sd_19770124_0100_wang 19 13 6 2 0 278.49 401.83 111.06 180.73 167.43 221.1
ynao_sd_19770125_0050_wang 8 5 3 2 0 193.3 292.17 55.39 77.53 137.91 214.64
ynao_sd_19770126_0115_wang 11 9 2 1 0 127.75 263.77 64.62 134.66 63.13 129.11
ynao_sd_19770127_0120_wang 4 4 0 0 0 16.92 37.92 16.92 37.92 0 0
ynao_sd_19770128_0110_wang 1 1 0 0 0 5.48 11.04 5.48 11.04 0 0
ynao_sd_19770129_0720_hong 7 7 0 0 0 21.36 45.25 21.36 45.25 0 0
ynao_sd_19770130_0310_hong 4 4 0 0 0 16.82 87.15 16.82 87.15 0 0
ynao_sd_19770131_0110_chao 4 4 0 0 0 61.38 204.29 61.38 204.29 0 0
ynao_sd_19770201_0050_chao 6 6 0 0 0 103.88 203.54 103.88 203.54 0 0
ynao_sd_19770202_0100_chao 13 10 3 3 0 252.04 380.95 169.01 259.72 83.03 121.23
ynao_sd_19770203_0120_chao 18 14 4 3 0 261.81 384.08 210.59 365.45 51.22 18.63
ynao_sd_19770204_0330_chao 23 21 2 2 0 222.78 272.9 175.39 214.13 47.39 58.77
ynao_sd_19770205_0120_chao 16 16 0 0 0 145.64 190.15 145.64 190.15 0 0
ynao_sd_19770206_0105_chao 0 0 0 0 0 0 0 0 0 0 0
ynao_sd_19770207_0050_hong 7 7 0 0 0 26.3 53.5 26.3 53.5 0 0
ynao_sd_19770209_0210_wang 4 4 0 0 0 16.54 40.45 16.54 40.45 0 0
ynao_sd_19770210_0700_hong 3 3 0 0 0 10.12 17.99 10.12 17.99 0 0
ynao_sd_19770211_0200_wang 9 9 0 0 0 20.66 29.46 20.66 29.46 0 0
ynao_sd_19770212_0050_hong 12 12 0 0 0 62.85 83.11 62.85 83.11 0 0
ynao_sd_19770213_0100_hong 24 20 4 2 0 241.18 281.34 123.91 160.54 117.27 120.8
ynao_sd_19770214_0210_chao 16 13 3 2 0 361.18 406.29 192.58 235.0 168.6 171.29
ynao_sd_19770218_0510_chao 6 6 0 0 0 56.98 118.6 56.98 118.6 0 0
ynao_sd_19770219_0105_chao 9 9 0 0 0 49.23 100.31 49.23 100.31 0 0
ynao_sd_19770220_0120_hong 3 3 0 0 0 13.03 17.6 13.03 17.6 0 0
ynao_sd_19770223_0550_hong 3 3 0 0 0 9.07 26.43 9.07 26.43 0 0
ynao_sd_19770224_0230_chao 3 3 0 0 0 10.76 14.14 10.76 14.14 0 0
ynao_sd_19770225_0100_chao 7 7 0 0 0 32.98 65.06 32.98 65.06 0 0
ynao_sd_19770226_0345_hong 6 6 0 0 0 37.75 65.58 37.75 65.58 0 0
ynao_sd_19770227_0120_hong 0 0 0 0 0 0 0 0 0 0 0
ynao_sd_19770228_0030_chao 1 1 0 0 0 5.88 6.93 5.88 6.93 0 0
ynao_sd_19770301_0050_chao 2 2 0 0 0 6.04 23.39 6.04 23.39 0 0
ynao_sd_19770302_0035_chao 0 0 0 0 0 0 0 0 0 0 0
ynao_sd_19770304_0505_chao 1 0 1 1 0 67.96 135.09 18.21 36.26 49.75 98.83
ynao_sd_19770305_0600_chao 6 5 1 1 0 120.77 186.23 42.77 69.43 78.0 116.8
ynao_sd_19770306_0330_chao 5 4 1 1 0 140.32 201.49 49.28 85.16 91.04 116.33
ynao_sd_19770307_0615_hong 3 2 1 1 0 76.74 104.75 24.1 45.14 52.64 59.61
ynao_sd_19770308_0040_hong 6 5 1 1 0 98.77 115.77 40.88 52.28 57.89 63.49
ynao_sd_19770309_0030_hong 19 15 4 3 0 239.91 282.25 91.47 116.35 148.44 165.9
ynao_sd_19770310_0320_hong 9 5 4 2 0 188.2 238.35 58.53 85.86 129.67 152.49
ynao_sd_19770311_0040_hong 9 8 1 1 0 138.99 200.02 60.6 99.8 78.39 100.22
ynao_sd_19770312_0035_hong 3 2 1 1 0 107.64 161.41 32.12 47.04 75.52 114.37
ynao_sd_19770313_0130_hong 2 1 1 1 0 45.16 88.66 12.32 24.72 32.84 63.94
ynao_sd_19770314_0040_wang 8 8 0 0 0 21.16 34.89 21.16 34.89 0 0
ynao_sd_19770315_0040_wang 0 0 0 0 0 0 0 0 0 0 0
ynao_sd_19770316_0020_wang 3 3 0 0 0 9.17 62.92 9.17 62.92 0 0
ynao_sd_19770317_0040_wang 1 1 0 0 0 4.36 26.17 4.36 26.17 0 0
ynao_sd_19770318_0050_hong 3 3 0 0 0 13.18 14.91 13.18 14.91 0 0
ynao_sd_19770319_0020_wang 0 0 0 0 0 0 0 0 0 0 0
ynao_sd_19770320_0100_wang 3 3 0 0 0 9.74 33.01 9.74 33.01 0 0
ynao_sd_19770321_0050_chao 5 5 0 0 0 16.34 35.34 16.34 35.34 0 0
ynao_sd_19770322_0110_chao 1 1 0 0 0 3.24 3.87 3.24 3.87 0 0
ynao_sd_19770323_0030_chao 1 1 0 0 0 18.71 36.03 18.71 36.03 0 0
ynao_sd_19770326_0030_chao 3 3 0 0 0 11.57 40.36 11.57 40.36 0 0
ynao_sd_19770327_0040_chao 2 2 0 0 0 22.7 44.45 22.7 44.45 0 0
ynao_sd_19770328_0040_hong 7 7 0 0 0 33.39 83.12 33.39 83.12 0 0
ynao_sd_19770328_0130_chao 4 3 1 1 0 39.88 66.2 22.7 40.1 17.18 26.1
ynao_sd_19770329_0040_hong 8 8 0 0 0 48.59 60.5 48.59 60.5 0 0
ynao_sd_19770330_0030_hong 3 3 0 0 0 16.75 41.6 16.75 41.6 0 0
ynao_sd_19770331_0620_hong 4 4 0 0 0 20.85 68.69 20.85 68.69 0 0
ynao_sd_19770401_0050_hong 4 4 0 0 0 28.82 59.86 28.82 59.86 0 0
ynao_sd_19770404_0025_wang 6 6 0 0 0 21.78 48.94 21.78 48.94 0 0
ynao_sd_19770405_0050_wang 1 1 0 0 0 3.18 3.8 3.18 3.8 0 0
ynao_sd_19770406_0000_wang 5 5 0 0 0 31.4 75.72 31.4 75.72 0 0
ynao_sd_19770407_0020_wang 6 6 0 0 0 33.91 98.43 33.91 98.43 0 0
ynao_sd_19770408_0710_wang 2 2 0 0 0 11.77 33.08 11.77 33.08 0 0
ynao_sd_19770409_0740_wang 1 1 0 0 0 4.59 28.93 4.59 28.93 0 0
ynao_sd_19770410_0040_hong 1 1 0 0 0 5.32 9.78 5.32 9.78 0 0
ynao_sd_19770411_0020_hong 0 0 0 0 0 0 0 0 0 0 0
ynao_sd_19770412_0030_hong 1 1 0 0 0 4.28 25.01 4.28 25.01 0 0
ynao_sd_19770413_0040_hong 4 4 0 0 0 20.51 33.02 20.51 33.02 0 0
ynao_sd_19770414_0020_hong 0 0 0 0 0 0 0 0 0 0 0
ynao_sd_19770415_0020_hong 3 3 0 0 0 12.4 41.17 12.4 41.17 0 0
ynao_sd_19770416_0000_wang 0 0 0 0 0 0 0 0 0 0 0
ynao_sd_19770417_0050_hong 0 0 0 0 0 0 0 0 0 0 0
ynao_sd_19770418_0105_wang 0 0 0 0 0 0 0 0 0 0 0
ynao_sd_19770419_0130_wang 2 2 0 0 0 9.11 33.64 9.11 33.64 0 0
ynao_sd_19770420_0210_wang 0 0 0 0 0 0 0 0 0 0 0
ynao_sd_19770421_0005_wang 1 1 0 0 0 6.73 14.52 6.73 14.52 0 0
ynao_sd_19770422_0005_wang 1 1 0 0 0 5.33 30.98 5.33 30.98 0 0
ynao_sd_19770423_0010_wang 2 2 0 0 0 8.73 10.25 8.73 10.25 0 0
ynao_sd_19770424_0030_wang 2 2 0 0 0 11.52 31.87 11.52 31.87 0 0
ynao_sd_19770425_0015_wang 5 5 0 0 0 23.14 52.29 23.14 52.29 0 0
ynao_sd_19770426_0055_wang 3 3 0 0 0 30.47 43.82 30.47 43.82 0 0
ynao_sd_19770427_0030_wang 2 2 0 0 0 10.94 38.35 10.94 38.35 0 0
ynao_sd_19770428_0040_hong 0 0 0 0 0 0 0 0 0 0 0
ynao_sd_19770429_0030_hong 7 7 0 0 0 22.57 28.63 22.57 28.63 0 0
ynao_sd_19770430_0020_hong 1 1 0 0 0 3.98 6.41 3.98 6.41 0 0
ynao_sd_19770501_0045_wang 0 0 0 0 0 0 0 0 0 0 0
ynao_sd_19770502_0220_hong 2 2 0 0 0 9.32 31.5 9.32 31.5 0 0
ynao_sd_19770503_0100_hong 1 1 0 0 0 3.33 4.22 3.33 4.22 0 0
ynao_sd_19770504_0030_hong 8 4 4 2 0 157.09 284.37 67.5 128.88 89.59 155.49
ynao_sd_19770505_0050_hong 16 13 3 2 0 204.7 295.82 81.01 119.74 123.69 176.08
ynao_sd_19770506_0020_hong 13 10 3 1 0 130.59 187.82 60.01 97.84 70.58 89.98
ynao_sd_19770507_0015_wang 11 10 1 1 0 167.6 227.06 77.4 118.3 90.2 108.76
ynao_sd_19770508_0115_hong 12 11 1 1 0 165.66 221.3 71.84 107.13 93.82 114.17
ynao_sd_19770509_0035_wang 3 2 1 1 0 102.37 130.7 35.19 44.45 67.18 86.25
ynao_sd_19770510_0020_wang 11 9 2 1 0 132.8 180.51 66.76 86.15 66.04 94.36
ynao_sd_19770511_0005_wang 12 11 1 1 0 188.76 288.88 107.99 150.11 80.77 138.77
ynao_sd_19770512_0050_wang 6 5 1 1 0 95.22 224.44 40.81 96.13 54.41 128.31
ynao_sd_19770513_0040_wang 2 2 0 0 0 32.14 108.55 32.14 108.55 0 0
ynao_sd_19770514_1015_wang 3 3 0 0 0 24.69 30.89 24.69 30.89 0 0
ynao_sd_19770515_0100_hong 3 3 0 0 0 14.49 17.48 14.49 17.48 0 0
ynao_sd_19770516_0030_hong 2 2 0 0 0 10.22 15.35 10.22 15.35 0 0
ynao_sd_19770517_0020_hong 2 2 0 0 0 8.87 11.26 8.87 11.26 0 0
ynao_sd_19770518_0025_hong 1 1 0 0 0 4.96 5.96 4.96 5.96 0 0
ynao_sd_19770519_0040_hong 0 0 0 0 0 0 0 0 0 0 0
ynao_sd_19770520_0020_hong 1 1 0 0 0 4.36 26.06 4.36 26.06 0 0
ynao_sd_19770521_0310_wang 4 4 0 0 0 14.68 41.17 14.68 41.17 0 0
ynao_sd_19770522_0005_hong 4 4 0 0 0 32.31 65.92 32.31 65.92 0 0
ynao_sd_19770523_0120_wang 4 4 0 0 0 31.27 146.77 31.27 146.77 0 0
ynao_sd_19770524_0110_hong 0 0 0 0 0 0 0 0 0 0 0
ynao_sd_19770525_0030_wang 0 0 0 0 0 0 0 0 0 0 0
ynao_sd_19770526_0110_wang 2 2 0 0 0 12.44 29.08 12.44 29.08 0 0
ynao_sd_19770527_0150_hong 3 3 0 0 0 10.35 14.14 10.35 14.14 0 0
ynao_sd_19770528_0020_wang 0 0 0 0 0 0 0 0 0 0 0
ynao_sd_19770529_0020_wang 8 8 0 0 0 37.75 40.61 37.75 40.61 0 0
ynao_sd_19770530_0000_duan 21 20 1 1 0 161.76 214.89 144.55 195.48 17.21 19.41
ynao_sd_19770531_0040_duan 32 23 9 2 0 541.32 710.54 323.46 436.48 217.86 274.06
ynao_sd_19770601_0010_duan 29 24 5 1 0 460.0 668.01 198.0 280.14 262.0 387.87
ynao_sd_19770602_0030_hong 14 13 1 1 0 331.04 647.58 119.25 226.63 211.79 420.95
ynao_sd_19770603_0040_duan 16 15 1 1 0 276.64 699.64 146.75 310.3 129.89 389.34
ynao_sd_19770604_0010_duan 16 16 0 1 0 179.79 254.5 136.08 207.66 43.71 46.84
ynao_sd_19770605_0020_duan 10 10 0 0 0 105.16 112.26 105.16 112.26 0 0
ynao_sd_19770606_0030_hong 16 16 0 0 0 81.82 100.65 81.82 100.65 0 0
ynao_sd_19770607_0110_hong 11 10 1 0 0 45.02 83.41 51.73 97.08 6.71 13.67
ynao_sd_19770608_0030_hong 7 4 3 2 0 89.74 246.97 37.11 94.32 52.63 152.65
ynao_sd_19770609_0010_hong 0 0 0 0 0 0 0 0 0 0 0
ynao_sd_19770610_0020_hong 0 0 0 0 0 0 0 0 0 0 0
ynao_sd_19770611_0030_hong 1 1 0 0 0 32.69 32.69 32.69 32.69 0 0
ynao_sd_19770612_0120_hong 4 4 0 0 0 14.34 16.82 14.34 16.82 0 0
ynao_sd_19770613_0040_duan 1 1 0 0 0 3.26 4.09 3.26 4.09 0 0
ynao_sd_19770614_0020_wang 3 3 0 0 0 25.97 48.9 25.97 48.9 0 0
ynao_sd_19770615_0010_wang 3 3 0 0 0 11.69 14.88 11.69 14.88 0 0
ynao_sd_19770616_0010_wang 3 3 0 0 0 10.49 15.82 10.49 15.82 0 0
ynao_sd_19770617_0010_wang 3 3 0 0 0 11.63 40.76 11.63 40.76 0 0
ynao_sd_19770618_0040_wang 1 1 0 0 0 16.29 23.02 16.29 23.02 0 0
ynao_sd_19770620_0040_duan 1 1 0 0 0 15.97 36.23 15.97 36.23 0 0
ynao_sd_19770624_0120_hong 16 11 5 1 0 528.28 1630.72 149.63 456.28 378.65 1174.44
ynao_sd_19770625_0040_wang 31 18 13 2 0 966.44 2034.59 253.37 535.05 713.07 1499.54
ynao_sd_19770626_0040_wang 32 15 17 5 0 1540.51 2346.71 288.01 422.11 1252.5 1924.6
ynao_sd_19770627_0335_wang 34 12 22 5 0 1897.43 2366.04 394.57 497.19 1502.86 1868.85
ynao_sd_19770628_0040_wang 49 32 17 6 0 1800.4 2008.29 393.33 452.52 1407.07 1555.77
ynao_sd_19770629_0050_hong 35 23 12 2 0 1319.62 1362.66 292.17 305.07 1027.45 1057.59
ynao_sd_19770630_0330_hong 33 23 10 1 0 1236.55 1266.36 300.43 308.34 936.12 958.02
ynao_sd_19770701_0140_hong 29 23 6 2 0 929.06 989.42 275.54 291.0 653.52 698.42
ynao_sd_19770702_0330_hong 29 27 2 1 0 799.91 944.23 312.93 367.05 486.98 577.18
ynao_sd_19770703_0620_hong 23 14 9 3 0 656.78 1023.3 199.59 339.68 457.19 683.62
ynao_sd_19770704_0200_hong 28 20 8 4 0 819.88 1454.29 289.92 510.54 529.96 943.75
ynao_sd_19770705_0140_hong 18 6 12 4 0 536.35 1182.64 143.79 320.75 392.56 861.89
ynao_sd_19770706_0020_hong 10 6 4 3 0 262.41 746.65 65.03 155.37 197.38 591.28
ynao_sd_19770707_0040_hong 14 10 4 2 0 300.75 451.37 110.06 181.47 190.69 269.9
ynao_sd_19770708_0100_hong 16 11 5 2 0 362.8 672.26 139.18 266.78 223.62 405.48
ynao_sd_19770709_0220_hong 7 6 1 1 0 156.72 394.61 70.38 177.4 86.34 217.21
ynao_sd_19770710_0110_hong 5 5 0 0 0 53.33 171.86 53.33 171.86 0 0
ynao_sd_19770711_0030_hong 1 1 0 0 0 36.19 40.33 36.19 40.33 0 0
ynao_sd_19770713_0040_hong 2 2 0 0 0 12.95 35.63 12.95 35.63 0 0
ynao_sd_19770714_0030_hong 3 3 0 0 0 38.58 63.81 38.58 63.81 0 0
ynao_sd_19770716_0330_hong 1 1 0 0 0 29.04 29.04 29.04 29.04 0 0
ynao_sd_19770717_0335_hong 7 7 0 0 0 59.51 82.31 59.51 82.31 0 0
ynao_sd_19770718_0720_wang 1 1 0 0 0 31.61 31.61 31.61 31.61 0 0
ynao_sd_19770720_0020_wang 2 2 0 0 0 35.83 38.34 35.83 38.34 0 0
ynao_sd_19770721_0100_wang 4 3 1 1 0 108.04 310.63 72.94 178.87 35.1 131.76
ynao_sd_19770722_0040_wang 5 4 1 1 0 85.77 173.44 30.07 54.08 55.7 119.36
ynao_sd_19770723_0005_wang 8 7 1 1 0 155.55 223.45 74.48 96.27 81.07 127.18
ynao_sd_19770724_0120_wang 6 5 1 1 0 172.17 211.67 53.71 63.06 118.46 148.61
ynao_sd_19770725_0140_hong 3 2 1 1 0 177.17 197.47 45.83 52.77 131.34 144.7
ynao_sd_19770727_0540_wang 12 11 1 1 0 151.62 173.32 64.35 84.48 87.27 88.84
ynao_sd_19770728_0730_hong 5 5 0 1 0 138.42 170.06 61.39 88.43 77.03 81.63
ynao_sd_19770729_0330_hong 6 5 1 1 0 84.29 156.41 38.19 103.82 46.1 52.59
ynao_sd_19770730_0300_hong 3 2 1 1 0 33.72 44.37 13.57 17.51 20.15 26.86
ynao_sd_19770801_0250_wang 4 4 0 0 0 63.25 86.03 63.25 86.03 0 0
ynao_sd_19770802_0310_wang 14 12 2 1 0 109.24 154.36 81.13 104.56 28.11 49.8
ynao_sd_19770803_0000_wang 8 5 3 1 0 139.88 416.03 78.54 162.21 61.34 253.82
ynao_sd_19770804_0040_wang 6 4 2 1 0 213.19 535.24 61.12 153.92 152.07 381.32
ynao_sd_19770805_0310_wang 10 4 6 3 0 366.23 611.19 94.05 153.68 272.18 457.51
ynao_sd_19770806_0210_wang 32 24 8 4 0 624.75 849.11 206.63 281.42 418.12 567.69
ynao_sd_19770807_0120_wang 40 28 12 7 0 741.18 917.24 217.81 292.72 523.37 624.52
ynao_sd_19770808_0150_hong 41 30 11 5 0 630.86 711.92 235.84 283.56 395.02 428.36
ynao_sd_19770809_0240_hong 34 23 11 3 0 637.03 664.61 236.97 247.27 400.06 417.34
ynao_sd_19770810_0330_wang 26 22 4 4 0 454.0 496.46 153.79 178.82 300.21 317.64
ynao_sd_19770811_0250_hong 13 11 2 1 0 263.76 296.16 102.03 115.26 161.73 180.9
ynao_sd_19770812_0840_hong 12 10 2 2 0 278.0 393.13 90.75 145.43 187.25 247.7
ynao_sd_19770814_0100_wang 17 13 4 4 0 328.97 605.36 121.21 193.97 207.76 411.39
ynao_sd_19770815_0535_wang 20 17 3 2 0 243.32 430.83 139.9 217.98 103.42 212.85
ynao_sd_19770816_0215_wang 26 25 1 1 0 204.09 254.05 153.18 195.83 50.91 58.22
ynao_sd_19770817_0015_wang 32 30 2 0 0 155.45 208.48 170.54 224.38 15.09 15.9
ynao_sd_19770818_0030_wang 34 34 0 0 0 176.3 200.9 176.3 200.9 0 0
ynao_sd_19770819_0615_wang 21 21 0 0 0 142.99 176.5 142.99 176.5 0 0
ynao_sd_19770820_0015_wang 24 24 0 0 0 109.53 149.36 109.53 149.36 0 0
ynao_sd_19770822_0140_hong 11 9 2 2 0 185.95 629.94 75.57 194.94 110.38 435.0
ynao_sd_19770823_0030_hong 4 4 0 0 0 21.28 58.19 21.28 58.19 0 0
ynao_sd_19770826_0340_wang 2 2 0 0 0 13.86 25.01 13.86 25.01 0 0
ynao_sd_19770828_0130_hong 7 7 0 0 0 68.23 80.16 68.23 80.16 0 0
ynao_sd_19770829_0120_wang 8 8 0 0 0 36.68 53.44 36.68 53.44 0 0
ynao_sd_19770830_0030_wang 7 7 0 0 0 67.83 121.23 67.83 121.23 0 0
ynao_sd_19770831_0140_wang 4 4 0 0 0 46.85 74.34 46.85 74.34 0 0
ynao_sd_19770901_0310_wang 13 12 1 1 0 107.38 232.83 63.08 116.69 44.3 116.14
ynao_sd_19770902_0330_wang 6 5 1 1 0 100.41 170.1 32.07 49.9 68.34 120.2
ynao_sd_19770903_0040_wang 29 25 4 1 0 254.79 341.92 177.8 231.06 76.99 110.86
ynao_sd_19770904_0200_wang 23 17 6 4 0 386.16 438.71 186.08 209.47 200.08 229.24
ynao_sd_19770905_0030_hong 23 22 1 1 0 325.78 350.21 189.73 201.88 136.05 148.33
ynao_sd_19770906_0320_hong 11 10 1 1 0 236.41 271.56 107.48 137.45 128.93 134.11
ynao_sd_19770907_0830_hong 10 9 1 1 0 187.29 209.49 94.32 110.4 92.97 99.09
ynao_sd_19770908_0710_hong 11 9 2 2 0 187.64 264.98 64.83 119.77 122.81 145.21
ynao_sd_19770909_0020_hong 9 8 1 1 0 156.66 231.25 80.33 138.66 76.33 92.59
ynao_sd_19770910_0040_hong 14 5 9 2 0 724.11 2294.98 139.11 372.78 585.0 1922.2
ynao_sd_19770911_0050_hong 23 9 14 3 0 1079.15 2049.6 165.99 308.13 913.16 1741.47
ynao_sd_19770912_0145_wang 46 28 18 7 0 1702.8 2460.48 364.13 554.03 1338.67 1906.45
ynao_sd_19770915_0800_wang 64 40 24 12 0 1728.62 1739.15 504.63 508.1 1223.99 1231.05
ynao_sd_19770916_0100_wang 101 78 23 11 0 2051.19 2122.17 611.59 662.74 1439.6 1459.43
ynao_sd_19770917_0230_wang 75 46 29 10 0 1835.81 2032.59 480.21 550.86 1355.6 1481.73
ynao_sd_19770922_0350_wang 13 13 0 0 0 71.44 85.19 71.44 85.19 0 0
ynao_sd_19770923_0030_hong 7 7 0 0 0 65.62 82.54 65.62 82.54 0 0
ynao_sd_19770924_0020_hong 13 11 2 2 0 126.21 167.25 81.55 115.54 44.66 51.71
ynao_sd_19770925_0110_hong 10 5 5 2 0 223.89 513.44 79.86 137.88 144.03 375.56
ynao_sd_19770927_0100_hong 24 17 7 3 0 460.43 784.47 187.54 281.95 272.89 502.52
ynao_sd_19770928_0120_hong 24 19 5 2 0 509.85 709.27 193.15 253.88 316.7 455.39
ynao_sd_19770929_0220_wang 21 15 6 5 0 620.0 882.9 189.85 251.0 430.15 631.9
ynao_sd_19770930_0700_hong 22 16 6 4 0 570.07 691.51 167.92 219.73 402.15 471.78
ynao_sd_19771001_0300_hong 19 16 3 2 0 583.56 718.68 190.82 260.07 392.74 458.61
ynao_sd_19771003_0240_hong 32 26 6 3 0 642.94 735.15 210.25 263.65 432.69 471.5
ynao_sd_19771004_0750_wang 27 23 4 3 0 687.91 850.68 219.12 286.21 468.79 564.47
ynao_sd_19771005_0810_wang 13 8 5 4 0 554.37 796.84 125.26 184.92 429.11 611.92
ynao_sd_19771006_0510_wang 20 12 8 9 0 667.11 1545.5 176.3 400.82 490.81 1144.68
ynao_sd_19771011_0320_wang 22 14 8 3 0 545.37 785.82 176.76 241.96 368.61 543.86
ynao_sd_19771012_0720_wang 26 19 7 3 0 684.89 849.09 244.83 284.99 440.06 564.1
ynao_sd_19771013_0210_wang 30 17 13 6 0 789.44 1060.4 233.1 309.64 556.34 750.76
ynao_sd_19771014_0110_wang 30 22 8 6 0 793.46 1121.66 225.52 314.15 567.94 807.51
ynao_sd_19771015_0030_wang 51 44 7 3 0 838.07 1051.34 324.97 426.65 513.1 624.69
ynao_sd_19771016_0040_wang 30 20 10 3 0 820.34 933.32 201.91 235.65 618.43 697.67
ynao_sd_19771017_0550_hong 40 28 12 6 0 638.72 739.97 228.03 284.28 410.69 455.69
ynao_sd_19771018_0020_hong 44 34 10 6 0 639.71 800.32 268.48 376.48 371.23 423.84
ynao_sd_19771019_0050_hong 23 20 3 2 0 373.88 492.65 169.64 217.15 204.24 275.5
ynao_sd_19771020_0350_hong 22 20 2 2 0 368.9 609.92 153.91 249.01 214.99 360.91
ynao_sd_19771025_0200_hong 12 12 0 0 0 76.96 163.57 76.96 163.57 0 0
ynao_sd_19771026_0030_hong 8 7 1 1 0 60.56 91.41 41.16 59.8 19.4 31.61
ynao_sd_19771027_0120_hong 14 13 1 1 0 119.76 162.07 103.04 139.78 16.72 22.29
ynao_sd_19771028_0040_hong 19 17 2 1 0 155.86 188.51 111.42 134.4 44.44 54.11
ynao_sd_19771029_0030_hong 24 24 0 0 0 169.87 197.73 169.87 197.73 0 0
ynao_sd_19771030_0210_hong 28 28 0 0 0 143.68 218.39 143.68 218.39 0 0
ynao_sd_19771031_0330_lik 22 19 3 2 0 285.48 542.08 123.27 200.56 162.21 341.52
ynao_sd_19771101_0020_lik 18 15 3 3 0 361.94 566.21 136.12 187.78 225.82 378.43
ynao_sd_19771102_0645_lik 14 10 4 2 0 333.41 406.76 118.64 141.5 214.77 265.26
ynao_sd_19771103_0140_lik 8 5 3 2 0 297.98 369.45 68.33 108.79 229.65 260.66
ynao_sd_19771104_0115_lik 6 3 3 2 0 167.06 176.6 51.48 55.38 115.58 121.22
ynao_sd_19771105_0040_hong 12 9 3 2 0 110.69 116.15 49.85 52.75 60.84 63.4
ynao_sd_19771107_0030_hong 12 12 0 0 0 83.39 94.06 83.39 94.06 0 0
ynao_sd_19771108_0030_wang 5 5 0 0 0 37.71 81.23 37.71 81.23 0 0
ynao_sd_19771109_0040_hong 9 8 1 1 0 103.09 177.23 77.04 126.09 26.05 51.14
ynao_sd_19771110_0240_hong 5 4 1 1 0 63.7 106.57 29.27 55.62 34.43 50.95
ynao_sd_19771111_0410_hong 1 0 1 1 0 34.57 43.46 5.85 7.35 28.72 36.11
ynao_sd_19771112_0210_hong 6 4 2 2 0 113.7 258.56 35.0 73.49 78.7 185.07
ynao_sd_19771113_0300_hong 5 4 1 1 0 135.5 294.88 72.66 148.58 62.84 146.3
ynao_sd_19771116_0150_chao 6 5 1 1 0 90.52 144.74 60.47 105.58 30.05 39.16
ynao_sd_19771117_0020_chao 16 14 2 2 0 291.39 356.78 214.95 263.94 76.44 92.84
ynao_sd_19771118_0520_chao 27 15 12 2 0 1109.89 1254.76 332.15 401.8 777.74 852.96
ynao_sd_19771119_0200_chao 27 10 17 3 0 1115.57 1221.72 386.03 444.36 729.54 777.36
ynao_sd_19771120_0520_chao 27 13 14 1 0 1064.98 1165.28 388.77 430.44 676.21 734.84
ynao_sd_19771121_0300_hong 21 12 9 2 0 462.63 526.39 181.28 206.54 281.35 319.85
ynao_sd_19771122_0700_hong 14 10 4 2 0 166.14 223.5 81.05 111.82 85.09 111.68
ynao_sd_19771123_0900_hong 18 16 2 1 0 151.7 219.89 135.46 193.29 16.24 26.6
ynao_sd_19771124_0205_hong 9 8 1 1 0 95.83 149.47 59.86 106.4 35.97 43.07
ynao_sd_19771125_0050_hong 3 2 1 1 0 86.72 120.33 49.26 68.62 37.46 51.71
ynao_sd_19771126_0040_hong 2 1 1 1 0 23.27 37.68 8.97 13.21 14.3 24.47
ynao_sd_19771204_0540_chao 13 11 2 1 0 166.86 262.04 123.19 211.87 43.67 50.17
ynao_sd_19771205_0720_hong 32 32 0 0 0 170.24 220.44 170.24 220.44 0 0
ynao_sd_19771206_0640_hong 15 11 4 1 0 320.16 509.36 113.48 167.75 206.68 341.61
ynao_sd_19771207_0050_hong 9 5 4 2 0 352.02 730.43 70.22 134.39 281.8 596.04
ynao_sd_19771208_0720_hong 8 4 4 2 0 160.49 628.3 57.72 195.87 102.77 432.43
ynao_sd_19771209_0120_hong 8 8 0 0 0 76.25 155.88 76.25 155.88 0 0
ynao_sd_19771210_0120_hong 7 3 4 2 0 235.4 450.84 53.01 102.24 182.39 348.6
ynao_sd_19771211_0205_hong 11 10 1 1 0 255.66 373.08 84.66 125.36 171.0 247.72
ynao_sd_19771212_0040_chao 11 10 1 1 0 283.22 387.4 128.48 194.79 154.74 192.61
ynao_sd_19771213_0050_chao 9 8 1 1 0 356.18 424.45 153.18 194.26 203.0 230.19
ynao_sd_19771214_0240_chao 10 7 3 1 0 229.11 270.47 101.95 129.82 127.16 140.65
ynao_sd_19771215_0050_chao 5 4 1 1 0 79.79 92.04 60.81 71.15 18.98 20.89
ynao_sd_19771216_0040_chao 4 3 1 1 0 52.24 65.07 30.04 39.42 22.2 25.65
ynao_sd_19771217_0040_chao 8 8 0 0 0 36.39 42.24 36.39 42.24 0 0
ynao_sd_19771218_0100_chao 4 3 1 1 0 91.11 288.36 46.85 110.53 44.26 177.83
ynao_sd_19771219_0130_hong 19 14 5 3 0 281.67 590.11 129.09 234.72 152.58 355.39
ynao_sd_19771220_0100_wang 9 6 3 2 0 249.8 426.29 62.06 104.66 187.74 321.63
ynao_sd_19771221_0110_wang 15 11 4 1 0 301.92 409.12 80.95 110.71 220.97 298.41
ynao_sd_19771222_0130_wang 11 8 3 1 0 339.8 407.75 90.57 112.03 249.23 295.72
ynao_sd_19771223_0230_wang 6 4 2 1 0 298.65 336.98 68.5 82.87 230.15 254.11
ynao_sd_19771224_0040_wang 13 11 2 1 0 397.81 448.86 126.71 154.31 271.1 294.55
ynao_sd_19771225_0110_wang 6 4 2 1 0 411.4 497.47 101.42 149.76 309.98 347.71
ynao_sd_19771226_0040_hong 10 8 2 1 0 380.16 477.52 105.37 143.05 274.79 334.47
ynao_sd_19771227_0050_hong 12 9 3 1 0 393.55 562.66 119.88 180.67 273.67 381.99
ynao_sd_19771228_0150_zhao 20 16 4 3 0 434.53 736.55 133.58 233.93 300.95 502.62
ynao_sd_19771229_0050_hong 17 13 4 3 0 321.6 596.52 112.13 188.37 209.47 408.15
ynao_sd_19771230_0530_wang 34 30 4 3 0 251.93 435.62 164.72 200.88 87.21 234.74
ynao_sd_19771231_0030_hong 34 30 4 3 0 261.12 305.96 188.47 226.72 72.65 79.24
