ynao_sd_19780101_0120_wang 34 25 9 4 0 437.42 500.43 211.42 240.51 226.0 259.92
ynao_sd_19780103_0830_duan 42 20 22 6 0 1303.84 2065.77 406.3 675.61 897.54 1390.16
ynao_sd_19780106_0950_duan 24 24 0 0 0 156.08 320.61 156.08 320.61 0 0
ynao_sd_19780107_0100_duan 7 7 0 0 0 49.66 65.26 49.66 65.26 0 0
ynao_sd_19780108_0410_duan 9 9 0 0 0 64.98 124.97 64.98 124.97 0 0
ynao_sd_19780109_0100_wang 8 7 1 1 0 75.28 183.7 39.02 60.96 36.26 122.74
ynao_sd_19780110_0340_wang 13 13 0 0 0 57.93 101.3 57.93 101.3 0 0
ynao_sd_19780112_0050_wang 17 16 1 1 0 166.84 181.99 94.21 102.2 72.63 79.79
ynao_sd_19780113_0050_wang 13 9 4 3 0 229.13 247.39 95.35 102.81 133.78 144.58
ynao_sd_19780114_0050_wang 20 18 2 1 0 147.32 165.98 97.0 110.21 50.32 55.77
ynao_sd_19780115_0440_wang 12 11 1 1 0 185.02 248.35 96.28 125.2 88.74 123.15
ynao_sd_19780116_0350_hong 8 7 1 1 0 183.47 332.93 65.02 126.13 118.45 206.8
ynao_sd_19780117_0640_hong 5 4 1 1 0 88.95 239.81 27.77 65.82 61.18 173.99
ynao_sd_19780119_0250_hong 0 0 0 0 0 0 0 0 0 0 0
ynao_sd_19780120_0205_hong 0 0 0 0 0 0 0 0 0 0 0
ynao_sd_19780121_0440_wang 4 3 1 1 0 54.22 215.68 18.84 72.75 35.38 142.93
ynao_sd_19780122_0440_hong 4 3 1 1 0 82.33 176.02 24.36 41.14 57.97 134.88
ynao_sd_19780123_0100_duan 6 5 1 1 0 114.66 186.82 53.08 82.64 61.58 104.18
ynao_sd_19780124_0130_wang 23 22 1 1 0 243.04 345.24 137.75 198.53 105.29 146.71
ynao_sd_19780125_0045_wang 15 11 4 4 0 379.16 435.45 150.46 169.67 228.7 265.78
ynao_sd_19780126_0100_wang 41 36 5 3 0 477.31 542.9 209.15 248.13 268.16 294.77
ynao_sd_19780129_0150_wang 37 32 5 6 0 526.91 903.33 185.83 314.35 341.08 588.98
ynao_sd_19780130_0115_duan 28 19 9 6 0 491.03 855.11 218.98 380.21 272.05 474.9
ynao_sd_19780131_0120_duan 24 16 8 6 0 489.38 856.9 235.07 500.77 254.31 356.13
ynao_sd_19780201_0140_qiu 27 15 12 6 0 650.79 858.64 259.22 355.45 391.57 503.19
ynao_sd_19780202_0100_qiu 46 29 17 8 0 822.04 972.44 382.44 480.36 439.6 492.08
ynao_sd_19780203_0100_qiu 44 26 18 9 0 1371.33 1867.69 456.82 636.12 914.51 1231.57
ynao_sd_19780204_0100_qiu 60 48 12 10 0 1486.32 2007.5 629.36 860.29 856.96 1147.21
ynao_sd_19780205_0040_qiu 51 38 13 9 0 1341.88 1813.4 559.9 767.17 781.98 1046.23
ynao_sd_19780206_0100_hong 70 52 18 8 0 1506.98 3021.23 496.93 888.31 1010.05 2132.92
ynao_sd_19780207_0110_wang 60 45 15 6 0 1906.65 3482.95 531.44 942.81 1375.21 2540.14
ynao_sd_19780208_0120_wang 63 41 22 8 0 2573.47 3824.16 562.9 827.38 2010.57 2996.78
ynao_sd_19780209_0205_hong 53 30 23 8 0 2936.32 3678.1 711.75 880.42 2224.57 2797.68
ynao_sd_19780210_0200_hong 58 28 30 10 0 3453.89 4000.38 745.13 865.07 2708.76 3135.31
ynao_sd_19780211_0130_hong 56 35 21 9 0 3272.81 3684.63 644.28 745.34 2628.53 2939.29
ynao_sd_19780212_0120_hong 67 39 28 12 0 3470.62 4050.09 811.04 1009.74 2659.58 3040.35
ynao_sd_19780213_0050_wang 83 60 23 11 0 3038.59 3802.89 863.69 1083.49 2174.9 2719.4
ynao_sd_19780214_0050_wang 67 39 28 12 0 3474.6 5147.89 766.87 1170.21 2707.73 3977.68
ynao_sd_19780215_0050_wang 37 20 17 6 1 2971.73 4750.32 507.17 823.3 2464.56 3927.02
ynao_sd_19780218_0505_wang 23 12 11 8 0 969.1 1720.45 208.44 415.21 760.66 1305.24
ynao_sd_19780219_0120_wang 34 21 13 6 0 961.91 1586.47 279.8 522.27 682.11 1064.2
ynao_sd_19780220_0640_qiu 43 32 11 6 0 977.64 1799.44 352.54 612.92 625.1 1186.52
ynao_sd_19780221_0040_qiu 37 32 5 4 0 894.74 1176.97 391.74 503.63 503.0 673.34
ynao_sd_19780222_0700_qiu 47 40 7 4 0 930.93 1254.14 390.73 501.53 540.2 752.61
ynao_sd_19780223_0410_qiu 80 69 11 5 0 987.8 1328.89 567.14 716.07 420.66 612.82
ynao_sd_19780224_0200_qiu 42 35 7 6 0 793.17 1167.35 349.73 461.96 443.44 705.39
ynao_sd_19780225_0120_qiu 75 58 17 8 0 1041.62 1687.5 477.27 712.15 564.35 975.35
ynao_sd_19780226_0310_qiu 41 31 10 9 0 847.17 1174.65 338.89 480.59 508.28 694.06
ynao_sd_19780227_0150_hong 36 30 6 5 0 572.06 832.61 224.8 336.55 347.26 496.06
ynao_sd_19780228_0040_hong 31 21 10 7 0 587.3 906.85 193.47 305.33 393.83 601.52
ynao_sd_19780301_0040_hong 21 12 9 5 0 577.46 1018.46 125.46 220.78 452.0 797.68
ynao_sd_19780302_0045_hong 26 17 9 7 0 488.67 935.25 157.85 343.93 330.82 591.32
ynao_sd_19780303_0040_hong 36 25 11 9 0 1013.63 1908.69 281.16 562.49 732.47 1346.2
ynao_sd_19780304_0040_hong 37 26 11 6 0 1157.76 2145.89 306.37 600.88 851.39 1545.01
ynao_sd_19780305_0130_hong 33 20 13 9 0 1446.76 2455.42 344.49 618.26 1102.27 1837.16
ynao_sd_19780306_0040_wang 61 53 8 7 0 1531.7 2161.11 484.3 660.75 1047.4 1500.36
ynao_sd_19780307_0040_wang 45 38 7 5 0 1533.41 1973.83 446.64 550.04 1086.77 1423.79
ynao_sd_19780308_0155_wang 71 62 9 6 0 2092.81 3406.19 534.67 716.21 1558.14 2689.98
ynao_sd_19780309_0055_wang 60 48 12 5 2 2516.95 3748.11 540.45 730.18 1976.5 3017.93
ynao_sd_19780310_0110_wang 59 49 10 4 0 2405.13 3404.18 521.25 774.5 1883.88 2629.68
ynao_sd_19780311_0210_wang 44 34 10 4 0 2213.06 2929.08 432.56 585.4 1780.5 2343.68
ynao_sd_19780312_0055_wang 29 18 11 5 0 2145.93 2767.64 390.62 510.81 1755.31 2256.83
ynao_sd_19780313_0230_qiu 20 8 12 2 0 2015.14 2293.77 534.53 613.98 1480.61 1679.79
ynao_sd_19780314_0140_qiu 23 8 15 3 0 1775.38 2089.15 476.18 555.53 1299.2 1533.62
ynao_sd_19780315_0230_qiu 27 20 7 4 0 1421.0 1772.69 395.11 516.16 1025.89 1256.53
ynao_sd_19780316_0050_qiu 31 22 9 4 0 1182.27 1640.83 349.76 503.99 832.51 1136.84
ynao_sd_19780317_0100_qiu 21 17 4 3 0 936.61 1433.26 247.88 411.15 688.73 1022.11
ynao_sd_19780318_0050_qiu 20 11 9 6 0 942.12 1629.77 269.95 455.38 672.17 1174.39
ynao_sd_19780319_0050_qiu 34 24 10 7 0 1157.38 2036.05 381.04 573.01 776.34 1463.04
ynao_sd_19780320_0050_hong 21 17 4 4 0 434.39 900.21 143.93 226.75 290.46 673.46
ynao_sd_19780322_0040_hong 19 16 3 4 0 279.5 490.71 117.28 213.44 162.22 277.27
ynao_sd_19780323_0130_wang 18 16 2 2 0 231.0 368.32 120.87 199.05 110.13 169.27
ynao_sd_19780324_0040_hong 10 6 4 2 0 179.77 261.9 72.53 131.15 107.24 130.75
ynao_sd_19780325_0040_hong 22 21 1 1 0 151.03 230.72 109.13 182.89 41.9 47.83
ynao_sd_19780326_0050_hong 13 10 3 2 0 161.38 249.69 77.59 150.59 83.79 99.1
ynao_sd_19780327_0050_wang 13 12 1 1 0 93.72 108.57 65.09 78.15 28.63 30.42
ynao_sd_19780328_0050_wang 12 12 0 0 0 40.89 44.88 40.89 44.88 0 0
ynao_sd_19780329_0100_wang 2 2 0 0 0 12.65 24.62 12.65 24.62 0 0
ynao_sd_19780330_0010_wang 7 7 0 0 0 36.93 75.3 36.93 75.3 0 0
ynao_sd_19780331_0220_wang 9 9 0 0 0 44.58 72.87 44.58 72.87 0 0
ynao_sd_19780401_0100_wang 10 9 1 1 0 165.83 569.75 80.02 208.14 85.81 361.61
ynao_sd_19780402_0025_wang 15 11 4 2 0 603.6 1591.04 128.92 297.54 474.68 1293.5
ynao_sd_19780403_0120_chao 27 21 6 2 0 909.71 1612.87 313.48 535.44 596.23 1077.43
ynao_sd_19780404_0100_chao 49 38 11 4 0 1169.27 1810.11 377.21 634.06 792.06 1176.05
ynao_sd_19780405_0140_wang 37 23 14 3 0 1482.32 1993.75 263.91 354.48 1218.41 1639.27
ynao_sd_19780406_0110_chao 55 42 13 4 0 1806.37 2240.95 518.64 696.92 1287.73 1544.03
ynao_sd_19780407_0110_chao 50 34 16 8 0 1544.92 1796.01 475.16 556.59 1069.76 1239.42
ynao_sd_19780408_0110_chao 57 40 17 7 0 1333.94 1571.57 473.87 582.57 860.07 989.0
ynao_sd_19780409_0200_chao 47 34 13 6 0 1057.87 1666.29 465.19 828.17 592.68 838.12
ynao_sd_19780410_0030_hong 65 40 25 11 0 1146.67 2191.68 399.72 858.61 746.95 1333.07
ynao_sd_19780411_0100_hong 47 36 11 6 0 891.65 1587.42 314.41 555.42 577.24 1032.0
ynao_sd_19780412_0140_hong 52 45 7 6 0 926.47 1707.51 317.82 548.98 608.65 1158.53
ynao_sd_19780413_0150_hong 68 59 9 5 0 948.02 1619.07 387.41 615.86 560.61 1003.21
ynao_sd_19780414_0120_hong 41 35 6 3 0 635.94 728.18 263.91 299.42 372.03 428.76
ynao_sd_19780415_0110_hong 45 32 13 5 0 823.14 892.31 302.49 329.87 520.65 562.44
ynao_sd_19780416_0240_hong 36 23 13 7 0 906.14 1016.77 279.69 317.12 626.45 699.65
ynao_sd_19780417_0920_chao 32 18 14 8 0 957.44 1312.5 332.29 499.94 625.15 812.56
ynao_sd_19780418_0510_chao 47 39 8 6 0 744.01 1094.72 309.76 463.69 434.25 631.03
ynao_sd_19780419_0050_wang 33 22 11 9 0 773.66 1320.98 183.62 322.84 590.04 998.14
ynao_sd_19780420_0050_wang 40 32 8 5 0 623.35 1016.86 263.98 499.93 359.37 516.93
ynao_sd_19780421_0040_wang 63 57 6 3 0 680.8 1091.06 317.74 610.21 363.06 480.85
ynao_sd_19780422_0000_wang 68 63 5 5 0 810.67 1264.12 420.37 659.11 390.3 605.01
ynao_sd_19780423_0240_wang 76 56 20 11 0 1110.55 1405.18 433.62 629.58 676.93 775.6
ynao_sd_19780424_0030_wang 85 77 8 5 0 947.26 1124.6 440.99 539.97 506.27 584.63
ynao_sd_19780425_0005_wang 88 75 13 5 0 1033.65 1614.25 456.18 873.25 577.47 741.0
ynao_sd_19780426_0500_chao 76 49 27 11 0 1660.67 3212.13 637.26 1197.31 1023.41 2014.82
ynao_sd_19780427_0120_chao 73 48 25 12 0 1994.88 4090.58 674.47 1303.96 1320.41 2786.62
ynao_sd_19780428_0110_chao 71 43 28 13 0 2754.72 4930.46 827.91 1490.27 1926.81 3440.19
ynao_sd_19780429_0030_chao 47 23 24 8 0 3466.25 4657.53 870.7 1213.14 2595.55 3444.39
ynao_sd_19780430_0110_chao 59 29 30 9 0 3124.32 3739.68 925.24 1120.79 2199.08 2618.89
ynao_sd_19780501_0100_hong 61 42 19 9 0 2685.29 2999.23 639.89 725.76 2045.4 2273.47
ynao_sd_19780502_0230_hong 72 38 34 14 0 2728.29 3092.08 637.04 725.37 2091.25 2366.71
ynao_sd_19780503_0420_hong 78 48 30 13 0 2590.92 3146.15 596.3 770.87 1994.62 2375.28
ynao_sd_19780504_0340_hong 53 32 21 11 0 1993.14 2743.73 456.29 642.69 1536.85 2101.04
ynao_sd_19780505_0050_hong 50 31 19 11 0 1831.76 2849.67 427.97 647.97 1403.79 2201.7
ynao_sd_19780506_0040_hong 52 30 22 16 0 1525.06 3223.51 363.34 716.83 1161.72 2506.68
ynao_sd_19780508_0310_wang 28 18 10 7 0 675.08 1559.9 175.11 396.07 499.97 1163.83
ynao_sd_19780509_0100_wang 21 19 2 2 0 384.61 533.93 136.31 194.96 248.3 338.97
ynao_sd_19780510_0910_wang 9 7 2 2 0 359.64 468.12 96.62 142.92 263.02 325.2
ynao_sd_19780513_1035_wang 15 9 6 5 0 671.62 1220.57 139.77 251.34 531.85 969.23
ynao_sd_19780514_0010_wang 30 24 6 4 0 712.96 1170.43 185.91 320.32 527.05 850.11
ynao_sd_19780515_0150_hong 27 20 7 5 0 850.6 1216.23 205.25 286.46 645.35 929.77
ynao_sd_19780521_0100_chao 10 9 1 1 0 274.36 403.49 113.75 231.5 160.61 171.99
ynao_sd_19780522_0020_hong 10 7 3 3 0 438.68 907.75 96.35 223.62 342.33 684.13
ynao_sd_19780523_0410_hong 22 10 12 6 0 1156.85 2949.63 264.21 592.79 892.64 2356.84
ynao_sd_19780524_0400_hong 37 20 17 9 0 1406.94 2314.92 303.56 521.18 1103.38 1793.74
ynao_sd_19780525_0650_hong 45 30 15 12 0 1566.66 2225.5 414.07 587.11 1152.59 1638.39
ynao_sd_19780526_0200_hong 60 39 21 12 0 1919.51 2394.2 497.63 675.32 1421.88 1718.88
ynao_sd_19780527_0110_hong 73 46 27 12 1 1978.68 2296.8 622.24 753.02 1356.44 1543.78
ynao_sd_19780528_0100_hong 83 62 21 13 0 2094.57 2312.62 625.77 714.33 1468.8 1598.29
ynao_sd_19780529_0050_lik 57 39 18 6 0 1764.72 1974.74 456.36 517.09 1308.36 1457.65
ynao_sd_19780530_0025_lik 35 19 16 6 0 1585.46 1917.76 347.96 414.76 1237.5 1503.0
ynao_sd_19780531_0015_wang 61 49 12 7 0 1235.54 1695.85 363.7 475.01 871.84 1220.84
ynao_sd_19780601_0125_lik 32 23 9 5 0 856.39 1386.3 259.36 369.48 597.03 1016.82
ynao_sd_19780602_0040_lik 44 35 9 6 0 869.16 1689.76 321.26 557.03 547.9 1132.73
ynao_sd_19780605_0300_hong 22 17 5 3 0 215.64 450.52 100.16 212.61 115.48 237.91
ynao_sd_19780606_0750_hong 10 9 1 1 0 80.23 282.09 60.53 207.99 19.7 74.1
ynao_sd_19780607_0120_hong 1 1 0 0 0 19.23 21.62 19.23 21.62 0 0
ynao_sd_19780609_1030_wang 10 10 0 1 0 80.65 179.36 58.78 131.56 21.87 47.8
ynao_sd_19780610_0400_hong 12 12 0 0 0 69.49 125.94 69.49 125.94 0 0
ynao_sd_19780611_0200_hong 29 27 2 2 0 213.67 288.26 150.81 216.59 62.86 71.67
ynao_sd_19780612_0040_li 20 20 0 0 0 139.16 230.2 139.16 230.2 0 0
ynao_sd_19780613_0015_li 21 18 3 2 0 270.54 447.41 150.83 188.2 119.71 259.21
ynao_sd_19780614_0310_li 32 27 5 3 0 346.86 505.24 160.27 208.3 186.59 296.94
ynao_sd_19780615_0220_li 33 25 8 3 0 445.92 662.16 185.07 278.55 260.85 383.61
ynao_sd_19780616_0130_li 30 25 5 4 0 674.75 1094.25 246.01 402.35 428.74 691.9
ynao_sd_19780618_0310_li 35 30 5 3 0 404.68 721.2 219.86 337.2 184.82 384.0
ynao_sd_19780619_0640_wang 62 57 5 5 0 565.36 1206.44 268.58 468.67 296.78 737.77
ynao_sd_19780620_0935_wang 59 49 10 7 0 1753.08 3334.76 440.05 837.21 1313.03 2497.55
ynao_sd_19780622_0950_wang 59 39 20 10 0 1794.09 2809.32 403.84 614.41 1390.25 2194.91
ynao_sd_19780623_0135_wang 86 62 24 12 0 1677.62 2602.74 539.62 867.23 1138.0 1735.51
ynao_sd_19780624_0345_wang 99 84 15 6 0 1485.89 2040.41 609.05 958.84 876.84 1081.57
ynao_sd_19780625_0150_wang 86 75 11 8 0 1304.46 1479.84 522.39 592.44 782.07 887.4
ynao_sd_19780626_0500_chao 110 94 16 9 0 1469.63 1663.49 623.41 755.99 846.22 907.5
ynao_sd_19780627_0340_chao 105 87 18 8 0 1251.87 1443.94 664.39 797.78 587.48 646.16
ynao_sd_19780628_0220_chao 106 93 13 8 0 1049.11 1254.22 572.91 696.14 476.2 558.08
ynao_sd_19780629_0150_wang 91 79 12 9 0 706.0 930.16 393.57 505.24 312.43 424.92
ynao_sd_19780630_0100_chao 75 69 6 6 0 815.65 1293.12 450.17 678.19 365.48 614.93
ynao_sd_19780701_0030_chao 49 44 5 5 0 625.84 1135.16 284.71 488.4 341.13 646.76
ynao_sd_19780702_0110_chao 33 28 5 3 0 447.0 800.63 208.85 377.7 238.15 422.93
ynao_sd_19780703_0500_hong 19 16 3 2 0 353.66 553.2 130.76 195.67 222.9 357.53
ynao_sd_19780704_0405_hong 23 21 2 2 0 402.19 457.54 155.19 176.51 247.0 281.03
ynao_sd_19780705_0220_hong 29 27 2 2 0 434.85 488.76 168.04 199.05 266.81 289.71
ynao_sd_19780706_0610_hong 14 11 3 3 0 381.43 456.48 116.5 160.45 264.93 296.03
ynao_sd_19780707_0405_hong 13 10 3 2 0 379.58 496.55 130.51 202.17 249.07 294.38
ynao_sd_19780708_0020_hong 8 5 3 1 0 187.18 230.19 75.5 103.93 111.68 126.26
ynao_sd_19780709_0100_hong 17 11 6 2 0 632.26 1955.98 167.45 429.19 464.81 1526.79
ynao_sd_19780710_0140_li 17 9 8 2 0 1385.16 2916.87 240.22 487.48 1144.94 2429.39
ynao_sd_19780711_0015_li 29 18 11 2 0 1789.65 2874.38 389.51 637.34 1400.14 2237.04
ynao_sd_19780712_0110_li 42 31 11 3 0 2011.67 2679.32 422.84 608.82 1588.83 2070.5
ynao_sd_19780713_0100_li 48 33 15 3 0 2006.96 2505.14 497.17 691.29 1509.79 1813.85
ynao_sd_19780714_0120_li 57 37 20 6 0 2121.86 2448.52 644.47 746.52 1477.39 1702.0
ynao_sd_19780715_0140_li 53 34 19 8 0 2063.91 2136.91 472.28 500.49 1591.63 1636.42
ynao_sd_19780716_0130_li 45 32 13 3 0 1629.33 1731.72 413.24 444.27 1216.09 1287.45
ynao_sd_19780717_0150_chao 105 86 19 5 0 1880.34 2137.38 749.79 860.02 1130.55 1277.36
ynao_sd_19780718_0640_chao 56 46 10 3 0 1320.88 1804.62 470.35 607.92 850.53 1196.7
ynao_sd_19780720_0020_chao 33 28 5 1 0 705.85 1507.69 247.95 448.19 457.9 1059.5
ynao_sd_19780721_0025_chao 20 17 3 1 0 334.96 1184.94 124.88 373.47 210.08 811.47
ynao_sd_19780722_0335_chao 16 14 2 1 0 194.53 272.94 95.26 133.6 99.27 139.34
ynao_sd_19780723_0305_chao 19 18 1 1 0 164.65 264.13 109.2 164.64 55.45 99.49
ynao_sd_19780724_0230_wang 8 7 1 1 0 75.58 161.56 43.72 76.07 31.86 85.49
ynao_sd_19780725_0200_wang 7 7 0 0 0 50.15 102.72 50.15 102.72 0 0
ynao_sd_19780726_0040_wang 5 5 0 0 0 24.31 25.83 24.31 25.83 0 0
ynao_sd_19780727_0705_wang 5 5 0 0 0 29.4 73.02 29.4 73.02 0 0
ynao_sd_19780728_0000_wang 9 8 1 2 0 102.14 347.57 32.08 57.86 70.06 289.71
ynao_sd_19780729_0010_wang 19 16 3 2 0 182.74 373.92 89.08 153.75 93.66 220.17
ynao_sd_19780730_0000_wang 19 17 2 2 0 205.14 337.94 88.04 143.27 117.1 194.67
ynao_sd_19780731_0130_hong 14 13 1 1 0 207.19 272.95 103.42 136.56 103.77 136.39
ynao_sd_19780801_0020_hong 5 4 1 1 0 198.72 230.57 53.08 63.08 145.64 167.49
ynao_sd_19780802_0650_hong 9 8 1 1 0 245.93 279.74 96.09 123.87 149.84 155.87
ynao_sd_19780803_0035_hong 6 5 1 1 0 198.39 206.49 60.47 65.53 137.92 140.96
ynao_sd_19780804_0040_hong 9 8 1 1 0 188.14 211.79 70.51 88.95 117.63 122.84
ynao_sd_19780805_0110_hong 13 11 2 1 0 103.3 224.27 64.48 180.32 38.82 43.95
ynao_sd_19780806_0340_hong 12 11 1 1 0 79.25 182.4 59.12 132.46 20.13 49.94
ynao_sd_19780807_0150_chao 9 9 0 0 0 35.63 58.01 35.63 58.01 0 0
ynao_sd_19780808_0220_chao 12 11 1 0 0 64.38 91.42 68.68 98.47 4.3 7.05
ynao_sd_19780809_0105_chao 12 12 0 0 0 47.16 53.63 47.16 53.63 0 0
ynao_sd_19780810_0655_chao 14 13 1 1 0 87.64 89.59 62.43 64.05 25.21 25.54
ynao_sd_19780811_0025_chao 16 15 1 0 0 108.4 135.53 110.55 137.74 2.15 2.21
ynao_sd_19780812_0225_chao 28 28 0 0 0 132.33 142.77 132.33 142.77 0 0
ynao_sd_19780813_0030_chao 28 28 0 0 0 177.35 239.17 177.35 239.17 0 0
ynao_sd_19780814_0025_wang 19 17 2 2 0 178.54 333.9 124.57 223.34 53.97 110.56
ynao_sd_19780815_0040_wang 24 22 2 1 0 203.12 337.56 118.35 207.41 84.77 130.15
ynao_sd_19780816_0030_wang 20 17 3 1 0 193.54 276.49 99.88 150.25 93.66 126.24
ynao_sd_19780817_0030_wang 37 36 1 1 0 245.82 305.14 159.03 196.16 86.79 108.98
ynao_sd_19780818_0250_wang 31 23 8 2 0 310.11 433.58 136.7 188.7 173.41 244.88
ynao_sd_19780819_0000_wang 11 9 2 2 0 213.77 366.19 67.93 116.74 145.84 249.45
ynao_sd_19780820_0030_wang 4 2 2 2 0 98.69 223.44 26.36 50.91 72.33 172.53
ynao_sd_19780821_0030_hong 2 2 0 0 0 17.99 24.27 17.99 24.27 0 0
ynao_sd_19780822_0020_hong 1 1 0 0 0 5.19 32.94 5.19 32.94 0 0
ynao_sd_19780823_0030_hong 5 5 0 0 0 32.79 34.23 32.79 34.23 0 0
ynao_sd_19780824_0110_hong 6 6 0 0 0 27.43 50.29 27.43 50.29 0 0
ynao_sd_19780825_0030_hong 6 6 0 0 0 27.91 36.42 27.91 36.42 0 0
ynao_sd_19780826_0135_wang 2 2 0 0 0 12.33 35.77 12.33 35.77 0 0
ynao_sd_19780827_0040_hong 14 13 1 1 0 87.44 173.75 71.08 138.07 16.36 35.68
ynao_sd_19780830_0220_chao 40 30 10 3 0 562.98 1514.61 232.76 550.57 330.22 964.04
ynao_sd_19780831_0300_chao 48 37 11 3 0 813.48 1556.96 408.74 775.68 404.74 781.28
ynao_sd_19780901_0020_qiu 66 56 10 5 0 962.98 1276.8 454.53 558.46 508.45 718.34
ynao_sd_19780902_0100_qiu 78 57 21 9 1 1917.2 2172.0 606.33 694.51 1310.87 1477.49
ynao_sd_19780903_0130_qiu 61 42 19 9 0 1887.62 2008.73 590.19 645.76 1297.43 1362.97
ynao_sd_19780906_0015_wang 51 40 11 7 0 1266.19 2320.38 368.68 649.4 897.51 1670.98
ynao_sd_19780907_0640_wang 42 31 11 6 0 978.35 1704.68 282.12 519.93 696.23 1184.75
ynao_sd_19780908_0030_wang 29 20 9 8 0 1148.81 2253.16 274.1 462.82 874.71 1790.34
ynao_sd_19780910_0910_wang 36 31 5 4 0 939.75 1470.66 258.58 370.34 681.17 1100.32
ynao_sd_19780911_0950_hong 42 36 6 4 0 843.17 1264.7 291.23 425.79 551.94 838.91
ynao_sd_19780912_0700_hong 40 31 9 8 0 1105.4 2110.97 322.65 549.87 782.75 1561.1
ynao_sd_19780913_0820_hong 43 28 15 8 0 1275.53 2135.75 371.67 601.65 903.86 1534.1
ynao_sd_19780914_0220_hong 53 42 11 10 0 1518.24 2422.39 435.75 753.33 1082.49 1669.06
ynao_sd_19780915_0150_hong 48 32 16 10 0 1851.87 2796.64 399.91 607.37 1451.96 2189.27
ynao_sd_19780916_0220_hong 53 34 19 9 0 2628.91 3646.96 661.56 915.39 1967.35 2731.57
ynao_sd_19780917_0230_hong 58 34 24 8 0 3258.22 4130.47 698.08 867.4 2560.14 3263.07
ynao_sd_19780918_0410_wang 58 35 23 11 0 3294.26 4157.34 615.46 790.78 2678.8 3366.56
ynao_sd_19780919_0315_qiu 56 23 33 8 0 3476.5 4260.5 816.61 998.49 2659.89 3262.01
ynao_sd_19780920_0020_qiu 88 39 49 10 0 3816.77 4673.03 843.52 1058.58 2973.25 3614.45
ynao_sd_19780921_0205_qiu 105 66 39 8 0 3760.63 4655.49 927.07 1186.85 2833.56 3468.64
ynao_sd_19780928_0445_wang 28 22 6 6 0 712.76 909.21 226.3 307.16 486.46 602.05
ynao_sd_19780929_0020_wang 36 27 9 5 0 771.76 1009.47 240.35 366.14 531.41 643.33
ynao_sd_19780930_0035_wang 32 29 3 3 0 604.23 794.37 208.86 293.32 395.37 501.05
ynao_sd_19781001_0045_wang 35 32 3 2 0 591.93 829.88 237.47 356.35 354.46 473.53
ynao_sd_19781002_0040_li 12 10 2 1 0 340.2 422.4 79.13 148.32 261.07 274.08
ynao_sd_19781003_0030_li 14 11 3 2 0 280.06 322.39 73.85 87.5 206.21 234.89
ynao_sd_19781004_0120_li 14 12 2 2 0 248.92 320.1 82.9 101.32 166.02 218.78
ynao_sd_19781006_0025_li 14 12 2 1 0 140.09 260.42 91.35 147.76 48.74 112.66
ynao_sd_19781007_0250_li 13 12 1 1 0 149.21 332.05 88.47 188.16 60.74 143.89
ynao_sd_19781011_0100_hong 23 20 3 3 0 387.17 646.05 137.9 208.97 249.27 437.08
ynao_sd_19781012_0740_hong 25 23 2 3 0 575.39 882.96 206.96 317.03 368.43 565.93
ynao_sd_19781013_0040_hong 15 10 5 4 0 526.46 748.35 150.73 214.69 375.73 533.66
ynao_sd_19781014_0340_hong 37 29 8 6 0 864.62 1650.9 256.11 420.43 608.51 1230.47
ynao_sd_19781015_0010_hong 33 23 10 6 0 1056.33 1725.81 344.16 534.68 712.17 1191.13
ynao_sd_19781016_0025_qiu 44 37 7 4 0 1082.17 1576.7 398.17 577.06 684.0 999.64
ynao_sd_19781017_0020_qiu 45 31 14 4 0 1260.22 1661.19 461.2 630.39 799.02 1030.8
ynao_sd_19781018_0325_qiu 44 28 16 8 0 1391.8 2144.37 415.65 680.58 976.15 1463.79
ynao_sd_19781019_0135_qiu 55 38 17 11 0 1513.9 2864.99 487.27 942.21 1026.63 1922.78
ynao_sd_19781020_0130_qiu 50 36 14 9 0 1575.49 2620.45 558.95 947.56 1016.54 1672.89
ynao_sd_19781021_0120_qiu 36 23 13 8 0 1213.72 1669.73 362.45 510.57 851.27 1159.16
ynao_sd_19781022_0130_qiu 48 32 16 8 0 1216.8 1589.93 425.02 542.07 791.78 1047.86
ynao_sd_19781023_0905_wang 32 27 5 4 0 896.06 1205.15 246.89 321.15 649.17 884.0
ynao_sd_19781025_0140_wang 37 31 6 5 0 975.33 1300.55 279.34 369.44 695.99 931.11
ynao_sd_19781026_0015_wang 24 19 5 3 0 692.26 826.05 178.89 216.39 513.37 609.66
ynao_sd_19781027_0030_wang 42 38 4 2 0 686.1 867.5 271.94 384.16 414.16 483.34
ynao_sd_19781028_0325_wang 51 43 8 5 0 780.36 966.32 293.02 359.41 487.34 606.91
ynao_sd_19781029_0015_wang 36 31 5 3 0 497.57 625.8 198.16 231.68 299.41 394.12
ynao_sd_19781030_0035_li 8 4 4 2 0 103.9 114.58 41.52 54.47 62.38 60.11
ynao_sd_19781031_0020_li 8 7 1 1 0 103.64 129.79 66.57 85.46 37.07 44.33
ynao_sd_19781101_0025_li 4 4 0 0 0 37.69 49.25 37.69 49.25 0 0
ynao_sd_19781102_0450_li 9 9 0 0 0 67.25 106.45 67.25 106.45 0 0
ynao_sd_19781103_0200_li 5 5 0 0 0 44.45 48.34 44.45 48.34 0 0
ynao_sd_19781104_0710_li 9 7 2 1 0 232.59 640.07 60.58 137.93 172.01 502.14
ynao_sd_19781105_0140_li 5 2 3 1 0 427.2 938.32 76.67 183.82 350.53 754.5
ynao_sd_19781106_0130_qiu 5 3 2 2 0 619.98 1006.87 148.08 245.96 471.9 760.91
ynao_sd_19781107_0030_qiu 9 6 3 3 0 1220.74 2161.83 182.94 244.22 1037.8 1917.61
ynao_sd_19781108_0030_qiu 10 8 2 1 0 687.79 801.89 185.57 235.23 502.22 566.66
ynao_sd_19781109_0120_qiu 24 17 7 3 0 996.95 1072.54 356.28 401.84 640.67 670.7
ynao_sd_19781110_0940_qiu 22 17 5 3 0 1069.39 1127.69 291.0 315.83 778.39 811.86
ynao_sd_19781111_0015_qiu 40 28 12 6 0 1284.49 1386.27 429.11 468.75 855.38 917.52
ynao_sd_19781112_0340_qiu 26 15 11 7 0 1241.76 1464.08 348.89 413.0 892.87 1051.08
ynao_sd_19781113_0120_hong 34 24 10 5 0 1496.04 1992.25 349.29 468.93 1146.75 1523.32
ynao_sd_19781114_0040_hong 40 28 12 6 0 1153.3 1896.87 288.35 480.55 864.95 1416.32
ynao_sd_19781115_0050_hong 20 11 9 5 0 726.41 1678.52 195.33 389.08 531.08 1289.44
ynao_sd_19781116_0030_hong 25 19 6 4 0 358.52 1031.24 130.4 250.97 228.12 780.27
ynao_sd_19781117_0020_hong 17 16 1 1 0 159.03 198.38 117.27 143.27 41.76 55.11
ynao_sd_19781118_0040_hong 9 6 3 2 0 140.39 215.86 48.57 72.67 91.82 143.19
ynao_sd_19781119_0105_hong 18 16 2 1 0 179.62 400.14 106.21 239.16 73.41 160.98
ynao_sd_19781120_0110_wang 10 9 1 1 0 119.53 269.77 54.21 159.06 65.32 110.71
ynao_sd_19781121_0040_wang 3 3 0 0 0 24.97 43.05 24.97 43.05 0 0
ynao_sd_19781122_0020_wang 3 3 0 0 0 13.75 40.05 13.75 40.05 0 0
ynao_sd_19781123_0050_wang 4 2 2 1 0 56.94 136.07 18.29 44.29 38.65 91.78
ynao_sd_19781124_0050_wang 2 1 1 1 0 112.99 188.47 21.68 37.62 91.31 150.85
ynao_sd_19781125_0105_wang 7 6 1 1 0 207.3 455.45 92.14 307.22 115.16 148.23
ynao_sd_19781126_0100_wang 15 13 2 2 0 332.49 570.73 110.31 207.17 222.18 363.56
ynao_sd_19781127_0125_li 23 18 5 4 0 587.09 1005.58 190.49 330.62 396.6 674.96
ynao_sd_19781128_0230_li 29 22 7 7 0 810.79 1128.91 259.55 362.25 551.24 766.66
ynao_sd_19781129_0625_li 22 12 10 8 0 1593.68 2443.93 262.92 386.45 1330.76 2057.48
ynao_sd_19781130_0230_li 21 13 8 6 0 1143.86 1886.06 209.99 304.44 933.87 1581.62
ynao_sd_19781201_0120_li 14 8 6 6 0 843.25 1315.58 168.54 338.55 674.71 977.03
ynao_sd_19781202_0315_li 8 4 4 5 0 778.99 968.28 151.03 176.08 627.96 792.2
ynao_sd_19781203_0110_li 13 6 7 5 0 835.84 1076.64 148.66 185.36 687.18 891.28
ynao_sd_19781205_0320_hong 8 4 4 4 0 771.69 988.91 177.21 226.16 594.48 762.75
ynao_sd_19781206_0030_hong 5 1 4 4 0 681.93 971.95 138.15 189.69 543.78 782.26
ynao_sd_19781207_0105_li 6 3 3 4 0 452.29 754.91 66.13 94.38 386.16 660.53
ynao_sd_19781208_0120_hong 15 6 9 6 0 632.37 1212.99 127.7 241.36 504.67 971.63
ynao_sd_19781209_0030_hong 16 8 8 4 0 899.0 1366.96 241.48 433.96 657.52 933.0
ynao_sd_19781210_0050_hong 36 21 15 6 0 1684.26 2183.38 409.7 551.07 1274.56 1632.31
ynao_sd_19781211_0200_qiu 41 22 19 6 0 2247.24 2633.6 477.48 568.1 1769.76 2065.5
ynao_sd_19781212_0130_qiu 72 47 25 10 0 2178.34 2501.97 719.25 807.9 1459.09 1694.07
ynao_sd_19781213_0100_qiu 53 38 15 10 0 1806.76 2076.67 517.81 578.21 1288.95 1498.46
ynao_sd_19781214_0050_qiu 43 29 14 6 0 1338.09 1541.09 435.58 499.91 902.51 1041.18
ynao_sd_19781215_0030_qiu 25 16 9 5 0 1071.29 1468.32 304.34 404.03 766.95 1064.29
ynao_sd_19781217_0100_qiu 27 22 5 5 0 1053.36 2262.77 325.87 643.02 727.49 1619.75
ynao_sd_19781218_0120_li 33 24 9 7 0 1244.32 1936.08 387.48 695.69 856.84 1240.39
ynao_sd_19781219_0115_li 21 12 9 6 0 1459.66 1954.73 266.51 383.13 1193.15 1571.6
ynao_sd_19781220_0130_li 33 26 7 5 0 1460.61 2032.75 395.91 633.03 1064.7 1399.72
ynao_sd_19781221_0140_li 18 10 8 6 0 1288.11 1865.01 230.62 353.73 1057.49 1511.28
ynao_sd_19781222_0230_li 8 3 5 5 0 914.56 1147.58 149.19 218.26 765.37 929.32
ynao_sd_19781223_0150_li 12 8 4 2 0 752.79 827.19 164.96 193.96 587.83 633.23
ynao_sd_19781224_0110_li 12 11 1 1 0 685.5 827.33 177.5 237.79 508.0 589.54
ynao_sd_19781225_0120_hong 29 25 4 2 0 701.27 943.21 230.27 295.1 471.0 648.11
ynao_sd_19781226_0100_hong 32 28 4 3 0 654.94 1058.58 223.55 361.35 431.39 697.23
ynao_sd_19781227_0700_hong 26 24 2 1 0 401.55 904.73 176.53 278.55 225.02 626.18
ynao_sd_19781228_0200_hong 27 26 1 1 0 235.2 612.26 161.46 223.75 73.74 388.51
ynao_sd_19781229_0100_hong 21 19 2 3 0 282.02 350.51 155.7 220.83 126.32 129.68
ynao_sd_19781230_0200_li 21 14 7 2 0 398.75 493.97 150.57 223.73 248.18 270.24
ynao_sd_19781231_0100_hong 24 15 9 6 0 643.03 913.58 208.48 333.57 434.55 580.01
