ynao_sd_19790101_0250_li 15 10 5 5 0 472.51 774.98 100.91 205.95 371.6 569.03
ynao_sd_19790102_0120_li 10 4 6 2 0 348.11 497.92 70.52 105.65 277.59 392.27
ynao_sd_19790103_0130_li 11 5 6 3 0 601.73 1128.62 107.0 196.18 494.73 932.44
ynao_sd_19790104_0130_li 10 4 6 4 0 622.2 875.84 77.4 120.56 544.8 755.28
ynao_sd_19790105_0105_li 9 4 5 4 0 548.85 688.02 81.36 103.31 467.49 584.71
ynao_sd_19790106_0115_li 19 12 7 5 0 642.87 876.16 141.42 190.24 501.45 685.92
ynao_sd_19790107_0140_li 14 8 6 5 0 665.71 1100.36 115.38 160.78 550.33 939.58
ynao_sd_19790108_0100_wang 58 49 9 9 0 1023.03 1445.42 294.71 403.04 728.32 1042.38
ynao_sd_19790109_0100_wang 71 53 18 10 0 1619.38 1980.43 394.11 511.37 1225.27 1469.06
ynao_sd_19790110_0100_wang 69 51 18 10 0 2176.31 2599.33 481.57 592.86 1694.74 2006.47
ynao_sd_19790111_0050_wang 52 35 17 11 0 1936.24 2556.1 407.5 535.35 1528.74 2020.75
ynao_sd_19790112_0058_wang 55 42 13 9 0 1488.96 2377.73 390.67 548.2 1098.29 1829.53
ynao_sd_19790113_0100_wang 68 55 13 8 0 1282.54 2319.12 348.02 514.87 934.52 1804.25
ynao_sd_19790114_0120_li 28 20 8 5 0 567.7 867.59 204.95 278.78 362.75 588.81
ynao_sd_19790115_0115_zhao 36 26 10 8 0 832.36 1109.17 273.1 377.55 559.26 731.62
ynao_sd_19790116_0110_zhao 31 22 9 8 0 984.46 1463.86 250.1 350.4 734.36 1113.46
ynao_sd_19790117_0050_zhao 28 17 11 6 0 970.99 1560.24 286.04 451.61 684.95 1108.63
ynao_sd_19790118_0100_zhao 28 18 10 8 0 989.55 1444.85 264.73 425.86 724.82 1018.99
ynao_sd_19790119_0045_zhao 32 22 10 6 0 911.06 1306.09 222.58 446.61 688.48 859.48
ynao_sd_19790120_0100_zhao 52 39 13 8 0 1305.94 1914.4 420.93 626.8 885.01 1287.6
ynao_sd_19790121_0110_zhao 40 26 14 10 0 1572.42 2071.27 455.3 605.09 1117.12 1466.18
ynao_sd_19790122_0055_wang 85 66 19 14 0 2782.93 3473.41 573.01 721.77 2209.92 2751.64
ynao_sd_19790123_0120_wang 105 85 20 10 0 2453.74 2955.37 705.62 837.89 1748.12 2117.48
ynao_sd_19790124_0100_wang 65 49 16 12 0 2435.37 2963.85 541.97 643.18 1893.4 2320.67
ynao_sd_19790125_0130_wang 65 50 15 9 0 1712.46 2152.59 409.62 484.46 1302.84 1668.13
ynao_sd_19790126_0050_wang 54 41 13 7 0 1259.94 1736.91 315.49 404.07 944.45 1332.84
ynao_sd_19790127_0045_wang 41 30 11 6 0 946.81 1573.46 236.57 344.33 710.24 1229.13
ynao_sd_19790128_0110_wang 37 24 13 10 0 1015.86 1924.24 296.98 606.4 718.88 1317.84
ynao_sd_19790129_0120_li 31 18 13 6 0 709.61 1891.85 215.28 576.44 494.33 1315.41
ynao_sd_19790130_0120_li 24 16 8 8 0 547.61 1085.89 118.68 259.51 428.93 826.38
ynao_sd_19790201_0630_li 12 9 3 4 0 268.11 308.01 66.11 75.66 202.0 232.35
ynao_sd_19790202_0115_li 29 22 7 6 0 460.52 502.35 145.92 162.11 314.6 340.24
ynao_sd_19790203_0140_li 20 11 9 6 0 575.46 803.79 138.25 204.81 437.21 598.98
ynao_sd_19790204_0105_li 19 14 5 5 0 489.87 774.39 97.44 144.57 392.43 629.82
ynao_sd_19790205_0040_hong 30 20 10 7 0 926.4 1291.12 222.09 295.76 704.31 995.36
ynao_sd_19790206_0050_hong 28 17 11 9 0 880.41 1206.78 210.06 325.65 670.35 881.13
ynao_sd_19790207_0040_hong 25 18 7 6 0 843.22 1093.49 214.45 276.92 628.77 816.57
ynao_sd_19790208_0100_hong 18 11 7 6 0 750.84 988.29 179.69 235.12 571.15 753.17
ynao_sd_19790209_0050_hong 27 20 7 6 0 720.47 1106.96 203.22 278.83 517.25 828.13
ynao_sd_19790210_0150_hong 44 35 9 5 0 960.12 1169.21 318.0 420.79 642.12 748.42
ynao_sd_19790211_0050_hong 28 10 18 10 0 1126.85 1433.72 235.42 343.97 891.43 1089.75
ynao_sd_19790212_0120_wang 37 25 12 6 0 1154.5 2010.43 236.31 392.78 918.19 1617.65
ynao_sd_19790213_0050_wang 43 27 16 11 0 1366.81 2733.06 267.52 513.06 1099.29 2220.0
ynao_sd_19790214_0040_wang 37 20 17 12 0 1667.81 3704.28 232.49 450.77 1435.32 3253.51
ynao_sd_19790215_0045_wang 44 27 17 14 0 1827.89 3101.65 326.32 595.61 1501.57 2506.04
ynao_sd_19790216_0050_wang 86 60 26 16 0 2214.98 2927.55 528.02 708.48 1686.96 2219.07
ynao_sd_19790217_0100_wang 109 85 24 14 0 3635.99 5876.88 676.75 829.38 2959.24 5047.5
ynao_sd_19790218_0130_wang 117 86 31 15 0 3623.42 4130.79 871.79 1013.71 2751.63 3117.08
ynao_sd_19790219_0130_hong 111 72 39 14 0 3934.55 4558.24 836.98 983.94 3097.57 3574.3
ynao_sd_19790220_0040_hong 88 35 53 16 0 4041.49 4816.5 779.93 899.49 3261.56 3917.01
ynao_sd_19790221_0050_hong 89 48 41 16 0 3550.47 4753.67 723.2 956.9 2827.27 3796.77
ynao_sd_19790222_0040_hong 70 41 29 15 0 2412.42 3569.05 592.07 847.27 1820.35 2721.78
ynao_sd_19790223_0040_hong 42 22 20 9 0 1457.36 2602.52 327.66 570.72 1129.7 2031.8
ynao_sd_19790224_0040_hong 24 9 15 5 0 1287.75 2497.86 246.28 462.57 1041.47 2035.29
ynao_sd_19790225_0030_hong 12 3 9 5 0 835.71 2195.5 145.59 354.13 690.12 1841.37
ynao_sd_19790226_0040_li 2 0 2 3 0 226.14 502.91 28.2 57.01 197.94 445.9
ynao_sd_19790227_0040_li 2 1 1 1 0 132.07 179.5 17.28 23.45 114.79 156.05
ynao_sd_19790228_0205_li 9 7 2 3 0 181.55 396.61 56.82 154.79 124.73 241.82
ynao_sd_19790301_0230_li 3 1 2 2 0 60.67 104.93 12.86 22.43 47.81 82.5
ynao_sd_19790302_0035_li 10 8 2 2 0 123.25 384.15 49.86 95.23 73.39 288.92
ynao_sd_19790303_0040_li 3 1 2 2 0 171.87 412.39 26.89 66.76 144.98 345.63
ynao_sd_19790304_0050_li 8 6 2 2 0 337.18 554.78 58.75 91.58 278.43 463.2
ynao_sd_19790305_0050_wang 22 17 5 4 0 535.77 783.03 144.06 263.3 391.71 519.73
ynao_sd_19790306_0050_wang 27 19 8 6 0 763.1 944.67 198.23 255.1 564.87 689.57
ynao_sd_19790307_0040_wang 24 19 5 5 0 577.91 659.11 155.02 185.47 422.89 473.64
ynao_sd_19790308_0050_wang 21 15 6 5 0 593.17 674.81 145.56 180.44 447.61 494.37
ynao_sd_19790309_0040_wang 25 13 12 9 0 1855.26 3745.07 167.91 219.96 1687.35 3525.11
ynao_sd_19790310_0100_wang 40 29 11 11 0 1854.63 2379.17 235.51 365.61 1619.12 2013.56
ynao_sd_19790311_0100_wang 35 27 8 6 0 742.94 1285.59 254.52 589.54 488.42 696.05
ynao_sd_19790312_0040_hong 51 41 10 8 0 711.32 1349.04 289.87 626.15 421.45 722.89
ynao_sd_19790313_0050_hong 60 48 12 10 0 1245.63 2918.36 338.14 615.28 907.49 2303.08
ynao_sd_19790314_0150_hong 63 61 2 2 0 420.3 644.71 322.19 478.13 98.11 166.58
ynao_sd_19790315_0140_hong 43 41 2 2 0 375.44 715.22 221.23 312.21 154.21 403.01
ynao_sd_19790316_0040_hong 30 26 4 2 0 382.57 632.11 151.03 200.74 231.54 431.37
ynao_sd_19790317_0810_hong 24 20 4 2 0 370.76 497.91 139.78 170.58 230.98 327.33
ynao_sd_19790318_0620_hong 36 30 6 4 0 587.67 709.94 228.31 275.6 359.36 434.34
ynao_sd_19790319_0040_li 43 38 5 2 0 645.61 724.14 215.06 252.83 430.55 471.31
ynao_sd_19790320_0110_wang 58 47 11 5 0 665.3 731.8 284.34 325.88 380.96 405.92
ynao_sd_19790321_0050_wang 49 41 8 6 0 1286.16 1692.13 217.88 271.08 1068.28 1421.05
ynao_sd_19790322_0015_wang 49 42 7 5 0 685.98 1450.84 259.45 433.69 426.53 1017.15
ynao_sd_19790323_0045_wang 60 54 6 6 0 1088.6 1763.89 378.78 568.37 709.82 1195.52
ynao_sd_19790324_0155_wang 32 19 13 9 0 1267.74 1873.43 261.32 396.19 1006.42 1477.24
ynao_sd_19790325_0100_wang 31 14 17 8 0 1337.27 2039.92 201.15 319.07 1136.12 1720.85
ynao_sd_19790326_0130_li 23 14 9 2 0 779.87 998.58 139.37 338.49 640.5 660.09
ynao_sd_19790327_0105_li 15 9 6 3 0 788.06 868.48 148.59 176.89 639.47 691.59
ynao_sd_19790328_0105_li 15 10 5 4 0 769.24 854.81 158.82 180.98 610.42 673.83
ynao_sd_19790329_0035_li 22 14 8 3 0 612.29 733.67 136.13 178.21 476.16 555.46
ynao_sd_19790330_0040_li 18 15 3 3 0 472.16 646.54 108.52 145.82 363.64 500.72
ynao_sd_19790331_0040_li 16 13 3 2 0 353.49 601.99 94.19 146.2 259.3 455.79
ynao_sd_19790401_0050_li 8 6 2 1 0 171.77 422.86 49.25 94.68 122.52 328.18
ynao_sd_19790402_0045_li 6 6 0 0 0 28.59 37.29 28.59 37.29 0 0
ynao_sd_19790403_0120_li 3 3 0 0 0 13.03 25.31 13.03 25.31 0 0
ynao_sd_19790404_0525_li 0 0 0 0 0 0 0 0 0 0 0
ynao_sd_19790405_0040_hong 2 2 0 0 0 8.97 10.5 8.97 10.5 0 0
ynao_sd_19790406_0105_hong 0 0 0 0 0 0 0 0 0 0 0
ynao_sd_19790407_0040_hong 6 3 3 2 0 117.76 496.25 26.24 114.47 91.52 381.78
ynao_sd_19790408_0100_hong 11 8 3 3 0 190.38 452.16 56.45 132.04 133.93 320.12
ynao_sd_19790409_0110_hong 11 7 4 3 0 237.28 385.14 67.98 115.3 169.3 269.84
ynao_sd_19790410_0120_hong 22 14 8 3 0 774.56 2030.3 170.63 406.55 603.93 1623.75
ynao_sd_19790411_0050_wang 34 24 10 6 0 1141.55 2221.37 253.76 489.13 887.79 1732.24
ynao_sd_19790412_0020_wang 25 18 7 5 0 1322.88 1980.21 246.48 364.78 1076.4 1615.43
ynao_sd_19790413_0030_wang 35 22 13 6 0 1579.09 1963.98 264.08 325.59 1315.01 1638.39
ynao_sd_19790414_0050_wang 75 58 17 8 0 1887.61 2142.23 471.28 559.47 1416.33 1582.76
ynao_sd_19790415_0050_wang 50 36 14 7 0 1736.02 1953.08 360.54 496.82 1375.48 1456.26
ynao_sd_19790416_0025_wang 92 83 9 6 0 1960.49 2119.31 566.73 663.29 1393.76 1456.02
ynao_sd_19790417_0025_wang 67 52 15 10 0 1887.89 2291.01 455.31 541.3 1432.58 1749.71
ynao_sd_19790418_0025_wang 54 48 6 5 0 1516.95 2014.46 370.56 465.46 1146.39 1549.0
ynao_sd_19790419_0025_wang 38 32 6 3 0 1141.48 1630.52 249.98 352.16 891.5 1278.36
ynao_sd_19790420_1020_wang 16 12 4 4 0 747.66 1454.66 136.48 264.53 611.18 1190.13
ynao_sd_19790421_0115_wang 19 12 7 5 0 712.26 1697.22 129.56 295.91 582.7 1401.31
ynao_sd_19790422_0025_wang 8 3 5 4 0 387.73 836.62 56.82 115.94 330.91 720.68
ynao_sd_19790423_0025_li 16 9 7 5 0 655.57 1767.04 130.83 290.43 524.74 1476.61
ynao_sd_19790424_0040_li 16 12 4 5 0 999.26 1891.95 129.77 240.5 869.49 1651.45
ynao_sd_19790425_0050_li 23 15 8 4 0 1349.66 2084.12 242.02 373.5 1107.64 1710.62
ynao_sd_19790426_0050_li 36 23 13 7 0 1472.87 2404.06 335.71 512.25 1137.16 1891.81
ynao_sd_19790427_0025_li 49 33 16 9 0 1897.8 2694.3 370.66 539.76 1527.14 2154.54
ynao_sd_19790428_0040_li 61 45 16 6 0 2562.39 3484.73 461.34 617.19 2101.05 2867.54
ynao_sd_19790429_0045_li 78 61 17 7 0 2368.75 2971.9 540.21 660.11 1828.54 2311.79
ynao_sd_19790430_0030_li 57 42 15 8 0 2261.17 2707.3 479.97 566.61 1781.2 2140.69
ynao_sd_19790501_0245_wang 53 36 17 9 0 2513.81 2944.3 459.69 532.69 2054.12 2411.61
ynao_sd_19790502_0830_li 21 12 9 4 0 1848.94 2211.07 278.94 320.14 1570.0 1890.93
ynao_sd_19790503_0235_li 22 12 10 3 0 1770.74 2361.26 268.66 354.48 1502.08 2006.78
ynao_sd_19790504_0025_li 22 18 4 2 0 1137.56 1286.8 187.23 212.49 950.33 1074.31
ynao_sd_19790505_0025_li 25 19 6 6 0 1399.31 1729.37 197.13 251.97 1202.18 1477.4
ynao_sd_19790506_0040_li 23 15 8 6 0 1178.8 1716.56 220.59 326.96 958.21 1389.6
ynao_sd_19790507_0030_wang 63 45 18 10 0 1430.56 2764.81 332.8 592.4 1097.76 2172.41
ynao_sd_19790508_0035_wang 54 39 15 11 0 1405.23 2520.73 338.49 581.66 1066.74 1939.07
ynao_sd_19790509_0005_wang 63 55 8 5 0 1276.29 1881.65 346.8 463.84 929.49 1417.81
ynao_sd_19790510_0220_wang 53 42 11 9 0 1698.88 2087.87 385.47 461.68 1313.41 1626.19
ynao_sd_19790511_0030_wang 63 47 16 8 0 2665.76 2954.68 484.93 536.44 2180.83 2418.24
ynao_sd_19790512_0050_wang 63 44 19 10 0 2778.38 3188.65 564.54 662.04 2213.84 2526.61
ynao_sd_19790513_0001_wang 91 67 24 14 0 3002.03 3624.43 671.34 893.85 2330.69 2730.58
ynao_sd_19790514_0040_wang 78 48 30 13 0 3259.38 5377.92 553.42 730.11 2705.96 4647.81
ynao_sd_19790515_1015_wang 104 82 22 13 0 2478.3 3599.78 651.39 866.47 1826.91 2733.31
ynao_sd_19790516_0255_wang 77 65 12 10 0 1768.85 2810.19 519.97 736.95 1248.88 2073.24
ynao_sd_19790519_0755_wang 27 19 8 7 0 484.89 1055.18 138.28 270.17 346.61 785.01
ynao_sd_19790520_0320_wang 18 14 4 3 0 342.51 712.23 95.55 164.81 246.96 547.42
ynao_sd_19790521_0430_wang 27 24 3 3 0 410.89 718.54 140.84 215.69 270.05 502.85
ynao_sd_19790522_0035_wang 18 15 3 2 0 464.11 708.41 168.73 259.18 295.38 449.23
ynao_sd_19790524_0140_li 15 11 4 3 0 406.16 616.94 91.1 128.48 315.06 488.46
ynao_sd_19790525_0600_li 10 6 4 3 0 399.47 502.92 66.26 80.91 333.21 422.01
ynao_sd_19790526_0025_li 8 4 4 2 0 422.08 483.88 62.33 74.73 359.75 409.15
ynao_sd_19790527_0030_li 8 5 3 2 0 376.68 455.99 75.34 125.65 301.34 330.34
ynao_sd_19790528_0020_li 11 9 2 2 0 379.15 433.06 104.76 120.7 274.39 312.36
ynao_sd_19790529_0020_li 13 9 4 4 0 421.33 704.43 89.52 129.69 331.81 574.74
ynao_sd_19790530_0020_li 15 11 4 5 0 486.48 861.54 113.52 195.44 372.96 666.1
ynao_sd_19790531_0150_li 33 23 10 7 0 658.72 1185.27 180.14 351.84 478.58 833.43
ynao_sd_19790601_0020_li 23 15 8 7 0 1102.17 1912.99 210.48 397.89 891.69 1515.1
ynao_sd_19790602_0620_li 41 23 18 7 0 2608.86 3992.09 439.41 764.45 2169.45 3227.64
ynao_sd_19790603_0420_li 57 31 26 6 0 3840.45 5303.69 532.25 733.36 3308.2 4570.33
ynao_sd_19790604_0210_wang 82 54 28 11 0 3431.61 4273.52 632.08 779.63 2799.53 3493.89
ynao_sd_19790605_0240_li 50 31 19 12 0 3145.72 3799.93 538.28 647.82 2607.44 3152.11
ynao_sd_19790606_1050_li 61 42 19 10 0 2476.52 2870.86 472.56 538.95 2003.96 2331.91
ynao_sd_19790607_0730_wang 77 58 19 17 0 3274.89 3995.02 560.21 719.69 2714.68 3275.33
ynao_sd_19790608_0750_wang 103 75 28 15 0 3148.34 4058.9 679.72 867.55 2468.62 3191.35
ynao_sd_19790609_0225_wang 85 64 21 10 0 3056.56 3963.2 613.94 790.98 2442.62 3172.22
ynao_sd_19790611_0435_wang 40 18 22 7 0 3440.09 4018.34 509.38 609.01 2930.71 3409.33
ynao_sd_19790612_0315_wang 40 21 19 9 0 3265.87 3680.59 456.67 525.45 2809.2 3155.14
ynao_sd_19790613_0040_wang 38 14 24 5 0 3026.78 3506.82 448.03 524.61 2578.75 2982.21
ynao_sd_19790614_0110_wang 36 24 12 5 0 2602.08 3325.93 411.1 543.57 2190.98 2782.36
ynao_sd_19790615_0230_wang 20 12 8 4 0 1831.42 2604.77 287.06 391.57 1544.36 2213.2
ynao_sd_19790616_0210_wang 43 32 11 5 0 1454.14 2290.65 271.79 406.72 1182.35 1883.93
ynao_sd_19790617_0905_wang 67 58 9 7 0 991.78 1822.62 373.49 567.94 618.29 1254.68
ynao_sd_19790618_0050_wang 43 35 8 6 0 681.05 1235.51 238.26 332.57 442.79 902.94
ynao_sd_19790619_0850_li 26 23 3 1 0 334.64 426.31 145.63 202.08 189.01 224.23
ynao_sd_19790620_0410_li 24 21 3 1 0 339.2 445.73 138.25 181.95 200.95 263.78
ynao_sd_19790621_0730_li 5 3 2 1 0 205.82 335.52 28.81 43.37 177.01 292.15
ynao_sd_19790622_0240_li 8 7 1 1 0 160.99 326.9 73.36 147.25 87.63 179.65
ynao_sd_19790623_0330_li 2 2 0 0 0 23.95 43.63 23.95 43.63 0 0
ynao_sd_19790624_0200_li 2 2 0 1 0 57.34 101.78 18.03 35.23 39.31 66.55
ynao_sd_19790625_0030_li 2 2 0 0 0 7.78 35.5 7.78 35.5 0 0
ynao_sd_19790626_0240_li 14 12 2 2 0 288.25 547.13 106.71 174.55 181.54 372.58
ynao_sd_19790627_0230_li 19 17 2 2 0 348.71 600.84 116.92 223.51 231.79 377.33
ynao_sd_19790628_0720_li 4 3 1 2 0 302.98 383.61 48.76 65.48 254.22 318.13
ynao_sd_19790629_0210_li 14 12 2 3 0 512.53 748.83 126.47 215.26 386.06 533.57
ynao_sd_19790630_0520_li 16 11 5 2 0 739.47 969.74 179.55 249.36 559.92 720.38
ynao_sd_19790701_0710_li 25 17 8 5 0 1213.79 1673.99 179.44 249.66 1034.35 1424.33
ynao_sd_19790702_0130_wang 47 33 14 8 0 1818.29 2766.05 415.99 658.98 1402.3 2107.07
ynao_sd_19790703_0410_wang 115 88 27 14 0 3674.56 5430.2 682.53 1012.86 2992.03 4417.34
ynao_sd_19790704_0220_wang 112 99 13 11 0 3253.83 4572.64 714.56 937.32 2539.27 3635.32
ynao_sd_19790705_0750_wang 74 60 14 10 0 3153.64 3903.55 582.8 742.05 2570.84 3161.5
ynao_sd_19790706_0215_wang 68 57 11 8 0 2466.66 2958.6 555.68 666.06 1910.98 2292.54
ynao_sd_19790707_1115_wang 67 55 12 10 0 2214.68 2502.23 461.18 555.51 1753.5 1946.72
ynao_sd_19790708_0120_li 44 37 7 5 0 1692.12 1864.73 396.08 446.62 1296.04 1418.11
ynao_sd_19790709_0620_li 55 46 9 6 0 1688.4 1971.02 456.2 576.35 1232.2 1394.67
ynao_sd_19790710_0600_wang 49 34 15 7 0 1788.84 2251.18 367.39 476.46 1421.45 1774.72
ynao_sd_19790711_0400_wang 63 46 17 10 0 1616.54 2154.24 416.7 524.3 1199.84 1629.94
ynao_sd_19790712_0140_wang 55 45 10 8 0 1333.73 1913.49 385.24 586.94 948.49 1326.55
ynao_sd_19790713_0320_wang 66 58 8 8 0 956.17 1661.39 362.84 593.47 593.33 1067.92
ynao_sd_19790714_0225_wang 30 19 11 9 0 669.2 1225.44 199.34 350.78 469.86 874.66
ynao_sd_19790715_0100_wang 30 20 10 8 0 570.36 969.09 141.33 256.18 429.03 712.91
ynao_sd_19790716_0310_wang 23 17 6 2 0 427.75 606.36 108.54 174.2 319.21 432.16
ynao_sd_19790718_0545_wang 19 14 5 4 0 505.98 747.58 117.91 166.87 388.07 580.71
ynao_sd_19790719_0740_wang 24 19 5 3 0 543.54 716.59 135.79 192.0 407.75 524.59
ynao_sd_19790720_0530_wang 34 30 4 3 0 667.8 824.37 202.98 258.26 464.82 566.11
ynao_sd_19790721_0120_wang 37 28 9 6 0 823.2 1028.66 220.21 298.25 602.99 730.41
ynao_sd_19790723_0710_li 21 13 8 5 0 858.51 1863.7 212.05 482.81 646.46 1380.89
ynao_sd_19790727_0040_li 23 21 2 3 0 286.16 399.15 135.48 214.11 150.68 185.04
ynao_sd_19790728_0210_li 27 23 4 4 0 337.94 457.7 148.31 178.14 189.63 279.56
ynao_sd_19790729_0010_li 19 16 3 3 0 284.77 539.9 110.37 160.81 174.4 379.09
ynao_sd_19790730_0140_li 26 22 4 3 0 377.43 593.31 137.02 172.37 240.41 420.94
ynao_sd_19790731_0150_li 20 16 4 2 0 326.54 440.99 90.7 102.32 235.84 338.67
ynao_sd_19790801_0330_li 19 15 4 2 0 385.84 462.72 107.2 127.09 278.64 335.63
ynao_sd_19790802_0220_li 13 8 5 2 0 386.74 435.28 97.84 122.89 288.9 312.39
ynao_sd_19790803_0035_li 6 5 1 1 0 292.5 310.32 58.09 71.08 234.41 239.24
ynao_sd_19790804_0110_li 5 4 1 2 0 300.97 403.25 40.11 72.03 260.86 331.22
ynao_sd_19790805_0030_li 9 7 2 2 0 165.95 204.47 58.37 92.64 107.58 111.83
ynao_sd_19790806_0100_wang 18 14 4 2 0 329.91 418.42 99.19 129.51 230.72 288.91
ynao_sd_19790807_0220_wang 13 10 3 3 0 183.95 297.46 73.2 123.68 110.75 173.78
ynao_sd_19790808_0140_wang 21 12 9 4 0 655.38 2244.55 111.43 326.64 543.95 1917.91
ynao_sd_19790809_0050_wang 26 14 12 4 0 889.08 1927.36 180.66 361.0 708.42 1566.36
ynao_sd_19790810_0110_wang 27 14 13 8 0 1575.83 3007.64 178.49 274.07 1397.34 2733.57
ynao_sd_19790811_0015_wang 30 16 14 5 0 1013.63 1294.62 218.29 276.28 795.34 1018.34
ynao_sd_19790812_0025_wang 27 17 10 6 0 1786.17 4085.52 219.99 337.36 1566.18 3748.16
ynao_sd_19790813_0050_wang 42 32 10 7 0 1039.17 1158.96 277.52 301.35 761.65 857.61
ynao_sd_19790814_0850_wang 49 42 7 6 0 887.29 937.95 255.44 266.28 631.85 671.67
ynao_sd_19790815_0210_wang 35 28 7 4 0 801.09 871.4 231.4 249.3 569.69 622.1
ynao_sd_19790816_0140_wang 28 23 5 5 0 1194.7 1557.8 175.56 231.12 1019.14 1326.68
ynao_sd_19790817_0150_wang 11 8 3 3 0 544.83 698.57 94.99 122.03 449.84 576.54
ynao_sd_19790818_0500_wang 14 11 3 3 0 524.34 704.79 115.08 159.37 409.26 545.42
ynao_sd_19790819_0440_wang 16 10 6 4 0 512.52 682.88 114.48 157.06 398.04 525.82
ynao_sd_19790820_0340_li 20 11 9 6 0 691.16 1551.24 137.04 423.33 554.12 1127.91
ynao_sd_19790821_0400_li 41 19 22 6 0 884.16 1759.6 274.1 534.18 610.06 1225.42
ynao_sd_19790823_0400_li 40 20 20 8 0 1679.24 2245.29 330.92 473.19 1348.32 1772.1
ynao_sd_19790824_0100_li 45 25 20 6 0 1630.68 1893.48 396.21 461.9 1234.47 1431.58
ynao_sd_19790825_0030_li 48 20 28 8 0 2498.04 2722.92 409.06 436.09 2088.98 2286.83
ynao_sd_19790826_0120_li 65 39 26 8 0 2543.16 2575.06 417.6 422.02 2125.56 2153.04
ynao_sd_19790827_0200_li 63 36 27 7 0 2190.35 2554.16 421.5 454.38 1768.85 2099.78
ynao_sd_19790828_0210_li 28 11 17 7 0 2053.96 2668.36 334.04 438.76 1719.92 2229.6
ynao_sd_19790829_0200_li 42 28 14 6 0 1488.59 2024.07 347.2 478.1 1141.39 1545.97
ynao_sd_19790830_0140_li 30 19 11 4 0 1216.42 1769.29 292.26 449.69 924.16 1319.6
ynao_sd_19790831_0050_li 24 16 8 5 0 1031.02 1731.19 216.64 496.38 814.38 1234.81
ynao_sd_19790902_0420_li 6 1 5 3 0 762.09 847.16 142.52 154.52 619.57 692.64
ynao_sd_19790903_0620_wang 71 60 11 5 0 1583.78 1840.18 467.41 565.32 1116.37 1274.86
ynao_sd_19790904_0330_wang 81 66 15 5 0 1921.7 2293.7 591.39 847.98 1330.31 1445.72
ynao_sd_19790905_0120_wang 68 58 10 6 0 1944.7 2354.42 509.41 665.75 1435.29 1688.67
ynao_sd_19790906_0310_wang 69 54 15 11 0 2446.13 3135.32 581.01 785.5 1865.12 2349.82
ynao_sd_19790907_0615_wang 42 35 7 5 0 1409.52 1591.25 347.09 394.78 1062.43 1196.47
ynao_sd_19790909_0750_wang 98 85 13 8 0 1443.95 2087.27 499.14 657.63 944.81 1429.64
ynao_sd_19790910_0950_wang 107 84 23 11 1 2327.58 4614.15 531.31 771.53 1796.27 3842.62
ynao_sd_19790911_0250_wang 80 61 19 12 0 1718.04 2632.13 429.65 624.53 1288.39 2007.6
ynao_sd_19790912_0100_wang 77 63 14 8 0 1321.87 1620.04 431.87 501.83 890.0 1118.21
ynao_sd_19790913_0230_wang 88 69 19 8 0 1484.39 1663.3 474.82 518.61 1009.57 1144.69
ynao_sd_19790914_0110_wang 76 55 21 10 0 1478.51 1588.0 406.85 472.74 1071.66 1115.26
ynao_sd_19790915_0250_wang 71 55 16 5 0 1391.19 1511.7 375.11 441.88 1016.08 1069.82
ynao_sd_19790916_0250_wang 62 52 10 5 0 1183.3 1599.93 336.03 444.63 847.27 1155.3
ynao_sd_19790917_0540_li 24 8 16 5 0 1177.73 2318.04 199.25 415.76 978.48 1902.28
ynao_sd_19790918_0430_li 27 11 16 6 0 1662.06 3087.06 236.83 424.34 1425.23 2662.72
ynao_sd_19790919_0120_li 27 12 15 6 0 1740.08 2858.52 328.62 517.5 1411.46 2341.02
ynao_sd_19790920_0350_li 33 22 11 5 0 1735.9 2069.0 291.09 373.97 1444.81 1695.03
ynao_sd_19790921_0120_li 50 32 18 6 1 1936.44 2120.85 413.12 458.44 1523.32 1662.41
ynao_sd_19790922_0040_li 44 25 19 7 0 1292.02 1437.57 363.36 401.94 928.66 1035.63
ynao_sd_19790923_0650_li 39 24 15 11 0 1742.42 2353.23 254.07 358.34 1488.35 1994.89
ynao_sd_19790925_0620_li 45 33 12 8 0 1851.42 2379.16 331.6 419.85 1519.82 1959.31
ynao_sd_19790926_0040_li 53 35 18 11 0 2078.23 2716.81 388.34 496.89 1689.89 2219.92
ynao_sd_19790929_0200_li 51 29 22 9 0 2470.77 2649.54 383.08 423.31 2087.69 2226.23
ynao_sd_19790930_0630_li 39 19 20 10 0 2238.67 2721.1 374.23 498.05 1864.44 2223.05
ynao_sd_19791010_0030_wang 65 58 7 6 1 2685.84 3213.13 641.59 896.89 2044.25 2316.24
ynao_sd_19791012_0055_wang 58 33 25 11 0 3337.12 4004.32 585.1 724.9 2752.02 3279.42
ynao_sd_19791013_0130_wang 75 49 26 12 0 3234.46 3999.15 631.7 790.14 2602.76 3209.01
ynao_sd_19791014_0250_wang 89 47 42 20 0 3095.31 4228.94 616.25 830.42 2479.06 3398.52
ynao_sd_19791015_0030_li 54 36 18 12 0 2002.47 3392.18 356.77 514.94 1645.7 2877.24
ynao_sd_19791016_0030_li 58 36 22 10 0 1716.5 2522.27 432.01 607.78 1284.49 1914.49
ynao_sd_19791017_0100_li 33 8 25 12 0 2723.64 3677.47 319.75 430.19 2403.89 3247.28
ynao_sd_19791018_0200_li 58 31 27 14 0 3136.49 3891.18 640.67 828.86 2495.82 3062.32
ynao_sd_19791019_0035_li 55 28 27 8 0 3108.13 3699.14 460.02 542.7 2648.11 3156.44
ynao_sd_19791020_0040_li 44 19 25 11 0 2983.71 3616.3 467.42 574.17 2516.29 3042.13
ynao_sd_19791021_0250_li 31 13 18 7 0 2450.24 2918.64 369.03 479.27 2081.21 2439.37
ynao_sd_19791022_0100_wang 48 26 22 6 0 1796.54 2036.66 289.8 342.32 1506.74 1694.34
ynao_sd_19791023_0030_wang 45 27 18 8 0 1591.18 1927.35 262.99 334.37 1328.19 1592.98
ynao_sd_19791024_0110_wang 42 26 16 9 0 1240.22 2161.55 224.85 376.12 1015.37 1785.43
ynao_sd_19791026_0020_wang 26 24 2 3 0 354.2 704.99 115.6 227.65 238.6 477.34
ynao_sd_19791027_0100_wang 5 1 4 2 0 487.46 1287.31 77.4 211.35 410.06 1075.96
ynao_sd_19791028_0050_wang 18 9 9 5 0 1016.98 2282.69 146.62 281.41 870.36 2001.28
ynao_sd_19791029_0120_wang 59 45 14 8 0 1465.96 2411.13 346.3 517.79 1119.66 1893.34
ynao_sd_19791030_0020_wang 71 45 26 12 0 2712.99 4007.63 453.18 692.44 2259.81 3315.19
ynao_sd_19791031_0020_wang 69 41 28 14 0 2382.41 3442.88 490.51 702.55 1891.9 2740.33
ynao_sd_19791101_0320_wang 57 30 27 11 0 2467.44 3241.06 469.97 669.06 1997.47 2572.0
ynao_sd_19791102_0010_wang 63 50 13 11 0 2868.22 4806.4 492.09 694.69 2376.13 4111.71
ynao_sd_19791103_0010_wang 81 70 11 11 0 1987.92 2256.42 569.27 632.37 1418.65 1624.05
ynao_sd_19791104_0040_wang 78 70 8 5 0 1665.73 1907.52 499.26 579.94 1166.47 1327.58
ynao_sd_19791105_0030_li 13 8 5 4 0 1343.31 2209.88 175.19 266.25 1168.12 1943.63
ynao_sd_19791106_0030_li 18 12 6 4 0 1340.59 2095.16 231.56 345.78 1109.03 1749.38
ynao_sd_19791107_0040_li 18 8 10 6 0 1514.74 2634.26 167.04 310.13 1347.7 2324.13
ynao_sd_19791108_0045_li 17 7 10 7 0 1407.62 2250.97 200.74 329.44 1206.88 1921.53
ynao_sd_19791109_0100_wang 39 17 22 10 0 2508.49 3624.24 375.79 541.14 2132.7 3083.1
ynao_sd_19791110_0020_wang 42 18 24 10 0 2778.72 4125.47 447.04 698.09 2331.68 3427.38
ynao_sd_19791111_0120_li 42 21 21 10 0 2616.89 3609.92 440.34 618.46 2176.55 2991.46
ynao_sd_19791112_0430_li 36 17 19 8 0 2382.83 3100.89 377.73 565.02 2005.1 2535.87
ynao_sd_19791114_0510_li 32 19 13 8 0 2508.72 3020.56 370.88 438.97 2137.84 2581.59
ynao_sd_19791115_0055_li 26 11 15 9 0 2231.49 2739.75 375.66 455.82 1855.83 2283.93
ynao_sd_19791116_0055_li 13 4 9 7 0 1955.08 2651.57 255.81 346.79 1699.27 2304.78
ynao_sd_19791117_0120_li 27 17 10 9 0 1416.31 2050.5 272.62 367.45 1143.69 1683.05
ynao_sd_19791120_0150_hong 36 18 18 9 0 1632.99 2278.03 347.22 496.88 1285.77 1781.15
ynao_sd_19791121_0550_hong 16 9 7 6 0 1136.86 1708.32 188.69 267.5 948.17 1440.82
ynao_sd_19791125_0720_hong 21 11 10 8 0 850.92 1266.58 188.77 269.51 662.15 997.07
ynao_sd_19791128_0050_hong 2 0 2 2 0 386.57 444.65 54.3 63.28 332.27 381.37
ynao_sd_19791203_0110_hong 2 1 1 1 0 220.41 328.7 30.52 44.36 189.89 284.34
ynao_sd_19791204_0040_wang 2 1 1 1 1 140.67 312.2 19.95 70.04 120.72 242.16
ynao_sd_19791205_0050_wang 3 1 2 2 0 132.32 305.06 22.48 47.77 109.84 257.29
ynao_sd_19791206_0050_wang 1 0 1 2 0 614.41 1606.58 4.56 5.97 609.85 1600.61
ynao_sd_19791207_0110_wang 10 8 2 2 0 630.81 1925.21 133.2 580.64 497.61 1344.57
ynao_sd_19791208_0220_wang 19 12 7 8 1 2800.67 5894.2 97.56 192.89 2703.11 5701.31
ynao_sd_19791209_0720_hong 25 19 6 6 0 590.02 1050.74 170.51 284.74 419.51 766.0
ynao_sd_19791210_0320_wang 35 21 14 6 0 770.92 1054.86 212.54 271.77 558.38 783.09
ynao_sd_19791211_0400_li 30 24 6 2 0 516.1 639.46 203.47 254.63 312.63 384.83
ynao_sd_19791212_0930_hong 41 35 6 7 0 959.97 1264.37 310.53 395.12 649.44 869.25
ynao_sd_19791213_0240_hong 54 46 8 5 0 852.64 994.02 366.64 470.41 486.0 523.61
ynao_sd_19791214_0230_hong 52 44 8 5 0 912.53 999.0 356.1 404.42 556.43 594.58
ynao_sd_19791215_0040_hong 42 34 8 7 0 1041.54 1150.24 305.35 347.85 736.19 802.39
ynao_sd_19791216_0130_hong 50 42 8 4 0 1115.93 1313.39 395.3 454.13 720.63 859.26
ynao_sd_19791217_0205_li 25 17 8 5 0 936.24 1279.59 191.33 252.42 744.91 1027.17
ynao_sd_19791218_0230_li 19 11 8 6 0 606.59 999.73 149.99 235.72 456.6 764.01
ynao_sd_19791219_0040_li 32 24 8 5 0 581.18 1168.07 264.84 476.97 316.34 691.1
ynao_sd_19791220_0100_li 16 9 7 5 0 384.01 995.79 108.89 268.24 275.12 727.55
ynao_sd_19791221_0100_li 4 2 2 1 0 64.67 174.13 20.08 49.48 44.59 124.65
ynao_sd_19791222_0125_li 0 0 0 0 0 0 0 0 0 0 0
ynao_sd_19791223_0040_hong 0 0 0 0 0 0 0 0 0 0 0
ynao_sd_19791224_0040_hong 0 0 0 0 0 0 0 0 0 0 0
ynao_sd_19791225_0720_hong 4 4 0 0 0 31.45 36.73 31.45 36.73 0 0
ynao_sd_19791227_0105_hong 1 1 0 0 0 5.16 35.89 5.16 35.89 0 0
ynao_sd_19791228_0040_hong 0 0 0 0 0 0 0 0 0 0 0
ynao_sd_19791229_0040_hong 2 2 0 0 0 13.54 21.67 13.54 21.67 0 0
ynao_sd_19791230_0030_hong 4 4 0 0 0 25.4 35.0 25.4 35.0 0 0
ynao_sd_19791231_0050_li 1 0 1 1 0 50.64 82.97 5.4 8.94 45.24 74.03
