ynao_sd_19800101_0050_li 1 0 1 2 0 90.99 228.35 5.91 14.46 85.08 213.89
ynao_sd_19800101_0050_li 1 0 1 2 0 90.99 228.35 5.91 14.46 85.08 213.89
ynao_sd_19800102_0120_li 6 3 3 2 0 414.56 836.44 81.46 156.3 333.1 680.14
ynao_sd_19800103_0120_li 26 22 4 2 0 644.15 945.14 148.75 225.27 495.4 719.87
ynao_sd_19800104_0110_li 11 7 4 4 0 687.84 898.44 122.39 211.22 565.45 687.22
ynao_sd_19800105_0200_li 19 15 4 4 0 903.64 1244.43 176.57 230.04 727.07 1014.39
ynao_sd_19800106_0105_li 26 17 9 5 0 1133.9 1507.18 221.5 290.94 912.4 1216.24
ynao_sd_19800108_0040_hong 41 23 18 9 0 1883.36 2334.79 426.94 514.89 1456.42 1819.9
ynao_sd_19800109_0100_hong 43 23 20 12 0 2115.45 2502.28 462.87 540.9 1652.58 1961.38
ynao_sd_19800110_0100_hong 43 22 21 11 0 2330.59 2776.55 407.96 500.84 1922.63 2275.71
ynao_sd_19800111_0105_hong 68 37 31 19 0 2515.45 3295.53 542.82 683.69 1972.63 2611.84
ynao_sd_19800112_0100_hong 68 36 32 19 0 2255.96 3164.6 485.66 681.03 1770.3 2483.57
ynao_sd_19800113_0110_hong 60 29 31 18 0 1933.52 3079.43 409.89 714.56 1523.63 2364.87
ynao_sd_19800114_0110_li 39 26 13 7 0 949.21 1797.07 283.82 461.46 665.39 1335.61
ynao_sd_19800115_0410_li 21 17 4 2 0 296.84 496.2 179.64 314.5 117.2 181.7
ynao_sd_19800116_0100_li 8 7 1 1 0 135.05 167.74 48.73 65.05 86.32 102.69
ynao_sd_19800117_0140_li 9 2 7 4 0 358.61 568.82 68.27 111.92 290.34 456.9
ynao_sd_19800118_0130_li 8 4 4 4 0 294.61 414.34 65.32 89.67 229.29 324.67
ynao_sd_19800119_0115_li 12 6 6 4 0 605.36 742.77 102.94 129.67 502.42 613.1
ynao_sd_19800120_0110_li 22 15 7 3 0 377.62 442.33 121.25 148.78 256.37 293.55
ynao_sd_19800121_0040_hong 24 16 8 5 0 513.41 572.43 166.52 196.58 346.89 375.85
ynao_sd_19800122_0045_hong 19 11 8 4 0 439.68 496.28 136.63 168.22 303.05 328.06
ynao_sd_19800123_0050_hong 24 14 10 5 0 342.83 384.18 121.22 135.71 221.61 248.47
ynao_sd_19800124_0030_hong 27 27 0 0 0 150.82 190.94 150.82 190.94 0 0
ynao_sd_19800125_0040_hong 11 10 1 1 0 125.96 221.36 72.1 108.0 53.86 113.36
ynao_sd_19800126_0040_hong 13 8 5 3 0 225.31 756.73 72.8 259.25 152.51 497.48
ynao_sd_19800128_0150_li 6 3 3 5 0 441.33 1041.44 46.73 111.85 394.6 929.59
ynao_sd_19800129_0120_li 26 18 8 4 0 941.24 1594.68 165.71 288.8 775.53 1305.88
ynao_sd_19800130_0530_li 24 11 13 4 0 1385.85 1802.2 211.6 311.33 1174.25 1490.87
ynao_sd_19800131_0530_li 15 5 10 7 0 1319.14 1576.47 155.31 187.5 1163.83 1388.97
ynao_sd_19800201_0120_li 27 16 11 4 0 964.14 1074.92 221.96 247.58 742.18 827.34
ynao_sd_19800202_0125_li 36 23 13 8 0 1177.76 1275.71 273.3 302.74 904.46 972.97
ynao_sd_19800203_0120_li 26 17 9 5 0 1036.19 1292.61 285.88 465.73 750.31 826.88
ynao_sd_19800204_0105_hong 29 20 9 6 0 1133.14 1480.62 270.75 324.12 862.39 1156.5
ynao_sd_19800205_0100_hong 19 14 5 5 0 1036.44 1412.61 191.29 252.56 845.15 1160.05
ynao_sd_19800206_0630_hong 20 7 13 6 0 968.9 1517.27 213.52 296.5 755.38 1220.77
ynao_sd_19800207_0040_hong 44 31 13 7 0 1036.57 1784.9 322.67 461.03 713.9 1323.87
ynao_sd_19800208_0200_hong 41 25 16 7 0 1227.9 2028.62 298.2 436.04 929.7 1592.58
ynao_sd_19800209_0510_hong 13 4 9 6 0 787.11 1067.47 121.84 161.54 665.27 905.93
ynao_sd_19800210_0100_hong 21 12 9 7 0 723.23 1183.97 152.46 262.94 570.77 921.03
ynao_sd_19800211_0240_li 12 4 8 4 0 698.63 2183.59 90.83 258.9 607.8 1924.69
ynao_sd_19800212_0120_li 14 10 4 0 0 108.6 187.27 145.91 264.44 37.31 77.17
ynao_sd_19800213_0130_li 25 19 6 2 0 1450.39 2250.67 262.39 414.78 1188.0 1835.89
ynao_sd_19800214_0130_li 28 22 6 4 0 1341.68 1901.42 189.22 292.13 1152.46 1609.29
ynao_sd_19800215_0230_li 33 28 5 2 0 1118.11 1430.34 249.2 288.02 868.91 1142.32
ynao_sd_19800216_0140_li 18 15 3 1 0 950.6 991.04 191.93 203.22 758.67 787.82
ynao_sd_19800217_0300_li 22 17 5 2 0 1060.07 1151.75 250.49 274.95 809.58 876.8
ynao_sd_19800218_0220_li 15 10 5 2 0 916.15 1099.39 184.55 231.55 731.6 867.84
ynao_sd_19800219_0110_hong 21 14 7 2 0 829.46 1113.95 214.63 286.45 614.83 827.5
ynao_sd_19800220_0045_hong 14 7 7 2 0 841.24 1263.61 145.55 224.86 695.69 1038.75
ynao_sd_19800221_0040_hong 17 9 8 4 0 636.59 1137.54 109.34 183.07 527.25 954.47
ynao_sd_19800222_0040_hong 20 11 9 6 0 657.72 1171.98 114.73 181.05 542.99 990.93
ynao_sd_19800223_0110_hong 20 8 12 6 0 437.06 470.31 88.23 95.05 348.83 375.26
ynao_sd_19800224_0110_hong 23 12 11 5 0 648.07 677.45 171.7 180.21 476.37 497.24
ynao_sd_19800225_0100_wang 23 10 13 4 0 1199.19 2046.69 130.09 141.97 1069.1 1904.72
ynao_sd_19800226_0100_wang 22 14 8 7 0 441.86 596.8 148.56 249.97 293.3 346.83
ynao_sd_19800227_0040_wang 23 20 3 3 0 354.07 606.46 132.72 221.51 221.35 384.95
ynao_sd_19800228_0040_wang 8 4 4 4 0 347.96 659.07 79.66 121.77 268.3 537.3
ynao_sd_19800229_0030_wang 15 8 7 3 0 360.24 611.86 119.4 159.1 240.84 452.76
ynao_sd_19800301_0100_wang 12 7 5 2 0 311.42 429.65 68.67 111.08 242.75 318.57
ynao_sd_19800302_0330_wang 4 1 3 2 0 231.28 266.82 42.17 67.78 189.11 199.04
ynao_sd_19800303_0050_li 6 6 0 1 0 147.82 153.97 27.54 31.65 120.28 122.32
ynao_sd_19800304_0120_li 2 1 1 1 0 156.34 175.23 29.39 44.98 126.95 130.25
ynao_sd_19800305_0130_li 6 5 1 1 0 100.46 119.56 44.27 58.16 56.19 61.4
ynao_sd_19800306_0055_li 6 5 1 1 0 110.64 146.91 46.67 67.91 63.97 79.0
ynao_sd_19800307_0055_li 2 1 1 1 0 60.27 89.56 19.01 27.05 41.26 62.51
ynao_sd_19800308_0110_li 5 3 2 2 0 105.0 175.35 38.47 59.54 66.53 115.81
ynao_sd_19800309_0050_li 4 3 1 1 0 73.51 150.54 36.9 94.03 36.61 56.51
ynao_sd_19800310_0050_hong 3 2 1 1 0 61.18 104.55 17.57 49.96 43.61 54.59
ynao_sd_19800311_0040_hong 1 0 1 1 0 74.93 84.34 14.13 15.92 60.8 68.42
ynao_sd_19800312_0030_hong 2 0 2 1 0 51.75 55.21 7.56 8.06 44.19 47.15
ynao_sd_19800313_0035_hong 1 0 1 1 0 41.41 44.4 9.45 10.13 31.96 34.27
ynao_sd_19800314_0030_hong 5 5 0 0 0 30.31 41.06 30.31 41.06 0 0
ynao_sd_19800315_0035_hong 10 10 0 0 0 52.48 63.6 52.48 63.6 0 0
ynao_sd_19800316_0120_hong 3 3 0 0 0 50.62 68.85 50.62 68.85 0 0
ynao_sd_19800317_0050_wang 1 1 0 0 0 221.45 227.16 221.45 227.16 0 0
ynao_sd_19800318_0030_wang 0 0 0 0 0 0 0 0 0 0 0
ynao_sd_19800319_0040_wang 7 4 3 2 0 576.97 983.68 42.49 102.16 534.48 881.52
ynao_sd_19800320_0050_wang 5 2 3 2 0 271.48 635.95 51.55 107.45 219.93 528.5
ynao_sd_19800321_0045_wang 11 6 5 3 0 384.58 652.58 86.65 134.99 297.93 517.59
ynao_sd_19800322_0050_wang 19 13 6 4 0 468.45 747.61 107.23 182.73 361.22 564.88
ynao_sd_19800323_0140_li 17 11 6 3 0 266.76 366.53 89.07 122.02 177.69 244.51
ynao_sd_19800324_0035_li 22 21 1 3 0 217.94 285.19 108.93 153.57 109.01 131.62
ynao_sd_19800326_0700_li 13 7 6 6 0 285.98 418.39 76.02 106.04 209.96 312.35
ynao_sd_19800327_0930_li 32 27 5 4 0 600.81 722.08 204.25 244.39 396.56 477.69
ynao_sd_19800328_0110_li 31 26 5 2 0 554.39 625.68 210.25 253.53 344.14 372.15
ynao_sd_19800329_0040_wang 69 49 20 11 0 1464.04 1893.84 394.18 508.85 1069.86 1384.99
ynao_sd_19800330_0120_hong 36 24 12 5 0 1464.5 1927.37 280.94 347.08 1183.56 1580.29
ynao_sd_19800331_0040_hong 73 50 23 12 0 1299.24 1576.4 469.22 567.0 830.02 1009.4
ynao_sd_19800401_0050_hong 34 12 22 13 0 1230.81 1528.06 235.92 297.61 994.89 1230.45
ynao_sd_19800402_0230_hong 56 37 19 7 0 1104.52 1455.84 342.77 497.18 761.75 958.66
ynao_sd_19800403_0030_hong 49 28 21 7 0 1059.4 1877.39 274.37 532.16 785.03 1345.23
ynao_sd_19800404_0035_hong 38 22 16 11 0 1268.84 2268.36 239.13 435.82 1029.71 1832.54
ynao_sd_19800405_0035_hong 55 28 27 12 0 1897.37 2988.39 405.38 614.69 1491.99 2373.7
ynao_sd_19800406_0115_hong 54 29 25 14 0 3438.65 4389.88 576.01 731.24 2862.64 3658.64
ynao_sd_19800407_0110_wang 60 30 30 16 0 4142.5 4904.61 729.45 838.0 3413.05 4066.61
ynao_sd_19800408_0040_wang 88 50 38 16 0 5580.75 6283.5 897.13 990.33 4683.62 5293.17
ynao_sd_19800409_0035_wang 91 43 48 11 0 5161.82 5930.79 1028.22 1231.74 4133.6 4699.05
ynao_sd_19800410_0040_wang 81 49 32 14 0 3829.86 4778.34 680.96 864.7 3148.9 3913.64
ynao_sd_19800411_0310_wang 67 34 33 12 0 3191.09 4674.61 603.94 896.98 2587.15 3777.63
ynao_sd_19800412_0050_wang 52 23 29 11 1 3293.58 5733.93 476.22 853.89 2817.36 4880.04
ynao_sd_19800413_0040_wang 48 27 21 9 0 1948.77 4581.89 281.3 667.0 1667.47 3914.89
ynao_sd_19800414_0100_li 23 18 5 2 0 240.34 476.72 136.98 248.17 103.36 228.55
ynao_sd_19800415_0130_li 22 20 2 2 0 215.19 461.28 142.35 211.24 72.84 250.04
ynao_sd_19800416_0650_li 21 21 0 0 0 151.5 163.36 151.5 163.36 0 0
ynao_sd_19800417_0040_li 23 23 0 0 0 120.74 129.14 120.74 129.14 0 0
ynao_sd_19800418_0120_li 9 9 0 0 0 39.29 44.67 39.29 44.67 0 0
ynao_sd_19800419_0030_li 4 4 0 0 0 22.57 27.71 22.57 27.71 0 0
ynao_sd_19800420_0055_li 3 2 1 1 0 43.74 80.25 16.58 30.12 27.16 50.13
ynao_sd_19800421_0040_hong 20 14 6 5 0 317.07 545.34 99.83 170.39 217.24 374.95
ynao_sd_19800422_0030_hong 21 17 4 3 0 250.51 424.77 116.82 161.81 133.69 262.96
ynao_sd_19800423_0030_hong 10 8 2 2 0 130.79 154.04 56.58 68.27 74.21 85.77
ynao_sd_19800424_0250_hong 4 3 1 1 0 59.73 66.84 43.97 49.03 15.76 17.81
ynao_sd_19800425_0230_hong 3 3 0 0 0 33.1 37.02 33.1 37.02 0 0
ynao_sd_19800426_0030_hong 4 4 0 0 0 27.07 49.56 27.07 49.56 0 0
ynao_sd_19800427_0110_hong 11 10 1 1 0 113.8 279.97 67.89 117.86 45.91 162.11
ynao_sd_19800428_0130_wang 6 5 1 2 0 169.02 576.3 35.57 56.51 133.45 519.79
ynao_sd_19800429_0030_wang 3 0 3 3 0 1367.9 2556.71 56.57 132.56 1311.33 2424.15
ynao_sd_19800430_0040_wang 6 5 1 1 0 450.06 810.06 93.03 183.11 357.03 626.95
ynao_sd_19800501_0025_wang 2 1 1 1 0 586.57 805.74 106.98 144.42 479.59 661.32
ynao_sd_19800502_0035_wang 9 4 5 4 0 810.2 1232.56 157.79 238.47 652.41 994.09
ynao_sd_19800503_0105_wang 13 5 8 4 0 979.8 1227.87 156.18 196.9 823.62 1030.97
ynao_sd_19800504_0030_wang 15 11 4 2 0 912.24 1015.7 180.02 213.25 732.22 802.45
ynao_sd_19800506_0310_hong 19 13 6 4 0 676.17 766.63 175.13 198.24 501.04 568.39
ynao_sd_19800507_0720_hong 8 1 7 1 0 512.09 696.54 93.43 119.92 418.66 576.62
ynao_sd_19800509_0710_hong 22 16 6 3 0 446.09 744.15 140.48 211.73 305.61 532.42
ynao_sd_19800510_0205_hong 15 13 2 2 0 303.94 592.39 107.91 165.28 196.03 427.11
ynao_sd_19800511_0110_hong 3 2 1 1 0 188.64 248.44 47.25 61.53 141.39 186.91
ynao_sd_19800512_0040_wang 3 2 1 1 0 140.51 229.06 36.13 53.7 104.38 175.36
ynao_sd_19800513_0030_wang 6 4 2 1 0 102.76 230.33 33.74 72.57 69.02 157.76
ynao_sd_19800514_0030_wang 2 2 0 0 0 12.55 32.56 12.55 32.56 0 0
ynao_sd_19800515_0035_wang 8 8 0 0 0 41.57 88.7 41.57 88.7 0 0
ynao_sd_19800516_0120_wang 8 7 1 1 0 75.46 166.29 48.03 75.93 27.43 90.36
ynao_sd_19800517_0045_wang 26 19 7 3 0 310.76 395.34 122.52 152.31 188.24 243.03
ynao_sd_19800518_0050_wang 24 17 7 6 0 644.43 819.05 155.1 173.61 489.33 645.44
ynao_sd_19800519_0650_li 15 10 5 3 0 436.19 493.66 111.9 153.83 324.29 339.83
ynao_sd_19800520_0050_li 19 12 7 4 0 446.55 540.56 129.03 169.96 317.52 370.6
ynao_sd_19800521_0230_li 17 10 7 4 0 630.62 746.54 114.89 135.39 515.73 611.15
ynao_sd_19800523_0345_wang 55 46 9 8 0 833.35 1240.43 335.34 433.52 498.01 806.91
ynao_sd_19800524_0820_li 23 16 7 6 0 766.69 996.13 145.65 172.8 621.04 823.33
ynao_sd_19800525_0250_li 37 25 12 6 0 685.66 917.73 216.27 324.44 469.39 593.29
ynao_sd_19800526_1040_hong 29 19 10 7 0 970.17 1410.68 216.11 291.93 754.06 1118.75
ynao_sd_19800527_0040_hong 35 23 12 7 0 932.4 1320.32 241.0 336.25 691.4 984.07
ynao_sd_19800528_0120_hong 25 19 6 6 0 876.47 1163.87 188.67 244.3 687.8 919.57
ynao_sd_19800529_0040_hong 26 19 7 5 0 791.14 1099.12 190.72 256.1 600.42 843.02
ynao_sd_19800530_0210_hong 22 12 10 6 0 799.82 972.06 172.58 202.5 627.24 769.56
ynao_sd_19800531_0040_hong 8 1 7 6 0 559.55 672.69 85.45 97.78 474.1 574.91
ynao_sd_19800601_0410_hong 6 3 3 3 0 475.56 585.98 92.31 123.43 383.25 462.55
ynao_sd_19800603_0055_wang 3 0 3 4 0 1378.4 2723.19 30.94 35.72 1347.46 2687.47
ynao_sd_19800604_0330_wang 5 3 2 2 0 283.58 346.86 68.61 80.15 214.97 266.71
ynao_sd_19800606_0940_wang 15 7 8 3 0 594.4 1035.62 92.45 152.43 501.95 883.19
ynao_sd_19800607_0540_hong 15 9 6 4 0 438.44 1000.39 97.38 162.21 341.06 838.18
ynao_sd_19800608_0055_li 14 13 1 1 0 98.01 231.07 78.03 199.11 19.98 31.96
ynao_sd_19800609_0100_li 9 9 0 0 0 59.07 80.76 59.07 80.76 0 0
ynao_sd_19800610_0410_li 24 22 2 2 0 260.69 353.95 129.44 148.45 131.25 205.5
ynao_sd_19800611_0130_li 23 21 2 2 0 423.13 499.28 163.22 195.7 259.91 303.58
ynao_sd_19800612_0050_li 37 33 4 2 0 625.9 749.93 241.32 290.49 384.58 459.44
ynao_sd_19800613_0050_li 34 30 4 3 0 813.53 1044.02 286.72 410.82 526.81 633.2
ynao_sd_19800614_0150_li 29 21 8 6 0 949.13 1257.73 251.35 365.37 697.78 892.36
ynao_sd_19800615_0450_li 14 7 7 3 0 1016.33 1270.4 151.5 177.37 864.83 1093.03
ynao_sd_19800616_0650_hong 41 36 5 5 0 1129.12 1489.22 355.31 586.07 773.81 903.15
ynao_sd_19800617_0250_hong 61 50 11 5 0 1106.23 1332.96 398.59 471.91 707.64 861.05
ynao_sd_19800618_0130_hong 43 35 8 5 0 941.03 1310.01 274.98 384.32 666.05 925.69
ynao_sd_19800619_0640_hong 31 25 6 5 0 787.16 1338.14 244.34 388.58 542.82 949.56
ynao_sd_19800621_0620_hong 20 16 4 5 0 475.18 545.21 155.69 181.96 319.49 363.25
ynao_sd_19800622_0310_hong 17 8 9 4 0 497.23 610.9 141.0 172.21 356.23 438.69
ynao_sd_19800623_0445_wang 20 16 4 1 0 457.46 658.57 144.63 217.36 312.83 441.21
ynao_sd_19800624_0130_wang 13 9 4 3 0 358.1 681.99 90.35 204.05 267.75 477.94
ynao_sd_19800625_1015_wang 2 1 1 2 0 274.56 623.45 39.48 103.44 235.08 520.01
ynao_sd_19800626_0040_wang 4 2 2 2 0 304.89 515.63 38.26 57.97 266.63 457.66
ynao_sd_19800627_0050_wang 5 2 3 2 0 336.31 464.07 55.72 72.27 280.59 391.8
ynao_sd_19800628_0110_wang 11 8 3 4 0 392.83 637.99 80.88 136.65 311.95 501.34
ynao_sd_19800629_0120_wang 15 13 2 2 0 347.98 532.68 79.77 153.37 268.21 379.31
ynao_sd_19800630_0230_hong 9 8 1 1 0 220.14 232.9 83.56 91.5 136.58 141.4
ynao_sd_19800701_0910_hong 8 7 1 1 0 245.86 257.95 69.33 73.67 176.53 184.28
ynao_sd_19800702_0100_hong 5 4 1 1 0 184.26 206.65 59.72 69.89 124.54 136.76
ynao_sd_19800703_0050_hong 21 17 4 2 0 270.54 310.0 120.22 132.64 150.32 177.36
ynao_sd_19800704_0740_hong 11 8 3 3 0 415.21 492.88 82.81 100.27 332.4 392.61
ynao_sd_19800705_0540_hong 22 13 9 4 0 547.27 1014.15 179.55 271.12 367.72 743.03
ynao_sd_19800706_0520_hong 27 18 9 3 0 623.09 1291.06 194.99 355.68 428.1 935.38
ynao_sd_19800707_0110_wang 33 26 7 3 0 636.21 1112.08 179.24 293.46 456.97 818.62
ynao_sd_19800708_0830_wang 25 7 18 5 0 1136.87 2109.91 167.24 313.89 969.63 1796.02
ynao_sd_19800709_0330_wang 20 10 10 6 0 1052.09 2340.28 196.74 473.5 855.35 1866.78
ynao_sd_19800710_0100_wang 10 6 4 5 0 768.54 1544.41 97.49 184.16 671.05 1360.25
ynao_sd_19800711_0230_wang 19 15 4 3 0 849.56 1171.22 230.73 333.45 618.83 837.77
ynao_sd_19800713_0110_wang 23 16 7 5 0 948.89 1077.52 211.46 246.18 737.43 831.34
ynao_sd_19800714_0200_wang 23 14 9 5 0 1027.76 1309.77 159.41 180.24 868.35 1129.53
ynao_sd_19800715_0040_li 14 6 8 4 0 811.1 996.18 100.95 133.55 710.15 862.63
ynao_sd_19800717_0740_li 19 14 5 4 0 615.05 808.39 133.73 179.64 481.32 628.75
ynao_sd_19800719_0800_li 18 12 6 5 0 643.33 804.6 169.18 203.86 474.15 600.74
ynao_sd_19800720_0450_li 16 12 4 3 0 505.92 632.64 139.32 163.41 366.6 469.23
ynao_sd_19800721_0300_hong 40 34 6 6 0 535.99 723.36 232.34 271.92 303.65 451.44
ynao_sd_19800722_0210_hong 32 22 10 5 0 567.09 638.01 189.77 207.07 377.32 430.94
ynao_sd_19800723_0150_hong 20 15 5 4 0 337.01 558.7 139.93 297.15 197.08 261.55
ynao_sd_19800725_0310_hong 17 11 6 4 0 350.67 653.87 102.89 151.55 247.78 502.32
ynao_sd_19800726_0050_hong 20 7 13 6 0 434.17 625.96 96.44 127.03 337.73 498.93
ynao_sd_19800727_0040_hong 27 23 4 2 0 421.44 597.81 218.83 336.1 202.61 261.71
ynao_sd_19800728_0500_wang 24 18 6 3 0 487.81 779.67 169.59 384.02 318.22 395.65
ynao_sd_19800729_0120_wang 15 12 3 3 0 348.26 437.28 117.03 160.58 231.23 276.7
ynao_sd_19800731_0315_wang 7 7 0 1 0 616.98 684.53 52.11 116.53 564.87 568.0
ynao_sd_19800801_0510_wang 9 8 1 1 0 524.68 1242.27 61.9 81.6 462.78 1160.67
ynao_sd_19800802_0130_wang 5 5 0 0 0 30.49 43.84 30.49 43.84 0 0
ynao_sd_19800803_0220_wang 7 6 1 1 0 567.75 780.39 36.59 43.62 531.16 736.77
ynao_sd_19800804_0705_li 3 3 0 0 0 14.53 21.32 14.53 21.32 0 0
ynao_sd_19800805_0015_li 2 2 0 0 0 36.63 69.18 36.63 69.18 0 0
ynao_sd_19800806_0150_wang 14 12 2 1 0 131.96 342.55 107.52 276.36 24.44 66.19
ynao_sd_19800807_0920_li 4 2 2 1 0 151.64 160.39 27.47 29.35 124.17 131.04
ynao_sd_19800809_0820_li 14 12 2 2 0 320.92 364.88 126.4 154.88 194.52 210.0
ynao_sd_19800810_0530_li 15 9 6 4 0 621.87 654.2 111.24 128.43 510.63 525.77
ynao_sd_19800811_0400_hong 35 22 13 5 0 1012.77 1236.84 238.98 339.12 773.79 897.72
ynao_sd_19800814_0350_hong 48 35 13 9 0 1153.67 1335.12 313.22 358.67 840.45 976.45
ynao_sd_19800817_0520_hong 67 55 12 7 0 1135.39 1527.44 423.84 516.19 711.55 1011.25
ynao_sd_19800818_1010_li 51 37 14 6 0 1041.79 1365.25 343.55 428.07 698.24 937.18
ynao_sd_19800819_0650_li 50 40 10 7 0 1112.31 1343.87 305.64 380.85 806.67 963.02
ynao_sd_19800820_0530_li 35 31 4 3 0 912.47 1102.71 295.32 431.64 617.15 671.07
ynao_sd_19800821_0110_li 35 29 6 5 0 522.01 1042.87 257.82 368.72 264.19 674.15
ynao_sd_19800822_0045_li 25 19 6 5 0 1101.46 1387.38 175.62 218.17 925.84 1169.21
ynao_sd_19800823_0150_li 26 21 5 4 0 1082.74 1332.42 238.08 285.55 844.66 1046.87
ynao_sd_19800824_0820_li 24 12 12 5 0 1128.77 1421.68 214.98 276.52 913.79 1145.16
ynao_sd_19800825_0120_wang 37 22 15 10 0 1376.27 1950.7 259.28 418.04 1116.99 1532.66
ynao_sd_19800826_0150_wang 34 22 12 6 0 1354.96 2164.06 202.13 359.84 1152.83 1804.22
ynao_sd_19800827_0025_wang 18 12 6 6 0 666.59 1143.16 125.6 150.6 540.99 992.56
ynao_sd_19800828_0300_wang 21 17 4 3 0 256.52 314.93 120.71 185.83 135.81 129.1
ynao_sd_19800829_0100_wang 46 42 4 4 0 637.14 999.13 294.74 417.61 342.4 581.52
ynao_sd_19800830_0045_wang 46 28 18 6 0 1160.61 1602.48 250.58 323.29 910.03 1279.19
ynao_sd_19800831_0030_wang 34 14 20 8 0 1963.65 2362.47 339.51 413.69 1624.14 1948.78
ynao_sd_19800901_0100_hong 31 11 20 7 0 2029.62 2324.28 380.55 460.93 1649.07 1863.35
ynao_sd_19800902_0830_wang 55 39 16 12 0 2329.98 3140.57 493.58 679.84 1836.4 2460.73
ynao_sd_19800903_0110_hong 73 41 32 12 0 2865.87 3990.55 715.69 996.25 2150.18 2994.3
ynao_sd_19800904_0300_hong 78 41 37 17 0 3066.29 3919.8 641.57 858.9 2424.72 3060.9
ynao_sd_19800905_0030_hong 69 40 29 19 0 2784.53 3437.5 624.46 798.52 2160.07 2638.98
ynao_sd_19800906_0040_hong 73 54 19 12 0 2363.42 2869.48 585.99 685.04 1777.43 2184.44
ynao_sd_19800907_0140_hong 59 39 20 14 0 1887.58 2470.75 409.68 548.55 1477.9 1922.2
ynao_sd_19800908_0240_wang 55 43 12 9 0 1551.49 2063.9 420.35 548.75 1131.14 1515.15
ynao_sd_19800909_0220_wang 44 30 14 10 0 1395.47 2426.07 358.6 662.51 1036.87 1763.56
ynao_sd_19800910_0320_wang 36 29 7 6 0 2094.48 2919.81 342.95 529.52 1751.53 2390.29
ynao_sd_19800911_0040_wang 40 33 7 7 0 1436.46 2192.03 387.54 656.19 1048.92 1535.84
ynao_sd_19800912_0040_wang 47 40 7 6 0 1162.71 1459.36 330.17 413.01 832.54 1046.35
ynao_sd_19800913_0230_wang 39 33 6 8 0 1553.6 1850.13 335.71 419.24 1217.89 1430.89
ynao_sd_19800914_0050_wang 21 18 3 5 0 956.94 1116.16 201.89 207.16 755.05 909.0
ynao_sd_19800915_0045_wang 11 9 2 1 0 831.68 851.37 108.2 114.36 723.48 737.01
ynao_sd_19800916_0200_hong 23 21 2 1 0 793.04 870.27 265.62 296.34 527.42 573.93
ynao_sd_19800917_0110_hong 15 14 1 1 0 654.54 799.08 222.6 267.54 431.94 531.54
ynao_sd_19800918_0100_hong 13 12 1 1 0 474.13 697.05 135.75 192.56 338.38 504.49
ynao_sd_19800922_0340_wang 28 24 4 2 0 463.83 488.14 177.2 195.11 286.63 293.03
ynao_sd_19800923_0520_wang 68 57 11 6 0 1307.59 1578.54 451.78 673.48 855.81 905.06
ynao_sd_19800926_0520_wang 43 32 11 7 0 1269.82 2159.39 292.03 459.26 977.79 1700.13
ynao_sd_19800927_0340_wang 39 29 10 8 0 923.15 2421.46 324.5 1030.68 598.65 1390.78
ynao_sd_19800930_0630_hong 40 29 11 6 0 916.85 1268.48 305.97 416.7 610.88 851.78
ynao_sd_19801001_0805_wang 34 24 10 7 0 866.9 1004.05 216.63 247.81 650.27 756.24
ynao_sd_19801003_0810_hong 46 41 5 3 0 370.15 421.95 249.87 300.51 120.28 121.44
ynao_sd_19801004_0820_hong 30 24 6 5 0 344.63 392.06 152.29 196.93 192.34 195.13
ynao_sd_19801005_0100_wang 38 34 4 2 0 322.82 751.04 174.93 287.8 147.89 463.24
ynao_sd_19801006_0200_wang 47 35 12 5 0 1528.47 2981.4 268.88 499.01 1259.59 2482.39
ynao_sd_19801007_0230_wang 37 25 12 8 0 1661.13 3836.46 260.66 427.78 1400.47 3408.68
ynao_sd_19801008_0840_hong 55 39 16 10 0 1769.35 2471.19 425.01 601.83 1344.34 1869.36
ynao_sd_19801009_0800_wang 52 38 14 6 1 1794.72 2129.07 394.36 527.94 1400.36 1601.13
ynao_sd_19801010_0100_wang 90 74 16 8 0 1697.04 1806.74 522.83 563.46 1174.21 1243.28
ynao_sd_19801011_0045_wang 78 56 22 11 0 2079.26 2194.79 541.13 602.98 1538.13 1591.81
ynao_sd_19801012_0110_wang 65 39 26 11 0 2274.15 2403.92 468.39 497.96 1805.76 1905.96
ynao_sd_19801013_0050_hong 65 38 27 17 0 2703.21 3269.9 549.93 677.88 2153.28 2592.02
ynao_sd_19801014_0330_hong 97 64 33 14 0 3071.9 4424.02 694.46 985.26 2377.44 3438.76
ynao_sd_19801015_0140_hong 47 26 21 11 0 1863.98 3529.78 369.97 646.42 1494.01 2883.36
ynao_sd_19801016_0110_hong 21 12 9 7 0 1066.3 2849.97 186.06 483.17 880.24 2366.8
ynao_sd_19801017_0100_hong 12 6 6 4 0 382.88 816.83 127.79 356.67 255.09 460.16
ynao_sd_19801018_0110_hong 8 6 2 1 0 264.47 271.82 66.51 73.82 197.96 198.0
ynao_sd_19801021_0410_wang 28 22 6 2 0 910.87 1145.33 131.04 146.18 779.83 999.15
ynao_sd_19801023_0510_wang 27 21 6 2 0 499.9 606.3 194.28 230.81 305.62 375.49
ynao_sd_19801024_0030_wang 18 14 4 3 0 935.4 1142.58 104.31 158.94 831.09 983.64
ynao_sd_19801025_0800_wang 16 10 6 3 0 342.55 668.65 119.45 232.49 223.1 436.16
ynao_sd_19801026_0310_wang 16 13 3 3 0 261.85 516.67 84.3 155.97 177.55 360.7
ynao_sd_19801027_0220_hong 13 10 3 4 0 216.3 277.03 65.59 92.25 150.71 184.78
ynao_sd_19801028_0050_hong 44 35 9 7 0 431.19 550.86 198.53 245.95 232.66 304.91
ynao_sd_19801029_0130_hong 44 39 5 6 0 711.74 893.54 299.19 402.09 412.55 491.45
ynao_sd_19801030_0430_hong 56 49 7 7 0 847.84 977.31 363.17 448.68 484.67 528.63
ynao_sd_19801031_0100_hong 72 55 17 11 0 1630.9 4451.15 477.7 723.28 1153.2 3727.87
ynao_sd_19801101_0040_hong 49 30 19 14 0 2176.84 3410.82 393.65 550.91 1783.19 2859.91
ynao_sd_19801102_0220_hong 83 57 26 14 0 3055.0 4571.09 658.22 910.55 2396.78 3660.54
ynao_sd_19801103_0340_wang 82 60 22 12 0 3723.21 4644.39 740.28 916.86 2982.93 3727.53
ynao_sd_19801104_0150_wang 107 80 27 13 0 4118.14 4694.45 953.42 1128.31 3164.72 3566.14
ynao_sd_19801105_0040_wang 122 94 28 13 0 4351.16 5122.93 1035.29 1109.97 3315.87 4012.96
ynao_sd_19801106_0055_wang 53 34 19 9 0 4380.71 4774.89 670.83 713.66 3709.88 4061.23
ynao_sd_19801107_0030_wang 98 70 28 10 0 3727.35 4026.29 875.93 958.04 2851.42 3068.25
ynao_sd_19801108_0210_wang 60 42 18 9 1 3122.18 3783.14 510.21 631.14 2611.97 3152.0
ynao_sd_19801109_0350_wang 27 12 15 9 0 2311.93 3289.06 286.67 401.59 2025.26 2887.47
ynao_sd_19801110_0120_hong 27 15 12 6 0 905.67 1549.75 233.91 387.93 671.76 1161.82
ynao_sd_19801111_0130_hong 22 14 8 4 0 926.2 1921.1 209.08 532.43 717.12 1388.67
ynao_sd_19801112_0145_hong 12 5 7 3 0 490.89 1371.48 90.57 256.51 400.32 1114.97
ynao_sd_19801113_0540_hong 11 10 1 1 0 140.24 204.77 60.15 93.63 80.09 111.14
ynao_sd_19801114_0250_hong 14 13 1 1 0 154.15 208.14 81.17 120.13 72.98 88.01
ynao_sd_19801115_0340_hong 20 18 2 2 0 184.44 222.76 109.35 133.7 75.09 89.06
ynao_sd_19801116_0050_hong 17 9 8 7 0 511.69 1234.58 106.41 199.25 405.28 1035.33
ynao_sd_19801117_0040_wang 62 53 9 7 0 815.31 1761.63 371.49 624.66 443.82 1136.97
ynao_sd_19801118_0350_wang 48 40 8 6 0 912.63 1524.51 294.92 458.32 617.71 1066.19
ynao_sd_19801119_0240_wang 77 66 11 6 0 2002.11 2529.21 459.08 600.19 1543.03 1929.02
ynao_sd_19801120_0110_hong 59 42 17 6 0 1219.86 1456.42 415.8 489.3 804.06 967.12
ynao_sd_19801121_0040_hong 80 72 8 5 0 1004.36 1104.48 468.82 534.11 535.54 570.37
ynao_sd_19801122_0105_wang 64 56 8 4 0 830.27 884.52 352.59 399.29 477.68 485.23
ynao_sd_19801123_0050_wang 47 42 5 6 0 715.08 770.4 300.85 331.93 414.23 438.47
ynao_sd_19801124_0050_hong 44 38 6 5 0 653.2 765.6 293.87 356.18 359.33 409.42
ynao_sd_19801125_0040_hong 29 23 6 4 0 454.18 710.53 185.17 280.47 269.01 430.06
ynao_sd_19801126_0030_hong 36 30 6 6 0 499.78 1126.22 217.21 441.57 282.57 684.65
ynao_sd_19801127_0040_hong 23 15 8 7 0 496.13 1294.29 130.4 275.39 365.73 1018.9
ynao_sd_19801128_0030_hong 33 25 8 7 0 714.21 1223.16 223.91 384.96 490.3 838.2
ynao_sd_19801129_0140_hong 51 41 10 7 0 1212.83 1573.58 372.31 427.16 840.52 1146.42
ynao_sd_19801130_0110_hong 56 47 9 9 0 1523.58 1780.01 548.75 649.44 974.83 1130.57
ynao_sd_19801201_0100_wang 56 42 14 7 0 1676.15 2083.2 419.49 540.68 1256.66 1542.52
ynao_sd_19801202_0110_wang 50 40 10 6 0 1587.11 2350.56 470.4 647.52 1116.71 1703.04
ynao_sd_19801203_0110_wang 18 10 8 5 0 1027.12 1922.0 171.35 300.29 855.77 1621.71
ynao_sd_19801204_0110_wang 18 13 5 6 0 798.18 1749.98 146.58 204.52 651.6 1545.46
ynao_sd_19801205_0230_wang 15 9 6 4 0 459.33 629.87 85.46 111.67 373.87 518.2
ynao_sd_19801206_0115_wang 10 5 5 4 0 275.15 453.7 56.53 89.45 218.62 364.25
ynao_sd_19801207_0115_wang 1 0 1 2 0 114.28 161.34 13.53 14.81 100.75 146.53
ynao_sd_19801208_0150_hong 6 5 1 1 0 99.5 134.43 46.11 73.68 53.39 60.75
ynao_sd_19801210_0220_hong 18 17 1 1 0 176.48 238.71 111.72 155.87 64.76 82.84
ynao_sd_19801211_0230_hong 28 21 7 6 0 791.07 1126.03 226.09 287.01 564.98 839.02
ynao_sd_19801213_0320_hong 54 24 30 12 0 3008.22 4934.45 527.9 808.66 2480.32 4125.79
ynao_sd_19801214_0120_hong 58 25 33 11 0 3467.83 4938.76 648.32 945.49 2819.51 3993.27
ynao_sd_19801215_0140_wang 91 59 32 13 0 4045.76 5188.67 731.22 950.24 3314.54 4238.43
ynao_sd_19801216_0140_wang 96 65 31 9 0 4217.14 5119.29 757.41 931.52 3459.73 4187.77
ynao_sd_19801217_0110_wang 88 60 28 12 0 3788.62 4813.51 676.06 842.48 3112.56 3971.03
ynao_sd_19801218_0215_wang 108 79 29 13 0 2807.51 3568.51 654.73 852.93 2152.78 2715.58
ynao_sd_19801221_0410_wang 45 34 11 7 0 1437.86 2027.05 330.84 431.78 1107.02 1595.27
ynao_sd_19801222_0640_hong 54 32 22 10 0 1717.43 2511.83 389.66 545.6 1327.77 1966.23
ynao_sd_19801223_0240_hong 39 26 13 10 0 1649.26 2417.76 369.86 534.09 1279.4 1883.67
ynao_sd_19801224_0110_hong 36 20 16 11 0 1433.54 2011.54 278.59 390.82 1154.95 1620.72
ynao_sd_19801225_0030_hong 29 12 17 13 0 1642.05 2166.87 323.72 485.39 1318.33 1681.48
ynao_sd_19801226_0250_hong 36 18 18 10 0 1541.9 1947.8 360.1 464.33 1181.8 1483.47
ynao_sd_19801227_0040_hong 34 19 15 10 0 1374.15 1860.14 308.2 413.33 1065.95 1446.81
ynao_sd_19801228_0140_hong 25 13 12 8 0 1130.07 1898.35 249.51 364.18 880.56 1534.17
ynao_sd_19801229_0110_wang 39 29 10 8 0 1048.44 1715.19 267.21 361.39 781.23 1353.8
ynao_sd_19801230_0115_wang 50 40 10 7 0 918.3 1259.7 283.25 345.09 635.05 914.61
ynao_sd_19801231_0105_wang 29 19 10 8 0 1561.8 3830.5 208.45 277.8 1353.35 3552.7
