ynao_sd_19810101_0405_wang 37 30 7 7 0 1507.06 2085.97 241.57 346.38 1265.49 1739.59
ynao_sd_19810102_0305_wang 39 30 9 4 0 747.94 1019.22 251.28 398.51 496.66 620.71
ynao_sd_19810103_0230_hong 42 33 9 6 0 798.54 1112.17 341.06 482.34 457.48 629.83
ynao_sd_19810104_0345_wang 38 36 2 3 0 687.28 869.34 278.3 438.39 408.98 430.95
ynao_sd_19810105_0050_hong 20 15 5 4 0 580.24 704.25 191.37 263.78 388.87 440.47
ynao_sd_19810106_0100_hong 16 10 6 4 0 569.47 927.14 157.51 306.21 411.96 620.93
ynao_sd_19810107_0030_hong 14 7 7 5 0 439.91 1007.37 108.24 257.74 331.67 749.63
ynao_sd_19810108_0930_hong 13 7 6 4 0 285.94 658.47 83.38 169.84 202.56 488.63
ynao_sd_19810109_0610_hong 18 12 6 5 0 318.84 629.71 102.23 187.09 216.61 442.62
ynao_sd_19810110_0310_hong 27 19 8 7 0 417.62 569.55 161.52 203.57 256.1 365.98
ynao_sd_19810112_0500_wang 14 12 2 1 0 225.4 248.83 79.41 89.85 145.99 158.98
ynao_sd_19810113_0600_wang 28 28 0 1 0 178.74 195.65 142.73 158.9 36.01 36.75
ynao_sd_19810114_0445_wang 47 47 0 0 0 217.26 285.33 217.26 285.33 0 0
ynao_sd_19810115_0215_wang 38 37 1 1 0 208.32 304.82 179.9 257.85 28.42 46.97
ynao_sd_19810116_0205_wang 35 33 2 1 0 272.98 431.42 209.8 349.01 63.18 82.41
ynao_sd_19810117_0100_wang 29 25 4 4 0 283.12 420.95 136.54 175.86 146.58 245.09
ynao_sd_19810118_0130_wang 19 15 4 4 0 245.56 309.02 114.0 152.01 131.56 157.01
ynao_sd_19810119_0040_hong 30 26 4 4 0 281.92 573.82 165.67 234.74 116.25 339.08
ynao_sd_19810120_0100_hong 25 24 1 1 0 164.94 178.03 136.53 148.53 28.41 29.5
ynao_sd_19810121_0140_hong 20 18 2 2 0 215.05 297.89 166.63 213.56 48.42 84.33
ynao_sd_19810122_0050_hong 14 11 3 3 0 178.22 214.44 86.9 107.13 91.32 107.31
ynao_sd_19810123_0400_hong 30 29 1 2 0 232.43 283.56 170.24 214.41 62.19 69.15
ynao_sd_19810124_0100_hong 22 21 1 1 0 165.27 187.03 134.2 153.17 31.07 33.86
ynao_sd_19810125_0120_hong 4 3 1 1 0 41.65 47.89 22.96 25.37 18.69 22.52
ynao_sd_19810126_0120_wang 13 7 6 2 0 210.99 221.87 90.24 96.18 120.75 125.69
ynao_sd_19810127_0105_wang 15 11 4 3 0 273.51 479.3 92.92 139.69 180.59 339.61
ynao_sd_19810128_0115_wang 25 19 6 3 0 410.23 896.74 131.3 226.58 278.93 670.16
ynao_sd_19810129_0130_wang 15 10 5 2 0 462.86 845.4 112.03 219.1 350.83 626.3
ynao_sd_19810130_0125_wang 15 8 7 3 0 802.03 1635.73 129.38 253.38 672.65 1382.35
ynao_sd_19810131_0100_wang 15 9 6 4 0 1073.08 1665.86 153.72 232.61 919.36 1433.25
ynao_sd_19810201_0120_wang 18 12 6 5 0 1184.73 1566.85 237.56 317.62 947.17 1249.23
ynao_sd_19810202_0200_hong 10 5 5 4 0 1004.07 1191.55 245.58 290.7 758.49 900.85
ynao_sd_19810203_0050_hong 15 9 6 5 0 1046.62 1407.51 229.43 284.28 817.19 1123.23
ynao_sd_19810204_0040_hong 17 9 8 4 0 1079.46 1633.18 282.49 536.84 796.97 1096.34
ynao_sd_19810205_0100_li 8 2 6 4 0 895.84 1247.48 160.89 214.24 734.95 1033.24
ynao_sd_19810207_0110_hong 28 18 10 8 0 1554.41 2444.45 302.22 470.54 1252.19 1973.91
ynao_sd_19810208_0105_hong 34 19 15 10 0 1739.63 2502.01 364.53 516.03 1375.1 1985.98
ynao_sd_19810209_0120_wang 56 37 19 7 0 2642.71 3429.62 415.28 549.08 2227.43 2880.54
ynao_sd_19810210_0100_wang 61 45 16 5 0 2103.59 2717.97 414.45 544.78 1689.14 2173.19
ynao_sd_19810213_0115_wang 81 60 21 12 0 2480.54 3438.97 659.88 958.96 1820.66 2480.01
ynao_sd_19810214_0115_wang 93 71 22 12 0 2651.43 3576.88 680.11 935.74 1971.32 2641.14
ynao_sd_19810215_0110_wang 83 64 19 12 0 2491.38 3451.11 632.12 866.5 1859.26 2584.61
ynao_sd_19810216_0030_hong 76 57 19 10 0 2052.75 3011.43 629.47 847.95 1423.28 2163.48
ynao_sd_19810217_0040_hong 56 40 16 12 0 1905.29 2567.48 474.6 702.82 1430.69 1864.66
ynao_sd_19810218_0040_hong 80 52 28 14 0 2187.24 2481.4 609.85 708.37 1577.39 1773.03
ynao_sd_19810219_0030_hong 74 55 19 13 1 1689.35 2038.42 549.44 668.65 1139.91 1369.77
ynao_sd_19810220_0050_hong 53 37 16 11 0 1481.93 2020.48 425.3 566.08 1056.63 1454.4
ynao_sd_19810221_0040_hong 32 23 9 10 0 1185.28 1785.92 284.0 378.07 901.28 1407.85
ynao_sd_19810222_0100_hong 40 18 22 10 0 1823.19 2602.65 446.68 598.62 1376.51 2004.03
ynao_sd_19810223_0050_wang 35 23 12 7 1 2267.31 2672.55 406.93 492.12 1860.38 2180.43
ynao_sd_19810224_0100_wang 29 10 19 5 0 2689.68 3622.32 457.19 605.48 2232.49 3016.84
ynao_sd_19810225_0130_wang 17 8 9 4 0 2058.29 3206.78 274.8 434.12 1783.49 2772.66
ynao_sd_19810226_0055_wang 25 19 6 3 0 1560.96 3207.95 300.05 570.17 1260.91 2637.78
ynao_sd_19810227_0105_wang 26 16 10 3 0 894.89 2804.36 169.03 395.64 725.86 2408.72
ynao_sd_19810228_0120_wang 6 5 1 1 0 671.87 2198.31 65.61 167.06 606.26 2031.25
ynao_sd_19810301_0200_wang 12 11 1 1 0 130.05 397.22 87.16 208.44 42.89 188.78
ynao_sd_19810302_0310_hong 17 14 3 3 0 320.51 624.12 166.9 343.44 153.61 280.68
ynao_sd_19810303_0110_hong 21 16 5 4 0 363.3 681.68 121.98 233.24 241.32 448.44
ynao_sd_19810304_0100_hong 12 6 6 4 0 457.26 1032.62 87.28 189.38 369.98 843.24
ynao_sd_19810305_0050_hong 13 6 7 4 0 729.97 1146.12 132.8 227.52 597.17 918.6
ynao_sd_19810306_0040_hong 23 18 5 4 0 716.26 955.58 215.04 286.82 501.22 668.76
ynao_sd_19810307_0200_hong 16 12 4 3 0 774.94 974.89 160.02 222.62 614.92 752.27
ynao_sd_19810308_0210_wang 27 24 3 3 0 812.11 999.98 231.13 334.56 580.98 665.42
ynao_sd_19810309_0835_li 38 28 10 5 0 1059.49 1277.34 266.9 335.16 792.59 942.18
ynao_sd_19810310_0205_li 41 30 11 6 0 1159.68 1358.72 262.18 303.52 897.5 1055.2
ynao_sd_19810311_0030_li 49 38 11 7 0 1234.9 1447.8 333.96 372.15 900.94 1075.65
ynao_sd_19810312_0050_li 39 27 12 8 0 989.4 1133.32 302.85 329.76 686.55 803.56
ynao_sd_19810313_0150_li 37 26 11 6 0 961.39 1184.18 266.73 357.28 694.66 826.9
ynao_sd_19810314_0215_li 42 30 12 8 0 1150.77 1644.79 292.63 401.72 858.14 1243.07
ynao_sd_19810315_0120_li 34 24 10 7 0 1065.88 1826.23 267.48 471.01 798.4 1355.22
ynao_sd_19810316_0040_li 20 11 9 7 0 685.1 1376.64 193.54 401.52 491.56 975.12
ynao_sd_19810317_0105_wang 44 30 14 9 0 999.52 2093.18 286.63 565.3 712.89 1527.88
ynao_sd_19810318_0255_wang 48 45 3 8 0 799.8 1360.35 298.78 581.59 501.02 778.76
ynao_sd_19810319_0040_wang 48 39 9 12 0 1187.73 2145.09 310.7 450.75 877.03 1694.34
ynao_sd_19810320_0100_wang 65 53 12 9 0 1406.71 2336.62 455.31 720.45 951.4 1616.17
ynao_sd_19810321_0100_wang 71 55 16 7 0 2103.46 2831.67 512.48 696.14 1590.98 2135.53
ynao_sd_19810322_0105_wang 68 47 21 8 0 2456.0 3054.4 525.34 643.91 1930.66 2410.49
ynao_sd_19810323_0050_hong 65 40 25 11 0 2435.52 3143.47 497.27 626.67 1938.25 2516.8
ynao_sd_19810324_0100_hong 65 46 19 8 0 2460.13 3387.79 552.04 774.35 1908.09 2613.44
ynao_sd_19810325_0050_hong 49 29 20 8 0 2289.18 3236.15 458.01 657.87 1831.17 2578.28
ynao_sd_19810326_0140_hong 51 31 20 9 0 2281.85 2835.97 414.14 536.38 1867.71 2299.59
ynao_sd_19810327_0040_hong 40 23 17 10 0 1771.8 2246.29 371.62 482.15 1400.18 1764.14
ynao_sd_19810328_0150_hong 36 23 13 9 0 1245.2 1917.34 313.06 486.23 932.14 1431.11
ynao_sd_19810329_0100_hong 28 20 8 4 0 799.81 1659.04 211.04 435.78 588.77 1223.26
ynao_sd_19810330_0050_li 28 23 5 4 0 485.45 1172.54 202.36 406.02 283.09 766.52
ynao_sd_19810331_0110_li 33 29 4 4 0 438.19 799.48 197.68 310.25 240.51 489.23
ynao_sd_19810401_0120_li 25 18 7 6 0 524.76 809.46 175.07 246.35 349.69 563.11
ynao_sd_19810402_0105_wang 60 49 11 9 0 994.77 1667.58 363.28 557.66 631.49 1109.92
ynao_sd_19810403_0055_wang 46 40 6 8 0 1643.98 3876.39 327.73 478.88 1316.25 3397.51
ynao_sd_19810404_0055_wang 48 42 6 8 0 1178.64 2066.02 363.51 536.28 815.13 1529.74
ynao_sd_19810405_0040_wang 85 73 12 8 0 1612.7 2536.01 555.4 930.02 1057.3 1605.99
ynao_sd_19810406_0040_hong 74 46 28 13 0 2226.27 3098.13 538.7 736.89 1687.57 2361.24
ynao_sd_19810407_0030_hong 89 55 34 10 0 2906.48 3659.77 657.45 828.47 2249.03 2831.3
ynao_sd_19810408_0050_hong 102 71 31 12 0 3145.03 4384.8 706.72 847.82 2438.31 3536.98
ynao_sd_19810409_0215_wang 173 133 40 19 0 4853.63 6966.39 1198.47 1742.09 3655.16 5224.3
ynao_sd_19810410_0105_wang 139 95 44 23 1 4404.03 6613.74 958.68 1365.21 3445.35 5248.53
ynao_sd_19810411_0620_wang 169 126 43 24 0 4628.51 6673.59 1128.68 1582.47 3499.83 5091.12
ynao_sd_19810412_0130_wang 161 131 30 12 0 3679.96 5123.7 1047.5 1469.56 2632.46 3654.14
ynao_sd_19810413_0315_wang 158 126 32 16 0 3804.8 5221.26 940.97 1370.29 2863.83 3850.97
ynao_sd_19810414_0420_wang 104 73 31 16 0 3817.03 6320.41 687.17 1019.38 3129.86 5301.03
ynao_sd_19810415_0045_li 90 64 26 13 0 2704.13 3562.23 637.82 1012.05 2066.31 2550.18
ynao_sd_19810416_0050_li 101 84 17 12 0 2074.68 2766.54 761.42 1191.86 1313.26 1574.68
ynao_sd_19810417_0110_li 104 85 19 17 0 1892.74 2522.83 721.46 932.24 1171.28 1590.59
ynao_sd_19810418_0150_li 106 85 21 12 0 1829.48 2560.09 860.26 1135.44 969.22 1424.65
ynao_sd_19810419_0035_li 100 81 19 13 0 1501.63 2353.53 638.6 910.07 863.03 1443.46
ynao_sd_19810420_0115_li 104 93 11 6 0 1025.61 1623.26 711.72 1102.13 313.89 521.13
ynao_sd_19810421_0030_li 57 43 14 10 0 605.15 737.95 335.43 498.8 269.72 239.15
ynao_sd_19810422_0730_hong 63 41 22 3 0 1480.22 1714.33 417.59 504.02 1062.63 1210.31
ynao_sd_19810423_0110_hong 53 35 18 3 1 1616.23 1988.3 400.23 506.9 1216.0 1481.4
ynao_sd_19810424_0030_hong 47 26 21 9 0 2127.07 3657.04 489.01 905.81 1638.06 2751.23
ynao_sd_19810425_0040_hong 68 44 24 5 0 1921.77 3626.16 468.45 895.15 1453.32 2731.01
ynao_sd_19810426_0120_hong 59 33 26 11 0 1631.13 3865.36 381.06 823.68 1250.07 3041.68
ynao_sd_19810427_0035_wang 53 43 10 8 0 1191.74 1654.75 274.49 403.7 917.25 1251.05
ynao_sd_19810428_0035_wang 42 36 6 4 0 689.15 945.13 256.91 313.53 432.24 631.6
ynao_sd_19810429_0055_wang 51 45 6 4 0 833.52 1156.68 341.46 561.71 492.06 594.97
ynao_sd_19810430_0055_wang 42 36 6 6 0 1083.7 1741.34 341.73 554.36 741.97 1186.98
ynao_sd_19810501_0115_wang 62 51 11 8 0 2450.41 3167.03 398.81 542.1 2051.6 2624.93
ynao_sd_19810502_0110_wang 77 64 13 11 0 1693.16 2257.04 511.72 681.23 1181.44 1575.81
ynao_sd_19810503_0630_wang 67 49 18 10 0 2584.63 2979.81 475.14 586.92 2109.49 2392.89
ynao_sd_19810505_0130_li 79 66 13 6 0 1484.68 1839.12 545.82 774.44 938.86 1064.68
ynao_sd_19810506_0040_li 101 82 19 13 0 1857.09 2851.03 632.6 875.14 1224.49 1975.89
ynao_sd_19810507_0045_li 91 67 24 16 0 2247.87 3250.29 643.18 854.64 1604.69 2395.65
ynao_sd_19810508_0135_li 89 70 19 15 0 1965.22 2744.92 704.92 941.91 1260.3 1803.01
ynao_sd_19810509_0045_li 86 70 16 9 0 1908.98 2575.26 579.43 808.86 1329.55 1766.4
ynao_sd_19810510_0500_li 53 34 19 8 0 1939.33 2359.25 437.98 574.44 1501.35 1784.81
ynao_sd_19810511_0330_hong 123 81 42 11 0 3092.19 4448.92 665.02 996.79 2427.17 3452.13
ynao_sd_19810512_0040_hong 118 64 54 23 0 3543.03 7051.24 638.67 1057.89 2904.36 5993.35
ynao_sd_19810513_0030_hong 120 74 46 19 0 2797.67 4291.94 719.73 1086.83 2077.94 3205.11
ynao_sd_19810514_0130_hong 121 79 42 25 0 3025.31 4049.12 819.89 1092.07 2205.42 2957.05
ynao_sd_19810515_0330_hong 123 92 31 20 0 2840.46 3477.51 787.79 1001.1 2052.67 2476.41
ynao_sd_19810516_0340_hong 126 83 43 20 1 2246.41 2592.79 703.3 835.45 1543.11 1757.34
ynao_sd_19810517_0540_hong 103 73 30 21 0 2190.37 2458.1 615.46 707.87 1574.91 1750.23
ynao_sd_19810518_0200_wang 91 72 19 14 0 1780.15 1973.63 560.49 619.57 1219.66 1354.06
ynao_sd_19810521_0630_wang 15 11 4 4 0 517.41 924.96 132.53 307.86 384.88 617.1
ynao_sd_19810522_0725_wang 33 29 4 3 0 474.95 1147.26 212.07 470.72 262.88 676.54
ynao_sd_19810524_0550_wang 48 44 4 3 0 721.81 1057.2 283.61 501.49 438.2 555.71
ynao_sd_19810525_0350_li 46 40 6 5 0 534.55 622.32 262.3 312.92 272.25 309.4
ynao_sd_19810527_0705_li 57 42 15 7 0 876.51 982.36 333.86 358.34 542.65 624.02
ynao_sd_19810528_0130_li 48 37 11 9 0 824.18 946.15 320.27 369.88 503.91 576.27
ynao_sd_19810529_0200_li 44 33 11 4 0 605.37 738.61 237.06 297.26 368.31 441.35
ynao_sd_19810530_0035_wang 61 51 10 6 0 1587.87 2403.26 306.1 418.65 1281.77 1984.61
ynao_sd_19810531_0310_wang 46 41 5 3 0 649.45 976.78 261.46 404.6 387.99 572.18
ynao_sd_19810601_0200_wang 22 19 3 3 0 453.6 773.92 174.01 267.85 279.59 506.07
ynao_sd_19810602_0305_wang 30 23 7 4 0 357.28 502.23 171.67 218.37 185.61 283.86
ynao_sd_19810607_0330_hong 15 14 1 1 0 155.54 313.77 87.46 156.27 68.08 157.5
ynao_sd_19810608_0250_hong 9 8 1 2 0 146.26 233.85 61.17 94.98 85.09 138.87
ynao_sd_19810609_0310_hong 19 16 3 3 0 238.12 341.51 95.82 152.73 142.3 188.78
ynao_sd_19810610_0040_hong 25 22 3 2 0 195.59 222.49 124.8 141.27 70.79 81.22
ynao_sd_19810611_0640_hong 20 17 3 2 0 232.45 247.04 113.33 123.7 119.12 123.34
ynao_sd_19810613_0030_hong 21 19 2 2 0 199.17 239.08 127.54 164.76 71.63 74.32
ynao_sd_19810614_0120_hong 29 27 2 1 0 165.28 215.89 142.05 189.96 23.23 25.93
ynao_sd_19810615_0030_li 37 35 2 1 0 209.16 291.12 174.03 244.84 35.13 46.28
ynao_sd_19810616_0050_li 43 42 1 1 0 287.12 334.63 232.26 272.66 54.86 61.97
ynao_sd_19810617_0050_hong 28 26 2 2 0 190.92 231.71 125.93 155.2 64.99 76.51
ynao_sd_19810618_0210_li 18 17 1 1 0 104.26 140.93 82.56 119.1 21.7 21.83
ynao_sd_19810619_0350_li 18 18 0 0 0 85.37 147.58 85.37 147.58 0 0
ynao_sd_19810620_0030_li 12 12 0 0 0 68.65 163.6 68.65 163.6 0 0
ynao_sd_19810621_0140_li 17 10 7 1 0 363.64 691.13 114.55 220.21 249.09 470.92
ynao_sd_19810622_0300_hong 38 13 25 2 0 1059.77 1536.9 230.81 337.71 828.96 1199.19
ynao_sd_19810623_0320_hong 55 31 24 6 0 1410.28 1761.68 348.47 467.8 1061.81 1293.88
ynao_sd_19810624_0210_hong 44 15 29 9 0 1555.19 2114.62 319.72 486.89 1235.47 1627.73
ynao_sd_19810625_0220_hong 88 50 38 12 0 2095.56 2479.09 534.99 651.33 1560.57 1827.76
ynao_sd_19810626_0240_hong 90 66 24 10 0 1462.03 1691.25 501.62 634.72 960.41 1056.53
ynao_sd_19810629_0110_li 53 44 9 5 0 777.02 1113.02 310.84 453.27 466.18 659.75
ynao_sd_19810630_0250_li 25 19 6 4 0 486.54 812.59 157.51 258.72 329.03 553.87
ynao_sd_19810701_0250_li 8 6 2 2 0 206.09 334.0 83.93 202.4 122.16 131.6
ynao_sd_19810702_0055_li 7 5 2 1 0 132.33 141.78 39.1 45.31 93.23 96.47
ynao_sd_19810703_0330_li 9 7 2 1 0 140.21 175.5 55.07 86.54 85.14 88.96
ynao_sd_19810705_0020_li 13 11 2 1 0 117.65 150.58 64.7 85.57 52.95 65.01
ynao_sd_19810706_0320_hong 8 6 2 1 0 85.13 152.94 39.6 84.91 45.53 68.03
ynao_sd_19810707_0030_hong 11 11 0 0 0 76.88 200.32 76.88 200.32 0 0
ynao_sd_19810708_0040_hong 3 2 1 1 0 76.63 208.63 18.59 45.02 58.04 163.61
ynao_sd_19810709_0030_hong 4 3 1 1 0 83.82 161.86 25.58 49.5 58.24 112.36
ynao_sd_19810710_0150_hong 8 7 1 1 0 97.23 146.52 35.2 57.49 62.03 89.03
ynao_sd_19810711_0140_hong 23 21 2 1 0 166.85 212.47 105.56 138.31 61.29 74.16
ynao_sd_19810712_0530_hong 44 38 6 4 0 425.55 508.43 246.19 299.27 179.36 209.16
ynao_sd_19810713_0200_li 30 27 3 3 0 196.12 245.78 138.39 186.41 57.73 59.37
ynao_sd_19810718_0830_li 13 10 3 2 0 278.43 412.59 92.31 128.5 186.12 284.09
ynao_sd_19810719_0340_li 33 26 7 3 0 501.07 638.65 212.85 256.79 288.22 381.86
ynao_sd_19810720_0130_wang 58 41 17 4 0 1179.34 1355.92 374.55 445.05 804.79 910.87
ynao_sd_19810721_0045_wang 53 34 19 5 0 1702.39 1844.77 391.55 419.07 1310.84 1425.7
ynao_sd_19810722_0055_wang 45 21 24 5 0 1647.41 1698.79 362.9 391.78 1284.51 1307.01
ynao_sd_19810723_1045_wang 41 24 17 7 0 1848.34 2000.08 333.5 374.48 1514.84 1625.6
ynao_sd_19810724_0050_wang 48 31 17 4 0 1510.42 1711.46 336.34 404.29 1174.08 1307.17
ynao_sd_19810725_0100_wang 41 22 19 3 0 1416.44 1826.78 271.57 363.13 1144.87 1463.65
ynao_sd_19810726_0445_wang 27 16 11 4 0 2188.98 2940.75 191.21 313.79 1997.77 2626.96
ynao_sd_19810727_0250_hong 27 19 8 5 0 484.01 986.39 172.1 322.3 311.91 664.09
ynao_sd_19810728_0110_hong 29 24 5 2 0 284.82 625.69 175.54 361.74 109.28 263.95
ynao_sd_19810729_0320_hong 27 21 6 3 0 382.78 502.61 153.83 203.65 228.95 298.96
ynao_sd_19810730_0305_hong 46 40 6 3 0 515.17 630.08 292.17 360.71 223.0 269.37
ynao_sd_19810731_0250_hong 56 50 6 4 0 568.88 664.05 295.7 351.59 273.18 312.46
ynao_sd_19810801_0240_hong 60 43 17 9 0 983.91 1116.79 326.67 370.55 657.24 746.24
ynao_sd_19810802_0110_hong 51 41 10 8 0 940.68 1072.46 327.6 369.07 613.08 703.39
ynao_sd_19810803_0150_li 64 54 10 7 0 781.56 963.19 373.4 478.43 408.16 484.76
ynao_sd_19810804_0100_li 41 27 14 9 0 994.6 1399.44 277.26 368.1 717.34 1031.34
ynao_sd_19810805_0010_li 47 34 13 9 0 1158.2 1704.94 284.28 384.23 873.92 1320.71
ynao_sd_19810806_0030_li 26 19 7 4 0 821.11 1302.07 222.12 414.43 598.99 887.64
ynao_sd_19810807_0115_li 12 8 4 2 0 689.45 1056.15 110.25 230.23 579.2 825.92
ynao_sd_19810808_0025_li 7 1 6 3 0 681.33 1034.68 78.25 126.93 603.08 907.75
ynao_sd_19810809_0020_li 9 5 4 3 0 743.35 851.15 112.58 138.58 630.77 712.57
ynao_sd_19810810_0100_wang 18 14 4 2 0 860.73 928.96 176.08 202.52 684.65 726.44
ynao_sd_19810811_0630_li 9 5 4 2 0 672.14 753.1 130.96 158.82 541.18 594.28
ynao_sd_19810812_0305_wang 14 9 5 4 0 678.29 828.59 153.36 203.77 524.93 624.82
ynao_sd_19810813_0150_wang 8 6 2 2 0 415.22 595.29 90.14 121.26 325.08 474.03
ynao_sd_19810814_0210_wang 10 8 2 1 0 321.39 619.15 108.6 181.62 212.79 437.53
ynao_sd_19810815_0150_wang 5 4 1 1 0 134.28 393.99 44.25 95.05 90.03 298.94
ynao_sd_19810816_0140_wang 8 8 0 0 0 35.85 42.91 35.85 42.91 0 0
ynao_sd_19810817_0150_hong 6 6 0 0 0 27.59 60.54 27.59 60.54 0 0
ynao_sd_19810818_0330_hong 1 1 0 0 0 5.71 5.82 5.71 5.82 0 0
ynao_sd_19810819_0050_hong 13 13 0 0 0 81.06 116.64 81.06 116.64 0 0
ynao_sd_19810820_0040_hong 23 23 0 1 0 209.67 357.43 172.15 276.0 37.52 81.43
ynao_sd_19810821_0600_wang 44 41 3 2 0 338.27 792.28 237.82 462.34 100.45 329.94
ynao_sd_19810822_0540_wang 30 21 9 7 0 506.96 884.67 215.23 332.07 291.73 552.6
ynao_sd_19810823_0200_wang 56 47 9 7 0 577.33 1210.03 282.79 471.19 294.54 738.84
ynao_sd_19810824_0040_li 51 43 8 4 0 634.19 1357.05 368.2 766.75 265.99 590.3
ynao_sd_19810825_0030_li 92 80 12 8 0 1051.42 1833.22 527.0 786.77 524.42 1046.45
ynao_sd_19810827_0330_li 117 95 22 12 0 1685.21 2099.09 639.13 810.11 1046.08 1288.98
ynao_sd_19810828_0250_wang 136 112 24 11 0 2205.14 2855.16 820.8 1074.03 1384.34 1781.13
ynao_sd_19810829_0600_li 123 103 20 10 0 1571.67 1975.03 651.41 754.12 920.26 1220.91
ynao_sd_19810830_0220_li 78 63 15 8 0 1117.26 1400.51 439.01 537.32 678.25 863.19
ynao_sd_19810831_0200_wang 106 88 18 11 0 1472.55 1861.09 585.45 745.57 887.1 1115.52
ynao_sd_19810901_0055_wang 88 75 13 8 0 1276.87 1677.8 548.01 718.11 728.86 959.69
ynao_sd_19810902_0110_wang 74 65 9 6 0 1171.75 1505.48 468.93 633.25 702.82 872.23
ynao_sd_19810903_0040_wang 42 34 8 7 0 880.28 1216.99 270.92 375.03 609.36 841.96
ynao_sd_19810904_0155_wang 18 14 4 3 0 679.92 892.24 172.46 261.12 507.46 631.12
ynao_sd_19810905_0320_wang 51 32 19 7 0 1308.6 2830.44 322.23 730.15 986.37 2100.29
ynao_sd_19810906_0040_wang 88 60 28 9 0 3577.01 5521.89 580.96 969.76 2996.05 4552.13
ynao_sd_19810907_0040_hong 104 70 34 16 0 2884.35 3894.31 751.36 1020.06 2132.99 2874.25
ynao_sd_19810908_0530_hong 119 64 55 16 0 3629.86 4216.38 915.78 1071.38 2714.08 3145.0
ynao_sd_19810909_0310_hong 110 83 27 11 0 3203.87 3484.44 927.29 1006.87 2276.58 2477.57
ynao_sd_19810910_0320_hong 104 76 28 14 0 3424.25 3889.0 927.77 1012.49 2496.48 2876.51
ynao_sd_19810911_0220_hong 109 68 41 11 0 3322.42 4035.56 945.65 1120.12 2376.77 2915.44
ynao_sd_19810912_0050_hong 96 69 27 10 1 3407.83 4153.37 889.99 1131.49 2517.84 3021.88
ynao_sd_19810913_0240_hong 78 43 35 13 1 4264.86 6514.05 786.21 1059.54 3478.65 5454.51
ynao_sd_19810914_0040_li 68 46 22 10 0 2206.26 3246.47 648.97 911.85 1557.29 2334.62
ynao_sd_19810915_0740_li 64 24 40 8 0 2572.34 3779.67 532.89 811.79 2039.45 2967.88
ynao_sd_19810916_0540_li 59 28 31 8 0 2042.12 2920.34 409.06 760.75 1633.06 2159.59
ynao_sd_19810917_0200_li 48 30 18 7 0 1955.98 2424.46 436.65 623.02 1519.33 1801.44
ynao_sd_19810919_0220_li 58 41 17 9 0 1923.9 2414.97 481.98 612.37 1441.92 1802.6
ynao_sd_19810920_0320_li 57 40 17 10 0 1661.27 2158.93 403.52 501.44 1257.75 1657.49
ynao_sd_19810921_0350_wang 60 43 17 11 0 1424.87 2114.76 420.98 591.03 1003.89 1523.73
ynao_sd_19810922_0050_wang 60 49 11 8 0 1070.6 1738.3 339.79 494.77 730.81 1243.53
ynao_sd_19810923_0340_wang 62 55 7 4 0 717.02 1132.56 320.57 549.47 396.45 583.09
ynao_sd_19810924_0025_wang 46 38 8 2 0 496.36 606.99 253.71 330.51 242.65 276.48
ynao_sd_19810925_0040_wang 30 28 2 3 0 1041.09 2023.16 160.15 252.25 880.94 1770.91
ynao_sd_19810926_0055_wang 38 36 2 1 0 220.87 327.75 199.98 285.51 20.89 42.24
ynao_sd_19810927_0040_wang 48 41 7 5 0 490.31 672.85 248.19 313.37 242.12 359.48
ynao_sd_19810928_0040_hong 96 71 25 10 0 1231.18 1507.83 462.19 573.66 768.99 934.17
ynao_sd_19810929_0050_hong 77 64 13 5 0 1291.37 1416.44 468.04 559.31 823.33 857.13
ynao_sd_19810930_0140_hong 62 43 19 7 0 1314.45 1439.12 462.72 511.87 851.73 927.25
ynao_sd_19811001_0100_wang 82 65 17 8 0 1166.66 1662.66 443.58 543.13 723.08 1119.53
ynao_sd_19811002_0230_hong 88 63 25 16 0 1466.07 2208.6 548.0 744.45 918.07 1464.15
ynao_sd_19811003_0250_li 74 64 10 5 0 699.25 959.82 414.91 520.85 284.34 438.97
ynao_sd_19811004_0120_hong 52 40 12 5 0 764.46 1004.5 294.13 407.84 470.33 596.66
ynao_sd_19811005_0340_wang 78 70 8 4 0 1316.63 1637.12 425.95 493.62 890.68 1143.5
ynao_sd_19811006_0050_wang 50 39 11 6 0 1940.37 3192.99 340.66 395.98 1599.71 2797.01
ynao_sd_19811007_0045_wang 50 40 10 5 0 1167.14 1544.26 345.93 448.87 821.21 1095.39
ynao_sd_19811011_0615_wang 14 12 2 2 0 433.79 623.28 123.24 178.99 310.55 444.29
ynao_sd_19811012_0115_wang 20 17 3 3 0 1780.85 3478.36 161.12 208.54 1619.73 3269.82
ynao_sd_19811013_0350_hong 17 9 8 4 0 681.73 837.79 168.67 196.01 513.06 641.78
ynao_sd_19811014_0310_hong 20 16 4 3 0 718.38 862.94 208.22 287.99 510.16 574.95
ynao_sd_19811015_0040_hong 19 13 6 4 0 677.58 884.58 192.68 269.49 484.9 615.09
ynao_sd_19811016_0110_hong 14 10 4 2 0 548.12 754.81 143.87 198.04 404.25 556.77
ynao_sd_19811017_0320_hong 15 12 3 3 0 511.85 831.42 142.44 214.98 369.41 616.44
ynao_sd_19811018_0520_hong 11 10 1 1 0 375.4 513.48 118.95 157.71 256.45 355.77
ynao_sd_19811019_0730_li 13 12 1 1 0 273.25 489.78 78.19 131.73 195.06 358.05
ynao_sd_19811020_0050_li 18 17 1 1 0 239.59 423.25 146.17 190.28 93.42 232.97
ynao_sd_19811021_0115_li 12 11 1 1 0 125.72 339.29 94.2 204.25 31.52 135.04
ynao_sd_19811022_0100_li 12 10 2 2 0 165.85 317.8 84.5 123.49 81.35 194.31
ynao_sd_19811024_0520_li 18 13 5 3 0 282.87 560.8 84.42 189.4 198.45 371.4
ynao_sd_19811025_0410_li 16 10 6 3 0 443.14 846.11 97.41 154.93 345.73 691.18
ynao_sd_19811026_0115_wang 19 13 6 3 0 687.9 1224.02 178.01 376.26 509.89 847.76
ynao_sd_19811027_0105_wang 14 7 7 2 0 587.34 803.04 117.09 217.07 470.25 585.97
ynao_sd_19811029_0500_wang 47 41 6 3 0 981.9 1276.16 284.08 377.31 697.82 898.85
ynao_sd_19811030_0055_wang 42 33 9 5 0 1020.24 1284.41 304.62 384.09 715.62 900.32
ynao_sd_19811031_0055_wang 61 53 8 5 0 1960.02 2422.18 464.69 617.37 1495.33 1804.81
ynao_sd_19811101_0105_wang 46 39 7 5 0 1394.65 1661.32 396.85 507.75 997.8 1153.57
ynao_sd_19811102_0250_hong 49 42 7 5 0 1269.49 1536.23 394.5 558.39 874.99 977.84
ynao_sd_19811103_0320_hong 55 47 8 6 0 1347.34 1619.94 459.04 588.92 888.3 1031.02
ynao_sd_19811104_0105_li 30 22 8 4 0 901.28 1118.28 249.55 315.45 651.73 802.83
ynao_sd_19811105_0050_li 38 32 6 4 0 710.63 983.91 222.92 301.28 487.71 682.63
ynao_sd_19811106_0140_li 25 18 7 3 0 499.88 826.1 168.22 282.95 331.66 543.15
ynao_sd_19811110_0240_li 39 29 10 6 0 987.52 1288.94 319.96 375.62 667.56 913.32
ynao_sd_19811111_0530_li 60 46 14 7 0 1229.63 1382.39 343.66 361.58 885.97 1020.81
ynao_sd_19811112_0250_li 72 57 15 11 0 1531.69 1683.82 475.51 504.67 1056.18 1179.15
ynao_sd_19811113_0155_wang 74 53 21 11 0 1966.05 2152.21 573.9 628.82 1392.15 1523.39
ynao_sd_19811114_0110_wang 72 56 16 6 0 1934.77 2287.05 545.24 661.02 1389.53 1626.03
ynao_sd_19811116_0350_wang 31 22 9 5 0 981.06 1666.55 278.47 456.38 702.59 1210.17
ynao_sd_19811117_0105_wang 32 27 5 5 0 2499.88 4113.15 219.73 425.26 2280.15 3687.89
ynao_sd_19811118_0105_wang 23 20 3 3 0 1470.48 1925.01 146.73 296.5 1323.75 1628.51
ynao_sd_19811120_0200_wang 16 10 6 2 0 420.85 628.93 91.25 135.48 329.6 493.45
ynao_sd_19811122_0115_wang 17 10 7 1 0 428.52 515.3 96.21 160.63 332.31 354.67
ynao_sd_19811123_0330_hong 15 9 6 1 0 334.22 436.03 116.04 178.35 218.18 257.68
ynao_sd_19811124_0120_hong 11 6 5 1 0 228.14 321.25 75.77 108.23 152.37 213.02
ynao_sd_19811125_0040_hong 24 21 3 1 0 223.06 348.32 151.34 212.01 71.72 136.31
ynao_sd_19811126_0050_hong 31 27 4 3 0 213.22 311.46 134.65 185.96 78.57 125.5
ynao_sd_19811127_0040_hong 34 23 11 3 0 1601.58 1664.32 191.19 200.77 1410.39 1463.55
ynao_sd_19811128_0210_hong 42 26 16 8 0 800.87 822.75 215.52 222.62 585.35 600.13
ynao_sd_19811129_0120_hong 70 52 18 5 0 1235.29 1356.25 421.6 469.81 813.69 886.44
ynao_sd_19811202_0650_li 54 40 14 7 0 1135.32 2003.27 360.95 613.92 774.37 1389.35
ynao_sd_19811203_0710_li 67 48 19 12 0 1195.73 2308.37 431.37 742.17 764.36 1566.2
ynao_sd_19811204_0050_li 71 60 11 8 0 1044.52 1753.68 444.27 773.84 600.25 979.84
ynao_sd_19811205_0420_li 66 47 19 10 0 1439.21 2182.47 486.86 741.35 952.35 1441.12
ynao_sd_19811206_0200_li 79 53 26 13 0 2025.94 2720.14 513.81 664.07 1512.13 2056.07
ynao_sd_19811207_0715_wang 111 80 31 11 0 5147.16 6643.81 837.27 987.02 4309.89 5656.79
ynao_sd_19811208_0135_wang 128 87 41 13 0 4402.19 4863.25 864.35 967.41 3537.84 3895.84
ynao_sd_19811209_0120_wang 137 90 47 18 0 4663.65 5037.09 926.32 1012.34 3737.33 4024.75
ynao_sd_19811210_0520_wang 134 91 43 19 0 4375.48 4979.71 937.0 1084.42 3438.48 3895.29
ynao_sd_19811211_0210_wang 121 85 36 15 0 3786.32 4788.31 830.23 1084.57 2956.09 3703.74
ynao_sd_19811212_0140_wang 92 66 26 16 0 2607.12 3962.29 620.27 921.73 1986.85 3040.56
ynao_sd_19811213_0050_wang 57 44 13 11 0 1451.82 2427.62 367.37 665.28 1084.45 1762.34
ynao_sd_19811217_0105_hong 12 8 4 3 0 172.71 232.58 82.34 94.2 90.37 138.38
ynao_sd_19811220_0610_hong 4 3 1 1 0 296.17 506.56 105.08 168.98 191.09 337.58
ynao_sd_19811222_0700_li 5 4 1 1 0 319.24 385.88 47.74 68.21 271.5 317.67
ynao_sd_19811223_0300_li 10 9 1 1 0 363.75 414.2 79.02 106.6 284.73 307.6
ynao_sd_19811224_0120_li 20 14 6 2 0 608.75 715.34 164.34 206.67 444.41 508.67
ynao_sd_19811225_0105_li 20 11 9 4 0 607.44 681.08 123.8 150.89 483.64 530.19
ynao_sd_19811226_0300_li 31 26 5 4 0 539.19 598.52 190.73 216.15 348.46 382.37
ynao_sd_19811227_0100_li 19 17 2 2 0 458.94 562.59 189.9 237.54 269.04 325.05
ynao_sd_19811228_0105_wang 35 31 4 4 0 413.25 538.91 185.54 228.85 227.71 310.06
ynao_sd_19811229_0105_wang 28 23 5 5 0 616.84 938.92 199.25 304.27 417.59 634.65
ynao_sd_19811230_0050_wang 41 28 13 8 0 1584.18 4113.64 239.41 404.77 1344.77 3708.87
ynao_sd_19811231_0325_wang 36 29 7 5 0 864.28 1148.36 218.69 336.8 645.59 811.56
