ynao_sd_19820101_0155_wang 27 18 9 7 0 840.32 1204.02 192.17 272.14 648.15 931.88
ynao_sd_19820102_0110_wang 44 35 9 6 0 515.34 673.52 239.52 335.34 275.82 338.18
ynao_sd_19820103_0050_wang 47 43 4 6 0 1737.12 3191.76 247.09 296.97 1490.03 2894.79
ynao_sd_19820104_0050_hong 53 43 10 8 0 645.38 744.84 333.22 406.71 312.16 338.13
ynao_sd_19820105_0100_hong 49 44 5 3 0 429.24 497.1 334.29 394.79 94.95 102.31
ynao_sd_19820106_0305_hong 47 35 12 6 0 636.51 717.83 251.34 294.98 385.17 422.85
ynao_sd_19820107_0640_hong 39 31 8 6 0 605.7 775.3 222.12 282.68 383.58 492.62
ynao_sd_19820108_0140_hong 39 28 11 10 0 590.44 899.65 222.15 319.89 368.29 579.76
ynao_sd_19820109_0150_hong 34 25 9 7 0 572.57 1208.49 188.07 368.21 384.5 840.28
ynao_sd_19820110_0120_hong 10 4 6 2 0 217.26 827.35 56.31 194.23 160.95 633.12
ynao_sd_19820111_0105_wang 0 0 0 0 0 0 0 0 0 0 0
ynao_sd_19820112_0050_wang 0 0 0 0 0 0 0 0 0 0 0
ynao_sd_19820113_0050_wang 1 1 0 0 0 6.61 17.57 6.61 17.57 0 0
ynao_sd_19820114_0145_wang 3 3 0 0 0 16.75 21.99 16.75 21.99 0 0
ynao_sd_19820115_0050_wang 18 18 0 1 0 176.48 307.71 117.71 247.64 58.77 60.07
ynao_sd_19820117_0430_wang 26 17 9 5 0 953.83 1071.24 194.09 227.51 759.74 843.73
ynao_sd_19820119_0140_li 14 9 5 3 0 634.33 835.15 100.11 122.18 534.22 712.97
ynao_sd_19820120_0130_li 16 12 4 4 0 471.58 705.6 155.05 214.37 316.53 491.23
ynao_sd_19820121_0130_li 16 12 4 2 0 288.85 579.07 131.25 232.95 157.6 346.12
ynao_sd_19820122_0135_li 20 18 2 2 0 183.57 253.53 125.98 154.31 57.59 99.22
ynao_sd_19820123_0110_li 24 22 2 2 0 194.77 226.14 130.58 147.37 64.19 78.77
ynao_sd_19820124_0130_li 11 7 4 3 0 1415.77 1577.77 59.53 72.6 1356.24 1505.17
ynao_sd_19820125_0110_li 25 24 1 1 0 200.81 428.64 153.4 314.86 47.41 113.78
ynao_sd_19820126_0150_hong 51 42 9 6 0 659.3 1374.25 296.79 543.0 362.51 831.25
ynao_sd_19820127_0200_hong 46 32 14 5 0 992.2 1828.72 300.26 464.34 691.94 1364.38
ynao_sd_19820128_0110_hong 46 36 10 7 0 1120.63 2205.83 321.65 584.65 798.98 1621.18
ynao_sd_19820129_0105_hong 65 54 11 7 0 1175.53 1725.57 407.0 556.39 768.53 1169.18
ynao_sd_19820130_0110_hong 76 53 23 16 0 1789.84 2269.17 481.7 627.0 1308.14 1642.17
ynao_sd_19820131_0120_hong 108 88 20 14 0 2046.5 2372.55 709.22 837.96 1337.28 1534.59
ynao_sd_19820201_0115_wang 107 83 24 11 0 2273.32 2503.81 672.41 758.04 1600.91 1745.77
ynao_sd_19820202_0115_wang 81 66 15 12 0 4184.56 4679.38 574.79 642.57 3609.77 4036.81
ynao_sd_19820203_0110_wang 71 56 15 10 0 3016.55 4133.17 518.11 692.01 2498.44 3441.16
ynao_sd_19820204_0115_wang 41 30 11 6 0 1627.35 2149.1 301.22 367.58 1326.13 1781.52
ynao_sd_19820205_0120_wang 46 34 12 10 0 3090.12 4324.16 292.76 413.47 2797.36 3910.69
ynao_sd_19820206_0710_wang 7 4 3 3 0 288.98 654.07 69.84 147.32 219.14 506.75
ynao_sd_19820207_0100_wang 24 15 9 4 0 582.78 978.5 175.6 294.31 407.18 684.19
ynao_sd_19820208_0230_wang 15 9 6 4 0 741.02 1703.85 161.46 459.88 579.56 1243.97
ynao_sd_19820209_0220_wang 20 12 8 6 0 1348.89 3701.45 161.21 341.04 1187.68 3360.41
ynao_sd_19820211_0410_wang 5 2 3 4 0 2348.27 2951.21 82.09 102.11 2266.18 2849.1
ynao_sd_19820212_0140_wang 7 3 4 3 0 808.88 1490.2 129.7 233.3 679.18 1256.9
ynao_sd_19820213_0100_wang 24 11 13 5 0 2118.5 3559.17 252.3 510.28 1866.2 3048.89
ynao_sd_19820214_0550_li 21 9 12 7 0 1473.87 2165.74 239.35 354.83 1234.52 1810.91
ynao_sd_19820216_0110_li 30 18 12 6 0 2542.23 3112.52 350.58 480.85 2191.65 2631.67
ynao_sd_19820217_0220_li 48 34 14 7 0 2293.99 2669.26 487.15 629.57 1806.84 2039.69
ynao_sd_19820218_0240_li 46 32 14 6 0 2298.21 2574.03 492.51 615.12 1805.7 1958.91
ynao_sd_19820219_0130_li 39 21 18 12 0 2860.53 3744.7 719.09 1092.82 2141.44 2651.88
ynao_sd_19820220_0120_li 53 29 24 9 0 2122.59 2466.11 441.94 539.94 1680.65 1926.17
ynao_sd_19820221_0105_li 57 37 20 11 0 1933.99 2570.24 469.04 616.49 1464.95 1953.75
ynao_sd_19820222_0140_hong 54 33 21 8 0 1645.93 2643.96 371.29 549.21 1274.64 2094.75
ynao_sd_19820223_0045_hong 30 19 11 7 0 770.69 1564.68 188.59 290.65 582.1 1274.03
ynao_sd_19820224_0050_hong 40 37 3 3 0 479.34 1279.43 292.04 625.46 187.3 653.97
ynao_sd_19820225_0040_hong 43 32 11 6 0 682.6 1737.03 292.66 568.19 389.94 1168.84
ynao_sd_19820226_0050_hong 63 47 16 5 0 1003.25 1907.11 375.6 643.25 627.65 1263.86
ynao_sd_19820227_0100_hong 56 43 13 3 0 1267.35 1942.71 424.52 647.74 842.83 1294.97
ynao_sd_19820228_0110_hong 55 42 13 3 1 1699.81 2199.76 457.3 585.4 1242.51 1614.36
ynao_sd_19820301_0105_wang 73 53 20 9 0 2553.21 2890.85 484.96 563.76 2068.25 2327.09
ynao_sd_19820302_0045_wang 59 42 17 8 0 2881.94 3193.22 508.93 560.54 2373.01 2632.68
ynao_sd_19820303_0045_wang 54 47 7 6 1 1602.84 1763.92 458.29 509.85 1144.55 1254.07
ynao_sd_19820304_0350_wang 32 27 5 4 0 2069.15 2406.37 323.41 386.69 1745.74 2019.68
ynao_sd_19820305_0055_wang 34 28 6 3 0 1414.84 2148.72 278.84 403.14 1136.0 1745.58
ynao_sd_19820306_0100_wang 33 25 8 7 0 2133.21 3969.2 332.26 624.51 1800.95 3344.69
ynao_sd_19820307_0100_wang 17 8 9 6 0 1375.75 2782.44 173.69 354.07 1202.06 2428.37
ynao_sd_19820308_0040_wang 30 24 6 3 0 960.89 1533.85 240.1 423.64 720.79 1110.21
ynao_sd_19820309_0050_hong 37 28 9 5 0 1084.34 1448.52 267.39 358.25 816.95 1090.27
ynao_sd_19820310_0100_hong 33 22 11 4 0 1162.16 1962.62 283.02 426.52 879.14 1536.1
ynao_sd_19820311_0040_hong 26 15 11 4 0 1467.65 2237.91 268.99 406.1 1198.66 1831.81
ynao_sd_19820312_0100_hong 54 42 12 5 0 1852.12 2687.91 495.1 843.99 1357.02 1843.92
ynao_sd_19820313_0040_hong 72 52 20 10 1 2265.55 2878.1 621.55 806.09 1644.0 2072.01
ynao_sd_19820314_0640_hong 50 31 19 14 0 2077.69 2503.87 447.08 562.63 1630.61 1941.24
ynao_sd_19820315_0035_wang 83 59 24 11 0 3544.29 4735.87 650.3 816.49 2893.99 3919.38
ynao_sd_19820316_0045_wang 67 46 21 12 0 2636.62 3254.43 516.44 685.79 2120.18 2568.64
ynao_sd_19820317_0055_wang 81 65 16 10 0 2745.9 3530.97 726.56 960.57 2019.34 2570.4
ynao_sd_19820318_0050_wang 71 60 11 9 0 2748.38 3857.75 714.48 971.89 2033.9 2885.86
ynao_sd_19820319_0050_wang 59 40 19 9 0 2724.55 3607.13 684.33 905.23 2040.22 2701.9
ynao_sd_19820320_0050_wang 56 46 10 8 0 3141.61 5622.32 513.88 696.0 2627.73 4926.32
ynao_sd_19820321_0045_wang 51 43 8 6 0 2301.38 3358.32 565.36 863.73 1736.02 2494.59
ynao_sd_19820322_0040_hong 36 25 11 7 0 1996.35 2971.34 506.59 763.69 1489.76 2207.65
ynao_sd_19820323_0030_hong 37 23 14 10 0 2098.79 4047.66 536.83 890.57 1561.96 3157.09
ynao_sd_19820324_0040_hong 43 27 16 6 0 2400.1 4298.36 581.19 1058.18 1818.91 3240.18
ynao_sd_19820325_0030_hong 50 25 25 9 0 2956.95 4390.89 623.79 940.49 2333.16 3450.4
ynao_sd_19820326_0045_hong 52 33 19 5 0 3018.82 3974.3 748.49 994.03 2270.33 2980.27
ynao_sd_19820327_0150_hong 80 57 23 5 1 3352.89 4351.85 929.3 1253.12 2423.59 3098.73
ynao_sd_19820328_0200_hong 57 33 24 6 0 3921.61 6936.2 653.91 882.44 3267.7 6053.76
ynao_sd_19820329_0100_li 58 38 20 5 0 2207.43 2687.01 671.88 801.7 1535.55 1885.31
ynao_sd_19820330_0135_li 58 42 16 3 0 2112.37 2330.08 561.87 660.03 1550.5 1670.05
ynao_sd_19820331_0200_li 58 44 14 2 0 2198.89 2610.89 574.81 700.43 1624.08 1910.46
ynao_sd_19820401_0220_li 44 28 16 5 0 1499.65 2035.22 388.27 544.02 1111.38 1491.2
ynao_sd_19820404_0050_li 27 20 7 5 0 2188.61 6498.18 264.88 599.36 1923.73 5898.82
ynao_sd_19820405_0810_wang 22 17 5 6 0 1497.56 2520.62 148.77 199.08 1348.79 2321.54
ynao_sd_19820406_0130_wang 22 19 3 5 0 507.26 638.4 185.53 247.58 321.73 390.82
ynao_sd_19820407_0055_wang 37 32 5 4 0 572.54 977.21 225.85 350.23 346.69 626.98
ynao_sd_19820408_0045_wang 21 15 6 4 0 678.5 1120.69 162.22 245.77 516.28 874.92
ynao_sd_19820409_0740_wang 27 21 6 3 0 769.47 1107.77 244.32 368.49 525.15 739.28
ynao_sd_19820410_0340_wang 41 34 7 4 0 965.69 1260.65 338.75 473.24 626.94 787.41
ynao_sd_19820411_0250_wang 54 44 10 6 0 1424.12 1684.35 423.24 526.99 1000.88 1157.36
ynao_sd_19820412_0050_hong 59 37 22 9 0 2020.8 2345.54 474.09 592.06 1546.71 1753.48
ynao_sd_19820413_0200_hong 44 26 18 8 0 1731.13 2186.14 382.5 503.52 1348.63 1682.62
ynao_sd_19820414_0100_hong 40 21 19 8 0 1730.46 2308.69 344.48 456.55 1385.98 1852.14
ynao_sd_19820416_0250_hong 23 14 9 8 0 1223.16 1810.49 290.39 426.65 932.77 1383.84
ynao_sd_19820417_0020_hong 18 12 6 5 0 1009.29 1594.37 261.57 398.27 747.72 1196.1
ynao_sd_19820418_0140_hong 16 14 2 2 0 738.59 1059.77 189.56 291.33 549.03 768.44
ynao_sd_19820419_0050_li 5 3 2 1 0 566.57 849.51 150.19 425.76 416.38 423.75
ynao_sd_19820420_0050_li 15 12 3 3 0 719.61 1166.6 153.34 288.26 566.27 878.34
ynao_sd_19820421_0050_li 20 12 8 4 0 1023.83 1510.98 208.46 340.8 815.37 1170.18
ynao_sd_19820422_0040_li 37 31 6 5 0 1307.79 1739.48 303.55 405.66 1004.24 1333.82
ynao_sd_19820423_0200_li 94 78 16 10 0 1769.59 2201.41 671.99 818.21 1097.6 1383.2
ynao_sd_19820424_0120_li 107 80 27 11 0 2320.36 2761.65 842.56 973.61 1477.8 1788.04
ynao_sd_19820425_0150_li 94 61 33 15 0 2989.96 3395.83 772.41 863.6 2217.55 2532.23
ynao_sd_19820426_0120_wang 126 98 28 15 0 3442.16 4979.52 815.78 915.65 2626.38 4063.87
ynao_sd_19820427_0100_wang 99 78 21 13 0 3258.8 3896.94 701.04 847.83 2557.76 3049.11
ynao_sd_19820428_0035_wang 75 59 16 11 0 2625.07 3391.21 518.91 686.4 2106.16 2704.81
ynao_sd_19820429_0025_wang 51 39 12 7 0 1375.8 2103.78 432.28 647.77 943.52 1456.01
ynao_sd_19820430_0055_wang 28 19 9 4 0 675.98 1384.45 203.06 388.38 472.92 996.07
ynao_sd_19820501_0050_wang 16 14 2 2 0 275.94 702.59 107.66 256.08 168.28 446.51
ynao_sd_19820502_0045_wang 5 5 0 1 0 962.98 2954.48 52.57 135.46 910.41 2819.02
ynao_sd_19820503_0030_hong 8 8 0 0 0 41.3 53.35 41.3 53.35 0 0
ynao_sd_19820504_0110_hong 3 2 1 1 0 86.0 352.36 19.93 58.29 66.07 294.07
ynao_sd_19820505_0300_hong 1 0 1 1 0 128.82 304.06 23.33 55.28 105.49 248.78
ynao_sd_19820506_0830_hong 1 0 1 1 0 184.83 287.82 36.66 56.82 148.17 231.0
ynao_sd_19820507_0040_hong 7 6 1 1 0 282.92 396.4 79.09 118.92 203.83 277.48
ynao_sd_19820508_0030_hong 4 3 1 1 0 325.87 379.69 63.82 74.48 262.05 305.21
ynao_sd_19820509_0010_hong 4 3 1 1 0 323.87 357.44 75.56 91.01 248.31 266.43
ynao_sd_19820510_0040_li 6 5 1 1 0 284.35 356.81 76.63 141.0 207.72 215.81
ynao_sd_19820511_0050_li 4 2 2 2 0 320.81 485.11 49.01 67.19 271.8 417.92
ynao_sd_19820512_0100_li 3 1 2 2 0 352.73 504.49 55.79 73.96 296.94 430.53
ynao_sd_19820513_0100_li 5 2 3 2 0 336.15 461.05 47.87 65.45 288.28 395.6
ynao_sd_19820514_0720_li 4 2 2 2 0 362.22 476.73 61.37 78.77 300.85 397.96
ynao_sd_19820515_0140_li 6 3 3 2 0 337.72 448.24 73.9 97.03 263.82 351.21
ynao_sd_19820516_0140_li 6 4 2 2 0 283.77 416.66 60.01 76.07 223.76 340.59
ynao_sd_19820517_0105_li 12 9 3 2 0 462.56 821.17 139.25 346.78 323.31 474.39
ynao_sd_19820518_0100_li 18 14 4 4 0 679.54 1182.75 173.34 356.22 506.2 826.53
ynao_sd_19820520_0240_li 47 34 13 9 0 1541.55 1999.68 387.61 515.62 1153.94 1484.06
ynao_sd_19820521_0050_li 61 41 20 5 0 1865.52 2206.38 423.11 504.77 1442.41 1701.61
ynao_sd_19820522_0045_li 54 36 18 8 0 1848.94 2107.87 506.13 581.52 1342.81 1526.35
ynao_sd_19820523_0040_li 58 33 25 10 0 1413.92 1505.8 423.89 454.94 990.03 1050.86
ynao_sd_19820524_0205_wang 68 54 14 6 0 1346.77 1504.5 401.93 448.72 944.84 1055.78
ynao_sd_19820525_0210_wang 77 67 10 5 2 908.0 1111.85 392.97 476.03 515.03 635.82
ynao_sd_19820526_0050_wang 65 56 9 5 0 841.25 1206.17 390.0 549.16 451.25 657.01
ynao_sd_19820527_0130_wang 39 32 7 7 0 599.74 1098.09 233.58 413.55 366.16 684.54
ynao_sd_19820528_0055_wang 39 35 4 3 0 441.05 1164.0 232.88 609.66 208.17 554.34
ynao_sd_19820529_0050_wang 7 3 4 1 0 101.79 422.83 68.72 276.18 33.07 146.65
ynao_sd_19820530_0050_wang 2 2 0 0 0 13.43 14.19 13.43 14.19 0 0
ynao_sd_19820531_0050_hong 1 1 0 0 0 6.18 12.68 6.18 12.68 0 0
ynao_sd_19820601_0100_hong 10 9 1 1 0 946.3 2963.22 98.24 292.09 848.06 2671.13
ynao_sd_19820602_0040_hong 18 14 4 3 0 225.56 457.97 94.06 189.27 131.5 268.7
ynao_sd_19820603_0030_hong 23 18 5 5 0 375.27 549.47 127.84 186.03 247.43 363.44
ynao_sd_19820604_0150_hong 31 26 5 4 0 387.67 472.97 181.3 222.14 206.37 250.83
ynao_sd_19820605_0500_hong 36 32 4 3 0 389.01 426.33 222.61 242.95 166.4 183.38
ynao_sd_19820608_0220_li 20 18 2 2 0 248.95 345.6 107.21 136.44 141.74 209.16
ynao_sd_19820610_0800_li 7 2 5 4 0 389.67 816.24 57.45 108.22 332.22 708.02
ynao_sd_19820611_0230_li 17 8 9 6 0 504.29 1039.24 126.42 245.06 377.87 794.18
ynao_sd_19820613_0335_li 38 20 18 6 0 2491.67 5758.2 408.62 906.13 2083.05 4852.07
ynao_sd_19820614_0515_wang 91 53 38 6 0 3806.9 6205.87 644.74 1011.47 3162.16 5194.4
ynao_sd_19820615_0215_wang 100 54 46 5 0 4731.65 6408.53 865.62 1151.46 3866.03 5257.07
ynao_sd_19820616_0200_wang 121 64 57 4 0 5134.17 6096.84 944.78 1150.59 4189.39 4946.25
ynao_sd_19820617_0035_wang 129 73 56 8 0 5393.43 5863.09 977.37 1068.19 4416.06 4794.9
ynao_sd_19820618_0210_wang 134 76 58 6 1 4965.66 5255.96 1076.56 1213.8 3889.1 4042.16
ynao_sd_19820619_0405_wang 175 125 50 9 1 5129.86 5537.17 1357.93 1497.54 3771.93 4039.63
ynao_sd_19820620_0000_wang 205 150 55 14 1 5165.53 5784.95 1360.55 1529.21 3804.98 4255.74
ynao_sd_19820621_0040_hong 178 113 65 21 0 5206.75 6082.86 1402.26 1612.7 3804.49 4470.16
ynao_sd_19820622_0320_hong 173 114 59 17 0 4230.98 5457.42 1220.24 1515.85 3010.74 3941.57
ynao_sd_19820623_0740_hong 75 41 34 12 0 2811.58 4317.41 593.15 876.85 2218.43 3440.56
ynao_sd_19820624_0240_hong 93 56 37 13 0 2607.99 4382.46 681.24 1031.22 1926.75 3351.24
ynao_sd_19820625_0300_hong 64 47 17 8 0 1446.54 2294.31 499.3 759.31 947.24 1535.0
ynao_sd_19820626_0115_wang 88 71 17 6 0 1532.33 3004.46 441.56 855.65 1090.77 2148.81
ynao_sd_19820627_0130_hong 21 15 6 5 0 263.07 853.44 105.26 265.61 157.81 587.83
ynao_sd_19820628_0600_li 2 2 0 0 0 28.29 40.28 28.29 40.28 0 0
ynao_sd_19820629_0950_li 1 1 0 0 0 9.09 17.58 9.09 17.58 0 0
ynao_sd_19820630_0400_li 2 2 0 0 0 27.65 39.59 27.65 39.59 0 0
ynao_sd_19820701_0125_li 6 6 0 0 0 29.5 34.79 29.5 34.79 0 0
ynao_sd_19820704_0100_li 6 6 0 0 0 42.27 60.89 42.27 60.89 0 0
ynao_sd_19820705_0645_wang 1 1 0 0 0 6.22 9.11 6.22 9.11 0 0
ynao_sd_19820706_0205_wang 4 4 0 1 0 866.97 961.62 22.11 33.56 844.86 928.06
ynao_sd_19820707_0220_wang 8 8 0 0 0 71.48 209.37 71.48 209.37 0 0
ynao_sd_19820710_0040_wang 57 26 31 5 0 2306.37 5317.02 440.17 958.75 1866.2 4358.27
ynao_sd_19820711_0305_wang 81 34 47 7 0 3577.12 5618.89 718.94 1116.87 2858.18 4502.02
ynao_sd_19820712_0330_li 81 40 41 13 0 3694.06 4856.21 647.12 917.91 3046.94 3938.3
ynao_sd_19820713_0100_li 122 77 45 10 0 3599.44 4245.25 974.59 1239.77 2624.85 3005.48
ynao_sd_19820714_0500_li 111 59 52 15 0 3732.87 4076.97 933.58 1066.09 2799.29 3010.88
ynao_sd_19820715_0140_li 159 102 57 15 0 4647.04 4980.37 1142.99 1280.27 3504.05 3700.1
ynao_sd_19820716_0140_li 156 113 43 14 0 4477.31 4829.36 1081.6 1199.94 3395.71 3629.42
ynao_sd_19820717_0100_li 163 112 51 18 0 4326.92 4944.48 1144.67 1310.18 3182.25 3634.3
ynao_sd_19820718_0415_li 161 118 43 19 0 3100.02 3879.2 952.35 1142.88 2147.67 2736.32
ynao_sd_19820719_0220_wang 232 186 46 29 0 3625.48 5795.39 1096.8 1397.55 2528.68 4397.84
ynao_sd_19820720_0115_wang 180 151 29 17 1 2310.6 3977.63 878.91 1366.95 1431.69 2610.68
ynao_sd_19820721_0210_wang 111 94 17 9 0 1179.13 2236.87 570.07 886.57 609.06 1350.3
ynao_sd_19820722_0200_wang 40 32 8 5 0 1002.05 1385.28 199.91 322.62 802.14 1062.66
ynao_sd_19820723_0300_wang 15 13 2 3 0 990.72 1698.24 87.46 149.23 903.26 1549.01
ynao_sd_19820725_0430_wang 14 13 1 2 0 1104.27 1500.72 74.94 142.97 1029.33 1357.75
ynao_sd_19820726_0550_li 5 5 0 0 0 24.79 64.45 24.79 64.45 0 0
ynao_sd_19820727_0200_li 6 6 0 0 0 35.07 53.45 35.07 53.45 0 0
ynao_sd_19820728_0710_li 8 6 2 1 0 87.1 105.89 37.65 46.58 49.45 59.31
ynao_sd_19820729_0835_li 7 6 1 1 0 67.26 71.77 37.59 40.36 29.67 31.41
ynao_sd_19820730_0020_li 6 5 1 1 0 113.74 115.94 43.06 43.93 70.68 72.01
ynao_sd_19820731_0105_li 6 3 3 1 0 110.31 182.57 66.12 149.24 44.19 33.33
ynao_sd_19820801_0140_li 7 6 1 1 0 75.7 114.42 55.18 93.05 20.52 21.37
ynao_sd_19820802_0030_wang 12 12 0 0 0 79.12 106.05 79.12 106.05 0 0
ynao_sd_19820803_0045_wang 11 10 1 0 0 54.42 136.22 61.53 191.45 7.11 55.23
ynao_sd_19820804_0210_wang 26 23 3 2 0 375.51 1109.52 171.54 474.51 203.97 635.01
ynao_sd_19820806_0235_wang 130 101 29 10 0 2216.49 3428.12 894.08 1331.8 1322.41 2096.32
ynao_sd_19820807_0100_wan 124 106 18 10 0 2409.55 3102.04 734.68 937.96 1674.87 2164.08
ynao_sd_19820808_0110_wang 115 91 24 13 0 2758.46 3183.44 722.96 852.78 2035.5 2330.66
ynao_sd_19820809_0050_wang 150 120 30 18 0 2636.44 3004.81 831.49 908.09 1804.95 2096.72
ynao_sd_19820810_0540_li 92 77 15 6 0 1584.29 1728.8 605.98 675.86 978.31 1052.94
ynao_sd_19820811_0030_li 81 65 16 9 0 1647.11 1841.38 551.92 624.77 1095.19 1216.61
ynao_sd_19820812_0215_li 80 73 7 6 0 1261.41 1464.44 549.43 659.57 711.98 804.87
ynao_sd_19820813_0730_li 63 58 5 4 0 937.68 1215.12 428.99 531.58 508.69 683.54
ynao_sd_19820814_0020_li 57 54 3 3 0 715.5 1090.18 370.47 507.29 345.03 582.89
ynao_sd_19820815_0030_li 29 26 3 2 0 367.83 725.62 166.56 241.25 201.27 484.37
ynao_sd_19820816_0040_hong 23 17 6 3 0 266.81 456.88 126.57 238.4 140.24 218.48
ynao_sd_19820817_0820_hong 47 46 1 0 0 273.73 374.86 280.98 406.35 7.25 31.49
ynao_sd_19820818_0335_hong 38 34 4 3 0 520.25 717.87 268.27 364.65 251.98 353.22
ynao_sd_19820819_0105_hong 47 39 8 3 0 526.56 796.74 288.97 453.02 237.59 343.72
ynao_sd_19820820_0535_hong 23 18 5 4 0 360.46 557.62 128.5 190.0 231.96 367.62
ynao_sd_19820821_0340_hong 33 28 5 3 0 404.57 562.33 191.96 317.75 212.61 244.58
ynao_sd_19821028_0030_wang 25 19 6 3 0 662.66 755.92 156.68 178.31 505.98 577.61
ynao_sd_19821029_0040_wang 35 31 4 3 0 513.92 667.64 191.53 250.31 322.39 417.33
ynao_sd_19821030_0055_wang 30 26 4 4 0 389.22 608.03 177.08 247.02 212.14 361.01
ynao_sd_19821031_0035_wang 30 21 9 5 0 518.39 678.14 175.91 283.49 342.48 394.65
ynao_sd_19821101_0150_li 28 23 5 4 0 344.84 518.56 142.81 202.6 202.03 315.96
ynao_sd_19821103_0150_li 32 25 7 3 0 377.77 603.77 169.04 295.16 208.73 308.61
ynao_sd_19821104_0130_li 21 17 4 3 0 315.44 496.71 128.98 238.02 186.46 258.69
ynao_sd_19821105_0110_li 25 23 2 1 0 284.48 412.54 139.46 251.01 145.02 161.53
ynao_sd_19821106_0420_li 23 21 2 1 0 281.39 359.92 165.97 238.85 115.42 121.07
ynao_sd_19821107_0200_li 33 31 2 2 0 436.74 509.63 181.12 222.29 255.62 287.34
ynao_sd_19821108_0300_hong 41 34 7 3 0 634.82 722.42 225.34 281.27 409.48 441.15
ynao_sd_19821109_0340_hong 30 19 11 4 0 594.4 655.55 160.38 188.37 434.02 467.18
ynao_sd_19821110_0320_hong 25 16 9 3 0 489.55 546.08 158.99 173.87 330.56 372.21
ynao_sd_19821111_0830_hong 17 12 5 2 0 402.11 485.63 123.13 138.34 278.98 347.29
ynao_sd_19821112_0040_hong 11 7 4 2 0 249.73 336.6 86.49 111.18 163.24 225.42
ynao_sd_19821113_0740_hong 2 0 2 1 0 176.89 257.07 26.13 37.92 150.76 219.15
ynao_sd_19821114_0140_hong 2 0 2 1 0 105.05 188.38 13.16 23.61 91.89 164.77
ynao_sd_19821115_0140_wang 4 3 1 1 0 47.44 116.82 15.37 31.19 32.07 85.63
ynao_sd_19821116_0100_wang 4 4 0 1 0 1371.12 1956.32 33.92 137.4 1337.2 1818.92
ynao_sd_19821117_0130_wang 2 2 0 0 0 12.27 14.11 12.27 14.11 0 0
ynao_sd_19821118_0100_wang 2 2 0 0 0 71.74 359.85 71.74 359.85 0 0
ynao_sd_19821119_0210_wang 6 5 1 1 0 184.89 457.0 47.12 110.4 137.77 346.6
ynao_sd_19821120_0050_wang 9 8 1 1 0 299.88 523.9 67.28 118.48 232.6 405.42
ynao_sd_19821121_0100_wang 16 15 1 1 0 428.75 584.2 119.3 164.41 309.45 419.79
ynao_sd_19821122_0050_li 19 17 2 2 0 492.43 585.17 125.08 162.65 367.35 422.52
ynao_sd_19821123_0140_li 28 26 2 3 0 671.1 1193.44 238.56 619.67 432.54 573.77
ynao_sd_19821124_0800_li 16 14 2 1 0 448.27 522.0 119.74 189.7 328.53 332.3
ynao_sd_19821125_0320_li 17 16 1 1 0 438.69 549.39 132.7 235.5 305.99 313.89
ynao_sd_19821126_0545_li 10 9 1 1 0 359.39 455.31 82.84 148.99 276.55 306.32
ynao_sd_19821127_0310_li 2 2 0 0 0 8.35 24.91 8.35 24.91 0 0
ynao_sd_19821128_0045_li 3 2 1 1 0 223.36 326.94 30.77 42.9 192.59 284.04
ynao_sd_19821129_0240_hong 2 1 1 1 0 167.54 348.83 33.11 77.29 134.43 271.54
ynao_sd_19821130_0050_hong 6 4 2 2 0 255.27 773.39 107.37 203.48 147.9 569.91
ynao_sd_19821201_0040_hong 3 1 2 1 0 128.03 292.88 44.64 118.07 83.39 174.81
ynao_sd_19821202_0050_hong 22 15 7 3 1 415.77 802.6 163.8 340.85 251.97 461.75
ynao_sd_19821203_0045_hong 56 40 16 11 0 784.1 1181.03 329.18 514.24 454.92 666.79
ynao_sd_19821204_0100_hong 74 51 23 13 0 1299.78 1636.37 500.4 628.68 799.38 1007.69
ynao_sd_19821205_0240_hong 95 74 21 13 0 2855.41 3068.33 617.37 697.91 2238.04 2370.42
ynao_sd_19821206_0705_wang 70 49 21 8 0 1110.34 1266.21 392.56 430.29 717.78 835.92
ynao_sd_19821207_0050_wang 65 52 13 6 0 1651.19 1822.7 454.19 512.9 1197.0 1309.8
ynao_sd_19821208_0050_wang 79 54 25 11 0 2494.08 3773.63 513.98 872.12 1980.1 2901.51
ynao_sd_19821209_0105_wang 107 76 31 7 0 4541.78 10383.53 678.78 1088.22 3863.0 9295.31
ynao_sd_19821210_0100_wang 96 64 32 11 0 2144.06 3124.21 520.5 731.28 1623.56 2392.93
ynao_sd_19821212_0700_wang 60 45 15 9 0 1902.94 3305.03 476.82 792.28 1426.12 2512.75
ynao_sd_19821215_0120_li 54 50 4 2 0 874.3 911.95 304.88 319.79 569.42 592.16
ynao_sd_19821217_0910_li 21 17 4 1 0 631.93 868.29 160.21 225.77 471.72 642.52
ynao_sd_19821221_0320_hong 6 5 1 1 0 70.38 98.15 40.33 60.09 30.05 38.06
ynao_sd_19821222_0110_hong 7 7 0 0 0 38.51 66.13 38.51 66.13 0 0
ynao_sd_19821223_0100_hong 11 11 0 0 0 54.91 72.12 54.91 72.12 0 0
ynao_sd_19821224_0050_hong 17 16 1 1 0 127.72 131.71 107.26 110.58 20.46 21.13
ynao_sd_19821226_0300_hong 21 16 5 2 0 463.59 602.04 148.72 184.34 314.87 417.7
ynao_sd_19821227_0120_li 14 11 3 2 0 311.68 512.24 88.66 136.06 223.02 376.18
ynao_sd_19821228_0130_li 14 11 3 3 0 396.38 1079.06 116.57 272.09 279.81 806.97
ynao_sd_19821229_0120_li 8 6 2 2 0 344.61 885.74 65.67 164.91 278.94 720.83
ynao_sd_19821230_0115_li 8 7 1 1 0 390.99 657.92 80.1 143.24 310.89 514.68
ynao_sd_19821231_0130_li 8 5 3 1 0 504.9 688.84 94.17 149.58 410.73 539.26
