ynao_sd_19830101_0150_li 3 2 1 1 0 465.41 523.46 76.08 85.51 389.33 437.95
ynao_sd_19830102_0230_wang 11 9 2 2 0 1417.98 1477.26 116.65 121.93 1301.33 1355.33
ynao_sd_19830103_0440_wang 7 6 1 1 0 616.51 637.14 104.24 119.07 512.27 518.07
ynao_sd_19830104_0200_wang 9 8 1 1 0 543.0 566.23 117.8 124.33 425.2 441.9
ynao_sd_19830105_0315_wang 4 3 1 1 0 503.16 589.48 98.51 131.87 404.65 457.61
ynao_sd_19830106_0045_wang 3 2 1 1 0 444.13 582.46 66.98 92.56 377.15 489.9
ynao_sd_19830107_0050_li 5 4 1 1 0 342.41 547.29 58.92 91.96 283.49 455.33
ynao_sd_19830109_0100_wang 4 3 1 1 0 116.76 461.56 43.84 171.06 72.92 290.5
ynao_sd_19830110_0110_hong 1 1 0 0 0 3.89 4.03 3.89 4.03 0 0
ynao_sd_19830111_0120_hong 0 0 0 0 0 0 0 0 0 0 0
ynao_sd_19830112_0320_hong 6 6 0 0 0 41.3 47.38 41.3 47.38 0 0
ynao_sd_19830113_0120_hong 16 15 1 1 0 861.23 3331.89 91.14 207.96 770.09 3123.93
ynao_sd_19830114_0100_hong 18 12 6 3 0 493.96 1151.36 148.17 287.87 345.79 863.49
ynao_sd_19830115_0050_hong 27 23 4 2 0 672.02 1124.99 224.79 374.49 447.23 750.5
ynao_sd_19830116_0110_hong 27 19 8 5 0 813.06 1181.8 233.15 314.28 579.91 867.52
ynao_sd_19830117_0200_li 23 15 8 4 0 758.11 875.58 131.7 155.64 626.41 719.94
ynao_sd_19830118_0150_li 31 24 7 4 0 811.96 868.4 188.81 207.38 623.15 661.02
ynao_sd_19830122_0310_li 11 6 5 3 0 429.54 570.55 91.7 119.91 337.84 450.64
ynao_sd_19830123_0650_li 5 1 4 3 0 300.55 544.02 40.16 71.21 260.39 472.81
ynao_sd_19830124_0535_wang 7 3 4 4 0 316.77 998.71 50.47 169.16 266.3 829.55
ynao_sd_19830126_0340_wang 17 13 4 4 0 801.41 1072.68 162.79 235.12 638.62 837.56
ynao_sd_19830126_0435_wang 9 8 1 1 0 214.67 538.79 91.49 240.04 123.18 298.75
ynao_sd_19830127_0115_wang 28 21 7 3 0 1075.08 1256.53 294.67 355.99 780.41 900.54
ynao_sd_19830128_0050_wang 29 20 9 4 0 1047.08 1128.4 226.6 255.62 820.48 872.78
ynao_sd_19830129_0115_wang 31 24 7 5 0 996.95 1034.65 233.11 240.92 763.84 793.73
ynao_sd_19830130_0120_wang 28 20 8 6 0 878.15 934.45 206.66 220.38 671.49 714.07
ynao_sd_19830201_0050_hong 23 19 4 3 0 692.06 924.59 191.38 264.11 500.68 660.48
ynao_sd_19830202_0045_hong 4 1 3 2 0 386.62 565.8 64.77 93.79 321.85 472.01
ynao_sd_19830203_0350_hong 2 0 2 2 0 310.4 611.03 60.33 111.4 250.07 499.63
ynao_sd_19830204_0100_hong 2 0 2 1 0 142.58 310.32 19.74 42.87 122.84 267.45
ynao_sd_19830205_0050_hong 3 1 2 1 0 92.08 317.61 24.98 76.54 67.1 241.07
ynao_sd_19830206_0200_hong 0 0 0 0 0 0 0 0 0 0 0
ynao_sd_19830207_0140_li 5 5 0 0 0 21.36 23.82 21.36 23.82 0 0
ynao_sd_19830208_0200_li 2 2 0 0 0 9.57 10.0 9.57 10.0 0 0
ynao_sd_19830209_0110_li 0 0 0 0 0 0 0 0 0 0 0
ynao_sd_19830210_0115_li 2 2 0 0 0 16.6 37.94 16.6 37.94 0 0
ynao_sd_19830211_0150_li 2 2 0 0 0 9.67 15.38 9.67 15.38 0 0
ynao_sd_19830212_0130_li 3 3 0 0 0 13.14 15.83 13.14 15.83 0 0
ynao_sd_19830213_0700_li 6 6 0 0 0 29.9 32.91 29.9 32.91 0 0
ynao_sd_19830214_0130_hong 5 5 0 0 0 33.71 35.45 33.71 35.45 0 0
ynao_sd_19830215_0050_wang 4 4 0 0 0 18.55 18.76 18.55 18.76 0 0
ynao_sd_19830216_0040_wang 4 4 0 0 0 17.65 32.47 17.65 32.47 0 0
ynao_sd_19830217_0040_wang 2 2 0 0 0 7.54 18.4 7.54 18.4 0 0
ynao_sd_19830218_0050_wang 0 0 0 0 0 0 0 0 0 0 0
ynao_sd_19830219_0105_wang 2 2 0 0 0 9.92 17.39 9.92 17.39 0 0
ynao_sd_19830220_0150_wang 0 0 0 0 0 0 0 0 0 0 0
ynao_sd_19830221_0050_hong 4 4 0 0 0 40.39 92.29 40.39 92.29 0 0
ynao_sd_19830222_0220_hong 3 1 2 2 0 108.81 173.69 28.54 45.75 80.27 127.94
ynao_sd_19830223_0100_hong 11 8 3 2 0 136.67 362.11 67.74 121.23 68.93 240.88
ynao_sd_19830224_0150_hong 15 11 4 3 0 291.39 670.08 102.41 179.74 188.98 490.34
ynao_sd_19830225_0040_hong 16 10 6 4 0 402.74 649.96 106.62 146.13 296.12 503.83
ynao_sd_19830226_0110_hong 29 25 4 2 0 475.13 617.3 193.27 249.33 281.86 367.97
ynao_sd_19830227_0620_hong 18 16 2 1 0 424.88 491.57 154.58 178.62 270.3 312.95
ynao_sd_19830228_0215_wang 14 12 2 1 0 348.05 384.43 87.57 101.17 260.48 283.26
ynao_sd_19830301_0045_wang 9 7 2 1 0 299.7 329.63 77.81 91.48 221.89 238.15
ynao_sd_19830302_0130_wang 4 0 4 2 0 253.88 280.61 38.5 42.55 215.38 238.06
ynao_sd_19830303_0040_wang 5 1 4 1 0 197.95 237.59 29.07 34.81 168.88 202.78
ynao_sd_19830306_0215_wang 2 2 0 0 0 10.03 25.77 10.03 25.77 0 0
ynao_sd_19830307_0120_hong 0 0 0 0 0 0 0 0 0 0 0
ynao_sd_19830308_0040_wang 1 1 0 0 0 4.76 5.36 4.76 5.36 0 0
ynao_sd_19830309_0040_hong 3 3 0 0 0 17.77 28.2 17.77 28.2 0 0
ynao_sd_19830310_0040_hong 0 0 0 0 0 0 0 0 0 0 0
ynao_sd_19830311_0050_hong 6 6 0 0 0 29.34 39.16 29.34 39.16 0 0
ynao_sd_19830312_0050_hong 4 4 0 0 0 21.35 31.45 21.35 31.45 0 0
ynao_sd_19830313_0820_hong 0 0 0 0 0 0 0 0 0 0 0
ynao_sd_19830314_0620_hong 0 0 0 0 0 0 0 0 0 0 0
ynao_sd_19830315_0220_wang 6 6 0 0 0 31.02 34.27 31.02 34.27 0 0
ynao_sd_19830318_0225_wang 6 6 0 0 0 29.9 37.01 29.9 37.01 0 0
ynao_sd_19830319_0045_wang 2 2 0 0 0 8.35 16.48 8.35 16.48 0 0
ynao_sd_19830320_0100_wang 0 0 0 0 0 0 0 0 0 0 0
ynao_sd_19830321_0100_hong 0 0 0 0 0 0 0 0 0 0 0
ynao_sd_19830322_0120_hong 1 1 0 0 0 12.98 14.74 12.98 14.74 0 0
ynao_sd_19830323_0100_hong 1 1 0 0 0 4.83 10.63 4.83 10.63 0 0
ynao_sd_19830324_0040_hong 0 0 0 0 0 0 0 0 0 0 0
ynao_sd_19830325_0050_hong 3 3 0 0 0 30.67 45.31 30.67 45.31 0 0
ynao_sd_19830326_0030_hong 10 10 0 0 0 80.21 154.28 80.21 154.28 0 0
ynao_sd_19830327_0100_hong 12 12 0 0 0 81.32 251.4 81.32 251.4 0 0
ynao_sd_19830328_0100_wang 2 2 0 0 0 13.13 82.46 13.13 82.46 0 0
ynao_sd_19830329_0105_wang 0 0 0 0 0 0 0 0 0 0 0
ynao_sd_19830330_0030_wang 0 0 0 0 0 0 0 0 0 0 0
ynao_sd_19830331_0030_wang 1 1 0 0 0 4.27 16.0 4.27 16.0 0 0
ynao_sd_19830401_0040_wang 0 0 0 0 0 0 0 0 0 0 0
ynao_sd_19830402_0035_wang 0 0 0 0 0 0 0 0 0 0 0
ynao_sd_19830403_0040_wang 1 1 0 0 0 5.71 7.61 5.71 7.61 0 0
ynao_sd_19830404_0220_hong 0 0 0 0 0 0 0 0 0 0 0
ynao_sd_19830405_0300_hong 0 0 0 0 0 0 0 0 0 0 0
ynao_sd_19830406_0030_hong 0 0 0 0 0 0 0 0 0 0 0
ynao_sd_19830407_0150_hong 0 0 0 0 0 0 0 0 0 0 0
ynao_sd_19830408_0030_hong 0 0 0 0 0 0 0 0 0 0 0
ynao_sd_19830409_0040_hong 0 0 0 0 0 0 0 0 0 0 0
ynao_sd_19830410_0100_hong 0 0 0 0 0 0 0 0 0 0 0
ynao_sd_19830411_0050_li 0 0 0 0 0 0 0 0 0 0 0
ynao_sd_19830412_0100_li 0 0 0 0 0 0 0 0 0 0 0
ynao_sd_19830413_0100_li 1 1 0 0 0 3.74 9.59 3.74 9.59 0 0
ynao_sd_19830414_0100_li 2 2 0 0 0 12.41 22.03 12.41 22.03 0 0
ynao_sd_19830415_0040_li 8 8 0 0 0 42.19 112.38 42.19 112.38 0 0
ynao_sd_19830416_0130_li 10 9 1 1 0 99.77 219.88 51.28 116.89 48.49 102.99
ynao_sd_19830417_0040_li 13 11 2 2 0 120.72 187.88 65.72 105.54 55.0 82.34
ynao_sd_19830418_0100_li 7 5 2 2 0 81.27 103.07 41.77 55.11 39.5 47.96
ynao_sd_19830419_0030_li 12 12 0 0 0 74.47 87.64 74.47 87.64 0 0
ynao_sd_19830420_0030_li 19 19 0 0 0 107.38 122.78 107.38 122.78 0 0
ynao_sd_19830421_0130_li 9 9 0 0 0 48.39 50.66 48.39 50.66 0 0
ynao_sd_19830422_0030_li 21 21 0 0 0 103.08 108.31 103.08 108.31 0 0
ynao_sd_19830423_0040_li 20 20 0 0 0 112.58 123.88 112.58 123.88 0 0
ynao_sd_19830424_0145_li 9 8 1 1 0 65.22 79.14 45.63 55.03 19.59 24.11
ynao_sd_19830425_0130_chai 19 18 1 1 0 203.04 284.45 122.32 163.25 80.72 121.2
ynao_sd_19830426_0045_chai 19 16 3 3 0 237.53 396.29 116.06 175.87 121.47 220.42
ynao_sd_19830427_0240_chai 7 5 2 2 0 187.96 368.01 71.26 100.33 116.7 267.68
ynao_sd_19830428_0040_chai 17 17 0 0 0 135.95 144.09 135.95 144.09 0 0
ynao_sd_19830429_0115_chai 18 16 2 1 0 128.63 140.25 91.95 99.71 36.68 40.54
ynao_sd_19830430_0025_chai 13 12 1 1 0 100.75 116.63 76.91 88.27 23.84 28.36
ynao_sd_19830501_0030_chai 10 10 0 0 0 85.88 113.5 85.88 113.5 0 0
ynao_sd_19830502_0010_wang 9 9 0 0 0 60.87 96.27 60.87 96.27 0 0
ynao_sd_19830503_0155_wang 4 4 0 0 0 22.9 55.63 22.9 55.63 0 0
ynao_sd_19830504_0120_hong 4 4 0 0 0 26.38 27.56 26.38 27.56 0 0
ynao_sd_19830505_0020_wang 12 12 0 0 0 56.02 59.12 56.02 59.12 0 0
ynao_sd_19830506_0050_wang 6 6 0 0 0 30.91 34.23 30.91 34.23 0 0
ynao_sd_19830507_0050_wang 6 6 0 0 0 32.66 41.3 32.66 41.3 0 0
ynao_sd_19830508_0030_wang 11 11 0 0 0 52.45 81.85 52.45 81.85 0 0
ynao_sd_19830509_0100_hong 10 9 1 1 0 95.21 189.8 66.45 131.47 28.76 58.33
ynao_sd_19830510_0050_hong 7 7 0 0 0 29.58 93.82 29.58 93.82 0 0
ynao_sd_19830511_0100_hong 0 0 0 0 0 0 0 0 0 0 0
ynao_sd_19830512_0100_hong 7 6 1 1 0 42.19 158.91 31.53 123.06 10.66 35.85
ynao_sd_19830513_0050_hong 11 10 1 1 0 74.6 155.48 55.29 118.92 19.31 36.56
ynao_sd_19830514_0100_hong 18 12 6 4 0 214.66 346.25 87.66 137.67 127.0 208.58
ynao_sd_19830515_0110_hong 21 16 5 5 0 290.42 375.69 131.0 171.52 159.42 204.17
ynao_sd_19830516_0150_chai 16 12 4 3 0 207.77 231.3 102.05 112.19 105.72 119.11
ynao_sd_19830517_0040_chai 24 19 5 3 0 262.68 275.22 131.19 137.06 131.49 138.16
ynao_sd_19830518_0040_chai 14 13 1 1 0 256.96 635.67 154.6 272.44 102.36 363.23
ynao_sd_19830519_0030_chai 32 25 7 1 0 600.46 1187.08 278.09 493.68 322.37 693.4
ynao_sd_19830520_0025_chai 26 17 9 5 0 989.52 1563.85 251.93 381.87 737.59 1181.98
ynao_sd_19830521_0045_chai 56 43 13 7 0 1217.92 1584.51 406.22 534.31 811.7 1050.2
ynao_sd_19830522_0020_chai 55 49 6 7 0 1466.87 1801.96 516.06 654.04 950.81 1147.92
ynao_sd_19830523_0015_chai 49 44 5 6 0 1210.03 1460.01 479.77 645.19 730.26 814.82
ynao_sd_19830524_0030_li 39 38 1 1 0 718.17 775.84 257.31 287.88 460.86 487.96
ynao_sd_19830525_0030_chai 36 34 2 2 0 817.17 921.82 297.27 337.1 519.9 584.72
ynao_sd_19830526_0005_chai 21 20 1 1 0 582.29 731.43 216.16 277.6 366.13 453.83
ynao_sd_19830527_0335_chai 5 4 1 1 0 436.08 656.25 122.44 179.44 313.64 476.81
ynao_sd_19830528_0210_chai 3 2 1 1 0 279.74 548.21 72.29 133.97 207.45 414.24
ynao_sd_19830529_0345_chai 2 1 1 1 0 178.04 602.29 50.6 158.52 127.44 443.77
ynao_sd_19830530_0140_hong 0 0 0 0 0 0 0 0 0 0 0
ynao_sd_19830531_0030_hong 0 0 0 0 0 0 0 0 0 0 0
ynao_sd_19830601_0120_hong 0 0 0 0 0 0 0 0 0 0 0
ynao_sd_19830602_0040_hong 2 2 0 0 0 13.21 15.61 13.21 15.61 0 0
ynao_sd_19830603_0050_hong 0 0 0 0 0 0 0 0 0 0 0
ynao_sd_19830604_0040_hong 0 0 0 0 0 0 0 0 0 0 0
ynao_sd_19830605_0310_hong 0 0 0 0 0 0 0 0 0 0 0
ynao_sd_19830609_0803_chai 0 0 0 0 0 0 0 0 0 0 0
ynao_sd_19830610_0404_chai 0 0 0 0 0 0 0 0 0 0 0
ynao_sd_19830611_0820_chai 1 1 0 0 0 5.15 6.7 5.15 6.7 0 0
ynao_sd_19830612_0255_chai 0 0 0 0 0 0 0 0 0 0 0
ynao_sd_19830613_0915_chai 1 1 0 0 0 4.7 5.46 4.7 5.46 0 0
ynao_sd_19830614_0105_chai 7 5 2 2 0 186.27 608.24 69.5 175.49 116.77 432.75
ynao_sd_19830615_0020_chai 14 10 4 2 0 316.1 646.28 109.72 216.86 206.38 429.42
ynao_sd_19830616_0120_chai 15 11 4 2 0 362.14 540.31 120.99 178.77 241.15 361.54
ynao_sd_19830617_0010_chai 35 30 5 2 0 471.28 598.01 235.65 299.62 235.63 298.39
ynao_sd_19830618_0030_chai 24 12 12 5 0 584.29 652.16 202.14 225.98 382.15 426.18
ynao_sd_19830619_0105_chai 31 24 7 4 0 730.33 798.78 256.75 306.17 473.58 492.61
ynao_sd_19830620_0030_li 37 30 7 3 0 631.19 743.36 186.03 275.6 445.16 467.76
ynao_sd_19830621_0030_li 47 42 5 3 0 543.45 639.67 248.32 316.61 295.13 323.06
ynao_sd_19830622_0630_li 52 42 10 3 0 675.89 758.68 314.31 355.04 361.58 403.64
ynao_sd_19830623_0530_li 64 51 13 7 0 968.17 1036.26 357.14 386.73 611.03 649.53
ynao_sd_19830624_0540_li 59 45 14 6 0 1081.24 1175.25 354.27 396.69 726.97 778.56
ynao_sd_19830625_0140_li 46 38 8 3 0 895.52 1023.85 286.76 326.4 608.76 697.45
ynao_sd_19830626_0110_li 34 25 9 4 0 749.35 967.54 199.32 244.58 550.03 722.96
ynao_sd_19830627_0050_wang 34 29 5 3 0 905.63 1417.21 218.55 300.09 687.08 1117.12
ynao_sd_19830628_0215_wang 21 17 4 3 0 508.98 1077.94 114.61 196.61 394.37 881.33
ynao_sd_19830629_0115_wang 20 17 3 2 0 267.15 664.79 107.81 227.02 159.34 437.77
ynao_sd_19830630_0055_wang 21 20 1 1 0 129.11 374.53 95.82 171.28 33.29 203.25
ynao_sd_19830701_0020_wang 11 9 2 2 0 133.29 342.39 55.45 145.04 77.84 197.35
ynao_sd_19830702_0010_wang 4 4 0 0 0 36.99 154.44 36.99 154.44 0 0
ynao_sd_19830703_0030_wang 1 1 0 0 0 5.52 5.7 5.52 5.7 0 0
ynao_sd_19830704_0030_chai 1 1 0 0 0 3.82 6.75 3.82 6.75 0 0
ynao_sd_19830705_0230_chai 0 0 0 0 0 0 0 0 0 0 0
ynao_sd_19830706_0020_chai 0 0 0 0 0 0 0 0 0 0 0
ynao_sd_19830707_0040_chai 0 0 0 0 0 0 0 0 0 0 0
ynao_sd_19830708_0100_chai 0 0 0 0 0 0 0 0 0 0 0
ynao_sd_19830709_0040_chai 0 0 0 0 0 0 0 0 0 0 0
ynao_sd_19830710_0150_chai 1 1 0 0 0 5.73 21.21 5.73 21.21 0 0
ynao_sd_19830711_0120_chai 0 0 0 0 0 0 0 0 0 0 0
ynao_sd_19830712_0215_chai 0 0 0 0 0 0 0 0 0 0 0
ynao_sd_19830713_0850_chai 0 0 0 0 0 0 0 0 0 0 0
ynao_sd_19830714_0350_chai 6 2 4 2 0 234.1 365.86 36.05 54.89 198.05 310.97
ynao_sd_19830716_0740_chai 20 16 4 3 0 440.55 553.04 182.1 235.21 258.45 317.83
ynao_sd_19830718_0100_hong 22 14 8 3 0 412.15 525.91 144.97 190.97 267.18 334.94
ynao_sd_19830719_0420_hong 7 3 4 2 0 282.48 298.54 59.21 62.51 223.27 236.03
ynao_sd_19830720_0650_hong 32 27 5 2 0 415.67 456.97 189.65 218.77 226.02 238.2
ynao_sd_19830721_0040_hong 31 25 6 4 0 457.41 484.97 160.31 167.16 297.1 317.81
ynao_sd_19830721_0110_hong 32 20 12 4 0 656.76 690.23 165.36 169.9 491.4 520.33
ynao_sd_19830724_0110_hong 41 37 4 4 0 628.14 778.33 285.76 334.29 342.38 444.04
ynao_sd_19830725_0110_li 33 30 3 2 0 444.03 629.28 204.78 280.44 239.25 348.84
ynao_sd_19830726_0050_li 25 21 4 2 0 293.8 515.69 142.9 228.94 150.9 286.75
ynao_sd_19830727_0210_li 12 11 1 1 0 157.82 428.35 98.43 205.5 59.39 222.85
ynao_sd_19830728_0110_li 5 5 0 0 0 26.15 74.35 26.15 74.35 0 0
ynao_sd_19830729_0830_li 0 0 0 0 0 0 0 0 0 0 0
ynao_sd_19830803_0650_chai 2 2 0 0 0 15.8 29.16 15.8 29.16 0 0
ynao_sd_19830804_1005_chai 4 4 0 0 0 34.28 54.3 34.28 54.3 0 0
ynao_sd_19830805_0230_chai 4 4 0 0 0 29.82 42.7 29.82 42.7 0 0
ynao_sd_19830806_0140_chai 0 0 0 0 0 0 0 0 0 0 0
ynao_sd_19830807_0020_li 3 3 0 0 0 16.03 16.38 16.03 16.38 0 0
ynao_sd_19830808_0040_hong 3 3 0 0 0 17.39 33.53 17.39 33.53 0 0
ynao_sd_19830809_0640_hong 0 0 0 0 0 0 0 0 0 0 0
ynao_sd_19830812_0140_hong 1 0 1 1 0 62.2 141.28 13.14 29.97 49.06 111.31
ynao_sd_19830813_0210_hong 4 3 1 1 0 125.77 224.24 42.13 93.95 83.64 130.29
ynao_sd_19830814_0120_hong 2 0 2 2 0 140.8 209.14 15.02 22.99 125.78 186.15
ynao_sd_19830815_0650_li 7 5 2 2 0 128.57 148.59 34.53 38.57 94.04 110.02
ynao_sd_19830816_0150_li 4 1 3 2 0 93.84 105.31 16.55 17.82 77.29 87.49
ynao_sd_19830817_0115_li 10 8 2 2 0 157.67 186.2 95.7 120.95 61.97 65.25
ynao_sd_19830818_0345_li 14 12 2 1 0 120.42 194.83 103.68 192.77 16.74 2.06
ynao_sd_19830819_0230_li 21 20 1 1 0 173.61 228.79 138.86 152.26 34.75 76.53
ynao_sd_19830821_0100_li 15 14 1 1 0 116.69 166.25 93.13 130.46 23.56 35.79
ynao_sd_19830822_0100_hong 13 13 0 0 0 77.43 93.11 77.43 93.11 0 0
ynao_sd_19830824_0050_hong 7 5 2 3 0 116.62 290.46 38.09 59.83 78.53 230.63
ynao_sd_19830826_0030_hong 4 4 0 0 0 21.53 23.31 21.53 23.31 0 0
ynao_sd_19830827_0300_hong 0 0 0 0 0 0 0 0 0 0 0
ynao_sd_19830829_0450_chai 0 0 0 0 0 0 0 0 0 0 0
ynao_sd_19830831_0600_chai 3 2 1 1 0 75.67 189.14 18.48 47.58 57.19 141.56
ynao_sd_19830901_0005_chai 7 5 2 1 0 116.3 224.76 34.53 66.73 81.77 158.03
ynao_sd_19830902_0810_wang 14 12 2 1 0 103.97 130.69 66.72 81.94 37.25 48.75
ynao_sd_19830903_0020_chai 22 21 1 1 0 125.21 140.7 101.28 112.14 23.93 28.56
ynao_sd_19830904_0030_chai 15 13 2 2 0 102.96 105.12 67.84 68.98 35.12 36.14
ynao_sd_19830905_0735_chai 25 22 3 2 0 294.79 308.87 107.95 119.62 186.84 189.25
ynao_sd_19830906_0630_chai 30 27 3 3 0 399.28 433.17 166.44 187.11 232.84 246.06
ynao_sd_19830907_0605_chai 17 9 8 3 0 337.48 414.64 100.44 125.67 237.04 288.97
ynao_sd_19830908_0330_chai 21 18 3 3 0 267.43 395.8 116.02 166.14 151.41 229.66
ynao_sd_19830909_0530_chai 18 14 4 2 0 234.99 519.24 86.95 166.93 148.04 352.31
ynao_sd_19830911_0005_chai 3 3 0 0 0 29.87 33.15 29.87 33.15 0 0
ynao_sd_19830912_0140_li 2 2 0 0 0 11.46 11.48 11.46 11.48 0 0
ynao_sd_19830913_0145_li 7 7 0 0 0 30.83 33.28 30.83 33.28 0 0
ynao_sd_19830915_0400_li 0 0 0 0 0 0 0 0 0 0 0
ynao_sd_19830916_0310_li 1 1 0 0 0 6.46 7.52 6.46 7.52 0 0
ynao_sd_19830918_0950_wang 4 4 0 0 0 18.91 43.32 18.91 43.32 0 0
ynao_sd_19830919_0330_hong 3 3 0 0 0 23.08 87.19 23.08 87.19 0 0
ynao_sd_19830920_0430_hong 0 0 0 0 0 0 0 0 0 0 0
ynao_sd_19830921_0410_hong 5 5 0 0 0 28.4 34.51 28.4 34.51 0 0
ynao_sd_19830922_0140_hong 1 1 0 0 0 6.1 8.72 6.1 8.72 0 0
ynao_sd_19830923_0130_hong 0 0 0 0 0 0 0 0 0 0 0
ynao_sd_19830924_0030_hong 2 2 0 0 0 12.87 42.19 12.87 42.19 0 0
ynao_sd_19830925_0100_hong 1 1 0 0 0 6.24 11.15 6.24 11.15 0 0
ynao_sd_19830926_0200_chai 1 1 0 0 0 4.63 4.71 4.63 4.71 0 0
ynao_sd_19830927_0650_chai 1 1 0 0 0 73.77 291.97 73.77 291.97 0 0
ynao_sd_19830929_0340_chai 4 4 0 0 0 18.93 19.88 18.93 19.88 0 0
ynao_sd_19830930_0240_chai 0 0 0 0 0 0 0 0 0 0 0
ynao_sd_19831001_0040_li 3 3 0 0 0 12.8 12.97 12.8 12.97 0 0
ynao_sd_19831002_0710_cai 9 7 2 1 0 164.77 835.6 75.28 389.99 89.49 445.61
ynao_sd_19831003_0250_cai 18 11 7 4 0 664.18 2225.4 145.1 441.25 519.08 1784.15
ynao_sd_19831004_0630_cai 31 20 11 5 0 1031.99 2143.44 249.69 467.16 782.3 1676.28
ynao_sd_19831005_0710_li 28 12 16 7 0 1238.9 1821.04 188.99 267.97 1049.91 1553.07
ynao_sd_19831006_0330_li 36 23 13 6 0 1253.77 1566.01 279.92 352.28 973.85 1213.73
ynao_sd_19831008_0125_li 51 37 14 5 0 1520.45 1576.49 378.75 396.3 1141.7 1180.19
ynao_sd_19831009_0105_li 58 50 8 4 0 1685.26 1731.68 370.12 396.9 1315.14 1334.78
ynao_sd_19831010_0040_cai 80 69 11 6 0 1590.92 1731.57 578.87 633.76 1012.05 1097.81
ynao_sd_19831011_0110_cai 54 43 11 7 0 1421.57 1615.22 470.68 527.54 950.89 1087.68
ynao_sd_19831012_0130_cai 58 48 10 5 0 1288.46 1647.2 449.86 550.34 838.6 1096.86
ynao_sd_19831013_0120_cai 38 29 9 6 0 1023.26 1442.11 339.79 472.99 683.47 969.12
ynao_sd_19831014_0150_cai 33 22 11 6 0 1061.64 1643.16 289.4 444.97 772.24 1198.19
ynao_sd_19831015_0200_cai 39 26 13 8 0 1228.97 1688.66 315.68 509.95 913.29 1178.71
ynao_sd_19831017_0110_hong 28 15 13 4 0 636.88 1009.28 265.14 427.58 371.74 581.7
ynao_sd_19831018_0120_hong 22 10 12 3 0 721.17 1594.87 177.86 391.32 543.31 1203.55
ynao_sd_19831019_0140_hong 9 5 4 3 0 325.21 1355.76 64.34 255.72 260.87 1100.04
ynao_sd_19831020_0150_hong 1 1 0 0 0 4.19 7.32 4.19 7.32 0 0
ynao_sd_19831021_0230_hong 3 3 0 0 0 12.41 12.76 12.41 12.76 0 0
ynao_sd_19831022_0410_hong 3 3 0 0 0 24.27 27.86 24.27 27.86 0 0
ynao_sd_19831023_0200_hong 0 0 0 0 0 0 0 0 0 0 0
ynao_sd_19831024_0110_li 1 1 0 0 0 2.72 2.97 2.72 2.97 0 0
ynao_sd_19831025_0030_li 1 1 0 0 0 6.23 6.5 6.23 6.5 0 0
ynao_sd_19831026_0635_li 1 1 0 0 0 4.12 25.65 4.12 25.65 0 0
ynao_sd_19831027_0450_li 8 8 0 0 0 185.79 202.59 185.79 202.59 0 0
ynao_sd_19831028_0510_li 0 0 0 0 0 0 0 0 0 0 0
ynao_sd_19831030_0720_li 0 0 0 0 0 0 0 0 0 0 0
ynao_sd_19831031_0105_cai 0 0 0 0 0 0 0 0 0 0 0
ynao_sd_19831101_0130_cai 1 1 0 0 0 6.23 7.94 6.23 7.94 0 0
ynao_sd_19831102_0240_cai 1 1 0 0 0 48.27 250.65 48.27 250.65 0 0
ynao_sd_19831103_0605_cai 1 0 1 1 0 108.04 251.61 25.84 60.17 82.2 191.44
ynao_sd_19831105_0250_cai 1 0 1 1 0 171.55 233.32 38.06 51.68 133.49 181.64
ynao_sd_19831106_0010_cai 2 1 1 1 0 227.72 266.05 60.98 70.53 166.74 195.52
ynao_sd_19831107_0530_cai 1 0 1 1 0 198.3 207.78 37.34 39.12 160.96 168.66
ynao_sd_19831112_0100_cai 1 0 1 1 0 46.45 72.55 11.61 18.08 34.84 54.47
ynao_sd_19831113_0150_cai 1 0 1 1 0 946.78 1998.12 38.26 81.76 908.52 1916.36
ynao_sd_19831114_0050_cai 2 1 1 1 0 146.35 260.54 34.24 61.15 112.11 199.39
ynao_sd_19831115_0140_hong 0 0 0 0 0 0 0 0 0 0 0
ynao_sd_19831116_0120_hong 0 0 0 0 0 0 0 0 0 0 0
ynao_sd_19831117_0220_hong 1 1 0 0 0 3.15 9.41 3.15 9.41 0 0
ynao_sd_19831118_0200_hong 0 0 0 0 0 0 0 0 0 0 0
ynao_sd_19831119_0050_hong 0 0 0 0 0 0 0 0 0 0 0
ynao_sd_19831120_0030_hong 0 0 0 0 0 0 0 0 0 0 0
ynao_sd_19831121_0130_li 0 0 0 0 0 0 0 0 0 0 0
ynao_sd_19831122_0040_li 3 3 0 0 0 23.32 55.95 23.32 55.95 0 0
ynao_sd_19831123_0100_li 1 1 0 0 0 4.76 5.83 4.76 5.83 0 0
ynao_sd_19831125_0230_li 2 2 0 0 0 15.24 15.53 15.24 15.53 0 0
ynao_sd_19831126_0400_li 0 0 0 0 0 0 0 0 0 0 0
ynao_sd_19831127_0110_wang 0 0 0 0 0 0 0 0 0 0 0
ynao_sd_19831128_0145_wang 10 10 0 0 0 45.77 137.06 45.77 137.06 0 0
ynao_sd_19831129_0030_wang 8 8 0 0 0 43.57 90.82 43.57 90.82 0 0
ynao_sd_19831130_0040_wang 19 19 0 0 0 90.33 158.41 90.33 158.41 0 0
ynao_sd_19831201_0050_wang 17 17 0 0 0 80.93 112.3 80.93 112.3 0 0
ynao_sd_19831202_0100_wang 19 19 0 1 0 788.79 828.73 82.75 98.38 706.04 730.35
ynao_sd_19831203_0100_wang 10 10 0 0 0 46.01 48.52 46.01 48.52 0 0
ynao_sd_19831204_0100_wang 7 7 0 0 0 35.95 41.41 35.95 41.41 0 0
ynao_sd_19831205_0120_cai 2 1 1 1 0 323.24 330.74 8.14 8.74 315.1 322.0
ynao_sd_19831206_0550_li 3 3 0 0 0 16.87 20.75 16.87 20.75 0 0
ynao_sd_19831207_0540_li 3 3 0 0 0 13.35 14.87 13.35 14.87 0 0
ynao_sd_19831208_0540_li 1 1 0 0 0 3.89 5.55 3.89 5.55 0 0
ynao_sd_19831209_0440_li 12 11 1 1 0 101.72 179.85 73.32 102.29 28.4 77.56
ynao_sd_19831210_0035_li 19 12 7 3 0 215.87 295.37 108.78 152.83 107.09 142.54
ynao_sd_19831211_0520_li 11 9 2 2 0 207.49 279.63 99.82 136.52 107.67 143.11
ynao_sd_19831212_0230_hong 27 23 4 4 0 290.55 391.87 134.12 173.23 156.43 218.64
ynao_sd_19831213_0105_hong 19 18 1 1 0 190.6 243.85 111.74 162.25 78.86 81.6
ynao_sd_19831214_0050_hong 16 14 2 1 0 148.63 149.24 82.64 83.11 65.99 66.13
ynao_sd_19831215_0105_hong 14 12 2 1 0 118.91 121.17 64.03 65.05 54.88 56.12
ynao_sd_19831216_0100_hong 13 12 1 1 0 93.87 102.21 66.34 71.97 27.53 30.24
ynao_sd_19831217_0110_hong 9 8 1 1 0 81.77 100.69 52.31 63.64 29.46 37.05
ynao_sd_19831218_0120_hong 3 3 0 0 0 35.38 55.69 35.38 55.69 0 0
ynao_sd_19831219_0050_cai 5 3 2 1 0 778.45 1612.73 39.33 74.17 739.12 1538.56
ynao_sd_19831220_0050_cai 2 2 0 0 0 10.03 35.57 10.03 35.57 0 0
ynao_sd_19831221_0030_cai 0 0 0 0 0 0 0 0 0 0 0
ynao_sd_19831222_0040_cai 0 0 0 0 0 0 0 0 0 0 0
ynao_sd_19831223_0235_cai 2 0 2 1 0 566.71 1334.75 7.47 18.0 559.24 1316.75
ynao_sd_19831225_0720_cai 5 5 0 0 0 28.84 47.26 28.84 47.26 0 0
ynao_sd_19831229_0450_wang 5 5 0 0 0 26.08 30.42 26.08 30.42 0 0
ynao_sd_19831230_0200_wang 8 8 0 0 0 45.46 48.26 45.46 48.26 0 0
ynao_sd_19831231_0205_wang 2 2 0 0 0 10.69 11.06 10.69 11.06 0 0
