ynao_sd_19840101_0110_wang 0 0 0 0 0 0 0 0 0 0 0
ynao_sd_19840102_0120_chai 10 10 0 0 0 59.04 67.98 59.04 67.98 0 0
ynao_sd_19840103_0850_chai 8 7 1 1 0 68.37 105.81 41.21 62.04 27.16 43.77
ynao_sd_19840104_0030_chai 14 13 1 1 0 100.67 173.46 73.87 123.47 26.8 49.99
ynao_sd_19840105_0120_chai 9 6 3 1 0 150.84 368.77 70.43 185.75 80.41 183.02
ynao_sd_19840106_0240_chai 1 1 0 0 0 21.33 88.34 21.33 88.34 0 0
ynao_sd_19840107_0445_li 0 0 0 0 0 0 0 0 0 0 0
ynao_sd_19840109_0305_li 1 1 0 0 0 5.07 6.6 5.07 6.6 0 0
ynao_sd_19840110_0200_li 0 0 0 0 0 0 0 0 0 0 0
ynao_sd_19840111_0110_li 0 0 0 0 0 0 0 0 0 0 0
ynao_sd_19840112_0130_li 1 1 0 0 0 4.32 4.6 4.32 4.6 0 0
ynao_sd_19840113_0140_li 2 2 0 0 0 17.79 20.95 17.79 20.95 0 0
ynao_sd_19840114_0130_li 0 0 0 0 0 0 0 0 0 0 0
ynao_sd_19840115_0130_li 0 0 0 0 0 0 0 0 0 0 0
ynao_sd_19840116_0105_hong 0 0 0 0 0 0 0 0 0 0 0
ynao_sd_19840117_0050_hong 1 1 0 0 0 4.98 5.3 4.98 5.3 0 0
ynao_sd_19840118_0340_hong 0 0 0 0 0 0 0 0 0 0 0
ynao_sd_19840119_0050_hong 0 0 0 0 0 0 0 0 0 0 0
ynao_sd_19840120_0110_hong 0 0 0 0 0 0 0 0 0 0 0
ynao_sd_19840121_0100_hong 0 0 0 1 0 94.6 441.55 0 0 94.6 441.55
ynao_sd_19840122_0130_hong 13 9 4 2 0 321.96 873.09 95.7 294.01 226.26 579.08
ynao_sd_19840123_0110_chai 9 6 3 3 0 352.09 644.0 103.78 215.54 248.31 428.46
ynao_sd_19840124_0120_chai 34 20 14 3 0 1279.25 2601.53 329.99 636.08 949.26 1965.45
ynao_sd_19840125_0220_chai 79 48 31 6 0 2771.77 4226.33 628.55 922.1 2143.22 3304.23
ynao_sd_19840126_0140_chai 66 37 29 6 0 4190.91 5237.45 840.18 1031.5 3350.73 4205.95
ynao_sd_19840127_0140_chai 55 23 32 6 2 4914.03 5511.76 1092.05 1229.78 3821.98 4281.98
ynao_sd_19840128_0210_chai 68 27 41 5 0 5812.63 6253.9 978.43 1063.73 4834.2 5190.17
ynao_sd_19840129_0300_chai 61 30 31 6 0 6296.5 6880.13 1011.78 1115.72 5284.72 5764.41
ynao_sd_19840130_0200_li 73 33 40 4 0 5786.32 6709.1 1022.7 1199.71 4763.62 5509.39
ynao_sd_19840131_0150_li 67 29 38 6 0 5197.69 6703.77 846.19 1097.98 4351.5 5605.79
ynao_sd_19840201_0130_li 53 32 21 5 0 4316.36 6557.89 698.59 1059.28 3617.77 5498.61
ynao_sd_19840202_0130_li 46 33 13 4 0 2783.85 5308.14 623.46 1162.15 2160.39 4145.99
ynao_sd_19840203_0110_hong 34 20 14 4 0 1792.53 4180.41 352.03 815.61 1440.5 3364.8
ynao_sd_19840204_0110_chai 19 15 4 1 0 825.45 2736.64 237.34 761.46 588.11 1975.18
ynao_sd_19840205_0200_chai 5 5 0 0 0 70.05 149.14 70.05 149.14 0 0
ynao_sd_19840206_0930_wang 5 4 1 1 0 133.69 173.85 49.86 67.36 83.83 106.49
ynao_sd_19840207_0855_wang 14 12 2 2 0 150.1 188.11 70.34 98.73 79.76 89.38
ynao_sd_19840208_0740_wang 10 7 3 3 0 190.11 215.61 57.39 75.65 132.72 139.96
ynao_sd_19840209_0340_wang 7 5 2 2 0 142.41 148.21 42.18 43.83 100.23 104.38
ynao_sd_19840210_0100_wang 10 8 2 1 0 153.78 165.54 49.97 53.78 103.81 111.76
ynao_sd_19840211_0050_wang 4 3 1 1 0 63.95 75.25 19.58 22.97 44.37 52.28
ynao_sd_19840212_0100_wang 5 5 0 0 0 28.72 39.48 28.72 39.48 0 0
ynao_sd_19840213_0120_chai 2 2 0 0 0 13.39 24.96 13.39 24.96 0 0
ynao_sd_19840214_0220_chai 0 0 0 0 0 0 0 0 0 0 0
ynao_sd_19840215_0100_chai 2 2 0 0 0 38.08 82.18 38.08 82.18 0 0
ynao_sd_19840216_0105_chai 4 4 0 0 0 27.17 42.84 27.17 42.84 0 0
ynao_sd_19840217_0100_chai 0 0 0 0 0 0 0 0 0 0 0
ynao_sd_19840218_0235_chai 11 6 5 3 0 528.94 1932.34 143.35 518.98 385.59 1413.36
ynao_sd_19840219_0420_chai 21 12 9 2 1 1188.04 2672.94 240.38 611.68 947.66 2061.26
ynao_sd_19840220_0110_hong 37 16 21 3 1 1989.42 3852.97 334.56 689.64 1654.86 3163.33
ynao_sd_19840221_0100_hong 50 27 23 6 0 2305.75 3576.51 444.28 670.02 1861.47 2906.49
ynao_sd_19840222_0100_hong 57 36 21 8 0 2575.64 3282.92 494.96 624.6 2080.68 2658.32
ynao_sd_19840223_0105_hong 52 28 24 8 0 2559.11 2917.92 459.37 526.61 2099.74 2391.31
ynao_sd_19840224_0100_hong 58 39 19 11 0 2705.3 2959.88 522.22 572.23 2183.08 2387.65
ynao_sd_19840225_0040_hong 50 33 17 9 0 2365.3 2595.72 553.54 609.36 1811.76 1986.36
ynao_sd_19840226_0320_hong 47 33 14 7 0 2174.33 2526.58 504.25 584.27 1670.08 1942.31
ynao_sd_19840227_0130_chai 28 17 11 4 0 1781.68 2281.43 398.94 492.29 1382.74 1789.14
ynao_sd_19840302_0700_chai 9 6 3 3 0 204.63 631.1 62.34 156.65 142.29 474.45
ynao_sd_19840304_0400_chai 6 6 0 0 0 28.77 30.04 28.77 30.04 0 0
ynao_sd_19840305_0120_li 2 2 0 0 0 10.67 10.83 10.67 10.83 0 0
ynao_sd_19840306_0120_li 1 1 0 0 0 5.15 5.25 5.15 5.25 0 0
ynao_sd_19840307_0120_li 0 0 0 0 0 0 0 0 0 0 0
ynao_sd_19840308_0130_li 0 0 0 0 0 0 0 0 0 0 0
ynao_sd_19840309_0130_li 0 0 0 0 0 0 0 0 0 0 0
ynao_sd_19840310_0230_li 1 1 0 0 0 3.9 4.14 3.9 4.14 0 0
ynao_sd_19840311_0100_li 0 0 0 0 0 0 0 0 0 0 0
ynao_sd_19840312_0110_hong 0 0 0 0 0 0 0 0 0 0 0
ynao_sd_19840313_0100_hong 0 0 0 0 0 0 0 0 0 0 0
ynao_sd_19840314_0050_hong 0 0 0 0 0 0 0 0 0 0 0
ynao_sd_19840315_0040_hong 3 2 1 3 0 116.7 365.93 14.72 46.04 101.98 319.89
ynao_sd_19840316_0100_hong 16 13 3 2 0 246.0 760.39 158.76 601.63 87.24 158.76
ynao_sd_19840317_0100_hong 20 16 4 3 0 426.92 862.17 132.31 220.32 294.61 641.85
ynao_sd_19840318_0110_hong 19 15 4 3 0 520.88 922.76 171.6 244.5 349.28 678.26
ynao_sd_19840319_0100_chai 31 24 7 4 1 636.16 961.0 200.7 265.18 435.46 695.82
ynao_sd_19840320_0050_chai 46 39 7 4 0 775.13 987.32 282.31 341.43 492.82 645.89
ynao_sd_19840321_0040_chai 49 43 6 4 0 759.52 896.74 337.87 407.42 421.65 489.32
ynao_sd_19840322_0100_chai 47 42 5 4 0 723.97 883.39 305.77 364.26 418.2 519.13
ynao_sd_19840323_0100_chai 38 32 6 4 0 534.96 691.19 237.49 303.53 297.47 387.66
ynao_sd_19840324_0050_chai 20 18 2 2 0 442.7 497.28 189.41 215.04 253.29 282.24
ynao_sd_19840325_0230_chai 23 21 2 2 0 458.0 564.61 233.11 281.98 224.89 282.63
ynao_sd_19840326_0100_chai 11 10 1 2 0 238.18 366.46 96.15 153.03 142.03 213.43
ynao_sd_19840327_0120_chai 4 3 1 2 0 157.88 306.41 23.78 31.5 134.1 274.91
ynao_sd_19840328_0300_li 2 2 0 0 0 32.57 103.61 32.57 103.61 0 0
ynao_sd_19840329_0110_chai 9 8 1 1 0 110.41 312.22 76.09 204.27 34.32 107.95
ynao_sd_19840330_0050_chai 12 11 1 1 0 138.5 273.86 93.75 185.38 44.75 88.48
ynao_sd_19840331_0630_chai 20 19 1 1 0 181.14 264.15 120.54 177.45 60.6 86.7
ynao_sd_19840401_0230_chai 19 18 1 1 0 183.13 233.05 99.36 127.67 83.77 105.38
ynao_sd_19840402_0030_hong 9 7 2 1 0 160.97 186.86 54.75 64.46 106.22 122.4
ynao_sd_19840403_0020_hong 14 11 3 1 0 112.76 125.53 57.15 63.86 55.61 61.67
ynao_sd_19840404_0040_hong 9 8 1 1 0 109.72 123.01 44.47 49.92 65.25 73.09
ynao_sd_19840405_0140_li 7 6 1 1 0 61.59 73.32 31.9 37.79 29.69 35.53
ynao_sd_19840406_0210_hong 4 3 1 1 0 76.01 114.49 22.69 41.67 53.32 72.82
ynao_sd_19840407_0030_hong 6 4 2 1 0 66.96 119.93 28.96 54.69 38.0 65.24
ynao_sd_19840408_0110_hong 2 2 0 0 0 11.16 26.69 11.16 26.69 0 0
ynao_sd_19840409_0020_li 6 6 0 0 0 32.37 43.9 32.37 43.9 0 0
ynao_sd_19840410_0040_li 0 0 0 0 0 0 0 0 0 0 0
ynao_sd_19840411_0040_li 5 5 0 0 0 30.83 75.81 30.83 75.81 0 0
ynao_sd_19840412_0310_li 14 12 2 1 0 279.08 492.67 109.61 207.43 169.47 285.24
ynao_sd_19840413_0030_li 19 14 5 3 0 632.69 872.96 205.1 288.27 427.59 584.69
ynao_sd_19840414_0050_li 19 18 1 1 0 857.68 989.21 229.58 271.2 628.1 718.01
ynao_sd_19840415_0050_li 30 24 6 3 0 1033.62 1099.07 312.17 335.77 721.45 763.3
ynao_sd_19840416_0050_chai 32 25 7 3 0 1510.96 1552.82 340.88 351.83 1170.08 1200.99
ynao_sd_19840417_0050_chai 27 17 10 3 0 1238.31 1296.87 279.25 292.24 959.06 1004.63
ynao_sd_19840418_0030_chai 21 11 10 2 0 1129.66 1268.98 295.01 331.05 834.65 937.93
ynao_sd_19840419_0030_chai 33 27 6 2 0 1045.88 1364.89 365.56 485.41 680.32 879.48
ynao_sd_19840420_0040_chai 28 23 5 2 0 844.74 1423.17 285.12 485.16 559.62 938.01
ynao_sd_19840421_0100_chai 16 10 6 5 0 492.68 1280.83 143.65 376.2 349.03 904.63
ynao_sd_19840422_0210_chai 4 2 2 2 0 212.17 758.17 34.63 118.29 177.54 639.88
ynao_sd_19840423_0040_hong 1 1 0 0 0 11.1 16.75 11.1 16.75 0 0
ynao_sd_19840424_0030_hong 0 0 0 0 0 0 0 0 0 0 0
ynao_sd_19840425_0810_hong 1 1 0 0 0 6.62 9.82 6.62 9.82 0 0
ynao_sd_19840426_0240_hong 3 3 0 0 0 18.51 28.18 18.51 28.18 0 0
ynao_sd_19840427_0310_hong 0 0 0 0 0 0 0 0 0 0 0
ynao_sd_19840428_0210_hong 1 1 0 0 0 3.59 5.78 3.59 5.78 0 0
ynao_sd_19840429_0040_hong 0 0 0 0 0 0 0 0 0 0 0
ynao_sd_19840430_0300_li 0 0 0 0 0 0 0 0 0 0 0
ynao_sd_19840501_0210_li 0 0 0 0 0 0 0 0 0 0 0
ynao_sd_19840502_0020_li 0 0 0 0 0 0 0 0 0 0 0
ynao_sd_19840503_0005_li 0 0 0 0 0 0 0 0 0 0 0
ynao_sd_19840504_0120_li 0 0 0 0 0 0 0 0 0 0 0
ynao_sd_19840506_0030_li 3 2 1 1 0 94.97 395.06 40.22 199.36 54.75 195.7
ynao_sd_19840507_0530_chai 20 7 13 4 0 963.95 2918.35 162.23 465.86 801.72 2452.49
ynao_sd_19840508_0305_chai 29 6 23 5 0 2268.29 4397.91 343.18 656.3 1925.11 3741.61
ynao_sd_19840509_0010_chai 56 26 30 5 0 3012.79 4461.11 445.21 672.74 2567.58 3788.37
ynao_sd_19840510_0030_chai 85 42 43 5 0 3553.21 4353.87 818.42 999.08 2734.79 3354.79
ynao_sd_19840511_0010_chai 68 25 43 5 0 3798.41 4146.94 804.97 883.62 2993.44 3263.32
ynao_sd_19840512_0010_chai 88 46 42 8 0 3670.37 3771.06 827.77 851.12 2842.6 2919.94
ynao_sd_19840513_0040_chai 86 47 39 4 0 3616.29 3700.76 878.3 898.74 2737.99 2802.02
ynao_sd_19840514_0340_hong 77 41 36 8 0 3042.52 3267.71 561.47 604.69 2481.05 2663.02
ynao_sd_19840515_0140_hong 73 44 29 7 0 2513.42 3006.98 585.92 702.79 1927.5 2304.19
ynao_sd_19840516_0010_hong 50 23 27 7 0 1882.33 2627.38 370.99 516.67 1511.34 2110.71
ynao_sd_19840517_0040_hong 46 30 16 7 1 1185.68 2252.27 298.41 560.93 887.27 1691.34
ynao_sd_19840519_0200_hong 6 3 3 4 0 211.99 904.36 47.21 208.61 164.78 695.75
ynao_sd_19840520_0120_hong 2 2 0 0 0 14.03 32.44 14.03 32.44 0 0
ynao_sd_19840521_0020_li 4 4 0 0 0 18.43 23.41 18.43 23.41 0 0
ynao_sd_19840522_0620_wang 0 0 0 0 0 0 0 0 0 0 0
ynao_sd_19840523_0110_li 1 1 0 0 0 5.65 10.65 5.65 10.65 0 0
ynao_sd_19840524_0250_li 3 3 0 0 0 13.25 13.47 13.25 13.47 0 0
ynao_sd_19840525_0920_li 0 0 0 0 0 0 0 0 0 0 0
ynao_sd_19840526_0610_li 4 4 0 0 0 23.19 24.38 23.19 24.38 0 0
ynao_sd_19840527_0330_li 1 1 0 0 0 11.59 12.2 11.59 12.2 0 0
ynao_sd_19840528_0010_chai 0 0 0 0 0 0 0 0 0 0 0
ynao_sd_19840529_0005_chai 1 1 0 0 0 11.13 13.52 11.13 13.52 0 0
ynao_sd_19840530_0005_chai 1 1 0 0 0 3.74 5.08 3.74 5.08 0 0
ynao_sd_19840531_0110_chai 0 0 0 0 0 0 0 0 0 0 0
ynao_sd_19840603_0030_chai 2 0 2 1 0 94.01 352.25 25.21 95.53 68.8 256.72
ynao_sd_19840604_0020_hong 5 2 3 1 0 182.46 383.22 39.92 85.08 142.54 298.14
ynao_sd_19840605_0020_hong 4 2 2 1 0 245.78 378.6 42.91 67.31 202.87 311.29
ynao_sd_19840606_0050_li 6 4 2 1 0 220.81 271.15 40.81 48.92 180.0 222.23
ynao_sd_19840607_0150_hong 11 8 3 2 0 273.5 295.02 71.31 76.92 202.19 218.1
ynao_sd_19840608_0050_hong 8 5 3 1 0 206.65 210.27 50.37 51.46 156.28 158.81
ynao_sd_19840610_0110_hong 15 12 3 1 0 180.89 192.73 73.45 79.61 107.44 113.12
ynao_sd_19840611_0040_li 9 9 0 0 0 60.84 70.14 60.84 70.14 0 0
ynao_sd_19840612_0200_li 5 5 0 0 0 32.54 63.74 32.54 63.74 0 0
ynao_sd_19840613_0310_li 3 3 0 0 0 15.38 20.7 15.38 20.7 0 0
ynao_sd_19840614_0130_li 4 4 0 0 0 17.1 19.15 17.1 19.15 0 0
ynao_sd_19840615_0350_li 3 3 0 0 0 20.05 21.51 20.05 21.51 0 0
ynao_sd_19840616_0630_li 10 10 0 0 0 58.13 71.16 58.13 71.16 0 0
ynao_sd_19840617_0120_li 5 5 0 0 0 25.58 32.73 25.58 32.73 0 0
ynao_sd_19840618_0310_hong 10 10 0 0 0 54.85 69.3 54.85 69.3 0 0
ynao_sd_19840619_0100_hong 6 6 0 0 0 36.85 43.11 36.85 43.11 0 0
ynao_sd_19840620_0300_hong 6 6 0 0 0 28.22 31.12 28.22 31.12 0 0
ynao_sd_19840621_0050_hong 8 8 0 0 0 31.67 32.5 31.67 32.5 0 0
ynao_sd_19840622_0230_hong 3 3 0 0 0 15.35 15.98 15.35 15.98 0 0
ynao_sd_19840623_0505_hong 0 0 0 0 0 0 0 0 0 0 0
ynao_sd_19840624_0105_hong 1 1 0 0 0 3.53 5.14 3.53 5.14 0 0
ynao_sd_19840625_0140_chai 1 1 0 0 0 15.9 16.75 15.9 16.75 0 0
ynao_sd_19840626_0150_chai 1 1 0 0 0 5.87 7.57 5.87 7.57 0 0
ynao_sd_19840627_0940_chai 2 0 2 1 0 145.26 288.42 37.68 74.99 107.58 213.43
ynao_sd_19840628_0210_chai 2 1 1 1 0 146.92 233.53 28.2 42.63 118.72 190.9
ynao_sd_19840630_0330_chai 13 9 4 3 0 426.29 647.79 129.84 233.07 296.45 414.72
ynao_sd_19840701_0520_chai 10 7 3 3 0 427.81 517.37 121.73 156.61 306.08 360.76
ynao_sd_19840704_0610_li 14 12 2 2 0 320.91 369.83 116.06 142.63 204.85 227.2
ynao_sd_19840705_0045_li 21 19 2 2 0 306.43 380.59 146.56 188.51 159.87 192.08
ynao_sd_19840707_0310_li 7 5 2 2 0 142.0 236.71 59.3 87.76 82.7 148.95
ynao_sd_19840708_0310_li 10 9 1 1 0 131.66 212.08 84.64 147.11 47.02 64.97
ynao_sd_19840709_0555_wang 15 13 2 1 0 99.57 160.5 67.9 101.89 31.67 58.61
ynao_sd_19840710_0045_wang 11 10 1 1 0 83.26 156.55 44.23 55.98 39.03 100.57
ynao_sd_19840711_0355_wang 1 1 0 0 0 5.79 30.31 5.79 30.31 0 0
ynao_sd_19840712_0620_wang 0 0 0 0 0 0 0 0 0 0 0
ynao_sd_19840713_0110_wang 0 0 0 0 0 0 0 0 0 0 0
ynao_sd_19840714_0130_wang 4 4 0 0 0 17.1 19.52 17.1 19.52 0 0
ynao_sd_19840715_0030_wang 1 1 0 0 0 4.56 5.83 4.56 5.83 0 0
ynao_sd_19840716_0020_wang 1 1 0 0 0 6.78 7.9 6.78 7.9 0 0
ynao_sd_19840717_0035_wang 0 0 0 0 0 0 0 0 0 0 0
ynao_sd_19840718_0035_wang 2 2 0 0 0 10.8 15.06 10.8 15.06 0 0
ynao_sd_19840719_0920_wang 0 0 0 0 0 0 0 0 0 0 0
ynao_sd_19840720_0720_wang 4 4 0 0 0 20.81 86.68 20.81 86.68 0 0
ynao_sd_19840721_0520_wang 0 0 0 0 0 0 0 0 0 0 0
ynao_sd_19840722_0725_wang 0 0 0 0 0 0 0 0 0 0 0
ynao_sd_19840724_0550_wang 1 1 0 0 0 6.61 13.35 6.61 13.35 0 0
ynao_sd_19840725_0540_wang 1 1 0 0 0 3.83 5.6 3.83 5.6 0 0
ynao_sd_19840727_0030_hong 3 3 0 0 0 16.34 21.35 16.34 21.35 0 0
ynao_sd_19840728_0040_hong 1 1 0 0 0 3.82 8.97 3.82 8.97 0 0
ynao_sd_19840729_0100_hong 0 0 0 0 0 0 0 0 0 0 0
ynao_sd_19840730_0105_hong 3 3 0 0 0 15.02 18.66 15.02 18.66 0 0
ynao_sd_19840731_0020_chai 0 0 0 0 0 0 0 0 0 0 0
ynao_sd_19840801_0050_hong 0 0 0 0 0 0 0 0 0 0 0
ynao_sd_19840802_0030_hong 3 3 0 0 0 13.17 13.29 13.17 13.29 0 0
ynao_sd_19840803_0220_chai 1 1 0 1 0 766.5 840.38 4.94 5.42 761.56 834.96
ynao_sd_19840804_0120_chai 1 1 0 0 0 7.99 27.81 7.99 27.81 0 0
ynao_sd_19840805_0020_chai 2 2 0 0 0 17.56 35.59 17.56 35.59 0 0
ynao_sd_19840806_0305_chai 9 9 0 0 0 51.92 99.63 51.92 99.63 0 0
ynao_sd_19840807_0050_hong 26 26 0 0 0 117.02 146.21 117.02 146.21 0 0
ynao_sd_19840808_0020_chai 34 34 0 0 0 184.39 208.42 184.39 208.42 0 0
ynao_sd_19840809_0030_chai 33 30 3 2 0 243.93 251.62 154.22 159.2 89.71 92.42
ynao_sd_19840810_0320_chai 35 31 4 2 0 391.39 391.81 211.67 212.0 179.72 179.81
ynao_sd_19840811_0030_chai 24 20 4 2 0 266.49 273.1 147.05 151.06 119.44 122.04
ynao_sd_19840812_0420_chai 9 9 0 0 0 63.59 69.19 63.59 69.19 0 0
ynao_sd_19840813_0210_hong 22 22 0 0 0 112.39 132.88 112.39 132.88 0 0
ynao_sd_19840814_0910_hong 15 15 0 0 0 77.37 104.44 77.37 104.44 0 0
ynao_sd_19840815_0050_hong 10 10 0 0 0 54.79 79.26 54.79 79.26 0 0
ynao_sd_19840816_0200_hong 8 8 0 0 0 41.83 78.14 41.83 78.14 0 0
ynao_sd_19840817_0140_hong 0 0 0 0 0 0 0 0 0 0 0
ynao_sd_19840818_0110_hong 1 1 0 0 0 4.99 19.81 4.99 19.81 0 0
ynao_sd_19840819_0140_chai 0 0 0 0 0 0 0 0 0 0 0
ynao_sd_19840820_0320_chai 0 0 0 0 0 0 0 0 0 0 0
ynao_sd_19840821_0240_chai 0 0 0 0 0 0 0 0 0 0 0
ynao_sd_19840822_0120_chai 0 0 0 0 0 0 0 0 0 0 0
ynao_sd_19840823_0550_chai 2 2 0 0 0 14.47 19.53 14.47 19.53 0 0
ynao_sd_19840824_0045_chai 0 0 0 0 0 0 0 0 0 0 0
ynao_sd_19840825_0205_chai 0 0 0 0 0 0 0 0 0 0 0
ynao_sd_19840826_0420_chai 1 1 0 0 0 8.57 9.12 8.57 9.12 0 0
ynao_sd_19840827_0150_hong 0 0 0 0 0 0 0 0 0 0 0
ynao_sd_19840828_0220_hong 0 0 0 0 0 0 0 0 0 0 0
ynao_sd_19840829_0230_hong 0 0 0 0 0 0 0 0 0 0 0
ynao_sd_19840830_0440_hong 0 0 0 0 0 0 0 0 0 0 0
ynao_sd_19840831_0040_hong 0 0 0 0 0 0 0 0 0 0 0
ynao_sd_19840901_0220_hong 2 2 0 0 0 11.88 18.86 11.88 18.86 0 0
ynao_sd_19840902_0230_hong 4 4 0 0 0 16.54 33.61 16.54 33.61 0 0
ynao_sd_19840903_0130_chai 4 4 0 0 0 27.89 39.85 27.89 39.85 0 0
ynao_sd_19840904_0010_chai 2 2 0 0 0 15.75 20.16 15.75 20.16 0 0
ynao_sd_19840905_0640_chai 6 6 0 0 0 44.34 46.27 44.34 46.27 0 0
ynao_sd_19840906_0030_chai 11 11 0 0 0 57.06 77.02 57.06 77.02 0 0
ynao_sd_19840907_0440_chai 6 6 0 0 0 31.02 43.63 31.02 43.63 0 0
ynao_sd_19840908_0310_chai 9 9 0 0 0 58.58 204.19 58.58 204.19 0 0
ynao_sd_19840909_0250_chai 3 3 0 0 0 22.05 23.32 22.05 23.32 0 0
ynao_sd_19840910_0040_li 1 1 0 0 0 3.9 3.92 3.9 3.92 0 0
ynao_sd_19840911_0210_li 0 0 0 0 0 0 0 0 0 0 0
ynao_sd_19840915_0820_li 2 2 0 0 0 14.17 16.83 14.17 16.83 0 0
ynao_sd_19840916_0240_li 0 0 0 0 0 0 0 0 0 0 0
ynao_sd_19840919_0340_li 0 0 0 0 0 0 0 0 0 0 0
ynao_sd_19840920_0100_li 1 1 0 0 0 5.73 5.77 5.73 5.77 0 0
ynao_sd_19840921_0050_wang 0 0 0 0 0 0 0 0 0 0 0
ynao_sd_19840922_0055_wang 2 2 0 0 0 8.9 14.22 8.9 14.22 0 0
ynao_sd_19840923_0320_wang 1 1 0 0 0 4.26 6.05 4.26 6.05 0 0
ynao_sd_19840924_0040_wang 0 0 0 0 0 0 0 0 0 0 0
ynao_sd_19840925_0340_chai 2 2 0 0 0 8.67 9.85 8.67 9.85 0 0
ynao_sd_19840926_0210_chai 0 0 0 0 0 0 0 0 0 0 0
ynao_sd_19840927_0100_chai 2 2 0 0 0 10.23 14.53 10.23 14.53 0 0
ynao_sd_19840928_0100_chai 1 1 0 0 0 3.82 4.02 3.82 4.02 0 0
ynao_sd_19840929_0100_chai 2 2 0 0 0 9.96 10.37 9.96 10.37 0 0
ynao_sd_19840930_0210_chai 1 1 0 0 0 3.15 3.33 3.15 3.33 0 0
ynao_sd_19841001_0315_wang 0 0 0 0 0 0 0 0 0 0 0
ynao_sd_19841002_0530_hong 0 0 0 0 0 0 0 0 0 0 0
ynao_sd_19841003_0130_hong 0 0 0 0 0 0 0 0 0 0 0
ynao_sd_19841004_0650_hong 0 0 0 0 0 0 0 0 0 0 0
ynao_sd_19841005_0700_hong 0 0 0 0 0 0 0 0 0 0 0
ynao_sd_19841007_0150_hong 0 0 0 0 0 0 0 0 0 0 0
ynao_sd_19841008_0115_hong 0 0 0 0 0 0 0 0 0 0 0
ynao_sd_19841009_0110_li 0 0 0 0 0 0 0 0 0 0 0
ynao_sd_19841010_0005_li 0 0 0 0 0 0 0 0 0 0 0
ynao_sd_19841011_0040_li 0 0 0 0 0 0 0 0 0 0 0
ynao_sd_19841013_0330_li 1 1 0 0 0 5.81 5.85 5.81 5.85 0 0
ynao_sd_19841014_0140_li 0 0 0 0 0 0 0 0 0 0 0
ynao_sd_19841015_0045_li 2 2 0 0 0 14.19 24.54 14.19 24.54 0 0
ynao_sd_19841016_0230_li 12 8 4 2 0 280.55 430.68 81.01 121.99 199.54 308.69
ynao_sd_19841019_0740_li 12 11 1 1 0 184.44 185.55 89.1 90.14 95.34 95.41
ynao_sd_19841022_0440_chai 4 2 2 1 0 115.42 144.01 35.86 44.4 79.56 99.61
ynao_sd_19841023_0030_chai 6 5 1 1 0 108.52 159.04 45.6 65.34 62.92 93.7
ynao_sd_19841024_0035_chai 3 2 1 1 0 74.38 136.37 36.38 54.51 38.0 81.86
ynao_sd_19841025_0100_chai 3 3 0 0 0 16.99 54.14 16.99 54.14 0 0
ynao_sd_19841026_0100_chai 0 0 0 0 0 0 0 0 0 0 0
ynao_sd_19841027_0100_chai 1 1 0 0 0 5.57 5.66 5.57 5.66 0 0
ynao_sd_19841028_0100_chai 0 0 0 0 0 0 0 0 0 0 0
ynao_sd_19841029_0050_hong 2 2 0 0 0 10.21 14.89 10.21 14.89 0 0
ynao_sd_19841030_0350_hong 0 0 0 0 0 0 0 0 0 0 0
ynao_sd_19841031_0310_hong 2 2 0 0 0 17.07 19.03 17.07 19.03 0 0
ynao_sd_19841102_0650_hong 1 1 0 0 0 5.33 9.4 5.33 9.4 0 0
ynao_sd_19841103_0210_hong 0 0 0 0 0 0 0 0 0 0 0
ynao_sd_19841104_0150_hong 0 0 0 0 0 0 0 0 0 0 0
ynao_sd_19841105_0100_chai 0 0 0 0 0 0 0 0 0 0 0
ynao_sd_19841106_0100_chai 0 0 0 0 0 0 0 0 0 0 0
ynao_sd_19841107_0100_chai 0 0 0 0 0 0 0 0 0 0 0
ynao_sd_19841108_0110_chai 1 1 0 0 0 4.33 33.32 4.33 33.32 0 0
ynao_sd_19841109_0220_chai 6 6 0 0 0 42.32 49.05 42.32 49.05 0 0
ynao_sd_19841110_0050_chai 14 12 2 1 0 145.46 157.97 138.9 150.92 6.56 7.05
ynao_sd_19841111_0220_chai 11 10 1 1 0 173.71 178.86 83.33 86.27 90.38 92.59
ynao_sd_19841112_0100_li 12 11 1 1 0 98.97 103.29 83.63 87.43 15.34 15.86
ynao_sd_19841113_0050_li 8 8 0 0 0 61.84 68.57 61.84 68.57 0 0
ynao_sd_19841114_0040_li 3 3 0 0 0 13.02 16.41 13.02 16.41 0 0
ynao_sd_19841115_0100_li 1 1 0 0 0 6.46 7.52 6.46 7.52 0 0
ynao_sd_19841116_0140_li 1 1 0 0 0 3.88 3.92 3.88 3.92 0 0
ynao_sd_19841117_0105_li 0 0 0 0 0 0 0 0 0 0 0
ynao_sd_19841118_0035_li 5 5 0 0 0 43.91 67.75 43.91 67.75 0 0
ynao_sd_19841119_0030_hong 6 6 0 0 0 36.26 73.65 36.26 73.65 0 0
ynao_sd_19841120_0010_hong 8 7 1 1 0 60.51 75.95 40.97 55.41 19.54 20.54
ynao_sd_19841121_0145_wang 12 9 3 1 0 168.2 188.68 57.0 63.31 111.2 125.37
ynao_sd_19841122_0100_wang 10 7 3 1 0 221.27 282.32 65.89 82.91 155.38 199.41
ynao_sd_19841123_0040_wang 7 6 1 1 0 181.81 280.61 50.57 76.42 131.24 204.19
ynao_sd_19841124_0140_wang 6 5 1 1 0 117.36 247.92 34.27 69.13 83.09 178.79
ynao_sd_19841125_0020_chai 3 2 1 1 0 69.26 231.64 22.6 67.78 46.66 163.86
ynao_sd_19841126_0150_chai 0 0 0 0 0 0 0 0 0 0 0
ynao_sd_19841127_0320_li 0 0 0 0 0 0 0 0 0 0 0
ynao_sd_19841128_0200_chai 0 0 0 0 0 0 0 0 0 0 0
ynao_sd_19841129_0100_li 0 0 0 0 0 0 0 0 0 0 0
ynao_sd_19841130_0100_wang 0 0 0 0 0 0 0 0 0 0 0
ynao_sd_19841201_0120_chai 1 1 0 0 0 7.4 13.12 7.4 13.12 0 0
ynao_sd_19841202_0400_chai 0 0 0 0 0 0 0 0 0 0 0
ynao_sd_19841203_0240_li 2 2 0 0 0 59.51 71.13 59.51 71.13 0 0
ynao_sd_19841204_0045_li 4 4 0 0 0 47.52 94.08 47.52 94.08 0 0
ynao_sd_19841205_0320_li 4 4 0 0 0 48.83 68.54 48.83 68.54 0 0
ynao_sd_19841206_0250_li 1 1 0 0 0 11.82 14.54 11.82 14.54 0 0
ynao_sd_19841207_0100_li 3 3 0 0 0 18.02 19.91 18.02 19.91 0 0
ynao_sd_19841208_0040_li 1 1 0 0 0 5.5 5.78 5.5 5.78 0 0
ynao_sd_19841209_0110_li 0 0 0 0 0 0 0 0 0 0 0
ynao_sd_19841210_0100_chai 0 0 0 0 0 0 0 0 0 0 0
ynao_sd_19841211_0140_chai 0 0 0 0 0 0 0 0 0 0 0
ynao_sd_19841212_0330_chai 3 3 0 0 0 29.19 69.66 29.19 69.66 0 0
ynao_sd_19841213_0050_chai 5 5 0 0 0 35.97 63.03 35.97 63.03 0 0
ynao_sd_19841214_0100_chai 8 8 0 0 0 43.82 59.79 43.82 59.79 0 0
ynao_sd_19841215_0040_chai 4 4 0 0 0 24.68 29.02 24.68 29.02 0 0
ynao_sd_19841216_0100_hong 11 11 0 0 0 85.02 92.0 85.02 92.0 0 0
ynao_sd_19841217_0100_hong 14 11 3 1 0 138.62 145.97 62.25 65.35 76.37 80.62
ynao_sd_19841218_0050_hong 6 4 2 1 0 88.14 96.42 30.2 34.15 57.94 62.27
ynao_sd_19841219_0040_hong 4 3 1 1 0 76.4 88.91 28.6 33.52 47.8 55.39
ynao_sd_19841220_0045_hong 0 0 0 1 0 26.88 35.35 0 0 26.88 35.35
ynao_sd_19841221_0110_hong 0 0 0 1 0 17.25 28.02 0 0 17.25 28.02
ynao_sd_19841222_0100_hong 0 0 0 0 0 0 0 0 0 0 0
ynao_sd_19841223_0440_li 0 0 0 0 0 0 0 0 0 0 0
ynao_sd_19841224_0050_li 1 1 0 0 0 6.22 9.14 6.22 9.14 0 0
ynao_sd_19841225_0110_li 1 1 0 0 0 7.13 7.29 7.13 7.29 0 0
ynao_sd_19841226_0105_li 0 0 0 0 0 0 0 0 0 0 0
ynao_sd_19841227_0130_li 1 1 0 0 0 19.54 27.06 19.54 27.06 0 0
ynao_sd_19841228_0200_li 0 0 0 0 0 0 0 0 0 0 0
ynao_sd_19841229_0940_li 0 0 0 0 0 0 0 0 0 0 0
ynao_sd_19841230_0120_li 0 0 0 0 0 0 0 0 0 0 0
ynao_sd_19841231_0050_li 0 0 0 0 0 0 0 0 0 0 0
