ynao_sd_19850101_0140_chai 2 2 0 0 0 18.22 20.7 18.22 20.7 0 0
ynao_sd_19850102_0130_chai 0 0 0 0 0 0 0 0 0 0 0
ynao_sd_19850103_0910_li 0 0 0 0 0 0 0 0 0 0 0
ynao_sd_19850104_0100_chai 0 0 0 0 0 0 0 0 0 0 0
ynao_sd_19850105_0100_chai 0 0 0 0 0 0 0 0 0 0 0
ynao_sd_19850106_0100_chai 0 0 0 0 0 0 0 0 0 0 0
ynao_sd_19850107_0100_hong 0 0 0 0 0 0 0 0 0 0 0
ynao_sd_19850108_0110_hong 0 0 0 0 0 0 0 0 0 0 0
ynao_sd_19850109_0105_hong 2 2 0 0 0 10.42 16.64 10.42 16.64 0 0
ynao_sd_19850110_0220_hong 3 3 0 0 0 11.61 16.34 11.61 16.34 0 0
ynao_sd_19850111_0100_hong 0 0 0 0 0 0 0 0 0 0 0
ynao_sd_19850112_0120_hong 1 1 0 0 0 6.64 10.11 6.64 10.11 0 0
ynao_sd_19850113_0220_hong 0 0 0 0 0 0 0 0 0 0 0
ynao_sd_19850114_0110_li 0 0 0 0 0 0 0 0 0 0 0
ynao_sd_19850115_0150_li 0 0 0 0 0 0 0 0 0 0 0
ynao_sd_19850116_0120_li 0 0 0 0 0 0 0 0 0 0 0
ynao_sd_19850117_0120_li 0 0 0 0 0 0 0 0 0 0 0
ynao_sd_19850118_0050_li 0 0 0 0 0 0 0 0 0 0 0
ynao_sd_19850119_0145_li 3 3 0 0 0 20.13 38.61 20.13 38.61 0 0
ynao_sd_19850120_0105_li 2 2 0 0 0 12.35 16.12 12.35 16.12 0 0
ynao_sd_19850121_0100_wang 8 7 1 1 0 85.73 95.59 41.4 46.47 44.33 49.12
ynao_sd_19850122_0100_wang 7 7 0 0 0 39.09 40.51 39.09 40.51 0 0
ynao_sd_19850123_0045_wang 2 2 0 0 0 22.86 23.28 22.86 23.28 0 0
ynao_sd_19850124_0120_wang 7 7 0 0 0 30.41 32.29 30.41 32.29 0 0
ynao_sd_19850125_0140_wang 3 3 0 0 0 15.09 17.75 15.09 17.75 0 0
ynao_sd_19850126_0200_wang 1 1 0 0 0 6.6 9.33 6.6 9.33 0 0
ynao_sd_19850127_0100_wang 1 1 0 0 0 6.24 7.1 6.24 7.1 0 0
ynao_sd_19850128_0100_chai 0 0 0 0 0 0 0 0 0 0 0
ynao_sd_19850130_0510_chai 0 0 0 0 0 0 0 0 0 0 0
ynao_sd_19850131_0100_chai 0 0 0 0 0 0 0 0 0 0 0
ynao_sd_19850201_0100_chai 6 6 0 0 0 31.01 33.73 31.01 33.73 0 0
ynao_sd_19850202_0120_chai 8 7 1 2 0 218.77 245.95 42.21 47.49 176.56 198.46
ynao_sd_19850203_0430_chai 7 4 3 2 0 215.96 274.44 74.94 95.26 141.02 179.18
ynao_sd_19850204_0105_hong 9 5 4 2 0 139.7 205.56 43.83 63.7 95.87 141.86
ynao_sd_19850205_0050_hong 4 2 2 2 0 88.48 164.94 23.26 40.88 65.22 124.06
ynao_sd_19850206_0120_hong 2 2 0 0 0 17.79 51.53 17.79 51.53 0 0
ynao_sd_19850207_0105_hong 1 1 0 0 0 12.12 52.46 12.12 52.46 0 0
ynao_sd_19850208_0050_hong 1 1 0 0 0 4.84 13.61 4.84 13.61 0 0
ynao_sd_19850209_0045_hong 3 3 0 0 0 21.59 22.38 21.59 22.38 0 0
ynao_sd_19850210_0120_hong 9 9 0 0 0 57.39 74.5 57.39 74.5 0 0
ynao_sd_19850211_0120_wang 3 3 0 0 0 13.9 15.72 13.9 15.72 0 0
ynao_sd_19850212_0105_wang 0 0 0 0 0 0 0 0 0 0 0
ynao_sd_19850213_0105_wang 0 0 0 0 0 0 0 0 0 0 0
ynao_sd_19850214_0050_wang 2 2 0 0 0 10.97 31.57 10.97 31.57 0 0
ynao_sd_19850215_0100_wang 0 0 0 0 0 0 0 0 0 0 0
ynao_sd_19850216_0430_wang 0 0 0 0 0 0 0 0 0 0 0
ynao_sd_19850217_0610_wang 1 1 0 0 0 6.0 7.97 6.0 7.97 0 0
ynao_sd_19850218_0120_chai 0 0 0 0 0 0 0 0 0 0 0
ynao_sd_19850219_0120_chai 0 0 0 0 0 0 0 0 0 0 0
ynao_sd_19850220_0420_chai 6 2 4 2 0 179.0 589.11 41.8 130.35 137.2 458.76
ynao_sd_19850221_0800_chai 8 2 6 4 0 478.76 912.43 91.63 178.28 387.13 734.15
ynao_sd_19850222_0130_chai 9 6 3 2 0 300.79 446.74 134.44 206.64 166.35 240.1
ynao_sd_19850223_0120_hong 13 11 2 1 0 289.47 348.21 97.9 120.27 191.57 227.94
ynao_sd_19850224_0040_chai 8 5 3 1 0 214.75 230.72 59.08 64.0 155.67 166.72
ynao_sd_19850225_0120_chai 4 3 1 1 0 170.76 174.14 61.08 62.27 109.68 111.87
ynao_sd_19850226_0130_hong 7 5 2 1 0 148.2 151.64 44.8 45.76 103.4 105.88
ynao_sd_19850309_0100_li 1 1 0 0 0 4.96 7.61 4.96 7.61 0 0
ynao_sd_19850310_0150_li 0 0 0 0 0 0 0 0 0 0 0
ynao_sd_19850311_0830_hong 7 7 0 0 0 34.55 43.02 34.55 43.02 0 0
ynao_sd_19850312_0350_hong 4 4 0 0 0 26.73 38.34 26.73 38.34 0 0
ynao_sd_19850316_0530_hong 0 0 0 0 0 0 0 0 0 0 0
ynao_sd_19850317_0200_hong 0 0 0 0 0 0 0 0 0 0 0
ynao_sd_19850318_0350_wang 0 0 0 0 0 0 0 0 0 0 0
ynao_sd_19850320_0345_wang 0 0 0 0 0 0 0 0 0 0 0
ynao_sd_19850321_0615_wang 1 1 0 0 0 7.47 9.58 7.47 9.58 0 0
ynao_sd_19850322_0050_wang 1 1 0 0 0 6.51 7.9 6.51 7.9 0 0
ynao_sd_19850323_0105_wang 7 4 3 1 0 223.74 731.02 52.14 175.07 171.6 555.95
ynao_sd_19850324_0150_hong 10 3 7 2 0 367.67 722.82 77.46 146.91 290.21 575.91
ynao_sd_19850325_0040_li 7 3 4 2 0 457.04 682.38 59.18 91.29 397.86 591.09
ynao_sd_19850326_0040_li 11 8 3 1 0 553.73 675.86 96.9 121.49 456.83 554.37
ynao_sd_19850327_0040_li 13 8 5 1 0 522.5 569.01 90.46 100.3 432.04 468.71
ynao_sd_19850328_0040_li 14 10 4 1 0 410.36 423.31 104.44 108.78 305.92 314.53
ynao_sd_19850329_0055_li 12 7 5 2 0 343.41 374.28 99.26 123.05 244.15 251.23
ynao_sd_19850331_0750_li 4 2 2 2 0 206.24 259.77 39.81 49.95 166.43 209.82
ynao_sd_19850401_0100_hong 7 5 2 2 0 216.35 311.03 61.41 84.28 154.94 226.75
ynao_sd_19850402_0050_hong 2 0 2 2 0 152.38 293.91 16.48 32.02 135.9 261.89
ynao_sd_19850403_0050_hong 3 2 1 1 0 78.83 245.7 20.53 61.05 58.3 184.65
ynao_sd_19850404_0040_hong 1 1 0 0 0 9.08 35.68 9.08 35.68 0 0
ynao_sd_19850405_0040_hong 1 1 0 0 0 19.62 33.65 19.62 33.65 0 0
ynao_sd_19850406_0000_hong 0 0 0 0 0 0 0 0 0 0 0
ynao_sd_19850407_0003_hong 1 1 0 0 0 4.19 4.64 4.19 4.64 0 0
ynao_sd_19850408_0020_wang 0 0 0 0 0 0 0 0 0 0 0
ynao_sd_19850409_0010_wang 0 0 0 0 0 0 0 0 0 0 0
ynao_sd_19850410_0010_wang 0 0 0 0 0 0 0 0 0 0 0
ynao_sd_19850411_0120_wang 1 1 0 0 0 4.69 6.25 4.69 6.25 0 0
ynao_sd_19850412_0010_wang 1 1 0 0 0 14.75 20.24 14.75 20.24 0 0
ynao_sd_19850413_0040_wang 0 0 0 0 0 0 0 0 0 0 0
ynao_sd_19850414_0710_hong 1 1 0 0 0 9.68 12.49 9.68 12.49 0 0
ynao_sd_19850415_0640_hong 0 0 0 0 0 0 0 0 0 0 0
ynao_sd_19850416_0120_hong 1 1 0 0 0 6.97 8.62 6.97 8.62 0 0
ynao_sd_19850417_0110_hong 0 0 0 0 0 0 0 0 0 0 0
ynao_sd_19850418_0810_hong 0 0 0 0 0 0 0 0 0 0 0
ynao_sd_19850419_0040_hong 1 1 0 0 0 5.42 6.81 5.42 6.81 0 0
ynao_sd_19850420_0040_hong 0 0 0 0 0 0 0 0 0 0 0
ynao_sd_19850421_0200_hong 6 6 0 0 0 42.96 104.05 42.96 104.05 0 0
ynao_sd_19850422_0330_wang 33 27 6 3 0 599.22 1020.64 229.16 405.74 370.06 614.9
ynao_sd_19850423_0140_wang 32 21 11 4 0 1046.63 1389.57 263.41 350.94 783.22 1038.63
ynao_sd_19850424_0920_wang 36 18 18 3 0 1914.59 2114.92 420.73 466.03 1493.86 1648.89
ynao_sd_19850425_0110_wang 27 14 13 2 0 1621.54 1692.75 299.62 313.41 1321.92 1379.34
ynao_sd_19850426_0925_wang 31 8 23 4 0 1616.21 1639.86 317.84 322.31 1298.37 1317.55
ynao_sd_19850427_0305_wang 35 17 18 3 0 1442.22 1504.85 295.75 308.6 1146.47 1196.25
ynao_sd_19850428_0805_hong 19 10 9 2 0 1071.6 1225.27 192.49 220.33 879.11 1004.94
ynao_sd_19850429_0200_hong 27 18 9 2 0 820.89 1078.3 197.56 259.28 623.33 819.02
ynao_sd_19850430_0150_hong 26 18 8 4 0 656.21 1058.92 180.41 296.3 475.8 762.62
ynao_sd_19850501_0105_hong 9 3 6 2 0 462.2 1091.66 61.05 142.12 401.15 949.54
ynao_sd_19850502_0040_hong 8 4 4 2 0 215.74 901.81 51.67 213.7 164.07 688.11
ynao_sd_19850503_0040_hong 4 4 0 0 0 24.67 54.68 24.67 54.68 0 0
ynao_sd_19850504_0030_hong 6 6 0 0 0 49.96 76.18 49.96 76.18 0 0
ynao_sd_19850505_0120_hong 5 5 0 0 0 37.55 46.11 37.55 46.11 0 0
ynao_sd_19850506_0050_li 4 4 0 0 0 25.25 28.69 25.25 28.69 0 0
ynao_sd_19850507_0100_li 3 3 0 0 0 24.78 26.01 24.78 26.01 0 0
ynao_sd_19850508_0130_li 17 17 0 0 0 128.79 134.43 128.79 134.43 0 0
ynao_sd_19850509_0250_li 12 11 1 1 0 145.7 183.28 84.89 108.66 60.81 74.62
ynao_sd_19850510_0040_li 7 6 1 1 0 65.16 101.05 44.49 70.35 20.67 30.7
ynao_sd_19850511_0210_li 3 3 0 0 0 23.43 45.14 23.43 45.14 0 0
ynao_sd_19850512_0040_li 2 2 0 0 0 9.45 10.93 9.45 10.93 0 0
ynao_sd_19850513_0020_wang 3 3 0 0 0 10.18 11.23 10.18 11.23 0 0
ynao_sd_19850514_0040_wang 1 1 0 0 0 5.23 5.37 5.23 5.37 0 0
ynao_sd_19850515_0040_wang 2 2 0 0 0 26.44 40.26 26.44 40.26 0 0
ynao_sd_19850516_0010_wang 0 0 0 0 0 0 0 0 0 0 0
ynao_sd_19850517_0100_wang 4 4 0 1 0 100.03 604.12 17.93 52.84 82.1 551.28
ynao_sd_19850518_0105_wang 12 10 2 1 0 158.05 436.2 60.56 159.31 97.49 276.89
ynao_sd_19850519_0240_li 7 4 3 2 0 172.89 299.12 67.73 115.68 105.16 183.44
ynao_sd_19850525_0845_hong 1 1 0 0 0 9.04 10.25 9.04 10.25 0 0
ynao_sd_19850526_0950_hong 0 0 0 0 0 0 0 0 0 0 0
ynao_sd_19850527_0200_li 1 1 0 0 0 4.83 5.42 4.83 5.42 0 0
ynao_sd_19850528_0030_li 0 0 0 0 0 0 0 0 0 0 0
ynao_sd_19850529_0015_li 0 0 0 0 0 0 0 0 0 0 0
ynao_sd_19850530_0100_li 5 5 0 0 0 35.01 43.21 35.01 43.21 0 0
ynao_sd_19850531_0035_li 1 1 0 0 0 6.47 10.05 6.47 10.05 0 0
ynao_sd_19850601_0045_li 0 0 0 0 0 0 0 0 0 0 0
ynao_sd_19850602_0150_li 1 1 0 0 0 5.22 7.17 5.22 7.17 0 0
ynao_sd_19850603_0100_wang 0 0 0 0 0 0 0 0 0 0 0
ynao_sd_19850604_0110_wang 0 0 0 0 0 0 0 0 0 0 0
ynao_sd_19850605_0240_wang 0 0 0 0 0 0 0 0 0 0 0
ynao_sd_19850607_0850_wang 3 1 2 1 0 158.6 372.4 42.46 109.71 116.14 262.69
ynao_sd_19850608_0340_wang 5 3 2 1 0 253.34 439.11 65.74 119.19 187.6 319.92
ynao_sd_19850609_0050_li 8 5 3 1 0 214.98 293.23 53.93 74.66 161.05 218.57
ynao_sd_19850610_0300_hong 12 10 2 1 0 340.11 388.98 106.7 124.68 233.41 264.3
ynao_sd_19850611_0200_hong 20 20 0 0 0 93.95 106.76 93.95 106.76 0 0
ynao_sd_19850612_0210_hong 5 5 0 0 0 29.24 31.06 29.24 31.06 0 0
ynao_sd_19850614_0810_hong 0 0 0 0 0 0 0 0 0 0 0
ynao_sd_19850619_0200_li 0 0 0 0 0 0 0 0 0 0 0
ynao_sd_19850620_0250_li 3 3 0 0 0 20.07 21.74 20.07 21.74 0 0
ynao_sd_19850621_0520_li 2 2 0 0 0 17.16 21.46 17.16 21.46 0 0
ynao_sd_19850622_0140_li 2 2 0 0 0 21.34 32.68 21.34 32.68 0 0
ynao_sd_19850623_0035_li 2 2 0 0 0 9.84 19.77 9.84 19.77 0 0
ynao_sd_19850624_0320_li 0 0 0 0 0 0 0 0 0 0 0
ynao_sd_19850625_0845_wang 0 0 0 0 0 0 0 0 0 0 0
ynao_sd_19850627_0720_li 0 0 0 0 0 0 0 0 0 0 0
ynao_sd_19850629_0635_li 1 1 0 0 0 5.8 6.07 5.8 6.07 0 0
ynao_sd_19850630_0640_li 0 0 0 0 0 0 0 0 0 0 0
ynao_sd_19850701_0050_li 1 1 0 0 0 3.75 5.3 3.75 5.3 0 0
ynao_sd_19850703_0150_hong 0 0 0 0 0 0 0 0 0 0 0
ynao_sd_19850704_0300_wang 0 0 0 0 0 0 0 0 0 0 0
ynao_sd_19850705_0740_li 1 1 0 0 0 3.44 4.24 3.44 4.24 0 0
ynao_sd_19850707_0615_wang 0 0 0 0 0 0 0 0 0 0 0
ynao_sd_19850708_0840_wang 1 1 0 0 0 3.96 4.07 3.96 4.07 0 0
ynao_sd_19850709_0330_wang 7 7 0 0 0 43.43 46.02 43.43 46.02 0 0
ynao_sd_19850710_0230_wang 14 11 3 2 0 178.94 181.29 72.32 73.28 106.62 108.01
ynao_sd_19850711_0140_wang 18 14 4 2 0 342.76 371.44 88.09 95.35 254.67 276.09
ynao_sd_19850712_0455_wang 18 15 3 2 0 173.93 223.6 78.19 101.79 95.74 121.81
ynao_sd_19850713_0400_wang 7 4 3 1 0 86.89 135.82 31.79 48.46 55.1 87.36
ynao_sd_19850714_0020_wang 0 0 0 0 0 0 0 0 0 0 0
ynao_sd_19850715_0045_wang 0 0 0 0 0 0 0 0 0 0 0
ynao_sd_19850716_0150_wang 0 0 0 0 0 0 0 0 0 0 0
ynao_sd_19850717_0050_wang 0 0 0 0 0 0 0 0 0 0 0
ynao_sd_19850718_0040_wang 0 0 0 0 0 0 0 0 0 0 0
ynao_sd_19850719_0050_wang 0 0 0 0 0 0 0 0 0 0 0
ynao_sd_19850720_0355_wang 0 0 0 0 0 0 0 0 0 0 0
ynao_sd_19850721_0640_wang 1 1 0 0 0 7.99 9.84 7.99 9.84 0 0
ynao_sd_19850722_0940_hong 1 1 0 0 0 6.08 11.73 6.08 11.73 0 0
ynao_sd_19850725_0250_hong 0 0 0 0 0 0 0 0 0 0 0
ynao_sd_19850726_0310_hong 0 0 0 0 0 0 0 0 0 0 0
ynao_sd_19850727_0125_hong 1 0 1 1 0 57.43 233.88 5.22 21.45 52.21 212.43
ynao_sd_19850728_0205_hong 5 1 4 2 0 114.3 254.94 38.82 99.98 75.48 154.96
ynao_sd_19850729_0030_hong 5 3 2 3 0 132.78 204.14 25.68 37.04 107.1 167.1
ynao_sd_19850730_0130_hong 13 11 2 2 0 199.17 255.18 80.49 106.34 118.68 148.84
ynao_sd_19850731_0530_hong 20 18 2 1 0 163.44 179.98 106.78 118.97 56.66 61.01
ynao_sd_19850801_0540_hong 14 13 1 1 0 97.98 100.24 68.17 70.01 29.81 30.23
ynao_sd_19850802_0050_hong 11 11 0 0 0 71.34 71.43 71.34 71.43 0 0
ynao_sd_19850803_0310_hong 8 8 0 0 0 46.12 48.13 46.12 48.13 0 0
ynao_sd_19850804_0130_hong 4 4 0 0 0 32.22 35.43 32.22 35.43 0 0
ynao_sd_19850805_0100_wang 7 7 0 0 0 28.57 35.97 28.57 35.97 0 0
ynao_sd_19850806_0055_wang 6 6 0 0 0 21.5 30.8 21.5 30.8 0 0
ynao_sd_19850807_0905_wang 0 0 0 0 0 0 0 0 0 0 0
ynao_sd_19850808_0040_wang 2 2 0 0 0 8.37 35.96 8.37 35.96 0 0
ynao_sd_19850809_0015_wang 4 4 0 0 0 20.47 35.86 20.47 35.86 0 0
ynao_sd_19850810_0100_wang 3 3 0 0 0 15.87 20.8 15.87 20.8 0 0
ynao_sd_19850811_0045_wang 1 1 0 0 0 4.7 5.25 4.7 5.25 0 0
ynao_sd_19850812_0510_chai 1 1 0 0 0 4.7 4.79 4.7 4.79 0 0
ynao_sd_19850813_0420_li 4 4 0 0 0 22.08 22.24 22.08 22.24 0 0
ynao_sd_19850814_0120_chai 3 3 0 0 0 19.01 23.21 19.01 23.21 0 0
ynao_sd_19850815_0150_chai 2 2 0 0 0 11.97 16.15 11.97 16.15 0 0
ynao_sd_19850816_0100_chai 0 0 0 0 0 0 0 0 0 0 0
ynao_sd_19850817_0130_chai 2 2 0 0 0 7.35 9.63 7.35 9.63 0 0
ynao_sd_19850818_0110_chai 0 0 0 0 0 0 0 0 0 0 0
ynao_sd_19850819_0150_li 0 0 0 0 0 0 0 0 0 0 0
ynao_sd_19850820_0540_li 0 0 0 0 0 0 0 0 0 0 0
ynao_sd_19850821_0110_li 1 1 0 0 0 5.96 7.24 5.96 7.24 0 0
ynao_sd_19850822_0200_li 0 0 0 0 0 0 0 0 0 0 0
ynao_sd_19850823_0055_li 0 0 0 0 0 0 0 0 0 0 0
ynao_sd_19850824_0030_li 0 0 0 0 0 0 0 0 0 0 0
ynao_sd_19850825_0030_wang 0 0 0 0 0 0 0 0 0 0 0
ynao_sd_19850826_0330_wang 0 0 0 0 0 0 0 0 0 0 0
ynao_sd_19850827_0230_li 2 2 0 0 0 11.38 17.1 11.38 17.1 0 0
ynao_sd_19850828_0150_li 0 0 0 0 0 0 0 0 0 0 0
ynao_sd_19850829_0010_li 1 1 0 0 0 5.52 7.73 5.52 7.73 0 0
ynao_sd_19850830_0500_li 0 0 0 0 0 0 0 0 0 0 0
ynao_sd_19850831_0040_li 2 2 0 0 0 16.26 16.7 16.26 16.7 0 0
ynao_sd_19850901_0200_li 3 3 0 0 0 15.36 15.8 15.36 15.8 0 0
ynao_sd_19850902_0415_hong 0 0 0 0 0 0 0 0 0 0 0
ynao_sd_19850903_0530_hong 0 0 0 0 0 0 0 0 0 0 0
ynao_sd_19850904_0330_hong 0 0 0 0 0 0 0 0 0 0 0
ynao_sd_19850905_0320_hong 0 0 0 0 0 0 0 0 0 0 0
ynao_sd_19850906_0230_hong 0 0 0 0 0 0 0 0 0 0 0
ynao_sd_19850907_0800_hong 1 1 0 0 0 4.77 4.94 4.77 4.94 0 0
ynao_sd_19850908_0420_hong 0 0 0 0 0 0 0 0 0 0 0
ynao_sd_19850910_0040_li 0 0 0 0 0 0 0 0 0 0 0
ynao_sd_19850911_0230_wang 1 1 0 0 0 6.09 6.51 6.09 6.51 0 0
ynao_sd_19850912_0330_wang 0 0 0 0 0 0 0 0 0 0 0
ynao_sd_19850913_0330_wang 0 0 0 0 0 0 0 0 0 0 0
ynao_sd_19850914_0330_wang 0 0 0 0 0 0 0 0 0 0 0
ynao_sd_19850915_0140_wang 2 2 0 0 0 9.91 10.38 9.91 10.38 0 0
ynao_sd_19850916_0255_wang 0 0 0 0 0 0 0 0 0 0 0
ynao_sd_19850917_0040_hong 0 0 0 0 0 0 0 0 0 0 0
ynao_sd_19850918_0110_hong 2 2 0 0 0 37.47 40.19 37.47 40.19 0 0
ynao_sd_19850919_0040_hong 0 0 0 0 0 0 0 0 0 0 0
ynao_sd_19850920_0020_hong 0 0 0 0 0 0 0 0 0 0 0
ynao_sd_19850921_0240_hong 0 0 0 0 0 0 0 0 0 0 0
ynao_sd_19850922_0330_hong 0 0 0 0 0 0 0 0 0 0 0
ynao_sd_19850924_0200_hong 0 0 0 0 0 0 0 0 0 0 0
ynao_sd_19850925_0020_li 1 1 0 0 0 5.2 5.29 5.2 5.29 0 0
ynao_sd_19850926_0300_li 0 0 0 0 0 0 0 0 0 0 0
ynao_sd_19850928_0310_li 0 0 0 0 0 0 0 0 0 0 0
ynao_sd_19850929_0025_li 0 0 0 0 0 0 0 0 0 0 0
ynao_sd_19850930_0300_li 0 0 0 0 0 0 0 0 0 0 0
ynao_sd_19851003_0310_wang 0 0 0 0 0 0 0 0 0 0 0
ynao_sd_19851004_0030_wang 1 1 0 0 0 4.25 6.27 4.25 6.27 0 0
ynao_sd_19851005_0030_wang 0 0 0 0 0 0 0 0 0 0 0
ynao_sd_19851006_0100_wang 0 0 0 0 0 0 0 0 0 0 0
ynao_sd_19851007_0015_li 0 0 0 0 0 0 0 0 0 0 0
ynao_sd_19851008_0030_hong 0 0 0 0 0 0 0 0 0 0 0
ynao_sd_19851009_0040_hong 0 0 0 0 0 0 0 0 0 0 0
ynao_sd_19851010_0110_hong 0 0 0 0 0 0 0 0 0 0 0
ynao_sd_19851011_0110_hong 0 0 0 0 0 0 0 0 0 0 0
ynao_sd_19851012_0030_hong 0 0 0 0 0 0 0 0 0 0 0
ynao_sd_19851013_0510_hong 0 0 0 0 0 0 0 0 0 0 0
ynao_sd_19851014_0200_wang 0 0 0 0 0 0 0 0 0 0 0
ynao_sd_19851015_0050_wang 0 0 0 0 0 0 0 0 0 0 0
ynao_sd_19851016_0030_wang 5 3 2 1 0 125.76 562.56 30.73 163.59 95.03 398.97
ynao_sd_19851017_0140_wang 14 11 3 1 0 262.39 583.23 70.27 173.02 192.12 410.21
ynao_sd_19851018_0805_wang 13 10 3 1 0 380.93 545.42 96.33 142.03 284.6 403.39
ynao_sd_19851019_0340_wang 14 11 3 1 0 549.07 677.97 135.04 177.29 414.03 500.68
ynao_sd_19851024_0730_li 56 50 6 3 0 868.31 972.33 337.49 373.83 530.82 598.5
ynao_sd_19851025_0105_li 44 40 4 3 0 673.89 826.16 288.96 341.46 384.93 484.7
ynao_sd_19851026_0030_li 20 16 4 3 0 380.26 578.88 140.33 200.81 239.93 378.07
ynao_sd_19851027_0150_li 10 7 3 2 0 210.21 449.68 77.03 153.51 133.18 296.17
ynao_sd_19851028_0040_hong 4 1 3 2 0 118.97 458.94 22.29 77.87 96.68 381.07
ynao_sd_19851029_0030_hong 1 1 0 1 0 76.66 413.14 36.97 199.24 39.69 213.9
ynao_sd_19851030_0030_hong 0 0 0 0 0 0 0 0 0 0 0
ynao_sd_19851031_0200_hong 1 1 0 0 0 3.97 14.09 3.97 14.09 0 0
ynao_sd_19851101_0035_hong 1 1 0 0 0 4.84 6.16 4.84 6.16 0 0
ynao_sd_19851102_0710_hong 0 0 0 0 0 0 0 0 0 0 0
ynao_sd_19851103_0310_hong 0 0 0 0 0 0 0 0 0 0 0
ynao_sd_19851104_0030_li 1 1 0 0 0 6.83 8.43 6.83 8.43 0 0
ynao_sd_19851105_0105_li 1 1 0 0 0 5.5 7.28 5.5 7.28 0 0
ynao_sd_19851106_0100_li 11 11 0 0 0 92.16 105.3 92.16 105.3 0 0
ynao_sd_19851107_0045_li 9 9 0 0 0 74.09 99.41 74.09 99.41 0 0
ynao_sd_19851108_0045_li 10 9 1 1 0 86.5 147.04 52.98 91.88 33.52 55.16
ynao_sd_19851109_0135_li 1 1 0 0 0 21.2 50.39 21.2 50.39 0 0
ynao_sd_19851110_0115_li 1 1 0 0 0 10.52 43.4 10.52 43.4 0 0
ynao_sd_19851111_0040_hong 0 0 0 0 0 0 0 0 0 0 0
ynao_sd_19851113_0100_li 1 1 0 0 0 5.95 17.18 5.95 17.18 0 0
ynao_sd_19851115_0410_hong 5 5 0 0 0 23.08 30.15 23.08 30.15 0 0
ynao_sd_19851116_0040_hong 5 5 0 0 0 33.95 42.98 33.95 42.98 0 0
ynao_sd_19851117_0310_hong 7 7 0 0 0 41.94 52.61 41.94 52.61 0 0
ynao_sd_19851118_0105_li 12 12 0 0 0 70.14 75.71 70.14 75.71 0 0
ynao_sd_19851119_0115_li 6 6 0 0 0 37.48 38.79 37.48 38.79 0 0
ynao_sd_19851121_0030_li 1 1 0 0 0 9.63 10.04 9.63 10.04 0 0
ynao_sd_19851122_0115_li 0 0 0 0 0 0 0 0 0 0 0
ynao_sd_19851123_0115_li 0 0 0 0 0 0 0 0 0 0 0
ynao_sd_19851125_0220_hong 0 0 0 0 0 0 0 0 0 0 0
ynao_sd_19851126_0030_hong 1 1 0 0 0 4.12 16.39 4.12 16.39 0 0
ynao_sd_19851127_0035_hong 0 0 0 0 0 0 0 0 0 0 0
ynao_sd_19851128_0050_hong 0 0 0 0 0 0 0 0 0 0 0
ynao_sd_19851129_0040_hong 0 0 0 0 0 0 0 0 0 0 0
ynao_sd_19851130_0340_hong 2 2 0 0 0 8.21 14.24 8.21 14.24 0 0
ynao_sd_19851201_0430_hong 0 0 0 0 0 0 0 0 0 0 0
ynao_sd_19851202_0155_li 0 0 0 0 0 0 0 0 0 0 0
ynao_sd_19851203_0100_li 0 0 0 0 0 0 0 0 0 0 0
ynao_sd_19851204_0155_li 0 0 0 0 0 0 0 0 0 0 0
ynao_sd_19851205_0100_li 1 1 0 0 0 4.04 5.04 4.04 5.04 0 0
ynao_sd_19851206_0055_li 6 6 0 0 0 47.19 58.37 47.19 58.37 0 0
ynao_sd_19851207_0040_li 5 5 0 0 0 33.81 49.89 33.81 49.89 0 0
ynao_sd_19851208_0100_li 0 0 0 0 0 0 0 0 0 0 0
ynao_sd_19851209_0040_hong 0 0 0 0 0 0 0 0 0 0 0
ynao_sd_19851210_0050_hong 5 5 0 0 0 27.33 72.35 27.33 72.35 0 0
ynao_sd_19851211_0210_hong 7 5 2 1 0 69.8 140.39 43.57 89.15 26.23 51.24
ynao_sd_19851212_0310_hong 3 3 0 0 0 59.63 88.7 59.63 88.7 0 0
ynao_sd_19851213_0100_hong 4 3 1 1 0 92.05 109.77 35.99 42.6 56.06 67.17
ynao_sd_19851215_0910_hong 10 8 2 1 0 101.12 101.6 71.11 71.47 30.01 30.13
ynao_sd_19851216_0645_li 18 18 0 0 0 111.0 112.08 111.0 112.08 0 0
ynao_sd_19851217_0520_li 19 19 0 0 0 160.51 183.46 160.51 183.46 0 0
ynao_sd_19851218_0320_li 11 11 0 0 0 79.64 93.63 79.64 93.63 0 0
ynao_sd_19851219_0330_li 3 3 0 0 0 15.06 20.78 15.06 20.78 0 0
ynao_sd_19851220_0225_li 2 2 0 0 0 11.49 19.25 11.49 19.25 0 0
ynao_sd_19851221_0100_li 0 0 0 0 0 0 0 0 0 0 0
ynao_sd_19851222_0245_li 0 0 0 0 0 0 0 0 0 0 0
ynao_sd_19851223_0050_li 0 0 0 0 0 0 0 0 0 0 0
ynao_sd_19851224_0100_li 0 0 0 0 0 0 0 0 0 0 0
ynao_sd_19851225_0100_li 2 2 0 0 0 9.81 10.19 9.81 10.19 0 0
ynao_sd_19851226_0050_li 2 2 0 0 0 10.12 11.02 10.12 11.02 0 0
ynao_sd_19851227_0050_li 0 0 0 0 0 0 0 0 0 0 0
ynao_sd_19851228_0055_li 0 0 0 0 0 0 0 0 0 0 0
ynao_sd_19851229_0150_li 0 0 0 0 0 0 0 0 0 0 0
ynao_sd_19851230_0150_li 0 0 0 0 0 0 0 0 0 0 0
