ynao_sd_19860101_0400_li 0 0 0 0 0 0 0 0 0 0 0
ynao_sd_19860102_0150_li 0 0 0 0 0 0 0 0 0 0 0
ynao_sd_19860106_0250_hong 1 1 0 0 0 4.12 9.33 4.12 9.33 0 0
ynao_sd_19860107_0230_hong 0 0 0 0 0 0 0 0 0 0 0
ynao_sd_19860108_0820_hong 0 0 0 0 0 0 0 0 0 0 0
ynao_sd_19860109_0705_hong 0 0 0 0 0 0 0 0 0 0 0
ynao_sd_19860110_0320_hong 0 0 0 0 0 0 0 0 0 0 0
ynao_sd_19860111_0120_hong 0 0 0 0 0 0 0 0 0 0 0
ynao_sd_19860112_0430_hong 0 0 0 0 0 0 0 0 0 0 0
ynao_sd_19860113_0740_li 0 0 0 0 0 0 0 0 0 0 0
ynao_sd_19860114_0120_li 0 0 0 0 0 0 0 0 0 0 0
ynao_sd_19860115_0140_li 0 0 0 0 0 0 0 0 0 0 0
ynao_sd_19860116_0040_li 0 0 0 0 0 0 0 0 0 0 0
ynao_sd_19860117_0040_li 0 0 0 0 0 0 0 0 0 0 0
ynao_sd_19860118_0100_li 0 0 0 0 0 0 0 0 0 0 0
ynao_sd_19860119_0100_li 0 0 0 0 0 0 0 0 0 0 0
ynao_sd_19860120_0105_hong 2 2 0 0 0 12.32 22.32 12.32 22.32 0 0
ynao_sd_19860121_0210_hong 0 0 0 0 0 0 0 0 0 0 0
ynao_sd_19860122_0100_hong 2 2 0 0 0 13.64 41.74 13.64 41.74 0 0
ynao_sd_19860123_0100_hong 0 0 0 0 0 0 0 0 0 0 0
ynao_sd_19860124_0040_hong 1 1 0 0 0 11.15 21.3 11.15 21.3 0 0
ynao_sd_19860125_0630_hong 0 0 0 0 0 0 0 0 0 0 0
ynao_sd_19860126_0320_li 0 0 0 0 0 0 0 0 0 0 0
ynao_sd_19860127_0150_li 0 0 0 0 0 0 0 0 0 0 0
ynao_sd_19860128_0120_li 1 1 0 0 0 8.6 9.9 8.6 9.9 0 0
ynao_sd_19860129_0110_hong 0 0 0 0 0 0 0 0 0 0 0
ynao_sd_19860131_0100_li 0 0 0 0 0 0 0 0 0 0 0
ynao_sd_19860201_0135_li 1 1 0 0 0 6.19 6.48 6.19 6.48 0 0
ynao_sd_19860203_0100_hong 1 1 0 0 0 13.19 15.33 13.19 15.33 0 0
ynao_sd_19860205_0100_hong 0 0 0 0 0 0 0 0 0 0 0
ynao_sd_19860206_0110_hong 0 0 0 0 0 0 0 0 0 0 0
ynao_sd_19860207_0120_wang 1 1 0 0 0 3.8 4.31 3.8 4.31 0 0
ynao_sd_19860208_0220_wang 3 3 0 0 0 39.51 40.06 39.51 40.06 0 0
ynao_sd_19860209_0120_wang 3 1 2 1 0 246.0 248.52 42.96 43.45 203.04 205.07
ynao_sd_19860210_0500_wang 4 3 1 0 0 10.68 11.53 59.55 63.54 48.87 52.01
ynao_sd_19860211_0220_li 3 2 1 0 0 10.02 12.11 24.21 28.77 14.19 16.66
ynao_sd_19860213_0100_wang 2 2 0 2 0 137.83 259.63 11.54 23.7 126.29 235.93
ynao_sd_19860214_0100_wang 1 1 0 0 0 5.49 17.83 5.49 17.83 0 0
ynao_sd_19860215_0050_hong 12 5 7 2 0 346.89 530.64 73.69 109.79 273.2 420.85
ynao_sd_19860215_0100_wang 0 0 0 0 0 0 0 0 0 0 0
ynao_sd_19860216_0030_wang 1 1 0 0 0 7.1 25.11 7.1 25.11 0 0
ynao_sd_19860217_0040_li 1 1 0 0 0 3.66 6.34 3.66 6.34 0 0
ynao_sd_19860218_0100_li 0 0 0 0 0 0 0 0 0 0 0
ynao_sd_19860219_0100_li 0 0 0 0 0 0 0 0 0 0 0
ynao_sd_19860220_0100_li 0 0 0 0 0 0 0 0 0 0 0
ynao_sd_19860222_0100_li 0 0 0 0 0 0 0 0 0 0 0
ynao_sd_19860223_0100_hong 1 1 0 0 0 8.58 18.02 8.58 18.02 0 0
ynao_sd_19860224_0050_hong 0 0 0 0 0 0 0 0 0 0 0
ynao_sd_19860225_0110_hong 1 1 0 0 0 3.38 3.58 3.38 3.58 0 0
ynao_sd_19860226_0110_hong 0 0 0 0 0 0 0 0 0 0 0
ynao_sd_19860227_0520_hong 7 6 1 1 0 65.69 67.01 41.12 41.84 24.57 25.17
ynao_sd_19860228_0300_hong 1 1 0 0 0 7.19 7.72 7.19 7.72 0 0
ynao_sd_19860304_0050_wang 6 5 1 0 0 25.86 34.76 29.83 39.69 3.97 4.93
ynao_sd_19860305_0050_wang 12 12 0 0 0 65.34 77.82 65.34 77.82 0 0
ynao_sd_19860306_0100_wang 8 8 0 0 0 37.91 40.12 37.91 40.12 0 0
ynao_sd_19860307_0100_wang 13 13 0 0 0 55.91 57.0 55.91 57.0 0 0
ynao_sd_19860308_0100_wang 7 7 0 0 0 32.46 33.37 32.46 33.37 0 0
ynao_sd_19860309_0030_wang 4 4 0 0 0 13.07 14.29 13.07 14.29 0 0
ynao_sd_19860310_0120_li 4 3 1 1 0 37.37 49.09 17.99 23.97 19.38 25.12
ynao_sd_19860311_0055_li 2 2 0 0 0 10.63 15.25 10.63 15.25 0 0
ynao_sd_19860312_0110_li 0 0 0 0 0 0 0 0 0 0 0
ynao_sd_19860313_0005_li 0 0 0 0 0 0 0 0 0 0 0
ynao_sd_19860314_0040_li 1 1 0 0 0 5.87 7.12 5.87 7.12 0 0
ynao_sd_19860315_0035_li 0 0 0 0 0 0 0 0 0 0 0
ynao_sd_19860316_0110_li 0 0 0 0 0 0 0 0 0 0 0
ynao_sd_19860321_0220_hong 0 0 0 0 0 0 0 0 0 0 0
ynao_sd_19860322_0030_hong 0 0 0 0 0 0 0 0 0 0 0
ynao_sd_19860323_0110_hong 0 0 0 0 0 0 0 0 0 0 0
ynao_sd_19860324_0020_wang 2 2 0 0 0 14.4 35.79 14.4 35.79 0 0
ynao_sd_19860325_0040_wang 1 1 0 0 0 6.66 11.56 6.66 11.56 0 0
ynao_sd_19860326_0020_wang 0 0 0 0 0 0 0 0 0 0 0
ynao_sd_19860327_0300_hong 0 0 0 0 0 0 0 0 0 0 0
ynao_sd_19860328_0050_wang 2 2 0 0 0 10.82 11.59 10.82 11.59 0 0
ynao_sd_19860329_0050_wang 3 3 0 0 0 17.46 17.79 17.46 17.79 0 0
ynao_sd_19860330_0410_wang 3 3 0 0 0 14.87 15.73 14.87 15.73 0 0
ynao_sd_19860331_0100_li 0 0 0 0 0 0 0 0 0 0 0
ynao_sd_19860401_0030_hong 1 1 0 0 0 5.79 6.95 5.79 6.95 0 0
ynao_sd_19860402_0030_hong 0 0 0 0 0 0 0 0 0 0 0
ynao_sd_19860403_0040_hong 0 0 0 0 0 0 0 0 0 0 0
ynao_sd_19860404_0030_hong 1 1 0 0 0 4.34 4.56 4.34 4.56 0 0
ynao_sd_19860405_0020_hong 0 0 0 0 0 0 0 0 0 0 0
ynao_sd_19860406_0540_wang 0 0 0 0 0 0 0 0 0 0 0
ynao_sd_19860407_0100_wang 0 0 0 0 0 0 0 0 0 0 0
ynao_sd_19860408_0020_wang 0 0 0 0 0 0 0 0 0 0 0
ynao_sd_19860409_0020_wang 0 0 0 0 0 0 0 0 0 0 0
ynao_sd_19860410_0020_wang 0 0 0 0 0 0 0 0 0 0 0
ynao_sd_19860411_0020_wang 0 0 0 0 0 0 0 0 0 0 0
ynao_sd_19860412_0020_wang 0 0 0 0 0 0 0 0 0 0 0
ynao_sd_19860413_0530_wang 0 0 0 0 0 0 0 0 0 0 0
ynao_sd_19860414_0030_hong 0 0 0 0 0 0 0 0 0 0 0
ynao_sd_19860415_0710_hong 1 0 1 1 0 111.84 308.59 8.87 24.91 102.97 283.68
ynao_sd_19860416_0250_hong 2 0 2 1 0 148.99 262.58 21.55 38.15 127.44 224.43
ynao_sd_19860417_0030_hong 2 0 2 1 0 176.86 242.25 27.95 38.41 148.91 203.84
ynao_sd_19860418_0035_hong 5 3 2 1 0 230.76 266.54 63.2 73.35 167.56 193.19
ynao_sd_19860419_0035_wang 4 1 3 1 0 249.87 263.38 31.44 33.19 218.43 230.19
ynao_sd_19860420_0010_hong 5 2 3 1 0 154.21 155.38 31.44 31.65 122.77 123.73
ynao_sd_19860421_0010_wang 3 1 2 1 0 147.9 150.13 19.67 19.97 128.23 130.16
ynao_sd_19860422_0150_wang 1 1 0 0 0 5.08 5.43 5.08 5.43 0 0
ynao_sd_19860423_0010_wang 16 16 0 0 0 114.76 123.49 114.76 123.49 0 0
ynao_sd_19860424_0040_wang 42 33 9 3 0 764.46 789.93 285.75 304.44 478.71 485.49
ynao_sd_19860425_0010_wang 35 17 18 4 0 1152.5 1178.09 280.79 291.84 871.71 886.25
ynao_sd_19860426_0025_wang 35 28 7 3 0 883.45 950.93 214.91 229.17 668.54 721.76
ynao_sd_19860427_0010_wang 38 22 16 4 0 1057.37 1256.93 239.2 282.05 818.17 974.88
ynao_sd_19860428_0040_li 12 6 6 2 0 592.22 857.78 140.98 197.6 451.24 660.18
ynao_sd_19860429_0040_li 9 6 3 3 0 289.15 542.24 66.38 113.26 222.77 428.98
ynao_sd_19860430_0140_li 10 10 0 0 0 120.37 338.17 120.37 338.17 0 0
ynao_sd_19860501_0500_li 2 2 0 0 0 37.67 64.83 37.67 64.83 0 0
ynao_sd_19860502_0715_li 4 4 0 0 0 75.41 187.92 75.41 187.92 0 0
ynao_sd_19860503_0120_li 3 3 0 0 0 39.11 136.57 39.11 136.57 0 0
ynao_sd_19860504_0030_li 3 3 0 0 0 25.91 68.8 25.91 68.8 0 0
ynao_sd_19860505_0305_hong 0 0 0 0 0 0 0 0 0 0 0
ynao_sd_19860510_0140_hong 0 0 0 0 0 0 0 0 0 0 0
ynao_sd_19860511_0140_hong 1 1 0 0 0 3.52 6.48 3.52 6.48 0 0
ynao_sd_19860512_0001_wang 1 1 0 0 0 4.62 18.0 4.62 18.0 0 0
ynao_sd_19860513_0001_wang 0 0 0 0 0 0 0 0 0 0 0
ynao_sd_19860514_0110_wang 0 0 0 0 0 0 0 0 0 0 0
ynao_sd_19860515_0130_wang 3 3 0 0 0 17.0 74.9 17.0 74.9 0 0
ynao_sd_19860516_0100_wang 6 6 0 0 0 36.21 88.4 36.21 88.4 0 0
ynao_sd_19860517_0120_wang 4 4 0 0 0 36.96 58.88 36.96 58.88 0 0
ynao_sd_19860518_0010_li 10 10 0 0 0 66.6 100.06 66.6 100.06 0 0
ynao_sd_19860519_0010_li 8 8 0 0 0 51.13 61.95 51.13 61.95 0 0
ynao_sd_19860520_0040_li 15 15 0 0 0 131.47 236.08 131.47 236.08 0 0
ynao_sd_19860521_0700_li 11 11 0 0 0 75.86 103.88 75.86 103.88 0 0
ynao_sd_19860522_0510_li 15 15 0 0 0 86.04 100.35 86.04 100.35 0 0
ynao_sd_19860523_0325_li 22 22 0 0 0 121.98 134.21 121.98 134.21 0 0
ynao_sd_19860524_0300_li 19 19 0 0 0 84.7 87.19 84.7 87.19 0 0
ynao_sd_19860525_0350_hong 20 20 0 0 0 131.79 134.1 131.79 134.1 0 0
ynao_sd_19860528_0010_hong 5 5 0 1 0 65.19 93.32 20.75 29.61 44.44 63.71
ynao_sd_19860529_0020_hong 1 1 0 0 0 6.76 12.82 6.76 12.82 0 0
ynao_sd_19860530_0010_hong 0 0 0 0 0 0 0 0 0 0 0
ynao_sd_19860531_0010_hong 0 0 0 0 0 0 0 0 0 0 0
ynao_sd_19860601_0005_hong 0 0 0 0 0 0 0 0 0 0 0
ynao_sd_19860602_0001_wang 0 0 0 0 0 0 0 0 0 0 0
ynao_sd_19860603_0030_wang 0 0 0 0 0 0 0 0 0 0 0
ynao_sd_19860604_0001_wang 1 1 0 0 0 14.03 17.29 14.03 17.29 0 0
ynao_sd_19860605_0020_hong 0 0 0 0 0 0 0 0 0 0 0
ynao_sd_19860606_0005_wang 0 0 0 0 0 0 0 0 0 0 0
ynao_sd_19860607_0310_wang 0 0 0 0 0 0 0 0 0 0 0
ynao_sd_19860608_0040_wang 1 1 0 0 0 3.53 4.45 3.53 4.45 0 0
ynao_sd_19860609_0100_li 0 0 0 0 0 0 0 0 0 0 0
ynao_sd_19860610_0140_li 0 0 0 0 0 0 0 0 0 0 0
ynao_sd_19860612_0001_li 0 0 0 0 0 0 0 0 0 0 0
ynao_sd_19860613_0105_li 0 0 0 0 0 0 0 0 0 0 0
ynao_sd_19860614_0245_li 2 2 0 0 0 9.7 10.94 9.7 10.94 0 0
ynao_sd_19860615_0830_li 0 0 0 0 0 0 0 0 0 0 0
ynao_sd_19860616_0440_hong 0 0 0 0 0 0 0 0 0 0 0
ynao_sd_19860617_0250_hong 0 0 0 0 0 0 0 0 0 0 0
ynao_sd_19860620_0150_hong 0 0 0 0 0 0 0 0 0 0 0
ynao_sd_19860621_0220_hong 1 1 0 0 0 5.49 6.0 5.49 6.0 0 0
ynao_sd_19860622_0150_hong 0 0 0 0 0 0 0 0 0 0 0
ynao_sd_19860623_0005_li 2 2 0 0 0 11.28 13.39 11.28 13.39 0 0
ynao_sd_19860624_0230_li 0 0 0 0 0 0 0 0 0 0 0
ynao_sd_19860625_0050_li 1 1 0 0 0 9.72 10.34 9.72 10.34 0 0
ynao_sd_19860626_0520_li 0 0 0 0 0 0 0 0 0 0 0
ynao_sd_19860627_0210_li 0 0 0 0 0 0 0 0 0 0 0
ynao_sd_19860628_0350_li 1 1 0 0 0 6.32 6.34 6.32 6.34 0 0
ynao_sd_19860629_0050_hong 1 1 0 0 0 6.17 6.22 6.17 6.22 0 0
ynao_sd_19860630_0120_hong 0 0 0 0 0 0 0 0 0 0 0
ynao_sd_19860701_0005_hong 1 1 0 0 0 8.96 15.02 8.96 15.02 0 0
ynao_sd_19860702_0100_hong 0 0 0 0 0 0 0 0 0 0 0
ynao_sd_19860703_0850_hong 1 1 0 0 0 7.92 33.13 7.92 33.13 0 0
ynao_sd_19860706_0630_wang 11 10 1 1 0 89.81 160.84 55.05 112.74 34.76 48.1
ynao_sd_19860707_0430_wang 9 5 4 3 0 211.89 423.83 57.02 109.98 154.87 313.85
ynao_sd_19860708_0350_wang 12 9 3 0 0 53.55 95.93 64.95 113.07 11.4 17.14
ynao_sd_19860709_0110_wang 7 7 0 0 0 36.03 44.64 36.03 44.64 0 0
ynao_sd_19860710_0620_wang 12 11 1 1 0 105.51 131.89 70.71 85.2 34.8 46.69
ynao_sd_19860711_0020_wang 21 17 4 2 0 244.95 369.06 112.73 155.78 132.22 213.28
ynao_sd_19860712_0005_wang 10 8 2 2 0 196.88 439.84 56.02 109.96 140.86 329.88
ynao_sd_19860713_0100_wang 12 11 1 1 0 108.89 359.42 67.33 181.72 41.56 177.7
ynao_sd_19860714_0830_wang 2 2 0 0 0 10.73 12.27 10.73 12.27 0 0
ynao_sd_19860715_0020_wang 2 2 0 0 0 35.94 78.05 35.94 78.05 0 0
ynao_sd_19860716_0350_wang 7 5 2 2 0 90.15 233.51 34.91 90.47 55.24 143.04
ynao_sd_19860718_0030_wang 4 4 0 1 0 56.41 75.35 15.62 22.19 40.79 53.16
ynao_sd_19860719_0115_wang 5 5 0 0 0 26.24 29.69 26.24 29.69 0 0
ynao_sd_19860721_0003_li 3 3 0 0 0 22.54 28.58 22.54 28.58 0 0
ynao_sd_19860722_0045_li 9 9 0 0 0 59.36 66.91 59.36 66.91 0 0
ynao_sd_19860724_0630_li 0 0 0 0 0 0 0 0 0 0 0
ynao_sd_19860726_0120_li 1 1 0 0 0 4.41 7.56 4.41 7.56 0 0
ynao_sd_19860727_0120_li 0 0 0 0 0 0 0 0 0 0 0
ynao_sd_19860728_0740_hong 2 0 2 1 0 145.07 423.09 19.24 55.88 125.83 367.21
ynao_sd_19860729_0720_hong 8 5 3 2 0 306.58 562.04 93.11 168.68 213.47 393.36
ynao_sd_19860730_0340_hong 11 8 3 2 0 368.93 531.87 101.67 150.36 267.26 381.51
ynao_sd_19860731_0240_hong 9 7 2 2 0 374.6 445.34 110.24 132.5 264.36 312.84
ynao_sd_19860801_0220_hong 7 4 3 2 0 378.21 400.58 76.64 81.43 301.57 319.15
ynao_sd_19860802_0110_hong 4 2 2 2 0 352.12 355.18 56.15 56.66 295.97 298.52
ynao_sd_19860803_0640_hong 6 5 1 1 0 380.45 385.87 113.97 115.41 266.48 270.46
ynao_sd_19860804_0600_wang 7 6 1 1 0 339.0 364.08 81.79 87.57 257.21 276.51
ynao_sd_19860805_0200_wang 6 5 1 1 0 326.6 389.01 85.21 100.67 241.39 288.34
ynao_sd_19860806_0001_wang 3 2 1 1 0 222.37 311.98 53.59 74.74 168.78 237.24
ynao_sd_19860807_0010_wang 3 2 1 1 0 152.37 281.29 34.35 58.31 118.02 222.98
ynao_sd_19860808_0010_wang 1 0 1 1 0 89.57 258.51 16.47 47.53 73.1 210.98
ynao_sd_19860809_0030_li 0 0 0 1 0 29.0 188.26 0 0 29.0 188.26
ynao_sd_19860810_0010_li 0 0 0 0 0 0 0 0 0 0 0
ynao_sd_19860811_0220_li 3 3 0 0 0 22.01 22.02 22.01 22.02 0 0
ynao_sd_19860812_0005_li 0 0 0 0 0 0 0 0 0 0 0
ynao_sd_19860813_0550_li 0 0 0 0 0 0 0 0 0 0 0
ynao_sd_19860815_0600_li 1 1 0 0 0 10.97 11.09 10.97 11.09 0 0
ynao_sd_19860816_0155_li 3 3 0 0 0 17.4 17.96 17.4 17.96 0 0
ynao_sd_19860818_0250_hong 2 2 0 0 0 10.44 11.94 10.44 11.94 0 0
ynao_sd_19860821_0340_hong 0 0 0 0 0 0 0 0 0 0 0
ynao_sd_19860822_0400_li 0 0 0 0 0 0 0 0 0 0 0
ynao_sd_19860823_0120_li 0 0 0 0 0 0 0 0 0 0 0
ynao_sd_19860824_0200_hong 2 1 1 1 0 87.71 246.3 18.93 47.65 68.78 198.65
ynao_sd_19860825_0140_li 2 1 1 1 0 108.52 200.27 28.84 50.91 79.68 149.36
ynao_sd_19860826_0720_li 2 1 1 1 0 145.09 193.09 32.72 43.27 112.37 149.82
ynao_sd_19860827_0015_li 1 0 1 1 0 150.83 178.6 41.38 48.98 109.45 129.62
ynao_sd_19860828_0610_li 2 0 2 1 0 155.46 161.85 33.62 34.99 121.84 126.86
ynao_sd_19860829_0200_li 1 0 1 1 0 164.5 165.33 27.78 27.92 136.72 137.41
ynao_sd_19860830_0720_li 1 0 1 1 0 130.38 132.51 30.08 30.57 100.3 101.94
ynao_sd_19860831_0740_li 1 0 1 1 0 102.02 111.34 19.16 20.91 82.86 90.43
ynao_sd_19860902_0610_hong 1 0 1 1 0 134.15 203.69 18.22 27.63 115.93 176.06
ynao_sd_19860903_0150_hong 1 0 1 1 0 100.58 195.55 12.07 23.4 88.51 172.15
ynao_sd_19860905_0720_hong 2 2 0 0 0 13.57 14.28 13.57 14.28 0 0
ynao_sd_19860906_0410_hong 0 0 0 0 0 0 0 0 0 0 0
ynao_sd_19860907_0450_hong 11 10 1 1 0 77.08 98.18 45.8 57.67 31.28 40.51
ynao_sd_19860908_0055_li 5 5 0 0 0 48.54 56.17 48.54 56.17 0 0
ynao_sd_19860909_0130_li 9 9 0 0 0 66.95 75.57 66.95 75.57 0 0
ynao_sd_19860910_0035_li 4 4 0 0 0 27.47 38.96 27.47 38.96 0 0
ynao_sd_19860911_0305_li 3 3 0 0 0 17.76 19.51 17.76 19.51 0 0
ynao_sd_19860912_0500_li 1 1 0 0 0 4.26 6.16 4.26 6.16 0 0
ynao_sd_19860913_0240_li 2 2 0 0 0 12.53 17.05 12.53 17.05 0 0
ynao_sd_19860914_0150_li 0 0 0 0 0 0 0 0 0 0 0
ynao_sd_19860915_0330_hong 0 0 0 0 0 0 0 0 0 0 0
ynao_sd_19860916_0410_hong 0 0 0 0 0 0 0 0 0 0 0
ynao_sd_19860917_0130_hong 0 0 0 0 0 0 0 0 0 0 0
ynao_sd_19860919_0740_hong 0 0 0 0 0 0 0 0 0 0 0
ynao_sd_19860920_0050_hong 0 0 0 0 0 0 0 0 0 0 0
ynao_sd_19860921_0510_li 0 0 0 0 0 0 0 0 0 0 0
ynao_sd_19860922_0110_li 1 1 0 0 0 5.8 5.89 5.8 5.89 0 0
ynao_sd_19860923_0140_li 2 2 0 0 0 15.19 43.66 15.19 43.66 0 0
ynao_sd_19860924_0040_li 1 1 0 0 0 4.63 5.23 4.63 5.23 0 0
ynao_sd_19860925_0040_li 0 0 0 0 0 0 0 0 0 0 0
ynao_sd_19860926_0150_li 1 1 0 0 0 5.53 5.54 5.53 5.54 0 0
ynao_sd_19860927_0620_li 3 3 0 0 0 16.74 23.42 16.74 23.42 0 0
ynao_sd_19860929_0430_hong 0 0 0 1 0 43.27 327.56 0 0 43.27 327.56
ynao_sd_19861001_0220_hong 2 0 2 1 0 107.8 201.1 19.38 36.17 88.42 164.93
ynao_sd_19861003_0630_hong 5 3 2 1 0 165.03 192.99 39.15 50.38 125.88 142.61
ynao_sd_19861004_0740_hong 9 5 4 2 0 131.68 145.89 67.93 79.6 63.75 66.29
ynao_sd_19861012_0510_hong 0 0 0 0 0 0 0 0 0 0 0
ynao_sd_19861013_0200_wang 0 0 0 0 0 0 0 0 0 0 0
ynao_sd_19861014_0020_wang 0 0 0 0 0 0 0 0 0 0 0
ynao_sd_19861015_0100_wang 0 0 0 0 0 0 0 0 0 0 0
ynao_sd_19861016_0035_wang 0 0 0 0 0 0 0 0 0 0 0
ynao_sd_19861017_0035_wang 4 3 1 0 0 42.17 238.83 46.73 268.6 4.56 29.77
ynao_sd_19861018_0045_wang 16 9 7 4 0 390.86 1108.54 116.71 352.59 274.15 755.95
ynao_sd_19861019_0045_wang 31 24 7 3 0 717.38 1329.03 206.74 390.23 510.64 938.8
ynao_sd_19861020_0050_li 32 26 6 3 0 657.54 954.22 269.6 391.1 387.94 563.12
ynao_sd_19861021_0100_wang 33 25 8 5 0 921.13 1122.21 256.62 313.44 664.51 808.77
ynao_sd_19861022_0050_wang 35 27 8 5 0 823.03 913.77 221.04 246.22 601.99 667.55
ynao_sd_19861023_0040_wang 46 39 7 3 0 700.62 743.0 274.65 292.89 425.97 450.11
ynao_sd_19861026_0055_wang 33 30 3 1 1 435.73 524.96 195.07 234.52 240.66 290.44
ynao_sd_19861027_0120_li 13 9 4 1 0 248.86 550.41 125.63 377.15 123.23 173.26
ynao_sd_19861028_0105_li 14 9 5 2 0 427.24 936.37 134.7 268.06 292.54 668.31
ynao_sd_19861030_0055_li 6 3 3 1 0 415.51 572.45 75.78 108.18 339.73 464.27
ynao_sd_19861031_0105_li 18 13 5 2 0 618.44 726.84 158.09 193.26 460.35 533.58
ynao_sd_19861101_0055_li 17 8 9 3 0 711.96 768.96 147.62 162.36 564.34 606.6
ynao_sd_19861102_0045_li 21 16 5 3 0 718.72 728.47 110.91 114.1 607.81 614.37
ynao_sd_19861103_0050_hong 14 12 2 2 0 214.11 214.77 88.27 88.67 125.84 126.1
ynao_sd_19861104_0130_hong 14 13 1 1 0 139.61 143.23 91.73 93.77 47.88 49.46
ynao_sd_19861105_0120_hong 18 18 0 0 0 108.57 117.98 108.57 117.98 0 0
ynao_sd_19861106_0320_hong 15 15 0 0 0 96.01 118.37 96.01 118.37 0 0
ynao_sd_19861107_0050_hong 9 8 1 0 0 50.83 77.51 56.26 85.64 5.43 8.13
ynao_sd_19861108_0130_hong 1 1 0 0 0 4.34 8.52 4.34 8.52 0 0
ynao_sd_19861111_0440_wang 1 1 0 0 0 3.97 5.17 3.97 5.17 0 0
ynao_sd_19861112_0240_wang 0 0 0 0 0 0 0 0 0 0 0
ynao_sd_19861113_0700_wang 0 0 0 0 0 0 0 0 0 0 0
ynao_sd_19861114_0100_wang 1 1 0 0 0 14.81 101.99 14.81 101.99 0 0
ynao_sd_19861115_0130_wang 2 2 0 0 0 50.52 155.22 50.52 155.22 0 0
ynao_sd_19861116_0040_wang 0 0 0 1 0 37.87 75.98 0 0 37.87 75.98
ynao_sd_19861117_0300_hong 2 0 2 2 0 68.4 102.15 17.85 26.74 50.55 75.41
ynao_sd_19861118_0050_hong 5 5 0 0 0 54.89 68.27 54.89 68.27 0 0
ynao_sd_19861119_0050_hong 5 5 0 0 0 60.85 69.3 60.85 69.3 0 0
ynao_sd_19861120_0040_hong 3 3 0 0 0 32.07 34.49 32.07 34.49 0 0
ynao_sd_19861121_0200_hong 1 1 0 0 0 13.23 14.23 13.23 14.23 0 0
ynao_sd_19861122_0050_hong 0 0 0 0 0 0 0 0 0 0 0
ynao_sd_19861123_0250_hong 2 2 0 0 0 13.1 16.99 13.1 16.99 0 0
ynao_sd_19861124_0100_wang 0 0 0 0 0 0 0 0 0 0 0
ynao_sd_19861125_0350_wang 0 0 0 0 0 0 0 0 0 0 0
ynao_sd_19861126_0350_wang 0 0 0 0 0 0 0 0 0 0 0
ynao_sd_19861127_0100_wang 1 1 0 0 0 4.85 5.24 4.85 5.24 0 0
ynao_sd_19861128_0100_wang 1 1 0 0 0 4.41 6.75 4.41 6.75 0 0
ynao_sd_19861129_0320_wang 0 0 0 0 0 0 0 0 0 0 0
ynao_sd_19861130_0120_wang 0 0 0 0 0 0 0 0 0 0 0
ynao_sd_19861201_0040_wang 0 0 0 0 0 0 0 0 0 0 0
ynao_sd_19861202_0100_wang 0 0 0 0 0 0 0 0 0 0 0
ynao_sd_19861203_0350_wang 0 0 0 0 0 0 0 0 0 0 0
ynao_sd_19861204_0500_wang 0 0 0 0 0 0 0 0 0 0 0
ynao_sd_19861205_0100_wang 0 0 0 0 0 0 0 0 0 0 0
ynao_sd_19861206_0100_wang 0 0 0 0 0 0 0 0 0 0 0
ynao_sd_19861207_0020_wang 0 0 0 0 0 0 0 0 0 0 0
ynao_sd_19861208_0100_hong 0 0 0 0 0 0 0 0 0 0 0
ynao_sd_19861209_0210_hong 1 1 0 0 0 6.35 6.93 6.35 6.93 0 0
ynao_sd_19861210_0300_hong 5 4 1 1 0 61.55 82.34 40.71 53.76 20.84 28.58
ynao_sd_19861211_0200_wang 6 6 0 0 0 33.35 40.69 33.35 40.69 0 0
ynao_sd_19861212_0100_hong 4 4 0 0 0 25.82 29.08 25.82 29.08 0 0
ynao_sd_19861213_0105_hong 5 5 0 0 0 37.13 51.76 37.13 51.76 0 0
ynao_sd_19861214_0120_hong 2 2 0 0 0 7.74 9.03 7.74 9.03 0 0
ynao_sd_19861215_0100_hong 1 1 0 0 0 6.38 7.95 6.38 7.95 0 0
ynao_sd_19861216_0050_hong 0 0 0 0 0 0 0 0 0 0 0
ynao_sd_19861217_0105_wang 0 0 0 0 0 0 0 0 0 0 0
ynao_sd_19861218_0100_hong 0 0 0 0 0 0 0 0 0 0 0
ynao_sd_19861219_0105_hong 1 1 0 0 0 5.21 11.29 5.21 11.29 0 0
ynao_sd_19861220_0050_hong 1 1 0 0 0 5.14 8.14 5.14 8.14 0 0
ynao_sd_19861221_0510_hong 1 1 0 0 0 6.33 7.04 6.33 7.04 0 0
ynao_sd_19861222_0120_wang 0 0 0 0 0 0 0 0 0 0 0
ynao_sd_19861223_0120_wang 0 0 0 0 0 0 0 0 0 0 0
ynao_sd_19861224_0100_wang 0 0 0 0 0 0 0 0 0 0 0
ynao_sd_19861225_0100_wang 0 0 0 0 0 0 0 0 0 0 0
ynao_sd_19861226_0200_wang 1 1 0 0 0 3.89 3.94 3.89 3.94 0 0
ynao_sd_19861227_0720_wang 0 0 0 0 0 0 0 0 0 0 0
ynao_sd_19861228_0450_wang 0 0 0 0 0 0 0 0 0 0 0
ynao_sd_19861229_0950_wang 0 0 0 0 0 0 0 0 0 0 0
ynao_sd_19861230_0100_wang 2 2 0 0 0 8.7 13.45 8.7 13.45 0 0
