ynao_sd_19870101_0055_hong 12 12 0 0 0 70.25 76.42 70.25 76.42 0 0
ynao_sd_19870102_0100_hong 17 15 2 1 0 155.8 164.35 95.2 102.61 60.6 61.74
ynao_sd_19870103_0120_hong 9 6 3 1 0 125.44 127.48 48.81 49.55 76.63 77.93
ynao_sd_19870104_0550_hong 4 3 1 1 0 79.52 85.86 31.38 33.68 48.14 52.18
ynao_sd_19870105_0300_wang 1 1 0 0 0 18.75 22.42 18.75 22.42 0 0
ynao_sd_19870106_0120_wang 1 1 0 0 0 16.02 22.59 16.02 22.59 0 0
ynao_sd_19870107_0100_wang 1 1 0 0 0 10.14 21.83 10.14 21.83 0 0
ynao_sd_19870110_0120_wang 0 0 0 0 0 0 0 0 0 0 0
ynao_sd_19870111_0100_wang 0 0 0 0 0 0 0 0 0 0 0
ynao_sd_19870118_0110_wang 0 0 0 0 0 0 0 0 0 0 0
ynao_sd_19870119_0740_wang 1 1 0 0 0 4.26 4.86 4.26 4.86 0 0
ynao_sd_19870120_0130_wang 0 0 0 0 0 0 0 0 0 0 0
ynao_sd_19870121_0130_wang 1 1 0 0 0 3.74 5.06 3.74 5.06 0 0
ynao_sd_19870122_0120_wang 0 0 0 0 0 0 0 0 0 0 0
ynao_sd_19870123_0130_wang 0 0 0 0 0 0 0 0 0 0 0
ynao_sd_19870124_0135_wang 0 0 0 0 0 0 0 0 0 0 0
ynao_sd_19870127_0900_li 2 2 0 0 0 12.83 18.51 12.83 18.51 0 0
ynao_sd_19870128_0200_li 6 6 0 0 0 30.48 42.06 30.48 42.06 0 0
ynao_sd_19870129_0140_li 1 1 0 0 0 7.25 8.67 7.25 8.67 0 0
ynao_sd_19870130_0120_li 1 1 0 0 0 6.82 7.28 6.82 7.28 0 0
ynao_sd_19870131_0300_li 0 0 0 0 0 0 0 0 0 0 0
ynao_sd_19870210_0100_hong 0 0 0 0 0 0 0 0 0 0 0
ynao_sd_19870211_0050_hong 2 2 0 0 0 18.16 27.17 18.16 27.17 0 0
ynao_sd_19870212_0100_hong 1 1 0 0 0 6.31 7.22 6.31 7.22 0 0
ynao_sd_19870221_0120_wang 0 0 0 0 0 0 0 0 0 0 0
ynao_sd_19870222_0050_wang 1 1 0 0 0 3.67 4.24 3.67 4.24 0 0
ynao_sd_19870223_0115_li 0 0 0 0 0 0 0 0 0 0 0
ynao_sd_19870224_0140_li 1 1 0 0 0 4.69 12.05 4.69 12.05 0 0
ynao_sd_19870225_0130_li 0 0 0 0 0 0 0 0 0 0 0
ynao_sd_19870228_0340_li 1 1 0 0 0 5.29 6.61 5.29 6.61 0 0
ynao_sd_19870304_0040_hong 1 0 1 1 0 51.01 71.88 4.92 6.92 46.09 64.96
ynao_sd_19870305_0110_hong 2 2 0 0 0 20.46 31.01 20.46 31.01 0 0
ynao_sd_19870306_0120_wang 16 14 2 1 0 149.8 157.5 92.46 96.73 57.34 60.77
ynao_sd_19870307_0200_wang 21 20 1 1 0 152.94 182.15 108.78 130.0 44.16 52.15
ynao_sd_19870308_0130_wang 13 10 3 3 0 201.36 279.87 82.52 112.02 118.84 167.85
ynao_sd_19870309_0150_wang 11 8 3 1 0 247.04 451.77 66.54 116.04 180.5 335.73
ynao_sd_19870310_0130_wang 3 2 1 1 0 121.26 356.61 21.76 59.88 99.5 296.73
ynao_sd_19870311_0140_wang 4 3 1 1 0 71.38 338.57 27.32 75.89 44.06 262.68
ynao_sd_19870316_0040_li 0 0 0 0 0 0 0 0 0 0 0
ynao_sd_19870317_0100_li 0 0 0 0 0 0 0 0 0 0 0
ynao_sd_19870318_0050_li 0 0 0 0 0 0 0 0 0 0 0
ynao_sd_19870319_0105_li 0 0 0 0 0 0 0 0 0 0 0
ynao_sd_19870320_0100_li 0 0 0 0 0 0 0 0 0 0 0
ynao_sd_19870321_0100_li 6 6 0 0 0 28.69 34.71 28.69 34.71 0 0
ynao_sd_19870322_0100_li 6 6 0 1 0 69.93 84.48 34.12 40.8 35.81 43.68
ynao_sd_19870323_0050_hong 10 9 1 1 0 146.05 201.08 55.58 75.02 90.47 126.06
ynao_sd_19870324_0100_hong 16 15 1 2 0 152.15 234.57 81.77 119.33 70.38 115.24
ynao_sd_19870325_0100_hong 8 7 1 1 0 73.68 164.67 51.38 111.11 22.3 53.56
ynao_sd_19870401_0140_wang 6 4 2 1 0 390.12 400.76 78.17 81.64 311.95 319.12
ynao_sd_19870402_0325_wang 3 1 2 1 0 324.33 350.2 79.93 86.34 244.4 263.86
ynao_sd_19870403_0050_wang 4 3 1 1 0 317.94 389.12 77.07 97.62 240.87 291.5
ynao_sd_19870404_0020_wang 2 1 1 1 0 262.46 378.16 43.9 62.77 218.56 315.39
ynao_sd_19870405_0025_hong 2 1 1 1 0 168.24 317.1 34.01 65.13 134.23 251.97
ynao_sd_19870406_0110_hong 1 0 1 1 0 97.61 309.34 16.24 51.71 81.37 257.63
ynao_sd_19870408_0110_hong 0 0 0 0 0 0 0 0 0 0 0
ynao_sd_19870409_0040_hong 0 0 0 0 0 0 0 0 0 0 0
ynao_sd_19870410_0050_hong 1 1 0 0 0 3.6 8.04 3.6 8.04 0 0
ynao_sd_19870411_0105_hong 0 0 0 0 0 0 0 0 0 0 0
ynao_sd_19870412_0050_wang 0 0 0 0 0 0 0 0 0 0 0
ynao_sd_19870413_0050_wang 1 0 1 1 0 55.08 119.63 7.28 15.86 47.8 103.77
ynao_sd_19870414_0005_wang 2 1 1 1 0 86.11 139.19 14.34 21.85 71.77 117.34
ynao_sd_19870415_0005_wang 4 2 2 1 0 94.95 128.48 22.91 31.14 72.04 97.34
ynao_sd_19870416_0020_wang 1 1 0 0 0 5.51 6.65 5.51 6.65 0 0
ynao_sd_19870417_0020_wang 1 1 0 0 0 22.03 23.25 22.03 23.25 0 0
ynao_sd_19870418_0025_wang 3 3 0 0 0 12.78 18.92 12.78 18.92 0 0
ynao_sd_19870419_0005_hong 0 0 0 0 0 0 0 0 0 0 0
ynao_sd_19870420_0005_hong 3 3 0 0 0 12.82 24.99 12.82 24.99 0 0
ynao_sd_19870421_0020_hong 1 1 0 0 0 3.88 5.73 3.88 5.73 0 0
ynao_sd_19870422_0630_hong 3 2 1 1 0 44.34 138.05 14.44 46.87 29.9 91.18
ynao_sd_19870427_0130_li 2 2 0 0 0 23.27 23.76 23.27 23.76 0 0
ynao_sd_19870428_0200_li 2 2 0 0 0 24.65 25.01 24.65 25.01 0 0
ynao_sd_19870501_0005_li 4 3 1 1 0 46.89 66.11 23.04 32.46 23.85 33.65
ynao_sd_19870502_0035_li 5 5 0 0 0 31.88 60.93 31.88 60.93 0 0
ynao_sd_19870503_0015_wang 3 3 0 0 0 14.63 15.41 14.63 15.41 0 0
ynao_sd_19870504_0045_wang 1 1 0 0 0 6.53 6.61 6.53 6.61 0 0
ynao_sd_19870505_0200_wang 2 2 0 0 0 11.9 13.19 11.9 13.19 0 0
ynao_sd_19870506_0050_wang 0 0 0 0 0 0 0 0 0 0 0
ynao_sd_19870507_0030_wang 0 0 0 0 0 0 0 0 0 0 0
ynao_sd_19870508_0010_wang 0 0 0 0 0 0 0 0 0 0 0
ynao_sd_19870509_0025_wang 0 0 0 0 0 0 0 0 0 0 0
ynao_sd_19870510_0020_wang 0 0 0 0 0 0 0 0 0 0 0
ynao_sd_19870511_0010_hong 0 0 0 0 0 0 0 0 0 0 0
ynao_sd_19870512_0030_hong 0 0 0 0 0 0 0 0 0 0 0
ynao_sd_19870513_0030_hong 5 5 0 0 0 35.69 43.53 35.69 43.53 0 0
ynao_sd_19870514_0010_hong 3 3 0 0 0 10.26 13.88 10.26 13.88 0 0
ynao_sd_19870515_0010_hong 2 1 1 1 0 92.85 359.54 21.6 67.65 71.25 291.89
ynao_sd_19870516_0020_hong 7 3 4 2 0 280.12 796.23 85.27 251.06 194.85 545.17
ynao_sd_19870517_0505_li 10 5 5 2 0 496.37 971.08 134.25 274.23 362.12 696.85
ynao_sd_19870518_0140_li 15 9 6 5 0 595.67 921.88 140.76 224.15 454.91 697.73
ynao_sd_19870519_0100_li 31 29 2 1 0 694.92 940.24 261.09 369.49 433.83 570.75
ynao_sd_19870520_0045_li 32 26 6 3 0 933.92 1134.65 245.75 305.42 688.17 829.23
ynao_sd_19870521_0030_li 44 39 5 2 0 1009.3 1172.35 329.1 388.87 680.2 783.48
ynao_sd_19870522_0045_li 34 23 11 4 0 1228.16 1422.13 231.95 270.89 996.21 1151.24
ynao_sd_19870523_0020_li 50 36 14 6 0 1301.76 1568.28 343.62 416.87 958.14 1151.41
ynao_sd_19870524_0045_li 36 24 12 3 0 871.86 1155.34 279.17 370.24 592.69 785.1
ynao_sd_19870525_0030_wang 37 30 7 3 0 990.59 1536.81 228.57 358.77 762.02 1178.04
ynao_sd_19870526_0110_wang 35 29 6 5 0 797.27 1570.66 210.15 404.53 587.12 1166.13
ynao_sd_19870527_0035_wang 25 23 2 2 0 409.31 1133.87 193.46 487.28 215.85 646.59
ynao_sd_19870528_0100_wang 18 14 4 2 0 328.06 691.56 114.58 169.95 213.48 521.61
ynao_sd_19870529_0300_wang 9 8 1 1 0 276.02 305.31 87.5 100.33 188.52 204.98
ynao_sd_19870530_0220_wang 7 6 1 1 0 188.44 218.48 36.8 46.28 151.64 172.2
ynao_sd_19870531_0040_wang 6 4 2 1 0 128.77 160.54 33.88 43.41 94.89 117.13
ynao_sd_19870601_0010_hong 7 6 1 1 0 100.73 145.42 39.42 57.27 61.31 88.15
ynao_sd_19870602_0630_hong 3 3 0 0 0 27.57 54.28 27.57 54.28 0 0
ynao_sd_19870603_0850_hong 1 1 0 0 0 7.35 11.62 7.35 11.62 0 0
ynao_sd_19870604_0130_hong 0 0 0 0 0 0 0 0 0 0 0
ynao_sd_19870605_0125_hong 1 1 0 0 0 10.57 11.92 10.57 11.92 0 0
ynao_sd_19870606_0230_hong 0 0 0 0 0 0 0 0 0 0 0
ynao_sd_19870608_0010_li 1 1 0 0 0 5.65 6.88 5.65 6.88 0 0
ynao_sd_19870609_0230_li 1 1 0 0 0 5.59 5.93 5.59 5.93 0 0
ynao_sd_19870610_0610_li 0 0 0 0 0 0 0 0 0 0 0
ynao_sd_19870611_0235_li 0 0 0 0 0 0 0 0 0 0 0
ynao_sd_19870612_0110_li 0 0 0 0 0 0 0 0 0 0 0
ynao_sd_19870613_0040_li 1 1 0 0 0 7.26 21.56 7.26 21.56 0 0
ynao_sd_19870614_0010_wang 0 0 0 0 0 0 0 0 0 0 0
ynao_sd_19870616_0530_wang 1 1 0 0 0 3.59 4.72 3.59 4.72 0 0
ynao_sd_19870617_0125_wang 0 0 0 0 0 0 0 0 0 0 0
ynao_sd_19870619_0450_wang 5 5 0 0 0 25.31 28.08 25.31 28.08 0 0
ynao_sd_19870620_0050_wang 0 0 0 0 0 0 0 0 0 0 0
ynao_sd_19870621_0040_hong 5 5 0 0 0 21.86 29.03 21.86 29.03 0 0
ynao_sd_19870622_0030_hong 16 10 6 2 0 289.04 329.14 98.19 112.2 190.85 216.94
ynao_sd_19870623_0130_hong 27 18 9 2 0 495.25 530.99 157.67 173.22 337.58 357.77
ynao_sd_19870624_0210_hong 27 20 7 2 0 525.0 549.9 177.05 184.9 347.95 365.0
ynao_sd_19870625_0340_hong 12 8 4 1 0 380.51 425.63 99.96 116.03 280.55 309.6
ynao_sd_19870626_0140_hong 16 12 4 2 0 394.35 607.54 128.13 220.35 266.22 387.19
ynao_sd_19870627_0200_hong 15 10 5 3 0 380.32 613.88 117.8 179.58 262.52 434.3
ynao_sd_19870628_0140_hong 10 7 3 2 0 295.28 532.49 101.81 182.73 193.47 349.76
ynao_sd_19870630_0020_wang 3 2 1 1 0 65.59 277.99 16.37 40.14 49.22 237.85
ynao_sd_19870701_0050_wang 0 0 0 0 0 0 0 0 0 0 0
ynao_sd_19870702_0230_wang 0 0 0 0 0 0 0 0 0 0 0
ynao_sd_19870703_0700_wang 1 1 0 0 0 4.76 12.63 4.76 12.63 0 0
ynao_sd_19870705_0435_hong 0 0 0 0 0 0 0 0 0 0 0
ynao_sd_19870706_0920_hong 1 1 0 0 0 4.11 4.46 4.11 4.46 0 0
ynao_sd_19870707_0330_hong 0 0 0 0 0 0 0 0 0 0 0
ynao_sd_19870708_0220_hong 0 0 0 0 0 0 0 0 0 0 0
ynao_sd_19870710_0240_hong 0 0 0 0 0 0 0 0 0 0 0
ynao_sd_19870711_0630_hong 0 0 0 0 0 0 0 0 0 0 0
ynao_sd_19870712_0140_hong 0 0 0 0 0 0 0 0 0 0 0
ynao_sd_19870715_0545_li 1 1 0 0 0 5.28 7.03 5.28 7.03 0 0
ynao_sd_19870716_0310_li 3 3 0 0 0 19.81 39.96 19.81 39.96 0 0
ynao_sd_19870717_0220_li 0 0 0 0 0 0 0 0 0 0 0
ynao_sd_19870718_0305_li 3 3 0 0 0 13.89 18.4 13.89 18.4 0 0
ynao_sd_19870719_0505_wang 0 0 0 0 0 0 0 0 0 0 0
ynao_sd_19870720_0415_wang 0 0 0 0 0 0 0 0 0 0 0
ynao_sd_19870723_0500_wang 2 2 0 1 0 79.49 334.62 18.53 19.97 60.96 314.65
ynao_sd_19870725_0620_wang 7 2 5 3 0 300.29 630.76 42.14 88.03 258.15 542.73
ynao_sd_19870726_0003_wang 17 13 4 3 0 387.59 657.92 116.95 198.2 270.64 459.72
ynao_sd_19870727_0110_hong 22 16 6 3 0 403.75 538.94 121.56 162.52 282.19 376.42
ynao_sd_19870730_0105_hong 26 25 1 1 0 227.56 244.15 144.94 154.77 82.62 89.38
ynao_sd_19870731_0020_hong 28 27 1 2 0 267.97 293.35 146.08 158.53 121.89 134.82
ynao_sd_19870801_0120_hong 25 21 4 2 0 428.94 470.21 151.94 166.71 277.0 303.5
ynao_sd_19870802_0510_hong 14 12 2 1 0 373.72 410.56 124.85 138.16 248.87 272.4
ynao_sd_19870805_0630_li 1 0 1 1 0 88.96 185.38 13.51 28.19 75.45 157.19
ynao_sd_19870806_0150_li 1 0 1 1 0 53.46 158.42 9.9 29.18 43.56 129.24
ynao_sd_19870808_0520_li 2 2 0 0 0 14.54 17.39 14.54 17.39 0 0
ynao_sd_19870809_0115_li 1 1 0 0 0 5.51 6.97 5.51 6.97 0 0
ynao_sd_19870810_0240_wang 3 3 0 0 0 19.34 30.06 19.34 30.06 0 0
ynao_sd_19870812_0340_wang 3 3 0 0 0 12.04 13.63 12.04 13.63 0 0
ynao_sd_19870813_0100_wang 0 0 0 0 0 0 0 0 0 0 0
ynao_sd_19870814_0355_wang 1 1 0 0 0 3.75 5.59 3.75 5.59 0 0
ynao_sd_19870816_0120_wang 3 3 0 0 0 21.45 38.17 21.45 38.17 0 0
ynao_sd_19870817_0340_hong 2 2 0 0 0 8.96 14.04 8.96 14.04 0 0
ynao_sd_19870818_0200_hong 0 0 0 0 0 0 0 0 0 0 0
ynao_sd_19870819_0310_hong 0 0 0 0 0 0 0 0 0 0 0
ynao_sd_19870820_0240_hong 1 1 0 0 0 3.66 4.04 3.66 4.04 0 0
ynao_sd_19870821_0100_hong 3 3 0 0 0 13.08 21.38 13.08 21.38 0 0
ynao_sd_19870822_0520_hong 2 1 1 1 0 56.91 185.65 8.85 22.16 48.06 163.49
ynao_sd_19870823_0050_hong 4 1 3 2 0 119.57 239.89 24.32 48.57 95.25 191.32
ynao_sd_19870824_0040_li 12 12 0 0 0 71.9 105.41 71.9 105.41 0 0
ynao_sd_19870825_0205_li 15 15 0 0 0 106.89 137.72 106.89 137.72 0 0
ynao_sd_19870826_0300_li 20 14 6 2 0 296.94 558.48 124.86 206.15 172.08 352.33
ynao_sd_19870827_0735_li 12 11 1 1 0 93.43 280.74 56.0 122.67 37.43 158.07
ynao_sd_19870828_0005_li 7 7 0 0 0 30.38 30.87 30.38 30.87 0 0
ynao_sd_19870829_0430_li 2 2 0 0 0 10.6 14.33 10.6 14.33 0 0
ynao_sd_19870830_0025_li 3 3 0 0 0 13.28 15.02 13.28 15.02 0 0
ynao_sd_19870831_0010_wang 0 0 0 0 0 0 0 0 0 0 0
ynao_sd_19870901_0610_wang 0 0 0 0 0 0 0 0 0 0 0
ynao_sd_19870902_0040_wang 0 0 0 0 0 0 0 0 0 0 0
ynao_sd_19870903_0450_wang 1 1 0 0 0 4.85 9.13 4.85 9.13 0 0
ynao_sd_19870904_0625_wang 0 0 0 0 0 0 0 0 0 0 0
ynao_sd_19870905_0240_wang 5 5 0 0 0 28.39 36.26 28.39 36.26 0 0
ynao_sd_19870909_0020_hong 2 0 2 1 0 52.67 157.88 9.8 29.47 42.87 128.41
ynao_sd_19870910_0220_hong 1 1 0 0 0 6.73 12.65 6.73 12.65 0 0
ynao_sd_19870911_0240_hong 3 3 0 0 0 25.87 37.73 25.87 37.73 0 0
ynao_sd_19870912_0630_hong 2 2 0 0 0 13.82 17.29 13.82 17.29 0 0
ynao_sd_19870913_0930_hong 0 0 0 0 0 0 0 0 0 0 0
ynao_sd_19870914_0250_li 0 0 0 0 0 0 0 0 0 0 0
ynao_sd_19870915_0135_li 2 2 0 0 0 9.9 10.57 9.9 10.57 0 0
ynao_sd_19870916_0025_li 4 4 0 0 0 20.43 25.12 20.43 25.12 0 0
ynao_sd_19870917_0230_li 4 4 0 0 0 21.26 76.33 21.26 76.33 0 0
ynao_sd_19870920_0900_wang 3 2 1 1 0 97.41 124.24 17.05 22.0 80.36 102.24
ynao_sd_19870921_0545_wang 1 0 1 1 0 160.86 180.4 22.75 25.52 138.11 154.88
ynao_sd_19870922_0220_wang 2 1 1 1 0 171.9 179.04 22.39 23.52 149.51 155.52
ynao_sd_19870923_0235_wang 5 3 2 1 0 170.51 187.44 34.21 50.34 136.3 137.1
ynao_sd_19870924_0430_wang 3 1 2 1 0 146.08 149.85 32.36 33.3 113.72 116.55
ynao_sd_19870928_0130_hong 1 1 0 0 0 22.8 44.93 22.8 44.93 0 0
ynao_sd_19870929_0650_hong 3 2 1 1 0 80.33 284.87 28.46 111.49 51.87 173.38
ynao_sd_19870930_0410_hong 3 2 1 1 0 129.6 310.37 27.33 75.08 102.27 235.29
ynao_sd_19871001_0210_hong 10 7 3 1 0 200.79 347.94 62.22 113.56 138.57 234.38
ynao_sd_19871002_0810_hong 10 6 4 3 0 318.82 473.0 67.1 135.37 251.72 337.63
ynao_sd_19871003_0320_hong 15 10 5 3 0 384.89 482.8 97.92 132.15 286.97 350.65
ynao_sd_19871004_0110_hong 27 22 5 3 0 367.56 429.2 151.63 183.92 215.93 245.28
ynao_sd_19871005_0050_li 35 31 4 2 0 413.97 461.72 162.43 187.17 251.54 274.55
ynao_sd_19871006_0020_li 32 27 5 2 0 384.56 426.0 172.84 193.48 211.72 232.52
ynao_sd_19871008_0840_li 13 10 3 2 0 171.58 223.28 68.8 84.83 102.78 138.45
ynao_sd_19871009_0240_li 11 8 3 2 0 136.84 239.94 65.17 128.24 71.67 111.7
ynao_sd_19871010_0130_li 9 5 4 3 0 305.25 979.87 78.26 229.52 226.99 750.35
ynao_sd_19871011_0300_li 18 16 2 1 0 376.65 805.88 142.54 325.03 234.11 480.85
ynao_sd_19871012_0020_wang 19 14 5 1 0 640.15 1031.67 148.2 251.98 491.95 779.69
ynao_sd_19871013_0115_wang 24 14 10 2 0 777.97 1001.44 181.19 238.54 596.78 762.9
ynao_sd_19871014_0110_wang 36 27 9 2 0 809.92 918.31 214.31 244.47 595.61 673.84
ynao_sd_19871015_0115_wang 45 31 14 3 0 1031.74 1086.34 262.11 276.23 769.63 810.11
ynao_sd_19871016_0050_wang 53 47 6 4 0 896.31 928.45 339.71 352.21 556.6 576.24
ynao_sd_19871017_0115_wang 39 30 9 6 0 834.35 890.59 222.93 237.8 611.42 652.79
ynao_sd_19871018_0100_wang 30 23 7 4 0 540.15 628.03 155.55 178.95 384.6 449.08
ynao_sd_19871019_0410_hong 21 17 4 4 0 325.29 443.88 139.88 186.63 185.41 257.25
ynao_sd_19871020_0040_hong 11 10 1 1 0 159.1 266.82 79.37 123.5 79.73 143.32
ynao_sd_19871021_0050_hong 8 7 1 1 0 91.7 231.12 47.46 104.04 44.24 127.08
ynao_sd_19871023_0220_hong 1 1 0 0 0 5.12 8.48 5.12 8.48 0 0
ynao_sd_19871024_0210_hong 2 1 1 1 0 51.63 268.42 10.65 37.0 40.98 231.42
ynao_sd_19871025_0525_hong 10 3 7 3 0 228.26 758.77 58.35 198.78 169.91 559.99
ynao_sd_19871026_0345_li 14 10 4 3 0 298.09 594.19 95.42 176.98 202.67 417.21
ynao_sd_19871027_0250_li 35 30 5 3 0 393.73 589.73 168.9 252.53 224.83 337.2
ynao_sd_19871029_0040_li 37 30 7 7 0 466.82 546.52 183.58 219.04 283.24 327.48
ynao_sd_19871030_0105_li 37 28 9 5 0 482.33 536.48 171.58 193.64 310.75 342.84
ynao_sd_19871031_0100_li 53 48 5 3 0 420.37 463.98 226.29 250.94 194.08 213.04
ynao_sd_19871101_0100_li 29 27 2 1 0 336.64 389.37 157.09 181.08 179.55 208.29
ynao_sd_19871102_0130_wang 28 23 5 2 0 503.12 639.41 147.39 186.64 355.73 452.77
ynao_sd_19871103_0730_wang 27 21 6 4 0 338.18 527.37 135.89 209.53 202.29 317.84
ynao_sd_19871104_0140_wang 17 10 7 4 0 274.24 508.93 95.7 173.23 178.54 335.7
ynao_sd_19871106_0145_wang 0 0 0 0 0 0 0 0 0 0 0
ynao_sd_19871107_0300_wang 7 7 0 0 0 30.32 36.19 30.32 36.19 0 0
ynao_sd_19871108_0110_hong 3 3 0 0 0 16.73 96.86 16.73 96.86 0 0
ynao_sd_19871109_0110_hong 4 4 0 1 0 52.78 120.48 24.85 37.22 27.93 83.26
ynao_sd_19871110_0040_hong 5 5 0 0 0 34.29 49.47 34.29 49.47 0 0
ynao_sd_19871111_0110_hong 2 2 0 0 0 11.21 15.6 11.21 15.6 0 0
ynao_sd_19871112_0410_hong 1 1 0 0 0 6.52 7.5 6.52 7.5 0 0
ynao_sd_19871113_0100_hong 0 0 0 0 0 0 0 0 0 0 0
ynao_sd_19871116_0720_li 0 0 0 0 0 0 0 0 0 0 0
ynao_sd_19871117_0220_li 0 0 0 0 0 0 0 0 0 0 0
ynao_sd_19871118_0200_li 2 2 0 0 0 7.55 15.37 7.55 15.37 0 0
ynao_sd_19871119_0240_li 0 0 0 0 0 0 0 0 0 0 0
ynao_sd_19871120_0140_hong 0 0 0 0 0 0 0 0 0 0 0
ynao_sd_19871121_0640_hong 0 0 0 0 0 0 0 0 0 0 0
ynao_sd_19871122_0800_hong 1 1 0 0 0 5.35 15.5 5.35 15.5 0 0
ynao_sd_19871123_0120_hong 5 5 0 0 0 24.86 48.03 24.86 48.03 0 0
ynao_sd_19871124_0110_hong 3 3 0 0 0 17.46 25.34 17.46 25.34 0 0
ynao_sd_19871125_0135_hong 1 1 0 0 0 3.96 4.29 3.96 4.29 0 0
ynao_sd_19871126_0130_hong 0 0 0 0 0 0 0 0 0 0 0
ynao_sd_19871127_0230_hong 6 6 0 0 0 40.17 44.23 40.17 44.23 0 0
ynao_sd_19871128_0210_hong 5 5 0 0 0 18.66 20.59 18.66 20.59 0 0
ynao_sd_19871129_0130_hong 1 1 0 0 0 11.42 32.8 11.42 32.8 0 0
ynao_sd_19871202_0510_li 1 1 0 0 0 4.32 4.98 4.32 4.98 0 0
ynao_sd_19871203_0130_li 4 4 0 0 0 16.04 19.32 16.04 19.32 0 0
ynao_sd_19871208_0710_wang 2 2 0 0 0 13.51 17.4 13.51 17.4 0 0
ynao_sd_19871209_0540_wang 1 1 0 0 0 3.44 4.09 3.44 4.09 0 0
ynao_sd_19871210_0130_wang 0 0 0 0 0 0 0 0 0 0 0
ynao_sd_19871211_0720_wang 0 0 0 0 0 0 0 0 0 0 0
ynao_sd_19871213_0800_wang 2 2 0 0 0 11.16 15.4 11.16 15.4 0 0
ynao_sd_19871214_0640_hong 3 2 1 1 0 52.43 129.94 16.28 44.01 36.15 85.93
ynao_sd_19871216_0620_hong 0 0 0 0 0 0 0 0 0 0 0
ynao_sd_19871217_0740_hong 0 0 0 0 0 0 0 0 0 0 0
ynao_sd_19871219_0205_hong 3 2 1 1 0 61.65 108.92 19.64 35.86 42.01 73.06
ynao_sd_19871220_0530_hong 2 1 1 1 0 33.22 45.87 11.39 15.89 21.83 29.98
ynao_sd_19871221_0525_li 2 2 0 0 0 11.83 13.95 11.83 13.95 0 0
ynao_sd_19871222_0130_li 0 0 0 0 0 0 0 0 0 0 0
ynao_sd_19871223_0130_li 0 0 0 0 0 0 0 0 0 0 0
ynao_sd_19871224_0215_li 0 0 0 0 0 0 0 0 0 0 0
ynao_sd_19871225_0240_li 1 1 0 0 0 6.46 17.96 6.46 17.96 0 0
ynao_sd_19871226_0110_li 3 3 0 0 0 19.9 21.3 19.9 21.3 0 0
ynao_sd_19871227_0210_li 0 0 0 0 0 0 0 0 0 0 0
ynao_sd_19871228_0220_wang 0 0 0 0 0 0 0 0 0 0 0
ynao_sd_19871229_0150_wang 1 1 0 0 0 7.36 9.7 7.36 9.7 0 0
ynao_sd_19871230_0210_wang 0 0 0 0 0 0 0 0 0 0 0
ynao_sd_19871231_0200_wang 0 0 0 0 0 0 0 0 0 0 0
