ynao_sd_19880101_0420_wang 0 0 0 0 0 0 0 0 0 0 0
ynao_sd_19880102_0240_wang 0 0 0 0 0 0 0 0 0 0 0
ynao_sd_19880103_0420_wang 0 0 0 0 0 0 0 0 0 0 0
ynao_sd_19880106_0230_hong 10 10 0 0 0 74.24 181.16 74.24 181.16 0 0
ynao_sd_19880107_0120_hong 14 12 2 1 0 112.41 199.35 82.49 146.14 29.92 53.21
ynao_sd_19880108_0120_hong 21 21 0 1 0 158.34 238.18 106.52 155.19 51.82 82.99
ynao_sd_19880109_0210_hong 13 13 0 0 0 106.03 133.61 106.03 133.61 0 0
ynao_sd_19880110_0550_hong 16 13 3 3 0 193.85 229.5 101.75 119.94 92.1 109.56
ynao_sd_19880111_0310_wang 26 25 1 1 0 201.76 243.52 160.47 194.3 41.29 49.22
ynao_sd_19880112_0240_wang 21 15 6 4 0 370.01 482.7 132.36 176.06 237.65 306.64
ynao_sd_19880113_0150_wang 23 17 6 4 0 320.67 485.42 126.81 198.1 193.86 287.32
ynao_sd_19880114_0210_wang 23 21 2 2 0 211.84 425.51 148.16 299.12 63.68 126.39
ynao_sd_19880115_0210_wang 15 15 0 0 0 115.38 280.72 115.38 280.72 0 0
ynao_sd_19880116_0150_wang 6 6 0 0 0 36.44 52.25 36.44 52.25 0 0
ynao_sd_19880117_0415_wang 1 1 0 0 0 4.19 4.58 4.19 4.58 0 0
ynao_sd_19880119_0220_hong 0 0 0 0 0 0 0 0 0 0 0
ynao_sd_19880120_0140_li 1 1 0 0 0 4.98 7.42 4.98 7.42 0 0
ynao_sd_19880121_0115_li 1 1 0 0 0 4.76 5.85 4.76 5.85 0 0
ynao_sd_19880122_0120_li 0 0 0 0 0 0 0 0 0 0 0
ynao_sd_19880123_0110_li 1 1 0 0 0 8.82 15.46 8.82 15.46 0 0
ynao_sd_19880124_0130_li 0 0 0 0 0 0 0 0 0 0 0
ynao_sd_19880125_0140_hong 0 0 0 0 0 0 0 0 0 0 0
ynao_sd_19880126_0130_hong 0 0 0 0 0 0 0 0 0 0 0
ynao_sd_19880127_0140_hong 16 16 0 0 0 99.47 164.65 99.47 164.65 0 0
ynao_sd_19880128_0140_hong 12 8 4 4 0 306.88 712.6 108.08 263.05 198.8 449.55
ynao_sd_19880129_0150_hong 13 9 4 6 0 394.61 1739.85 117.57 503.66 277.04 1236.19
ynao_sd_19880130_0130_hong 12 9 3 3 0 262.12 720.33 94.95 183.95 167.17 536.38
ynao_sd_19880131_0150_hong 16 10 6 4 0 462.47 850.94 117.29 199.84 345.18 651.1
ynao_sd_19880201_0110_wang 23 13 10 5 0 715.83 966.56 156.34 211.47 559.49 755.09
ynao_sd_19880202_0130_wang 28 20 8 5 0 820.72 1057.03 191.65 273.2 629.07 783.83
ynao_sd_19880203_0130_wang 19 10 9 5 0 769.56 999.32 178.42 240.33 591.14 758.99
ynao_sd_19880204_0200_wang 23 16 7 4 0 689.14 877.46 176.84 224.32 512.3 653.14
ynao_sd_19880205_0130_wang 18 12 6 4 0 633.88 835.26 158.46 201.74 475.42 633.52
ynao_sd_19880206_0200_wang 14 11 3 3 0 485.01 577.56 130.51 156.1 354.5 421.46
ynao_sd_19880207_0345_wang 15 12 3 3 0 471.55 627.73 111.54 152.86 360.01 474.87
ynao_sd_19880208_0110_hong 13 11 2 2 0 352.73 534.03 137.27 187.78 215.46 346.25
ynao_sd_19880209_0130_hong 15 13 2 2 0 289.28 549.66 139.18 223.12 150.1 326.54
ynao_sd_19880210_0120_hong 10 9 1 1 0 140.13 326.08 65.07 126.09 75.06 199.99
ynao_sd_19880211_0190_hong 2 2 0 0 0 15.74 37.69 15.74 37.69 0 0
ynao_sd_19880212_0110_hong 1 1 0 0 0 7.02 25.62 7.02 25.62 0 0
ynao_sd_19880213_0130_hong 1 1 0 0 0 121.61 657.94 121.61 657.94 0 0
ynao_sd_19880214_0140_hong 4 3 1 1 0 434.29 1365.25 120.37 409.1 313.92 956.15
ynao_sd_19880215_0115_li 4 3 1 1 0 622.25 1268.01 119.36 270.26 502.89 997.75
ynao_sd_19880216_0115_li 6 4 2 2 0 823.97 1280.75 97.23 150.82 726.74 1129.93
ynao_sd_19880219_0230_wang 7 4 3 2 0 1119.31 1269.89 218.55 252.25 900.76 1017.64
ynao_sd_19880220_0150_hong 7 6 1 1 0 972.68 1123.15 233.34 272.49 739.34 850.66
ynao_sd_19880221_0125_li 9 8 1 1 0 950.44 1168.03 185.64 232.0 764.8 936.03
ynao_sd_19880222_0140_wang 6 5 1 1 0 733.46 1019.22 143.21 197.39 590.25 821.83
ynao_sd_19880223_0130_wang 1 0 1 1 0 604.43 1024.24 113.44 192.11 490.99 832.13
ynao_sd_19880224_0210_wang 2 1 1 1 0 415.74 975.29 85.11 195.52 330.63 779.77
ynao_sd_19880225_0340_wang 3 2 1 1 0 228.01 869.59 36.47 130.39 191.54 739.2
ynao_sd_19880226_0210_wang 1 1 0 0 0 3.17 6.82 3.17 6.82 0 0
ynao_sd_19880227_0100_wang 1 1 0 0 0 8.43 35.52 8.43 35.52 0 0
ynao_sd_19880228_0120_wang 11 8 3 2 0 128.11 358.8 52.62 133.37 75.49 225.43
ynao_sd_19880229_0130_hong 11 9 2 2 0 226.4 432.54 89.33 167.48 137.07 265.06
ynao_sd_19880301_0130_hong 15 9 6 4 0 338.55 511.6 87.32 130.09 251.23 381.51
ynao_sd_19880302_0140_hong 17 12 5 3 0 257.1 324.3 117.58 149.12 139.52 175.18
ynao_sd_19880303_0150_hong 16 12 4 4 0 206.43 236.95 77.54 89.18 128.89 147.77
ynao_sd_19880304_0130_hong 34 32 2 2 0 320.39 353.55 234.16 258.8 86.23 94.75
ynao_sd_19880305_0240_hong 27 21 6 4 0 312.31 357.36 160.16 187.86 152.15 169.5
ynao_sd_19880306_0130_hong 32 28 4 2 0 425.66 500.38 239.47 283.3 186.19 217.08
ynao_sd_19880307_0830_li 42 40 2 1 0 310.39 419.71 217.94 297.26 92.45 122.45
ynao_sd_19880308_0210_li 26 24 2 2 0 232.19 337.91 156.92 235.95 75.27 101.96
ynao_sd_19880309_0200_li 22 21 1 2 0 159.25 252.09 127.57 199.61 31.68 52.48
ynao_sd_19880310_0115_li 16 16 0 0 0 94.15 148.17 94.15 148.17 0 0
ynao_sd_19880311_0120_li 19 19 0 0 0 93.56 147.42 93.56 147.42 0 0
ynao_sd_19880312_0120_li 7 5 2 1 0 106.01 467.91 37.39 116.69 68.62 351.22
ynao_sd_19880313_0110_li 2 0 2 1 0 237.29 632.52 20.24 53.6 217.05 578.92
ynao_sd_19880314_0120_li 4 0 4 1 0 369.97 674.88 29.1 53.02 340.87 621.86
ynao_sd_19880315_0130_wang 4 1 3 2 0 487.78 709.0 63.38 91.93 424.4 617.07
ynao_sd_19880316_0115_wang 6 1 5 2 0 471.63 603.62 62.77 88.83 408.86 514.79
ynao_sd_19880317_0110_wang 8 3 5 2 0 539.56 633.66 83.25 101.87 456.31 531.79
ynao_sd_19880318_0300_wang 11 5 6 4 0 608.89 688.24 84.63 95.65 524.26 592.59
ynao_sd_19880319_0110_wang 22 9 13 4 0 693.36 859.07 145.49 228.86 547.87 630.21
ynao_sd_19880320_0050_wang 31 27 4 3 0 489.87 627.98 190.17 254.05 299.7 373.93
ynao_sd_19880321_0120_li 28 26 2 2 0 356.62 520.56 151.74 226.51 204.88 294.05
ynao_sd_19880322_0100_li 28 24 4 3 0 286.07 458.85 129.16 198.19 156.91 260.66
ynao_sd_19880323_0120_li 28 25 3 2 0 345.99 540.88 154.76 262.41 191.23 278.47
ynao_sd_19880324_0105_li 24 20 4 2 0 403.33 637.87 172.43 378.72 230.9 259.15
ynao_sd_19880325_0100_li 30 25 5 2 0 428.61 848.38 206.09 538.83 222.52 309.55
ynao_sd_19880326_0120_li 45 28 17 4 0 815.08 1494.5 278.54 523.15 536.54 971.35
ynao_sd_19880327_0115_li 60 52 8 5 0 729.82 1111.61 301.28 466.75 428.54 644.86
ynao_sd_19880328_0100_wang 58 44 14 7 0 941.6 1251.21 335.98 445.54 605.62 805.67
ynao_sd_19880329_0050_wang 43 26 17 8 0 905.97 1125.73 239.04 305.26 666.93 820.47
ynao_sd_19880330_0120_wang 44 28 16 10 0 985.07 1094.94 229.51 266.78 755.56 828.16
ynao_sd_19880331_0110_wang 70 44 26 8 0 1100.51 1237.72 360.78 431.29 739.73 806.43
ynao_sd_19880401_0150_wang 69 42 27 13 0 1041.46 1260.56 313.51 399.02 727.95 861.54
ynao_sd_19880402_0130_wang 44 36 8 7 1 670.1 908.62 261.94 372.37 408.16 536.25
ynao_sd_19880403_0040_wang 43 32 11 7 0 946.82 1741.48 276.02 490.25 670.8 1251.23
ynao_sd_19880404_0115_li 33 28 5 5 0 505.21 1193.67 175.67 410.22 329.54 783.45
ynao_sd_19880405_0040_li 14 10 4 2 0 443.45 889.23 100.65 215.94 342.8 673.29
ynao_sd_19880406_0010_li 21 17 4 4 0 614.41 885.15 135.87 193.97 478.54 691.18
ynao_sd_19880407_0405_li 26 19 7 3 0 582.19 699.05 178.93 221.43 403.26 477.62
ynao_sd_19880408_0730_li 22 18 4 2 0 561.49 675.18 179.53 254.49 381.96 420.69
ynao_sd_19880409_0140_li 47 39 8 3 0 786.87 1134.9 289.14 446.48 497.73 688.42
ynao_sd_19880410_0105_li 38 30 8 4 0 894.11 1179.54 285.93 400.53 608.18 779.01
ynao_sd_19880411_0330_wang 51 42 9 4 0 1093.23 1458.15 365.75 502.21 727.48 955.94
ynao_sd_19880412_0910_wang 32 17 15 8 0 1110.26 1613.12 250.53 374.55 859.73 1238.57
ynao_sd_19880413_0430_wang 47 29 18 10 0 1223.66 1854.86 314.29 508.15 909.37 1346.71
ynao_sd_19880415_0310_wang 79 57 22 8 0 1481.85 1958.95 465.88 608.07 1015.97 1350.88
ynao_sd_19880416_0100_wang 65 46 19 7 0 1991.68 2643.71 445.23 616.08 1546.45 2027.63
ynao_sd_19880417_0050_wang 83 54 29 11 0 2471.18 3097.69 589.86 765.58 1881.32 2332.11
ynao_sd_19880418_0700_wang 92 66 26 10 0 2329.78 2914.74 658.29 810.06 1671.49 2104.68
ynao_sd_19880419_0100_wang 84 54 30 13 0 2231.65 2886.57 516.67 646.68 1714.98 2239.89
ynao_sd_19880420_0030_wang 74 58 16 6 0 1448.55 1793.23 433.27 535.86 1015.28 1257.37
ynao_sd_19880421_0030_wang 55 43 12 6 0 1167.64 1612.35 336.4 457.27 831.24 1155.08
ynao_sd_19880422_0040_wang 31 24 7 4 0 674.09 1135.28 207.07 329.13 467.02 806.15
ynao_sd_19880423_0200_wang 12 9 3 1 0 296.36 649.54 116.15 307.61 180.21 341.93
ynao_sd_19880424_0015_wang 5 4 1 1 0 111.54 281.61 31.69 64.91 79.85 216.7
ynao_sd_19880425_0015_wang 0 0 0 0 0 0 0 0 0 0 0
ynao_sd_19880426_0015_wang 0 0 0 0 0 0 0 0 0 0 0
ynao_sd_19880427_0005_wang 1 1 0 0 0 4.6 5.12 4.6 5.12 0 0
ynao_sd_19880428_0300_wang 0 0 0 0 0 0 0 0 0 0 0
ynao_sd_19880429_0250_wang 0 0 0 0 0 0 0 0 0 0 0
ynao_sd_19880430_0002_wang 0 0 0 0 0 0 0 0 0 0 0
ynao_sd_19880501_0001_wang 2 2 0 0 0 7.1 20.09 7.1 20.09 0 0
ynao_sd_19880502_0001_wang 12 12 0 0 0 65.1 136.61 65.1 136.61 0 0
ynao_sd_19880503_0115_li 2 2 0 0 0 27.15 57.86 27.15 57.86 0 0
ynao_sd_19880504_0030_li 5 5 0 0 0 48.46 84.0 48.46 84.0 0 0
ynao_sd_19880505_0040_li 6 5 1 1 0 98.41 200.8 69.87 161.57 28.54 39.23
ynao_sd_19880506_0040_li 6 5 1 1 0 74.25 149.52 37.79 62.22 36.46 87.3
ynao_sd_19880507_0050_li 11 10 1 1 0 111.42 143.72 91.09 120.83 20.33 22.89
ynao_sd_19880508_0020_li 13 12 1 1 0 99.95 123.28 75.13 89.72 24.82 33.56
ynao_sd_19880509_0003_li 14 13 1 1 0 134.19 155.44 91.2 105.01 42.99 50.43
ynao_sd_19880510_0110_li 13 12 1 1 0 101.25 120.4 61.01 76.73 40.24 43.67
ynao_sd_19880511_0030_li 8 8 0 0 0 68.42 77.78 68.42 77.78 0 0
ynao_sd_19880512_0002_li 20 18 2 1 0 110.17 139.43 95.69 123.56 14.48 15.87
ynao_sd_19880513_0030_li 11 11 0 0 0 62.36 96.09 62.36 96.09 0 0
ynao_sd_19880514_0135_li 9 9 0 0 0 40.93 59.46 40.93 59.46 0 0
ynao_sd_19880516_0030_wang 9 9 0 0 0 50.89 59.33 50.89 59.33 0 0
ynao_sd_19880517_0300_wang 6 6 0 0 0 25.64 31.34 25.64 31.34 0 0
ynao_sd_19880518_0150_wang 10 10 0 0 0 42.27 52.31 42.27 52.31 0 0
ynao_sd_19880519_0120_wang 3 3 0 0 0 19.88 25.08 19.88 25.08 0 0
ynao_sd_19880520_0210_wang 2 2 0 0 0 10.33 12.74 10.33 12.74 0 0
ynao_sd_19880521_0130_wang 1 1 0 0 0 6.81 17.37 6.81 17.37 0 0
ynao_sd_19880522_0210_li 0 0 0 0 0 0 0 0 0 0 0
ynao_sd_19880523_0045_li 0 0 0 0 0 0 0 0 0 0 0
ynao_sd_19880524_0015_li 0 0 0 0 0 0 0 0 0 0 0
ynao_sd_19880525_0045_li 1 1 0 0 0 5.71 6.85 5.71 6.85 0 0
ynao_sd_19880526_0040_li 0 0 0 0 0 0 0 0 0 0 0
ynao_sd_19880527_0050_li 2 2 0 0 0 7.88 8.92 7.88 8.92 0 0
ynao_sd_19880528_0020_li 4 4 0 0 0 18.47 21.3 18.47 21.3 0 0
ynao_sd_19880529_0020_li 1 1 0 0 0 7.17 8.09 7.17 8.09 0 0
ynao_sd_19880530_0010_li 5 4 1 1 0 135.26 526.4 57.03 202.54 78.23 323.86
ynao_sd_19880601_0120_li 32 25 7 5 0 796.48 1371.67 233.23 390.45 563.25 981.22
ynao_sd_19880602_0110_li 42 30 12 5 0 1104.57 1518.24 301.1 405.85 803.47 1112.39
ynao_sd_19880603_0100_li 48 35 13 5 0 1274.66 1530.57 352.63 421.83 922.03 1108.74
ynao_sd_19880604_0140_li 57 51 6 5 0 1076.58 1194.85 397.63 438.81 678.95 756.04
ynao_sd_19880605_0150_li 41 36 5 3 0 953.99 1056.42 323.45 366.55 630.54 689.87
ynao_sd_19880606_0115_li 46 41 5 2 0 902.76 1016.39 331.95 370.17 570.81 646.22
ynao_sd_19880607_0340_wang 49 46 3 3 0 934.64 1155.48 368.41 455.64 566.23 699.84
ynao_sd_19880608_0020_wang 56 52 4 4 0 912.81 1515.86 380.65 528.03 532.16 987.83
ynao_sd_19880609_0150_wang 60 49 11 6 0 1051.21 1778.84 424.61 708.73 626.6 1070.11
ynao_sd_19880610_0050_wang 50 41 9 4 0 977.32 1879.15 339.68 647.08 637.64 1232.07
ynao_sd_19880611_0020_wang 27 20 7 4 0 640.89 1380.64 192.97 400.01 447.92 980.63
ynao_sd_19880612_0020_wang 19 16 3 3 0 488.53 702.25 147.53 221.26 341.0 480.99
ynao_sd_19880613_0220_wang 11 5 6 2 0 449.88 503.98 96.91 137.0 352.97 366.98
ynao_sd_19880614_0050_wang 13 7 6 2 0 463.18 529.79 94.87 151.79 368.31 378.0
ynao_sd_19880615_0630_wang 18 14 4 4 0 489.98 742.33 132.17 171.94 357.81 570.39
ynao_sd_19880616_0220_wang 30 25 5 3 0 487.21 755.43 150.1 208.12 337.11 547.31
ynao_sd_19880617_0130_wang 49 47 2 2 0 460.07 706.52 266.77 376.47 193.3 330.05
ynao_sd_19880618_0040_wang 34 30 4 3 0 498.96 772.58 190.46 298.0 308.5 474.58
ynao_sd_19880620_0325_wang 14 12 2 1 0 294.5 394.89 91.32 142.67 203.18 252.22
ynao_sd_19880621_0250_wang 12 10 2 1 0 321.18 388.94 96.85 116.95 224.33 271.99
ynao_sd_19880622_0020_wang 17 12 5 3 0 558.44 707.5 144.67 183.96 413.77 523.54
ynao_sd_19880623_0620_wang 8 2 6 3 0 427.49 613.57 73.22 104.23 354.27 509.34
ynao_sd_19880624_0020_wang 6 1 5 3 0 316.9 517.32 50.38 80.04 266.52 437.28
ynao_sd_19880625_0150_wang 15 10 5 3 0 267.05 522.29 87.35 154.29 179.7 368.0
ynao_sd_19880626_0400_wang 8 6 2 1 0 186.99 810.32 111.43 632.96 75.56 177.36
ynao_sd_19880627_0835_li 12 11 1 1 0 246.35 739.77 151.27 435.6 95.08 304.17
ynao_sd_19880628_0025_li 23 19 4 3 0 496.57 1066.36 130.66 292.96 365.91 773.4
ynao_sd_19880629_0050_li 41 33 8 3 0 719.94 1064.98 241.43 339.35 478.51 725.63
ynao_sd_19880630_0110_li 36 25 11 5 0 901.39 1099.62 198.88 234.16 702.51 865.46
ynao_sd_19880701_0800_li 28 18 10 4 0 1124.86 1208.49 237.15 252.92 887.71 955.57
ynao_sd_19880704_0810_wang 5 2 3 1 0 374.65 420.2 41.97 47.35 332.68 372.85
ynao_sd_19880705_0840_wang 39 31 8 3 0 1209.68 1721.92 324.73 472.08 884.95 1249.84
ynao_sd_19880706_0510_wang 31 20 11 5 0 955.34 1654.89 197.29 326.95 758.05 1327.94
ynao_sd_19880707_0205_wang 30 19 11 5 0 901.51 2076.97 211.06 550.07 690.45 1526.9
ynao_sd_19880708_0340_wang 38 26 12 5 0 978.92 1662.3 252.47 441.01 726.45 1221.29
ynao_sd_19880709_0105_wang 41 25 16 7 0 1248.8 1693.53 256.4 348.06 992.4 1345.47
ynao_sd_19880710_0140_wang 48 37 11 7 0 1445.3 1663.48 311.07 364.79 1134.23 1298.69
ynao_sd_19880711_0500_li 65 52 13 7 0 1115.95 1257.93 392.17 447.24 723.78 810.69
ynao_sd_19880712_0140_li 64 46 18 9 0 1291.88 1473.75 388.09 439.76 903.79 1033.99
ynao_sd_19880713_0020_li 49 31 18 8 0 1002.55 1213.8 252.14 296.49 750.41 917.31
ynao_sd_19880714_0120_li 58 47 11 5 0 648.87 879.18 301.46 357.17 347.41 522.01
ynao_sd_19880715_0515_li 52 45 7 2 0 352.45 552.06 254.44 334.14 98.01 217.92
ynao_sd_19880716_0250_li 37 36 1 1 0 235.97 345.9 191.34 291.04 44.63 54.86
ynao_sd_19880717_0220_li 22 22 0 0 0 104.99 156.93 104.99 156.93 0 0
ynao_sd_19880718_0150_li 6 6 0 0 0 30.85 55.18 30.85 55.18 0 0
ynao_sd_19880719_0055_li 2 2 0 0 0 10.42 18.96 10.42 18.96 0 0
ynao_sd_19880720_0005_li 0 0 0 0 0 0 0 0 0 0 0
ynao_sd_19880721_0210_li 11 11 0 0 0 51.52 57.9 51.52 57.9 0 0
ynao_sd_19880722_0220_li 12 12 0 0 0 55.73 58.95 55.73 58.95 0 0
ynao_sd_19880725_0910_wang 13 11 2 1 0 453.38 623.0 119.9 177.37 333.48 445.63
ynao_sd_19880726_0010_wang 13 12 1 1 0 499.83 626.36 111.67 161.49 388.16 464.87
ynao_sd_19880727_0045_wang 16 12 4 3 0 751.71 1800.44 147.74 318.37 603.97 1482.07
ynao_sd_19880728_0240_wang 42 28 14 7 0 1277.77 2929.35 275.78 572.39 1001.99 2356.96
ynao_sd_19880731_0300_wang 87 47 40 11 0 3086.56 3705.4 590.42 700.65 2496.14 3004.75
ynao_sd_19880801_0020_wang 116 77 39 9 0 3041.58 3585.82 666.14 784.03 2375.44 2801.79
ynao_sd_19880802_0040_wang 120 80 40 10 0 2979.39 3653.86 705.91 841.21 2273.48 2812.65
ynao_sd_19880803_0100_wang 124 80 44 17 1 2556.22 3393.8 639.33 828.95 1916.89 2564.85
ynao_sd_19880804_0130_wang 91 63 28 18 0 1848.84 3093.61 518.65 1020.85 1330.19 2072.76
ynao_sd_19880805_0950_wang 73 51 22 11 0 1667.85 2453.49 441.53 734.21 1226.32 1719.28
ynao_sd_19880806_0610_wang 71 51 20 13 0 1367.08 1999.4 385.68 604.88 981.4 1394.52
ynao_sd_19880807_0800_wang 59 35 24 14 0 1428.1 2796.11 426.85 737.81 1001.25 2058.3
ynao_sd_19880808_0050_li 65 52 13 8 0 987.59 2025.73 339.45 597.47 648.14 1428.26
ynao_sd_19880809_0110_wang 94 73 21 14 0 1880.03 3466.88 695.08 1336.49 1184.95 2130.39
ynao_sd_19880810_0925_wang 124 87 37 9 0 2668.25 3725.17 754.62 1174.9 1913.63 2550.27
ynao_sd_19880811_0040_wang 83 41 42 8 1 3688.89 4243.55 667.2 766.08 3021.69 3477.47
ynao_sd_19880812_0300_li 74 32 42 11 0 3260.65 3594.66 486.71 535.18 2773.94 3059.48
ynao_sd_19880813_0345_li 93 62 31 9 0 2640.24 2978.09 604.96 694.03 2035.28 2284.06
ynao_sd_19880814_0310_li 75 51 24 8 0 2204.63 2643.62 473.77 569.49 1730.86 2074.13
ynao_sd_19880815_0040_li 55 39 16 7 0 1686.43 2208.19 375.66 468.2 1310.77 1739.99
ynao_sd_19880816_0540_li 53 41 12 5 0 1107.45 1602.85 339.2 500.14 768.25 1102.71
ynao_sd_19880817_0620_li 20 17 3 3 0 727.77 1099.74 146.12 207.74 581.65 892.0
ynao_sd_19880818_0800_li 10 7 3 2 0 399.57 844.13 84.71 158.2 314.86 685.93
ynao_sd_19880819_0700_li 10 6 4 3 0 265.42 841.5 65.34 181.1 200.08 660.4
ynao_sd_19880825_0830_wang 31 22 9 4 0 806.84 881.92 206.92 241.93 599.92 639.99
ynao_sd_19880826_0800_wang 38 26 12 4 0 961.73 1168.55 234.79 313.69 726.94 854.86
ynao_sd_19880827_0730_wang 63 54 9 5 0 1045.75 1508.36 401.16 574.14 644.59 934.22
ynao_sd_19880828_0750_wang 50 41 9 5 0 675.08 1194.47 268.91 443.19 406.17 751.28
ynao_sd_19880829_0900_li 46 39 7 3 0 410.41 741.76 241.62 403.61 168.79 338.15
ynao_sd_19880830_0540_li 48 39 9 4 0 447.65 762.78 225.19 347.89 222.46 414.89
ynao_sd_19880901_0040_li 44 36 8 5 0 690.01 727.74 240.8 263.58 449.21 464.16
ynao_sd_19880902_0800_li 40 31 9 5 0 416.04 457.55 194.0 220.1 222.04 237.45
ynao_sd_19880903_0720_li 41 35 6 2 0 347.09 427.01 196.54 256.2 150.55 170.81
ynao_sd_19880904_0430_li 39 36 3 3 0 250.97 380.07 194.35 252.38 56.62 127.69
ynao_sd_19880906_0605_wang 6 6 0 0 0 50.77 71.51 50.77 71.51 0 0
ynao_sd_19880907_0430_wang 27 27 0 0 0 158.9 211.68 158.9 211.68 0 0
ynao_sd_19880908_0345_wang 7 6 1 1 0 92.44 220.56 54.29 126.83 38.15 93.73
ynao_sd_19880909_0210_wang 15 12 3 2 0 155.53 366.73 72.24 204.05 83.29 162.68
ynao_sd_19880910_0245_wang 18 15 3 1 0 225.1 354.97 102.07 157.89 123.03 197.08
ynao_sd_19880911_0930_wang 15 12 3 2 0 310.84 417.13 93.1 138.0 217.74 279.13
ynao_sd_19880912_0215_li 14 12 2 1 0 215.63 251.13 70.68 81.09 144.95 170.04
ynao_sd_19880913_0545_li 32 26 6 1 0 406.1 454.4 161.52 184.55 244.58 269.85
ynao_sd_19880915_0140_li 14 9 5 3 0 461.74 660.73 98.56 157.24 363.18 503.49
ynao_sd_19880916_0035_li 22 13 9 2 0 314.98 508.39 127.21 198.68 187.77 309.71
ynao_sd_19880917_0100_li 21 17 4 2 0 229.5 297.21 137.9 170.81 91.6 126.4
ynao_sd_19880918_0120_li 24 23 1 1 0 172.9 264.27 121.09 172.34 51.81 91.93
ynao_sd_19880919_0410_wang 27 26 1 1 0 153.38 325.16 124.87 273.28 28.51 51.88
ynao_sd_19880920_0530_wang 29 28 1 1 0 205.01 441.22 181.73 386.64 23.28 54.58
ynao_sd_19880921_1040_wang 20 17 3 2 0 179.85 267.34 102.97 134.09 76.88 133.25
ynao_sd_19880922_0310_wang 61 54 7 3 0 456.94 601.29 289.02 374.67 167.92 226.62
ynao_sd_19880923_0055_li 75 70 5 2 0 584.85 702.07 363.63 439.73 221.22 262.34
ynao_sd_19880924_0250_li 93 76 17 8 0 1035.71 1470.94 440.95 552.49 594.76 918.45
ynao_sd_19880925_0045_wang 11 9 2 1 0 175.31 187.67 66.25 74.8 109.06 112.87
ynao_sd_19880930_0730_li 77 72 5 5 0 849.45 1047.64 430.27 506.24 419.18 541.4
ynao_sd_19881001_0550_wang 64 48 16 5 0 966.2 1115.42 331.22 416.99 634.98 698.43
ynao_sd_19881003_0840_wang 54 38 16 7 0 1204.51 2516.82 317.34 555.13 887.17 1961.69
ynao_sd_19881006_0740_li 45 34 11 2 0 1060.38 1704.34 301.36 648.91 759.02 1055.43
ynao_sd_19881007_0100_li 42 36 6 3 0 1013.99 1313.3 209.36 277.65 804.63 1035.65
ynao_sd_19881009_0640_wang 37 30 7 2 0 1200.99 1306.29 260.6 294.32 940.39 1011.97
ynao_sd_19881010_0540_li 52 42 10 5 0 1053.61 1150.4 293.72 337.77 759.89 812.63
ynao_sd_19881011_0440_li 33 23 10 5 0 1619.05 4290.59 224.43 368.28 1394.62 3922.31
ynao_sd_19881014_0105_li 42 38 4 3 0 519.98 885.58 213.4 312.21 306.58 573.37
ynao_sd_19881016_0130_wang 45 43 2 1 0 291.56 539.49 228.13 472.86 63.43 66.63
ynao_sd_19881020_0300_hong 57 33 24 10 0 1897.94 3099.04 452.38 729.16 1445.56 2369.88
ynao_sd_19881021_0240_hong 79 50 29 13 1 2270.88 3078.21 573.6 821.72 1697.28 2256.49
ynao_sd_19881022_0520_hong 85 46 39 13 0 2512.78 2959.99 644.87 798.93 1867.91 2161.06
ynao_sd_19881023_0140_wang 105 54 51 13 0 2877.71 3073.67 695.4 745.36 2182.31 2328.31
ynao_sd_19881024_0810_li 135 90 45 21 1 2349.19 2447.55 668.08 696.87 1681.11 1750.68
ynao_sd_19881025_0050_li 135 95 40 13 0 2518.44 2664.77 641.0 679.5 1877.44 1985.27
ynao_sd_19881026_0045_li 103 72 31 11 1 2119.56 2392.67 488.06 551.89 1631.5 1840.78
ynao_sd_19881027_0100_li 82 54 28 15 1 1401.38 1854.18 409.38 576.2 992.0 1277.98
ynao_sd_19881028_0100_li 112 99 13 12 0 1086.41 1679.79 602.37 909.08 484.04 770.71
ynao_sd_19881029_0115_li 51 41 10 8 0 681.15 1160.21 241.89 437.91 439.26 722.3
ynao_sd_19881030_0130_li 36 32 4 3 0 292.52 513.94 168.18 269.9 124.34 244.04
ynao_sd_19881031_0100_hong 26 22 4 2 0 288.01 566.22 141.64 203.96 146.37 362.26
ynao_sd_19881101_0140_hong 30 23 7 4 0 379.83 920.69 182.38 370.9 197.45 549.79
ynao_sd_19881102_0110_hong 27 21 6 4 0 566.22 1219.23 210.27 388.27 355.95 830.96
ynao_sd_19881103_0410_hong 32 22 10 3 0 1081.9 1802.12 322.24 515.22 759.66 1286.9
ynao_sd_19881105_0210_hong 42 30 12 4 0 1564.22 1798.23 440.71 519.25 1123.51 1278.98
ynao_sd_19881106_0540_hong 43 31 12 5 0 1770.74 1878.2 402.52 444.7 1368.22 1433.5
ynao_sd_19881107_0115_wang 65 52 13 4 0 1699.97 1769.21 446.33 471.94 1253.64 1297.27
ynao_sd_19881108_0115_wang 45 29 16 6 0 1482.08 1554.4 354.11 374.1 1127.97 1180.3
ynao_sd_19881109_0100_wang 24 9 15 4 0 1455.62 1728.33 256.69 394.83 1198.93 1333.5
ynao_sd_19881110_0110_wang 50 31 19 8 0 1521.04 2608.11 365.1 707.11 1155.94 1901.0
ynao_sd_19881111_0910_wang 59 33 26 12 0 1759.45 3291.19 430.06 944.06 1329.39 2347.13
ynao_sd_19881112_0500_wang 99 70 29 10 0 1797.78 3269.71 575.94 944.72 1221.84 2324.99
ynao_sd_19881113_0100_wang 81 57 24 10 0 1828.67 2955.76 562.4 826.13 1266.27 2129.63
ynao_sd_19881114_0240_hong 59 43 16 6 0 1656.62 2036.27 482.63 613.74 1173.99 1422.53
ynao_sd_19881115_0110_hong 72 58 14 9 0 1785.61 2269.63 539.21 718.09 1246.4 1551.54
ynao_sd_19881116_0220_hong 81 66 15 9 0 1949.22 2414.66 639.61 837.7 1309.61 1576.96
ynao_sd_19881117_0210_hong 105 87 18 11 0 1924.79 2457.12 755.78 995.04 1169.01 1462.08
ynao_sd_19881120_0550_hong 74 61 13 9 0 1016.86 1277.13 452.34 562.99 564.52 714.14
ynao_sd_19881121_0200_hong 66 52 14 8 0 949.81 1188.65 381.89 517.81 567.92 670.84
ynao_sd_19881122_0520_wang 64 50 14 8 0 1140.18 1677.94 377.68 533.17 762.5 1144.77
ynao_sd_19881123_0120_wang 64 52 12 7 0 971.11 1590.12 349.55 593.06 621.56 997.06
ynao_sd_19881125_0130_wang 23 16 7 4 0 358.75 724.66 135.14 334.07 223.61 390.59
ynao_sd_19881126_0330_wang 14 11 3 2 0 146.88 219.63 78.05 140.66 68.83 78.97
ynao_sd_19881129_0840_li 21 19 2 1 0 171.37 269.65 106.84 132.91 64.53 136.74
ynao_sd_19881130_0830_li 45 43 2 1 0 302.11 428.48 222.13 306.46 79.98 122.02
ynao_sd_19881202_0820_li 54 47 7 4 0 835.83 1031.54 294.49 385.92 541.34 645.62
ynao_sd_19881203_0520_li 61 56 5 5 0 1494.37 1898.89 368.81 449.11 1125.56 1449.78
ynao_sd_19881204_0830_li 50 44 6 3 0 641.25 968.21 261.82 346.15 379.43 622.06
ynao_sd_19881205_0340_hong 37 29 8 4 0 826.07 1351.01 289.44 464.01 536.63 887.0
ynao_sd_19881206_0350_hong 44 38 6 4 0 866.14 1263.04 335.44 493.15 530.7 769.89
ynao_sd_19881207_0120_hong 42 37 5 3 0 812.88 1201.32 349.12 523.11 463.76 678.21
ynao_sd_19881208_0140_hong 27 23 4 2 0 630.19 879.9 239.87 396.28 390.32 483.62
ynao_sd_19881210_0705_hong 37 27 10 8 0 695.73 931.25 239.78 342.84 455.95 588.41
ynao_sd_19881211_0710_hong 43 34 9 6 0 778.49 1041.95 304.1 408.24 474.39 633.71
ynao_sd_19881212_0330_wang 41 33 8 4 0 732.15 923.02 241.14 338.44 491.01 584.58
ynao_sd_19881214_0945_wang 62 38 24 12 0 1941.69 3767.48 507.29 950.94 1434.4 2816.54
ynao_sd_19881215_0640_wang 120 90 30 16 0 3919.11 6093.3 797.96 1308.61 3121.15 4784.69
ynao_sd_19881216_0350_wang 113 85 28 13 0 3120.58 4379.4 811.76 1139.01 2308.82 3240.39
ynao_sd_19881217_0500_wang 146 94 52 18 0 4283.14 5430.36 969.67 1264.54 3313.47 4165.82
ynao_sd_19881218_0200_wang 133 76 57 18 0 4978.36 6402.4 1082.18 1421.77 3896.18 4980.63
ynao_sd_19881219_0110_hong 157 104 53 15 0 4316.93 5741.92 1280.13 1842.4 3036.8 3899.52
ynao_sd_19881220_0120_hong 169 109 60 29 0 4916.93 6783.66 1257.28 1667.3 3659.65 5116.36
ynao_sd_19881221_0110_hong 144 97 47 19 0 4891.2 6456.13 1294.37 1700.01 3596.83 4756.12
ynao_sd_19881222_0120_hong 162 105 57 21 0 4840.67 6912.65 1290.69 1923.75 3549.98 4988.9
ynao_sd_19881223_0110_hong 151 82 69 26 1 4901.11 7077.17 1113.73 1699.73 3787.38 5377.44
ynao_sd_19881224_0115_hong 116 69 47 18 0 4240.99 6345.47 975.3 1444.28 3265.69 4901.19
ynao_sd_19881225_0110_hong 118 71 47 19 0 4170.44 7813.05 921.05 1451.4 3249.39 6361.65
ynao_sd_19881226_0120_wang 91 62 29 10 1 2936.16 4115.65 748.32 1180.78 2187.84 2934.87
ynao_sd_19881227_0200_wang 76 49 27 12 0 2536.38 3082.93 489.97 594.25 2046.41 2488.68
ynao_sd_19881228_0135_wang 66 37 29 12 0 2787.15 3580.53 598.74 768.28 2188.41 2812.25
ynao_sd_19881229_0710_wang 73 60 13 8 0 1741.77 2844.04 520.44 879.95 1221.33 1964.09
ynao_sd_19881230_0140_wang 47 39 8 8 0 1212.07 2183.87 422.95 753.14 789.12 1430.73
ynao_sd_19881231_0105_wang 41 33 8 7 0 805.23 1536.21 224.34 341.71 580.89 1194.5
