ynao_sd_19890101_0230_wang 31 25 6 5 0 587.71 1201.77 237.93 465.72 349.78 736.05
ynao_sd_19890102_0130_li 40 40 0 0 0 279.52 771.97 279.52 771.97 0 0
ynao_sd_19890103_0130_li 18 15 3 2 0 222.29 728.34 111.07 347.76 111.22 380.58
ynao_sd_19890104_0500_li 22 15 7 5 0 527.12 1092.22 137.45 277.79 389.67 814.43
ynao_sd_19890105_0130_li 32 21 11 6 0 991.06 1552.48 211.13 322.37 779.93 1230.11
ynao_sd_19890106_0120_li 32 20 12 7 0 1852.15 4200.61 207.97 289.18 1644.18 3911.43
ynao_sd_19890107_0130_li 45 34 11 7 0 1213.3 1450.11 334.45 408.26 878.85 1041.85
ynao_sd_19890108_0125_wang 65 42 23 10 0 1507.25 1704.35 400.11 456.11 1107.14 1248.24
ynao_sd_19890109_0120_hong 59 41 18 12 0 1292.57 1451.8 384.22 431.94 908.35 1019.86
ynao_sd_19890110_0130_hong 51 35 16 12 0 1204.1 1924.38 404.75 816.51 799.35 1107.87
ynao_sd_19890111_0130_hong 53 42 11 9 0 935.11 1631.05 317.33 497.22 617.78 1133.83
ynao_sd_19890112_0130_hong 42 31 11 8 0 937.12 2209.52 323.23 605.17 613.89 1604.35
ynao_sd_19890115_0410_hong 57 32 25 10 0 1880.74 2849.69 467.53 722.27 1413.21 2127.42
ynao_sd_19890116_0410_wang 79 50 29 9 0 3106.66 3897.73 610.8 744.56 2495.86 3153.17
ynao_sd_19890117_0300_wang 70 35 35 7 1 3987.54 4832.88 579.03 705.6 3408.51 4127.28
ynao_sd_19890118_0300_wang 88 47 41 10 1 3696.98 4757.98 678.16 882.88 3018.82 3875.1
ynao_sd_19890119_0110_wang 66 25 41 13 0 3456.29 4773.99 500.17 693.56 2956.12 4080.43
ynao_sd_19890120_0130_wang 71 43 28 10 0 3025.56 4869.9 507.92 775.29 2517.64 4094.61
ynao_sd_19890121_0120_wang 43 24 19 11 0 2168.24 4651.08 351.66 834.5 1816.58 3816.58
ynao_sd_19890122_0340_wang 46 25 21 11 0 1932.47 4131.17 357.38 646.38 1575.09 3484.79
ynao_sd_19890123_0150_li 67 44 23 11 0 1862.94 2741.71 429.63 677.53 1433.31 2064.18
ynao_sd_19890124_0130_li 82 61 21 9 0 2456.78 3248.3 601.92 818.07 1854.86 2430.23
ynao_sd_19890125_0240_li 69 50 19 11 0 2394.69 2954.72 524.86 633.31 1869.83 2321.41
ynao_sd_19890126_0105_li 51 29 22 13 0 2013.13 2428.41 384.41 435.59 1628.72 1992.82
ynao_sd_19890127_0200_li 60 32 28 12 0 1614.52 1931.98 387.39 450.84 1227.13 1481.14
ynao_sd_19890128_0120_li 68 45 23 10 0 1681.17 1923.9 348.33 396.25 1332.84 1527.65
ynao_sd_19890129_0110_li 50 33 17 7 0 1214.74 1559.85 296.46 382.76 918.28 1177.09
ynao_sd_19890130_0120_hong 31 16 15 9 0 1461.4 2215.02 310.5 478.32 1150.9 1736.7
ynao_sd_19890131_0130_hong 40 29 11 6 0 802.54 1608.62 271.0 504.75 531.54 1103.87
ynao_sd_19890201_0800_hong 19 17 2 2 0 199.54 685.14 123.78 420.58 75.76 264.56
ynao_sd_19890203_0750_hong 19 18 1 1 0 201.98 519.25 127.48 253.02 74.5 266.23
ynao_sd_19890204_0830_hong 20 18 2 2 0 290.89 525.71 171.54 270.63 119.35 255.08
ynao_sd_19890206_0200_li 51 34 17 4 0 1117.07 3161.42 340.12 836.17 776.95 2325.25
ynao_sd_19890207_0200_wang 51 18 33 4 0 2046.31 4197.98 306.93 607.98 1739.38 3590.0
ynao_sd_19890208_0250_wang 43 20 23 7 2 2674.78 4812.09 371.68 650.39 2303.1 4161.7
ynao_sd_19890209_0120_wang 59 26 33 14 2 3233.06 5068.83 467.23 706.65 2765.83 4362.18
ynao_sd_19890210_0520_wang 84 40 44 11 1 4008.8 5432.12 646.16 878.12 3362.64 4554.0
ynao_sd_19890211_0850_wang 76 38 38 13 0 4497.27 5955.05 691.45 1000.11 3805.82 4954.94
ynao_sd_19890212_0240_wang 76 40 36 12 1 4637.24 6529.42 698.03 1007.02 3939.21 5522.4
ynao_sd_19890213_0130_li 96 56 40 15 1 3479.16 5034.75 740.48 1047.45 2738.68 3987.3
ynao_sd_19890214_0105_li 89 58 31 13 0 2881.49 4179.66 552.1 778.54 2329.39 3401.12
ynao_sd_19890215_0545_li 71 44 27 10 0 2198.96 3473.68 519.1 772.2 1679.86 2701.48
ynao_sd_19890216_0200_li 60 43 17 9 1 1633.3 2812.8 450.88 735.08 1182.42 2077.72
ynao_sd_19890217_0105_li 64 42 22 10 0 1528.39 2921.73 383.25 639.72 1145.14 2282.01
ynao_sd_19890218_0110_li 48 41 7 5 0 705.22 1197.06 334.15 511.36 371.07 685.7
ynao_sd_19890219_0115_li 43 39 4 2 0 373.16 675.55 273.55 415.49 99.61 260.06
ynao_sd_19890220_0120_hong 49 42 7 3 0 790.84 1089.52 344.34 526.99 446.5 562.53
ynao_sd_19890221_0110_hong 50 39 11 3 1 1484.41 1730.92 441.8 562.54 1042.61 1168.38
ynao_sd_19890222_0120_hong 56 41 15 4 0 1890.48 2111.79 494.27 600.67 1396.21 1511.12
ynao_sd_19890223_0110_hong 40 28 12 5 0 1901.78 2123.91 442.69 516.45 1459.09 1607.46
ynao_sd_19890224_0110_hong 41 31 10 3 0 2209.82 2766.53 584.25 850.54 1625.57 1915.99
ynao_sd_19890225_0105_hong 57 44 13 6 0 1964.82 2706.37 610.07 854.05 1354.75 1852.32
ynao_sd_19890226_0530_hong 43 30 13 9 0 1821.18 2827.69 529.72 792.15 1291.46 2035.54
ynao_sd_19890227_0115_wang 55 41 14 6 0 1408.43 2573.6 384.85 635.92 1023.58 1937.68
ynao_sd_19890228_0105_wang 25 20 5 4 0 782.63 1793.64 197.63 389.32 585.0 1404.32
ynao_sd_19890301_0120_wang 40 35 5 4 0 993.37 1760.06 230.97 360.12 762.4 1399.94
ynao_sd_19890302_0120_wang 46 32 14 7 0 1390.75 2154.05 357.71 455.69 1033.04 1698.36
ynao_sd_19890303_0125_wang 50 24 26 8 0 1988.53 2465.71 407.91 507.66 1580.62 1958.05
ynao_sd_19890304_0130_wang 28 11 17 7 0 1591.23 2065.9 272.47 352.94 1318.76 1712.96
ynao_sd_19890305_0610_wang 29 16 13 6 0 1328.13 2069.33 251.87 414.08 1076.26 1655.25
ynao_sd_19890306_0535_li 24 13 11 6 0 836.08 1529.69 167.54 301.2 668.54 1228.49
ynao_sd_19890308_0740_li 16 10 6 3 0 272.32 373.63 93.16 128.91 179.16 244.72
ynao_sd_19890309_0250_li 28 20 8 5 0 314.51 456.28 132.14 168.8 182.37 287.48
ynao_sd_19890310_0125_li 47 28 19 7 0 2266.13 3373.31 443.7 697.82 1822.43 2675.49
ynao_sd_19890311_0115_li 86 47 39 5 0 4444.27 6085.15 765.61 1051.26 3678.66 5033.89
ynao_sd_19890312_0015_li 54 16 38 3 1 3891.82 5101.55 734.82 961.7 3157.0 4139.85
ynao_sd_19890313_0200_hong 85 32 53 4 2 5658.07 7296.33 1106.0 1427.63 4552.07 5868.7
ynao_sd_19890314_0110_hong 87 38 49 3 1 490.77 651.5 857.0 1150.93 366.23 499.43
ynao_sd_19890315_0130_hong 96 38 58 8 0 3182.54 4607.54 987.3 1431.45 2195.24 3176.09
ynao_sd_19890316_0120_hong 88 50 38 5 2 3595.96 6217.26 897.8 1594.46 2698.16 4622.8
ynao_sd_19890317_0110_hong 90 44 46 9 1 1762.37 3872.68 788.7 1559.82 973.67 2312.86
ynao_sd_19890318_0130_hong 78 50 28 8 0 2852.68 6958.84 677.61 1467.76 2175.07 5491.08
ynao_sd_19890319_0410_hong 60 42 18 7 0 1637.73 2893.86 467.59 1019.73 1170.14 1874.13
ynao_sd_19890320_0120_wang 70 52 18 4 0 1858.83 2227.17 433.12 545.64 1425.71 1681.53
ynao_sd_19890322_0100_wang 71 43 28 8 1 3007.18 3649.35 471.6 558.28 2535.58 3091.07
ynao_sd_19890324_0150_wang 73 44 29 9 0 2243.0 2997.17 487.5 649.45 1755.5 2347.72
ynao_sd_19890325_0120_wang 55 37 18 7 0 1779.78 2714.08 382.96 561.25 1396.82 2152.83
ynao_sd_19890326_0100_wang 30 18 12 8 0 1174.95 2166.94 201.89 377.09 973.06 1789.85
ynao_sd_19890327_0620_li 22 18 4 4 0 380.11 724.97 120.51 319.83 259.6 405.14
ynao_sd_19890328_0500_li 11 7 4 2 0 263.71 303.33 57.61 75.62 206.1 227.71
ynao_sd_19890329_0120_li 8 5 3 2 0 230.97 272.88 56.47 78.35 174.5 194.53
ynao_sd_19890330_0120_li 10 9 1 1 0 197.16 271.95 63.57 108.26 133.59 163.69
ynao_sd_19890331_0045_li 7 5 2 1 0 139.41 194.61 39.93 51.81 99.48 142.8
ynao_sd_19890401_0040_li 14 13 1 1 0 134.28 211.94 80.69 114.39 53.59 97.55
ynao_sd_19890402_0100_li 5 4 1 1 0 76.63 153.76 46.46 71.0 30.17 82.76
ynao_sd_19890403_0110_hong 21 21 0 0 0 150.02 348.14 150.02 348.14 0 0
ynao_sd_19890404_0115_hong 12 10 2 1 0 137.4 365.08 87.14 215.93 50.26 149.15
ynao_sd_19890405_0110_hong 10 10 0 0 0 60.45 139.03 60.45 139.03 0 0
ynao_sd_19890406_0120_hong 22 22 0 0 0 144.51 166.17 144.51 166.17 0 0
ynao_sd_19890407_0110_hong 30 30 0 1 0 243.08 354.38 207.85 316.17 35.23 38.21
ynao_sd_19890408_0140_hong 37 32 5 5 0 429.58 805.71 246.96 432.06 182.62 373.65
ynao_sd_19890409_0710_hong 45 36 9 6 0 693.48 1170.91 303.15 479.59 390.33 691.32
ynao_sd_19890410_0235_wang 35 26 9 3 0 582.67 776.42 171.25 226.49 411.42 549.93
ynao_sd_19890411_0300_wang 33 28 5 3 0 488.11 628.72 171.48 223.3 316.63 405.42
ynao_sd_19890412_0150_wang 20 13 7 4 0 293.05 530.96 94.4 126.89 198.65 404.07
ynao_sd_19890413_0230_wang 33 28 5 3 0 480.45 1232.84 254.24 611.85 226.21 620.99
ynao_sd_19890414_0100_wang 23 12 11 4 0 1217.09 2613.44 256.57 511.33 960.52 2102.11
ynao_sd_19890415_0050_wang 39 22 17 6 0 1826.52 2894.98 344.88 536.66 1481.64 2358.32
ynao_sd_19890416_0210_wang 41 26 15 5 0 1998.47 2567.69 411.3 559.31 1587.17 2008.38
ynao_sd_19890417_0105_li 57 42 15 6 0 1968.48 2293.18 437.79 572.57 1530.69 1720.61
ynao_sd_19890418_0055_li 66 42 24 8 0 1938.63 2354.84 426.75 561.13 1511.88 1793.71
ynao_sd_19890419_0020_li 54 36 18 7 0 1460.58 1591.35 357.64 412.91 1102.94 1178.44
ynao_sd_19890420_0150_li 78 62 16 9 0 1408.95 1605.34 475.01 559.83 933.94 1045.51
ynao_sd_19890421_0050_li 84 67 17 8 0 1451.03 1795.85 453.87 592.24 997.16 1203.61
ynao_sd_19890422_0120_li 34 24 10 7 0 921.08 1336.26 210.88 306.49 710.2 1029.77
ynao_sd_19890423_0055_li 47 35 12 5 1 1045.68 1613.19 287.19 452.1 758.49 1161.09
ynao_sd_19890424_0420_hong 43 36 7 5 0 736.39 1418.08 286.15 527.92 450.24 890.16
ynao_sd_19890425_0410_hong 24 17 7 5 0 513.43 1013.8 165.99 333.51 347.44 680.29
ynao_sd_19890426_0105_hong 22 17 5 4 0 443.97 654.64 155.85 230.21 288.12 424.43
ynao_sd_19890427_0110_hong 21 19 2 1 0 313.73 447.93 149.23 229.95 164.5 217.98
ynao_sd_19890428_0105_hong 19 17 2 1 0 284.72 408.11 131.39 182.32 153.33 225.79
ynao_sd_19890429_0120_hong 23 21 2 1 0 287.14 457.81 133.82 187.46 153.32 270.35
ynao_sd_19890430_0420_hong 20 18 2 1 0 212.81 368.94 133.08 176.19 79.73 192.75
ynao_sd_19890501_0001_wang 14 13 1 1 0 155.88 334.55 103.18 161.56 52.7 172.99
ynao_sd_19890502_0100_wang 30 16 14 3 0 772.25 1287.21 175.6 267.09 596.65 1020.12
ynao_sd_19890503_0300_wang 33 24 9 4 0 839.63 1236.94 246.57 381.23 593.06 855.71
ynao_sd_19890504_0800_wang 33 20 13 3 0 1047.41 1425.92 204.46 295.76 842.95 1130.16
ynao_sd_19890505_0740_wang 31 17 14 7 0 967.73 1160.91 204.89 248.27 762.84 912.64
ynao_sd_19890506_0050_wang 27 14 13 4 0 1128.25 1343.79 183.57 225.58 944.68 1118.21
ynao_sd_19890507_0005_wang 54 42 12 4 0 809.93 990.56 311.57 388.82 498.36 601.74
ynao_sd_19890508_0025_li 74 65 9 4 0 788.94 1049.24 378.91 480.97 410.03 568.27
ynao_sd_19890509_0010_li 92 84 8 5 0 797.54 1297.71 456.69 647.95 340.85 649.76
ynao_sd_19890510_0035_li 59 51 8 3 0 616.0 999.85 318.65 408.2 297.35 591.65
ynao_sd_19890511_0045_li 35 28 7 3 0 559.26 891.55 218.6 289.12 340.66 602.43
ynao_sd_19890512_0030_li 31 26 5 2 0 580.92 879.49 202.07 393.32 378.85 486.17
ynao_sd_19890516_0150_hong 78 61 17 10 1 1442.0 1741.83 509.07 615.43 932.93 1126.4
ynao_sd_19890517_0100_hong 84 69 15 6 0 1428.61 1653.34 595.74 706.18 832.87 947.16
ynao_sd_19890518_0105_hong 94 81 13 5 0 1511.29 1755.21 670.45 806.61 840.84 948.6
ynao_sd_19890519_0050_hong 85 70 15 9 0 1530.52 1861.65 564.13 696.89 966.39 1164.76
ynao_sd_19890520_0830_hong 88 54 34 13 0 2119.49 2557.47 616.97 784.6 1502.52 1772.87
ynao_sd_19890521_0530_hong 80 48 32 14 0 2083.2 2606.44 565.82 737.07 1517.38 1869.37
ynao_sd_19890522_0120_wang 82 42 40 11 0 1943.34 2739.26 481.95 694.99 1461.39 2044.27
ynao_sd_19890526_0020_li 22 14 8 4 0 682.89 1406.79 165.41 434.89 517.48 971.9
ynao_sd_19890527_0035_wang 21 16 5 3 0 737.29 1227.28 180.02 302.53 557.27 924.75
ynao_sd_19890528_0040_wang 13 7 6 2 0 874.18 1153.86 148.72 258.57 725.46 895.29
ynao_sd_19890531_0020_li 22 17 5 3 0 891.74 1178.17 191.11 276.91 700.63 901.26
ynao_sd_19890602_0940_li 16 12 4 4 0 566.74 762.7 107.06 140.09 459.68 622.61
ynao_sd_19890603_0030_li 32 24 8 3 0 538.16 774.54 181.55 247.28 356.61 527.26
ynao_sd_19890604_0440_li 27 22 5 3 0 279.18 494.54 158.6 238.82 120.58 255.72
ynao_sd_19890605_0320_hong 32 25 7 5 0 422.71 870.09 190.42 288.82 232.29 581.27
ynao_sd_19890606_0100_hong 31 28 3 3 0 269.89 339.39 175.57 209.12 94.32 130.27
ynao_sd_19890607_0050_hong 20 19 1 1 0 193.91 245.36 141.48 175.69 52.43 69.67
ynao_sd_19890608_0100_hong 24 22 2 2 0 229.99 805.5 144.83 399.41 85.16 406.09
ynao_sd_19890609_0910_hong 47 28 19 5 0 1588.94 4197.58 401.66 847.16 1187.28 3350.42
ynao_sd_19890610_0110_hong 63 36 27 10 0 2151.54 4302.05 513.68 1015.13 1637.86 3286.92
ynao_sd_19890611_0100_hong 88 48 40 12 0 3110.38 4862.72 697.34 1042.54 2413.04 3820.18
ynao_sd_19890612_0050_wang 106 68 38 6 1 4252.9 5625.97 701.08 911.18 3551.82 4714.79
ynao_sd_19890613_0025_wang 126 76 50 8 4 4419.05 5263.2 859.29 1054.71 3559.76 4208.49
ynao_sd_19890614_0820_wang 141 83 58 10 0 5117.76 5778.18 991.15 1149.71 4126.61 4628.47
ynao_sd_19890615_0600_wang 141 70 71 17 2 2359.3 2962.92 934.18 1204.31 1425.12 1758.61
ynao_sd_19890616_0340_wang 142 79 63 18 3 7303.27 8607.37 1025.76 1347.11 6277.51 7260.26
ynao_sd_19890617_0020_wang 148 82 66 22 1 5648.95 7242.42 975.6 1252.09 4673.35 5990.33
ynao_sd_19890618_0200_wang 124 81 43 13 1 4350.83 6281.79 889.92 1238.53 3460.91 5043.26
ynao_sd_19890619_0130_li 87 57 30 17 0 2686.58 4648.31 554.29 880.32 2132.29 3767.99
ynao_sd_19890620_0210_li 60 42 18 8 1 1722.46 3723.35 445.52 847.44 1276.94 2875.91
ynao_sd_19890621_0200_li 49 32 17 7 0 695.8 1337.51 282.13 557.9 413.67 779.61
ynao_sd_19890622_0405_li 44 23 21 8 0 1309.87 2321.76 308.28 572.83 1001.59 1748.93
ynao_sd_19890623_0800_li 45 31 14 6 0 1774.31 2500.14 421.72 581.46 1352.59 1918.68
ynao_sd_19890624_0105_li 62 37 25 14 0 1909.33 2497.3 503.17 692.76 1406.16 1804.54
ynao_sd_19890625_0110_li 67 42 25 11 0 2111.32 2448.66 464.72 547.38 1646.6 1901.28
ynao_sd_19890626_0210_hong 97 71 26 12 0 2546.31 2807.46 749.71 849.34 1796.6 1958.12
ynao_sd_19890627_0200_hong 105 80 25 13 0 2511.41 2749.06 755.83 848.31 1755.58 1900.75
ynao_sd_19890628_0550_hong 118 94 24 16 0 2605.45 2889.86 826.61 967.23 1778.84 1922.63
ynao_sd_19890629_0710_hong 86 62 24 13 0 2102.9 2443.44 590.21 672.78 1512.69 1770.66
ynao_sd_19890701_0705_hong 39 26 13 7 0 1075.03 1754.71 274.14 435.55 800.89 1319.16
ynao_sd_19890702_0830_hong 49 29 20 10 0 839.31 1892.98 301.19 596.97 538.12 1296.01
ynao_sd_19890705_0345_wang 55 46 9 4 0 696.74 1118.92 318.25 609.88 378.49 509.04
ynao_sd_19890706_0005_wang 56 50 6 5 0 737.81 1081.48 336.48 506.8 401.33 574.68
ynao_sd_19890707_0120_wang 63 53 10 9 0 820.41 1014.48 351.7 406.64 468.71 607.84
ynao_sd_19890708_0530_wang 45 41 4 5 0 569.29 625.32 246.03 280.47 323.26 344.85
ynao_sd_19890709_0415_wang 34 31 3 2 0 407.25 447.61 204.69 224.69 202.56 222.92
ynao_sd_19890710_0410_hong 36 34 2 2 0 410.67 472.94 220.48 252.37 190.19 220.57
ynao_sd_19890711_0140_hong 40 36 4 3 0 601.85 1437.65 295.13 604.62 306.72 833.03
ynao_sd_19890713_0200_hong 34 26 8 4 0 1049.8 1760.25 297.93 444.27 751.87 1315.98
ynao_sd_19890714_0120_hong 47 37 10 4 0 1135.64 1663.86 384.0 521.66 751.64 1142.2
ynao_sd_19890715_0405_hong 46 37 9 4 0 1179.39 1438.98 334.03 434.81 845.36 1004.17
ynao_sd_19890716_0240_hong 39 26 13 5 0 1160.63 1323.41 279.39 358.16 881.24 965.25
ynao_sd_19890717_0520_li 49 38 11 5 0 686.93 743.84 257.06 294.86 429.87 448.98
ynao_sd_19890718_0030_li 53 45 8 5 0 650.68 889.68 252.62 307.49 398.06 582.19
ynao_sd_19890720_0620_li 57 53 4 4 0 696.73 1002.92 280.39 402.3 416.34 600.62
ynao_sd_19890721_0050_li 93 90 3 2 0 801.38 1110.63 501.25 672.94 300.13 437.69
ynao_sd_19890722_0015_li 90 86 4 3 0 809.43 1082.15 413.58 527.71 395.85 554.44
ynao_sd_19890723_0030_li 48 41 7 4 0 736.75 947.42 273.56 388.82 463.19 558.6
ynao_sd_19890724_0100_wang 67 59 8 5 0 964.04 1402.46 392.26 535.04 571.78 867.42
ynao_sd_19890725_0045_wang 48 45 3 3 0 801.85 1375.08 319.85 533.3 482.0 841.78
ynao_sd_19890729_0600_wang 8 7 1 1 0 171.28 381.57 46.59 128.87 124.69 252.7
ynao_sd_19890801_0410_hong 26 25 1 1 0 324.26 387.1 174.23 207.71 150.03 179.39
ynao_sd_19890802_0520_hong 16 12 4 3 0 325.34 600.44 110.59 161.03 214.75 439.41
ynao_sd_19890804_0110_hong 27 26 1 1 0 354.74 527.85 237.02 332.8 117.72 195.05
ynao_sd_19890805_0110_hong 40 39 1 1 0 407.91 575.91 277.14 404.53 130.77 171.38
ynao_sd_19890806_0120_hong 43 40 3 3 0 655.65 1043.54 310.38 509.14 345.27 534.4
ynao_sd_19890808_0100_li 15 9 6 4 0 532.5 797.0 105.66 169.03 426.84 627.97
ynao_sd_19890809_0115_li 19 13 6 5 0 462.14 832.52 121.19 256.4 340.95 576.12
ynao_sd_19890810_0040_li 30 23 7 5 0 462.87 736.84 162.36 237.19 300.51 499.65
ynao_sd_19890811_0015_li 28 22 6 5 0 463.9 762.31 168.79 333.24 295.11 429.07
ynao_sd_19890812_0050_li 38 27 11 6 0 713.52 1520.52 190.79 353.14 522.73 1167.38
ynao_sd_19890813_0335_wang 60 37 23 8 1 1973.32 4184.68 449.89 890.84 1523.43 3293.84
ynao_sd_19890814_0550_wang 99 57 42 6 4 3765.02 5980.54 711.19 1210.53 3053.83 4770.01
ynao_sd_19890815_0045_wang 130 81 49 9 0 4855.48 6526.85 838.41 1105.3 4017.07 5421.55
ynao_sd_19890816_0250_wang 138 73 65 9 4 5643.44 6679.63 848.38 1021.98 4795.06 5657.65
ynao_sd_19890817_0010_wang 163 88 75 9 6 6194.24 6773.48 1025.26 1156.1 5168.98 5617.38
ynao_sd_19890818_0110_wang 174 109 65 10 4 5697.87 6011.34 1132.66 1221.88 4565.21 4789.46
ynao_sd_19890819_0240_wang 163 103 60 15 0 3960.77 4314.65 946.85 1052.04 3013.92 3262.61
ynao_sd_19890820_0440_wang 142 99 43 12 1 3880.09 4578.64 859.87 1058.02 3020.22 3520.62
ynao_sd_19890821_0100_hong 149 122 27 11 0 2950.35 3838.67 1008.29 1283.25 1942.06 2555.42
ynao_sd_19890822_0100_hong 114 100 14 7 1 2011.27 3454.42 852.11 1379.22 1159.16 2075.2
ynao_sd_19890823_0105_hong 60 48 12 7 0 1341.07 2877.77 456.73 914.54 884.34 1963.23
ynao_sd_19890824_0110_hong 46 38 8 5 0 874.58 2300.08 353.53 861.93 521.05 1438.15
ynao_sd_19890825_0200_hong 17 12 5 4 0 423.38 975.56 129.22 263.61 294.16 711.95
ynao_sd_19890826_0230_hong 6 4 2 2 0 216.81 436.68 43.96 98.3 172.85 338.38
ynao_sd_19890827_0140_hong 8 7 1 1 0 229.81 284.39 80.38 123.21 149.43 161.18
ynao_sd_19890828_0620_wang 12 11 1 1 0 208.2 272.01 71.66 129.69 136.54 142.32
ynao_sd_19890829_0200_wang 6 3 3 3 0 246.06 568.73 41.36 74.15 204.7 494.58
ynao_sd_19890830_0230_wang 13 10 3 3 0 281.49 509.81 77.38 125.77 204.11 384.04
ynao_sd_19890831_0520_wang 19 16 3 3 0 274.02 385.68 94.91 117.24 179.11 268.44
ynao_sd_19890901_0340_wang 6 2 4 2 0 145.77 202.14 34.45 44.14 111.32 158.0
ynao_sd_19890902_0230_wang 29 26 3 3 0 276.84 502.95 159.47 260.92 117.37 242.03
ynao_sd_19890903_0440_wang 23 21 2 1 0 371.9 604.36 166.29 271.01 205.61 333.35
ynao_sd_19890906_0230_li 60 35 25 9 0 1659.82 2419.88 372.87 548.93 1286.95 1870.95
ynao_sd_19890907_0040_li 84 56 28 12 0 3167.28 6034.13 491.68 742.56 2675.6 5291.57
ynao_sd_19890908_0140_li 89 58 31 15 0 2699.38 3720.08 643.03 847.59 2056.35 2872.49
ynao_sd_19890909_0025_li 143 109 34 14 0 3440.99 4529.47 983.65 1318.55 2457.34 3210.92
ynao_sd_19890910_0020_li 162 125 37 17 0 3464.28 4190.59 991.47 1180.0 2472.81 3010.59
ynao_sd_19890911_0100_hong 206 153 53 25 0 5585.58 6586.41 1582.11 1842.0 4003.47 4744.41
ynao_sd_19890912_0540_hong 199 152 47 22 0 4574.85 5311.76 1467.71 1719.4 3107.14 3592.36
ynao_sd_19890913_0920_hong 195 148 47 22 0 4219.41 5396.24 1354.37 1691.25 2865.04 3704.99
ynao_sd_19890916_0130_hong 135 96 39 25 0 4487.88 7570.22 979.26 1356.94 3508.62 6213.28
ynao_sd_19890917_0220_hong 103 68 35 16 0 3046.1 5316.85 836.18 1315.42 2209.92 4001.43
ynao_sd_19890918_0850_duan 36 17 19 5 0 1524.42 2504.75 298.98 459.74 1225.44 2045.01
ynao_sd_19890919_0540_duan 28 17 11 8 0 1156.12 2332.79 275.92 535.7 880.2 1797.09
ynao_sd_19890920_0640_duan 23 15 8 6 0 602.26 1114.45 196.09 300.07 406.17 814.38
ynao_sd_19890921_0105_duan 10 7 3 2 0 267.11 515.07 111.51 262.53 155.6 252.54
ynao_sd_19890922_0040_duan 10 9 1 1 0 168.55 425.44 64.73 132.2 103.82 293.24
ynao_sd_19890923_0050_duan 21 21 0 0 0 166.97 402.26 166.97 402.26 0 0
ynao_sd_19890924_0040_duan 18 18 0 0 0 101.35 152.94 101.35 152.94 0 0
ynao_sd_19890925_0020_duan 12 12 0 0 0 61.93 78.26 61.93 78.26 0 0
ynao_sd_19890926_0120_duan 9 9 0 0 0 40.87 63.87 40.87 63.87 0 0
ynao_sd_19890927_0120_duan 4 4 0 0 0 29.66 111.92 29.66 111.92 0 0
ynao_sd_19890928_0150_duan 9 7 2 1 0 148.8 315.55 126.66 254.97 22.14 60.58
ynao_sd_19890929_0300_duan 17 13 4 2 0 242.17 660.24 126.49 311.49 115.68 348.75
ynao_sd_19890930_0200_duan 47 40 7 4 0 564.7 1296.04 282.06 609.62 282.64 686.42
ynao_sd_19891001_0410_ru 36 29 7 5 0 737.8 1268.7 303.43 512.41 434.37 756.29
ynao_sd_19891003_0750_li 32 17 15 6 0 897.89 1607.08 221.11 458.21 676.78 1148.87
ynao_sd_19891004_0340_li 49 37 12 5 0 1162.36 1709.03 336.79 536.39 825.57 1172.64
ynao_sd_19891005_0230_li 46 32 14 9 0 1350.78 1840.16 310.56 445.34 1040.22 1394.82
ynao_sd_19891006_0300_li 70 51 19 8 0 1612.6 2166.14 437.92 597.15 1174.68 1568.99
ynao_sd_19891007_0305_li 68 46 22 8 0 1569.03 1941.97 427.89 527.61 1141.14 1414.36
ynao_sd_19891011_0830_hong 42 34 8 7 0 1146.05 1468.6 359.18 448.92 786.87 1019.68
ynao_sd_19891012_0210_hong 64 56 8 7 0 1409.38 1662.4 527.1 646.39 882.28 1016.01
ynao_sd_19891013_0050_hong 74 62 12 5 0 1797.54 2090.18 646.98 787.1 1150.56 1303.08
ynao_sd_19891015_0840_hong 73 61 12 7 0 1864.3 2407.68 578.45 730.73 1285.85 1676.95
ynao_sd_19891016_0100_hong 73 56 17 8 0 1748.7 2310.43 544.48 681.71 1204.22 1628.72
ynao_sd_19891018_0310_ru 37 30 7 4 0 965.23 1559.45 270.81 387.45 694.42 1172.0
ynao_sd_19891021_0550_hong 7 7 0 0 0 59.29 173.34 59.29 173.34 0 0
ynao_sd_19891022_0040_ru 7 7 0 0 0 47.98 76.33 47.98 76.33 0 0
ynao_sd_19891024_0410_ru 7 7 0 1 0 177.91 182.18 156.54 160.28 21.37 21.9
ynao_sd_19891025_0230_ru 31 30 1 1 0 201.53 205.46 152.62 156.1 48.91 49.36
ynao_sd_19891026_0230_ru 39 35 4 1 0 460.12 511.73 308.85 349.38 151.27 162.35
ynao_sd_19891027_0530_ru 41 37 4 2 0 484.62 729.7 296.14 499.7 188.48 230.0
ynao_sd_19891028_0050_ru 32 18 14 5 0 601.08 833.3 212.99 279.8 388.09 553.5
ynao_sd_19891029_0050_ru 71 62 9 3 0 897.2 1478.88 550.03 1042.98 347.17 435.9
ynao_sd_19891030_0200_ru 60 47 13 8 0 1369.35 2325.89 552.72 1080.38 816.63 1245.51
ynao_sd_19891031_0100_ru 59 40 19 10 0 1678.02 2683.35 487.28 789.49 1190.74 1893.86
ynao_sd_19891101_0300_ru 90 57 33 11 1 2472.75 3436.88 762.59 1020.88 1710.16 2416.0
ynao_sd_19891102_0220_ru 94 65 29 16 1 2524.45 3728.44 870.95 1306.26 1653.5 2422.18
ynao_sd_19891103_0050_ru 123 96 27 13 0 2821.71 4094.0 1092.99 1517.86 1728.72 2576.14
ynao_sd_19891104_0110_ru 111 84 27 18 0 2968.13 4610.85 1194.22 1830.16 1773.91 2780.69
ynao_sd_19891105_0050_ru 155 93 62 18 0 3723.08 5444.9 1111.28 1550.7 2611.8 3894.2
ynao_sd_19891106_0120_wang 176 132 44 21 0 3183.94 4187.84 965.33 1263.47 2218.61 2924.37
ynao_sd_19891107_0150_wang 191 125 66 27 0 4342.5 5906.36 1033.18 1366.06 3309.32 4540.3
ynao_sd_19891108_0140_wang 216 147 69 30 1 4303.58 5922.64 1197.82 1733.34 3105.76 4189.3
ynao_sd_19891109_0140_wang 188 129 59 20 0 3973.05 4881.48 1089.15 1460.44 2883.9 3421.04
ynao_sd_19891110_0340_wang 164 89 75 15 1 4059.28 4519.62 970.64 1150.84 3088.64 3368.78
ynao_sd_19891111_0125_wang 162 109 53 11 2 3710.58 4167.41 932.87 1066.4 2777.71 3101.01
ynao_sd_19891112_0200_wang 152 102 50 11 0 3419.38 4233.95 911.88 1126.45 2507.5 3107.5
ynao_sd_19891113_0130_hong 125 99 26 16 0 2451.35 3447.04 823.66 1076.97 1627.69 2370.07
ynao_sd_19891114_0530_hong 82 58 24 8 0 2218.29 3595.01 698.9 1090.2 1519.39 2504.81
ynao_sd_19891115_0100_hong 75 60 15 7 0 1807.98 3073.55 627.85 991.99 1180.13 2081.56
ynao_sd_19891117_0110_hong 37 28 9 5 0 1983.04 4752.7 264.44 476.08 1718.6 4276.62
ynao_sd_19891118_0650_hong 32 25 7 6 0 734.83 1485.37 236.87 448.01 497.96 1037.36
ynao_sd_19891119_0250_hong 36 24 12 5 0 983.47 1643.35 282.41 440.61 701.06 1202.74
ynao_sd_19891120_0150_ru 48 35 13 7 0 1480.71 2457.13 444.91 707.9 1035.8 1749.23
ynao_sd_19891121_0050_ru 52 31 21 7 0 1953.22 3199.93 490.26 784.37 1462.96 2415.56
ynao_sd_19891122_0130_ru 63 38 25 4 0 2877.37 3693.41 733.72 1041.54 2143.65 2651.87
ynao_sd_19891123_0050_ru 85 51 34 7 0 2981.79 3605.44 844.74 1047.48 2137.05 2557.96
ynao_sd_19891124_0310_ru 68 44 24 8 0 2951.01 3906.06 811.26 1103.25 2139.75 2802.81
ynao_sd_19891125_0130_ru 61 41 20 11 0 2540.39 3339.86 688.99 926.22 1851.4 2413.64
ynao_sd_19891126_0150_ru 74 48 26 9 0 3515.99 4761.12 848.22 1140.28 2667.77 3620.84
ynao_sd_19891127_0110_ru 67 41 26 8 0 3298.05 4571.55 914.74 1260.12 2383.31 3311.43
ynao_sd_19891130_0210_ru 53 31 22 4 1 1947.24 2328.9 694.37 936.1 1252.87 1392.8
ynao_sd_19891202_0100_li 48 36 12 6 0 2171.54 3344.81 468.56 776.99 1702.98 2567.82
ynao_sd_19891203_0100_ru 90 64 26 6 0 2689.09 4453.06 921.16 1446.14 1767.93 3006.92
ynao_sd_19891204_0105_li 48 24 24 10 0 2794.93 4188.55 410.85 597.51 2384.08 3591.04
ynao_sd_19891205_0130_li 84 60 24 9 1 2290.42 3462.51 584.22 931.15 1706.2 2531.36
ynao_sd_19891207_0120_li 72 54 18 7 0 1898.06 2263.76 506.15 627.95 1391.91 1635.81
ynao_sd_19891208_0140_li 102 83 19 10 0 1652.18 2054.12 625.21 807.23 1026.97 1246.89
ynao_sd_19891209_0230_li 60 46 14 8 0 1378.21 1785.2 390.48 544.92 987.73 1240.28
ynao_sd_19891210_0150_li 45 37 8 5 0 988.45 1379.07 285.61 407.77 702.84 971.3
ynao_sd_19891211_0300_wang 47 38 9 4 0 901.93 1390.36 314.57 443.66 587.36 946.7
ynao_sd_19891212_0120_wang 33 25 8 4 0 651.85 1370.45 208.94 429.97 442.91 940.48
ynao_sd_19891213_0220_wang 25 19 6 6 0 653.96 1825.04 171.2 440.02 482.76 1385.02
ynao_sd_19891215_0120_wang 22 15 7 6 0 857.5 1451.07 207.25 344.93 650.25 1106.14
ynao_sd_19891216_0200_wang 28 22 6 5 0 957.32 1301.17 222.8 327.31 734.52 973.86
ynao_sd_19891217_0930_wang 38 30 8 7 0 1081.68 1379.32 403.06 531.22 678.62 848.1
ynao_sd_19891218_0530_hong 57 42 15 8 0 1373.42 1753.91 441.88 564.65 931.54 1189.26
ynao_sd_19891219_0520_hong 52 39 13 9 0 1294.22 2034.97 451.69 679.32 842.53 1355.65
ynao_sd_19891220_0910_hong 26 18 8 8 0 1097.88 1632.37 281.68 391.88 816.2 1240.49
ynao_sd_19891221_0130_hong 41 35 6 5 0 930.07 1228.73 322.64 436.96 607.43 791.77
ynao_sd_19891222_0140_hong 34 22 12 7 0 1162.37 1472.6 303.59 373.3 858.78 1099.3
ynao_sd_19891223_0550_hong 37 16 21 9 0 1459.92 3274.1 344.08 827.42 1115.84 2446.68
ynao_sd_19891224_0150_hong 43 24 19 11 0 1536.23 3542.31 349.53 805.1 1186.7 2737.21
ynao_sd_19891225_0110_ru 37 16 21 8 1 2017.19 3759.58 518.76 980.65 1498.43 2778.93
ynao_sd_19891226_0120_ru 56 40 16 5 0 2046.76 2962.81 657.41 1010.66 1389.35 1952.15
ynao_sd_19891227_0110_ru 66 47 19 2 0 1550.12 1965.17 751.88 1022.33 798.24 942.84
ynao_sd_19891228_0120_ru 57 38 19 6 0 1701.34 2289.8 648.45 1133.07 1052.89 1156.73
ynao_sd_19891229_0110_ru 39 21 18 7 2 1943.23 2735.47 528.69 799.9 1414.54 1935.57
ynao_sd_19891230_0200_ru 37 18 19 7 0 1950.78 2831.53 562.84 904.32 1387.94 1927.21
ynao_sd_19891231_0230_ru 35 13 22 7 0 2564.3 3311.36 564.13 747.23 2000.17 2564.13
