ynao_sd_19900101_0150_li 53 31 22 10 0 2081.45 2704.08 405.72 529.16 1675.73 2174.92
ynao_sd_19900102_0220_li 45 36 9 8 0 1787.66 2349.68 408.9 533.0 1378.76 1816.68
ynao_sd_19900103_0120_li 61 45 16 6 0 1602.94 2366.27 421.79 577.75 1181.15 1788.52
ynao_sd_19900104_0150_li 33 27 6 3 0 1074.52 1319.78 264.7 433.9 809.82 885.88
ynao_sd_19900106_0130_li 38 29 9 5 0 1574.43 2156.33 288.78 352.18 1285.65 1804.15
ynao_sd_19900107_0140_li 39 26 13 6 0 1190.31 1839.87 242.72 342.29 947.59 1497.58
ynao_sd_19900108_0140_li 15 6 9 5 0 758.69 1613.1 129.23 257.57 629.46 1355.53
ynao_sd_19900109_0210_wang 8 2 6 3 0 407.28 1044.4 88.16 268.82 319.12 775.58
ynao_sd_19900110_0130_wang 9 5 4 3 0 321.39 984.78 82.52 227.16 238.87 757.62
ynao_sd_19900111_0140_wang 13 6 7 4 0 463.89 933.45 84.14 173.32 379.75 760.13
ynao_sd_19900112_0140_wang 14 8 6 4 0 343.32 1064.39 80.15 271.1 263.17 793.29
ynao_sd_19900113_0130_wang 20 13 7 4 0 454.53 1268.59 143.36 397.07 311.17 871.52
ynao_sd_19900114_0220_wang 26 17 9 5 0 608.14 996.51 190.66 327.21 417.48 669.3
ynao_sd_19900115_0120_hong 38 26 12 12 0 937.3 1437.81 284.0 521.0 653.3 916.81
ynao_sd_19900116_0530_hong 82 66 16 11 0 1051.15 1387.98 503.49 641.46 547.66 746.52
ynao_sd_19900117_0130_hong 79 64 15 10 0 1125.88 1378.21 518.43 621.82 607.45 756.39
ynao_sd_19900118_0150_hong 57 36 21 11 0 1238.43 1505.6 386.69 502.01 851.74 1003.59
ynao_sd_19900120_0120_hong 75 62 13 13 0 2197.05 3886.4 471.39 650.07 1725.66 3236.33
ynao_sd_19900121_0150_hong 62 54 8 7 0 881.55 1424.04 459.9 693.27 421.65 730.77
ynao_sd_19900124_0520_li 11 10 1 1 0 168.75 560.76 80.51 201.77 88.24 358.99
ynao_sd_19900125_0640_li 19 18 1 1 0 368.13 688.94 140.3 200.54 227.83 488.4
ynao_sd_19900126_0105_li 29 27 2 1 0 575.37 884.64 241.36 327.2 334.01 557.44
ynao_sd_19900127_0120_li 31 22 9 3 0 1204.45 1530.62 232.25 309.19 972.2 1221.43
ynao_sd_19900128_0140_wang 52 43 9 4 0 1495.04 2027.97 447.73 590.45 1047.31 1437.52
ynao_sd_19900129_0220_wang 55 46 9 5 1 1645.18 2084.28 477.22 626.72 1167.96 1457.56
ynao_sd_19900130_0130_hong 92 79 13 6 0 2844.69 4822.22 686.39 879.31 2158.3 3942.91
ynao_sd_19900201_0440_wang 47 39 8 7 0 1389.92 1965.97 407.78 666.67 982.14 1299.3
ynao_sd_19900202_0140_wang 60 47 13 9 0 1531.32 2146.53 512.97 761.89 1018.35 1384.64
ynao_sd_19900203_0130_wang 48 36 12 8 0 1440.74 1994.0 393.71 505.67 1047.03 1488.33
ynao_sd_19900204_0050_wang 51 39 12 9 0 1430.19 1975.99 359.18 471.11 1071.01 1504.88
ynao_sd_19900205_0130_wang 50 43 7 5 0 1032.76 1368.64 361.85 539.69 670.91 828.95
ynao_sd_19900206_0130_wang 41 32 9 5 0 774.02 1096.46 262.6 356.91 511.42 739.55
ynao_sd_19900207_0815_wang 21 13 8 6 0 469.11 943.27 123.26 242.65 345.85 700.62
ynao_sd_19900208_0840_wang 19 14 5 3 0 541.22 1667.29 218.11 696.83 323.11 970.46
ynao_sd_19900209_0100_wang 12 8 4 2 0 497.32 1229.13 150.18 356.73 347.14 872.4
ynao_sd_19900210_0105_wang 22 14 8 4 0 777.98 1241.33 160.08 247.03 617.9 994.3
ynao_sd_19900211_0205_wang 12 6 6 3 0 2154.11 2848.74 136.13 182.74 2017.98 2666.0
ynao_sd_19900212_0110_hong 37 35 2 3 0 965.34 1148.42 323.9 377.38 641.44 771.04
ynao_sd_19900213_0115_hong 50 47 3 2 0 1172.51 1313.33 473.6 524.61 698.91 788.72
ynao_sd_19900214_0820_hong 36 32 4 4 0 1144.49 1312.13 390.19 449.7 754.3 862.43
ynao_sd_19900215_0210_hong 34 28 6 3 0 957.16 1180.2 305.66 390.71 651.5 789.49
ynao_sd_19900216_0310_hong 30 26 4 3 0 950.03 1285.42 336.15 486.8 613.88 798.62
ynao_sd_19900217_0120_hong 24 20 4 2 0 752.64 1199.42 214.65 370.47 537.99 828.95
ynao_sd_19900218_0240_hong 6 4 2 1 0 504.44 915.29 100.73 180.54 403.71 734.75
ynao_sd_19900219_0110_duan 10 8 2 1 0 401.64 901.67 149.09 278.44 252.55 623.23
ynao_sd_19900220_0130_duan 9 8 1 2 0 195.15 552.99 94.69 189.95 100.46 363.04
ynao_sd_19900221_0110_duan 29 25 4 5 0 427.87 904.36 201.6 281.65 226.27 622.71
ynao_sd_19900222_0240_duan 25 15 10 6 0 1429.71 1821.91 307.3 412.88 1122.41 1409.03
ynao_sd_19900223_0140_duan 49 36 13 5 0 1375.11 1689.72 571.71 733.74 803.4 955.98
ynao_sd_19900224_0120_duan 77 55 22 8 0 2144.36 2598.85 778.78 939.96 1365.58 1658.89
ynao_sd_19900225_0110_duan 41 28 13 9 0 1704.12 2084.59 481.11 604.75 1223.01 1479.84
ynao_sd_19900227_0420_hong 62 50 12 10 0 1104.39 1557.78 408.57 555.24 695.82 1002.54
ynao_sd_19900228_0120_hong 52 46 6 4 0 978.96 1218.44 387.07 485.67 591.89 732.77
ynao_sd_19900301_0110_hong 49 27 22 12 0 1525.74 2174.06 375.55 519.26 1150.19 1654.8
ynao_sd_19900302_0200_hong 44 31 13 7 0 1138.12 1663.73 335.05 445.28 803.07 1218.45
ynao_sd_19900304_0230_hong 38 30 8 4 0 762.94 1175.46 269.32 437.95 493.62 737.51
ynao_sd_19900306_0430_duan 19 15 4 3 0 519.07 695.55 195.92 275.34 323.15 420.21
ynao_sd_19900307_0400_duan 22 18 4 3 0 551.1 742.65 202.9 289.85 348.2 452.8
ynao_sd_19900309_0220_duan 20 17 3 3 0 626.37 1042.36 255.04 413.3 371.33 629.06
ynao_sd_19900310_0130_duan 12 9 3 3 0 554.77 887.39 167.8 259.02 386.97 628.37
ynao_sd_19900311_0250_duan 12 9 3 3 0 498.31 746.45 113.56 175.49 384.75 570.96
ynao_sd_19900312_0105_duan 15 13 2 3 0 530.74 722.89 158.2 198.32 372.54 524.57
ynao_sd_19900313_0220_duan 24 18 6 3 0 554.62 747.91 223.05 353.45 331.57 394.46
ynao_sd_19900314_0130_duan 42 32 10 3 0 1124.07 1510.35 369.08 544.94 754.99 965.41
ynao_sd_19900315_0130_duan 29 22 7 4 0 1165.59 1612.19 351.55 564.37 814.04 1047.82
ynao_sd_19900316_0135_duan 37 26 11 7 0 1118.28 1559.02 408.36 666.9 709.92 892.12
ynao_sd_19900317_0130_duan 22 16 6 6 0 1035.26 1447.95 234.98 337.3 800.28 1110.65
ynao_sd_19900318_0225_duan 55 44 11 3 0 1374.94 2073.98 483.65 700.75 891.29 1373.23
ynao_sd_19900319_0115_hong 56 43 13 7 0 924.76 1572.32 382.94 605.2 541.82 967.12
ynao_sd_19900320_0110_hong 59 52 7 5 0 645.7 1267.3 417.08 642.33 228.62 624.97
ynao_sd_19900321_0105_hong 38 34 4 6 0 489.54 881.99 245.97 366.86 243.57 515.13
ynao_sd_19900322_0100_hong 23 22 1 1 0 178.84 268.38 141.48 227.51 37.36 40.87
ynao_sd_19900323_0110_hong 29 29 0 0 0 177.96 210.99 177.96 210.99 0 0
ynao_sd_19900324_0110_hong 26 25 1 1 0 261.46 362.61 175.91 265.46 85.55 97.15
ynao_sd_19900325_0120_hong 29 27 2 1 0 238.66 317.66 183.9 252.47 54.76 65.19
ynao_sd_19900326_0120_li 14 13 1 1 0 1222.52 1821.47 78.91 106.08 1143.61 1715.39
ynao_sd_19900327_0210_li 7 6 1 1 0 229.44 348.05 66.55 96.7 162.89 251.35
ynao_sd_19900329_0630_li 9 6 3 1 0 281.97 398.58 63.74 137.33 218.23 261.25
ynao_sd_19900330_0025_li 7 6 1 1 0 269.84 363.31 74.58 135.25 195.26 228.06
ynao_sd_19900331_0020_li 11 7 4 3 0 554.44 1376.85 100.55 188.41 453.89 1188.44
ynao_sd_19900401_0030_li 12 7 5 3 0 728.24 1392.36 107.09 209.92 621.15 1182.44
ynao_sd_19900402_0100_wang 29 19 10 6 0 1368.52 2217.94 267.33 448.45 1101.19 1769.49
ynao_sd_19900403_0040_wang 42 29 13 6 0 1465.75 2057.56 335.35 496.04 1130.4 1561.52
ynao_sd_19900405_0100_wang 47 35 12 8 0 1287.21 1647.27 336.48 462.29 950.73 1184.98
ynao_sd_19900406_0105_wang 50 39 11 9 0 1208.33 1479.63 351.5 448.52 856.83 1031.11
ynao_sd_19900407_0100_wang 45 30 15 6 0 1122.16 1402.17 292.25 383.08 829.91 1019.09
ynao_sd_19900408_0230_wang 41 29 12 8 0 1012.46 1513.35 274.05 394.9 738.41 1118.45
ynao_sd_19900409_0100_hong 50 43 7 3 0 769.81 1235.39 385.86 643.14 383.95 592.25
ynao_sd_19900410_0105_hong 27 22 5 3 0 614.78 1126.61 231.18 417.28 383.6 709.33
ynao_sd_19900411_0120_hong 39 36 3 2 0 582.37 1059.5 347.4 555.83 234.97 503.67
ynao_sd_19900416_0745_wang 31 20 11 3 0 775.06 1133.95 272.72 382.42 502.34 751.53
ynao_sd_19900417_0005_wang 50 34 16 6 0 2224.11 3205.36 507.14 745.87 1716.97 2459.49
ynao_sd_19900418_0620_wang 52 38 14 4 0 2036.71 2711.72 495.75 698.32 1540.96 2013.4
ynao_sd_19900419_0040_wang 46 28 18 4 1 2094.04 2867.13 539.72 913.35 1554.32 1953.78
ynao_sd_19900420_0100_wang 56 37 19 9 0 2050.31 2779.16 503.65 718.94 1546.66 2060.22
ynao_sd_19900421_0020_wang 44 36 8 6 0 1551.66 2144.54 384.74 538.11 1166.92 1606.43
ynao_sd_19900422_0010_wang 58 48 10 7 0 1601.26 2293.46 468.16 656.64 1133.1 1636.82
ynao_sd_19900423_0030_hong 78 63 15 7 0 1719.83 2878.89 595.6 904.14 1124.23 1974.75
ynao_sd_19900424_0020_hong 68 52 16 7 0 1397.26 2633.2 472.57 742.58 924.69 1890.62
ynao_sd_19900425_0100_hong 66 45 21 8 0 1331.4 2781.8 464.3 844.69 867.1 1937.11
ynao_sd_19900426_0410_hong 30 21 9 6 0 1105.34 1614.83 284.98 398.36 820.36 1216.47
ynao_sd_19900427_0140_hong 45 36 9 6 0 1049.64 1534.94 331.85 458.34 717.79 1076.6
ynao_sd_19900428_0130_hong 46 36 10 5 0 929.49 1288.96 351.23 459.96 578.26 829.0
ynao_sd_19900429_0130_hong 32 24 8 5 0 780.57 1104.44 263.89 351.5 516.68 752.94
ynao_sd_19900430_0120_wang 12 7 5 4 0 581.5 828.23 98.03 136.78 483.47 691.45
ynao_sd_19900501_0001_wang 5 2 3 2 0 451.03 535.42 72.2 84.9 378.83 450.52
ynao_sd_19900502_0110_hong 11 6 5 2 0 525.18 636.67 120.9 148.21 404.28 488.46
ynao_sd_19900503_0050_wang 9 4 5 2 0 443.0 749.95 116.07 324.41 326.93 425.54
ynao_sd_19900504_0810_wang 13 6 7 4 0 593.92 1166.02 99.5 218.6 494.42 947.42
ynao_sd_19900505_0050_wang 16 7 9 4 0 633.08 1099.97 140.33 293.42 492.75 806.55
ynao_sd_19900506_0100_wang 26 11 15 4 0 821.65 1179.48 163.68 226.75 657.97 952.73
ynao_sd_19900507_0120_li 41 32 9 4 0 612.33 771.84 240.58 304.74 371.75 467.1
ynao_sd_19900508_0055_li 44 40 4 4 0 572.34 721.44 327.32 456.45 245.02 264.99
ynao_sd_19900509_0220_li 48 45 3 2 0 489.75 647.65 318.09 465.7 171.66 181.95
ynao_sd_19900511_0610_li 29 25 4 5 0 451.33 635.98 214.33 266.78 237.0 369.2
ynao_sd_19900512_0020_li 34 30 4 2 0 418.96 580.88 227.87 290.8 191.09 290.08
ynao_sd_19900513_0010_li 38 33 5 3 0 540.46 759.88 259.32 360.79 281.14 399.09
ynao_sd_19900517_0340_hong 62 45 17 8 0 3494.21 4925.58 605.45 792.54 2888.76 4133.04
ynao_sd_19900518_0045_hong 63 45 18 7 0 1566.63 1968.35 576.56 753.41 990.07 1214.94
ynao_sd_19900519_0130_hong 60 44 16 5 0 1697.42 2183.24 597.52 767.9 1099.9 1415.34
ynao_sd_19900520_0050_hong 58 44 14 4 0 1746.65 2504.02 507.08 684.91 1239.57 1819.11
ynao_sd_19900521_0300_hong 73 56 17 6 0 1503.63 2216.41 512.19 688.81 991.44 1527.6
ynao_sd_19900522_0540_li 75 64 11 5 0 1012.86 1579.02 515.57 759.08 497.29 819.94
ynao_sd_19900523_0200_li 57 49 8 5 0 822.66 1392.73 391.76 579.18 430.9 813.55
ynao_sd_19900526_0610_li 41 37 4 3 0 413.49 753.5 277.85 496.61 135.64 256.89
ynao_sd_19900527_0325_li 31 25 6 3 0 440.56 864.92 227.23 513.2 213.33 351.72
ynao_sd_19900528_0510_wang 40 26 14 7 0 1332.39 2404.55 239.83 354.77 1092.56 2049.78
ynao_sd_19900529_0600_wang 41 31 10 6 0 1482.8 2029.12 275.18 331.86 1207.62 1697.26
ynao_sd_19900530_0740_wang 30 24 6 5 0 548.18 654.4 191.91 216.89 356.27 437.51
ynao_sd_19900531_0130_wang 26 19 7 5 0 547.38 741.55 185.08 219.23 362.3 522.32
ynao_sd_19900601_0230_wang 33 26 7 5 0 524.74 706.3 201.11 293.71 323.63 412.59
ynao_sd_19900604_0240_hong 29 24 5 3 0 541.71 1112.97 208.75 321.95 332.96 791.02
ynao_sd_19900605_0245_hong 27 20 7 2 0 610.3 1058.76 182.4 293.23 427.9 765.53
ynao_sd_19900606_0350_hong 37 25 12 2 0 896.29 1263.52 269.43 386.37 626.86 877.15
ynao_sd_19900607_0305_hong 30 21 9 3 0 968.97 1171.19 257.05 321.81 711.92 849.38
ynao_sd_19900608_0640_hong 38 25 13 5 0 1271.19 1397.66 322.74 394.93 948.45 1002.73
ynao_sd_19900610_0330_hong 75 58 17 9 0 2601.86 3423.46 492.63 544.05 2109.23 2879.41
ynao_sd_19900611_0140_wang 75 49 26 5 0 1483.21 1620.44 456.21 505.31 1027.0 1115.13
ynao_sd_19900612_0235_wang 86 68 18 7 0 1726.54 2117.66 549.42 698.43 1177.12 1419.23
ynao_sd_19900613_0110_wang 52 37 15 6 0 1513.46 2116.09 385.13 550.66 1128.33 1565.43
ynao_sd_19900614_0100_wang 51 41 10 8 0 962.79 1643.43 341.74 563.13 621.05 1080.3
ynao_sd_19900616_0305_wang 27 22 5 5 0 324.22 570.5 156.03 271.24 168.19 299.26
ynao_sd_19900617_0040_wang 22 18 4 4 0 308.86 357.46 129.4 141.26 179.46 216.2
ynao_sd_19900618_0040_wang 32 28 4 3 0 277.29 329.41 174.96 214.17 102.33 115.24
ynao_sd_19900619_0350_li 14 13 1 1 0 107.91 140.4 79.33 109.54 28.58 30.86
ynao_sd_19900623_0145_li 4 2 2 1 0 126.78 273.49 25.74 74.0 101.04 199.49
ynao_sd_19900624_0330_li 6 4 2 1 0 160.35 234.92 38.42 50.63 121.93 184.29
ynao_sd_19900625_0340_hong 10 9 1 1 0 256.09 338.44 92.65 128.57 163.44 209.87
ynao_sd_19900626_0510_hong 11 9 2 1 0 265.21 317.11 104.1 132.05 161.11 185.06
ynao_sd_19900627_0350_hong 16 14 2 2 0 347.99 569.91 148.94 306.83 199.05 263.08
ynao_sd_19900628_0030_hong 43 36 7 6 0 721.33 1075.18 287.64 388.88 433.69 686.3
ynao_sd_19900629_0340_hong 76 59 17 7 0 1426.79 2881.63 483.56 738.18 943.23 2143.45
ynao_sd_19900630_0510_hong 57 36 21 9 0 1886.15 2966.28 458.5 702.17 1427.65 2264.11
ynao_sd_19900701_0520_hong 79 47 32 11 0 3086.28 4239.08 624.33 832.33 2461.95 3406.75
ynao_sd_19900702_0250_li 76 43 33 8 1 3148.3 3828.45 557.4 682.36 2590.9 3146.09
ynao_sd_19900703_0200_li 77 46 31 8 0 3585.96 4175.35 626.26 727.56 2959.7 3447.79
ynao_sd_19900704_0710_li 61 36 25 9 0 3363.22 3774.47 545.59 645.68 2817.63 3128.79
ynao_sd_19900705_0200_li 52 31 21 8 0 3213.41 3606.61 462.9 521.15 2750.51 3085.46
ynao_sd_19900706_0640_wang 42 22 20 8 0 2949.38 3583.85 432.01 529.44 2517.37 3054.41
ynao_sd_19900708_0150_wang 28 14 14 7 0 1737.72 2662.64 282.77 467.98 1454.95 2194.66
ynao_sd_19900709_0225_wang 25 15 10 5 0 1227.36 1868.16 199.86 343.62 1027.5 1524.54
ynao_sd_19900710_0425_wang 25 16 9 5 0 764.16 1322.97 188.18 336.08 575.98 986.89
ynao_sd_19900711_0550_wang 38 33 5 4 0 608.21 1178.93 258.67 408.85 349.54 770.08
ynao_sd_19900712_0520_wang 44 35 9 6 0 764.57 1177.55 263.77 364.72 500.8 812.83
ynao_sd_19900714_0710_wang 37 25 12 5 0 835.0 1175.0 209.64 297.18 625.36 877.82
ynao_sd_19900715_0440_wang 32 24 8 6 0 859.19 1358.32 224.54 346.05 634.65 1012.27
ynao_sd_19900719_0120_hong 9 6 3 2 0 221.35 501.58 62.15 127.03 159.2 374.55
ynao_sd_19900720_0340_hong 32 26 6 3 0 558.64 1119.39 214.99 433.12 343.65 686.27
ynao_sd_19900721_0640_hong 55 46 9 4 0 840.43 1167.24 376.13 507.79 464.3 659.45
ynao_sd_19900722_0520_hong 43 30 13 3 0 1227.95 1475.9 331.67 397.19 896.28 1078.71
ynao_sd_19900723_0240_li 74 62 12 3 0 1493.03 1752.2 554.45 738.1 938.58 1014.1
ynao_sd_19900724_0050_li 85 72 13 6 0 1670.78 1804.45 617.31 725.5 1053.47 1078.95
ynao_sd_19900725_0810_li 63 47 16 5 0 1947.37 2020.46 525.85 571.19 1421.52 1449.27
ynao_sd_19900727_0010_li 53 43 10 5 0 1544.37 2071.02 443.49 683.04 1100.88 1387.98
ynao_sd_19900728_0415_li 35 28 7 5 0 1304.97 2034.85 282.48 415.5 1022.49 1619.35
ynao_sd_19900729_0050_li 25 20 5 4 0 1118.58 1958.8 254.94 416.75 863.64 1542.05
ynao_sd_19900730_0030_wang 11 7 4 3 0 830.65 1814.82 155.0 301.76 675.65 1513.06
ynao_sd_19900731_0015_wang 21 14 7 4 0 747.88 2319.76 264.32 1062.36 483.56 1257.4
ynao_sd_19900801_0005_wang 26 15 11 6 0 2499.83 4359.78 263.63 635.73 2236.2 3724.05
ynao_sd_19900802_0450_wang 33 16 17 11 0 5151.99 12017.83 366.38 794.01 4785.61 11223.82
ynao_sd_19900803_0030_wang 40 21 19 10 0 2265.87 3572.43 384.78 639.05 1881.09 2933.38
ynao_sd_19900804_0140_wang 49 34 15 6 0 2214.24 2936.56 436.25 696.47 1777.99 2240.09
ynao_sd_19900805_0005_wang 32 18 14 6 0 2140.03 2488.64 383.86 445.19 1756.17 2043.45
ynao_sd_19900806_0030_hong 50 36 14 5 0 1981.95 2204.3 542.32 609.4 1439.63 1594.9
ynao_sd_19900807_0130_li 33 22 11 4 0 1698.59 1822.48 326.64 399.27 1371.95 1423.21
ynao_sd_19900808_0130_li 37 27 10 4 0 1673.15 1873.24 331.56 442.04 1341.59 1431.2
ynao_sd_19900809_0130_li 24 14 10 5 0 1491.68 2104.39 255.99 536.45 1235.69 1567.94
ynao_sd_19900810_0140_li 41 26 15 6 0 1535.66 2408.36 365.2 669.89 1170.46 1738.47
ynao_sd_19900811_0005_li 32 15 17 11 0 1508.3 2566.34 272.79 456.73 1235.51 2109.61
ynao_sd_19900812_0230_li 52 39 13 11 0 1307.96 2044.87 364.92 548.27 943.04 1496.6
ynao_sd_19900813_0430_li 64 52 12 9 0 1499.96 2081.2 529.57 903.54 970.39 1177.66
ynao_sd_19900814_0420_hong 107 85 22 14 0 2137.86 2976.77 750.08 944.87 1387.78 2031.9
ynao_sd_19900815_0030_hong 107 82 25 10 0 2309.85 3162.08 796.83 964.78 1513.02 2197.3
ynao_sd_19900816_0100_hong 124 96 28 11 0 2681.92 3317.87 939.56 1108.07 1742.36 2209.8
ynao_sd_19900817_0030_hong 115 86 29 14 0 2754.32 3428.52 849.66 1103.75 1904.66 2324.77
ynao_sd_19900818_0130_hong 80 57 23 16 0 2787.31 3580.72 737.64 989.09 2049.67 2591.63
ynao_sd_19900819_0340_hong 105 80 25 14 0 2763.3 3675.84 872.24 1135.47 1891.06 2540.37
ynao_sd_19900820_0040_wang 78 59 19 7 0 2532.4 3863.08 598.11 929.44 1934.29 2933.64
ynao_sd_19900821_0130_wang 57 43 14 7 1 1965.68 2928.05 470.85 695.22 1494.83 2232.83
ynao_sd_19900822_0020_wang 38 29 9 5 0 1330.4 1926.94 343.72 466.7 986.68 1460.24
ynao_sd_19900823_0020_wang 22 15 7 4 1 2085.41 3724.67 224.12 351.6 1861.29 3373.07
ynao_sd_19900825_0800_wang 23 14 9 6 0 977.61 1868.36 181.34 335.27 796.27 1533.09
ynao_sd_19900826_0110_wang 41 28 13 5 0 1149.54 2153.75 271.56 462.43 877.98 1691.32
ynao_sd_19900827_0310_wang 57 38 19 5 0 1334.08 1664.2 354.22 484.1 979.86 1180.1
ynao_sd_19900828_0020_wang 41 21 20 4 0 1775.23 2138.33 314.49 400.37 1460.74 1737.96
ynao_sd_19900829_0045_wang 48 23 25 4 0 1961.55 2147.34 359.18 384.19 1602.37 1763.15
ynao_sd_19900830_0100_wang 39 17 22 5 1 1984.88 2127.03 324.55 339.42 1660.33 1787.61
ynao_sd_19900831_0020_wang 57 30 27 3 0 1993.02 2197.16 391.44 454.24 1601.58 1742.92
ynao_sd_19900901_0120_wang 42 11 31 6 0 1979.66 2365.96 279.91 335.62 1699.75 2030.34
ynao_sd_19900902_0240_wang 35 18 17 6 0 1576.56 2502.51 368.34 540.01 1208.22 1962.5
ynao_sd_19900904_0630_hong 33 21 12 9 0 1238.58 2936.31 266.04 584.78 972.54 2351.53
ynao_sd_19900905_0130_hong 26 17 9 5 0 995.57 1884.96 228.21 447.8 767.36 1437.16
ynao_sd_19900906_0335_hong 26 18 8 5 0 1130.76 1678.74 295.45 430.85 835.31 1247.89
ynao_sd_19900907_0650_hong 18 10 8 6 0 1131.11 1597.38 222.78 298.06 908.33 1299.32
ynao_sd_19900908_0120_hong 35 25 10 6 0 1195.97 1570.05 320.7 390.87 875.27 1179.18
ynao_sd_19900909_0350_hong 26 16 10 6 0 2404.8 4043.6 315.61 389.6 2089.19 3654.0
ynao_sd_19900910_0035_li 30 24 6 4 0 932.47 1048.0 244.85 310.23 687.62 737.77
ynao_sd_19900911_0030_li 16 10 6 5 0 790.35 1141.72 139.96 188.18 650.39 953.54
ynao_sd_19900912_0140_li 30 22 8 6 0 951.69 1601.06 246.99 399.58 704.7 1201.48
ynao_sd_19900915_0100_li 31 20 11 6 0 1206.27 1591.12 285.22 383.05 921.05 1208.07
ynao_sd_19900916_0115_li 28 18 10 6 0 988.09 1233.46 220.08 290.63 768.01 942.83
ynao_sd_19900918_0250_li 17 10 7 3 0 751.55 780.73 183.56 190.62 567.99 590.11
ynao_sd_19900919_0200_li 24 21 3 2 0 646.11 710.37 193.25 207.32 452.86 503.05
ynao_sd_19900920_0015_li 19 16 3 3 0 660.48 1080.52 174.47 267.93 486.01 812.59
ynao_sd_19900921_0040_li 18 13 5 3 0 600.19 1060.43 154.81 302.86 445.38 757.57
ynao_sd_19900922_0010_li 33 28 5 4 0 778.06 1405.6 252.33 425.91 525.73 979.69
ynao_sd_19900923_0450_li 12 8 4 3 0 569.88 933.76 160.95 384.17 408.93 549.59
ynao_sd_19900925_0130_hong 30 25 5 3 0 757.11 854.17 238.59 262.57 518.52 591.6
ynao_sd_19900926_0750_hong 30 25 5 2 0 704.56 712.94 204.7 208.23 499.86 504.71
ynao_sd_19900928_0840_hong 41 37 4 1 0 535.28 634.34 260.0 311.48 275.28 322.86
ynao_sd_19900929_0140_hong 32 29 3 2 0 392.47 543.19 217.77 313.31 174.7 229.88
ynao_sd_19901002_0440_wang 10 10 0 0 0 67.2 158.29 67.2 158.29 0 0
ynao_sd_19901003_0700_wang 5 4 1 0 0 32.3 50.6 36.55 58.99 4.25 8.39
ynao_sd_19901004_0240_wang 36 32 4 3 0 410.49 998.95 294.94 831.66 115.55 167.29
ynao_sd_19901005_0120_wang 46 38 8 5 0 636.24 785.68 242.33 295.11 393.91 490.57
ynao_sd_19901006_0820_wang 30 27 3 2 0 433.36 462.68 182.6 196.52 250.76 266.16
ynao_sd_19901007_0300_wang 23 19 4 2 0 461.7 801.13 212.2 543.55 249.5 257.58
ynao_sd_19901008_0800_wang 15 11 4 1 0 211.17 215.01 75.17 78.7 136.0 136.31
ynao_sd_19901011_0140_wang 46 35 11 10 0 2271.88 4670.1 338.22 434.67 1933.66 4235.43
ynao_sd_19901012_0300_li 60 49 11 4 0 1573.99 1783.7 468.18 565.48 1105.81 1218.22
ynao_sd_19901014_0240_li 57 38 19 9 0 1584.29 1627.37 429.32 459.79 1154.97 1167.58
ynao_sd_19901015_0230_hong 102 78 24 12 0 2120.1 2242.58 775.84 846.73 1344.26 1395.85
ynao_sd_19901016_0500_hong 79 61 18 11 0 1703.89 2108.25 552.25 698.78 1151.64 1409.47
ynao_sd_19901017_0530_hong 62 45 17 10 0 1349.05 2180.72 461.93 774.15 887.12 1406.57
ynao_sd_19901018_0130_hong 51 34 17 9 0 1432.27 2686.99 402.31 785.38 1029.96 1901.61
ynao_sd_19901019_0205_hong 53 37 16 9 0 1362.78 2705.74 349.49 674.2 1013.29 2031.54
ynao_sd_19901020_0110_hong 47 27 20 9 0 1384.63 2792.11 356.54 751.37 1028.09 2040.74
ynao_sd_19901021_0115_hong 47 35 12 7 0 1048.19 1335.65 344.81 498.03 703.38 837.62
ynao_sd_19901022_0050_wang 72 61 11 6 0 1089.1 1226.25 442.77 530.61 646.33 695.64
ynao_sd_19901023_0200_wang 44 36 8 5 0 1113.76 1188.62 344.62 371.11 769.14 817.51
ynao_sd_19901024_0040_wang 47 39 8 5 0 1037.31 1106.24 327.36 346.12 709.95 760.12
ynao_sd_19901025_0810_wang 52 49 3 3 0 2060.99 2811.17 382.68 436.22 1678.31 2374.95
ynao_sd_19901026_0650_wang 44 36 8 6 0 1965.38 2250.44 290.22 371.87 1675.16 1878.57
ynao_sd_19901029_0310_li 24 23 1 1 0 397.59 716.78 223.61 492.84 173.98 223.94
ynao_sd_19901030_0740_li 7 4 3 1 0 223.42 257.59 66.05 87.87 157.37 169.72
ynao_sd_19901031_0050_li 4 3 1 1 0 193.69 199.54 38.16 40.72 155.53 158.82
ynao_sd_19901101_0130_li 5 4 1 1 0 249.41 249.7 29.61 29.7 219.8 220.0
ynao_sd_19901102_0150_li 6 5 1 1 0 167.17 193.78 57.8 80.42 109.37 113.36
ynao_sd_19901103_0120_li 9 8 1 1 0 154.57 171.23 65.88 70.97 88.69 100.26
ynao_sd_19901104_0100_li 14 13 1 1 0 130.7 170.23 90.42 116.82 40.28 53.41
ynao_sd_19901105_0105_hong 21 19 2 3 1 1934.35 3617.53 182.34 356.35 1752.01 3261.18
ynao_sd_19901106_0540_hong 33 27 6 4 0 682.49 1242.38 244.74 419.43 437.75 822.95
ynao_sd_19901107_0100_hong 60 44 16 9 0 2539.79 3723.39 509.98 802.84 2029.81 2920.55
ynao_sd_19901108_0515_wang 59 28 31 13 0 2668.36 3539.43 498.72 660.06 2169.64 2879.37
ynao_sd_19901110_0230_hong 69 55 14 10 1 2081.06 2634.72 666.99 801.84 1414.07 1832.88
ynao_sd_19901111_0120_hong 59 45 14 10 0 1830.59 2407.93 546.42 691.9 1284.17 1716.03
ynao_sd_19901112_0100_hong 60 52 8 6 0 1466.16 1545.12 488.03 516.8 978.13 1028.32
ynao_sd_19901113_0050_wang 29 19 10 9 0 1494.4 3224.94 350.29 755.06 1144.11 2469.88
ynao_sd_19901114_0830_wang 39 22 17 8 1 2678.85 6290.19 495.66 1066.18 2183.19 5224.01
ynao_sd_19901115_0100_wang 36 13 23 9 0 3403.47 7137.26 522.64 1050.85 2880.83 6086.41
ynao_sd_19901116_0050_wang 56 22 34 6 2 4831.44 8284.69 624.01 1063.12 4207.43 7221.57
ynao_sd_19901117_0100_wang 74 25 49 8 0 5657.1 8133.2 831.74 1165.14 4825.36 6968.06
ynao_sd_19901118_0100_wang 70 31 39 6 1 5821.74 6959.33 807.24 979.68 5014.5 5979.65
ynao_sd_19901119_0120_li 88 48 40 8 0 5404.24 5780.25 1042.68 1125.51 4361.56 4654.74
ynao_sd_19901120_0055_li 88 47 41 7 0 5175.04 5409.09 929.29 974.52 4245.75 4434.57
ynao_sd_19901121_0220_li 105 61 44 6 0 4983.05 5354.28 1005.86 1079.64 3977.19 4274.64
ynao_sd_19901122_0130_li 93 56 37 4 0 4183.91 4888.62 838.99 999.86 3344.92 3888.76
ynao_sd_19901123_0100_li 55 25 30 6 0 3513.7 4656.62 548.72 720.7 2964.98 3935.92
ynao_sd_19901124_0310_li 37 23 14 9 0 2321.08 3926.15 408.7 681.81 1912.38 3244.34
ynao_sd_19901125_0100_li 36 24 12 8 0 1384.29 3032.04 313.06 697.92 1071.23 2334.12
ynao_sd_19901126_0205_hong 28 17 11 6 0 800.88 2792.86 200.18 756.11 600.7 2036.75
ynao_sd_19901127_0140_hong 21 16 5 3 0 352.37 1288.95 138.23 412.63 214.14 876.32
ynao_sd_19901128_0240_hong 16 13 3 2 0 225.82 356.24 116.96 158.86 108.86 197.38
ynao_sd_19901129_0140_hong 29 25 4 3 0 385.36 892.98 191.69 270.81 193.67 622.17
ynao_sd_19901204_0845_wang 39 22 17 11 0 2869.78 3688.44 329.43 479.93 2540.35 3208.51
ynao_sd_19901205_0250_wang 71 47 24 9 0 1570.23 2051.99 410.78 535.43 1159.45 1516.56
ynao_sd_19901206_0510_wang 82 68 14 12 0 2727.37 3131.78 499.21 573.17 2228.16 2558.61
ynao_sd_19901207_0630_wang 71 55 16 12 0 1572.67 1692.17 435.62 474.44 1137.05 1217.73
ynao_sd_19901208_0530_hong 87 72 15 10 0 1627.83 1740.11 597.14 646.68 1030.69 1093.43
ynao_sd_19901209_0230_wang 89 60 29 12 0 2190.87 3348.0 607.29 771.37 1583.58 2576.63
ynao_sd_19901210_0720_li 83 62 21 9 0 1553.14 2385.47 491.16 676.24 1061.98 1709.23
ynao_sd_19901211_0130_li 50 33 17 9 0 1602.13 3093.86 397.9 688.92 1204.23 2404.94
ynao_sd_19901212_0150_li 61 40 21 8 0 2107.03 4264.94 462.66 877.1 1644.37 3387.84
ynao_sd_19901213_0120_li 66 40 26 8 0 2920.9 5267.78 489.38 902.76 2431.52 4365.02
ynao_sd_19901214_0140_li 66 36 30 8 0 3067.18 4532.8 521.24 746.75 2545.94 3786.05
ynao_sd_19901215_0200_li 69 41 28 9 0 3457.15 4163.14 659.58 783.32 2797.57 3379.82
ynao_sd_19901216_0130_li 80 48 32 8 0 3690.86 4085.08 795.86 866.82 2895.0 3218.26
ynao_sd_19901217_0120_hong 132 91 41 9 0 3837.16 4108.44 1092.84 1163.58 2744.32 2944.86
ynao_sd_19901218_0300_hong 108 67 41 13 0 4614.88 5043.87 1050.73 1162.55 3564.15 3881.32
ynao_sd_19901219_0805_hong 98 59 39 19 0 4191.03 4951.66 931.27 1104.01 3259.76 3847.65
ynao_sd_19901220_0505_hong 119 87 32 12 0 3591.44 4752.29 897.56 1211.34 2693.88 3540.95
ynao_sd_19901221_0120_hong 86 61 25 12 0 2898.25 4609.94 702.1 1095.39 2196.15 3514.55
ynao_sd_19901223_0220_hong 40 21 19 5 0 1166.99 3087.14 321.58 795.32 845.41 2291.82
ynao_sd_19901224_0120_wang 22 16 6 1 0 639.95 2125.06 170.06 356.15 469.89 1768.91
ynao_sd_19901225_0120_wang 13 10 3 2 0 192.08 216.05 105.78 123.65 86.3 92.4
ynao_sd_19901226_0300_wang 8 7 1 1 0 108.33 122.39 74.24 83.88 34.09 38.51
ynao_sd_19901227_0125_wang 7 7 0 0 0 48.5 60.94 48.5 60.94 0 0
ynao_sd_19901228_0100_wang 4 4 0 0 0 26.78 50.72 26.78 50.72 0 0
ynao_sd_19901229_0150_wang 4 3 1 1 0 105.57 394.82 29.5 77.01 76.07 317.81
ynao_sd_19901230_0115_wang 1 0 1 1 0 1852.6 4404.75 13.79 32.7 1838.81 4372.05
ynao_sd_19901231_0115_li 2 0 2 2 0 168.03 278.58 25.59 42.5 142.44 236.08
