ynao_sd_19910101_0150_li 5 4 1 1 0 191.21 246.81 59.7 75.49 131.51 171.32
ynao_sd_19910102_0150_li 6 5 1 1 0 204.81 237.2 61.35 75.35 143.46 161.85
ynao_sd_19910104_0605_li 13 12 1 1 0 219.76 224.66 69.81 71.63 149.95 153.03
ynao_sd_19910105_0130_li 7 6 1 1 0 195.84 208.58 44.5 49.95 151.34 158.63
ynao_sd_19910106_0120_li 12 11 1 1 0 209.64 249.87 62.71 83.31 146.93 166.56
ynao_sd_19910107_0120_hong 8 7 1 1 0 210.1 273.66 97.51 125.66 112.59 148.0
ynao_sd_19910108_0150_hong 14 8 6 4 0 641.96 2283.87 139.84 371.98 502.12 1911.89
ynao_sd_19910109_0140_hong 38 19 19 7 0 1332.78 3230.79 360.38 847.52 972.4 2383.27
ynao_sd_19910110_0140_hong 51 27 24 11 0 2282.1 4184.62 504.94 916.9 1777.16 3267.72
ynao_sd_19910111_0130_hong 55 34 21 9 1 2636.79 3706.78 643.43 893.0 1993.36 2813.78
ynao_sd_19910112_0130_hong 79 64 15 7 0 3173.86 3813.37 828.29 992.19 2345.57 2821.18
ynao_sd_19910113_0510_hong 91 70 21 3 0 3669.95 3996.33 1001.47 1088.17 2668.48 2908.16
ynao_sd_19910114_0115_wang 37 20 17 6 1 3380.88 3600.04 554.01 592.08 2826.87 3007.96
ynao_sd_19910115_0710_li 56 30 26 5 0 2961.13 3254.2 671.16 743.86 2289.97 2510.34
ynao_sd_19910116_0210_li 70 48 22 4 0 2968.36 3464.79 686.8 807.07 2281.56 2657.72
ynao_sd_19910117_0210_wang 50 33 17 4 0 2648.65 3493.64 529.28 726.36 2119.37 2767.28
ynao_sd_19910118_0120_wang 37 17 20 7 0 2389.1 3870.34 409.62 664.98 1979.48 3205.36
ynao_sd_19910119_0145_wang 29 10 19 5 0 1796.79 3429.04 333.55 625.31 1463.24 2803.73
ynao_sd_19910120_0220_wang 21 15 6 3 0 1199.63 2645.21 243.4 468.85 956.23 2176.36
ynao_sd_19910121_0110_wang 25 17 8 4 0 683.95 1653.02 174.57 389.56 509.38 1263.46
ynao_sd_19910122_0120_wang 27 21 6 2 0 612.49 778.02 191.67 258.22 420.82 519.8
ynao_sd_19910123_0140_li 33 26 7 3 0 491.08 590.28 157.41 195.52 333.67 394.76
ynao_sd_19910124_0200_li 18 15 3 1 0 359.7 454.83 124.82 158.42 234.88 296.41
ynao_sd_19910125_0135_li 10 8 2 1 0 177.2 252.0 57.52 77.0 119.68 175.0
ynao_sd_19910127_0140_li 29 28 1 1 0 237.08 325.92 205.85 244.4 31.23 81.52
ynao_sd_19910129_0130_hong 51 43 8 7 0 1134.79 1841.14 346.65 577.95 788.14 1263.19
ynao_sd_19910130_0320_hong 55 47 8 5 0 995.55 1471.76 421.42 627.52 574.13 844.24
ynao_sd_19910201_0550_hong 37 29 8 4 0 774.88 983.63 253.36 333.48 521.52 650.15
ynao_sd_19910202_0310_hong 28 19 9 4 0 590.48 720.36 239.62 281.41 350.86 438.95
ynao_sd_19910203_0140_hong 25 20 5 3 0 492.39 573.84 171.08 218.11 321.31 355.73
ynao_sd_19910204_0240_wang 18 12 6 3 0 471.35 774.83 131.37 192.92 339.98 581.91
ynao_sd_19910205_0130_wang 6 0 6 4 0 414.15 691.92 54.62 105.65 359.53 586.27
ynao_sd_19910206_0135_wang 16 9 7 4 0 861.03 1786.07 146.75 281.33 714.28 1504.74
ynao_sd_19910207_0215_wang 26 14 12 6 0 1263.69 2044.0 209.56 338.0 1054.13 1706.0
ynao_sd_19910208_0120_wang 45 28 17 5 0 1960.99 2609.52 342.83 460.87 1618.16 2148.65
ynao_sd_19910209_0125_wang 54 24 30 6 0 2377.76 2785.23 374.73 443.14 2003.03 2342.09
ynao_sd_19910210_0330_wang 62 38 24 7 0 2218.53 2410.97 436.56 474.38 1781.97 1936.59
ynao_sd_19910211_0130_li 63 50 13 6 0 1866.2 2013.68 472.03 507.76 1394.17 1505.92
ynao_sd_19910212_0120_li 51 33 18 8 0 1847.99 2212.07 388.63 471.64 1459.36 1740.43
ynao_sd_19910213_0200_hong 67 49 18 9 0 1527.79 2224.75 484.92 714.37 1042.87 1510.38
ynao_sd_19910214_0120_wang 52 34 18 9 0 1483.18 2384.5 353.55 557.85 1129.63 1826.65
ynao_sd_19910215_0200_hong 42 25 17 11 0 1182.3 2387.95 280.76 538.27 901.54 1849.68
ynao_sd_19910216_0140_wang 23 15 8 4 0 680.23 1501.3 192.75 500.84 487.48 1000.46
ynao_sd_19910217_0230_wang 13 8 5 3 0 347.83 696.57 66.49 160.67 281.34 535.9
ynao_sd_19910218_0130_li 18 16 2 1 0 139.59 185.91 98.27 137.98 41.32 47.93
ynao_sd_19910219_0150_li 21 19 2 2 0 183.62 259.44 119.89 174.33 63.73 85.11
ynao_sd_19910220_0900_li 14 12 2 2 0 276.35 528.54 110.58 193.37 165.77 335.17
ynao_sd_19910221_0750_li 22 17 5 3 0 480.33 811.54 209.1 338.9 271.23 472.64
ynao_sd_19910223_0630_wang 21 15 6 5 0 759.3 1063.35 156.95 234.26 602.35 829.09
ynao_sd_19910224_0230_wang 24 17 7 3 0 524.41 733.38 182.38 308.46 342.03 424.92
ynao_sd_19910225_0120_hong 39 35 4 3 0 492.63 629.21 250.54 310.39 242.09 318.82
ynao_sd_19910226_0130_hong 32 27 5 4 0 443.71 593.77 239.16 305.03 204.55 288.74
ynao_sd_19910227_0120_hong 46 36 10 6 0 703.89 970.71 283.59 366.66 420.3 604.05
ynao_sd_19910228_0120_hong 47 41 6 2 0 530.08 630.48 284.47 355.48 245.61 275.0
ynao_sd_19910301_0125_hong 35 28 7 2 0 547.3 623.54 240.65 308.72 306.65 314.82
ynao_sd_19910302_0130_hong 25 20 5 3 0 549.97 587.29 173.43 202.45 376.54 384.84
ynao_sd_19910303_0150_hong 17 11 6 3 0 1331.63 2951.4 171.03 366.78 1160.6 2584.62
ynao_sd_19910304_0120_wang 24 14 10 3 0 633.41 795.71 172.99 250.6 460.42 545.11
ynao_sd_19910305_0120_wang 21 15 6 4 0 584.02 1186.54 146.4 218.87 437.62 967.67
ynao_sd_19910306_0125_wang 21 14 7 5 0 517.61 1148.17 166.76 395.11 350.85 753.06
ynao_sd_19910307_0320_wang 12 6 6 5 0 319.05 641.17 83.93 156.09 235.12 485.08
ynao_sd_19910308_0130_wang 28 26 2 3 0 436.71 568.45 246.34 315.98 190.37 252.47
ynao_sd_19910309_0120_wang 25 24 1 1 0 280.73 332.32 165.72 197.86 115.01 134.46
ynao_sd_19910310_0120_wang 11 8 3 1 0 203.03 225.6 81.98 93.08 121.05 132.52
ynao_sd_19910311_0130_hong 28 26 2 1 0 247.38 272.48 147.79 164.96 99.59 107.52
ynao_sd_19910312_0130_hong 12 11 1 1 0 161.48 180.74 77.74 86.9 83.74 93.84
ynao_sd_19910313_0120_hong 8 6 2 1 0 93.37 113.36 42.31 50.45 51.06 62.91
ynao_sd_19910314_0120_hong 9 8 1 1 0 91.46 128.75 52.45 72.08 39.01 56.67
ynao_sd_19910315_0110_hong 11 10 1 0 0 56.34 95.1 76.18 121.73 19.84 26.63
ynao_sd_19910316_0330_hong 13 11 2 1 0 122.03 178.15 71.48 110.06 50.55 68.09
ynao_sd_19910317_0130_hong 13 11 2 2 0 123.18 149.12 67.51 81.63 55.67 67.49
ynao_sd_19910318_0130_li 13 10 3 3 0 136.32 156.71 59.44 68.13 76.88 88.58
ynao_sd_19910319_0100_li 19 13 6 4 0 196.17 217.94 101.9 112.73 94.27 105.21
ynao_sd_19910320_0115_li 28 28 0 0 0 155.22 180.14 155.22 180.14 0 0
ynao_sd_19910321_0105_li 16 15 1 1 0 115.06 148.49 81.44 104.53 33.62 43.96
ynao_sd_19910322_0100_li 7 7 0 0 0 41.94 59.97 41.94 59.97 0 0
ynao_sd_19910323_0120_li 5 5 0 0 0 32.02 56.76 32.02 56.76 0 0
ynao_sd_19910324_0115_li 9 9 0 0 0 61.08 109.42 61.08 109.42 0 0
ynao_sd_19910325_0130_wang 4 4 0 0 0 24.87 26.68 24.87 26.68 0 0
ynao_sd_19910326_0105_wang 8 8 0 0 0 40.22 43.51 40.22 43.51 0 0
ynao_sd_19910327_0120_wang 7 7 0 0 0 51.49 60.2 51.49 60.2 0 0
ynao_sd_19910328_0300_wang 21 18 3 2 0 248.92 326.11 108.88 142.43 140.04 183.68
ynao_sd_19910329_0120_wang 32 30 2 2 0 394.82 733.59 193.87 410.84 200.95 322.75
ynao_sd_19910403_0900_hong 90 69 21 7 0 1511.38 1665.07 579.82 641.31 931.56 1023.76
ynao_sd_19910404_0305_hong 65 40 25 12 0 1769.5 2114.31 454.6 529.66 1314.9 1584.65
ynao_sd_19910405_0105_hong 89 70 19 8 0 1568.02 1885.36 528.52 619.68 1039.5 1265.68
ynao_sd_19910406_0110_hong 64 44 20 11 0 1425.67 1787.69 393.82 474.07 1031.85 1313.62
ynao_sd_19910407_0100_hong 49 34 15 8 0 1274.17 1768.96 318.8 420.44 955.37 1348.52
ynao_sd_19910408_0110_wang 37 30 7 3 0 784.26 1199.75 269.45 397.5 514.81 802.25
ynao_sd_19910409_0040_wang 21 17 4 4 0 617.56 1207.96 180.37 317.18 437.19 890.78
ynao_sd_19910410_0110_wang 16 9 7 4 0 616.99 884.14 144.94 220.3 472.05 663.84
ynao_sd_19910411_0110_wang 43 22 21 6 0 1504.1 2953.94 358.9 813.85 1145.2 2140.09
ynao_sd_19910412_0100_wang 62 37 25 11 0 2036.94 3243.16 441.59 724.99 1595.35 2518.17
ynao_sd_19910413_0120_wang 89 55 34 15 0 2950.28 4093.87 531.73 793.54 2418.55 3300.33
ynao_sd_19910414_0120_wang 99 55 44 17 0 3220.36 4070.71 584.82 759.88 2635.54 3310.83
ynao_sd_19910415_0340_hong 117 73 44 18 0 2672.44 3231.19 724.21 868.18 1948.23 2363.01
ynao_sd_19910416_0040_hong 131 98 33 17 1 2664.14 3321.28 819.76 988.21 1844.38 2333.07
ynao_sd_19910417_0040_hong 129 104 25 14 1 2177.61 2812.13 739.42 896.22 1438.19 1915.91
ynao_sd_19910418_0045_hong 118 90 28 10 0 2298.9 3780.17 803.0 1148.45 1495.9 2631.72
ynao_sd_19910419_0030_hong 99 76 23 12 0 2040.49 3580.61 602.44 879.9 1438.05 2700.71
ynao_sd_19910420_0920_hong 68 49 19 10 1 1228.46 1958.2 421.77 659.18 806.69 1299.02
ynao_sd_19910421_0230_hong 46 31 15 13 0 823.76 1690.44 264.14 494.61 559.62 1195.83
ynao_sd_19910422_0210_wang 21 20 1 1 0 203.72 620.44 150.99 457.68 52.73 162.76
ynao_sd_19910423_0140_wang 4 4 0 0 0 25.66 64.09 25.66 64.09 0 0
ynao_sd_19910424_0140_wang 0 0 0 0 0 0 0 0 0 0 0
ynao_sd_19910425_0005_wang 1 1 0 0 0 4.7 8.49 4.7 8.49 0 0
ynao_sd_19910426_0040_wang 4 3 1 1 0 53.58 145.31 21.62 36.96 31.96 108.35
ynao_sd_19910427_0140_li 6 5 1 0 0 65.21 118.96 72.85 134.4 7.64 15.44
ynao_sd_19910428_0200_li 20 19 1 1 0 163.33 275.81 114.79 203.88 48.54 71.93
ynao_sd_19910429_0015_li 28 22 6 3 0 446.39 613.71 144.07 204.09 302.32 409.62
ynao_sd_19910430_0020_li 21 13 8 2 0 485.14 570.13 133.55 163.36 351.59 406.77
ynao_sd_19910502_0630_li 29 24 5 2 0 391.73 401.15 199.21 204.96 192.52 196.19
ynao_sd_19910503_0150_li 21 17 4 1 0 254.08 265.97 109.8 114.7 144.28 151.27
ynao_sd_19910504_0015_li 21 20 1 1 0 237.97 272.54 128.81 147.64 109.16 124.9
ynao_sd_19910505_0020_li 12 10 2 1 0 153.4 201.01 69.64 89.42 83.76 111.59
ynao_sd_19910506_0050_hong 16 13 3 2 0 266.19 736.46 96.38 221.85 169.81 514.61
ynao_sd_19910507_0340_hong 20 12 8 4 0 1107.99 2495.13 303.57 707.27 804.42 1787.86
ynao_sd_19910510_0130_hong 65 48 17 7 0 3125.03 4086.93 838.15 1097.1 2286.88 2989.83
ynao_sd_19910511_0040_hong 80 67 13 5 0 3218.99 3817.89 916.29 1065.69 2302.7 2752.2
ynao_sd_19910512_0200_wang 75 61 14 5 0 3484.94 3942.49 906.65 1017.0 2578.29 2925.49
ynao_sd_19910513_0050_wang 59 48 11 4 0 3271.5 3777.44 725.19 821.15 2546.31 2956.29
ynao_sd_19910514_0030_wang 46 39 7 3 0 2951.17 3652.14 667.79 814.37 2283.38 2837.77
ynao_sd_19910515_0240_wang 24 15 9 5 0 2399.49 3414.32 458.8 659.2 1940.69 2755.12
ynao_sd_19910516_0820_wang 35 24 11 4 0 2160.42 3905.49 471.31 797.28 1689.11 3108.21
ynao_sd_19910517_0300_wang 23 15 8 4 0 1721.7 4031.74 328.66 734.74 1393.04 3297.0
ynao_sd_19910518_0001_wang 13 7 6 3 0 955.47 3097.4 174.96 482.02 780.51 2615.38
ynao_sd_19910519_0420_wang 14 12 2 1 0 303.95 663.01 105.83 181.0 198.12 482.01
ynao_sd_19910520_0030_hong 27 25 2 2 0 294.42 599.62 209.22 294.1 85.2 305.52
ynao_sd_19910521_0030_hong 25 24 1 1 0 254.32 310.72 181.81 234.23 72.51 76.49
ynao_sd_19910522_0150_hong 29 26 3 3 0 339.85 553.82 207.43 366.86 132.42 186.96
ynao_sd_19910523_0100_hong 36 31 5 3 0 683.88 1252.54 259.57 490.24 424.31 762.3
ynao_sd_19910524_0050_hong 58 46 12 5 0 957.68 1465.76 370.24 566.48 587.44 899.28
ynao_sd_19910525_0030_hong 71 49 22 8 0 1511.95 2092.09 480.48 639.54 1031.47 1452.55
ynao_sd_19910526_0130_hong 66 42 24 9 1 2388.7 2950.17 626.59 755.4 1762.11 2194.77
ynao_sd_19910527_0130_wang 65 43 22 5 3 2658.85 3241.95 573.5 795.69 2085.35 2446.26
ynao_sd_19910528_0200_wang 76 43 33 8 3 3383.1 4162.48 593.96 812.06 2789.14 3350.42
ynao_sd_19910529_0100_wang 74 41 33 13 0 3217.52 3926.37 503.97 638.16 2713.55 3288.21
ynao_sd_19910530_0640_wang 65 43 22 7 0 2789.65 3381.86 570.25 725.06 2219.4 2656.8
ynao_sd_19910531_0325_wang 48 28 20 9 0 2378.01 3008.31 405.51 520.01 1972.5 2488.3
ynao_sd_19910601_0010_wang 52 34 18 9 0 2143.76 3807.03 452.46 841.43 1691.3 2965.6
ynao_sd_19910602_0450_wang 61 45 16 11 0 1863.53 3508.46 441.69 711.9 1421.84 2796.56
ynao_sd_19910603_0340_hong 54 33 21 14 0 2127.47 5042.18 435.77 888.54 1691.7 4153.64
ynao_sd_19910604_0240_hong 63 34 29 16 0 2669.41 5640.56 623.07 1238.22 2046.34 4402.34
ynao_sd_19910605_0510_hong 81 51 30 17 1 3425.5 5448.45 861.62 1310.48 2563.88 4137.97
ynao_sd_19910606_0945_hong 76 55 21 12 0 4070.71 5555.84 981.23 1278.95 3089.48 4276.89
ynao_sd_19910607_0340_hong 86 58 28 15 0 4404.42 5621.06 868.68 1061.16 3535.74 4559.9
ynao_sd_19910608_0050_hong 114 86 28 11 0 4615.76 5432.78 1036.2 1184.74 3579.56 4248.04
ynao_sd_19910609_0130_hong 120 89 31 12 1 4754.71 5514.84 1387.98 1605.49 3366.73 3909.35
ynao_sd_19910610_0100_wang 100 64 36 8 0 5216.93 6168.33 1010.25 1202.62 4206.68 4965.71
ynao_sd_19910611_0350_wang 74 38 36 5 0 4378.13 5546.69 1034.09 1324.27 3344.04 4222.42
ynao_sd_19910612_0300_wang 83 38 45 6 1 4163.14 5854.2 822.24 1188.64 3340.9 4665.56
ynao_sd_19910613_0810_wang 43 17 26 2 0 3134.25 5104.52 606.23 1053.8 2528.02 4050.72
ynao_sd_19910614_0300_wang 40 14 26 1 0 2559.73 4971.91 443.98 853.45 2115.75 4118.46
ynao_sd_19910615_0940_wang 24 10 14 4 1 1378.08 4170.21 240.61 745.35 1137.47 3424.86
ynao_sd_19910616_0520_wang 31 14 17 5 0 1049.67 3635.01 166.9 480.08 882.77 3154.93
ynao_sd_19910617_0050_li 39 30 9 3 0 480.35 905.72 190.69 356.42 289.66 549.3
ynao_sd_19910618_0055_li 36 29 7 2 0 531.66 1011.61 234.61 486.18 297.05 525.43
ynao_sd_19910619_0320_li 24 20 4 4 0 540.17 728.22 166.41 209.11 373.76 519.11
ynao_sd_19910620_0630_li 31 27 4 3 0 679.54 793.99 215.03 235.68 464.51 558.31
ynao_sd_19910622_0120_li 37 30 7 5 0 747.76 797.93 214.76 228.73 533.0 569.2
ynao_sd_19910623_0040_li 35 26 9 4 0 549.08 596.46 172.75 187.04 376.33 409.42
ynao_sd_19910626_0040_hong 45 28 17 8 0 1159.76 1714.0 271.04 398.2 888.72 1315.8
ynao_sd_19910627_0550_hong 54 31 23 9 0 2167.14 2906.48 456.67 647.55 1710.47 2258.93
ynao_sd_19910628_0545_hong 53 34 19 8 0 2253.72 2715.29 515.88 611.61 1737.84 2103.68
ynao_sd_19910629_0350_hong 58 44 14 7 0 2100.46 2363.87 579.69 646.28 1520.77 1717.59
ynao_sd_19910630_0840_hong 49 33 16 8 0 2225.24 2462.64 566.75 641.03 1658.49 1821.61
ynao_sd_19910702_0910_wang 16 11 5 4 0 480.69 1395.81 122.77 321.05 357.92 1074.76
ynao_sd_19910703_0640_wang 125 100 25 17 2 2707.29 5009.26 832.35 1285.15 1874.94 3724.11
ynao_sd_19910704_0705_wang 124 98 26 20 0 2874.2 4842.49 789.44 1181.51 2084.76 3660.98
ynao_sd_19910708_0855_wang 63 40 23 7 0 1876.11 2208.86 418.47 520.88 1457.64 1687.98
ynao_sd_19910710_0810_li 92 76 16 4 0 1433.26 1711.15 518.53 665.98 914.73 1045.17
ynao_sd_19910711_0930_li 30 17 13 7 0 1111.94 1523.17 225.65 303.81 886.29 1219.36
ynao_sd_19910713_0155_li 38 29 9 5 0 677.71 1197.32 203.33 352.3 474.38 845.02
ynao_sd_19910714_0220_li 33 23 10 4 0 585.44 1460.84 157.24 347.43 428.2 1113.41
ynao_sd_19910717_0900_li 1 0 1 1 0 35.57 60.64 6.7 11.39 28.87 49.25
ynao_sd_19910718_0440_li 6 5 1 0 0 46.51 61.66 52.39 69.97 5.88 8.31
ynao_sd_19910719_0040_hong 3 1 2 2 0 123.41 371.48 18.62 56.5 104.79 314.98
ynao_sd_19910720_0030_hong 17 14 3 4 0 655.51 2054.98 180.63 492.62 474.88 1562.36
ynao_sd_19910721_0100_hong 29 12 17 6 0 1323.72 3087.57 355.75 1017.78 967.97 2069.79
ynao_sd_19910722_0340_hong 41 28 13 13 0 2186.05 3748.8 472.88 822.87 1713.17 2925.93
ynao_sd_19910723_0210_hong 76 51 25 9 0 2758.88 3707.11 796.7 1089.76 1962.18 2617.35
ynao_sd_19910724_0100_hong 79 54 25 6 0 4393.18 5220.05 905.23 1081.11 3487.95 4138.94
ynao_sd_19910725_0040_hong 70 42 28 10 1 3947.56 4222.08 978.67 1046.25 2968.89 3175.83
ynao_sd_19910726_0030_hong 78 51 27 5 0 4582.21 4725.82 943.41 1023.67 3638.8 3702.15
ynao_sd_19910727_0110_hong 81 49 32 9 0 4150.59 4312.66 911.93 990.4 3238.66 3322.26
ynao_sd_19910728_0200_hong 87 65 22 8 1 3343.1 3656.4 944.01 1039.1 2399.09 2617.3
ynao_sd_19910729_0100_wang 87 61 26 8 0 2683.22 3370.72 678.8 843.97 2004.42 2526.75
ynao_sd_19910730_0800_wang 92 68 24 11 0 2180.86 3511.18 582.3 929.92 1598.56 2581.26
ynao_sd_19910803_0630_wang 36 16 20 2 0 2492.08 2600.85 415.92 437.8 2076.16 2163.05
ynao_sd_19910804_0510_wang 45 23 22 6 0 2397.43 2670.03 467.5 530.71 1929.93 2139.32
ynao_sd_19910805_0130_li 50 31 19 5 0 1961.66 2278.35 362.0 427.35 1599.66 1851.0
ynao_sd_19910806_0150_li 44 23 21 4 0 1850.41 2401.21 356.38 455.6 1494.03 1945.61
ynao_sd_19910807_0250_li 33 22 11 6 0 1341.83 2145.18 294.93 485.46 1046.9 1659.72
ynao_sd_19910809_0430_li 39 28 11 5 0 914.88 1941.29 274.17 523.7 640.71 1417.59
ynao_sd_19910810_0640_li 18 17 1 1 0 131.53 254.99 105.84 226.18 25.69 28.81
ynao_sd_19910811_0450_li 25 22 3 1 0 130.21 170.99 123.04 161.16 7.17 9.83
ynao_sd_19910812_0405_hong 28 27 1 1 0 246.94 434.22 194.1 242.67 52.84 191.55
ynao_sd_19910813_0210_hong 39 38 1 1 0 311.62 453.44 232.21 276.98 79.41 176.46
ynao_sd_19910815_0940_hong 3 0 3 2 0 199.22 563.35 25.93 68.24 173.29 495.11
ynao_sd_19910816_0040_hong 12 8 4 2 0 367.67 896.51 92.71 236.88 274.96 659.63
ynao_sd_19910817_0040_hong 16 8 8 6 0 703.6 1817.08 149.79 357.57 553.81 1459.51
ynao_sd_19910818_0110_li 33 24 9 5 0 984.35 1652.97 229.58 413.4 754.77 1239.57
ynao_sd_19910819_0040_wang 44 28 16 9 0 1705.74 2410.04 306.69 449.34 1399.05 1960.7
ynao_sd_19910820_0030_wang 61 41 20 11 0 2139.77 2593.99 416.46 513.71 1723.31 2080.28
ynao_sd_19910821_0130_wang 67 45 22 9 0 2110.48 2305.88 480.22 536.02 1630.26 1769.86
ynao_sd_19910822_0100_wang 80 60 20 14 0 2302.57 2465.74 557.47 614.19 1745.1 1851.55
ynao_sd_19910823_0340_wang 69 52 17 10 0 2888.45 4216.18 462.69 501.48 2425.76 3714.7
ynao_sd_19910824_0110_wang 83 68 15 10 0 1915.04 2658.57 595.65 780.92 1319.39 1877.65
ynao_sd_19910825_0400_wang 51 37 14 9 0 1919.1 3622.28 401.68 594.91 1517.42 3027.37
ynao_sd_19910826_0800_li 35 18 17 8 0 1460.45 2356.33 228.87 338.6 1231.58 2017.73
ynao_sd_19910827_0620_li 38 13 25 8 0 1801.04 2766.13 282.14 427.79 1518.9 2338.34
ynao_sd_19910828_0035_li 46 23 23 10 0 1543.94 2291.62 291.64 409.84 1252.3 1881.78
ynao_sd_19910829_0740_li 64 49 15 8 0 1210.83 1463.3 412.02 473.72 798.81 989.58
ynao_sd_19910830_0250_li 68 55 13 9 0 1437.4 1539.13 437.21 465.3 1000.19 1073.83
ynao_sd_19910831_0220_li 70 58 12 5 0 1222.54 1299.98 412.44 429.62 810.1 870.36
ynao_sd_19910901_0240_li 47 41 6 5 0 911.87 1019.53 283.13 310.89 628.74 708.64
ynao_sd_19910902_0620_hong 52 46 6 3 0 885.04 1127.22 347.91 416.47 537.13 710.75
ynao_sd_19910903_0720_hong 49 46 3 3 0 742.41 973.17 326.38 438.32 416.03 534.85
ynao_sd_19910904_0520_hong 38 30 8 4 0 680.32 1075.41 239.39 375.95 440.93 699.46
ynao_sd_19910905_0340_hong 27 16 11 5 0 657.57 1379.09 176.18 373.82 481.39 1005.27
ynao_sd_19910907_0340_hong 2 2 0 0 0 14.03 18.37 14.03 18.37 0 0
ynao_sd_19910908_0320_hong 17 17 0 0 0 121.74 137.56 121.74 137.56 0 0
ynao_sd_19910909_0400_li 38 35 3 4 0 330.16 349.44 204.15 219.26 126.01 130.18
ynao_sd_19910910_0350_li 36 27 9 3 0 611.16 614.27 199.56 208.91 411.6 405.36
ynao_sd_19910911_0150_li 29 21 8 3 0 572.75 586.66 160.9 166.6 411.85 420.06
ynao_sd_19910915_0420_wang 17 9 8 5 0 627.05 978.91 121.16 193.81 505.89 785.1
ynao_sd_19910916_0610_wang 35 28 7 3 0 704.52 890.2 204.97 305.03 499.55 585.17
ynao_sd_19910917_0330_wang 39 30 9 4 0 740.69 793.97 242.76 263.37 497.93 530.6
ynao_sd_19910918_0800_wang 53 37 16 2 0 1253.85 1286.33 356.27 380.54 897.58 905.79
ynao_sd_19910919_0710_wang 46 37 9 5 0 918.01 956.57 312.56 337.33 605.45 619.24
ynao_sd_19910921_0630_wang 22 17 5 4 0 594.62 750.69 146.49 189.63 448.13 561.06
ynao_sd_19910922_0650_wang 33 26 7 5 0 598.92 983.36 199.96 378.28 398.96 605.08
ynao_sd_19910923_0900_wang 38 35 3 2 0 371.58 718.95 196.71 300.23 174.87 418.72
ynao_sd_19910924_0700_wang 18 15 3 2 0 238.34 652.36 138.33 350.13 100.01 302.23
ynao_sd_19910925_0500_wang 32 29 3 2 0 334.69 400.58 191.26 218.17 143.43 182.41
ynao_sd_19910926_0445_wang 35 29 6 3 0 360.8 489.0 160.07 207.64 200.73 281.36
ynao_sd_19910929_0110_hong 20 19 1 1 0 152.84 283.28 127.25 238.02 25.59 45.26
ynao_sd_19910930_0550_hong 17 8 9 2 0 500.92 678.68 125.12 169.75 375.8 508.93
ynao_sd_19911001_0320_wang 26 14 12 3 0 771.99 938.2 162.73 213.18 609.26 725.02
ynao_sd_19911002_0210_li 34 23 11 2 0 970.39 1062.68 224.92 261.7 745.47 800.98
ynao_sd_19911003_0110_hong 33 21 12 3 0 1269.32 1338.99 291.51 321.37 977.81 1017.62
ynao_sd_19911005_0300_hong 32 19 13 9 0 1427.7 1507.79 302.93 317.08 1124.77 1190.71
ynao_sd_19911008_0730_li 40 35 5 3 0 594.21 919.71 241.93 326.56 352.28 593.15
ynao_sd_19911009_0100_li 58 54 4 3 0 618.67 1129.63 365.74 627.32 252.93 502.31
ynao_sd_19911010_0320_li 41 35 6 3 0 475.02 911.68 273.74 531.33 201.28 380.35
ynao_sd_19911011_0510_li 30 27 3 3 0 355.21 657.35 171.83 247.24 183.38 410.11
ynao_sd_19911012_0220_li 24 21 3 3 0 301.5 480.99 155.17 231.37 146.33 249.62
ynao_sd_19911013_0115_li 24 20 4 3 0 402.87 503.06 150.57 174.01 252.3 329.05
ynao_sd_19911014_0030_wang 34 30 4 4 0 681.56 990.57 210.47 283.85 471.09 706.72
ynao_sd_19911015_0040_wang 46 44 2 2 0 564.76 750.89 295.76 476.21 269.0 274.68
ynao_sd_19911016_0100_wang 44 41 3 5 0 573.95 759.44 232.79 330.07 341.16 429.37
ynao_sd_19911018_0140_wang 43 38 5 6 0 762.62 969.96 252.16 303.35 510.46 666.61
ynao_sd_19911019_0140_wang 58 52 6 6 0 585.13 794.93 329.78 405.16 255.35 389.77
ynao_sd_19911020_0400_wang 57 56 1 2 0 330.48 553.67 268.63 328.1 61.85 225.57
ynao_sd_19911021_0405_hong 32 32 0 0 0 188.49 234.05 188.49 234.05 0 0
ynao_sd_19911024_0130_hong 55 40 15 2 0 516.97 720.01 308.38 510.81 208.59 209.2
ynao_sd_19911025_0410_hong 43 36 7 5 0 970.97 1311.79 346.03 534.7 624.94 777.09
ynao_sd_19911026_0120_hong 34 19 15 8 0 1225.78 1661.71 326.87 456.36 898.91 1205.35
ynao_sd_19911027_0840_hong 71 57 14 8 0 1100.79 1439.2 465.68 599.71 635.11 839.49
ynao_sd_19911028_0210_li 60 48 12 8 0 896.1 1108.64 371.91 451.65 524.19 656.99
ynao_sd_19911029_0520_li 63 53 10 6 1 794.61 876.93 411.8 479.05 382.81 397.88
ynao_sd_19911030_0310_li 73 59 14 6 2 989.64 1030.54 373.24 399.96 616.4 630.58
ynao_sd_19911102_0410_li 49 38 11 7 0 772.14 981.42 279.79 343.39 492.35 638.03
ynao_sd_19911103_0310_li 31 24 7 6 0 447.75 723.31 150.89 229.39 296.86 493.92
ynao_sd_19911106_0100_wang 9 6 3 2 0 211.25 344.74 59.78 101.82 151.47 242.92
ynao_sd_19911107_0105_wang 24 23 1 1 0 298.48 394.53 140.52 199.48 157.96 195.05
ynao_sd_19911108_0100_wang 35 30 5 2 0 409.73 475.05 179.66 219.88 230.07 255.17
ynao_sd_19911109_0130_wang 37 26 11 4 0 1179.67 1329.54 231.32 257.72 948.35 1071.82
ynao_sd_19911110_0220_wang 59 41 18 6 0 1441.04 1546.53 301.34 328.25 1139.7 1218.28
ynao_sd_19911111_0130_hong 77 52 25 13 0 1155.43 1224.3 498.78 529.78 656.65 694.52
ynao_sd_19911112_0140_hong 87 60 27 10 1 1859.28 1950.79 618.6 652.44 1240.68 1298.35
ynao_sd_19911113_0105_hong 60 46 14 9 0 1428.24 1506.61 457.75 499.98 970.49 1006.63
ynao_sd_19911115_0510_hong 45 38 7 6 0 979.44 1379.37 356.22 529.13 623.22 850.24
ynao_sd_19911116_0200_hong 32 26 6 5 0 672.37 1214.89 262.17 463.42 410.2 751.47
ynao_sd_19911117_0520_hong 19 18 1 2 0 368.05 824.02 167.28 379.6 200.77 444.42
ynao_sd_19911118_0300_li 8 7 1 1 0 113.09 324.86 51.88 108.99 61.21 215.87
ynao_sd_19911119_0125_li 6 6 0 0 0 39.63 42.55 39.63 42.55 0 0
ynao_sd_19911120_0320_li 13 12 1 0 0 70.67 120.26 75.83 125.55 5.16 5.29
ynao_sd_19911121_0125_li 8 8 0 0 0 60.36 123.51 60.36 123.51 0 0
ynao_sd_19911122_0110_li 9 7 2 1 0 103.8 161.33 67.51 93.63 36.29 67.7
ynao_sd_19911123_0220_li 4 2 2 1 0 59.83 77.53 27.62 32.93 32.21 44.6
ynao_sd_19911124_0055_li 3 3 0 1 0 66.4 92.09 37.84 58.26 28.56 33.83
ynao_sd_19911125_0705_wang 2 2 0 0 0 24.64 26.25 24.64 26.25 0 0
ynao_sd_19911127_0500_wang 9 9 0 0 0 47.53 49.26 47.53 49.26 0 0
ynao_sd_19911128_0300_wang 27 21 6 3 0 468.17 564.12 233.0 315.83 235.17 248.29
ynao_sd_19911129_0105_wang 27 24 3 2 0 361.67 412.81 178.71 200.97 182.96 211.84
ynao_sd_19911130_0130_wang 18 15 3 2 0 235.4 333.54 98.25 145.37 137.15 188.17
ynao_sd_19911201_0200_wang 9 6 3 2 0 158.76 411.26 52.28 104.92 106.48 306.34
ynao_sd_19911202_0130_hong 12 9 3 2 0 192.63 415.74 72.88 158.91 119.75 256.83
ynao_sd_19911203_0530_hong 22 11 11 8 0 589.54 1999.71 146.3 470.08 443.24 1529.63
ynao_sd_19911204_0140_hong 26 14 12 10 0 919.23 1997.36 194.02 398.02 725.21 1599.34
ynao_sd_19911205_0105_hong 45 27 18 8 1 1453.37 2336.57 308.9 478.64 1144.47 1857.93
ynao_sd_19911206_0130_hong 52 27 25 9 1 1836.02 2416.41 359.85 452.26 1476.17 1964.15
ynao_sd_19911207_0120_hong 74 49 25 13 0 1857.52 2552.58 482.3 755.79 1375.22 1796.79
ynao_sd_19911208_0130_hong 84 49 35 13 0 2575.4 3653.11 551.76 733.31 2023.64 2919.8
ynao_sd_19911209_0820_li 96 61 35 7 0 2108.88 2762.0 513.74 635.05 1595.14 2126.95
ynao_sd_19911210_0500_li 102 75 27 6 1 2263.34 2695.41 576.42 668.52 1686.92 2026.89
ynao_sd_19911212_0210_li 63 36 27 6 0 2355.62 2507.73 401.49 440.18 1954.13 2067.55
ynao_sd_19911213_0200_li 76 50 26 5 0 2255.46 2368.66 465.35 517.43 1790.11 1851.23
ynao_sd_19911214_0135_li 74 41 33 12 0 2174.56 2433.02 484.52 571.39 1690.04 1861.63
ynao_sd_19911215_0115_li 57 26 31 11 0 2340.54 2739.78 457.69 577.52 1882.85 2162.26
ynao_sd_19911216_0120_wang 53 20 33 5 0 2367.89 3152.79 413.28 548.19 1954.61 2604.6
ynao_sd_19911217_0300_wang 37 19 18 5 0 1740.06 3048.79 275.07 471.52 1464.99 2577.27
ynao_sd_19911218_0310_wang 29 18 11 2 0 853.72 2120.08 186.51 434.88 667.21 1685.2
ynao_sd_19911219_0510_wang 8 5 3 1 0 245.48 893.26 53.42 169.08 192.06 724.18
ynao_sd_19911220_0350_wang 2 2 0 0 0 7.83 9.12 7.83 9.12 0 0
ynao_sd_19911221_0350_wang 3 3 0 0 0 26.87 81.12 26.87 81.12 0 0
ynao_sd_19911222_0205_wang 0 0 0 0 0 0 0 0 0 0 0
ynao_sd_19911223_0410_hong 6 6 0 0 0 35.13 35.61 35.13 35.61 0 0
ynao_sd_19911224_0120_hong 0 0 0 0 0 0 0 0 0 0 0
ynao_sd_19911225_0120_hong 0 0 0 0 0 0 0 0 0 0 0
ynao_sd_19911226_0810_hong 0 0 0 0 0 0 0 0 0 0 0
ynao_sd_19911227_0545_hong 2 2 0 0 0 12.28 22.66 12.28 22.66 0 0
ynao_sd_19911229_0840_hong 1 1 0 0 0 3.53 3.94 3.53 3.94 0 0
ynao_sd_19911230_0130_li 0 0 0 0 0 0 0 0 0 0 0
ynao_sd_19911231_0320_li 1 1 0 0 0 4.14 9.41 4.14 9.41 0 0
