ynao_sd_19920101_0115_li 0 0 0 0 0 0 0 0 0 0 0
ynao_sd_19920102_0500_li 1 1 0 0 0 29.57 196.93 29.57 196.93 0 0
ynao_sd_19920103_0055_li 4 3 1 1 0 221.68 762.26 44.15 106.81 177.53 655.45
ynao_sd_19920104_0230_li 8 5 3 2 0 682.14 1543.62 117.11 275.07 565.03 1268.55
ynao_sd_19920105_0140_li 6 3 3 2 0 938.68 1468.22 146.27 242.64 792.41 1225.58
ynao_sd_19920106_0800_wang 24 15 9 4 0 2396.16 3123.46 323.2 403.65 2072.96 2719.81
ynao_sd_19920109_0800_wang 39 30 9 7 0 2171.46 2920.79 409.68 562.99 1761.78 2357.8
ynao_sd_19920110_0510_wang 36 18 18 6 0 2073.24 2388.83 404.61 599.26 1668.63 1789.57
ynao_sd_19920111_0200_wang 26 18 8 6 0 1479.71 1698.24 270.53 311.23 1209.18 1387.01
ynao_sd_19920112_0210_wang 25 18 7 5 0 1118.92 1471.17 253.83 331.82 865.09 1139.35
ynao_sd_19920114_0350_hong 11 4 7 5 0 1759.15 5552.48 112.09 274.52 1647.06 5277.96
ynao_sd_19920115_0850_hong 7 4 3 2 0 225.65 455.61 74.53 163.95 151.12 291.66
ynao_sd_19920117_0405_hong 11 10 1 1 0 167.41 196.67 105.71 127.6 61.7 69.07
ynao_sd_19920118_0130_hong 9 9 0 0 0 51.24 63.29 51.24 63.29 0 0
ynao_sd_19920119_0440_hong 18 17 1 1 0 242.74 663.9 143.47 343.99 99.27 319.91
ynao_sd_19920122_0400_li 37 28 9 4 0 863.36 1004.02 266.81 308.44 596.55 695.58
ynao_sd_19920124_0750_li 13 10 3 1 0 675.23 743.93 164.8 238.18 510.43 505.75
ynao_sd_19920125_0310_wang 15 7 8 3 0 814.09 1325.71 121.34 230.02 692.75 1095.69
ynao_sd_19920126_0115_li 26 18 8 4 0 768.11 1281.89 237.64 377.19 530.47 904.7
ynao_sd_19920127_0130_wang 21 15 6 3 0 1232.19 1885.58 301.15 585.76 931.04 1299.82
ynao_sd_19920128_0130_wang 31 25 6 6 0 3900.75 7880.56 327.37 421.79 3573.38 7458.77
ynao_sd_19920129_0130_wang 29 18 11 7 0 1432.89 1807.78 337.96 388.56 1094.93 1419.22
ynao_sd_19920130_0140_wang 28 15 13 7 0 2524.72 5574.92 331.07 435.07 2193.65 5139.85
ynao_sd_19920131_0250_wang 37 26 11 7 0 1551.9 1822.89 364.24 425.27 1187.66 1397.62
ynao_sd_19920201_0130_wang 43 29 14 7 0 1843.91 2254.07 391.39 490.89 1452.52 1763.18
ynao_sd_19920202_0550_wang 32 23 9 5 1 1411.32 1895.0 394.94 618.28 1016.38 1276.72
ynao_sd_19920203_0140_wang 22 9 13 9 0 2012.06 2730.45 190.92 302.68 1821.14 2427.77
ynao_sd_19920204_0300_wang 17 7 10 4 0 2406.58 3076.98 185.1 337.95 2221.48 2739.03
ynao_sd_19920205_0130_li 15 8 7 2 0 583.57 1221.49 152.82 329.79 430.75 891.7
ynao_sd_19920206_0250_li 6 4 2 2 0 196.24 619.51 75.26 272.94 120.98 346.57
ynao_sd_19920207_0240_hong 23 13 10 6 0 626.56 1606.51 142.4 309.4 484.16 1297.11
ynao_sd_19920208_0550_hong 28 14 14 6 1 942.95 1499.27 252.5 440.88 690.45 1058.39
ynao_sd_19920209_0140_hong 48 27 21 10 0 1269.26 1897.38 383.81 584.37 885.45 1313.01
ynao_sd_19920210_0130_hong 64 32 32 13 0 2219.01 2781.97 519.26 667.39 1699.75 2114.58
ynao_sd_19920211_0200_hong 75 42 33 13 0 2609.34 3090.8 607.8 737.95 2001.54 2352.85
ynao_sd_19920212_0130_hong 65 45 20 8 0 2197.72 2664.25 604.9 724.94 1592.82 1939.31
ynao_sd_19920213_0200_hong 64 47 17 7 0 1881.77 2460.86 567.19 730.14 1314.58 1730.72
ynao_sd_19920214_0300_hong 48 39 9 9 0 1325.89 1765.27 450.19 642.04 875.7 1123.23
ynao_sd_19920215_0230_hong 24 17 7 8 0 819.84 1098.77 273.72 358.17 546.12 740.6
ynao_sd_19920216_0240_hong 35 27 8 5 0 831.1 1386.66 375.1 559.83 456.0 826.83
ynao_sd_19920217_0120_li 20 18 2 2 0 289.81 591.68 166.56 291.16 123.25 300.52
ynao_sd_19920218_0050_li 12 10 2 3 0 210.39 359.04 77.52 159.92 132.87 199.12
ynao_sd_19920219_0115_li 13 8 5 3 0 262.97 844.69 85.11 259.2 177.86 585.49
ynao_sd_19920220_0505_li 19 12 7 3 0 643.86 1467.82 170.11 428.63 473.75 1039.19
ynao_sd_19920221_0055_li 34 29 5 4 0 1131.78 2366.05 238.85 401.18 892.93 1964.87
ynao_sd_19920222_0840_li 40 29 11 3 0 1869.82 2803.49 334.19 465.87 1535.63 2337.62
ynao_sd_19920225_0210_wang 71 44 27 13 0 3860.38 4610.74 658.29 833.17 3202.09 3777.57
ynao_sd_19920227_0140_wang 107 75 32 6 1 3893.06 4387.13 839.3 940.24 3053.76 3446.89
ynao_sd_19920228_0140_wang 78 49 29 11 0 3316.49 3885.89 614.65 710.71 2701.84 3175.18
ynao_sd_19920229_0110_wang 50 31 19 7 0 2404.57 3178.5 434.61 543.34 1969.96 2635.16
ynao_sd_19920301_0130_wang 41 26 15 4 0 1667.3 2651.58 377.73 639.93 1289.57 2011.65
ynao_sd_19920302_0120_li 41 37 4 5 0 1818.1 5238.06 305.57 522.26 1512.53 4715.8
ynao_sd_19920303_0125_li 8 3 5 4 0 2389.04 5070.11 71.19 112.15 2317.85 4957.96
ynao_sd_19920304_0055_li 7 3 4 3 1 1413.97 3207.71 105.08 331.47 1308.89 2876.24
ynao_sd_19920305_0540_li 5 3 2 2 0 152.51 329.53 63.21 153.72 89.3 175.81
ynao_sd_19920306_0140_li 9 8 1 1 0 95.21 141.27 71.42 113.1 23.79 28.17
ynao_sd_19920307_0050_li 9 7 2 2 0 166.0 236.71 80.61 131.98 85.39 104.73
ynao_sd_19920308_0120_li 5 3 2 2 0 148.04 214.38 62.01 115.85 86.03 98.53
ynao_sd_19920309_0120_hong 14 12 2 2 0 261.05 333.5 110.44 126.49 150.61 207.01
ynao_sd_19920310_0105_hong 22 19 3 2 0 308.42 362.56 160.99 182.93 147.43 179.63
ynao_sd_19920311_0100_hong 11 9 2 2 0 248.17 310.45 93.51 131.12 154.66 179.33
ynao_sd_19920312_0105_hong 5 4 1 1 0 187.7 238.81 50.61 89.63 137.09 149.18
ynao_sd_19920313_0100_hong 10 7 3 2 0 1700.25 2896.0 85.06 114.94 1615.19 2781.06
ynao_sd_19920314_0110_hong 10 7 3 1 0 194.62 238.37 83.38 116.14 111.24 122.23
ynao_sd_19920315_0130_hong 7 6 1 1 0 114.56 140.31 51.17 64.34 63.39 75.97
ynao_sd_19920316_0110_wang 3 3 0 0 0 40.46 52.88 40.46 52.88 0 0
ynao_sd_19920317_0120_wang 2 1 1 1 0 133.78 480.97 30.8 79.74 102.98 401.23
ynao_sd_19920318_0100_wang 3 1 2 1 0 192.39 414.91 35.91 86.36 156.48 328.55
ynao_sd_19920320_0100_wang 22 15 7 3 0 866.22 1315.3 169.74 331.67 696.48 983.63
ynao_sd_19920321_0050_wang 29 16 13 4 0 1038.99 1278.01 199.45 276.09 839.54 1001.92
ynao_sd_19920322_0210_wang 25 15 10 3 0 1066.23 1157.63 195.36 226.81 870.87 930.82
ynao_sd_19920323_0130_hong 41 31 10 4 0 915.11 1043.88 305.86 418.88 609.25 625.0
ynao_sd_19920324_0130_hong 50 43 7 6 0 736.8 991.6 332.21 451.49 404.59 540.11
ynao_sd_19920325_0120_hong 49 38 11 8 0 1241.11 1884.36 428.9 591.1 812.21 1293.26
ynao_sd_19920326_0120_hong 46 35 11 9 0 1621.73 2157.05 464.47 598.38 1157.26 1558.67
ynao_sd_19920327_0100_hong 47 31 16 7 0 2078.97 2449.1 486.22 583.04 1592.75 1866.06
ynao_sd_19920328_0150_hong 56 37 19 6 1 2238.58 2452.17 554.05 658.58 1684.53 1793.59
ynao_sd_19920329_0520_hong 55 38 17 6 1 2815.57 2895.68 788.53 814.9 2027.04 2080.78
ynao_sd_19920330_0120_wang 40 17 23 2 0 3142.54 3304.2 440.44 465.31 2702.1 2838.89
ynao_sd_19920331_0120_wang 41 17 24 5 0 2695.26 3058.14 463.65 530.38 2231.61 2527.76
ynao_sd_19920401_0110_wang 25 10 15 2 0 2238.65 2887.25 275.57 358.49 1963.08 2528.76
ynao_sd_19920402_0120_wang 20 8 12 4 0 1793.54 2991.71 408.93 723.43 1384.61 2268.28
ynao_sd_19920403_0105_wang 24 15 9 3 0 1010.36 2320.02 222.73 462.14 787.63 1857.88
ynao_sd_19920404_0100_wang 16 5 11 4 0 802.17 1360.4 164.83 339.86 637.34 1020.54
ynao_sd_19920405_0130_wang 12 4 8 2 0 746.11 1259.79 112.07 283.17 634.04 976.62
ynao_sd_19920406_0105_hong 9 4 5 2 0 515.48 1077.49 103.21 212.08 412.27 865.41
ynao_sd_19920407_0100_hong 4 2 2 2 0 166.9 546.58 47.32 136.6 119.58 409.98
ynao_sd_19920408_0110_hong 0 0 0 0 0 0 0 0 0 0 0
ynao_sd_19920409_0105_hong 0 0 0 0 0 0 0 0 0 0 0
ynao_sd_19920410_0100_hong 0 0 0 0 0 0 0 0 0 0 0
ynao_sd_19920411_0540_hong 2 2 0 0 0 20.72 27.06 20.72 27.06 0 0
ynao_sd_19920412_0130_hong 3 3 0 0 0 28.72 49.81 28.72 49.81 0 0
ynao_sd_19920413_0355_li 7 6 1 1 0 104.13 143.68 78.87 109.77 25.26 33.91
ynao_sd_19920416_0445_li 9 7 2 1 0 209.75 235.97 74.28 97.35 135.47 138.62
ynao_sd_19920417_0100_li 5 3 2 1 0 141.58 155.98 36.19 45.04 105.39 110.94
ynao_sd_19920418_0050_li 8 6 2 1 0 142.45 172.48 60.06 78.54 82.39 93.94
ynao_sd_19920419_0045_li 14 12 2 2 0 267.07 761.0 89.32 236.78 177.75 524.22
ynao_sd_19920420_0100_li 11 6 5 2 0 475.29 1020.8 66.81 131.02 408.48 889.78
ynao_sd_19920421_0120_wang 15 8 7 3 0 659.99 1071.74 102.23 154.87 557.76 916.87
ynao_sd_19920422_0105_wang 14 6 8 1 0 563.62 719.05 90.05 114.21 473.57 604.84
ynao_sd_19920423_0110_wang 20 14 6 2 0 450.79 508.35 114.8 132.22 335.99 376.13
ynao_sd_19920424_0120_wang 31 24 7 2 0 614.96 721.31 225.4 313.78 389.56 407.53
ynao_sd_19920425_0135_li 28 24 4 1 0 428.97 546.26 196.04 305.96 232.93 240.3
ynao_sd_19920426_0055_li 21 19 2 2 0 336.87 390.17 174.02 215.33 162.85 174.84
ynao_sd_19920427_0050_hong 44 39 5 6 0 432.12 482.66 245.68 278.93 186.44 203.73
ynao_sd_19920428_0010_hong 39 37 2 1 0 352.34 412.64 243.29 296.92 109.05 115.72
ynao_sd_19920429_0050_hong 28 27 1 1 0 228.79 333.52 185.75 284.59 43.04 48.93
ynao_sd_19920430_0105_hong 13 13 0 0 0 94.6 134.93 94.6 134.93 0 0
ynao_sd_19920501_0110_hong 19 19 0 0 0 130.98 184.59 130.98 184.59 0 0
ynao_sd_19920502_0100_hong 16 14 2 1 0 163.06 226.83 137.27 193.39 25.79 33.44
ynao_sd_19920503_0110_hong 17 14 3 2 0 220.81 292.78 137.59 199.3 83.22 93.48
ynao_sd_19920504_0105_li 7 6 1 1 0 96.27 102.21 50.26 53.43 46.01 48.78
ynao_sd_19920505_0045_li 4 4 0 0 0 39.58 41.63 39.58 41.63 0 0
ynao_sd_19920506_0100_li 5 5 0 0 0 28.42 30.92 28.42 30.92 0 0
ynao_sd_19920507_0050_li 5 5 0 0 0 33.11 39.31 33.11 39.31 0 0
ynao_sd_19920508_0035_li 0 0 0 0 0 0 0 0 0 0 0
ynao_sd_19920509_0030_li 11 11 0 0 0 95.69 99.27 95.69 99.27 0 0
ynao_sd_19920510_0040_li 8 5 3 1 0 122.58 140.07 55.14 61.8 67.44 78.27
ynao_sd_19920511_0110_wang 12 8 4 2 0 292.37 393.91 77.45 102.41 214.92 291.5
ynao_sd_19920512_0145_wang 1 0 1 1 0 127.22 234.15 18.19 33.57 109.03 200.58
ynao_sd_19920513_0105_wang 3 2 1 1 0 69.68 186.74 18.88 45.15 50.8 141.59
ynao_sd_19920514_0100_wang 2 2 0 0 0 19.13 94.44 19.13 94.44 0 0
ynao_sd_19920515_0100_wang 1 1 0 0 0 5.85 32.63 5.85 32.63 0 0
ynao_sd_19920516_0210_wang 1 1 0 0 0 9.08 9.46 9.08 9.46 0 0
ynao_sd_19920517_0830_wang 0 0 0 0 0 0 0 0 0 0 0
ynao_sd_19920518_0610_hong 6 6 0 0 0 40.29 96.16 40.29 96.16 0 0
ynao_sd_19920519_0730_hong 16 13 3 3 0 388.32 627.4 149.0 244.24 239.32 383.16
ynao_sd_19920521_0550_hong 29 18 11 7 0 1677.43 2079.09 386.95 475.58 1290.48 1603.51
ynao_sd_19920522_0100_hong 34 25 9 5 1 1737.95 1945.21 399.16 458.93 1338.79 1486.28
ynao_sd_19920523_0140_hong 44 33 11 7 0 1885.59 2058.96 528.22 585.95 1357.37 1473.01
ynao_sd_19920524_0415_hong 38 28 10 5 0 1753.52 1960.77 441.22 494.1 1312.3 1466.67
ynao_sd_19920525_0115_li 28 17 11 4 0 1554.42 1874.45 256.12 304.33 1298.3 1570.12
ynao_sd_19920526_0310_li 20 12 8 2 0 1144.4 1591.27 229.07 331.38 915.33 1259.89
ynao_sd_19920527_0150_li 18 13 5 3 0 968.43 1665.76 222.13 390.58 746.3 1275.18
ynao_sd_19920528_0115_li 12 10 2 1 0 393.38 903.51 167.45 352.73 225.93 550.78
ynao_sd_19920529_0030_li 10 8 2 1 0 222.78 768.99 89.11 225.46 133.67 543.53
ynao_sd_19920530_0005_li 2 2 0 0 0 24.14 26.37 24.14 26.37 0 0
ynao_sd_19920531_0003_li 8 7 1 0 0 45.52 51.21 52.35 58.86 6.83 7.65
ynao_sd_19920601_0105_wang 5 5 0 0 0 41.35 43.53 41.35 43.53 0 0
ynao_sd_19920602_0020_wang 11 7 4 3 0 266.58 816.44 86.87 332.09 179.71 484.35
ynao_sd_19920603_0100_wang 23 16 7 4 1 539.55 1171.54 215.99 434.08 323.56 737.46
ynao_sd_19920604_0740_wang 19 9 10 5 0 1891.21 3427.42 126.31 217.88 1764.9 3209.54
ynao_sd_19920605_0140_wang 29 19 10 6 0 666.69 970.17 189.04 293.22 477.65 676.95
ynao_sd_19920606_0150_wang 30 24 6 7 1 948.09 1228.4 288.48 384.48 659.61 843.92
ynao_sd_19920608_0120_hong 55 41 14 8 0 1082.48 1165.85 386.04 412.58 696.44 753.27
ynao_sd_19920609_0130_hong 43 34 9 6 0 903.75 948.09 314.03 331.45 589.72 616.64
ynao_sd_19920610_0100_hong 59 50 9 7 0 980.29 1041.36 444.86 471.57 535.43 569.79
ynao_sd_19920611_0110_hong 62 54 8 5 0 875.55 995.18 413.53 462.78 462.02 532.4
ynao_sd_19920612_0105_hong 34 24 10 7 0 519.17 682.02 212.14 279.1 307.03 402.92
ynao_sd_19920613_0110_hong 25 19 6 5 1 1729.77 4011.06 174.09 282.98 1555.68 3728.08
ynao_sd_19920614_0030_li 9 5 4 3 0 212.14 545.93 66.42 174.07 145.72 371.86
ynao_sd_19920615_0115_li 8 6 2 3 0 1945.43 6074.18 83.64 195.51 1861.79 5878.67
ynao_sd_19920616_0450_li 9 8 1 1 0 337.32 578.16 101.26 202.6 236.06 375.56
ynao_sd_19920618_0050_li 6 4 2 1 0 318.91 377.0 59.97 70.39 258.94 306.61
ynao_sd_19920619_0200_li 9 7 2 2 0 465.1 521.92 101.39 119.79 363.71 402.13
ynao_sd_19920620_0615_li 11 10 1 1 0 388.15 421.64 108.52 117.84 279.63 303.8
ynao_sd_19920621_0100_li 10 8 2 1 0 376.46 415.32 74.5 79.94 301.96 335.38
ynao_sd_19920622_0325_wang 35 25 10 3 0 963.2 1185.03 317.55 442.83 645.65 742.2
ynao_sd_19920623_0135_wang 31 6 25 2 0 1785.46 2266.49 320.58 444.46 1464.88 1822.03
ynao_sd_19920624_0130_wang 30 5 25 2 0 1923.5 2918.12 298.52 456.25 1624.98 2461.87
ynao_sd_19920625_0115_wang 23 6 17 2 1 1832.95 3721.77 261.87 503.85 1571.08 3217.92
ynao_sd_19920626_0130_wang 17 10 7 1 1 1094.55 3482.01 220.74 647.93 873.81 2834.08
ynao_sd_19920628_0305_wang 16 16 0 0 0 95.79 97.75 95.79 97.75 0 0
ynao_sd_19920629_0035_li 24 22 2 1 0 302.13 945.33 146.32 293.76 155.81 651.57
ynao_sd_19920630_0610_li 24 14 10 3 0 935.61 2237.26 222.31 476.39 713.3 1760.87
ynao_sd_19920701_0725_li 38 32 6 4 0 1424.48 2302.79 353.03 523.02 1071.45 1779.77
ynao_sd_19920702_0200_li 49 37 12 4 0 1619.38 2211.94 430.91 552.9 1188.47 1659.04
ynao_sd_19920703_0250_li 59 40 19 5 0 1689.59 1968.33 485.33 574.12 1204.26 1394.21
ynao_sd_19920704_0240_li 59 42 17 8 0 1735.81 1897.4 446.81 503.08 1289.0 1394.32
ynao_sd_19920705_0610_li 47 33 14 7 0 1831.51 1881.99 366.04 382.91 1465.47 1499.08
ynao_sd_19920707_0605_hong 56 37 19 6 0 1954.3 2202.98 452.24 507.79 1502.06 1695.19
ynao_sd_19920708_0110_hong 35 23 12 6 0 1553.77 1938.01 358.64 445.71 1195.13 1492.3
ynao_sd_19920711_0820_hong 5 3 2 1 0 274.63 921.24 77.88 329.71 196.75 591.53
ynao_sd_19920712_0840_hong 3 3 0 2 0 138.01 621.77 23.16 61.61 114.85 560.16
ynao_sd_19920714_0050_wang 16 14 2 2 0 200.24 282.21 121.3 170.78 78.94 111.43
ynao_sd_19920715_0320_wang 25 24 1 1 0 239.82 494.81 186.81 432.05 53.01 62.76
ynao_sd_19920716_0130_wang 35 31 4 3 0 396.66 665.37 260.23 365.78 136.43 299.59
ynao_sd_19920717_0140_wang 30 26 4 5 0 396.13 498.92 190.73 222.48 205.4 276.44
ynao_sd_19920718_0340_hong 21 16 5 4 0 340.26 409.13 134.9 154.84 205.36 254.29
ynao_sd_19920719_0330_hong 32 27 5 3 0 443.9 526.45 241.68 297.21 202.22 229.24
ynao_sd_19920720_0120_hong 30 21 9 4 0 439.01 508.25 184.42 217.63 254.59 290.62
ynao_sd_19920721_0540_hong 21 15 6 2 0 325.85 434.3 173.19 217.91 152.66 216.39
ynao_sd_19920723_0050_hong 35 30 5 2 0 327.04 465.3 201.57 293.03 125.47 172.27
ynao_sd_19920724_0140_hong 10 10 0 0 0 90.6 118.24 90.6 118.24 0 0
ynao_sd_19920725_0410_hong 9 9 0 0 0 62.69 96.78 62.69 96.78 0 0
ynao_sd_19920726_0420_hong 18 16 2 1 0 170.87 377.71 141.82 234.45 29.05 143.26
ynao_sd_19920727_0120_wang 9 5 4 3 0 253.83 749.14 79.4 201.8 174.43 547.34
ynao_sd_19920728_0145_wang 5 3 2 3 0 399.95 1114.19 114.57 416.14 285.38 698.05
ynao_sd_19920729_0130_wang 3 1 2 2 0 372.41 597.3 50.97 81.83 321.44 515.47
ynao_sd_19920730_0030_wang 15 10 5 2 0 512.31 698.01 115.15 181.34 397.16 516.67
ynao_sd_19920731_0130_wang 10 7 3 2 0 512.09 623.07 113.02 169.44 399.07 453.63
ynao_sd_19920801_0150_wang 17 13 4 2 0 551.92 588.08 138.12 154.81 413.8 433.27
ynao_sd_19920802_0405_wang 27 24 3 2 0 598.7 664.25 219.18 276.74 379.52 387.51
ynao_sd_19920803_0240_hong 46 34 12 4 0 1105.0 1211.8 325.02 379.07 779.98 832.73
ynao_sd_19920804_0210_hong 34 26 8 6 0 792.31 942.83 261.22 318.98 531.09 623.85
ynao_sd_19920805_0150_hong 30 23 7 7 0 638.23 857.48 213.13 285.63 425.1 571.85
ynao_sd_19920806_0200_hong 32 28 4 2 0 442.5 684.47 245.09 387.29 197.41 297.18
ynao_sd_19920807_0100_hong 13 10 3 2 0 209.37 466.71 97.38 210.74 111.99 255.97
ynao_sd_19920808_0130_wang 5 4 1 1 0 76.56 218.87 36.89 103.09 39.67 115.78
ynao_sd_19920809_0200_hong 0 0 0 0 0 0 0 0 0 0 0
ynao_sd_19920810_0105_hong 0 0 0 0 0 0 0 0 0 0 0
ynao_sd_19920811_0320_wang 0 0 0 0 0 0 0 0 0 0 0
ynao_sd_19920812_0130_wang 10 4 6 1 0 522.83 1780.99 161.2 575.05 361.63 1205.94
ynao_sd_19920813_0115_wang 9 7 2 3 0 1001.24 2104.76 183.05 388.0 818.19 1716.76
ynao_sd_19920814_0310_wang 25 22 3 3 0 1351.33 1986.35 301.59 442.4 1049.74 1543.95
ynao_sd_19920815_0150_wang 23 19 4 3 0 1534.9 1893.9 376.23 469.5 1158.67 1424.4
ynao_sd_19920816_0130_wang 63 56 7 2 0 2048.89 2306.48 601.52 724.96 1447.37 1581.52
ynao_sd_19920817_0100_li 82 77 5 4 0 2316.06 2515.46 820.2 963.72 1495.86 1551.74
ynao_sd_19920818_0150_li 85 73 12 4 0 2530.27 2691.01 772.71 873.76 1757.56 1817.25
ynao_sd_19920819_0130_li 47 33 14 4 0 2660.98 2864.54 562.35 666.95 2098.63 2197.59
ynao_sd_19920820_0310_li 49 30 19 5 0 2611.64 3015.13 495.88 595.09 2115.76 2420.04
ynao_sd_19920823_0330_li 24 11 13 3 0 1383.99 3278.62 276.23 637.22 1107.76 2641.4
ynao_sd_19920824_0540_hong 10 3 7 5 0 536.31 2253.54 107.72 398.41 428.59 1855.13
ynao_sd_19920825_0240_hong 4 4 0 0 0 35.41 56.25 35.41 56.25 0 0
ynao_sd_19920826_0205_hong 6 6 0 0 0 43.64 53.48 43.64 53.48 0 0
ynao_sd_19920827_0150_hong 17 17 0 0 0 117.91 135.3 117.91 135.3 0 0
ynao_sd_19920828_0120_hong 32 32 0 1 0 246.81 289.18 208.31 249.83 38.5 39.35
ynao_sd_19920829_0300_hong 23 22 1 2 0 226.54 334.04 176.79 256.08 49.75 77.96
ynao_sd_19920830_0920_hong 10 10 0 0 0 82.98 89.71 82.98 89.71 0 0
ynao_sd_19920831_0740_li 6 6 0 0 0 39.53 48.5 39.53 48.5 0 0
ynao_sd_19920901_0040_li 5 5 0 0 0 32.17 45.06 32.17 45.06 0 0
ynao_sd_19920902_0120_li 1 1 0 0 0 6.88 14.08 6.88 14.08 0 0
ynao_sd_19920903_0100_li 0 0 0 0 0 0 0 0 0 0 0
ynao_sd_19920904_0040_li 2 2 0 0 0 14.02 17.05 14.02 17.05 0 0
ynao_sd_19920905_0040_li 2 2 0 0 0 16.4 16.47 16.4 16.47 0 0
ynao_sd_19920906_1030_li 4 4 0 0 0 30.14 31.15 30.14 31.15 0 0
ynao_sd_19920907_0115_wang 3 3 0 0 0 17.45 18.87 17.45 18.87 0 0
ynao_sd_19920908_0235_wang 5 3 2 3 0 300.52 1117.1 34.42 105.37 266.1 1011.73
ynao_sd_19920909_0230_wang 19 16 3 2 0 406.85 877.03 111.29 207.09 295.56 669.94
ynao_sd_19920910_0310_wang 25 21 4 4 0 520.19 804.21 199.4 297.83 320.79 506.38
ynao_sd_19920911_0150_wang 36 28 8 4 0 531.24 679.18 200.47 251.08 330.77 428.1
ynao_sd_19920912_0230_wang 32 25 7 4 0 379.44 429.36 202.75 232.5 176.69 196.86
ynao_sd_19920913_0215_wang 49 43 6 5 0 549.99 583.53 308.26 333.43 241.73 250.1
ynao_sd_19920914_0140_hong 50 46 4 4 0 459.71 578.91 298.41 371.72 161.3 207.19
ynao_sd_19920915_0130_hong 49 47 2 2 0 368.88 550.87 291.45 418.98 77.43 131.89
ynao_sd_19920916_0110_hong 56 54 2 2 0 397.87 437.19 348.91 381.97 48.96 55.22
ynao_sd_19920917_0410_hong 42 28 14 5 0 969.16 1250.64 303.14 382.15 666.02 868.49
ynao_sd_19920918_0540_hong 29 22 7 2 0 798.18 1349.41 224.41 354.31 573.77 995.1
ynao_sd_19920919_0140_hong 17 10 7 2 0 508.92 1084.2 145.3 265.91 363.62 818.29
ynao_sd_19920920_0200_hong 13 9 4 2 0 271.06 884.11 104.82 227.43 166.24 656.68
ynao_sd_19920921_0100_li 2 2 0 0 0 18.9 19.03 18.9 19.03 0 0
ynao_sd_19920922_0330_li 7 7 0 0 0 50.66 53.08 50.66 53.08 0 0
ynao_sd_19920923_0120_li 15 15 0 0 0 82.25 116.62 82.25 116.62 0 0
ynao_sd_19920924_0250_li 8 8 0 0 0 46.14 68.87 46.14 68.87 0 0
ynao_sd_19920926_0630_li 1 1 0 0 0 12.18 14.31 12.18 14.31 0 0
ynao_sd_19920927_0210_li 8 7 1 1 0 155.89 352.7 56.87 126.14 99.02 226.56
ynao_sd_19920928_0905_li 5 2 3 2 0 363.63 544.9 62.83 93.98 300.8 450.92
ynao_sd_19920930_0420_li 18 13 5 2 0 526.59 655.21 146.53 237.36 380.06 417.85
ynao_sd_19921001_0300_wang 27 21 6 3 0 755.7 916.05 235.9 318.66 519.8 597.39
ynao_sd_19921002_0150_li 27 25 2 2 0 562.6 701.49 223.86 337.1 338.74 364.39
ynao_sd_19921003_0100_li 38 35 3 2 0 586.69 683.49 282.31 361.21 304.38 322.28
ynao_sd_19921004_0420_li 18 18 0 0 0 132.06 200.14 132.06 200.14 0 0
ynao_sd_19921005_0515_wang 44 34 10 8 0 1656.84 2023.58 271.93 324.49 1384.91 1699.09
ynao_sd_19921006_0140_wang 35 29 6 2 0 482.69 569.36 226.69 257.35 256.0 312.01
ynao_sd_19921007_0205_wang 34 30 4 2 0 524.48 590.14 261.26 320.3 263.22 269.84
ynao_sd_19921008_0240_wang 40 36 4 2 0 439.62 526.71 259.28 345.74 180.34 180.97
ynao_sd_19921009_0255_wang 28 20 8 4 0 463.63 657.79 176.68 234.67 286.95 423.12
ynao_sd_19921010_0040_wang 7 3 4 3 0 300.48 622.22 48.73 92.42 251.75 529.8
ynao_sd_19921011_0740_wang 3 2 1 1 0 78.89 182.43 31.34 117.41 47.55 65.02
ynao_sd_19921016_0110_hong 16 16 0 0 0 131.74 159.64 131.74 159.64 0 0
ynao_sd_19921017_0420_hong 22 21 1 1 0 229.35 463.78 162.66 227.76 66.69 236.02
ynao_sd_19921019_0110_hong 56 52 4 4 0 598.83 759.58 366.8 437.45 232.03 322.13
ynao_sd_19921020_0110_hong 44 24 20 6 0 1350.28 1458.26 382.46 411.73 967.82 1046.53
ynao_sd_19921026_0505_wang 16 11 5 3 0 919.07 2049.78 162.41 357.71 756.66 1692.07
ynao_sd_19921027_0540_li 10 6 4 4 0 1465.38 3044.66 123.74 327.76 1341.64 2716.9
ynao_sd_19921028_0115_li 4 2 2 2 0 132.08 274.65 39.37 86.0 92.71 188.65
ynao_sd_19921029_0150_li 5 5 0 0 0 59.81 179.64 59.81 179.64 0 0
ynao_sd_19921030_0115_li 5 5 0 0 0 46.99 53.65 46.99 53.65 0 0
ynao_sd_19921031_0210_li 1 1 0 0 0 7.89 8.16 7.89 8.16 0 0
ynao_sd_19921101_0520_li 10 10 0 0 0 69.26 70.77 69.26 70.77 0 0
ynao_sd_19921102_0520_li 0 0 0 0 0 0 0 0 0 0 0
ynao_sd_19921103_0210_li 7 7 0 0 0 36.25 41.66 36.25 41.66 0 0
ynao_sd_19921104_0520_wang 5 5 0 0 0 34.05 49.08 34.05 49.08 0 0
ynao_sd_19921105_0205_wang 2 2 0 0 0 16.33 20.15 16.33 20.15 0 0
ynao_sd_19921106_0110_wang 5 4 1 1 0 147.4 405.99 103.19 291.24 44.21 114.75
ynao_sd_19921107_0110_wang 12 10 2 2 0 313.47 551.48 111.58 204.38 201.89 347.1
ynao_sd_19921108_0140_wang 17 14 3 2 0 465.49 665.43 145.3 244.8 320.19 420.63
ynao_sd_19921109_0550_hong 15 12 3 3 0 563.08 619.31 175.29 194.49 387.79 424.82
ynao_sd_19921110_0130_hong 32 25 7 3 0 737.23 812.66 262.51 293.6 474.72 519.06
ynao_sd_19921111_0120_hong 23 17 6 4 0 785.36 1208.81 234.47 369.16 550.89 839.65
ynao_sd_19921112_0130_hong 34 28 6 5 0 618.7 948.46 228.37 285.74 390.33 662.72
ynao_sd_19921113_0120_hong 23 19 4 4 0 566.11 769.31 209.5 268.02 356.61 501.29
ynao_sd_19921114_0110_hong 12 9 3 4 0 449.97 592.93 103.44 144.17 346.53 448.76
ynao_sd_19921115_0210_hong 13 9 4 3 0 389.4 506.48 130.42 167.61 258.98 338.87
ynao_sd_19921116_0115_li 11 8 3 1 0 252.48 295.06 89.49 128.08 162.99 166.98
ynao_sd_19921117_0310_li 7 4 3 1 0 136.74 137.54 43.49 44.02 93.25 93.52
ynao_sd_19921118_0130_li 2 0 2 1 0 76.19 78.65 11.42 11.79 64.77 66.86
ynao_sd_19921119_0140_li 2 2 0 0 0 37.29 41.78 37.29 41.78 0 0
ynao_sd_19921121_0500_li 1 1 0 0 0 8.51 14.51 8.51 14.51 0 0
ynao_sd_19921122_0200_li 0 0 0 0 0 0 0 0 0 0 0
ynao_sd_19921123_0310_wang 3 1 2 1 0 268.98 872.93 45.01 148.89 223.97 724.04
ynao_sd_19921124_0210_wang 11 8 3 1 0 628.56 1256.94 178.39 373.28 450.17 883.66
ynao_sd_19921128_0110_wang 38 31 7 4 0 1181.1 1225.77 385.07 402.3 796.03 823.47
ynao_sd_19921129_0220_wang 39 25 14 4 0 1316.25 1360.81 308.63 319.1 1007.62 1041.71
ynao_sd_19921130_0120_hong 36 25 11 5 0 1143.27 1228.47 308.0 330.14 835.27 898.33
ynao_sd_19921201_0220_hong 37 26 11 5 0 1172.89 1391.55 316.51 374.2 856.38 1017.35
ynao_sd_19921202_0140_hong 33 23 10 7 0 1027.86 1449.49 284.96 397.28 742.9 1052.21
ynao_sd_19921204_0120_hong 25 18 7 6 0 586.25 1735.08 193.78 534.82 392.47 1200.26
ynao_sd_19921205_0130_hong 16 14 2 2 0 207.23 959.04 108.09 355.05 99.14 603.99
ynao_sd_19921206_0230_hong 8 8 0 0 0 56.78 57.58 56.78 57.58 0 0
ynao_sd_19921207_0130_li 1 1 0 0 0 5.14 5.45 5.14 5.45 0 0
ynao_sd_19921208_0130_li 0 0 0 0 0 0 0 0 0 0 0
ynao_sd_19921209_0120_li 3 2 1 1 0 67.01 144.48 21.9 35.56 45.11 108.92
ynao_sd_19921210_0150_li 3 2 1 1 0 92.89 158.81 22.32 40.27 70.57 118.54
ynao_sd_19921211_0135_li 3 2 1 1 0 138.76 181.41 22.32 27.38 116.44 154.03
ynao_sd_19921212_0055_li 6 4 2 1 0 170.45 220.79 42.03 74.14 128.42 146.65
ynao_sd_19921213_0120_li 2 1 1 1 0 96.63 100.93 15.12 15.88 81.51 85.05
ynao_sd_19921214_0120_wang 1 0 1 1 0 179.37 181.46 19.73 19.97 159.64 161.49
ynao_sd_19921215_0140_wang 4 3 1 1 0 180.46 186.38 38.31 39.57 142.15 146.81
ynao_sd_19921216_0240_wang 4 3 1 1 0 149.13 166.72 35.94 39.69 113.19 127.03
ynao_sd_19921217_0145_wang 1 0 1 1 0 145.16 185.63 15.15 19.35 130.01 166.28
ynao_sd_19921218_0150_wang 3 2 1 1 0 110.47 167.94 24.45 30.11 86.02 137.83
ynao_sd_19921219_0200_wang 7 6 1 1 0 94.35 172.18 45.45 59.42 48.9 112.76
ynao_sd_19921220_0130_wang 13 9 4 2 0 216.44 404.43 124.89 291.78 91.55 112.65
ynao_sd_19921221_0130_hong 12 10 2 3 0 318.17 619.09 147.89 271.84 170.28 347.25
ynao_sd_19921222_0130_hong 18 13 5 4 0 338.46 738.66 126.29 252.1 212.17 486.56
ynao_sd_19921225_0410_hong 14 11 3 3 0 328.26 398.59 111.87 138.51 216.39 260.08
ynao_sd_19921226_0140_hong 32 27 5 4 0 581.36 644.32 235.03 261.13 346.33 383.19
ynao_sd_19921227_0500_hong 39 31 8 3 0 994.06 1040.01 308.13 330.18 685.93 709.83
ynao_sd_19921228_0120_li 23 18 5 3 0 648.55 679.86 170.81 186.11 477.74 493.75
ynao_sd_19921229_0130_li 21 16 5 4 0 576.17 671.44 143.78 170.74 432.39 500.7
ynao_sd_19921230_0105_li 26 21 5 3 0 529.63 774.24 185.3 302.63 344.33 471.61
ynao_sd_19921231_0100_li 9 8 1 1 0 339.15 636.35 139.37 368.08 199.78 268.27
