ynao_sd_19930101_0120_li 1 0 1 1 0 169.41 286.42 18.66 31.46 150.75 254.96
ynao_sd_19930102_0050_li 1 0 1 1 0 48.87 125.65 8.77 22.43 40.1 103.22
ynao_sd_19930103_0120_li 1 1 0 0 0 30.43 153.15 30.43 153.15 0 0
ynao_sd_19930104_0200_wang 4 4 0 0 0 29.11 36.5 29.11 36.5 0 0
ynao_sd_19930105_0210_wang 1 1 0 0 0 7.14 11.27 7.14 11.27 0 0
ynao_sd_19930106_0150_wang 0 0 0 0 0 0 0 0 0 0 0
ynao_sd_19930107_0135_wang 5 5 0 0 0 57.9 153.54 57.9 153.54 0 0
ynao_sd_19930108_0140_wang 9 8 1 1 0 111.44 208.9 69.85 126.93 41.59 81.97
ynao_sd_19930109_0230_wang 12 11 1 1 0 96.44 129.82 66.28 85.94 30.16 43.88
ynao_sd_19930110_0120_wang 15 13 2 1 0 213.86 245.62 113.68 131.47 100.18 114.15
ynao_sd_19930111_0130_hong 34 32 2 1 0 233.66 245.65 220.2 231.63 13.46 14.02
ynao_sd_19930112_0120_hong 37 37 0 0 0 275.82 295.94 275.82 295.94 0 0
ynao_sd_19930113_0130_hong 37 36 1 1 1 272.24 293.38 252.09 270.86 20.15 22.52
ynao_sd_19930118_0155_wang 5 4 1 1 0 377.7 531.08 81.69 126.15 296.01 404.93
ynao_sd_19930119_0310_wang 2 1 1 1 0 438.92 555.54 85.62 142.12 353.3 413.42
ynao_sd_19930120_0120_wang 1 0 1 1 0 471.88 512.5 61.86 67.17 410.02 445.33
ynao_sd_19930121_0450_wang 2 0 2 1 0 492.43 519.69 47.16 49.78 445.27 469.91
ynao_sd_19930122_0250_wang 2 0 2 1 0 410.18 443.41 44.28 47.89 365.9 395.52
ynao_sd_19930123_0810_hong 1 0 1 1 0 366.37 440.57 57.36 69.01 309.01 371.56
ynao_sd_19930125_0510_hong 3 1 2 2 0 304.38 568.06 66.97 122.74 237.41 445.32
ynao_sd_19930127_0410_hong 1 0 1 1 0 141.27 702.36 18.67 93.65 122.6 608.71
ynao_sd_19930129_0650_li 0 0 0 0 0 0 0 0 0 0 0
ynao_sd_19930130_0230_li 0 0 0 0 0 0 0 0 0 0 0
ynao_sd_19930131_0140_li 0 0 0 0 0 0 0 0 0 0 0
ynao_sd_19930201_0150_li 0 0 0 0 0 0 0 0 0 0 0
ynao_sd_19930202_0120_li 4 2 2 1 0 206.3 1020.55 48.79 220.1 157.51 800.45
ynao_sd_19930203_0050_li 24 20 4 1 0 695.07 1929.95 248.76 742.52 446.31 1187.43
ynao_sd_19930204_0050_li 40 31 9 4 0 1248.15 2375.68 378.89 711.47 869.26 1664.21
ynao_sd_19930205_0130_li 55 37 18 9 0 2008.01 2725.92 447.11 603.21 1560.9 2122.71
ynao_sd_19930206_0120_li 53 36 17 8 0 2267.11 2668.14 490.86 594.75 1776.25 2073.39
ynao_sd_19930207_0120_li 72 58 14 5 0 2128.49 2419.2 590.86 686.45 1537.63 1732.75
ynao_sd_19930208_0120_hong 65 53 12 9 0 2291.38 2722.88 589.12 698.17 1702.26 2024.71
ynao_sd_19930209_0200_hong 81 69 12 5 0 2902.21 5665.5 681.09 870.12 2221.12 4795.38
ynao_sd_19930212_0330_li 16 9 7 3 0 679.27 1253.03 143.54 236.8 535.73 1016.23
ynao_sd_19930213_0230_li 16 12 4 4 0 484.94 1040.28 157.95 290.21 326.99 750.07
ynao_sd_19930214_0115_li 22 19 3 2 0 326.2 645.77 137.83 214.83 188.37 430.94
ynao_sd_19930215_0330_li 12 11 1 2 0 279.39 350.43 112.14 137.11 167.25 213.32
ynao_sd_19930216_0210_li 11 10 1 1 0 239.34 276.81 99.36 115.08 139.98 161.73
ynao_sd_19930217_0715_li 22 19 3 3 0 363.27 398.29 139.48 152.88 223.79 245.41
ynao_sd_19930218_0105_li 24 21 3 3 0 372.73 414.95 153.38 171.13 219.35 243.82
ynao_sd_19930220_0135_li 8 7 1 1 0 191.84 263.42 68.41 114.04 123.43 149.38
ynao_sd_19930221_0045_li 17 15 2 2 0 306.63 629.52 163.21 344.51 143.42 285.01
ynao_sd_19930222_0205_hong 26 18 8 5 0 718.09 1346.16 183.35 320.93 534.74 1025.23
ynao_sd_19930223_0130_hong 29 20 9 5 0 1021.34 1526.41 319.34 441.33 702.0 1085.08
ynao_sd_19930224_0120_hong 28 17 11 7 0 1112.89 1599.83 276.02 381.93 836.87 1217.9
ynao_sd_19930225_0110_hong 28 21 7 3 0 887.42 1142.46 260.07 370.45 627.35 772.01
ynao_sd_19930226_0120_hong 32 26 6 2 0 827.34 1100.33 295.88 531.97 531.46 568.36
ynao_sd_19930227_0130_hong 36 30 6 3 0 808.79 977.01 299.82 412.99 508.97 564.02
ynao_sd_19930228_0405_hong 47 38 9 5 0 959.87 1177.23 358.79 441.38 601.08 735.85
ynao_sd_19930301_0230_hong 43 30 13 10 0 818.0 1047.7 321.28 397.9 496.72 649.8
ynao_sd_19930302_0130_hong 64 59 5 4 0 758.11 1012.98 424.86 578.53 333.25 434.45
ynao_sd_19930303_0140_hong 37 25 12 7 0 942.12 1152.61 277.42 355.36 664.7 797.25
ynao_sd_19930304_0120_hong 51 37 14 9 0 962.36 1228.9 326.31 368.95 636.05 859.95
ynao_sd_19930305_0120_hong 78 66 12 7 0 1058.42 1456.09 484.88 642.85 573.54 813.24
ynao_sd_19930306_0105_hong 51 42 9 4 0 759.32 1100.28 338.12 478.5 421.2 621.78
ynao_sd_19930307_0155_li 18 16 2 1 0 347.08 458.89 160.35 236.84 186.73 222.05
ynao_sd_19930308_0550_li 13 11 2 1 0 265.38 331.91 104.3 159.32 161.08 172.59
ynao_sd_19930309_0150_li 17 14 3 1 0 263.03 279.05 117.64 128.12 145.39 150.93
ynao_sd_19930310_0115_li 15 13 2 1 0 227.4 239.19 100.77 105.94 126.63 133.25
ynao_sd_19930311_0120_li 14 11 3 1 0 210.61 268.71 79.63 121.14 130.98 147.57
ynao_sd_19930312_0230_li 14 11 3 2 0 333.44 651.57 126.88 276.99 206.56 374.58
ynao_sd_19930313_0140_li 31 25 6 3 0 338.45 595.7 180.05 312.17 158.4 283.53
ynao_sd_19930314_0120_li 34 28 6 3 0 444.75 672.21 200.45 287.43 244.3 384.78
ynao_sd_19930315_0100_li 30 28 2 2 0 323.77 412.53 168.61 229.96 155.16 182.57
ynao_sd_19930316_0105_hong 33 29 4 4 0 555.54 622.41 262.45 296.28 293.09 326.13
ynao_sd_19930317_0110_hong 39 33 6 3 0 503.79 547.94 255.36 279.13 248.43 268.81
ynao_sd_19930318_0330_hong 32 25 7 6 0 584.52 646.15 230.81 259.9 353.71 386.25
ynao_sd_19930319_0530_hong 18 10 8 4 0 688.23 814.22 177.69 211.7 510.54 602.52
ynao_sd_19930320_0110_hong 33 24 9 7 0 768.34 1019.74 252.02 334.81 516.32 684.93
ynao_sd_19930321_0210_hong 35 26 9 8 0 568.55 925.11 269.92 429.56 298.63 495.55
ynao_sd_19930322_0120_hong 30 27 3 2 0 492.6 1044.9 242.32 479.04 250.28 565.86
ynao_sd_19930323_0125_li 10 9 1 1 0 147.96 408.99 97.37 210.07 50.59 198.92
ynao_sd_19930324_0050_li 5 5 0 1 0 78.24 100.21 29.11 35.09 49.13 65.12
ynao_sd_19930325_0130_li 9 9 0 0 0 60.89 84.24 60.89 84.24 0 0
ynao_sd_19930326_0040_li 8 7 1 1 0 150.61 456.09 65.12 117.87 85.49 338.22
ynao_sd_19930327_0035_li 16 11 5 2 0 1750.48 2603.85 114.29 247.28 1636.19 2356.57
ynao_sd_19930328_0150_li 34 31 3 2 0 507.87 818.9 204.96 332.5 302.91 486.4
ynao_sd_19930329_0105_hong 28 20 8 2 0 910.85 1193.39 280.93 362.57 629.92 830.82
ynao_sd_19930330_0100_hong 35 28 7 4 0 760.91 863.65 257.39 293.44 503.52 570.21
ynao_sd_19930331_0105_hong 41 35 6 4 0 760.96 801.07 299.5 319.54 461.46 481.53
ynao_sd_19930401_0100_hong 26 21 5 4 0 674.19 691.79 243.75 251.59 430.44 440.2
ynao_sd_19930402_0105_hong 23 20 3 2 0 530.54 579.02 225.28 252.9 305.26 326.12
ynao_sd_19930403_0100_hong 14 13 1 2 0 494.57 599.15 160.15 208.09 334.42 391.06
ynao_sd_19930404_0200_hong 9 8 1 1 0 321.41 445.1 100.01 132.37 221.4 312.73
ynao_sd_19930405_0100_li 3 2 1 1 0 153.48 267.05 51.38 85.72 102.1 181.33
ynao_sd_19930406_0050_li 3 3 0 0 0 63.46 161.59 63.46 161.59 0 0
ynao_sd_19930407_0125_li 2 2 0 0 0 17.28 61.98 17.28 61.98 0 0
ynao_sd_19930408_0820_li 2 2 0 0 0 15.46 61.92 15.46 61.92 0 0
ynao_sd_19930409_0510_li 8 8 0 0 0 88.46 99.49 88.46 99.49 0 0
ynao_sd_19930410_0400_li 15 12 3 2 0 276.6 358.04 109.17 141.84 167.43 216.2
ynao_sd_19930411_0100_li 18 13 5 1 0 312.24 498.2 123.9 184.03 188.34 314.17
ynao_sd_19930412_0105_hong 23 19 4 3 0 415.79 949.32 150.9 307.1 264.89 642.22
ynao_sd_19930413_0100_hong 14 13 1 1 0 137.2 517.98 85.85 246.83 51.35 271.15
ynao_sd_19930414_0240_hong 10 10 0 0 0 72.05 118.15 72.05 118.15 0 0
ynao_sd_19930415_0100_hong 15 15 0 0 0 97.02 148.13 97.02 148.13 0 0
ynao_sd_19930416_0100_hong 13 13 0 0 0 85.07 112.29 85.07 112.29 0 0
ynao_sd_19930417_0105_hong 19 18 1 1 0 169.74 449.78 129.93 312.67 39.81 137.11
ynao_sd_19930418_0100_hong 21 15 6 2 0 326.7 757.27 145.98 363.26 180.72 394.01
ynao_sd_19930419_0050_li 16 13 3 4 0 278.72 473.74 102.0 194.11 176.72 279.63
ynao_sd_19930420_0100_li 27 19 8 5 0 640.23 814.28 193.19 246.38 447.04 567.9
ynao_sd_19930421_0125_li 27 21 6 4 0 649.87 729.14 181.53 203.98 468.34 525.16
ynao_sd_19930423_0100_li 21 13 8 3 0 606.95 631.88 119.11 123.6 487.84 508.28
ynao_sd_19930424_0100_li 18 15 3 4 0 410.62 455.52 118.04 136.38 292.58 319.14
ynao_sd_19930425_0045_li 22 19 3 2 0 320.51 475.5 144.46 213.95 176.05 261.55
ynao_sd_19930426_0100_wang 27 18 9 5 0 557.96 858.77 168.17 264.21 389.79 594.56
ynao_sd_19930427_0100_wang 15 9 6 5 0 473.41 807.38 91.45 153.84 381.96 653.54
ynao_sd_19930428_0110_wang 7 3 4 3 0 314.15 520.76 66.24 126.5 247.91 394.26
ynao_sd_19930429_0040_wang 7 5 2 2 0 263.15 341.43 61.47 123.44 201.68 217.99
ynao_sd_19930430_0030_wang 4 2 2 2 0 207.96 218.04 37.59 42.48 170.37 175.56
ynao_sd_19930501_0040_li 5 4 1 1 0 126.28 134.0 49.91 54.45 76.37 79.55
ynao_sd_19930503_0930_li 5 5 0 0 0 56.51 186.11 56.51 186.11 0 0
ynao_sd_19930504_0240_li 3 2 1 1 0 63.66 178.87 21.27 47.24 42.39 131.63
ynao_sd_19930505_0630_li 10 6 4 3 0 354.12 1038.96 89.86 277.84 264.26 761.12
ynao_sd_19930506_0150_li 24 18 6 3 0 462.7 916.54 154.06 307.38 308.64 609.16
ynao_sd_19930507_0030_li 27 15 12 6 0 999.55 1650.55 187.93 295.22 811.62 1355.33
ynao_sd_19930508_0045_li 46 30 16 10 0 1434.71 1829.56 315.33 397.74 1119.38 1431.82
ynao_sd_19930509_0040_li 40 27 13 8 0 1520.73 1721.77 306.32 347.44 1214.41 1374.33
ynao_sd_19930511_0100_hong 63 38 25 14 1 2320.81 2681.09 536.16 602.43 1784.65 2078.66
ynao_sd_19930512_0100_hong 69 43 26 18 0 1999.3 2410.89 526.08 621.07 1473.22 1789.82
ynao_sd_19930513_0050_hong 72 56 16 14 0 1662.9 2207.9 518.18 665.41 1144.72 1542.49
ynao_sd_19930514_0050_hong 52 45 7 9 0 1090.43 1719.49 414.87 677.79 675.56 1041.7
ynao_sd_19930515_0100_hong 27 20 7 4 0 632.48 1173.67 229.36 460.11 403.12 713.56
ynao_sd_19930516_0110_hong 16 13 3 2 0 342.43 568.92 148.35 284.14 194.08 284.78
ynao_sd_19930517_0120_wang 8 5 3 1 0 185.13 224.94 55.85 92.05 129.28 132.89
ynao_sd_19930518_0110_wang 7 4 3 1 0 164.32 177.68 41.49 44.44 122.83 133.24
ynao_sd_19930519_0100_wang 5 2 3 1 0 119.01 144.52 30.34 36.84 88.67 107.68
ynao_sd_19930520_0110_wang 3 1 2 1 0 72.56 104.02 16.49 22.54 56.07 81.48
ynao_sd_19930521_0100_wang 5 4 1 1 0 73.04 125.27 56.25 92.83 16.79 32.44
ynao_sd_19930522_0120_wang 1 1 0 0 0 9.67 27.18 9.67 27.18 0 0
ynao_sd_19930523_0410_wang 1 1 0 0 0 7.64 15.54 7.64 15.54 0 0
ynao_sd_19930524_0100_hong 8 8 0 0 0 52.68 95.07 52.68 95.07 0 0
ynao_sd_19930525_0110_hong 8 8 0 0 0 102.4 329.68 102.4 329.68 0 0
ynao_sd_19930526_0405_hong 20 18 2 1 0 209.77 518.14 149.23 365.59 60.54 152.55
ynao_sd_19930527_0100_hong 38 31 7 5 0 555.77 1058.58 235.02 462.6 320.75 595.98
ynao_sd_19930528_0420_hong 50 37 13 10 0 990.77 1535.17 330.63 453.44 660.14 1081.73
ynao_sd_19930529_0730_hong 82 66 16 11 1 1272.91 1567.9 569.18 719.8 703.73 848.1
ynao_sd_19930530_0410_hong 65 48 17 11 0 1557.1 1756.26 535.86 611.05 1021.24 1145.21
ynao_sd_19930531_0700_wang 57 35 22 10 0 1793.85 1904.46 425.6 450.9 1368.25 1453.56
ynao_sd_19930601_0250_wang 62 43 19 13 0 1728.97 1986.16 418.9 498.35 1310.07 1487.81
ynao_sd_19930602_0100_wang 79 55 24 11 0 3323.22 3805.9 549.28 740.69 2773.94 3065.21
ynao_sd_19930603_0820_wang 41 27 14 7 0 1368.38 1696.98 254.19 310.43 1114.19 1386.55
ynao_sd_19930604_0230_wang 52 32 20 6 0 2401.55 3610.53 320.42 443.6 2081.13 3166.93
ynao_sd_19930605_0210_wang 26 13 13 7 0 1031.01 1603.23 162.63 233.35 868.38 1369.88
ynao_sd_19930606_0210_wang 21 12 9 5 0 625.52 1326.37 179.34 468.03 446.18 858.34
ynao_sd_19930607_0110_hong 19 14 5 3 0 389.37 641.38 134.86 232.0 254.51 409.38
ynao_sd_19930608_0300_li 10 6 4 2 0 309.13 445.86 73.51 94.26 235.62 351.6
ynao_sd_19930609_0100_li 8 5 3 2 0 282.13 386.93 58.4 73.6 223.73 313.33
ynao_sd_19930610_0150_li 9 6 3 2 0 306.06 388.2 66.39 83.72 239.67 304.48
ynao_sd_19930611_0020_li 4 3 1 1 0 275.27 324.52 54.32 78.48 220.95 246.04
ynao_sd_19930612_0520_li 2 1 1 1 0 271.86 318.59 32.38 63.19 239.48 255.4
ynao_sd_19930614_0930_hong 1 0 1 1 0 265.47 313.16 33.46 39.49 232.01 273.67
ynao_sd_19930615_0100_hong 2 1 1 1 0 214.99 274.54 51.77 65.86 163.22 208.68
ynao_sd_19930616_0105_hong 4 3 1 1 0 191.17 287.48 47.4 66.85 143.77 220.63
ynao_sd_19930617_0040_hong 1 0 1 1 0 136.05 284.44 21.76 45.58 114.29 238.86
ynao_sd_19930618_0050_hong 1 0 1 1 0 83.82 266.75 13.21 41.74 70.61 225.01
ynao_sd_19930619_0040_hong 3 3 0 0 0 19.57 20.59 19.57 20.59 0 0
ynao_sd_19930620_0140_hong 2 2 0 0 0 14.41 16.71 14.41 16.71 0 0
ynao_sd_19930621_0050_wang 3 3 0 0 0 15.04 17.82 15.04 17.82 0 0
ynao_sd_19930622_0100_wang 3 3 0 0 0 30.9 44.0 30.9 44.0 0 0
ynao_sd_19930623_0200_wang 10 10 0 0 0 59.67 62.01 59.67 62.01 0 0
ynao_sd_19930624_0140_wang 16 13 3 2 0 296.88 298.17 127.29 128.1 169.59 170.07
ynao_sd_19930625_0120_wang 14 9 5 2 0 411.82 417.02 112.78 114.27 299.04 302.75
ynao_sd_19930626_0220_wang 6 4 2 2 0 334.53 363.35 64.92 70.5 269.61 292.85
ynao_sd_19930627_0430_wang 10 5 5 2 0 238.72 332.91 70.05 121.2 168.67 211.71
ynao_sd_19930628_0220_hong 9 7 2 2 0 1524.4 3749.36 50.78 82.87 1473.62 3666.49
ynao_sd_19930629_0130_hong 12 11 1 1 0 121.23 232.41 86.23 155.89 35.0 76.52
ynao_sd_19930630_0120_hong 3 3 0 0 0 25.24 101.49 25.24 101.49 0 0
ynao_sd_19930701_0620_hong 0 0 0 0 0 0 0 0 0 0 0
ynao_sd_19930702_0240_hong 5 5 0 0 0 84.63 93.28 84.63 93.28 0 0
ynao_sd_19930703_0530_hong 9 9 0 0 0 59.8 66.1 59.8 66.1 0 0
ynao_sd_19930704_0805_hong 8 8 0 0 0 55.74 89.4 55.74 89.4 0 0
ynao_sd_19930705_0550_li 8 7 1 1 0 105.5 304.35 62.89 100.9 42.61 203.45
ynao_sd_19930706_0610_li 6 5 1 1 0 157.95 355.63 59.2 113.97 98.75 241.66
ynao_sd_19930708_0120_li 2 1 1 1 0 253.52 345.52 41.78 55.98 211.74 289.54
ynao_sd_19930709_0140_li 7 4 3 1 0 329.22 375.64 47.41 52.47 281.81 323.17
ynao_sd_19930710_0150_li 8 5 3 1 0 325.86 341.94 64.27 68.7 261.59 273.24
ynao_sd_19930711_0120_li 10 8 2 1 0 359.17 369.97 96.99 106.59 262.18 263.38
ynao_sd_19930712_0620_wang 13 10 3 1 0 361.59 381.77 88.52 102.46 273.07 279.31
ynao_sd_19930713_0040_wang 16 13 3 1 0 359.17 389.29 127.48 140.3 231.69 248.99
ynao_sd_19930714_0100_wang 19 16 3 1 0 374.17 436.85 143.19 157.98 230.98 278.87
ynao_sd_19930715_0100_wang 21 19 2 1 0 231.47 317.62 134.67 174.61 96.8 143.01
ynao_sd_19930716_0140_wang 19 17 2 3 0 283.97 555.49 137.26 204.93 146.71 350.56
ynao_sd_19930717_0310_wang 17 13 4 4 0 328.86 585.15 105.15 146.27 223.71 438.88
ynao_sd_19930718_0230_hong 12 9 3 2 0 346.54 446.58 91.51 108.73 255.03 337.85
ynao_sd_19930720_0905_hong 4 3 1 1 0 259.5 285.8 68.45 85.81 191.05 199.99
ynao_sd_19930721_0600_hong 5 1 4 2 0 195.92 197.27 33.05 33.28 162.87 163.99
ynao_sd_19930722_0530_hong 8 4 4 2 0 159.19 160.6 44.66 45.02 114.53 115.58
ynao_sd_19930723_0420_hong 8 5 3 2 0 197.2 214.39 53.81 91.25 143.39 123.14
ynao_sd_19930724_0520_hong 6 3 3 2 0 1642.43 3839.94 45.74 94.33 1596.69 3745.61
ynao_sd_19930725_0230_hong 5 3 2 1 0 213.43 364.0 63.34 120.35 150.09 243.65
ynao_sd_19930728_0830_li 5 3 2 2 0 320.36 361.47 58.34 64.86 262.02 296.61
ynao_sd_19930729_0155_li 6 4 2 2 0 258.22 276.17 53.73 56.75 204.49 219.42
ynao_sd_19930730_0300_li 6 5 1 1 0 188.56 207.79 53.73 57.77 134.83 150.02
ynao_sd_19930802_0630_wang 7 3 4 2 0 220.16 617.77 44.52 104.66 175.64 513.11
ynao_sd_19930803_0530_wang 6 1 5 3 0 340.52 1024.21 85.14 280.35 255.38 743.86
ynao_sd_19930804_0515_wang 9 5 4 3 0 413.26 859.58 106.16 271.82 307.1 587.76
ynao_sd_19930805_0740_wang 6 2 4 3 0 457.64 638.36 58.99 83.47 398.65 554.89
ynao_sd_19930808_0220_wang 17 13 4 2 0 474.09 491.83 147.53 161.8 326.56 330.03
ynao_sd_19930809_0320_hong 37 36 1 2 0 690.02 751.41 364.04 418.81 325.98 332.6
ynao_sd_19930810_0510_hong 37 30 7 5 0 727.64 825.59 284.23 331.03 443.41 494.56
ynao_sd_19930811_0720_hong 32 26 6 5 0 684.62 932.8 219.22 295.27 465.4 637.53
ynao_sd_19930812_0730_hong 27 20 7 5 0 534.09 937.66 195.92 318.56 338.17 619.1
ynao_sd_19930813_0530_hong 18 15 3 2 0 306.58 729.71 164.41 404.95 142.17 324.76
ynao_sd_19930814_0130_hong 23 20 3 2 0 250.11 707.41 160.81 366.86 89.3 340.55
ynao_sd_19930815_0150_hong 1 1 0 0 0 7.49 7.93 7.49 7.93 0 0
ynao_sd_19930816_0950_li 5 5 0 0 0 28.69 29.78 28.69 29.78 0 0
ynao_sd_19930817_0520_li 6 6 0 0 0 35.15 36.75 35.15 36.75 0 0
ynao_sd_19930818_0520_li 0 0 0 0 0 0 0 0 0 0 0
ynao_sd_19930819_0210_li 0 0 0 0 0 0 0 0 0 0 0
ynao_sd_19930822_0150_li 6 4 2 1 0 82.97 152.52 33.38 58.0 49.59 94.52
ynao_sd_19930823_0120_wang 5 3 2 1 0 103.89 145.77 38.34 51.08 65.55 94.69
ynao_sd_19930824_0600_wang 7 4 3 2 0 179.39 349.28 47.49 66.52 131.9 282.76
ynao_sd_19930825_0130_wang 5 3 2 2 0 183.61 411.8 88.94 220.47 94.67 191.33
ynao_sd_19930827_0250_wang 18 16 2 2 0 306.05 405.19 137.81 176.25 168.24 228.94
ynao_sd_19930828_0150_wang 23 20 3 3 0 351.29 412.56 140.74 167.5 210.55 245.06
ynao_sd_19930829_0630_wang 20 19 1 1 0 276.79 318.2 141.26 176.71 135.53 141.49
ynao_sd_19930830_0200_wang 20 19 1 1 0 296.34 355.58 153.56 208.85 142.78 146.73
ynao_sd_19930901_0920_hong 5 2 3 2 0 158.1 300.86 34.97 56.31 123.13 244.55
ynao_sd_19930905_0800_hong 8 7 1 1 0 86.3 91.46 54.84 58.21 31.46 33.25
ynao_sd_19930906_0200_hong 12 12 0 0 0 71.57 72.5 71.57 72.5 0 0
ynao_sd_19930907_0120_wang 3 3 0 0 0 16.32 16.38 16.32 16.38 0 0
ynao_sd_19930908_0230_wang 1 1 0 0 0 8.34 8.81 8.34 8.81 0 0
ynao_sd_19930909_0230_wang 4 4 0 0 0 25.47 35.17 25.47 35.17 0 0
ynao_sd_19930910_0130_wang 1 1 0 0 0 6.52 8.87 6.52 8.87 0 0
ynao_sd_19930911_0140_wang 0 0 0 0 0 0 0 0 0 0 0
ynao_sd_19930912_0200_wang 0 0 0 0 0 0 0 0 0 0 0
ynao_sd_19930913_0030_li 1 1 0 0 0 6.54 6.64 6.54 6.64 0 0
ynao_sd_19930914_0140_li 1 1 0 0 0 6.19 6.23 6.19 6.23 0 0
ynao_sd_19930915_0230_li 1 1 0 0 0 10.02 10.08 10.02 10.08 0 0
ynao_sd_19930916_0040_li 1 1 0 0 0 8.59 9.75 8.59 9.75 0 0
ynao_sd_19930917_0015_li 0 0 0 0 0 0 0 0 0 0 0
ynao_sd_19930918_0040_li 0 0 0 0 0 0 0 0 0 0 0
ynao_sd_19930920_0300_hong 0 0 0 0 0 0 0 0 0 0 0
ynao_sd_19930921_0510_hong 0 0 0 0 0 0 0 0 0 0 0
ynao_sd_19930922_0140_hong 0 0 0 0 0 0 0 0 0 0 0
ynao_sd_19930923_0530_hong 0 0 0 0 0 0 0 0 0 0 0
ynao_sd_19930925_0110_hong 5 5 0 0 0 41.95 45.58 41.95 45.58 0 0
ynao_sd_19930925_0540_hong 0 0 0 0 0 0 0 0 0 0 0
ynao_sd_19930926_0200_wang 10 10 0 1 0 140.91 150.88 111.35 120.61 29.56 30.27
ynao_sd_19930927_0340_wang 10 9 1 1 0 366.66 1730.28 98.98 262.19 267.68 1468.09
ynao_sd_19930928_0340_wang 19 15 4 2 0 997.31 2761.53 240.08 700.24 757.23 2061.29
ynao_sd_19930929_0240_wang 25 16 9 4 0 1350.76 2489.48 315.47 566.96 1035.29 1922.52
ynao_sd_19931001_0525_li 0 0 0 0 0 0 0 0 0 0 0
ynao_sd_19931003_0720_wang 33 18 15 6 0 2108.87 2122.42 411.12 414.74 1697.75 1707.68
ynao_sd_19931004_0110_li 0 0 0 0 0 0 0 0 0 0 0
ynao_sd_19931005_0430_wang 40 28 12 5 0 1703.08 1874.37 394.19 437.94 1308.89 1436.43
ynao_sd_19931006_0120_wang 41 34 7 3 0 1325.99 1735.44 386.2 575.93 939.79 1159.51
ynao_sd_19931007_0130_li 34 27 7 3 0 873.23 1323.51 250.06 363.94 623.17 959.57
ynao_sd_19931008_0150_li 14 7 7 2 0 647.62 1348.68 125.79 254.71 521.83 1093.97
ynao_sd_19931009_0120_li 6 2 4 2 0 256.44 930.55 63.98 211.38 192.46 719.17
ynao_sd_19931011_0420_hong 1 0 1 1 0 40.26 169.93 8.69 37.19 31.57 132.74
ynao_sd_19931012_0210_hong 1 0 1 1 0 62.42 171.01 9.13 25.0 53.29 146.01
ynao_sd_19931013_0250_hong 2 1 1 1 0 50.57 84.93 12.36 20.94 38.21 63.99
ynao_sd_19931016_0705_hong 16 15 1 1 0 124.4 127.36 102.08 104.56 22.32 22.8
ynao_sd_19931026_0120_li 7 7 0 0 0 70.93 138.88 70.93 138.88 0 0
ynao_sd_19931027_0130_li 9 9 0 0 0 48.45 63.28 48.45 63.28 0 0
ynao_sd_19931028_0050_li 5 5 0 0 0 33.24 62.65 33.24 62.65 0 0
ynao_sd_19931101_0110_hong 3 3 0 0 0 23.05 25.54 23.05 25.54 0 0
ynao_sd_19931102_0120_hong 0 0 0 0 0 0 0 0 0 0 0
ynao_sd_19931103_0110_hong 0 0 0 0 0 0 0 0 0 0 0
ynao_sd_19931104_0120_hong 1 1 0 0 0 6.69 9.96 6.69 9.96 0 0
ynao_sd_19931105_0200_hong 0 0 0 0 0 0 0 0 0 0 0
ynao_sd_19931106_0110_hong 1 0 1 1 0 24.85 73.2 5.61 16.68 19.24 56.52
ynao_sd_19931107_0120_hong 3 3 0 0 0 24.91 47.46 24.91 47.46 0 0
ynao_sd_19931108_0700_wang 2 2 0 0 0 15.42 20.46 15.42 20.46 0 0
ynao_sd_19931109_0040_wang 2 2 0 0 0 14.04 16.74 14.04 16.74 0 0
ynao_sd_19931110_0150_wang 1 1 0 0 0 6.98 7.35 6.98 7.35 0 0
ynao_sd_19931111_0050_wang 2 2 0 0 0 14.56 14.68 14.56 14.68 0 0
ynao_sd_19931112_0100_wang 0 0 0 0 0 0 0 0 0 0 0
ynao_sd_19931113_0055_wang 9 5 4 3 0 262.82 864.21 84.41 290.76 178.41 573.45
ynao_sd_19931114_0210_wang 15 7 8 4 0 529.11 1014.05 98.76 189.07 430.35 824.98
ynao_sd_19931115_0050_li 28 24 4 3 0 754.69 1065.07 195.02 281.55 559.67 783.52
ynao_sd_19931116_0120_li 29 18 11 5 0 1054.86 1295.36 219.1 311.67 835.76 983.69
ynao_sd_19931117_0105_li 41 31 10 5 0 1178.82 1251.44 296.11 316.59 882.71 934.85
ynao_sd_19931118_0505_li 38 24 14 2 0 1516.48 1526.66 300.19 303.23 1216.29 1223.43
ynao_sd_19931119_0210_li 34 17 17 3 0 1666.68 1700.2 320.89 338.87 1345.79 1361.33
ynao_sd_19931120_0120_li 50 34 16 3 0 1460.31 1556.01 311.53 340.04 1148.78 1215.97
ynao_sd_19931122_0240_hong 46 35 11 4 0 960.86 1422.87 324.4 464.04 636.46 958.83
ynao_sd_19931123_0130_hong 51 38 13 6 0 896.54 1498.16 363.73 577.51 532.81 920.65
ynao_sd_19931124_0830_hong 34 27 7 6 0 673.87 1157.03 285.4 382.52 388.47 774.51
ynao_sd_19931125_0145_hong 34 26 8 6 0 711.28 762.84 261.53 286.44 449.75 476.4
ynao_sd_19931126_0200_hong 40 34 6 4 0 673.25 775.08 296.07 334.87 377.18 440.21
ynao_sd_19931127_0120_hong 29 27 2 1 0 511.62 686.5 249.61 313.86 262.01 372.64
ynao_sd_19931128_0210_hong 19 15 4 2 0 364.4 641.27 151.64 235.18 212.76 406.09
ynao_sd_19931129_0115_wang 15 14 1 1 0 265.16 618.05 113.45 174.75 151.71 443.3
ynao_sd_19931130_0115_wang 11 11 0 1 0 119.03 313.25 76.2 77.03 42.83 236.22
ynao_sd_19931201_0050_wang 28 19 9 2 0 470.29 491.49 217.66 226.13 252.63 265.36
ynao_sd_19931202_0150_wang 34 29 5 4 0 641.26 746.49 247.13 281.43 394.13 465.06
ynao_sd_19931203_0115_wang 12 10 2 2 0 454.7 641.18 84.3 111.57 370.4 529.61
ynao_sd_19931204_0220_wang 6 5 1 1 0 252.47 493.17 57.63 102.17 194.84 391.0
ynao_sd_19931205_0150_wang 1 0 1 1 0 108.83 350.01 13.36 42.63 95.47 307.38
ynao_sd_19931206_0340_wang 0 0 0 0 0 0 0 0 0 0 0
ynao_sd_19931207_0420_wang 0 0 0 0 0 0 0 0 0 0 0
ynao_sd_19931208_0510_wang 0 0 0 0 0 0 0 0 0 0 0
ynao_sd_19931209_0440_wang 3 3 0 0 0 21.55 61.09 21.55 61.09 0 0
ynao_sd_19931210_0520_wang 2 2 0 0 0 23.39 52.06 23.39 52.06 0 0
ynao_sd_19931211_0120_wang 2 2 0 0 0 16.76 33.09 16.76 33.09 0 0
ynao_sd_19931212_0150_wang 0 0 0 0 0 0 0 0 0 0 0
ynao_sd_19931213_0115_li 0 0 0 0 0 0 0 0 0 0 0
ynao_sd_19931214_0045_li 1 1 0 0 0 5.66 6.9 5.66 6.9 0 0
ynao_sd_19931215_0620_li 8 7 1 1 0 73.09 160.95 42.72 63.13 30.37 97.82
ynao_sd_19931218_0830_li 4 3 1 1 0 135.95 165.2 42.93 56.12 93.02 109.08
ynao_sd_19931219_0300_li 3 2 1 1 0 106.08 116.29 24.1 27.93 81.98 88.36
ynao_sd_19931223_0130_hong 39 28 11 8 0 1073.98 1475.36 322.87 445.54 751.11 1029.82
ynao_sd_19931224_0140_hong 60 51 9 4 0 1131.85 1351.54 539.28 647.0 592.57 704.54
ynao_sd_19931225_0620_hong 85 69 16 9 0 1619.39 1694.52 543.15 573.47 1076.24 1121.05
ynao_sd_19931226_0140_wang 78 60 18 9 0 2141.54 2189.89 737.85 756.3 1403.69 1433.59
ynao_sd_19931227_0115_wang 54 41 13 7 0 1980.09 2048.89 435.55 450.87 1544.54 1598.02
ynao_sd_19931228_0130_wang 64 48 16 7 0 1653.41 1850.96 472.44 528.17 1180.97 1322.79
ynao_sd_19931229_0130_wang 46 29 17 6 0 1776.86 2868.93 370.73 528.52 1406.13 2340.41
ynao_sd_19931230_0130_wang 39 19 20 8 0 2250.17 4281.2 365.1 668.42 1885.07 3612.78
ynao_sd_19931231_0215_wang 48 22 26 11 0 2240.75 4395.55 356.63 688.55 1884.12 3707.0
