ynao_sd_19940101_0150_wang 34 16 18 9 0 2077.5 3925.26 304.59 634.31 1772.91 3290.95
ynao_sd_19940102_0140_li 50 30 20 7 0 1299.32 1590.21 305.42 424.33 993.9 1165.88
ynao_sd_19940103_0100_li 41 29 12 8 0 994.35 1062.67 290.13 309.56 704.22 753.11
ynao_sd_19940104_0115_li 61 45 16 8 0 945.65 1107.96 365.13 455.18 580.52 652.78
ynao_sd_19940105_0120_li 61 51 10 7 0 824.72 984.99 364.3 423.13 460.42 561.86
ynao_sd_19940106_0320_li 47 37 10 6 0 966.83 1229.51 290.18 358.5 676.65 871.01
ynao_sd_19940107_0050_li 43 28 15 6 0 1130.16 1345.34 279.63 341.2 850.53 1004.14
ynao_sd_19940108_0050_li 37 30 7 4 0 939.88 1043.18 268.3 301.46 671.58 741.72
ynao_sd_19940109_0050_li 46 39 7 5 0 889.42 962.27 336.29 399.69 553.13 562.58
ynao_sd_19940110_0050_li 45 34 11 3 0 904.67 942.34 279.72 288.2 624.95 654.14
ynao_sd_19940111_0050_li 43 35 8 3 0 730.45 814.73 310.2 338.74 420.25 475.99
ynao_sd_19940112_0050_li 36 28 8 9 0 664.41 845.35 209.96 261.78 454.45 583.57
ynao_sd_19940113_0050_li 25 18 7 7 0 464.32 733.22 180.86 265.83 283.46 467.39
ynao_sd_19940114_0050_li 25 21 4 2 0 263.41 589.81 194.65 409.08 68.76 180.73
ynao_sd_19940115_0050_li 12 11 1 1 0 132.32 670.47 116.26 614.52 16.06 55.95
ynao_sd_19940116_0050_li 8 4 4 2 0 1603.36 5066.48 84.87 482.56 1518.49 4583.92
ynao_sd_19940117_0050_li 7 1 6 3 0 688.92 1816.71 115.31 322.53 573.61 1494.18
ynao_sd_19940118_0050_li 17 4 13 2 0 1135.85 1935.4 194.85 337.94 941.0 1597.46
ynao_sd_19940119_0050_li 20 8 12 2 0 1485.55 2011.97 275.15 381.59 1210.4 1630.38
ynao_sd_19940120_0050_li 18 8 10 4 0 1176.27 1352.89 226.8 264.11 949.47 1088.78
ynao_sd_19940121_0050_li 51 42 9 2 0 1441.23 1525.63 452.16 481.87 989.07 1043.76
ynao_sd_19940124_0050_li 34 25 9 3 0 1553.52 1806.17 330.65 408.56 1222.87 1397.61
ynao_sd_19940125_0050_li 38 19 19 4 0 1640.0 2078.07 355.85 464.18 1284.15 1613.89
ynao_sd_19940126_0050_li 37 18 19 7 0 1628.18 2420.0 258.7 389.79 1369.48 2030.21
ynao_sd_19940127_0050_li 39 28 11 4 0 996.59 2007.04 307.54 580.46 689.05 1426.58
ynao_sd_19940128_0050_li 16 9 7 5 0 398.92 1126.06 126.1 268.12 272.82 857.94
ynao_sd_19940129_0050_li 13 13 0 0 0 122.97 237.56 122.97 237.56 0 0
ynao_sd_19940130_0050_li 8 8 0 0 0 63.11 156.55 63.11 156.55 0 0
ynao_sd_19940131_0050_li 5 4 1 1 0 87.04 169.27 37.43 55.83 49.61 113.44
ynao_sd_19940201_0050_li 5 4 1 1 0 140.88 216.78 42.05 61.28 98.83 155.5
ynao_sd_19940202_0050_li 14 13 1 1 0 215.55 263.05 101.27 118.68 114.28 144.37
ynao_sd_19940203_0050_li 14 10 4 3 0 307.44 461.76 111.16 191.47 196.28 270.29
ynao_sd_19940204_0050_li 19 17 2 2 0 268.97 372.28 143.29 211.27 125.68 161.01
ynao_sd_19940205_0050_li 17 11 6 3 0 396.1 491.09 122.31 161.47 273.79 329.62
ynao_sd_19940206_0050_li 15 11 4 2 0 342.3 415.18 125.81 174.63 216.49 240.55
ynao_sd_19940207_0050_li 7 4 3 2 0 231.44 255.48 42.12 46.78 189.32 208.7
ynao_sd_19940208_0050_li 9 7 2 1 0 231.06 260.28 65.6 80.93 165.46 179.35
ynao_sd_19940209_0050_li 15 10 5 3 0 366.13 507.62 88.55 130.1 277.58 377.52
ynao_sd_19940210_0050_li 17 9 8 4 0 614.94 765.09 159.22 198.52 455.72 566.57
ynao_sd_19940211_0050_li 13 6 7 3 0 585.69 687.55 125.05 147.69 460.64 539.86
ynao_sd_19940212_0050_li 14 9 5 4 0 385.54 491.53 107.14 164.9 278.4 326.63
ynao_sd_19940213_0050_li 9 4 5 5 0 297.93 417.99 71.52 107.77 226.41 310.22
ynao_sd_19940214_0050_li 13 11 2 1 0 218.85 611.54 109.98 182.89 108.87 428.65
ynao_sd_19940215_0050_li 24 23 1 1 0 546.18 1108.26 231.05 392.4 315.13 715.86
ynao_sd_19940216_0050_li 19 17 2 1 0 671.75 1043.43 216.99 321.66 454.76 721.77
ynao_sd_19940217_0050_li 21 19 2 1 0 883.91 1144.94 237.05 308.78 646.86 836.16
ynao_sd_19940218_0050_li 28 26 2 1 0 828.34 988.22 321.98 413.96 506.36 574.26
ynao_sd_19940219_0050_li 17 14 3 1 0 855.87 914.08 234.84 256.5 621.03 657.58
ynao_sd_19940220_0050_li 27 23 4 2 0 884.37 929.17 272.09 291.25 612.28 637.92
ynao_sd_19940221_0050_li 22 19 3 2 0 751.49 828.29 230.32 259.92 521.17 568.37
ynao_sd_19940222_0050_li 15 9 6 2 0 635.31 800.7 112.65 173.89 522.66 626.81
ynao_sd_19940223_0050_li 13 9 4 3 0 546.45 782.01 116.23 170.25 430.22 611.76
ynao_sd_19940224_0050_li 13 12 1 1 0 297.97 545.67 95.82 161.62 202.15 384.05
ynao_sd_19940225_0050_li 3 2 1 1 0 161.31 464.98 51.43 140.84 109.88 324.14
ynao_sd_19940226_0050_li 7 7 0 0 0 54.06 90.69 54.06 90.69 0 0
ynao_sd_19940227_0050_li 5 5 0 0 0 52.38 53.27 52.38 53.27 0 0
ynao_sd_19940228_0050_li 3 3 0 0 0 33.6 34.26 33.6 34.26 0 0
ynao_sd_19940301_0050_li 3 3 0 0 0 16.21 19.5 16.21 19.5 0 0
ynao_sd_19940302_0050_li 0 0 0 0 0 0 0 0 0 0 0
ynao_sd_19940303_0050_li 1 1 0 0 0 4.04 22.31 4.04 22.31 0 0
ynao_sd_19940304_0050_li 0 0 0 0 0 0 0 0 0 0 0
ynao_sd_19940305_0050_li 0 0 0 0 0 0 0 0 0 0 0
ynao_sd_19940306_0050_li 5 5 0 0 0 35.69 43.22 35.69 43.22 0 0
ynao_sd_19940307_0050_li 17 17 0 0 0 110.18 135.71 110.18 135.71 0 0
ynao_sd_19940308_0050_li 19 19 0 0 0 156.59 200.65 156.59 200.65 0 0
ynao_sd_19940309_0050_li 15 15 0 0 0 99.26 199.7 99.26 199.7 0 0
ynao_sd_19940310_0050_li 2 2 0 0 0 14.25 17.7 14.25 17.7 0 0
ynao_sd_19940311_0050_li 6 6 0 0 0 47.45 129.65 47.45 129.65 0 0
ynao_sd_19940312_0050_li 5 5 0 1 0 84.06 161.24 35.11 66.34 48.95 94.9
ynao_sd_19940313_0050_li 13 11 2 1 0 178.59 287.89 89.52 153.27 89.07 134.62
ynao_sd_19940314_0050_li 10 3 7 1 0 290.38 365.8 67.8 86.14 222.58 279.66
ynao_sd_19940315_0050_li 14 10 4 1 0 257.32 293.97 73.14 83.78 184.18 210.19
ynao_sd_19940316_0050_li 8 5 3 2 0 227.81 373.85 58.53 79.31 169.28 294.54
ynao_sd_19940317_0050_li 12 9 3 2 0 241.35 360.16 63.13 79.36 178.22 280.8
ynao_sd_19940318_0050_li 2 1 1 1 0 147.87 210.04 47.35 62.52 100.52 147.52
ynao_sd_19940319_0050_li 1 0 1 1 0 109.71 140.32 15.82 20.26 93.89 120.06
ynao_sd_19940320_0050_li 3 2 1 1 0 181.64 227.88 81.92 113.77 99.72 114.11
ynao_sd_19940321_0050_li 4 2 2 1 0 60.19 67.07 24.87 28.28 35.32 38.79
ynao_sd_19940325_0050_li 3 3 0 0 0 32.55 48.29 32.55 48.29 0 0
ynao_sd_19940327_0050_li 1 1 0 0 0 5.23 5.5 5.23 5.5 0 0
ynao_sd_19940328_0050_li 0 0 0 0 0 0 0 0 0 0 0
ynao_sd_19940329_0050_li 0 0 0 0 0 0 0 0 0 0 0
ynao_sd_19940330_0050_li 0 0 0 0 0 0 0 0 0 0 0
ynao_sd_19940331_0050_li 0 0 0 0 0 0 0 0 0 0 0
ynao_sd_19940401_0050_li 0 0 0 0 0 0 0 0 0 0 0
ynao_sd_19940402_0050_li 0 0 0 0 0 0 0 0 0 0 0
ynao_sd_19940403_0050_li 0 0 0 0 0 0 0 0 0 0 0
ynao_sd_19940404_0050_li 0 0 0 0 0 0 0 0 0 0 0
ynao_sd_19940405_0050_li 1 1 0 0 0 5.96 26.41 5.96 26.41 0 0
ynao_sd_19940406_0050_li 0 0 0 0 0 0 0 0 0 0 0
ynao_sd_19940407_0050_li 0 0 0 0 0 0 0 0 0 0 0
ynao_sd_19940408_0050_li 0 0 0 0 0 0 0 0 0 0 0
ynao_sd_19940409_0050_li 1 1 0 0 0 44.02 141.74 44.02 141.74 0 0
ynao_sd_19940410_0050_li 1 0 1 1 0 51.33 98.9 8.02 15.48 43.31 83.42
ynao_sd_19940411_0050_li 7 6 1 1 0 80.97 120.87 46.7 70.5 34.27 50.37
ynao_sd_19940412_0050_li 6 6 0 0 0 47.73 56.85 47.73 56.85 0 0
ynao_sd_19940413_0050_li 17 17 0 0 0 88.42 96.93 88.42 96.93 0 0
ynao_sd_19940414_0050_li 11 11 0 0 0 52.84 54.56 52.84 54.56 0 0
ynao_sd_19940415_0050_li 15 15 0 0 0 107.6 252.79 107.6 252.79 0 0
ynao_sd_19940416_0035_li 5 4 1 2 0 1123.99 3595.6 46.07 96.87 1077.92 3498.73
ynao_sd_19940417_0050_li 4 2 2 1 0 164.08 261.83 29.82 48.24 134.26 213.59
ynao_sd_19940418_0050_li 5 3 2 1 0 230.65 295.12 50.64 67.21 180.01 227.91
ynao_sd_19940419_0050_li 5 2 3 1 0 264.65 297.01 63.03 73.73 201.62 223.28
ynao_sd_19940420_0050_li 11 9 2 1 0 337.61 484.18 90.75 228.26 246.86 255.92
ynao_sd_19940421_0050_li 8 7 1 1 0 298.33 314.55 88.69 100.97 209.64 213.58
ynao_sd_19940422_0050_li 25 23 2 2 0 437.61 497.9 196.18 216.34 241.43 281.56
ynao_sd_19940423_0050_li 31 25 6 3 0 607.79 660.38 233.51 247.58 374.28 412.8
ynao_sd_19940424_0050_li 14 9 5 2 0 429.75 508.17 132.59 147.78 297.16 360.39
ynao_sd_19940425_0050_li 5 2 3 2 0 311.15 421.95 40.73 52.1 270.42 369.85
ynao_sd_19940426_0050_li 9 7 2 2 0 272.78 463.86 88.04 137.91 184.74 325.95
ynao_sd_19940427_0050_li 8 7 1 1 0 167.77 417.78 90.89 284.45 76.88 133.33
ynao_sd_19940428_0050_li 2 1 1 1 0 54.76 126.62 16.85 31.3 37.91 95.32
ynao_sd_19940429_0050_li 2 2 0 0 0 25.22 93.53 25.22 93.53 0 0
ynao_sd_19940430_0050_li 0 0 0 0 0 0 0 0 0 0 0
ynao_sd_19940501_0050_li 0 0 0 0 0 0 0 0 0 0 0
ynao_sd_19940502_0050_li 14 14 0 0 0 90.46 108.81 90.46 108.81 0 0
ynao_sd_19940503_0050_li 14 14 0 0 0 79.33 95.32 79.33 95.32 0 0
ynao_sd_19940505_0050_li 2 2 0 0 0 14.1 24.91 14.1 24.91 0 0
ynao_sd_19940507_0050_li 1 1 0 0 0 6.32 6.75 6.32 6.75 0 0
ynao_sd_19940508_0050_li 0 0 0 0 0 0 0 0 0 0 0
ynao_sd_19940509_0050_li 0 0 0 0 0 0 0 0 0 0 0
ynao_sd_19940510_0050_li 1 1 0 0 0 5.64 8.55 5.64 8.55 0 0
ynao_sd_19940511_0050_li 0 0 0 0 0 0 0 0 0 0 0
ynao_sd_19940512_0050_li 8 6 2 1 0 209.59 768.8 77.29 229.55 132.3 539.25
ynao_sd_19940513_0050_li 19 14 5 3 0 285.01 548.75 152.31 261.23 132.7 287.52
ynao_sd_19940514_0050_li 14 9 5 4 0 626.72 941.53 148.78 208.29 477.94 733.24
ynao_sd_19940515_0050_li 11 5 6 4 0 756.46 947.7 153.85 191.84 602.61 755.86
ynao_sd_19940516_0050_li 12 9 3 1 0 892.73 993.99 194.99 216.91 697.74 777.08
ynao_sd_19940517_0050_li 23 19 4 1 0 909.74 979.62 193.33 245.99 716.41 733.63
ynao_sd_19940518_0050_li 23 17 6 1 0 963.44 1084.65 291.96 405.66 671.48 678.99
ynao_sd_19940520_0050_li 20 14 6 2 0 855.77 1003.81 171.25 208.41 684.52 795.4
ynao_sd_19940521_0050_li 22 17 5 2 0 835.11 1106.49 197.39 247.02 637.72 859.47
ynao_sd_19940522_0050_li 11 8 3 1 0 529.46 934.59 114.2 198.36 415.26 736.23
ynao_sd_19940523_0050_li 9 5 4 1 0 280.4 647.41 72.36 134.31 208.04 513.1
ynao_sd_19940524_0050_li 5 3 2 1 0 99.04 345.02 30.84 70.13 68.2 274.89
ynao_sd_19940525_0050_li 1 1 0 0 0 6.77 7.48 6.77 7.48 0 0
ynao_sd_19940526_0050_li 1 1 0 0 0 6.84 11.03 6.84 11.03 0 0
ynao_sd_19940528_0050_li 0 0 0 0 0 0 0 0 0 0 0
ynao_sd_19940530_0050_li 0 0 0 0 0 0 0 0 0 0 0
ynao_sd_19940531_0050_li 0 0 0 0 0 0 0 0 0 0 0
ynao_sd_19940601_0050_li 0 0 0 0 0 0 0 0 0 0 0
ynao_sd_19940602_0050_li 1 1 0 0 0 4.63 4.8 4.63 4.8 0 0
ynao_sd_19940603_0050_li 0 0 0 0 0 0 0 0 0 0 0
ynao_sd_19940604_0050_li 0 0 0 0 0 0 0 0 0 0 0
ynao_sd_19940605_0050_li 0 0 0 0 0 0 0 0 0 0 0
ynao_sd_19940606_0050_li 0 0 0 0 0 0 0 0 0 0 0
ynao_sd_19940607_0050_li 0 0 0 0 0 0 0 0 0 0 0
ynao_sd_19940609_0050_li 6 4 2 1 0 158.12 313.72 40.79 69.71 117.33 244.01
ynao_sd_19940610_0050_li 10 8 2 1 0 282.24 422.15 92.44 119.93 189.8 302.22
ynao_sd_19940611_0050_li 14 12 2 2 0 252.12 293.53 115.58 125.34 136.54 168.19
ynao_sd_19940612_0050_li 13 12 1 1 0 202.69 219.37 92.31 98.45 110.38 120.92
ynao_sd_19940613_0050_li 12 9 3 2 0 208.24 221.62 85.68 95.98 122.56 125.64
ynao_sd_19940614_0050_li 5 3 2 1 0 106.7 111.12 32.72 36.58 73.98 74.54
ynao_sd_19940615_0050_li 18 16 2 1 0 202.24 224.9 113.63 132.29 88.61 92.61
ynao_sd_19940618_0050_li 4 4 0 0 0 50.1 156.95 50.1 156.95 0 0
ynao_sd_19940620_0050_li 1 1 0 0 0 6.64 8.22 6.64 8.22 0 0
ynao_sd_19940622_0050_li 0 0 0 0 0 0 0 0 0 0 0
ynao_sd_19940623_0050_li 0 0 0 0 0 0 0 0 0 0 0
ynao_sd_19940624_0050_li 0 0 0 0 0 0 0 0 0 0 0
ynao_sd_19940625_0050_li 0 0 0 0 0 0 0 0 0 0 0
ynao_sd_19940627_0050_li 1 1 0 0 0 6.57 7.27 6.57 7.27 0 0
ynao_sd_19940628_0050_li 0 0 0 0 0 0 0 0 0 0 0
ynao_sd_19940629_0050_li 0 0 0 0 0 0 0 0 0 0 0
ynao_sd_19940630_0050_li 1 1 0 0 0 9.63 10.7 9.63 10.7 0 0
ynao_sd_19940701_0050_li 0 0 0 0 0 0 0 0 0 0 0
ynao_sd_19940702_0050_li 0 0 0 0 0 0 0 0 0 0 0
ynao_sd_19940703_0050_li 5 4 1 1 0 136.44 400.23 35.76 64.4 100.68 335.83
ynao_sd_19940704_0050_li 8 6 2 1 0 221.27 412.81 66.77 104.89 154.5 307.92
ynao_sd_19940705_0050_li 8 6 2 1 0 338.49 495.02 63.66 93.04 274.83 401.98
ynao_sd_19940706_0050_li 7 5 2 1 0 364.44 440.07 79.16 95.17 285.28 344.9
ynao_sd_19940707_0050_li 21 16 5 2 0 335.74 355.52 104.78 111.19 230.96 244.33
ynao_sd_19940708_0050_li 14 12 2 1 0 300.17 305.45 85.85 87.12 214.32 218.33
ynao_sd_19940709_0050_li 12 9 3 3 0 304.61 309.23 73.04 74.22 231.57 235.01
ynao_sd_19940710_0050_li 15 13 2 2 0 212.19 225.36 80.69 85.97 131.5 139.39
ynao_sd_19940711_0050_li 15 13 2 3 0 249.19 291.78 95.56 112.1 153.63 179.68
ynao_sd_19940712_0050_li 7 3 4 2 0 178.07 252.37 50.08 71.51 127.99 180.86
ynao_sd_19940713_0050_li 8 7 1 1 0 104.29 189.64 54.43 100.9 49.86 88.74
ynao_sd_19940714_0050_li 5 4 1 1 0 64.04 121.0 36.58 46.93 27.46 74.07
ynao_sd_19940715_0050_li 7 7 0 0 0 58.2 138.3 58.2 138.3 0 0
ynao_sd_19940716_0050_li 12 12 0 0 0 88.32 228.02 88.32 228.02 0 0
ynao_sd_19940717_0050_li 13 11 2 2 0 236.02 550.68 103.25 185.89 132.77 364.79
ynao_sd_19940718_0050_li 10 8 2 2 0 252.78 477.82 77.33 134.66 175.45 343.16
ynao_sd_19940719_0050_li 5 4 1 1 0 261.18 369.59 68.62 100.29 192.56 269.3
ynao_sd_19940720_0050_li 6 5 1 1 0 302.38 357.78 61.69 74.52 240.69 283.26
ynao_sd_19940721_0050_li 9 8 1 1 0 453.87 479.95 105.45 112.22 348.42 367.73
ynao_sd_19940722_0050_li 7 4 3 1 0 428.96 436.97 72.62 77.54 356.34 359.43
ynao_sd_19940723_0050_li 5 2 3 1 0 362.68 367.92 54.03 54.79 308.65 313.13
ynao_sd_19940724_0050_li 8 5 3 1 0 386.93 415.91 77.03 83.53 309.9 332.38
ynao_sd_19940725_0050_li 5 4 1 1 0 279.44 345.32 53.02 65.29 226.42 280.03
ynao_sd_19940726_0050_li 1 0 1 1 0 187.59 276.38 23.9 35.11 163.69 241.27
ynao_sd_19940727_0050_li 2 1 1 1 0 124.35 228.28 13.24 26.7 111.11 201.58
ynao_sd_19940728_0050_li 3 2 1 1 0 61.27 160.94 26.6 65.35 34.67 95.59
ynao_sd_19940729_0050_li 3 3 0 0 0 15.96 18.89 15.96 18.89 0 0
ynao_sd_19940730_0050_li 1 1 0 0 0 6.02 6.5 6.02 6.5 0 0
ynao_sd_19940731_0050_li 1 1 0 0 0 5.37 23.48 5.37 23.48 0 0
ynao_sd_19940801_0050_li 0 0 0 0 0 0 0 0 0 0 0
ynao_sd_19940802_0050_li 1 1 0 0 0 6.47 6.95 6.47 6.95 0 0
ynao_sd_19940803_0050_li 5 5 0 0 0 54.75 172.67 54.75 172.67 0 0
ynao_sd_19940804_0050_li 7 6 1 1 0 98.76 180.32 50.04 96.72 48.72 83.6
ynao_sd_19940805_0050_li 13 12 1 1 0 165.33 221.56 87.89 120.38 77.44 101.18
ynao_sd_19940806_0050_li 18 15 3 1 0 204.29 232.89 92.12 107.79 112.17 125.1
ynao_sd_19940807_0050_li 9 7 2 1 0 262.98 266.65 61.54 63.02 201.44 203.63
ynao_sd_19940809_0050_li 7 5 2 1 0 258.83 266.44 69.86 71.68 188.97 194.76
ynao_sd_19940810_0050_li 12 10 2 1 0 270.73 300.36 103.3 113.42 167.43 186.94
ynao_sd_19940811_0050_li 8 6 2 1 0 226.43 295.53 73.76 94.73 152.67 200.8
ynao_sd_19940813_0050_li 2 1 1 1 0 87.71 197.65 18.05 35.66 69.66 161.99
ynao_sd_19940814_0050_li 1 0 1 1 0 61.7 279.16 8.24 36.24 53.46 242.92
ynao_sd_19940815_0050_li 6 6 0 0 0 56.09 70.37 56.09 70.37 0 0
ynao_sd_19940817_0050_li 7 7 0 0 0 38.15 40.04 38.15 40.04 0 0
ynao_sd_19940818_0050_li 0 0 0 0 0 0 0 0 0 0 0
ynao_sd_19940819_0050_li 0 0 0 0 0 0 0 0 0 0 0
ynao_sd_19940820_0050_li 0 0 0 0 0 0 0 0 0 0 0
ynao_sd_19940821_0050_li 0 0 0 0 0 0 0 0 0 0 0
ynao_sd_19940822_0050_li 1 1 0 0 0 6.79 9.35 6.79 9.35 0 0
ynao_sd_19940823_0050_li 3 3 0 0 0 20.44 24.12 20.44 24.12 0 0
ynao_sd_19940824_0050_li 2 2 0 0 0 17.96 25.63 17.96 25.63 0 0
ynao_sd_19940825_0050_li 0 0 0 0 0 0 0 0 0 0 0
ynao_sd_19940826_0050_li 0 0 0 0 0 0 0 0 0 0 0
ynao_sd_19940827_0050_li 0 0 0 0 0 0 0 0 0 0 0
ynao_sd_19940828_0050_li 0 0 0 0 0 0 0 0 0 0 0
ynao_sd_19940829_0050_li 1 0 1 1 0 63.13 223.32 6.55 23.0 56.58 200.32
ynao_sd_19940830_0050_li 2 1 1 1 0 107.69 210.14 16.8 26.91 90.89 183.23
ynao_sd_19940831_0050_li 1 0 1 1 0 155.31 228.15 31.77 46.74 123.54 181.41
ynao_sd_19940901_0050_li 2 0 2 1 0 183.05 222.67 25.66 31.2 157.39 191.47
ynao_sd_19940902_0050_li 3 2 1 1 0 251.28 283.74 55.37 72.39 195.91 211.35
ynao_sd_19940903_0050_li 5 4 1 1 0 240.27 250.84 49.47 58.1 190.8 192.74
ynao_sd_19940904_0050_li 8 7 1 1 0 199.3 207.69 73.47 81.26 125.83 126.43
ynao_sd_19940906_0050_li 14 13 1 1 0 166.32 182.25 86.95 89.54 79.37 92.71
ynao_sd_19940907_0050_li 15 14 1 1 0 194.08 234.34 101.29 108.03 92.79 126.31
ynao_sd_19940910_0050_li 5 5 0 0 0 37.93 66.17 37.93 66.17 0 0
ynao_sd_19940911_0050_li 0 0 0 0 0 0 0 0 0 0 0
ynao_sd_19940912_0050_li 1 1 0 0 0 9.22 21.66 9.22 21.66 0 0
ynao_sd_19940913_0050_li 2 2 0 0 0 13.96 14.83 13.96 14.83 0 0
ynao_sd_19940914_0050_li 0 0 0 0 0 0 0 0 0 0 0
ynao_sd_19940915_0050_li 1 1 0 0 0 6.16 7.39 6.16 7.39 0 0
ynao_sd_19940916_0050_li 0 0 0 0 0 0 0 0 0 0 0
ynao_sd_19940917_0050_li 9 8 1 1 0 76.47 95.39 56.82 74.2 19.65 21.19
ynao_sd_19940918_0050_li 6 6 0 0 0 43.61 44.49 43.61 44.49 0 0
ynao_sd_19940919_0050_li 0 0 0 0 0 0 0 0 0 0 0
ynao_sd_19940920_0050_li 0 0 0 0 0 0 0 0 0 0 0
ynao_sd_19940921_0050_li 0 0 0 0 0 0 0 0 0 0 0
ynao_sd_19940922_0050_li 0 0 0 0 0 0 0 0 0 0 0
ynao_sd_19940923_0050_li 1 1 0 0 0 5.07 5.28 5.07 5.28 0 0
ynao_sd_19940924_0050_li 0 0 0 0 0 0 0 0 0 0 0
ynao_sd_19940925_0050_li 0 0 0 0 0 0 0 0 0 0 0
ynao_sd_19940929_0050_li 1 1 0 0 0 6.25 6.49 6.25 6.49 0 0
ynao_sd_19940930_0050_li 1 1 0 0 0 4.99 5.75 4.99 5.75 0 0
ynao_sd_19941001_0050_li 0 0 0 0 0 0 0 0 0 0 0
ynao_sd_19941002_0050_li 0 0 0 0 0 0 0 0 0 0 0
ynao_sd_19941003_0050_li 1 1 0 0 0 10.66 64.46 10.66 64.46 0 0
ynao_sd_19941004_0050_li 0 0 0 0 0 0 0 0 0 0 0
ynao_sd_19941005_0050_li 1 1 0 0 0 8.08 13.41 8.08 13.41 0 0
ynao_sd_19941006_0050_li 6 6 0 0 0 45.95 107.56 45.95 107.56 0 0
ynao_sd_19941007_0050_li 12 11 1 1 0 107.96 176.27 84.76 140.26 23.2 36.01
ynao_sd_19941009_0050_li 11 8 3 1 0 180.55 233.24 88.87 118.42 91.68 114.82
ynao_sd_19941010_0050_li 20 13 7 3 0 394.59 639.47 116.21 178.39 278.38 461.08
ynao_sd_19941011_0050_li 16 10 6 3 0 470.63 687.03 111.81 173.38 358.82 513.65
ynao_sd_19941012_0050_li 17 6 11 4 0 689.78 1453.71 135.7 265.38 554.08 1188.33
ynao_sd_19941013_0050_li 23 14 9 5 1 928.25 1790.34 173.88 362.14 754.37 1428.2
ynao_sd_19941014_0050_li 37 22 15 7 0 1201.94 1706.94 272.97 379.23 928.97 1327.71
ynao_sd_19941015_0050_li 45 38 7 6 0 1161.3 1399.45 321.58 402.47 839.72 996.98
ynao_sd_19941016_0050_li 51 39 12 5 0 1245.35 1353.17 351.65 386.94 893.7 966.23
ynao_sd_19941017_0050_li 42 37 5 4 0 902.7 945.81 281.82 293.99 620.88 651.82
ynao_sd_19941018_0050_li 39 34 5 2 0 716.63 778.2 253.13 266.7 463.5 511.5
ynao_sd_19941019_0050_li 30 26 4 2 0 596.25 695.07 214.11 232.86 382.14 462.21
ynao_sd_19941021_0050_li 14 12 2 1 0 372.75 620.07 126.7 264.95 246.05 355.12
ynao_sd_19941022_0050_li 10 8 2 1 0 192.19 350.71 64.7 103.89 127.49 246.82
ynao_sd_19941023_0050_li 4 2 2 1 0 67.65 129.47 23.12 44.88 44.53 84.59
ynao_sd_19941024_0050_li 5 5 0 1 0 61.72 184.22 41.66 120.99 20.06 63.23
ynao_sd_19941025_0050_li 2 2 0 1 0 63.31 323.77 29.41 146.72 33.9 177.05
ynao_sd_19941026_0050_li 9 3 6 3 0 183.08 549.35 54.59 170.02 128.49 379.33
ynao_sd_19941027_0050_li 13 8 5 3 0 412.25 779.69 138.91 268.61 273.34 511.08
ynao_sd_19941028_0050_li 18 11 7 6 0 565.65 813.13 155.22 223.72 410.43 589.41
ynao_sd_19941029_0050_li 32 26 6 4 0 727.48 865.95 270.93 324.63 456.55 541.32
ynao_sd_19941030_0050_li 33 27 6 4 0 756.57 809.95 244.13 262.92 512.44 547.03
ynao_sd_19941031_0050_li 26 18 8 4 0 588.25 599.58 146.15 149.41 442.1 450.17
ynao_sd_19941101_0050_li 28 23 5 2 0 472.35 480.44 195.42 199.94 276.93 280.5
ynao_sd_19941102_0050_li 16 15 1 2 0 355.67 386.82 111.15 127.03 244.52 259.79
ynao_sd_19941103_0050_li 6 5 1 1 0 179.47 212.55 62.19 77.21 117.28 135.34
ynao_sd_19941104_0050_li 9 8 1 1 0 98.85 137.43 52.58 77.02 46.27 60.41
ynao_sd_19941105_0050_li 1 1 0 0 0 33.33 57.89 33.33 57.89 0 0
ynao_sd_19941106_0050_li 2 1 1 1 0 76.77 180.86 36.27 90.08 40.5 90.78
ynao_sd_19941107_0050_li 3 2 1 1 0 67.64 114.6 22.16 41.22 45.48 73.38
ynao_sd_19941108_0050_li 2 1 1 1 0 77.87 100.1 17.76 21.8 60.11 78.3
ynao_sd_19941109_0050_li 1 0 1 1 0 64.71 72.94 11.22 12.65 53.49 60.29
ynao_sd_19941110_0050_li 3 1 2 1 0 73.98 76.83 17.54 18.28 56.44 58.55
ynao_sd_19941111_0050_li 2 0 2 1 0 47.41 47.89 10.05 10.16 37.36 37.73
ynao_sd_19941112_0050_li 1 1 0 0 0 21.02 21.71 21.02 21.71 0 0
ynao_sd_19941113_0050_li 4 4 0 0 0 21.0 22.47 21.0 22.47 0 0
ynao_sd_19941114_0050_li 2 2 0 0 0 19.19 25.05 19.19 25.05 0 0
ynao_sd_19941115_0050_li 1 1 0 0 0 5.66 6.57 5.66 6.57 0 0
ynao_sd_19941116_0050_li 0 0 0 0 0 0 0 0 0 0 0
ynao_sd_19941117_0050_li 2 2 0 0 0 8.85 8.9 8.85 8.9 0 0
ynao_sd_19941118_0050_li 0 0 0 0 0 0 0 0 0 0 0
ynao_sd_19941119_0050_li 0 0 0 0 0 0 0 0 0 0 0
ynao_sd_19941120_0050_li 0 0 0 0 0 0 0 0 0 0 0
ynao_sd_19941121_0050_li 1 1 0 0 0 11.1 59.17 11.1 59.17 0 0
ynao_sd_19941122_0050_li 1 1 0 0 0 18.21 44.25 18.21 44.25 0 0
ynao_sd_19941123_0050_li 2 1 1 1 0 38.39 62.45 8.21 11.67 30.18 50.78
ynao_sd_19941124_0050_li 2 2 0 0 0 12.58 16.61 12.58 16.61 0 0
ynao_sd_19941125_0050_li 0 0 0 0 0 0 0 0 0 0 0
ynao_sd_19941127_0050_li 2 2 0 0 0 9.56 9.73 9.56 9.73 0 0
ynao_sd_19941128_0050_li 0 0 0 0 0 0 0 0 0 0 0
ynao_sd_19941129_0050_li 2 2 0 0 0 13.41 18.76 13.41 18.76 0 0
ynao_sd_19941130_0050_li 0 0 0 0 0 0 0 0 0 0 0
ynao_sd_19941201_0050_li 1 1 0 0 0 7.27 15.45 7.27 15.45 0 0
ynao_sd_19941202_0050_li 0 0 0 0 0 0 0 0 0 0 0
ynao_sd_19941203_0050_li 4 4 0 0 0 20.58 21.06 20.58 21.06 0 0
ynao_sd_19941204_0050_li 0 0 0 0 0 0 0 0 0 0 0
ynao_sd_19941205_0050_li 0 0 0 0 0 0 0 0 0 0 0
ynao_sd_19941206_0050_li 0 0 0 0 0 0 0 0 0 0 0
ynao_sd_19941207_0050_li 0 0 0 0 0 0 0 0 0 0 0
ynao_sd_19941208_0050_li 0 0 0 0 0 0 0 0 0 0 0
ynao_sd_19941209_0050_li 0 0 0 0 0 0 0 0 0 0 0
ynao_sd_19941210_0050_li 0 0 0 0 0 0 0 0 0 0 0
ynao_sd_19941211_0050_li 1 1 0 0 0 5.87 6.68 5.87 6.68 0 0
ynao_sd_19941212_0050_li 0 0 0 0 0 0 0 0 0 0 0
ynao_sd_19941213_0050_li 0 0 0 0 0 0 0 0 0 0 0
ynao_sd_19941214_0050_li 0 0 0 0 0 0 0 0 0 0 0
ynao_sd_19941215_0050_li 0 0 0 0 0 0 0 0 0 0 0
ynao_sd_19941216_0050_li 0 0 0 0 0 0 0 0 0 0 0
ynao_sd_19941217_0050_li 1 1 0 0 0 3.89 4.72 3.89 4.72 0 0
ynao_sd_19941218_0050_li 2 1 1 1 0 145.67 354.48 42.35 102.78 103.32 251.7
ynao_sd_19941220_0050_li 2 0 2 1 0 236.01 306.47 42.95 55.67 193.06 250.8
ynao_sd_19941222_0050_li 7 6 1 1 0 321.7 334.17 56.98 65.13 264.72 269.04
ynao_sd_19941223_0050_li 10 8 2 1 0 285.84 294.59 75.52 83.82 210.32 210.77
ynao_sd_19941224_0050_li 8 7 1 1 0 235.66 244.03 68.71 70.62 166.95 173.41
ynao_sd_19941225_0050_li 4 3 1 1 0 188.71 215.36 44.13 49.78 144.58 165.58
ynao_sd_19941226_0050_li 5 4 1 1 0 170.24 232.88 45.19 60.92 125.05 171.96
ynao_sd_19941227_0050_li 3 2 1 1 0 117.02 213.5 28.3 50.45 88.72 163.05
ynao_sd_19941228_0050_li 1 0 1 1 0 59.27 165.68 8.24 23.08 51.03 142.6
ynao_sd_19941229_0050_li 0 0 0 0 0 0 0 0 0 0 0
ynao_sd_19941230_0050_li 0 0 0 0 0 0 0 0 0 0 0
ynao_sd_19941231_0050_li 0 0 0 0 0 0 0 0 0 0 0
