ynao_sd_19950102_0050_li 0 0 0 0 0 0 0 0 0 0 0
ynao_sd_19950105_0050_li 6 6 0 0 0 39.33 53.31 39.33 53.31 0 0
ynao_sd_19950106_0050_li 3 3 0 0 0 20.78 26.64 20.78 26.64 0 0
ynao_sd_19950107_0050_li 3 3 0 0 0 17.07 18.1 17.07 18.1 0 0
ynao_sd_19950108_0050_li 0 0 0 0 0 0 0 0 0 0 0
ynao_sd_19950109_0050_li 0 0 0 0 0 0 0 0 0 0 0
ynao_sd_19950110_0050_li 0 0 0 0 0 0 0 0 0 0 0
ynao_sd_19950111_0050_li 0 0 0 0 0 0 0 0 0 0 0
ynao_sd_19950112_0050_li 0 0 0 0 0 0 0 0 0 0 0
ynao_sd_19950113_0050_li 0 0 0 0 0 0 0 0 0 0 0
ynao_sd_19950114_0050_li 0 0 0 0 0 0 0 0 0 0 0
ynao_sd_19950115_0050_li 0 0 0 0 0 0 0 0 0 0 0
ynao_sd_19950116_0050_li 0 0 0 0 0 0 0 0 0 0 0
ynao_sd_19950117_0050_li 0 0 0 0 0 0 0 0 0 0 0
ynao_sd_19950118_0050_li 0 0 0 0 0 0 0 0 0 0 0
ynao_sd_19950120_0050_li 6 6 0 0 0 44.37 85.62 44.37 85.62 0 0
ynao_sd_19950121_0050_li 13 13 0 0 0 121.24 177.94 121.24 177.94 0 0
ynao_sd_19950122_0050_li 24 21 3 2 0 280.51 343.39 146.43 184.77 134.08 158.62
ynao_sd_19950123_0050_li 27 21 6 2 0 429.68 464.89 165.23 181.16 264.45 283.73
ynao_sd_19950124_0050_li 21 18 3 2 0 439.75 457.82 171.0 179.26 268.75 278.56
ynao_sd_19950125_0050_li 28 25 3 1 0 480.27 508.95 195.71 206.59 284.56 302.36
ynao_sd_19950126_0050_li 19 16 3 1 0 335.37 381.28 128.03 142.72 207.34 238.56
ynao_sd_19950127_0050_li 13 10 3 1 0 248.54 329.12 82.28 106.26 166.26 222.86
ynao_sd_19950128_0050_li 2 1 1 1 0 148.19 256.18 21.38 36.66 126.81 219.52
ynao_sd_19950129_0050_li 1 0 1 1 0 120.22 290.03 15.12 36.39 105.1 253.64
ynao_sd_19950130_0050_li 0 0 0 0 0 0 0 0 0 0 0
ynao_sd_19950203_0050_li 0 0 0 0 0 0 0 0 0 0 0
ynao_sd_19950205_0050_li 5 5 0 0 0 25.97 26.29 25.97 26.29 0 0
ynao_sd_19950206_0050_li 4 4 0 0 0 36.61 37.16 36.61 37.16 0 0
ynao_sd_19950207_0050_li 1 1 0 0 0 6.22 6.59 6.22 6.59 0 0
ynao_sd_19950210_0050_li 3 1 2 1 0 104.32 229.4 36.0 97.91 68.32 131.49
ynao_sd_19950211_0050_li 2 1 1 1 0 153.62 252.89 33.58 58.54 120.04 194.35
ynao_sd_19950212_0050_li 2 1 1 1 0 226.83 299.86 31.28 42.9 195.55 256.96
ynao_sd_19950213_0050_li 2 1 1 1 0 237.25 271.74 37.35 42.87 199.9 228.87
ynao_sd_19950214_0050_li 5 4 1 1 0 270.96 286.45 53.07 55.53 217.89 230.92
ynao_sd_19950215_0050_li 6 5 1 1 0 274.78 305.52 62.6 85.6 212.18 219.92
ynao_sd_19950216_0050_li 6 5 1 1 0 197.4 216.21 49.2 58.04 148.2 158.17
ynao_sd_19950217_0050_li 3 2 1 1 0 128.57 151.05 30.16 37.02 98.41 114.03
ynao_sd_19950218_0050_li 2 1 1 1 0 92.9 125.96 15.98 23.44 76.92 102.52
ynao_sd_19950219_0050_li 7 6 1 1 0 118.46 182.76 57.25 76.65 61.21 106.11
ynao_sd_19950220_0050_li 8 5 3 2 0 136.21 232.86 60.4 82.64 75.81 150.22
ynao_sd_19950221_0050_li 8 8 0 0 0 55.67 60.6 55.67 60.6 0 0
ynao_sd_19950222_0050_li 5 4 1 2 0 104.39 109.82 40.93 43.1 63.46 66.72
ynao_sd_19950223_0050_li 6 6 0 1 0 77.91 84.04 42.4 45.37 35.51 38.67
ynao_sd_19950224_0050_li 11 11 0 0 0 104.33 145.56 104.33 145.56 0 0
ynao_sd_19950225_0050_li 6 5 1 1 0 82.74 115.15 63.85 89.42 18.89 25.73
ynao_sd_19950226_0050_li 2 2 0 0 0 16.07 23.09 16.07 23.09 0 0
ynao_sd_19950227_0050_li 2 2 0 0 0 10.12 25.86 10.12 25.86 0 0
ynao_sd_19950228_0050_li 0 0 0 0 0 0 0 0 0 0 0
ynao_sd_19950302_0050_li 0 0 0 0 0 0 0 0 0 0 0
ynao_sd_19950303_0050_li 0 0 0 0 0 0 0 0 0 0 0
ynao_sd_19950305_0050_li 0 0 0 0 0 0 0 0 0 0 0
ynao_sd_19950306_0050_li 0 0 0 0 0 0 0 0 0 0 0
ynao_sd_19950308_0050_li 0 0 0 0 0 0 0 0 0 0 0
ynao_sd_19950309_0050_li 1 1 0 0 0 5.49 10.65 5.49 10.65 0 0
ynao_sd_19950310_0050_li 2 2 0 0 0 12.88 15.96 12.88 15.96 0 0
ynao_sd_19950311_0050_li 1 1 0 0 0 8.95 9.2 8.95 9.2 0 0
ynao_sd_19950312_0050_li 0 0 0 0 0 0 0 0 0 0 0
ynao_sd_19950313_0050_li 0 0 0 0 0 0 0 0 0 0 0
ynao_sd_19950314_0050_li 0 0 0 0 0 0 0 0 0 0 0
ynao_sd_19950315_0050_li 0 0 0 0 0 0 0 0 0 0 0
ynao_sd_19950316_0050_li 0 0 0 0 0 0 0 0 0 0 0
ynao_sd_19950317_0050_li 0 0 0 0 0 0 0 0 0 0 0
ynao_sd_19950319_0050_li 7 7 0 0 0 88.61 143.51 88.61 143.51 0 0
ynao_sd_19950320_0050_li 8 8 0 0 0 89.98 124.5 89.98 124.5 0 0
ynao_sd_19950321_0050_li 20 19 1 1 0 157.74 196.89 126.21 156.01 31.53 40.88
ynao_sd_19950322_0050_li 19 16 3 2 0 236.92 276.69 124.04 146.7 112.88 129.99
ynao_sd_19950323_0050_li 22 19 3 1 0 292.61 320.74 153.4 168.87 139.21 151.87
ynao_sd_19950324_0050_li 17 14 3 1 0 207.6 224.57 116.02 125.3 91.58 99.27
ynao_sd_19950326_0050_li 7 6 1 1 0 84.96 104.9 46.1 56.05 38.86 48.85
ynao_sd_19950327_0050_li 2 2 0 0 0 11.49 16.83 11.49 16.83 0 0
ynao_sd_19950328_0050_li 1 1 0 0 0 7.4 13.87 7.4 13.87 0 0
ynao_sd_19950329_0050_li 0 0 0 0 0 0 0 0 0 0 0
ynao_sd_19950330_0050_li 0 0 0 0 0 0 0 0 0 0 0
ynao_sd_19950331_0050_li 0 0 0 0 0 0 0 0 0 0 0
ynao_sd_19950401_0050_li 0 0 0 0 0 0 0 0 0 0 0
ynao_sd_19950402_0050_li 0 0 0 0 0 0 0 0 0 0 0
ynao_sd_19950403_0050_li 0 0 0 0 0 0 0 0 0 0 0
ynao_sd_19950404_0050_li 0 0 0 0 0 0 0 0 0 0 0
ynao_sd_19950405_0050_li 0 0 0 0 0 0 0 0 0 0 0
ynao_sd_19950406_0050_li 0 0 0 0 0 0 0 0 0 0 0
ynao_sd_19950407_0050_li 0 0 0 0 0 0 0 0 0 0 0
ynao_sd_19950408_0050_li 0 0 0 0 0 0 0 0 0 0 0
ynao_sd_19950409_0050_li 3 3 0 0 0 19.14 19.93 19.14 19.93 0 0
ynao_sd_19950410_0050_li 0 0 0 0 0 0 0 0 0 0 0
ynao_sd_19950411_0050_li 2 2 0 0 0 19.49 25.78 19.49 25.78 0 0
ynao_sd_19950412_0050_li 1 1 0 0 0 4.61 6.21 4.61 6.21 0 0
ynao_sd_19950414_0050_li 8 8 0 0 0 57.13 75.54 57.13 75.54 0 0
ynao_sd_19950415_0050_li 16 14 2 1 0 216.07 237.14 132.66 146.51 83.41 90.63
ynao_sd_19950416_0050_li 12 10 2 1 0 205.21 213.12 144.29 150.26 60.92 62.86
ynao_sd_19950417_0050_li 14 13 1 1 0 132.29 138.1 90.04 93.9 42.25 44.2
ynao_sd_19950418_0050_li 24 23 1 0 0 134.51 148.15 138.75 152.94 4.24 4.79
ynao_sd_19950419_0050_li 16 16 0 0 0 100.04 123.95 100.04 123.95 0 0
ynao_sd_19950420_0050_li 9 9 0 0 0 63.53 90.48 63.53 90.48 0 0
ynao_sd_19950421_0050_li 0 0 0 0 0 0 0 0 0 0 0
ynao_sd_19950422_0050_li 0 0 0 0 0 0 0 0 0 0 0
ynao_sd_19950423_0050_li 0 0 0 0 0 0 0 0 0 0 0
ynao_sd_19950424_0050_li 0 0 0 0 0 0 0 0 0 0 0
ynao_sd_19950425_0050_li 0 0 0 0 0 0 0 0 0 0 0
ynao_sd_19950426_0050_li 0 0 0 0 0 0 0 0 0 0 0
ynao_sd_19950427_0050_li 0 0 0 0 0 0 0 0 0 0 0
ynao_sd_19950428_0050_li 0 0 0 0 0 0 0 0 0 0 0
ynao_sd_19950429_0050_li 0 0 0 0 0 0 0 0 0 0 0
ynao_sd_19950430_0050_li 0 0 0 0 0 0 0 0 0 0 0
ynao_sd_19950501_0050_li 0 0 0 0 0 0 0 0 0 0 0
ynao_sd_19950502_0050_li 0 0 0 0 0 0 0 0 0 0 0
ynao_sd_19950503_0050_li 0 0 0 0 0 0 0 0 0 0 0
ynao_sd_19950504_0050_li 0 0 0 0 0 0 0 0 0 0 0
ynao_sd_19950505_0050_li 0 0 0 0 0 0 0 0 0 0 0
ynao_sd_19950506_0050_li 0 0 0 0 0 0 0 0 0 0 0
ynao_sd_19950507_0050_li 0 0 0 0 0 0 0 0 0 0 0
ynao_sd_19950508_0050_li 0 0 0 0 0 0 0 0 0 0 0
ynao_sd_19950511_0050_li 0 0 0 0 0 0 0 0 0 0 0
ynao_sd_19950512_0050_li 6 6 0 0 0 31.76 36.85 31.76 36.85 0 0
ynao_sd_19950513_0050_li 14 10 4 2 0 247.41 261.55 97.83 103.24 149.58 158.31
ynao_sd_19950519_0050_li 11 7 4 1 0 338.39 679.57 89.64 198.03 248.75 481.54
ynao_sd_19950520_0050_li 6 5 1 1 0 103.19 336.54 64.54 216.57 38.65 119.97
ynao_sd_19950521_0050_li 2 2 0 0 0 9.66 47.16 9.66 47.16 0 0
ynao_sd_19950522_0050_li 0 0 0 0 0 0 0 0 0 0 0
ynao_sd_19950523_0050_li 0 0 0 0 0 0 0 0 0 0 0
ynao_sd_19950524_0050_li 0 0 0 0 0 0 0 0 0 0 0
ynao_sd_19950525_0050_li 0 0 0 0 0 0 0 0 0 0 0
ynao_sd_19950526_0050_li 0 0 0 0 0 0 0 0 0 0 0
ynao_sd_19950527_0050_li 1 1 0 0 0 7.89 10.37 7.89 10.37 0 0
ynao_sd_19950528_0050_li 2 2 0 0 0 10.76 17.08 10.76 17.08 0 0
ynao_sd_19950529_0050_li 7 7 0 0 0 57.5 71.65 57.5 71.65 0 0
ynao_sd_19950530_0050_li 7 7 0 0 0 50.0 55.65 50.0 55.65 0 0
ynao_sd_19950531_0050_li 3 3 0 0 0 18.81 19.33 18.81 19.33 0 0
ynao_sd_19950601_0050_li 2 2 0 0 0 17.39 18.83 17.39 18.83 0 0
ynao_sd_19950602_0050_li 1 1 0 0 0 10.45 11.12 10.45 11.12 0 0
ynao_sd_19950603_0050_li 2 2 0 0 0 8.2 8.21 8.2 8.21 0 0
ynao_sd_19950604_0050_li 8 8 0 0 0 63.59 65.98 63.59 65.98 0 0
ynao_sd_19950605_0050_li 11 9 2 1 0 118.62 140.32 84.22 101.81 34.4 38.51
ynao_sd_19950608_0050_li 11 10 1 2 0 174.35 197.16 71.06 90.76 103.29 106.4
ynao_sd_19950609_0050_li 28 21 7 4 0 462.6 468.81 165.68 167.85 296.92 300.96
ynao_sd_19950610_0050_li 36 34 2 3 0 337.52 356.95 227.14 239.66 110.38 117.29
ynao_sd_19950613_0050_li 23 22 1 2 0 225.84 412.34 159.4 281.57 66.44 130.77
ynao_sd_19950614_0050_li 4 4 0 0 0 52.64 162.04 52.64 162.04 0 0
ynao_sd_19950615_0050_li 0 0 0 0 0 0 0 0 0 0 0
ynao_sd_19950616_0050_li 0 0 0 0 0 0 0 0 0 0 0
ynao_sd_19950617_0050_li 1 1 0 0 0 6.0 11.77 6.0 11.77 0 0
ynao_sd_19950618_0050_li 1 1 0 0 0 23.63 135.02 23.63 135.02 0 0
ynao_sd_19950619_0050_li 11 10 1 1 0 163.8 378.19 103.76 233.71 60.04 144.48
ynao_sd_19950620_0050_li 7 6 1 1 0 172.41 304.68 72.9 133.91 99.51 170.77
ynao_sd_19950621_0050_li 10 9 1 1 0 196.0 267.8 80.09 114.12 115.91 153.68
ynao_sd_19950622_0050_li 21 20 1 1 0 238.4 277.78 131.96 157.01 106.44 120.77
ynao_sd_19950623_0050_li 15 14 1 1 0 188.63 197.06 94.13 99.33 94.5 97.73
ynao_sd_19950624_0050_li 13 12 1 1 0 198.63 198.99 94.63 94.93 104.0 104.06
ynao_sd_19950625_0050_li 9 8 1 1 0 154.49 157.72 72.85 74.07 81.64 83.65
ynao_sd_19950627_0050_li 5 4 1 1 0 63.18 77.18 23.35 27.54 39.83 49.64
ynao_sd_19950628_0050_li 3 3 0 0 0 17.74 23.83 17.74 23.83 0 0
ynao_sd_19950629_0050_li 2 2 0 0 0 13.54 43.27 13.54 43.27 0 0
ynao_sd_19950630_0050_li 11 11 0 0 0 61.12 74.26 61.12 74.26 0 0
ynao_sd_19950701_0050_li 13 11 2 1 0 228.17 670.03 81.35 207.37 146.82 462.66
ynao_sd_19950703_0050_li 14 9 5 1 0 417.54 601.33 79.14 117.53 338.4 483.8
ynao_sd_19950704_0050_li 10 6 4 1 0 418.23 510.31 61.94 77.52 356.29 432.79
ynao_sd_19950705_0050_li 18 12 6 1 0 455.0 485.14 105.85 116.33 349.15 368.81
ynao_sd_19950706_0050_li 22 18 4 1 0 408.65 422.71 140.95 151.18 267.7 271.53
ynao_sd_19950707_0050_li 16 11 5 1 0 356.41 358.62 93.52 94.15 262.89 264.47
ynao_sd_19950709_0050_li 11 10 1 1 0 323.68 383.46 87.56 105.98 236.12 277.48
ynao_sd_19950710_0050_li 2 1 1 1 0 230.39 327.98 50.43 71.02 179.96 256.96
ynao_sd_19950711_0050_li 4 3 1 1 0 236.54 407.03 59.16 100.7 177.38 306.33
ynao_sd_19950712_0050_li 1 0 1 1 0 129.36 361.62 21.33 58.85 108.03 302.77
ynao_sd_19950713_0050_li 3 2 1 1 0 64.91 259.02 24.17 58.07 40.74 200.95
ynao_sd_19950714_0050_li 8 8 0 0 0 61.73 69.91 61.73 69.91 0 0
ynao_sd_19950715_0050_li 15 12 3 3 0 253.79 258.48 107.4 109.6 146.39 148.88
ynao_sd_19950716_0050_li 14 9 5 2 0 346.21 346.76 115.02 115.19 231.19 231.57
ynao_sd_19950717_0050_li 15 12 3 2 0 250.75 261.89 90.18 93.5 160.57 168.39
ynao_sd_19950718_0050_li 7 6 1 1 0 88.26 100.39 39.81 44.51 48.45 55.88
ynao_sd_19950719_0050_li 9 9 0 0 0 70.16 87.35 70.16 87.35 0 0
ynao_sd_19950720_0050_li 10 10 0 0 0 75.34 84.0 75.34 84.0 0 0
ynao_sd_19950721_0050_li 6 6 0 0 0 39.12 39.21 39.12 39.21 0 0
ynao_sd_19950722_0050_li 3 3 0 0 0 24.68 25.32 24.68 25.32 0 0
ynao_sd_19950723_0050_li 0 0 0 0 0 0 0 0 0 0 0
ynao_sd_19950724_0050_li 1 1 0 0 0 28.87 28.98 28.87 28.98 0 0
ynao_sd_19950725_0050_li 0 0 0 0 0 0 0 0 0 0 0
ynao_sd_19950726_0050_li 0 0 0 0 0 0 0 0 0 0 0
ynao_sd_19950727_0050_li 0 0 0 0 0 0 0 0 0 0 0
ynao_sd_19950728_0050_li 1 1 0 0 0 9.01 10.23 9.01 10.23 0 0
ynao_sd_19950729_0050_li 2 2 0 0 0 9.87 10.07 9.87 10.07 0 0
ynao_sd_19950730_0050_li 0 0 0 0 0 0 0 0 0 0 0
ynao_sd_19950731_0050_li 6 6 0 0 0 39.22 51.45 39.22 51.45 0 0
ynao_sd_19950801_0050_li 9 9 0 0 0 69.87 78.54 69.87 78.54 0 0
ynao_sd_19950802_0050_li 14 14 0 0 0 93.38 96.3 93.38 96.3 0 0
ynao_sd_19950803_0050_li 18 18 0 0 0 121.11 121.85 121.11 121.85 0 0
ynao_sd_19950804_0050_li 16 16 0 0 0 104.26 110.35 104.26 110.35 0 0
ynao_sd_19950805_0050_li 9 9 0 0 0 59.67 65.96 59.67 65.96 0 0
ynao_sd_19950806_0050_li 17 17 0 0 0 107.84 112.52 107.84 112.52 0 0
ynao_sd_19950807_0050_li 13 12 1 1 0 112.95 123.12 88.46 96.77 24.49 26.35
ynao_sd_19950808_0050_li 13 13 0 0 0 95.18 116.06 95.18 116.06 0 0
ynao_sd_19950809_0050_li 1 1 0 0 0 5.05 7.27 5.05 7.27 0 0
ynao_sd_19950810_0050_li 0 0 0 0 0 0 0 0 0 0 0
ynao_sd_19950814_0050_li 0 0 0 0 0 0 0 0 0 0 0
ynao_sd_19950816_0050_li 9 9 0 0 0 53.56 58.42 53.56 58.42 0 0
ynao_sd_19950817_0050_li 3 3 0 0 0 16.76 19.5 16.76 19.5 0 0
ynao_sd_19950818_0050_li 1 1 0 0 0 4.32 4.51 4.32 4.51 0 0
ynao_sd_19950819_0050_li 0 0 0 0 0 0 0 0 0 0 0
ynao_sd_19950821_0050_li 0 0 0 0 0 0 0 0 0 0 0
ynao_sd_19950822_0050_li 2 2 0 0 0 15.07 19.23 15.07 19.23 0 0
ynao_sd_19950823_0050_li 2 2 0 0 0 15.88 15.94 15.88 15.94 0 0
ynao_sd_19950824_0050_li 22 22 0 0 0 153.96 157.59 153.96 157.59 0 0
ynao_sd_19950825_0050_li 18 14 4 2 0 297.29 332.26 128.89 143.41 168.4 188.85
ynao_sd_19950826_0050_li 17 14 3 4 0 345.98 678.02 150.7 235.06 195.28 442.96
ynao_sd_19950828_0050_li 14 13 1 1 0 259.35 428.32 101.2 189.74 158.15 238.58
ynao_sd_19950829_0050_li 7 6 1 1 0 258.55 314.56 73.6 91.19 184.95 223.37
ynao_sd_19950830_0050_li 9 8 1 1 0 238.19 255.86 83.55 91.73 154.64 164.13
ynao_sd_19950831_0050_li 3 2 1 1 0 253.03 255.95 60.89 61.61 192.14 194.34
ynao_sd_19950901_0050_li 4 3 1 1 0 248.95 251.59 62.6 64.21 186.35 187.38
ynao_sd_19950903_0050_li 2 0 2 1 0 203.63 239.93 22.98 27.07 180.65 212.86
ynao_sd_19950904_0050_li 2 1 1 1 0 177.33 244.18 35.57 50.34 141.76 193.84
ynao_sd_19950905_0050_li 3 2 1 1 0 106.84 226.72 30.17 91.73 76.67 134.99
ynao_sd_19950906_0050_li 1 0 1 1 0 49.11 123.44 10.11 25.32 39.0 98.12
ynao_sd_19950907_0050_li 1 1 0 0 0 35.32 147.39 35.32 147.39 0 0
ynao_sd_19950909_0050_li 0 0 0 0 0 0 0 0 0 0 0
ynao_sd_19950910_0050_li 1 1 0 0 0 6.23 19.42 6.23 19.42 0 0
ynao_sd_19950911_0050_li 0 0 0 0 0 0 0 0 0 0 0
ynao_sd_19950912_0050_li 3 3 0 0 0 17.97 32.27 17.97 32.27 0 0
ynao_sd_19950913_0050_li 1 1 0 0 0 6.65 18.41 6.65 18.41 0 0
ynao_sd_19950914_0050_li 0 0 0 0 0 0 0 0 0 0 0
ynao_sd_19950915_0050_li 0 0 0 0 0 0 0 0 0 0 0
ynao_sd_19950916_0050_li 0 0 0 0 0 0 0 0 0 0 0
ynao_sd_19950917_0050_li 0 0 0 0 0 0 0 0 0 0 0
ynao_sd_19950918_0050_li 6 6 0 0 0 40.64 41.35 40.64 41.35 0 0
ynao_sd_19950920_0050_li 6 5 1 1 0 110.27 297.26 83.93 234.37 26.34 62.89
ynao_sd_19950921_0050_li 10 7 3 3 0 168.07 314.76 80.92 141.16 87.15 173.6
ynao_sd_19950926_0050_li 6 6 0 0 0 42.17 43.26 42.17 43.26 0 0
ynao_sd_19950927_0050_li 5 5 0 0 0 34.71 38.2 34.71 38.2 0 0
ynao_sd_19950928_0050_li 3 3 0 0 0 20.56 25.34 20.56 25.34 0 0
ynao_sd_19950929_0050_li 1 1 0 0 0 6.23 7.83 6.23 7.83 0 0
ynao_sd_19950930_0050_li 1 1 0 0 0 7.98 18.67 7.98 18.67 0 0
ynao_sd_19951001_0050_li 0 0 0 0 0 0 0 0 0 0 0
ynao_sd_19951002_0050_li 0 0 0 0 0 0 0 0 0 0 0
ynao_sd_19951003_0050_li 0 0 0 0 0 0 0 0 0 0 0
ynao_sd_19951004_0050_li 0 0 0 0 0 0 0 0 0 0 0
ynao_sd_19951005_0050_li 0 0 0 0 0 0 0 0 0 0 0
ynao_sd_19951006_0050_li 3 3 0 0 0 228.9 265.42 228.9 265.42 0 0
ynao_sd_19951007_0050_li 0 0 0 0 0 0 0 0 0 0 0
ynao_sd_19951008_0050_li 0 0 0 0 0 0 0 0 0 0 0
ynao_sd_19951010_0050_li 8 8 0 0 0 51.02 51.79 51.02 51.79 0 0
ynao_sd_19951011_0050_li 11 11 0 0 0 89.03 96.25 89.03 96.25 0 0
ynao_sd_19951012_0050_li 10 9 1 1 0 81.74 99.14 60.59 72.79 21.15 26.35
ynao_sd_19951013_0050_li 9 9 0 0 0 66.64 97.53 66.64 97.53 0 0
ynao_sd_19951014_0050_li 1 1 0 1 0 30.33 60.7 5.82 6.38 24.51 54.32
ynao_sd_19951015_0050_li 0 0 0 0 0 0 0 0 0 0 0
ynao_sd_19951016_0050_li 0 0 0 0 0 0 0 0 0 0 0
ynao_sd_19951017_0050_li 1 1 0 0 0 30.45 70.95 30.45 70.95 0 0
ynao_sd_19951018_0050_li 1 1 0 0 0 15.97 68.17 15.97 68.17 0 0
ynao_sd_19951019_0050_li 0 0 0 0 0 0 0 0 0 0 0
ynao_sd_19951020_0050_li 1 1 0 0 0 5.49 38.88 5.49 38.88 0 0
ynao_sd_19951021_0050_li 1 0 1 1 0 115.34 369.61 15.0 48.55 100.34 321.06
ynao_sd_19951022_0050_li 1 0 1 1 0 183.19 355.48 28.91 56.33 154.28 299.15
ynao_sd_19951023_0050_li 5 2 3 1 0 278.5 400.32 50.81 73.4 227.69 326.92
ynao_sd_19951026_0050_li 7 7 0 0 0 53.98 54.58 53.98 54.58 0 0
ynao_sd_19951027_0050_li 10 10 0 0 0 92.99 93.81 92.99 93.81 0 0
ynao_sd_19951028_0050_li 13 13 0 0 0 73.3 77.44 73.3 77.44 0 0
ynao_sd_19951029_0050_li 4 4 0 0 0 36.63 44.04 36.63 44.04 0 0
ynao_sd_19951030_0050_li 1 1 0 0 0 5.07 5.82 5.07 5.82 0 0
ynao_sd_19951101_0050_li 1 1 0 0 0 440.3 490.1 440.3 490.1 0 0
ynao_sd_19951105_0050_li 3 3 0 0 0 19.35 21.64 19.35 21.64 0 0
ynao_sd_19951106_0050_li 2 2 0 0 0 12.62 15.87 12.62 15.87 0 0
ynao_sd_19951108_0050_li 0 0 0 0 0 0 0 0 0 0 0
ynao_sd_19951109_0050_li 0 0 0 0 0 0 0 0 0 0 0
ynao_sd_19951110_0050_li 0 0 0 0 0 0 0 0 0 0 0
ynao_sd_19951111_0050_li 4 4 0 0 0 32.19 41.15 32.19 41.15 0 0
ynao_sd_19951114_0050_li 0 0 0 0 0 0 0 0 0 0 0
ynao_sd_19951115_0050_li 0 0 0 0 0 0 0 0 0 0 0
ynao_sd_19951116_0050_li 0 0 0 0 0 0 0 0 0 0 0
ynao_sd_19951117_0050_li 4 3 1 1 0 70.56 202.07 37.25 111.79 33.31 90.28
ynao_sd_19951118_0050_li 5 4 1 1 0 100.21 176.27 32.89 60.8 67.32 115.47
ynao_sd_19951121_0050_li 4 4 0 0 0 33.99 35.0 33.99 35.0 0 0
ynao_sd_19951122_0050_li 3 3 0 0 0 21.89 22.02 21.89 22.02 0 0
ynao_sd_19951125_0050_li 0 0 0 0 0 0 0 0 0 0 0
ynao_sd_19951126_0050_li 0 0 0 0 0 0 0 0 0 0 0
ynao_sd_19951127_0050_li 0 0 0 0 0 0 0 0 0 0 0
ynao_sd_19951128_0050_li 1 1 0 0 0 6.31 7.84 6.31 7.84 0 0
ynao_sd_19951129_0050_li 5 5 0 0 0 44.98 48.97 44.98 48.97 0 0
ynao_sd_19951130_0050_li 5 5 0 1 0 68.5 69.59 46.43 47.22 22.07 22.37
ynao_sd_19951201_0050_wang 5 4 1 1 0 76.08 76.84 39.58 39.95 36.5 36.89
ynao_sd_19951202_0050_wang 5 5 0 0 0 33.01 34.88 33.01 34.88 0 0
ynao_sd_19951203_0050_wang 2 1 1 1 0 65.1 77.82 20.04 23.83 45.06 53.99
ynao_sd_19951204_0050_wang 3 3 0 0 0 28.8 42.54 28.8 42.54 0 0
ynao_sd_19951205_0050_wang 3 3 0 0 0 23.57 39.73 23.57 39.73 0 0
ynao_sd_19951208_0050_wang 0 0 0 0 0 0 0 0 0 0 0
ynao_sd_19951209_0050_wang 0 0 0 0 0 0 0 0 0 0 0
ynao_sd_19951210_0050_wang 0 0 0 0 0 0 0 0 0 0 0
ynao_sd_19951211_0050_wang 0 0 0 0 0 0 0 0 0 0 0
ynao_sd_19951213_0055_wang 1 1 0 0 0 9.08 12.17 9.08 12.17 0 0
ynao_sd_19951214_0100_wang 0 0 0 0 0 0 0 0 0 0 0
ynao_sd_19951215_0110_wang 0 0 0 0 0 0 0 0 0 0 0
ynao_sd_19951216_0150_wang 0 0 0 0 0 0 0 0 0 0 0
ynao_sd_19951217_0120_wang 0 0 0 0 0 0 0 0 0 0 0
ynao_sd_19951218_0100_li 0 0 0 0 0 0 0 0 0 0 0
ynao_sd_19951219_0150_li 0 0 0 0 0 0 0 0 0 0 0
ynao_sd_19951220_0230_li 0 0 0 0 0 0 0 0 0 0 0
ynao_sd_19951221_0105_li 0 0 0 0 0 0 0 0 0 0 0
ynao_sd_19951222_0055_li 0 0 0 0 0 0 0 0 0 0 0
ynao_sd_19951223_0205_li 0 0 0 0 0 0 0 0 0 0 0
ynao_sd_19951224_0550_wang 1 1 0 0 0 6.89 8.43 6.89 8.43 0 0
ynao_sd_19951225_0130_hong 0 0 0 0 0 0 0 0 0 0 0
ynao_sd_19951226_0540_hong 0 0 0 0 0 0 0 0 0 0 0
ynao_sd_19951227_0200_hong 5 5 0 0 0 59.35 179.91 59.35 179.91 0 0
ynao_sd_19951228_0420_hong 1 0 1 1 0 26.79 60.48 3.75 8.53 23.04 51.95
ynao_sd_19951229_0150_hong 2 2 0 0 0 32.2 50.76 32.2 50.76 0 0
ynao_sd_19951230_0145_hong 1 1 0 0 0 20.71 26.11 20.71 26.11 0 0
ynao_sd_19951231_0230_hong 4 4 0 0 0 33.06 36.45 33.06 36.45 0 0
