ynao_sd_19960101_0130_wang 2 2 0 0 0 52.97 365.04 52.97 365.04 0 0
ynao_sd_19960102_0140_wang 2 2 0 0 0 10.15 10.43 10.15 10.43 0 0
ynao_sd_19960103_0120_wang 2 2 0 0 0 13.07 13.4 13.07 13.4 0 0
ynao_sd_19960104_0110_wang 19 14 5 4 0 355.88 380.62 160.91 170.86 194.97 209.76
ynao_sd_19960105_0120_wang 30 19 11 6 0 613.93 690.7 237.84 261.07 376.09 429.63
ynao_sd_19960106_0130_wang 38 35 3 3 0 454.77 546.37 250.17 303.54 204.6 242.83
ynao_sd_19960107_0250_wang 22 18 4 3 0 410.33 572.46 162.75 217.3 247.58 355.16
ynao_sd_19960108_0300_wang 15 11 4 3 0 238.79 334.68 88.04 149.48 150.75 185.2
ynao_sd_19960109_0130_li 10 9 1 1 0 95.83 137.9 62.63 86.22 33.2 51.68
ynao_sd_19960110_0135_li 2 2 0 0 0 25.77 55.6 25.77 55.6 0 0
ynao_sd_19960122_0130_hong 1 1 0 0 0 17.74 30.54 17.74 30.54 0 0
ynao_sd_19960123_0120_hong 0 0 0 0 0 0 0 0 0 0 0
ynao_sd_19960124_0110_hong 2 2 0 0 0 12.2 44.47 12.2 44.47 0 0
ynao_sd_19960125_0140_hong 2 2 0 0 0 13.57 28.75 13.57 28.75 0 0
ynao_sd_19960126_0110_hong 1 1 0 0 0 8.17 12.35 8.17 12.35 0 0
ynao_sd_19960127_0310_hong 2 2 0 0 0 20.92 25.93 20.92 25.93 0 0
ynao_sd_19960128_0410_hong 1 1 0 0 0 15.21 16.72 15.21 16.72 0 0
ynao_sd_19960130_0140_wang 1 1 0 0 0 7.85 8.16 7.85 8.16 0 0
ynao_sd_19960131_0420_li 3 3 0 0 0 24.08 33.08 24.08 33.08 0 0
ynao_sd_19960201_0510_wang 5 5 0 0 0 96.7 201.58 96.7 201.58 0 0
ynao_sd_19960202_0210_wang 2 2 0 0 0 18.66 55.52 18.66 55.52 0 0
ynao_sd_19960203_0320_wang 1 1 0 0 0 8.32 15.92 8.32 15.92 0 0
ynao_sd_19960213_0055_li 0 0 0 0 0 0 0 0 0 0 0
ynao_sd_19960214_0050_li 0 0 0 0 0 0 0 0 0 0 0
ynao_sd_19960215_0045_li 2 2 0 0 0 14.29 14.78 14.29 14.78 0 0
ynao_sd_19960216_0050_li 1 1 0 0 0 6.46 6.66 6.46 6.66 0 0
ynao_sd_19960217_0100_li 0 0 0 0 0 0 0 0 0 0 0
ynao_sd_19960224_0140_wang 14 14 0 0 0 106.3 127.79 106.3 127.79 0 0
ynao_sd_19960225_0120_wang 12 11 1 0 0 107.0 125.11 115.38 135.24 8.38 10.13
ynao_sd_19960226_0130_hong 11 10 1 1 0 98.82 137.83 76.62 104.98 22.2 32.85
ynao_sd_19960227_0120_hong 4 4 0 0 0 37.08 67.83 37.08 67.83 0 0
ynao_sd_19960228_0120_hong 0 0 0 0 0 0 0 0 0 0 0
ynao_sd_19960229_0130_hong 0 0 0 0 0 0 0 0 0 0 0
ynao_sd_19960301_0540_hong 1 1 0 0 0 6.82 8.63 6.82 8.63 0 0
ynao_sd_19960304_0055_li 2 2 0 0 0 12.68 14.24 12.68 14.24 0 0
ynao_sd_19960305_0050_li 0 0 0 0 0 0 0 0 0 0 0
ynao_sd_19960306_0115_li 2 2 0 0 0 11.63 15.09 11.63 15.09 0 0
ynao_sd_19960307_0120_li 0 0 0 0 0 0 0 0 0 0 0
ynao_sd_19960308_0100_li 0 0 0 0 0 0 0 0 0 0 0
ynao_sd_19960309_0050_li 0 0 0 0 0 0 0 0 0 0 0
ynao_sd_19960310_0030_wang 1 1 0 0 0 7.21 10.11 7.21 10.11 0 0
ynao_sd_19960311_0050_wang 0 0 0 0 0 0 0 0 0 0 0
ynao_sd_19960312_0100_wang 0 0 0 0 0 0 0 0 0 0 0
ynao_sd_19960313_0110_wang 0 0 0 0 0 0 0 0 0 0 0
ynao_sd_19960314_0320_wang 0 0 0 0 0 0 0 0 0 0 0
ynao_sd_19960315_0130_wang 0 0 0 0 0 0 0 0 0 0 0
ynao_sd_19960316_0120_wang 0 0 0 0 0 0 0 0 0 0 0
ynao_sd_19960317_0100_wang 0 0 0 0 0 0 0 0 0 0 0
ynao_sd_19960318_0120_hong 0 0 0 0 0 0 0 0 0 0 0
ynao_sd_19960319_0100_hong 0 0 0 0 0 0 0 0 0 0 0
ynao_sd_19960320_0105_hong 0 0 0 0 0 0 0 0 0 0 0
ynao_sd_19960322_0100_wang 8 8 0 0 0 59.91 66.37 59.91 66.37 0 0
ynao_sd_19960323_0120_wang 12 9 3 2 0 300.78 312.45 78.61 81.99 222.17 230.46
ynao_sd_19960324_0300_hong 11 9 2 1 0 283.12 293.28 97.13 100.28 185.99 193.0
ynao_sd_19960325_0200_li 5 4 1 1 0 164.31 178.62 65.56 70.72 98.75 107.9
ynao_sd_19960326_0350_li 15 12 3 1 0 224.28 261.3 114.53 127.75 109.75 133.55
ynao_sd_19960328_0640_li 6 3 3 1 0 90.26 178.28 30.05 49.04 60.21 129.24
ynao_sd_19960329_0500_li 1 1 0 0 0 27.96 91.89 27.96 91.89 0 0
ynao_sd_19960330_0100_li 1 1 0 0 0 7.13 8.5 7.13 8.5 0 0
ynao_sd_19960402_0110_wang 2 2 0 0 0 16.43 22.2 16.43 22.2 0 0
ynao_sd_19960403_0030_wang 3 3 0 0 0 26.03 40.17 26.03 40.17 0 0
ynao_sd_19960404_0040_wang 2 2 0 0 0 15.49 38.47 15.49 38.47 0 0
ynao_sd_19960407_0100_hong 0 0 0 0 0 0 0 0 0 0 0
ynao_sd_19960408_0100_hong 0 0 0 0 0 0 0 0 0 0 0
ynao_sd_19960409_0120_hong 0 0 0 0 0 0 0 0 0 0 0
ynao_sd_19960410_0100_hong 0 0 0 0 0 0 0 0 0 0 0
ynao_sd_19960411_0055_hong 1 1 0 0 0 4.78 10.34 4.78 10.34 0 0
ynao_sd_19960412_0100_hong 2 2 0 0 0 10.64 15.53 10.64 15.53 0 0
ynao_sd_19960413_0105_hong 4 4 0 0 0 28.02 33.16 28.02 33.16 0 0
ynao_sd_19960414_0200_hong 2 2 0 0 0 12.25 13.05 12.25 13.05 0 0
ynao_sd_19960415_0130_li 1 1 0 0 0 6.59 6.76 6.59 6.76 0 0
ynao_sd_19960416_0120_li 2 2 0 0 0 12.54 20.74 12.54 20.74 0 0
ynao_sd_19960417_0055_li 5 5 0 0 0 31.98 35.61 31.98 35.61 0 0
ynao_sd_19960418_0045_li 5 5 0 0 0 28.46 35.52 28.46 35.52 0 0
ynao_sd_19960419_0605_li 2 2 0 0 0 9.6 15.11 9.6 15.11 0 0
ynao_sd_19960422_0150_li 1 1 0 0 0 5.57 12.13 5.57 12.13 0 0
ynao_sd_19960423_0110_wang 0 0 0 0 0 0 0 0 0 0 0
ynao_sd_19960426_0030_wang 0 0 0 0 0 0 0 0 0 0 0
ynao_sd_19960428_0200_wang 1 1 0 0 0 4.05 6.82 4.05 6.82 0 0
ynao_sd_19960429_0100_hong 0 0 0 0 0 0 0 0 0 0 0
ynao_sd_19960430_0050_hong 0 0 0 0 0 0 0 0 0 0 0
ynao_sd_19960501_0210_hong 1 1 0 0 0 4.84 5.44 4.84 5.44 0 0
ynao_sd_19960502_0150_hong 0 0 0 0 0 0 0 0 0 0 0
ynao_sd_19960503_0130_hong 2 2 0 0 0 12.06 14.53 12.06 14.53 0 0
ynao_sd_19960504_0110_hong 0 0 0 0 0 0 0 0 0 0 0
ynao_sd_19960505_0200_hong 0 0 0 0 0 0 0 0 0 0 0
ynao_sd_19960506_0050_li 6 6 0 0 0 33.86 35.79 33.86 35.79 0 0
ynao_sd_19960507_0030_li 5 5 0 0 0 31.91 33.03 31.91 33.03 0 0
ynao_sd_19960510_0040_li 0 0 0 0 0 0 0 0 0 0 0
ynao_sd_19960511_0650_li 0 0 0 0 0 0 0 0 0 0 0
ynao_sd_19960512_0130_wang 0 0 0 0 0 0 0 0 0 0 0
ynao_sd_19960513_0040_wang 0 0 0 0 0 0 0 0 0 0 0
ynao_sd_19960514_0020_wang 0 0 0 0 0 0 0 0 0 0 0
ynao_sd_19960515_0020_wang 0 0 0 0 0 0 0 0 0 0 0
ynao_sd_19960516_0120_wang 0 0 0 0 0 0 0 0 0 0 0
ynao_sd_19960517_0050_wang 0 0 0 0 0 0 0 0 0 0 0
ynao_sd_19960518_0110_wang 0 0 0 0 0 0 0 0 0 0 0
ynao_sd_19960519_0910_wang 0 0 0 0 0 0 0 0 0 0 0
ynao_sd_19960520_0730_hong 0 0 0 0 0 0 0 0 0 0 0
ynao_sd_19960521_0415_hong 0 0 0 0 0 0 0 0 0 0 0
ynao_sd_19960522_0140_hong 0 0 0 0 0 0 0 0 0 0 0
ynao_sd_19960523_0200_hong 0 0 0 0 0 0 0 0 0 0 0
ynao_sd_19960524_0040_hong 0 0 0 0 0 0 0 0 0 0 0
ynao_sd_19960525_0130_hong 0 0 0 0 0 0 0 0 0 0 0
ynao_sd_19960526_0300_hong 0 0 0 0 0 0 0 0 0 0 0
ynao_sd_19960527_0120_li 0 0 0 0 0 0 0 0 0 0 0
ynao_sd_19960529_0550_li 0 0 0 0 0 0 0 0 0 0 0
ynao_sd_19960530_0050_li 0 0 0 0 0 0 0 0 0 0 0
ynao_sd_19960531_0040_li 0 0 0 0 0 0 0 0 0 0 0
ynao_sd_19960601_0050_li 2 2 0 0 0 17.75 24.39 17.75 24.39 0 0
ynao_sd_19960602_0300_wang 1 1 0 0 0 7.77 10.23 7.77 10.23 0 0
ynao_sd_19960603_0040_wang 1 1 0 0 0 8.22 8.35 8.22 8.35 0 0
ynao_sd_19960604_0050_wang 2 2 0 0 0 22.04 28.52 22.04 28.52 0 0
ynao_sd_19960605_0820_wang 2 2 0 0 0 19.1 21.2 19.1 21.2 0 0
ynao_sd_19960606_0300_wang 5 4 1 1 0 110.02 119.74 43.36 52.53 66.66 67.21
ynao_sd_19960607_0230_wang 15 14 1 2 0 231.98 232.91 126.63 126.92 105.35 105.99
ynao_sd_19960608_0800_wang 18 16 2 1 0 235.73 252.19 111.85 118.27 123.88 133.92
ynao_sd_19960609_0550_wang 14 11 3 1 0 223.45 265.08 99.16 114.98 124.29 150.1
ynao_sd_19960610_0800_hong 7 6 1 1 0 129.18 188.32 64.96 92.2 64.22 96.12
ynao_sd_19960611_0530_hong 2 1 1 1 0 50.79 98.32 13.52 25.99 37.27 72.33
ynao_sd_19960612_0320_hong 1 0 1 1 0 40.11 117.71 4.32 12.55 35.79 105.16
ynao_sd_19960614_0800_hong 0 0 0 0 0 0 0 0 0 0 0
ynao_sd_19960615_0220_hong 0 0 0 0 0 0 0 0 0 0 0
ynao_sd_19960616_0405_wang 0 0 0 0 0 0 0 0 0 0 0
ynao_sd_19960617_0850_li 0 0 0 0 0 0 0 0 0 0 0
ynao_sd_19960618_0100_li 0 0 0 0 0 0 0 0 0 0 0
ynao_sd_19960619_0140_li 5 5 0 0 0 52.55 185.16 52.55 185.16 0 0
ynao_sd_19960620_0240_li 2 1 1 1 0 69.45 179.91 15.31 29.33 54.14 150.58
ynao_sd_19960621_0650_li 1 0 1 1 0 105.17 178.27 10.54 17.78 94.63 160.49
ynao_sd_19960622_0500_li 1 0 1 1 0 141.44 189.73 19.6 26.31 121.84 163.42
ynao_sd_19960623_0200_wang 3 2 1 1 0 184.95 260.76 40.4 92.68 144.55 168.08
ynao_sd_19960624_0905_wang 3 2 1 1 0 218.59 243.45 43.12 61.63 175.47 181.82
ynao_sd_19960625_0820_wang 4 3 1 1 0 237.4 251.53 49.89 62.66 187.51 188.87
ynao_sd_19960626_0620_wang 5 4 1 1 0 229.95 240.2 49.78 55.82 180.17 184.38
ynao_sd_19960627_0720_wang 5 4 1 1 0 205.41 225.76 56.78 61.85 148.63 163.91
ynao_sd_19960628_0130_wang 4 3 1 1 0 175.76 208.21 55.25 61.49 120.51 146.72
ynao_sd_19960630_0410_wang 5 4 1 1 0 89.26 157.19 39.89 55.36 49.37 101.83
ynao_sd_19960701_0415_hong 1 0 1 1 0 39.09 141.03 6.18 22.43 32.91 118.6
ynao_sd_19960702_0205_hong 1 1 0 0 0 7.99 8.91 7.99 8.91 0 0
ynao_sd_19960703_0540_hong 1 1 0 0 0 7.38 7.51 7.38 7.51 0 0
ynao_sd_19960706_0530_hong 0 0 0 0 0 0 0 0 0 0 0
ynao_sd_19960707_0140_wang 0 0 0 0 0 0 0 0 0 0 0
ynao_sd_19960708_0810_wang 4 4 0 0 0 42.58 47.86 42.58 47.86 0 0
ynao_sd_19960709_0110_wang 0 0 0 0 0 0 0 0 0 0 0
ynao_sd_19960711_0620_wang 0 0 0 0 0 0 0 0 0 0 0
ynao_sd_19960712_0115_li 0 0 0 0 0 0 0 0 0 0 0
ynao_sd_19960713_0910_wang 0 0 0 0 0 0 0 0 0 0 0
ynao_sd_19960714_0140_wang 0 0 0 0 0 0 0 0 0 0 0
ynao_sd_19960715_0540_li 0 0 0 0 0 0 0 0 0 0 0
ynao_sd_19960716_0420_hong 0 0 0 0 0 0 0 0 0 0 0
ynao_sd_19960717_0305_li 0 0 0 0 0 0 0 0 0 0 0
ynao_sd_19960718_0040_li 0 0 0 0 0 0 0 0 0 0 0
ynao_sd_19960719_0340_li 0 0 0 0 0 0 0 0 0 0 0
ynao_sd_19960720_0410_wang 0 0 0 0 0 0 0 0 0 0 0
ynao_sd_19960721_0300_wang 0 0 0 0 0 0 0 0 0 0 0
ynao_sd_19960722_0410_hong 0 0 0 0 0 0 0 0 0 0 0
ynao_sd_19960723_0320_hong 0 0 0 0 0 0 0 0 0 0 0
ynao_sd_19960724_0100_hong 0 0 0 0 0 0 0 0 0 0 0
ynao_sd_19960725_0220_hong 0 0 0 0 0 0 0 0 0 0 0
ynao_sd_19960726_0210_hong 0 0 0 0 0 0 0 0 0 0 0
ynao_sd_19960727_0230_hong 0 0 0 0 0 0 0 0 0 0 0
ynao_sd_19960728_0040_wang 1 1 0 0 0 8.73 18.47 8.73 18.47 0 0
ynao_sd_19960730_0720_li 0 0 0 0 0 0 0 0 0 0 0
ynao_sd_19960731_0535_li 0 0 0 0 0 0 0 0 0 0 0
ynao_sd_19960801_0240_li 0 0 0 0 0 0 0 0 0 0 0
ynao_sd_19960802_0050_li 2 2 0 0 0 17.53 53.71 17.53 53.71 0 0
ynao_sd_19960803_0045_li 1 1 0 0 0 8.0 8.16 8.0 8.16 0 0
ynao_sd_19960804_0020_wang 0 0 0 0 0 0 0 0 0 0 0
ynao_sd_19960805_0200_hong 1 1 0 0 0 10.49 11.71 10.49 11.71 0 0
ynao_sd_19960806_0050_hong 0 0 0 0 0 0 0 0 0 0 0
ynao_sd_19960807_0410_hong 1 1 0 0 0 14.48 21.12 14.48 21.12 0 0
ynao_sd_19960808_0420_hong 0 0 0 0 0 0 0 0 0 0 0
ynao_sd_19960809_0510_wang 0 0 0 0 0 0 0 0 0 0 0
ynao_sd_19960810_0200_wang 14 14 0 0 0 88.1 89.06 88.1 89.06 0 0
ynao_sd_19960811_0110_wang 10 9 1 2 0 141.67 151.2 61.49 65.58 80.18 85.62
ynao_sd_19960812_0030_wang 14 14 0 0 0 106.74 125.63 106.74 125.63 0 0
ynao_sd_19960813_0100_wang 7 5 2 1 0 101.71 149.75 59.11 85.03 42.6 64.72
ynao_sd_19960814_0030_wang 4 4 0 0 0 32.17 66.11 32.17 66.11 0 0
ynao_sd_19960815_0030_wang 5 5 0 0 0 51.61 78.94 51.61 78.94 0 0
ynao_sd_19960816_0130_wang 2 0 2 1 0 52.5 56.22 12.79 13.7 39.71 42.52
ynao_sd_19960818_0200_wang 2 2 0 0 0 10.96 12.17 10.96 12.17 0 0
ynao_sd_19960820_0530_li 3 3 0 0 0 16.35 18.9 16.35 18.9 0 0
ynao_sd_19960821_0040_li 6 6 0 0 0 40.57 47.56 40.57 47.56 0 0
ynao_sd_19960822_0030_li 4 4 0 0 0 28.84 36.3 28.84 36.3 0 0
ynao_sd_19960823_0050_li 3 3 0 0 0 24.92 41.26 24.92 41.26 0 0
ynao_sd_19960824_0130_li 1 1 0 0 0 9.84 25.8 9.84 25.8 0 0
ynao_sd_19960825_0240_li 1 1 0 0 0 6.37 6.79 6.37 6.79 0 0
ynao_sd_19960826_0230_hong 0 0 0 0 0 0 0 0 0 0 0
ynao_sd_19960827_0050_hong 0 0 0 0 0 0 0 0 0 0 0
ynao_sd_19960828_0100_hong 0 0 0 0 0 0 0 0 0 0 0
ynao_sd_19960830_0205_hong 0 0 0 0 0 0 0 0 0 0 0
ynao_sd_19960831_0200_hong 0 0 0 0 0 0 0 0 0 0 0
ynao_sd_19960901_0230_hong 0 0 0 0 0 0 0 0 0 0 0
ynao_sd_19960902_0055_li 0 0 0 0 0 0 0 0 0 0 0
ynao_sd_19960903_0105_li 0 0 0 0 0 0 0 0 0 0 0
ynao_sd_19960904_0045_li 0 0 0 0 0 0 0 0 0 0 0
ynao_sd_19960905_0050_li 1 1 0 0 0 4.27 4.31 4.27 4.31 0 0
ynao_sd_19960906_0150_li 1 1 0 0 0 5.73 5.8 5.73 5.8 0 0
ynao_sd_19960907_0120_li 1 1 0 0 0 6.36 6.69 6.36 6.69 0 0
ynao_sd_19960908_0100_li 1 1 0 0 0 4.32 4.95 4.32 4.95 0 0
ynao_sd_19960909_0110_hong 0 0 0 0 0 0 0 0 0 0 0
ynao_sd_19960910_0520_hong 0 0 0 0 0 0 0 0 0 0 0
ynao_sd_19960911_0410_hong 0 0 0 0 0 0 0 0 0 0 0
ynao_sd_19960912_0120_hong 2 2 0 0 0 14.75 17.32 14.75 17.32 0 0
ynao_sd_19960913_0140_hong 2 2 0 0 0 10.69 11.99 10.69 11.99 0 0
ynao_sd_19960914_0105_hong 0 0 0 0 0 0 0 0 0 0 0
ynao_sd_19960915_0150_hong 0 0 0 0 0 0 0 0 0 0 0
ynao_sd_19960916_0250_li 2 2 0 0 0 19.07 29.47 19.07 29.47 0 0
ynao_sd_19960917_0410_li 0 0 0 0 0 0 0 0 0 0 0
ynao_sd_19960918_0350_li 0 0 0 0 0 0 0 0 0 0 0
ynao_sd_19960919_0240_li 0 0 0 0 0 0 0 0 0 0 0
ynao_sd_19960920_0455_li 0 0 0 0 0 0 0 0 0 0 0
ynao_sd_19960921_0240_li 0 0 0 0 0 0 0 0 0 0 0
ynao_sd_19960922_0520_li 0 0 0 0 0 0 0 0 0 0 0
ynao_sd_19960923_0450_hong 0 0 0 0 0 0 0 0 0 0 0
ynao_sd_19960924_0200_hong 0 0 0 0 0 0 0 0 0 0 0
ynao_sd_19960925_0205_hong 1 1 0 0 0 5.48 6.7 5.48 6.7 0 0
ynao_sd_19960926_0530_hong 1 1 0 0 0 3.59 3.69 3.59 3.69 0 0
ynao_sd_19960927_0100_hong 1 1 0 0 0 5.71 5.75 5.71 5.75 0 0
ynao_sd_19960928_0210_hong 0 0 0 0 0 0 0 0 0 0 0
ynao_sd_19960929_0420_hong 0 0 0 0 0 0 0 0 0 0 0
ynao_sd_19960930_0430_li 0 0 0 0 0 0 0 0 0 0 0
ynao_sd_19961001_0350_li 0 0 0 0 0 0 0 0 0 0 0
ynao_sd_19961002_0450_li 0 0 0 0 0 0 0 0 0 0 0
ynao_sd_19961003_0020_li 1 0 1 0 0 0 0 6.47 6.47 6.47 6.47
ynao_sd_19961004_0040_li 0 0 0 0 0 0 0 0 0 0 0
ynao_sd_19961005_0210_li 0 0 0 0 0 0 0 0 0 0 0
ynao_sd_19961006_0305_li 1 1 0 0 0 5.57 6.21 5.57 6.21 0 0
ynao_sd_19961007_0110_hong 0 0 0 0 0 0 0 0 0 0 0
ynao_sd_19961009_0810_hong 1 1 0 0 0 8.2 13.22 8.2 13.22 0 0
ynao_sd_19961011_0750_hong 0 0 0 0 0 0 0 0 0 0 0
ynao_sd_19961013_0320_hong 0 0 0 0 0 0 0 0 0 0 0
ynao_sd_19961014_0140_li 1 1 0 0 0 8.88 12.87 8.88 12.87 0 0
ynao_sd_19961018_0450_li 0 0 0 0 0 0 0 0 0 0 0
ynao_sd_19961019_0040_li 1 1 0 0 0 4.63 4.76 4.63 4.76 0 0
ynao_sd_19961020_0200_li 0 0 0 0 0 0 0 0 0 0 0
ynao_sd_19961021_0250_hong 0 0 0 0 0 0 0 0 0 0 0
ynao_sd_19961022_0200_li 0 0 0 0 0 0 0 0 0 0 0
ynao_sd_19961023_0130_hong 0 0 0 0 0 0 0 0 0 0 0
ynao_sd_19961024_0140_hong 0 0 0 0 0 0 0 0 0 0 0
ynao_sd_19961025_0105_hong 3 3 0 0 0 20.49 24.0 20.49 24.0 0 0
ynao_sd_19961026_0800_hong 2 2 0 0 0 10.62 24.82 10.62 24.82 0 0
ynao_sd_19961027_0410_li 1 1 0 0 0 6.68 6.93 6.68 6.93 0 0
ynao_sd_19961028_0230_li 1 1 0 0 0 8.6 19.27 8.6 19.27 0 0
ynao_sd_19961029_0220_li 1 1 0 0 0 6.67 6.81 6.67 6.81 0 0
ynao_sd_19961030_0115_li 0 0 0 0 0 0 0 0 0 0 0
ynao_sd_19961031_0105_hong 0 0 0 0 0 0 0 0 0 0 0
ynao_sd_19961101_0410_li 1 1 0 0 0 5.87 7.43 5.87 7.43 0 0
ynao_sd_19961103_0520_li 0 0 0 0 0 0 0 0 0 0 0
ynao_sd_19961105_0720_hong 0 0 0 0 0 0 0 0 0 0 0
ynao_sd_19961106_0510_hong 1 1 0 0 0 5.2 5.56 5.2 5.56 0 0
ynao_sd_19961107_0230_hong 2 2 0 0 0 11.04 13.62 11.04 13.62 0 0
ynao_sd_19961108_0105_hong 1 1 0 0 0 5.49 5.54 5.49 5.54 0 0
ynao_sd_19961109_0120_hong 2 2 0 0 0 20.03 47.7 20.03 47.7 0 0
ynao_sd_19961110_0230_hong 1 1 0 0 0 4.25 9.49 4.25 9.49 0 0
ynao_sd_19961111_0720_li 0 0 0 0 0 0 0 0 0 0 0
ynao_sd_19961112_0050_li 1 1 0 0 0 11.26 38.33 11.26 38.33 0 0
ynao_sd_19961113_0130_li 2 2 0 0 0 28.6 55.5 28.6 55.5 0 0
ynao_sd_19961114_0110_li 1 1 0 0 0 4.97 7.02 4.97 7.02 0 0
ynao_sd_19961115_0100_li 3 3 0 0 0 20.49 26.79 20.49 26.79 0 0
ynao_sd_19961116_0120_li 2 2 0 0 0 18.58 21.45 18.58 21.45 0 0
ynao_sd_19961119_0200_hong 3 3 0 0 0 32.91 34.95 32.91 34.95 0 0
ynao_sd_19961120_0145_hong 4 4 0 0 0 44.45 46.1 44.45 46.1 0 0
ynao_sd_19961121_0140_hong 2 2 0 0 0 15.04 15.24 15.04 15.24 0 0
ynao_sd_19961122_0240_hong 1 1 0 0 0 10.83 11.16 10.83 11.16 0 0
ynao_sd_19961123_0500_hong 20 14 6 2 0 401.83 480.61 147.1 189.38 254.73 291.23
ynao_sd_19961124_0230_hong 14 11 3 2 0 583.5 771.25 176.39 231.32 407.11 539.93
ynao_sd_19961125_0115_li 10 8 2 2 0 330.79 561.36 87.99 146.77 242.8 414.59
ynao_sd_19961126_0100_li 7 3 4 4 0 157.28 388.4 45.79 104.35 111.49 284.05
ynao_sd_19961127_0220_li 3 3 0 0 0 31.43 83.03 31.43 83.03 0 0
ynao_sd_19961128_0050_li 1 1 0 0 0 10.91 15.48 10.91 15.48 0 0
ynao_sd_19961129_0140_li 2 2 0 0 0 19.61 30.65 19.61 30.65 0 0
ynao_sd_19961202_0040_hong 0 0 0 0 0 0 0 0 0 0 0
ynao_sd_19961203_0105_hong 0 0 0 0 0 0 0 0 0 0 0
ynao_sd_19961204_0110_hong 1 1 0 0 0 9.73 10.06 9.73 10.06 0 0
ynao_sd_19961205_0410_hong 0 0 0 0 0 0 0 0 0 0 0
ynao_sd_19961207_0750_hong 0 0 0 0 0 0 0 0 0 0 0
ynao_sd_19961208_0240_hong 0 0 0 0 0 0 0 0 0 0 0
ynao_sd_19961209_0340_li 0 0 0 0 0 0 0 0 0 0 0
ynao_sd_19961211_0340_li 1 1 0 0 0 4.75 4.84 4.75 4.84 0 0
ynao_sd_19961212_0250_li 0 0 0 0 0 0 0 0 0 0 0
ynao_sd_19961213_0320_li 1 0 1 1 0 86.41 158.82 19.35 35.46 67.06 123.36
ynao_sd_19961214_0140_li 1 0 1 1 0 109.45 153.5 11.92 16.68 97.53 136.82
ynao_sd_19961215_0220_hong 1 0 1 1 0 162.76 189.3 24.87 28.98 137.89 160.32
ynao_sd_19961216_0120_hong 8 7 1 1 0 224.41 237.37 74.31 78.42 150.1 158.95
ynao_sd_19961217_0200_hong 7 5 2 1 0 210.56 212.5 70.45 71.11 140.11 141.39
ynao_sd_19961218_0150_hong 12 11 1 1 0 262.33 266.66 114.43 116.49 147.9 150.17
ynao_sd_19961219_0210_hong 13 12 1 1 0 297.86 323.01 151.93 165.15 145.93 157.86
ynao_sd_19961220_0230_hong 9 8 1 1 0 174.78 214.57 64.09 78.88 110.69 135.69
ynao_sd_19961221_0420_li 5 4 1 1 0 123.18 177.82 41.23 55.58 81.95 122.24
ynao_sd_19961222_0220_hong 6 5 1 1 0 136.1 248.97 58.38 95.48 77.72 153.49
ynao_sd_19961223_0500_li 2 2 0 0 0 48.4 150.94 48.4 150.94 0 0
ynao_sd_19961224_0120_li 0 0 0 0 0 0 0 0 0 0 0
ynao_sd_19961225_0240_li 0 0 0 0 0 0 0 0 0 0 0
ynao_sd_19961226_0250_li 0 0 0 0 0 0 0 0 0 0 0
ynao_sd_19961227_0530_li 0 0 0 0 0 0 0 0 0 0 0
ynao_sd_19961228_0150_li 0 0 0 0 0 0 0 0 0 0 0
ynao_sd_19961229_0415_li 0 0 0 0 0 0 0 0 0 0 0
ynao_sd_19961230_0140_hong 0 0 0 0 0 0 0 0 0 0 0
ynao_sd_19961231_0110_hong 1 1 0 0 0 5.14 7.62 5.14 7.62 0 0
