ynao_sd_19970104_0200_hong 0 0 0 0 0 0 0 0 0 0 0
ynao_sd_19970105_0210_hong 1 1 0 0 0 5.0 6.54 5.0 6.54 0 0
ynao_sd_19970106_0100_li 0 0 0 0 0 0 0 0 0 0 0
ynao_sd_19970107_0130_li 0 0 0 0 0 0 0 0 0 0 0
ynao_sd_19970110_0225_li 4 4 0 0 0 30.32 61.89 30.32 61.89 0 0
ynao_sd_19970111_0350_li 2 2 0 0 0 10.0 25.42 10.0 25.42 0 0
ynao_sd_19970113_0120_li 0 0 0 0 0 0 0 0 0 0 0
ynao_sd_19970113_0340_li 5 5 0 0 0 35.75 55.26 35.75 55.26 0 0
ynao_sd_19970115_0130_hong 0 0 0 0 0 0 0 0 0 0 0
ynao_sd_19970116_0140_hong 0 0 0 0 0 0 0 0 0 0 0
ynao_sd_19970117_0130_hong 0 0 0 0 0 0 0 0 0 0 0
ynao_sd_19970118_0120_hong 1 1 0 0 0 6.83 8.94 6.83 8.94 0 0
ynao_sd_19970119_0150_hong 0 0 0 0 0 0 0 0 0 0 0
ynao_sd_19970120_0120_li 0 0 0 0 0 0 0 0 0 0 0
ynao_sd_19970121_0120_li 0 0 0 0 0 0 0 0 0 0 0
ynao_sd_19970123_0150_li 0 0 0 0 0 0 0 0 0 0 0
ynao_sd_19970124_0350_li 0 0 0 0 0 0 0 0 0 0 0
ynao_sd_19970125_0230_li 0 0 0 0 0 0 0 0 0 0 0
ynao_sd_19970126_0440_li 0 0 0 0 0 0 0 0 0 0 0
ynao_sd_19970127_0430_hong 0 0 0 0 0 0 0 0 0 0 0
ynao_sd_19970129_0120_hong 0 0 0 0 0 0 0 0 0 0 0
ynao_sd_19970130_0130_hong 9 9 0 0 0 64.7 76.91 64.7 76.91 0 0
ynao_sd_19970131_0100_hong 6 6 0 0 0 43.74 46.83 43.74 46.83 0 0
ynao_sd_19970201_0120_hong 5 5 0 0 0 30.2 30.78 30.2 30.78 0 0
ynao_sd_19970202_0205_hong 6 6 0 0 0 43.66 45.1 43.66 45.1 0 0
ynao_sd_19970203_0140_li 13 13 0 1 0 128.99 143.6 102.84 114.29 26.15 29.31
ynao_sd_19970204_0115_li 18 14 4 3 0 235.74 302.26 91.65 116.23 144.09 186.03
ynao_sd_19970205_0150_li 8 7 1 1 0 149.72 241.41 99.45 164.66 50.27 76.75
ynao_sd_19970206_0130_li 2 2 0 0 0 87.43 210.2 87.43 210.2 0 0
ynao_sd_19970207_0130_li 6 4 2 1 0 1854.34 6247.7 45.41 136.21 1808.93 6111.49
ynao_sd_19970208_0230_li 0 0 0 0 0 0 0 0 0 0 0
ynao_sd_19970209_0140_li 0 0 0 0 0 0 0 0 0 0 0
ynao_sd_19970210_0200_hong 0 0 0 0 0 0 0 0 0 0 0
ynao_sd_19970219_0410_li 2 2 0 0 0 17.93 41.87 17.93 41.87 0 0
ynao_sd_19970220_0120_li 1 1 0 0 0 10.08 44.5 10.08 44.5 0 0
ynao_sd_19970224_0140_hong 1 1 0 0 0 15.97 45.42 15.97 45.42 0 0
ynao_sd_19970225_0040_hong 3 3 0 0 0 27.6 54.17 27.6 54.17 0 0
ynao_sd_19970226_0100_hong 1 1 0 0 0 8.73 13.26 8.73 13.26 0 0
ynao_sd_19970307_0050_li 2 1 1 1 0 98.72 305.8 19.01 62.13 79.71 243.67
ynao_sd_19970308_0115_li 3 1 2 1 0 164.28 314.77 23.97 46.6 140.31 268.17
ynao_sd_19970309_0115_li 3 2 1 1 0 172.57 244.52 39.16 55.89 133.41 188.63
ynao_sd_19970310_0055_li 1 1 0 0 0 6.32 8.04 6.32 8.04 0 0
ynao_sd_19970311_0100_hong 9 7 2 2 0 138.79 149.77 57.26 62.55 81.53 87.22
ynao_sd_19970312_0100_hong 14 14 0 0 0 86.65 89.52 86.65 89.52 0 0
ynao_sd_19970312_0600_hong 2 2 0 0 0 15.02 21.43 15.02 21.43 0 0
ynao_sd_19970313_0055_hong 10 10 0 0 0 74.83 77.5 74.83 77.5 0 0
ynao_sd_19970314_0100_hong 8 8 0 0 0 53.53 58.55 53.53 58.55 0 0
ynao_sd_19970315_0055_hong 9 9 0 0 0 56.98 67.89 56.98 67.89 0 0
ynao_sd_19970317_0140_li 0 0 0 0 0 0 0 0 0 0 0
ynao_sd_19970320_0055_li 1 1 0 0 0 9.12 14.67 9.12 14.67 0 0
ynao_sd_19970321_0450_li 0 0 0 0 0 0 0 0 0 0 0
ynao_sd_19970322_0200_li 0 0 0 0 0 0 0 0 0 0 0
ynao_sd_19970323_0140_li 0 0 0 0 0 0 0 0 0 0 0
ynao_sd_19970324_0105_hong 1 1 0 0 0 7.26 7.36 7.26 7.36 0 0
ynao_sd_19970325_0100_hong 1 1 0 0 0 7.83 13.26 7.83 13.26 0 0
ynao_sd_19970326_0410_hong 0 0 0 0 0 0 0 0 0 0 0
ynao_sd_19970327_0100_hong 0 0 0 0 0 0 0 0 0 0 0
ynao_sd_19970329_0110_hong 1 1 0 0 0 6.3 6.58 6.3 6.58 0 0
ynao_sd_19970330_0410_li 0 0 0 0 0 0 0 0 0 0 0
ynao_sd_19970331_0820_li 0 0 0 0 0 0 0 0 0 0 0
ynao_sd_19970401_0200_li 0 0 0 0 0 0 0 0 0 0 0
ynao_sd_19970402_0100_li 0 0 0 0 0 0 0 0 0 0 0
ynao_sd_19970403_0120_li 0 0 0 0 0 0 0 0 0 0 0
ynao_sd_19970404_0100_li 0 0 0 0 0 0 0 0 0 0 0
ynao_sd_19970405_0050_li 0 0 0 0 0 0 0 0 0 0 0
ynao_sd_19970406_0230_li 0 0 0 0 0 0 0 0 0 0 0
ynao_sd_19970407_0120_hong 0 0 0 0 0 0 0 0 0 0 0
ynao_sd_19970408_0100_hong 0 0 0 0 0 0 0 0 0 0 0
ynao_sd_19970409_0100_hong 0 0 0 0 0 0 0 0 0 0 0
ynao_sd_19970410_0105_hong 14 10 4 3 0 300.28 367.66 133.48 161.4 166.8 206.26
ynao_sd_19970411_0100_hong 11 6 5 2 0 323.3 454.2 117.09 162.92 206.21 291.28
ynao_sd_19970412_0150_hong 10 9 1 2 0 213.05 375.16 108.32 186.78 104.73 188.38
ynao_sd_19970413_0500_hong 6 6 0 0 0 57.95 160.78 57.95 160.78 0 0
ynao_sd_19970414_0100_hong 1 1 0 0 0 8.0 29.06 8.0 29.06 0 0
ynao_sd_19970415_0110_hong 1 1 0 0 0 6.02 6.63 6.02 6.63 0 0
ynao_sd_19970416_0100_hong 0 0 0 0 0 0 0 0 0 0 0
ynao_sd_19970417_0115_li 0 0 0 0 0 0 0 0 0 0 0
ynao_sd_19970418_0055_li 0 0 0 0 0 0 0 0 0 0 0
ynao_sd_19970419_0040_li 1 1 0 0 0 8.78 9.7 8.78 9.7 0 0
ynao_sd_19970420_0140_hong 0 0 0 0 0 0 0 0 0 0 0
ynao_sd_19970421_0050_hong 0 0 0 0 0 0 0 0 0 0 0
ynao_sd_19970422_0050_hong 0 0 0 0 0 0 0 0 0 0 0
ynao_sd_19970423_0100_hong 4 4 0 0 0 32.17 71.61 32.17 71.61 0 0
ynao_sd_19970424_0210_hong 2 2 0 0 0 18.05 28.59 18.05 28.59 0 0
ynao_sd_19970426_0200_hong 3 3 0 0 0 21.5 25.21 21.5 25.21 0 0
ynao_sd_19970427_0205_hong 2 2 0 0 0 15.34 16.67 15.34 16.67 0 0
ynao_sd_19970428_0105_hong 0 0 0 0 0 0 0 0 0 0 0
ynao_sd_19970430_0130_li 0 0 0 0 0 0 0 0 0 0 0
ynao_sd_19970501_0140_li 0 0 0 0 0 0 0 0 0 0 0
ynao_sd_19970502_0150_li 0 0 0 0 0 0 0 0 0 0 0
ynao_sd_19970503_0140_li 0 0 0 0 0 0 0 0 0 0 0
ynao_sd_19970504_0035_li 0 0 0 0 0 0 0 0 0 0 0
ynao_sd_19970505_0120_li 1 1 0 0 0 30.64 175.44 30.64 175.44 0 0
ynao_sd_19970506_0050_li 2 1 1 1 0 71.59 200.92 13.45 28.71 58.14 172.21
ynao_sd_19970507_0045_li 1 0 1 1 0 94.21 183.15 12.31 23.87 81.9 159.28
ynao_sd_19970508_0040_li 1 0 1 1 0 130.96 194.88 25.16 37.29 105.8 157.59
ynao_sd_19970509_0055_li 5 4 1 1 0 168.74 213.38 51.23 65.36 117.51 148.02
ynao_sd_19970510_0050_li 3 1 2 1 0 197.26 226.77 43.56 52.18 153.7 174.59
ynao_sd_19970511_0140_li 5 3 2 1 0 180.24 210.77 42.72 61.43 137.52 149.34
ynao_sd_19970512_0115_li 3 1 2 1 0 157.45 174.58 32.49 37.83 124.96 136.75
ynao_sd_19970513_0035_li 4 2 2 1 0 104.16 119.83 20.51 23.47 83.65 96.36
ynao_sd_19970514_0040_li 7 5 2 1 0 83.53 105.78 39.03 49.23 44.5 56.55
ynao_sd_19970515_0035_li 7 6 1 1 0 80.51 120.64 38.86 58.21 41.65 62.43
ynao_sd_19970516_0040_li 1 1 0 0 0 52.51 55.6 52.51 55.6 0 0
ynao_sd_19970517_0040_hong 6 6 0 0 0 52.81 123.82 52.81 123.82 0 0
ynao_sd_19970518_0140_hong 13 13 0 0 0 107.57 167.02 107.57 167.02 0 0
ynao_sd_19970519_0150_li 20 16 4 1 0 212.54 236.66 100.84 115.15 111.7 121.51
ynao_sd_19970520_0105_li 24 22 2 1 0 315.19 352.62 149.88 184.34 165.31 168.28
ynao_sd_19970521_0040_li 19 17 2 1 0 293.88 315.25 130.86 150.31 163.02 164.94
ynao_sd_19970522_0120_hong 39 35 4 3 0 574.62 812.11 328.26 552.29 246.36 259.82
ynao_sd_19970523_0410_hong 15 12 3 2 0 351.47 410.74 158.04 181.88 193.43 228.86
ynao_sd_19970524_0140_li 8 7 1 1 0 201.13 282.01 60.93 79.95 140.2 202.06
ynao_sd_19970526_0200_hong 3 2 1 1 0 95.22 253.33 40.28 89.19 54.94 164.14
ynao_sd_19970527_0130_li 4 4 0 0 0 20.79 61.56 20.79 61.56 0 0
ynao_sd_19970528_0400_hong 4 4 0 0 0 53.46 133.85 53.46 133.85 0 0
ynao_sd_19970529_0100_hong 8 8 0 0 0 73.17 142.85 73.17 142.85 0 0
ynao_sd_19970530_0100_hong 6 6 0 0 0 63.14 95.44 63.14 95.44 0 0
ynao_sd_19970531_0055_hong 6 6 0 0 0 71.34 90.77 71.34 90.77 0 0
ynao_sd_19970601_0140_hong 9 9 0 0 0 77.47 89.58 77.47 89.58 0 0
ynao_sd_19970602_0040_li 3 3 0 0 0 15.39 17.23 15.39 17.23 0 0
ynao_sd_19970603_0210_li 0 0 0 0 0 0 0 0 0 0 0
ynao_sd_19970604_0020_li 1 1 0 0 0 8.56 10.42 8.56 10.42 0 0
ynao_sd_19970605_0025_li 0 0 0 0 0 0 0 0 0 0 0
ynao_sd_19970606_0020_li 0 0 0 0 0 0 0 0 0 0 0
ynao_sd_19970607_0015_li 0 0 0 0 0 0 0 0 0 0 0
ynao_sd_19970608_0135_li 1 1 0 0 0 9.92 25.35 9.92 25.35 0 0
ynao_sd_19970609_0100_hong 1 1 0 0 0 19.96 36.02 19.96 36.02 0 0
ynao_sd_19970610_0705_hong 1 1 0 0 0 25.22 35.28 25.22 35.28 0 0
ynao_sd_19970611_0720_hong 2 2 0 0 0 25.97 32.15 25.97 32.15 0 0
ynao_sd_19970612_0200_hong 0 0 0 0 0 0 0 0 0 0 0
ynao_sd_19970613_0230_hong 12 12 0 0 0 105.86 148.1 105.86 148.1 0 0
ynao_sd_19970614_0200_hong 10 10 0 0 0 88.71 101.44 88.71 101.44 0 0
ynao_sd_19970616_0750_li 18 18 0 0 0 122.66 131.48 122.66 131.48 0 0
ynao_sd_19970618_0230_li 5 5 0 0 0 38.18 45.28 38.18 45.28 0 0
ynao_sd_19970619_0040_li 1 1 0 0 0 7.93 10.55 7.93 10.55 0 0
ynao_sd_19970620_0055_hong 0 0 0 0 0 0 0 0 0 0 0
ynao_sd_19970623_0700_hong 2 2 0 0 0 16.32 16.82 16.32 16.82 0 0
ynao_sd_19970624_0830_hong 2 2 0 0 0 15.07 15.78 15.07 15.78 0 0
ynao_sd_19970625_0430_hong 12 12 0 0 0 94.45 99.8 94.45 99.8 0 0
ynao_sd_19970626_0050_hong 17 17 0 0 0 131.94 145.51 131.94 145.51 0 0
ynao_sd_19970627_0330_hong 15 15 0 0 0 103.66 131.04 103.66 131.04 0 0
ynao_sd_19970628_0530_hong 5 5 0 0 0 40.49 63.43 40.49 63.43 0 0
ynao_sd_19970629_0150_hong 3 3 0 0 0 27.24 58.43 27.24 58.43 0 0
ynao_sd_19970630_0240_li 2 2 0 0 0 14.85 16.55 14.85 16.55 0 0
ynao_sd_19970702_0115_li 0 0 0 0 0 0 0 0 0 0 0
ynao_sd_19970703_0305_li 0 0 0 0 0 0 0 0 0 0 0
ynao_sd_19970705_0045_li 0 0 0 0 0 0 0 0 0 0 0
ynao_sd_19970706_0320_li 0 0 0 0 0 0 0 0 0 0 0
ynao_sd_19970708_0110_hong 6 6 0 0 0 39.84 43.63 39.84 43.63 0 0
ynao_sd_19970709_0100_hong 7 7 0 0 0 52.79 52.93 52.79 52.93 0 0
ynao_sd_19970710_0205_hong 6 6 0 0 0 51.9 65.16 51.9 65.16 0 0
ynao_sd_19970712_0740_hong 0 0 0 0 0 0 0 0 0 0 0
ynao_sd_19970713_0430_hong 0 0 0 0 0 0 0 0 0 0 0
ynao_sd_19970714_0430_li 0 0 0 0 0 0 0 0 0 0 0
ynao_sd_19970715_0800_li 0 0 0 0 0 0 0 0 0 0 0
ynao_sd_19970717_0030_li 0 0 0 0 0 0 0 0 0 0 0
ynao_sd_19970718_0235_li 1 1 0 0 0 5.87 12.48 5.87 12.48 0 0
ynao_sd_19970719_0730_li 0 0 0 0 0 0 0 0 0 0 0
ynao_sd_19970720_0140_li 2 2 0 0 0 18.03 24.14 18.03 24.14 0 0
ynao_sd_19970721_0050_li 0 0 0 0 0 0 0 0 0 0 0
ynao_sd_19970722_0100_li 0 0 0 0 0 0 0 0 0 0 0
ynao_sd_19970723_0440_hong 3 3 0 0 0 30.07 81.83 30.07 81.83 0 0
ynao_sd_19970724_0410_hong 13 13 0 0 0 140.24 205.67 140.24 205.67 0 0
ynao_sd_19970725_0405_hong 30 26 4 2 0 287.54 417.02 204.57 298.94 82.97 118.08
ynao_sd_19970726_0530_hong 18 16 2 2 0 249.53 466.75 154.0 285.17 95.53 181.58
ynao_sd_19970727_0230_hong 22 20 2 1 0 218.62 518.89 172.43 367.94 46.19 150.95
ynao_sd_19970728_0130_li 14 14 0 0 0 94.05 142.14 94.05 142.14 0 0
ynao_sd_19970729_0405_li 1 1 0 0 0 9.13 9.58 9.13 9.58 0 0
ynao_sd_19970730_0630_li 0 0 0 0 0 0 0 0 0 0 0
ynao_sd_19970731_0430_hong 0 0 0 0 0 0 0 0 0 0 0
ynao_sd_19970801_0435_li 0 0 0 0 0 0 0 0 0 0 0
ynao_sd_19970802_0025_li 0 0 0 0 0 0 0 0 0 0 0
ynao_sd_19970803_0140_li 1 1 0 0 0 6.86 8.42 6.86 8.42 0 0
ynao_sd_19970804_0210_hong 2 2 0 0 0 13.02 19.93 13.02 19.93 0 0
ynao_sd_19970805_0205_hong 0 0 0 0 0 0 0 0 0 0 0
ynao_sd_19970806_0100_hong 16 15 1 1 0 143.38 180.37 109.37 136.65 34.01 43.72
ynao_sd_19970807_0120_hong 11 8 3 1 0 141.83 210.68 79.09 119.43 62.74 91.25
ynao_sd_19970808_0300_hong 8 7 1 1 0 113.18 238.89 81.81 163.94 31.37 74.95
ynao_sd_19970809_0130_hong 12 12 0 0 0 99.89 308.64 99.89 308.64 0 0
ynao_sd_19970810_0140_hong 3 3 0 0 0 35.31 55.96 35.31 55.96 0 0
ynao_sd_19970811_0130_li 3 3 0 0 0 30.03 39.77 30.03 39.77 0 0
ynao_sd_19970812_0135_li 7 6 1 0 0 90.28 194.69 96.17 212.62 5.89 17.93
ynao_sd_19970813_0310_li 8 4 4 3 0 218.55 356.4 46.23 59.31 172.32 297.09
ynao_sd_19970814_0025_li 5 3 2 1 0 168.72 248.51 95.18 141.83 73.54 106.68
ynao_sd_19970815_0305_li 7 3 4 2 0 194.97 234.56 46.5 55.32 148.47 179.24
ynao_sd_19970816_0040_li 5 3 2 1 0 147.8 163.34 35.96 42.97 111.84 120.37
ynao_sd_19970817_0140_li 3 2 1 1 0 157.88 162.53 40.88 43.61 117.0 118.92
ynao_sd_19970818_0100_hong 8 6 2 1 0 192.96 197.86 60.82 64.19 132.14 133.67
ynao_sd_19970819_0050_hong 5 4 1 1 0 169.83 180.41 48.85 52.62 120.98 127.79
ynao_sd_19970820_0100_hong 1 0 1 1 0 133.72 155.92 24.45 28.48 109.27 127.44
ynao_sd_19970821_0050_hong 3 2 1 1 0 134.81 182.75 38.94 50.31 95.87 132.44
ynao_sd_19970822_0130_hong 2 1 1 1 0 84.39 153.49 16.99 30.99 67.4 122.5
ynao_sd_19970823_0120_hong 1 0 1 1 0 42.74 116.64 5.65 15.34 37.09 101.3
ynao_sd_19970824_0450_hong 1 1 0 0 0 5.95 29.3 5.95 29.3 0 0
ynao_sd_19970825_0140_li 2 2 0 0 0 15.36 41.23 15.36 41.23 0 0
ynao_sd_19970826_0040_li 4 3 1 2 0 153.04 332.26 25.52 46.56 127.52 285.7
ynao_sd_19970827_0440_li 11 10 1 1 0 152.22 232.44 80.51 118.84 71.71 113.6
ynao_sd_19970828_0215_li 24 23 1 1 0 244.73 316.14 160.61 202.41 84.12 113.73
ynao_sd_19970829_0510_li 39 35 4 2 0 376.45 430.14 227.81 259.87 148.64 170.27
ynao_sd_19970830_0515_li 33 30 3 1 0 440.37 470.1 226.97 244.81 213.4 225.29
ynao_sd_19970831_0150_li 43 39 4 2 0 589.01 684.75 285.75 362.12 303.26 322.63
ynao_sd_19970901_0050_hong 63 60 3 2 0 759.0 903.45 457.64 564.74 301.36 338.71
ynao_sd_19970902_0230_hong 48 43 5 2 0 623.65 799.24 341.26 439.28 282.39 359.96
ynao_sd_19970903_0120_hong 46 43 3 2 0 542.39 805.92 337.43 484.81 204.96 321.11
ynao_sd_19970904_0810_hong 10 9 1 1 0 212.74 407.09 82.47 133.83 130.27 273.26
ynao_sd_19970905_0200_hong 9 8 1 1 0 127.32 295.58 72.58 120.33 54.74 175.25
ynao_sd_19970906_0110_hong 16 16 0 0 0 136.43 171.03 136.43 171.03 0 0
ynao_sd_19970907_0200_hong 17 14 3 2 0 216.45 244.91 124.63 149.93 91.82 94.98
ynao_sd_19970908_0055_li 19 19 0 1 0 139.85 159.95 114.0 133.33 25.85 26.62
ynao_sd_19970909_0110_hong 29 25 4 2 0 416.34 459.62 214.59 237.04 201.75 222.58
ynao_sd_19970910_0100_li 28 21 7 2 0 505.96 530.45 224.19 238.9 281.77 291.55
ynao_sd_19970911_0120_li 23 20 3 1 0 488.73 508.36 182.0 192.19 306.73 316.17
ynao_sd_19970912_0240_li 32 29 3 3 0 618.7 663.87 231.79 245.58 386.91 418.29
ynao_sd_19970913_0245_li 16 14 2 1 0 491.89 609.47 152.75 201.78 339.14 407.69
ynao_sd_19970914_0235_li 16 12 4 3 0 548.55 764.63 149.58 202.09 398.97 562.54
ynao_sd_19970915_0410_hong 23 16 7 6 0 699.62 1047.12 226.22 332.2 473.4 714.92
ynao_sd_19970917_0520_hong 31 26 5 3 0 600.82 941.89 268.86 520.18 331.96 421.71
ynao_sd_19970918_0305_hong 21 18 3 1 0 389.28 414.12 171.53 183.27 217.75 230.85
ynao_sd_19970919_0410_hong 13 10 3 1 0 291.31 320.7 119.64 131.24 171.67 189.46
ynao_sd_19970920_0800_hong 11 9 2 1 0 236.4 289.42 111.45 135.2 124.95 154.22
ynao_sd_19970921_0200_hong 11 9 2 1 0 175.34 240.64 84.83 114.7 90.51 125.94
ynao_sd_19970922_0310_li 2 0 2 1 0 72.94 126.25 13.26 22.69 59.68 103.56
ynao_sd_19970923_0430_li 0 0 0 0 0 0 0 0 0 0 0
ynao_sd_19970924_0210_li 0 0 0 0 0 0 0 0 0 0 0
ynao_sd_19970929_0650_li 0 0 0 0 0 0 0 0 0 0 0
ynao_sd_19970930_0050_li 0 0 0 0 0 0 0 0 0 0 0
ynao_sd_19971001_0140_li 0 0 0 0 0 0 0 0 0 0 0
ynao_sd_19971002_0155_li 6 6 0 0 0 53.59 134.97 53.59 134.97 0 0
ynao_sd_19971003_0500_hong 9 7 2 1 0 103.56 183.47 58.46 106.7 45.1 76.77
ynao_sd_19971004_0410_hong 9 8 1 1 0 98.07 140.97 68.79 100.76 29.28 40.21
ynao_sd_19971005_0415_hong 7 7 0 0 0 70.9 84.51 70.9 84.51 0 0
ynao_sd_19971006_0520_hong 5 5 0 0 0 48.61 52.2 48.61 52.2 0 0
ynao_sd_19971007_0550_hong 5 5 0 0 0 43.0 65.86 43.0 65.86 0 0
ynao_sd_19971008_0530_hong 8 8 0 0 0 67.7 111.48 67.7 111.48 0 0
ynao_sd_19971009_0105_hong 9 9 0 0 0 82.78 121.53 82.78 121.53 0 0
ynao_sd_19971010_0430_hong 10 10 0 0 0 119.67 150.23 119.67 150.23 0 0
ynao_sd_19971011_0110_hong 15 15 0 0 0 153.85 178.68 153.85 178.68 0 0
ynao_sd_19971012_0200_hong 19 18 1 1 0 183.84 224.02 162.9 201.01 20.94 23.01
ynao_sd_19971013_0120_hong 31 27 4 3 0 381.1 452.44 244.91 303.24 136.19 149.2
ynao_sd_19971014_0110_hong 21 17 4 2 0 316.21 392.61 164.36 222.68 151.85 169.93
ynao_sd_19971015_0105_hong 19 18 1 1 0 261.55 377.67 158.2 252.05 103.35 125.62
ynao_sd_19971016_0120_li 14 13 1 1 0 204.08 384.02 135.18 287.85 68.9 96.17
ynao_sd_19971017_0050_li 20 18 2 2 0 276.66 461.3 169.1 252.85 107.56 208.45
ynao_sd_19971018_0120_li 10 8 2 2 0 174.99 271.13 86.18 143.79 88.81 127.34
ynao_sd_19971019_0150_li 7 5 2 1 0 129.42 152.55 57.6 62.29 71.82 90.26
ynao_sd_19971020_0200_li 4 3 1 2 0 154.27 165.66 28.76 30.22 125.51 135.44
ynao_sd_19971021_0050_li 5 4 1 1 0 108.92 113.15 44.13 46.17 64.79 66.98
ynao_sd_19971022_0055_li 6 6 0 0 0 47.48 50.97 47.48 50.97 0 0
ynao_sd_19971023_0330_hong 5 5 0 0 0 48.35 71.56 48.35 71.56 0 0
ynao_sd_19971024_0150_hong 2 2 0 0 0 12.35 13.82 12.35 13.82 0 0
ynao_sd_19971025_0100_hong 2 2 0 0 0 45.74 164.64 45.74 164.64 0 0
ynao_sd_19971026_0410_hong 4 3 1 1 0 77.21 161.7 29.71 59.16 47.5 102.54
ynao_sd_19971027_0300_hong 3 3 0 0 0 25.71 37.2 25.71 37.2 0 0
ynao_sd_19971028_0430_hong 11 10 1 1 0 144.66 180.19 91.43 111.51 53.23 68.68
ynao_sd_19971102_0535_li 8 8 0 0 0 60.89 74.55 60.89 74.55 0 0
ynao_sd_19971103_0140_li 8 8 0 0 0 61.23 74.84 61.23 74.84 0 0
ynao_sd_19971104_0120_li 12 12 0 0 0 73.08 89.2 73.08 89.2 0 0
ynao_sd_19971105_0140_li 15 15 0 0 0 111.38 118.41 111.38 118.41 0 0
ynao_sd_19971106_0120_li 21 21 0 0 0 141.11 148.2 141.11 148.2 0 0
ynao_sd_19971107_0140_li 18 16 2 1 0 168.65 185.49 104.58 114.1 64.07 71.39
ynao_sd_19971108_0320_li 13 11 2 1 0 97.75 149.77 77.01 123.59 20.74 26.18
ynao_sd_19971109_0220_hong 5 5 0 0 0 59.89 103.1 59.89 103.1 0 0
ynao_sd_19971110_0210_hong 10 8 2 1 0 144.47 264.94 97.08 172.81 47.39 92.13
ynao_sd_19971111_0210_hong 21 18 3 2 0 338.45 819.03 183.21 358.76 155.24 460.27
ynao_sd_19971112_0420_hong 15 14 1 2 0 227.64 632.04 152.23 404.99 75.41 227.05
ynao_sd_19971113_0150_hong 7 7 0 1 0 84.84 164.57 50.12 93.55 34.72 71.02
ynao_sd_19971114_0110_hong 14 13 1 1 0 156.06 595.38 116.12 445.79 39.94 149.59
ynao_sd_19971115_0105_hong 16 12 4 3 0 327.12 835.83 126.0 357.61 201.12 478.22
ynao_sd_19971116_0200_li 11 6 5 3 0 532.13 872.52 91.41 156.46 440.72 716.06
ynao_sd_19971117_0525_li 19 14 5 1 0 601.16 761.4 156.73 204.67 444.43 556.73
ynao_sd_19971118_0255_li 34 26 8 2 0 602.5 718.41 209.73 276.96 392.77 441.45
ynao_sd_19971119_0100_li 32 25 7 1 0 656.02 699.13 246.78 265.99 409.24 433.14
ynao_sd_19971120_0305_li 22 16 6 2 0 512.93 536.75 187.35 195.95 325.58 340.8
ynao_sd_19971121_0130_li 19 16 3 1 0 506.38 547.35 178.01 190.65 328.37 356.7
ynao_sd_19971122_0140_li 27 19 8 4 0 663.96 772.4 174.71 200.08 489.25 572.32
ynao_sd_19971123_0135_li 19 14 5 5 0 572.9 819.66 167.7 283.12 405.2 536.54
ynao_sd_19971124_0110_hong 28 23 5 5 0 498.55 872.71 219.78 396.84 278.77 475.87
ynao_sd_19971125_0105_hong 17 13 4 4 0 302.11 684.2 139.59 268.57 162.52 415.63
ynao_sd_19971126_0100_hong 11 10 1 2 0 315.54 1291.94 143.99 485.49 171.55 806.45
ynao_sd_19971127_0110_hong 26 16 10 4 0 508.23 1490.12 205.26 592.74 302.97 897.38
ynao_sd_19971128_0105_hong 24 14 10 5 0 955.59 1791.86 232.15 407.93 723.44 1383.93
ynao_sd_19971129_0110_hong 36 21 15 6 0 1343.4 1955.68 365.69 531.82 977.71 1423.86
ynao_sd_19971130_0150_hong 43 22 21 7 0 1431.96 1774.03 371.82 461.76 1060.14 1312.27
ynao_sd_19971201_0115_li 45 33 12 4 0 1191.79 1321.1 392.53 440.71 799.26 880.39
ynao_sd_19971203_0300_hong 53 43 10 5 0 1361.18 1450.23 480.62 510.96 880.56 939.27
ynao_sd_19971204_0140_li 42 38 4 2 0 982.84 1103.19 330.04 364.84 652.8 738.35
ynao_sd_19971205_0100_li 26 23 3 2 0 724.62 907.98 210.96 257.95 513.66 650.03
ynao_sd_19971206_0120_li 9 7 2 1 0 510.82 781.92 101.16 147.38 409.66 634.54
ynao_sd_19971207_0140_li 10 7 3 2 0 520.1 929.12 116.99 200.85 403.11 728.27
ynao_sd_19971210_0410_hong 22 19 3 2 0 337.5 397.52 184.09 218.85 153.41 178.67
ynao_sd_19971211_0430_hong 19 15 4 3 0 420.37 577.08 186.99 240.15 233.38 336.93
ynao_sd_19971212_0140_hong 40 37 3 3 0 491.52 746.3 340.48 459.82 151.04 286.48
ynao_sd_19971213_0120_hong 34 27 7 3 0 614.7 928.39 293.6 436.49 321.1 491.9
ynao_sd_19971214_0200_hong 19 17 2 2 0 370.42 783.99 168.24 329.91 202.18 454.08
ynao_sd_19971215_0855_li 6 3 3 3 0 232.05 416.65 69.61 121.85 162.44 294.8
ynao_sd_19971216_0120_li 10 6 4 4 0 314.17 539.39 65.21 114.25 248.96 425.14
ynao_sd_19971217_0100_li 11 9 2 2 0 381.13 621.66 169.84 363.22 211.29 258.44
ynao_sd_19971218_0340_li 11 10 1 1 0 271.79 339.91 107.19 162.69 164.6 177.22
ynao_sd_19971219_0120_li 13 11 2 1 0 240.05 253.41 95.24 101.28 144.81 152.13
ynao_sd_19971220_0055_li 4 3 1 1 0 141.67 151.9 32.67 34.77 109.0 117.13
ynao_sd_19971221_0200_li 1 0 1 1 0 63.9 74.64 12.54 14.63 51.36 60.01
ynao_sd_19971222_0120_hong 2 1 1 1 0 76.77 103.41 14.19 18.5 62.58 84.91
ynao_sd_19971223_0410_hong 1 0 1 1 0 33.97 59.3 4.14 7.23 29.83 52.07
ynao_sd_19971224_0120_hong 5 3 2 1 0 160.78 655.07 46.93 137.05 113.85 518.02
ynao_sd_19971225_0115_hong 5 4 1 1 0 271.52 645.25 99.63 222.99 171.89 422.26
ynao_sd_19971226_0120_hong 2 0 2 1 0 283.09 484.83 50.88 87.31 232.21 397.52
ynao_sd_19971227_0130_hong 2 0 2 1 0 411.9 574.6 73.71 102.44 338.19 472.16
ynao_sd_19971228_0200_hong 4 2 2 1 0 498.18 615.21 78.68 114.91 419.5 500.3
ynao_sd_19971229_0115_li 7 1 6 2 0 482.25 539.08 61.38 72.03 420.87 467.05
ynao_sd_19971230_0120_li 9 5 4 1 0 497.05 536.08 75.61 81.08 421.44 455.0
ynao_sd_19971231_0725_li 4 0 4 1 0 442.74 488.68 43.4 48.01 399.34 440.67
