ynao_sd_19980101_0140_hong 10 6 4 2 0 474.39 563.98 75.65 90.19 398.74 473.79
ynao_sd_19980102_0130_hong 8 4 4 2 0 253.47 341.63 65.32 87.36 188.15 254.27
ynao_sd_19980103_0140_hong 5 2 3 2 0 137.39 227.96 34.46 57.19 102.93 170.77
ynao_sd_19980104_0130_hong 7 5 2 2 0 156.62 359.96 59.19 134.49 97.43 225.47
ynao_sd_19980105_0120_hong 0 0 0 0 0 0 0 0 0 0 0
ynao_sd_19980106_0130_hong 4 4 0 0 0 51.68 134.02 51.68 134.02 0 0
ynao_sd_19980107_0120_hong 2 2 0 0 0 17.57 55.57 17.57 55.57 0 0
ynao_sd_19980108_0115_hong 2 2 0 0 0 15.78 47.07 15.78 47.07 0 0
ynao_sd_19980109_0130_hong 1 1 0 0 0 6.14 21.95 6.14 21.95 0 0
ynao_sd_19980110_0130_hong 0 0 0 0 0 0 0 0 0 0 0
ynao_sd_19980111_0150_li 2 2 0 0 0 15.51 19.14 15.51 19.14 0 0
ynao_sd_19980112_0140_li 0 0 0 0 0 0 0 0 0 0 0
ynao_sd_19980113_0130_li 0 0 0 0 0 0 0 0 0 0 0
ynao_sd_19980114_0250_li 0 0 0 0 0 0 0 0 0 0 0
ynao_sd_19980115_0130_li 1 1 0 0 0 10.97 11.54 10.97 11.54 0 0
ynao_sd_19980116_0150_li 5 5 0 0 0 33.06 35.68 33.06 35.68 0 0
ynao_sd_19980117_0130_li 4 3 1 1 0 61.67 71.97 29.27 33.81 32.4 38.16
ynao_sd_19980118_0200_li 4 4 0 0 0 36.42 46.49 36.42 46.49 0 0
ynao_sd_19980119_0200_hong 6 6 0 0 0 66.78 99.51 66.78 99.51 0 0
ynao_sd_19980120_0140_hong 7 7 0 0 0 63.93 106.2 63.93 106.2 0 0
ynao_sd_19980121_0150_hong 7 7 0 0 0 61.38 79.46 61.38 79.46 0 0
ynao_sd_19980122_0530_hong 2 2 0 0 0 27.72 33.04 27.72 33.04 0 0
ynao_sd_19980123_0140_hong 4 4 0 0 0 35.27 93.38 35.27 93.38 0 0
ynao_sd_19980124_0140_hong 7 7 0 0 0 72.41 206.87 72.41 206.87 0 0
ynao_sd_19980125_0150_hong 16 15 1 0 0 134.52 260.83 143.59 278.81 9.07 17.98
ynao_sd_19980126_0140_li 11 11 0 0 0 83.83 125.99 83.83 125.99 0 0
ynao_sd_19980127_0150_li 12 12 0 0 0 84.11 111.37 84.11 111.37 0 0
ynao_sd_19980130_0140_li 11 11 0 0 0 71.84 80.44 71.84 80.44 0 0
ynao_sd_19980131_0130_li 6 6 0 0 0 37.82 43.95 37.82 43.95 0 0
ynao_sd_19980201_0150_li 2 2 0 0 0 12.07 16.44 12.07 16.44 0 0
ynao_sd_19980202_0150_hong 1 1 0 0 0 19.08 29.73 19.08 29.73 0 0
ynao_sd_19980203_0145_hong 2 2 0 0 0 23.48 35.11 23.48 35.11 0 0
ynao_sd_19980204_0200_hong 8 5 3 1 0 104.38 141.44 50.11 67.08 54.27 74.36
ynao_sd_19980205_0830_hong 2 1 1 1 0 45.21 77.78 14.77 24.58 30.44 53.2
ynao_sd_19980206_0405_hong 1 1 0 0 0 12.31 27.63 12.31 27.63 0 0
ynao_sd_19980207_0410_hong 1 1 0 0 0 11.68 43.18 11.68 43.18 0 0
ynao_sd_19980208_0430_hong 0 0 0 0 0 0 0 0 0 0 0
ynao_sd_19980209_0130_li 0 0 0 0 0 0 0 0 0 0 0
ynao_sd_19980210_0140_li 1 1 0 0 0 6.42 32.38 6.42 32.38 0 0
ynao_sd_19980211_0130_li 0 0 0 0 0 0 0 0 0 0 0
ynao_sd_19980212_0120_li 1 1 0 0 0 5.3 6.66 5.3 6.66 0 0
ynao_sd_19980213_0100_li 0 0 0 0 0 0 0 0 0 0 0
ynao_sd_19980214_0130_li 1 1 0 0 0 9.14 14.11 9.14 14.11 0 0
ynao_sd_19980215_0210_li 3 3 0 0 0 23.36 39.26 23.36 39.26 0 0
ynao_sd_19980216_0200_hong 9 9 0 0 0 108.95 167.48 108.95 167.48 0 0
ynao_sd_19980217_0130_hong 9 9 0 0 0 83.1 116.45 83.1 116.45 0 0
ynao_sd_19980218_0130_hong 10 10 0 0 0 103.28 132.88 103.28 132.88 0 0
ynao_sd_19980219_0200_hong 5 5 0 0 0 58.85 69.54 58.85 69.54 0 0
ynao_sd_19980220_0120_hong 1 1 0 0 0 9.69 11.5 9.69 11.5 0 0
ynao_sd_19980221_0140_hong 0 0 0 0 0 0 0 0 0 0 0
ynao_sd_19980222_0410_hong 0 0 0 0 0 0 0 0 0 0 0
ynao_sd_19980223_0220_li 0 0 0 0 0 0 0 0 0 0 0
ynao_sd_19980224_0220_li 5 5 0 0 0 52.83 64.94 52.83 64.94 0 0
ynao_sd_19980225_0100_li 17 15 2 2 0 231.89 253.57 113.9 126.95 117.99 126.62
ynao_sd_19980226_0250_li 20 17 3 2 0 300.97 333.4 119.66 134.28 181.31 199.12
ynao_sd_19980227_0140_li 14 11 3 1 0 161.96 192.61 86.24 104.1 75.72 88.51
ynao_sd_19980228_0120_li 4 3 1 1 0 83.2 111.39 34.69 47.69 48.51 63.7
ynao_sd_19980301_0200_li 8 7 1 1 0 80.35 146.33 43.02 74.97 37.33 71.36
ynao_sd_19980302_0120_hong 10 9 1 1 0 111.96 227.65 79.47 132.51 32.49 95.14
ynao_sd_19980303_0140_hong 2 2 0 0 0 15.66 18.73 15.66 18.73 0 0
ynao_sd_19980304_0205_hong 5 5 0 0 0 45.41 56.79 45.41 56.79 0 0
ynao_sd_19980305_0120_hong 11 11 0 0 0 89.82 124.71 89.82 124.71 0 0
ynao_sd_19980306_0130_hong 5 5 0 1 0 83.09 149.9 41.32 70.14 41.77 79.76
ynao_sd_19980307_0120_hong 11 11 0 0 0 79.17 207.9 79.17 207.9 0 0
ynao_sd_19980309_0130_li 0 0 0 0 0 0 0 0 0 0 0
ynao_sd_19980310_0120_li 0 0 0 0 0 0 0 0 0 0 0
ynao_sd_19980311_0100_li 0 0 0 0 0 0 0 0 0 0 0
ynao_sd_19980312_0120_li 0 0 0 0 0 0 0 0 0 0 0
ynao_sd_19980313_0130_li 2 2 0 0 0 24.92 37.78 24.92 37.78 0 0
ynao_sd_19980314_0120_li 1 1 0 0 0 9.3 15.38 9.3 15.38 0 0
ynao_sd_19980315_0130_li 1 1 0 0 0 8.19 14.63 8.19 14.63 0 0
ynao_sd_19980317_0130_hong 0 0 0 0 0 0 0 0 0 0 0
ynao_sd_19980318_0120_hong 1 1 0 0 0 20.84 81.07 20.84 81.07 0 0
ynao_sd_19980319_0130_hong 5 3 2 1 0 145.42 298.61 45.65 92.07 99.77 206.54
ynao_sd_19980320_0120_hong 16 15 1 1 0 148.94 226.12 127.78 193.86 21.16 32.26
ynao_sd_19980321_0110_hong 12 12 0 0 0 99.24 132.23 99.24 132.23 0 0
ynao_sd_19980322_0230_hong 11 11 0 0 0 100.2 115.77 100.2 115.77 0 0
ynao_sd_19980323_0200_hong 12 10 2 2 0 188.03 212.2 88.42 99.85 99.61 112.35
ynao_sd_19980324_0110_hong 17 15 2 1 0 295.69 345.23 172.03 202.86 123.66 142.37
ynao_sd_19980325_0130_hong 14 10 4 2 0 423.78 523.51 140.42 170.41 283.36 353.1
ynao_sd_19980326_0540_hong 10 6 4 2 0 343.02 492.07 96.53 136.69 246.49 355.38
ynao_sd_19980327_0120_hong 10 8 2 1 0 287.67 504.76 96.4 166.12 191.27 338.64
ynao_sd_19980328_0130_hong 8 7 1 1 0 184.79 426.46 83.31 177.41 101.48 249.05
ynao_sd_19980329_0200_hong 12 12 0 1 0 234.04 828.45 163.41 495.72 70.63 332.73
ynao_sd_19980330_0140_hong 2 2 0 0 0 19.4 23.92 19.4 23.92 0 0
ynao_sd_19980331_0825_li 0 0 0 0 0 0 0 0 0 0 0
ynao_sd_19980401_0100_li 2 2 0 0 0 11.66 28.05 11.66 28.05 0 0
ynao_sd_19980402_0125_li 1 1 0 0 0 6.44 9.38 6.44 9.38 0 0
ynao_sd_19980403_0050_li 0 0 0 0 0 0 0 0 0 0 0
ynao_sd_19980404_0040_li 0 0 0 0 0 0 0 0 0 0 0
ynao_sd_19980405_0140_li 0 0 0 0 0 0 0 0 0 0 0
ynao_sd_19980406_0050_li 0 0 0 0 0 0 0 0 0 0 0
ynao_sd_19980407_0130_li 4 4 0 0 0 26.49 43.79 26.49 43.79 0 0
ynao_sd_19980408_0520_hong 2 2 0 0 0 14.51 36.06 14.51 36.06 0 0
ynao_sd_19980409_0050_hong 5 5 0 0 0 61.37 147.87 61.37 147.87 0 0
ynao_sd_19980410_0100_hong 4 4 0 0 0 36.65 61.92 36.65 61.92 0 0
ynao_sd_19980411_0040_hong 0 0 0 0 0 0 0 0 0 0 0
ynao_sd_19980412_0300_hong 2 2 0 0 0 17.37 26.32 17.37 26.32 0 0
ynao_sd_19980413_0130_li 0 0 0 0 0 0 0 0 0 0 0
ynao_sd_19980414_0240_li 0 0 0 0 0 0 0 0 0 0 0
ynao_sd_19980417_0140_li 9 9 0 0 0 75.92 112.78 75.92 112.78 0 0
ynao_sd_19980419_0200_li 7 7 0 0 0 71.31 111.39 71.31 111.39 0 0
ynao_sd_19980420_0140_hong 30 30 0 0 0 243.3 308.63 243.3 308.63 0 0
ynao_sd_19980421_0530_hong 24 22 2 2 0 305.77 443.25 202.36 292.65 103.41 150.6
ynao_sd_19980422_0050_hong 19 17 2 2 0 293.27 550.03 151.42 279.16 141.85 270.87
ynao_sd_19980423_0050_hong 17 16 1 1 0 204.86 547.98 150.55 374.08 54.31 173.9
ynao_sd_19980424_0100_hong 8 8 0 0 0 74.01 181.15 74.01 181.15 0 0
ynao_sd_19980425_0050_hong 5 5 0 0 0 47.56 58.06 47.56 58.06 0 0
ynao_sd_19980426_0200_li 0 0 0 0 0 0 0 0 0 0 0
ynao_sd_19980427_0100_li 1 1 0 0 0 5.27 9.72 5.27 9.72 0 0
ynao_sd_19980428_0040_li 1 1 0 0 0 4.67 5.25 4.67 5.25 0 0
ynao_sd_19980429_0115_li 0 0 0 0 0 0 0 0 0 0 0
ynao_sd_19980430_0045_li 3 3 0 0 0 38.2 83.64 38.2 83.64 0 0
ynao_sd_19980501_0140_li 7 7 0 1 0 120.63 190.32 70.64 114.83 49.99 75.49
ynao_sd_19980502_0120_li 21 18 3 2 0 372.88 487.65 161.54 216.62 211.34 271.03
ynao_sd_19980503_0200_li 47 43 4 4 0 551.12 654.62 292.6 351.21 258.52 303.41
ynao_sd_19980504_0110_hong 45 35 10 6 0 1024.72 1183.55 349.82 403.74 674.9 779.81
ynao_sd_19980505_0105_hong 58 47 11 5 0 1297.37 1524.27 518.27 606.04 779.1 918.23
ynao_sd_19980506_0100_hong 56 47 9 6 0 1343.08 1716.05 532.37 673.96 810.71 1042.09
ynao_sd_19980507_0100_hong 34 27 7 6 0 1123.91 1668.37 343.42 500.08 780.49 1168.29
ynao_sd_19980508_0050_hong 34 29 5 3 0 810.76 1555.59 384.96 682.99 425.8 872.6
ynao_sd_19980509_0100_hong 21 18 3 2 0 579.9 1503.93 245.47 575.0 334.43 928.93
ynao_sd_19980510_0140_hong 12 10 2 2 0 353.43 1063.98 109.54 281.89 243.89 782.09
ynao_sd_19980511_0100_li 0 0 0 0 0 0 0 0 0 0 0
ynao_sd_19980512_0040_li 3 3 0 0 0 31.4 128.66 31.4 128.66 0 0
ynao_sd_19980513_0030_li 4 2 2 1 0 96.88 239.1 26.58 58.28 70.3 180.82
ynao_sd_19980514_0045_li 15 10 5 1 0 221.94 374.99 97.65 157.03 124.29 217.96
ynao_sd_19980515_0030_li 28 25 3 1 0 333.97 456.81 157.25 206.94 176.72 249.87
ynao_sd_19980516_0040_li 23 20 3 1 0 287.42 344.83 149.89 176.3 137.53 168.53
ynao_sd_19980517_0220_li 17 16 1 2 0 304.54 339.76 111.8 123.23 192.74 216.53
ynao_sd_19980518_0240_hong 34 31 3 2 0 462.02 509.93 289.25 318.63 172.77 191.3
ynao_sd_19980519_0100_hong 24 19 5 2 0 472.41 540.19 197.29 227.47 275.12 312.72
ynao_sd_19980520_0220_hong 13 10 3 2 0 359.4 449.49 133.83 170.2 225.57 279.29
ynao_sd_19980521_0420_hong 6 5 1 1 0 158.66 230.48 92.46 134.97 66.2 95.51
ynao_sd_19980522_0220_hong 6 4 2 1 0 116.7 216.8 53.45 97.07 63.25 119.73
ynao_sd_19980523_0230_hong 5 5 0 0 0 59.95 162.42 59.95 162.42 0 0
ynao_sd_19980525_0100_li 20 14 6 2 0 632.11 743.64 152.74 178.91 479.37 564.73
ynao_sd_19980526_0025_li 16 11 5 5 0 756.91 1410.65 173.48 292.59 583.43 1118.06
ynao_sd_19980530_0705_li 9 5 4 2 0 355.98 411.89 67.6 78.5 288.38 333.39
ynao_sd_19980531_0150_li 8 4 4 2 0 326.59 364.74 73.69 82.48 252.9 282.26
ynao_sd_19980601_0140_hong 12 8 4 2 0 388.28 431.22 121.65 135.33 266.63 295.89
ynao_sd_19980602_0050_hong 11 8 3 2 0 367.22 424.99 105.26 122.28 261.96 302.71
ynao_sd_19980603_0420_hong 15 12 3 2 0 286.48 407.33 133.08 208.28 153.4 199.05
ynao_sd_19980604_0430_hong 15 12 3 2 0 225.55 432.09 119.54 267.0 106.01 165.09
ynao_sd_19980606_0550_hong 21 21 0 0 0 209.96 301.12 209.96 301.12 0 0
ynao_sd_19980607_0130_hong 16 16 0 0 0 136.32 156.77 136.32 156.77 0 0
ynao_sd_19980608_0140_li 4 4 0 1 0 59.79 70.06 30.37 34.83 29.42 35.23
ynao_sd_19980609_0640_li 11 10 1 1 0 87.75 118.92 70.2 94.19 17.55 24.73
ynao_sd_19980610_0530_li 11 11 0 0 0 69.48 103.98 69.48 103.98 0 0
ynao_sd_19980611_0240_li 4 4 0 0 0 28.61 49.71 28.61 49.71 0 0
ynao_sd_19980612_0020_li 6 6 0 0 0 38.76 62.09 38.76 62.09 0 0
ynao_sd_19980613_0050_li 8 7 1 1 0 129.92 386.12 55.41 94.55 74.51 291.57
ynao_sd_19980614_0240_li 8 7 1 1 0 247.21 484.02 74.24 113.49 172.97 370.53
ynao_sd_19980615_0110_hong 17 16 1 1 0 388.48 601.45 154.92 233.33 233.56 368.12
ynao_sd_19980616_0140_hong 10 8 2 1 0 418.68 523.73 131.24 161.28 287.44 362.45
ynao_sd_19980618_0300_hong 19 18 1 1 0 562.4 622.69 240.67 282.28 321.73 340.41
ynao_sd_19980620_0510_hong 20 19 1 1 0 574.35 656.23 302.91 363.12 271.44 293.11
ynao_sd_19980622_0250_li 22 21 1 2 0 483.01 677.31 199.75 291.53 283.26 385.78
ynao_sd_19980627_0550_li 29 27 2 1 0 392.72 433.98 188.39 212.53 204.33 221.45
ynao_sd_19980628_0230_li 22 21 1 1 0 388.88 467.4 182.42 253.68 206.46 213.72
ynao_sd_19980629_0540_hong 16 13 3 2 0 410.06 492.29 181.28 236.43 228.78 255.86
ynao_sd_19980702_0020_hong 15 11 4 3 0 491.06 925.21 152.76 266.45 338.3 658.76
ynao_sd_19980703_0430_hong 17 13 4 2 0 574.38 928.14 187.15 286.46 387.23 641.68
ynao_sd_19980704_0410_hong 18 15 3 2 0 509.85 787.65 167.79 246.21 342.06 541.44
ynao_sd_19980705_0415_hong 10 8 2 1 0 378.83 414.95 108.97 120.87 269.86 294.08
ynao_sd_19980707_0700_li 13 9 4 1 0 338.19 366.96 104.71 126.54 233.48 240.42
ynao_sd_19980711_0240_li 4 3 1 1 0 116.52 220.57 36.06 69.94 80.46 150.63
ynao_sd_19980712_0550_li 6 6 0 0 0 70.72 155.8 70.72 155.8 0 0
ynao_sd_19980713_0750_hong 2 2 0 0 0 16.97 21.88 16.97 21.88 0 0
ynao_sd_19980714_0530_hong 7 7 0 0 0 72.55 86.18 72.55 86.18 0 0
ynao_sd_19980717_0540_hong 5 5 0 0 0 47.64 75.57 47.64 75.57 0 0
ynao_sd_19980718_0410_hong 1 1 0 0 0 9.14 13.4 9.14 13.4 0 0
ynao_sd_19980719_0300_hong 1 1 0 0 0 6.28 6.66 6.28 6.66 0 0
ynao_sd_19980720_0320_li 1 1 0 1 0 1259.26 1943.31 7.45 11.49 1251.81 1931.82
ynao_sd_19980721_0350_li 2 2 0 0 0 16.74 23.77 16.74 23.77 0 0
ynao_sd_19980724_0620_li 15 15 0 2 0 1689.24 1864.02 132.08 208.83 1557.16 1655.19
ynao_sd_19980725_0420_li 23 17 6 4 0 405.81 534.35 171.6 212.02 234.21 322.33
ynao_sd_19980726_0240_li 23 11 12 2 0 970.97 1194.25 177.38 212.73 793.59 981.52
ynao_sd_19980727_0330_hong 29 19 10 3 0 1171.77 1485.99 314.66 395.38 857.11 1090.61
ynao_sd_19980728_0730_hong 26 19 7 3 0 1041.37 1269.0 286.45 344.8 754.92 924.2
ynao_sd_19980729_0410_hong 32 25 7 4 0 965.34 1190.83 339.06 415.31 626.28 775.52
ynao_sd_19980730_0830_hong 13 7 6 5 0 734.06 937.48 190.16 241.91 543.9 695.57
ynao_sd_19980731_0400_li 14 9 5 2 0 506.61 671.45 143.3 204.38 363.31 467.07
ynao_sd_19980803_0820_li 7 6 1 1 0 139.55 245.99 90.79 193.44 48.76 52.55
ynao_sd_19980805_0620_li 18 18 0 0 0 166.31 251.08 166.31 251.08 0 0
ynao_sd_19980806_0405_li 16 12 4 3 0 1199.28 1918.05 119.06 220.88 1080.22 1697.17
ynao_sd_19980807_0210_li 15 10 5 4 0 2580.42 4209.4 129.07 244.72 2451.35 3964.68
ynao_sd_19980808_0310_li 13 6 7 4 0 1338.37 3402.14 138.9 310.11 1199.47 3092.03
ynao_sd_19980810_0400_hong 32 25 7 5 0 1621.39 2150.03 483.27 631.26 1138.12 1518.77
ynao_sd_19980812_0830_hong 29 24 5 3 0 1811.72 1980.77 460.85 525.64 1350.87 1455.13
ynao_sd_19980813_0250_hong 40 32 8 3 0 2053.34 2197.88 562.71 636.15 1490.63 1561.73
ynao_sd_19980814_0200_hong 42 28 14 5 0 2144.42 2305.24 584.76 644.59 1559.66 1660.65
ynao_sd_19980815_0410_hong 28 19 9 3 0 1981.28 2212.48 540.75 600.31 1440.53 1612.17
ynao_sd_19980816_0220_hong 33 25 8 5 0 1688.66 2278.28 444.46 596.92 1244.2 1681.36
ynao_sd_19980817_0330_li 21 16 5 4 0 1153.96 1762.29 221.18 352.02 932.78 1410.27
ynao_sd_19980818_0100_li 12 6 6 4 0 851.95 1609.39 145.64 277.45 706.31 1331.94
ynao_sd_19980819_0105_li 18 12 6 5 0 602.35 1888.28 140.26 360.14 462.09 1528.14
ynao_sd_19980820_0220_li 16 10 6 4 0 510.09 1365.36 126.44 262.6 383.65 1102.76
ynao_sd_19980821_0025_li 21 16 5 2 0 667.52 1263.53 182.5 280.52 485.02 983.01
ynao_sd_19980822_0100_li 20 11 9 2 0 1361.81 1914.6 653.35 920.44 708.46 994.16
ynao_sd_19980822_0120_li 18 10 8 3 0 969.59 1490.16 220.15 377.85 749.44 1112.31
ynao_sd_19980823_0210_li 26 16 10 3 0 940.84 1209.3 218.85 284.06 721.99 925.24
ynao_sd_19980824_0200_hong 40 32 8 2 0 1158.24 1403.38 403.37 517.0 754.87 886.38
ynao_sd_19980825_0540_hong 37 28 9 6 0 1026.3 1186.57 318.9 376.37 707.4 810.2
ynao_sd_19980826_0240_hong 35 25 10 6 0 927.69 1157.28 298.03 377.26 629.66 780.02
ynao_sd_19980830_0305_hong 53 36 17 7 0 1515.38 1910.23 491.28 609.07 1024.1 1301.16
ynao_sd_19980831_0340_li 53 38 15 4 0 1632.01 2312.45 505.62 698.54 1126.39 1613.91
ynao_sd_19980902_0310_li 22 14 8 5 0 860.7 2079.88 171.29 360.02 689.41 1719.86
ynao_sd_19980903_0820_li 15 11 4 1 0 1208.67 4662.47 169.66 672.44 1039.01 3990.03
ynao_sd_19980904_0115_li 4 1 3 4 0 2579.16 8779.69 50.32 187.7 2528.84 8591.99
ynao_sd_19980905_0150_li 8 7 1 1 0 220.02 450.34 105.23 216.59 114.79 233.75
ynao_sd_19980906_0155_li 21 19 2 3 0 2296.4 3442.39 158.7 240.9 2137.7 3201.49
ynao_sd_19980907_0050_li 33 31 2 3 0 1729.67 2182.49 260.77 337.37 1468.9 1845.12
ynao_sd_19980908_0500_hong 40 30 10 6 0 1075.56 1274.97 387.49 444.32 688.07 830.65
ynao_sd_19980909_0115_hong 61 52 9 8 0 1275.67 1427.54 519.36 587.29 756.31 840.25
ynao_sd_19980910_0120_hong 62 54 8 8 0 1310.41 1459.75 548.1 628.16 762.31 831.59
ynao_sd_19980911_0130_li 56 48 8 5 0 1067.24 1193.47 395.14 460.46 672.1 733.01
ynao_sd_19980912_0120_hong 47 32 15 9 0 1282.44 1653.55 379.25 465.16 903.19 1188.39
ynao_sd_19980913_0200_hong 36 24 12 9 0 1189.22 1821.37 340.56 460.0 848.66 1361.37
ynao_sd_19980914_0320_li 28 22 6 5 0 1212.63 3687.51 221.83 392.37 990.8 3295.14
ynao_sd_19980915_0450_li 19 18 1 2 0 262.47 505.7 173.74 313.84 88.73 191.86
ynao_sd_19980916_0130_li 8 7 1 1 0 98.02 244.4 66.96 100.31 31.06 144.09
ynao_sd_19980917_0400_li 4 4 0 0 0 44.52 139.3 44.52 139.3 0 0
ynao_sd_19980918_0115_li 9 6 3 2 0 328.52 985.73 76.98 212.1 251.54 773.63
ynao_sd_19980919_0100_li 13 9 4 2 0 618.41 1218.39 140.76 274.88 477.65 943.51
ynao_sd_19980920_0210_li 26 19 7 3 0 779.83 1144.02 221.81 318.72 558.02 825.3
ynao_sd_19980921_0230_hong 57 47 10 6 0 1302.62 1592.43 456.91 577.65 845.71 1014.78
ynao_sd_19980922_0440_hong 60 46 14 6 0 1654.18 1828.95 588.24 669.62 1065.94 1159.33
ynao_sd_19980923_0310_li 50 39 11 6 0 1609.27 1682.98 425.49 455.6 1183.78 1227.38
ynao_sd_19980924_0420_hong 46 39 7 5 0 1517.8 1598.33 495.3 526.03 1022.5 1072.3
ynao_sd_19980925_0230_hong 47 40 7 4 0 1536.04 1686.4 509.71 555.9 1026.33 1130.5
ynao_sd_19980927_0240_hong 28 23 5 3 0 1012.16 1455.23 300.27 428.07 711.89 1027.16
ynao_sd_19980928_0010_li 15 13 2 2 0 647.46 1141.99 160.43 320.33 487.03 821.66
ynao_sd_19980929_0040_li 4 2 2 1 0 319.51 763.74 41.86 105.0 277.65 658.74
ynao_sd_19980930_0030_li 3 1 2 1 0 122.39 443.8 23.98 69.86 98.41 373.94
ynao_sd_19981001_0150_li 1 1 0 0 0 7.51 10.39 7.51 10.39 0 0
ynao_sd_19981002_0130_li 3 2 1 1 0 123.61 441.23 47.42 178.7 76.19 262.53
ynao_sd_19981003_0050_li 3 0 3 2 0 269.8 610.11 36.49 80.2 233.31 529.91
ynao_sd_19981004_0140_li 15 11 4 2 0 429.26 681.81 123.29 198.57 305.97 483.24
ynao_sd_19981005_0050_li 16 12 4 2 0 576.66 738.68 130.51 165.41 446.15 573.27
ynao_sd_19981006_0205_li 8 3 5 3 0 447.4 500.72 87.52 97.83 359.88 402.89
ynao_sd_19981007_0515_hong 24 18 6 3 0 528.13 578.0 194.62 232.63 333.51 345.37
ynao_sd_19981008_0420_hong 34 31 3 2 0 544.66 580.49 280.25 309.2 264.41 271.29
ynao_sd_19981009_0240_hong 39 31 8 5 0 680.14 792.4 291.61 329.8 388.53 462.6
ynao_sd_19981010_0300_hong 33 31 2 1 0 452.61 516.01 257.72 286.49 194.89 229.52
ynao_sd_19981011_0230_hong 21 19 2 1 0 354.66 463.81 182.56 224.4 172.1 239.41
ynao_sd_19981012_0245_hong 13 12 1 1 0 249.62 397.28 115.77 171.63 133.85 225.65
ynao_sd_19981013_0240_hong 17 16 1 1 0 192.11 356.27 130.05 191.29 62.06 164.98
ynao_sd_19981015_0300_hong 24 22 2 2 0 317.43 588.38 199.76 263.86 117.67 324.52
ynao_sd_19981016_0200_hong 36 33 3 3 0 441.61 662.94 300.13 413.39 141.48 249.55
ynao_sd_19981021_0640_li 9 9 0 0 0 76.66 80.09 76.66 80.09 0 0
ynao_sd_19981023_0550_li 6 6 0 0 0 62.82 67.25 62.82 67.25 0 0
ynao_sd_19981025_0420_li 6 6 0 0 0 44.45 52.16 44.45 52.16 0 0
ynao_sd_19981026_0410_hong 15 10 5 2 0 201.97 350.17 105.55 178.69 96.42 171.48
ynao_sd_19981027_0120_hong 9 8 1 1 0 130.39 191.47 80.77 125.46 49.62 66.01
ynao_sd_19981028_0105_hong 17 15 2 1 0 182.8 224.87 121.57 155.06 61.23 69.81
ynao_sd_19981029_0130_li 10 8 2 2 0 163.93 447.15 68.3 109.28 95.63 337.87
ynao_sd_19981030_0130_li 15 12 3 2 0 299.39 613.71 95.27 156.23 204.12 457.48
ynao_sd_19981031_0730_li 2 0 2 1 0 338.02 553.38 32.39 52.53 305.63 500.85
ynao_sd_19981103_0055_li 20 16 4 2 0 644.11 800.17 176.18 205.69 467.93 594.48
ynao_sd_19981104_0200_li 37 30 7 3 0 938.07 1325.53 282.05 350.79 656.02 974.74
ynao_sd_19981105_0140_hong 60 51 9 6 0 1335.86 1691.64 460.11 577.01 875.75 1114.63
ynao_sd_19981106_0115_hong 83 68 15 10 0 1710.78 2048.42 604.69 704.3 1106.09 1344.12
ynao_sd_19981107_0110_hong 51 39 12 9 0 1789.94 2190.6 509.1 616.2 1280.84 1574.4
ynao_sd_19981108_0200_hong 48 36 12 9 0 1819.43 2448.53 514.9 685.59 1304.53 1762.94
ynao_sd_19981109_0120_hong 50 34 16 9 0 1715.77 2890.89 440.57 742.45 1275.2 2148.44
ynao_sd_19981110_0115_hong 32 20 12 6 0 1523.5 3854.14 323.37 783.42 1200.13 3070.72
ynao_sd_19981111_0115_hong 23 18 5 4 0 927.27 1722.84 262.19 393.0 665.08 1329.84
ynao_sd_19981112_0700_hong 22 15 7 2 0 665.38 897.83 262.11 349.2 403.27 548.63
ynao_sd_19981113_0130_hong 28 18 10 6 0 680.65 1022.37 229.97 337.72 450.68 684.65
ynao_sd_19981114_0110_hong 25 18 7 5 0 612.65 1207.18 193.33 379.96 419.32 827.22
ynao_sd_19981115_0150_li 12 8 4 2 0 208.4 506.43 93.93 229.55 114.47 276.88
ynao_sd_19981116_0120_li 6 5 1 1 0 111.24 411.89 68.21 233.0 43.03 178.89
ynao_sd_19981117_0120_li 6 6 0 0 0 42.86 50.52 42.86 50.52 0 0
ynao_sd_19981118_0050_li 13 13 0 0 0 91.98 100.67 91.98 100.67 0 0
ynao_sd_19981119_0100_li 0 0 0 0 0 0 0 0 0 0 0
ynao_sd_19981120_0405_li 4 4 0 0 0 26.11 31.43 26.11 31.43 0 0
ynao_sd_19981122_0150_li 0 0 0 0 0 0 0 0 0 0 0
ynao_sd_19981125_0530_hong 9 6 3 3 0 1678.74 5898.32 71.28 318.08 1607.46 5580.24
ynao_sd_19981126_0115_hong 17 10 7 4 0 570.44 1624.11 269.27 999.18 301.17 624.93
ynao_sd_19981127_0230_hong 29 14 15 9 0 930.98 1791.7 201.72 361.13 729.26 1430.57
ynao_sd_19981128_0220_hong 41 22 19 11 0 2376.2 4462.85 325.64 529.02 2050.56 3933.83
ynao_sd_19981129_0210_hong 46 30 16 9 0 1432.43 2249.34 466.41 778.2 966.02 1471.14
ynao_sd_19981130_0130_li 42 33 9 7 0 1202.96 1875.97 416.05 732.84 786.91 1143.13
ynao_sd_19981201_0100_li 37 23 14 11 0 2586.85 6116.41 313.66 531.29 2273.19 5585.12
ynao_sd_19981202_0120_li 45 31 14 9 0 2704.87 6077.43 459.76 752.17 2245.11 5325.26
ynao_sd_19981203_0310_li 38 25 13 8 0 2045.48 2804.93 377.47 459.59 1668.01 2345.34
ynao_sd_19981204_0120_li 41 29 12 9 0 4406.1 5911.11 348.7 427.27 4057.4 5483.84
ynao_sd_19981205_0130_li 25 11 14 7 0 1453.46 1677.9 272.1 311.83 1181.36 1366.07
ynao_sd_19981206_0150_li 15 2 13 7 0 1302.88 1514.27 160.35 193.13 1142.53 1321.14
ynao_sd_19981208_0500_hong 23 11 12 9 0 1078.45 1739.86 257.2 405.29 821.25 1334.57
ynao_sd_19981212_0550_hong 4 1 3 3 0 218.89 576.31 33.44 77.43 185.45 498.88
ynao_sd_19981213_0240_hong 3 1 2 2 0 152.75 367.0 23.57 76.67 129.18 290.33
ynao_sd_19981214_0150_li 2 1 1 1 0 107.35 198.76 23.51 68.56 83.84 130.2
ynao_sd_19981215_0120_li 2 1 1 1 0 123.58 160.19 23.59 29.74 99.99 130.45
ynao_sd_19981216_0130_li 4 2 2 1 0 140.78 172.92 31.78 45.93 109.0 126.99
ynao_sd_19981217_0340_li 5 4 1 1 0 150.39 165.5 36.38 39.88 114.01 125.62
ynao_sd_19981218_0130_li 13 12 1 1 0 237.83 557.65 145.06 455.61 92.77 102.04
ynao_sd_19981219_0310_li 18 13 5 3 0 238.1 438.17 121.29 234.55 116.81 203.62
ynao_sd_19981220_0320_li 12 6 6 5 0 1487.73 5139.32 113.37 291.81 1374.36 4847.51
ynao_sd_19981221_0130_hong 30 25 5 4 0 483.14 851.14 242.88 429.85 240.26 421.29
ynao_sd_19981222_0140_hong 31 25 6 3 0 469.52 683.94 247.35 367.18 222.17 316.76
ynao_sd_19981223_0130_hong 28 23 5 3 0 399.43 558.03 248.66 368.33 150.77 189.7
ynao_sd_19981224_0240_hong 35 34 1 1 0 347.62 722.7 321.72 692.17 25.9 30.53
ynao_sd_19981225_0130_hong 42 38 4 3 0 572.85 1002.09 372.3 564.0 200.55 438.09
ynao_sd_19981226_0300_hong 53 47 6 6 0 890.64 1341.13 469.68 632.11 420.96 709.02
ynao_sd_19981227_0205_hong 65 49 16 11 0 1290.14 1699.76 475.49 618.97 814.65 1080.79
ynao_sd_19981228_0150_li 81 62 19 10 0 2508.37 3000.81 596.15 747.44 1912.22 2253.37
ynao_sd_19981229_0440_li 72 46 26 10 0 1767.34 2306.07 588.2 774.61 1179.14 1531.46
ynao_sd_19981230_0140_li 60 38 22 10 0 2289.5 3014.27 500.29 715.77 1789.21 2298.5
ynao_sd_19981231_0130_li 76 56 20 10 0 3422.68 4502.15 519.5 792.47 2903.18 3709.68
