ynao_sd_19990101_0150_li 53 34 19 8 0 1587.72 2260.91 390.08 600.57 1197.64 1660.34
ynao_sd_19990103_0210_li 36 28 8 5 0 636.67 1231.31 304.43 550.98 332.24 680.33
ynao_sd_19990105_0240_hong 42 35 7 5 0 789.0 1511.41 335.89 554.02 453.11 957.39
ynao_sd_19990106_0140_hong 21 15 6 3 0 499.91 586.92 195.76 238.98 304.15 347.94
ynao_sd_19990107_0410_hong 16 12 4 2 0 355.4 458.65 132.43 202.71 222.97 255.94
ynao_sd_19990108_0120_hong 6 3 3 2 0 163.77 219.77 54.22 77.62 109.55 142.15
ynao_sd_19990109_0130_hong 3 2 1 1 0 144.03 219.5 31.93 46.61 112.1 172.89
ynao_sd_19990113_0340_li 1 0 1 1 0 147.83 195.15 17.75 23.39 130.08 171.76
ynao_sd_19990116_0440_li 30 25 5 5 1 618.13 792.48 285.49 376.43 332.64 416.05
ynao_sd_19990117_0410_li 46 38 8 6 0 945.67 1118.91 450.81 538.08 494.86 580.83
ynao_sd_19990118_0150_hong 57 46 11 10 0 1193.94 1356.55 489.97 559.73 703.97 796.82
ynao_sd_19990119_0130_hong 55 42 13 12 0 1209.76 1398.81 448.72 514.08 761.04 884.73
ynao_sd_19990120_0220_hong 58 44 14 7 0 1168.85 1441.33 492.8 610.11 676.05 831.22
ynao_sd_19990121_0150_hong 58 49 9 6 0 1172.81 1618.74 507.05 673.76 665.76 944.98
ynao_sd_19990122_0120_hong 42 35 7 6 0 939.35 1563.68 418.66 649.6 520.69 914.08
ynao_sd_19990123_0150_hong 44 38 6 4 0 727.05 1258.45 356.06 555.88 370.99 702.57
ynao_sd_19990125_0130_li 23 21 2 1 0 234.03 355.59 173.89 273.1 60.14 82.49
ynao_sd_19990126_0200_li 5 5 0 0 0 49.37 89.18 49.37 89.18 0 0
ynao_sd_19990127_0140_li 6 5 1 0 0 30.6 71.24 35.21 77.1 4.61 5.86
ynao_sd_19990128_0120_li 14 14 0 2 0 1680.86 2080.77 112.87 187.47 1567.99 1893.3
ynao_sd_19990129_0130_li 8 7 1 1 0 853.28 1035.65 49.9 70.61 803.38 965.04
ynao_sd_19990130_0140_li 16 14 2 2 0 1606.92 3669.94 156.86 256.16 1450.06 3413.78
ynao_sd_19990131_0130_li 10 7 3 1 0 276.47 594.7 84.39 224.75 192.08 369.95
ynao_sd_19990201_0125_li 7 6 1 1 0 147.83 379.83 64.21 148.02 83.62 231.81
ynao_sd_19990202_0145_ye 18 18 0 0 0 166.87 421.21 166.87 421.21 0 0
ynao_sd_19990203_0610_li 0 0 0 0 0 0 0 0 0 0 0
ynao_sd_19990204_0155_ye 0 0 0 0 0 0 0 0 0 0 0
ynao_sd_19990205_0130_ye 0 0 0 0 0 0 0 0 0 0 0
ynao_sd_19990206_0130_ye 8 8 0 0 0 51.51 63.45 51.51 63.45 0 0
ynao_sd_19990207_0130_ye 23 23 0 0 0 161.22 250.63 161.22 250.63 0 0
ynao_sd_19990208_0140_ye 18 18 0 0 0 126.69 250.23 126.69 250.23 0 0
ynao_sd_19990209_0130_ye 34 32 2 2 0 462.98 988.01 335.68 665.63 127.3 322.38
ynao_sd_19990210_0130_ye 45 36 9 4 0 575.3 969.51 323.36 527.07 251.94 442.44
ynao_sd_19990211_0150_ye 61 50 11 7 0 1085.02 1529.25 471.66 656.16 613.36 873.09
ynao_sd_19990212_0215_ye 70 49 21 11 0 6008.84 9392.25 662.67 1075.6 5346.17 8316.65
ynao_sd_19990213_0145_ye 94 59 35 12 0 5626.98 8350.15 914.17 1190.21 4712.81 7159.94
ynao_sd_19990214_0145_li 85 63 22 8 0 4448.17 6058.59 879.1 1051.87 3569.07 5006.72
ynao_sd_19990215_0120_li 77 59 18 7 0 3440.35 4041.14 939.84 1074.94 2500.51 2966.2
ynao_sd_19990216_0200_li 57 44 13 7 0 1731.77 2090.87 527.18 715.08 1204.59 1375.79
ynao_sd_19990217_0130_li 39 27 12 10 0 2205.09 2765.53 336.98 421.22 1868.11 2344.31
ynao_sd_19990219_0140_li 19 10 9 6 0 728.95 1156.9 163.0 236.8 565.95 920.1
ynao_sd_19990220_0310_li 25 17 8 4 0 555.95 1110.89 234.2 517.54 321.75 593.35
ynao_sd_19990221_0320_li 11 8 3 2 0 339.88 661.25 131.93 304.42 207.95 356.83
ynao_sd_19990222_0120_li 14 11 3 2 0 226.72 439.18 129.2 331.57 97.52 107.61
ynao_sd_19990223_0130_li 7 6 1 1 0 103.93 150.5 55.63 97.35 48.3 53.15
ynao_sd_19990224_0120_li 3 2 1 1 0 70.14 118.44 31.81 73.3 38.33 45.14
ynao_sd_19990225_0100_li 7 7 0 0 0 65.1 101.15 65.1 101.15 0 0
ynao_sd_19990226_0050_li 18 18 0 0 0 119.0 179.09 119.0 179.09 0 0
ynao_sd_19990227_0045_li 12 12 0 0 0 109.4 152.72 109.4 152.72 0 0
ynao_sd_19990228_0150_li 34 32 2 1 0 286.8 355.51 209.22 261.43 77.58 94.08
ynao_sd_19990301_0140_ye 43 38 5 3 0 1297.99 1673.88 305.56 398.48 992.43 1275.4
ynao_sd_19990302_0120_ye 48 43 5 2 0 568.46 751.66 369.47 481.03 198.99 270.63
ynao_sd_19990303_0145_ye 58 46 12 7 0 993.28 1414.16 459.46 651.37 533.82 762.79
ynao_sd_19990304_0120_ye 51 40 11 5 0 1138.95 1641.03 450.23 635.87 688.72 1005.16
ynao_sd_19990305_0115_ye 62 50 12 5 0 2202.98 4901.07 489.53 725.55 1713.45 4175.52
ynao_sd_19990306_0125_ye 32 28 4 2 0 678.61 1185.26 343.9 564.72 334.71 620.54
ynao_sd_19990307_0140_ye 29 27 2 1 0 418.77 964.31 244.68 467.32 174.09 496.99
ynao_sd_19990308_0130_li 5 4 1 1 0 86.42 349.67 32.28 98.83 54.14 250.84
ynao_sd_19990309_0130_li 6 5 1 1 0 75.27 218.81 40.82 110.61 34.45 108.2
ynao_sd_19990310_0130_li 11 10 1 1 0 224.36 446.59 129.7 246.17 94.66 200.42
ynao_sd_19990311_0140_li 22 17 5 1 0 476.93 755.51 236.19 373.06 240.74 382.45
ynao_sd_19990312_0130_li 32 25 7 4 0 664.68 912.2 287.7 417.85 376.98 494.35
ynao_sd_19990313_0140_ye 38 31 7 4 0 897.94 1090.14 288.8 370.34 609.14 719.8
ynao_sd_19990314_0140_ye 62 47 15 4 0 1721.38 2020.74 453.72 548.65 1267.66 1472.09
ynao_sd_19990315_0055_ye 85 66 19 7 0 2801.12 3589.57 671.54 789.04 2129.58 2800.53
ynao_sd_19990316_0055_ye 88 70 18 6 0 1909.54 2368.45 780.13 951.46 1129.41 1416.99
ynao_sd_19990317_0105_li 73 61 12 5 0 1440.39 1991.14 555.47 751.88 884.92 1239.26
ynao_sd_19990318_0120_li 43 37 6 4 0 988.32 1654.0 294.08 460.2 694.24 1193.8
ynao_sd_19990319_0050_li 29 24 5 4 0 498.67 945.34 193.63 342.28 305.04 603.06
ynao_sd_19990320_0130_li 17 16 1 1 0 288.02 489.66 138.2 255.74 149.82 233.92
ynao_sd_19990321_0150_li 9 8 1 1 0 145.65 269.91 79.98 130.42 65.67 139.49
ynao_sd_19990322_0140_ye 10 9 1 0 0 91.18 243.46 97.76 269.29 6.58 25.83
ynao_sd_19990323_0145_ye 6 6 0 0 0 72.82 315.71 72.82 315.71 0 0
ynao_sd_19990324_0205_ye 8 7 1 1 0 106.67 225.01 51.8 80.14 54.87 144.87
ynao_sd_19990325_0110_ye 14 10 4 3 0 322.5 511.67 105.91 173.57 216.59 338.1
ynao_sd_19990326_0045_ye 15 12 3 2 0 297.29 437.77 115.36 184.5 181.93 253.27
ynao_sd_19990327_0130_li 4 2 2 2 0 1570.55 1956.06 52.16 63.62 1518.39 1892.44
ynao_sd_19990328_0145_ye 13 10 3 2 0 263.25 307.66 111.74 130.56 151.51 177.1
ynao_sd_19990329_0200_li 2 0 2 2 0 168.22 201.66 29.12 35.02 139.1 166.64
ynao_sd_19990330_0100_li 3 1 2 3 0 188.8 250.48 29.98 41.21 158.82 209.27
ynao_sd_19990331_0120_li 3 2 1 1 0 101.94 152.55 42.37 59.66 59.57 92.89
ynao_sd_19990401_0130_li 5 3 2 2 0 120.15 225.38 45.58 98.47 74.57 126.91
ynao_sd_19990402_0120_li 1 1 0 0 0 22.45 37.08 22.45 37.08 0 0
ynao_sd_19990403_0050_li 4 4 0 0 0 31.96 87.3 31.96 87.3 0 0
ynao_sd_19990404_0140_li 5 5 0 0 0 61.53 180.06 61.53 180.06 0 0
ynao_sd_19990405_0250_li 21 18 3 2 0 279.58 568.77 176.17 347.73 103.41 221.04
ynao_sd_19990406_0240_li 18 16 2 1 0 201.07 303.8 126.28 184.16 74.79 119.64
ynao_sd_19990407_0130_li 36 34 2 1 0 326.3 398.03 253.38 301.3 72.92 96.73
ynao_sd_19990408_0210_li 29 27 2 3 0 347.93 400.5 211.35 240.96 136.58 159.54
ynao_sd_19990409_0130_li 43 42 1 2 0 374.3 419.37 307.33 346.82 66.97 72.55
ynao_sd_19990410_0100_ye 48 46 2 2 0 420.78 476.15 356.44 404.25 64.34 71.9
ynao_sd_19990411_0140_ye 48 47 1 1 0 446.14 519.68 401.49 468.42 44.65 51.26
ynao_sd_19990412_0045_ye 47 42 5 1 0 1266.7 1466.19 305.92 393.73 960.78 1072.46
ynao_sd_19990413_0045_ye 13 13 0 0 0 101.19 152.06 101.19 152.06 0 0
ynao_sd_19990414_0050_ye 12 8 4 1 0 1378.46 2545.55 92.75 187.02 1285.71 2358.53
ynao_sd_19990415_0135_ye 3 3 0 0 0 21.11 22.64 21.11 22.64 0 0
ynao_sd_19990416_0030_ye 4 4 0 0 0 27.67 29.14 27.67 29.14 0 0
ynao_sd_19990417_0030_ye 9 8 1 0 0 53.43 64.99 60.9 74.18 7.47 9.19
ynao_sd_19990418_0100_ye 8 8 0 0 0 63.15 88.61 63.15 88.61 0 0
ynao_sd_19990419_0045_ye 14 13 1 1 0 180.25 283.41 117.45 179.5 62.8 103.91
ynao_sd_19990420_0050_ye 21 20 1 1 0 191.68 327.8 161.08 257.29 30.6 70.51
ynao_sd_19990421_0120_ye 8 7 1 1 0 87.08 186.01 55.32 72.76 31.76 113.25
ynao_sd_19990422_0120_ye 6 6 0 0 0 50.94 77.7 50.94 77.7 0 0
ynao_sd_19990423_0110_ye 9 9 0 0 0 96.31 195.53 96.31 195.53 0 0
ynao_sd_19990424_0050_li 2 2 0 0 0 23.93 59.44 23.93 59.44 0 0
ynao_sd_19990425_0045_li 11 10 1 1 0 170.34 286.82 121.14 202.35 49.2 84.47
ynao_sd_19990426_0220_li 12 9 3 3 0 477.14 648.55 141.66 191.22 335.48 457.33
ynao_sd_19990428_0620_li 26 21 5 2 0 493.52 556.06 227.6 257.9 265.92 298.16
ynao_sd_19990503_0240_ye 51 48 3 3 0 815.38 1136.05 492.57 730.07 322.81 405.98
ynao_sd_19990511_0220_li 39 27 12 8 0 4510.97 10338.36 371.9 611.23 4139.07 9727.13
ynao_sd_19990512_0120_li 26 22 4 4 0 835.37 943.48 250.49 294.94 584.88 648.54
ynao_sd_19990513_0420_li 39 34 5 3 0 904.74 1004.4 325.67 360.57 579.07 643.83
ynao_sd_19990514_0120_li 30 23 7 2 0 886.13 1041.27 283.4 328.33 602.73 712.94
ynao_sd_19990515_0030_li 30 26 4 2 0 825.01 1058.13 276.61 331.96 548.4 726.17
ynao_sd_19990517_0045_ye 32 25 7 4 0 828.68 1503.7 296.85 483.35 531.83 1020.35
ynao_sd_19990518_0320_ye 37 32 5 3 0 1024.56 1975.43 382.53 690.68 642.03 1284.75
ynao_sd_19990519_0120_li 17 15 2 2 0 1766.4 3538.53 251.08 472.29 1515.32 3066.24
ynao_sd_19990520_0240_li 13 11 2 1 0 715.89 977.71 159.48 272.77 556.41 704.94
ynao_sd_19990522_0130_ye 9 6 3 2 0 793.19 1407.23 225.71 393.29 567.48 1013.94
ynao_sd_19990524_0555_ye 13 10 3 3 0 867.74 2102.11 356.62 916.66 511.12 1185.45
ynao_sd_19990525_0250_ye 13 8 5 3 0 852.68 1853.41 216.8 486.65 635.88 1366.76
ynao_sd_19990531_0145_ye 44 33 11 7 0 1932.0 2339.88 594.35 721.09 1337.65 1618.79
ynao_sd_19990601_0320_li 46 28 18 9 1 2035.08 2426.08 501.14 616.44 1533.94 1809.64
ynao_sd_19990602_0140_ye 63 39 24 7 0 2454.39 3010.21 675.98 892.71 1778.41 2117.5
ynao_sd_19990603_0125_ye 50 29 21 7 0 3239.81 4136.95 595.08 884.52 2644.73 3252.43
ynao_sd_19990604_0100_ye 43 29 14 5 0 3468.73 8357.1 629.23 1435.69 2839.5 6921.41
ynao_sd_19990605_0100_ye 38 29 9 4 0 910.81 1443.73 358.76 651.38 552.05 792.35
ynao_sd_19990606_0020_ye 46 31 15 7 0 4398.23 6601.19 405.49 619.69 3992.74 5981.5
ynao_sd_19990607_0525_ye 31 21 10 6 0 678.62 940.22 216.98 301.4 461.64 638.82
ynao_sd_19990608_0040_ye 55 40 15 7 0 3586.47 4181.78 460.79 578.82 3125.68 3602.96
ynao_sd_19990609_0100_ye 68 56 12 5 0 1213.04 1561.28 547.04 636.94 666.0 924.34
ynao_sd_19990610_0405_ye 69 45 24 12 0 2428.4 2734.71 533.08 608.53 1895.32 2126.18
ynao_sd_19990611_0230_ye 109 86 23 13 0 4895.93 5465.07 752.48 886.96 4143.45 4578.11
ynao_sd_19990614_0100_ye 66 47 19 9 0 2313.31 3992.86 526.02 892.32 1787.29 3100.54
ynao_sd_19990615_0020_ye 61 35 26 10 0 4461.84 10879.97 424.02 702.32 4037.82 10177.65
ynao_sd_19990616_0015_ye 44 34 10 6 0 2014.81 2825.85 364.82 529.16 1649.99 2296.69
ynao_sd_19990617_0250_ye 20 17 3 3 0 504.31 676.83 132.67 174.1 371.64 502.73
ynao_sd_19990618_0155_ye 51 45 6 1 0 724.79 956.31 476.0 648.46 248.79 307.85
ynao_sd_19990619_0055_ye 63 58 5 3 0 1104.27 1550.89 529.83 769.83 574.44 781.06
ynao_sd_19990620_0045_ye 19 14 5 2 0 431.46 668.36 188.43 367.09 243.03 301.27
ynao_sd_19990621_0430_ye 39 25 14 5 0 1851.25 5300.3 535.21 1303.41 1316.04 3996.89
ynao_sd_19990622_0530_ye 30 23 7 5 1 1109.12 1979.17 388.28 683.27 720.84 1295.9
ynao_sd_19990624_0710_ye 59 40 19 12 0 1533.39 2269.63 517.1 817.57 1016.29 1452.06
ynao_sd_19990625_0730_ye 103 75 28 14 0 2444.16 3271.69 751.64 996.51 1692.52 2275.18
ynao_sd_19990626_0630_ye 112 75 37 17 0 5498.88 8708.32 902.15 1193.17 4596.73 7515.15
ynao_sd_19990628_0230_ye 84 59 25 12 1 2524.03 2691.66 626.94 676.44 1897.09 2015.22
ynao_sd_19990629_0300_ye 102 82 20 10 0 5423.25 6764.69 714.76 820.39 4708.49 5944.3
ynao_sd_19990630_0545_ye 28 19 9 5 0 1591.17 2821.36 267.74 382.84 1323.43 2438.52
ynao_sd_19990701_0310_ye 45 31 14 5 0 3979.83 7303.22 431.41 698.89 3548.42 6604.33
ynao_sd_19990705_0125_ye 54 42 12 5 0 1415.06 2165.06 538.8 780.16 876.26 1384.9
ynao_sd_19990706_0400_ye 45 29 16 7 0 5707.05 8717.89 417.92 554.93 5289.13 8162.96
ynao_sd_19990707_0145_ye 39 27 12 3 0 1242.76 1386.87 396.74 511.15 846.02 875.72
ynao_sd_19990708_0405_ye 23 15 8 3 0 1010.47 1109.88 242.31 290.52 768.16 819.36
ynao_sd_19990713_0100_li 38 30 8 3 0 807.15 1290.52 296.06 569.25 511.09 721.27
ynao_sd_19990714_0340_ye 23 14 9 4 0 700.93 972.79 229.53 317.99 471.4 654.8
ynao_sd_19990715_0500_ye 41 30 11 4 0 751.34 906.81 301.08 381.22 450.26 525.59
ynao_sd_19990717_0200_ye 39 30 9 5 0 1755.68 2411.36 266.35 550.51 1489.33 1860.85
ynao_sd_19990719_0155_ye 40 27 13 6 0 1441.39 3029.73 329.99 541.21 1111.4 2488.52
ynao_sd_19990720_0040_ye 67 53 14 8 0 1504.7 1899.63 686.31 884.26 818.39 1015.37
ynao_sd_19990721_0410_ye 48 37 11 5 0 1203.53 1656.09 466.95 602.6 736.58 1053.49
ynao_sd_19990723_0220_ye 109 80 29 9 0 5078.43 7674.93 800.4 1010.48 4278.03 6664.45
ynao_sd_19990724_0100_ye 86 71 15 7 0 3985.54 5239.23 905.17 1148.74 3080.37 4090.49
ynao_sd_19990727_0030_ye 38 27 11 3 0 1512.51 2091.72 524.41 776.22 988.1 1315.5
ynao_sd_19990728_0100_ye 53 41 12 6 0 1385.41 2483.5 497.25 916.76 888.16 1566.74
ynao_sd_19990730_0125_ye 62 52 10 4 0 1209.92 1938.38 592.55 1075.76 617.37 862.62
ynao_sd_19990731_0055_ye 59 41 18 8 0 1830.33 2350.1 641.99 826.11 1188.34 1523.99
ynao_sd_19990802_0030_ye 96 48 48 4 0 3000.52 3410.99 825.94 935.18 2174.58 2475.81
ynao_sd_19990803_0730_ye 63 36 27 9 0 3738.68 4126.81 769.18 828.19 2969.5 3298.62
ynao_sd_19990804_0120_ye 88 53 35 13 0 4685.76 5450.21 885.75 1046.42 3800.01 4403.79
ynao_sd_19990805_0100_ye 75 40 35 12 0 3618.81 5153.69 681.17 847.88 2937.64 4305.81
ynao_sd_19990806_0220_ye 61 43 18 7 0 1994.57 2788.97 639.7 858.75 1354.87 1930.22
ynao_sd_19990807_0015_ye 51 34 17 8 0 1272.21 2214.69 482.36 776.58 789.85 1438.11
ynao_sd_19990808_0200_ye 73 68 5 4 0 2136.47 3195.18 663.48 1216.24 1472.99 1978.94
ynao_sd_19990809_0205_ye 21 20 1 2 0 1636.4 5334.23 225.76 587.33 1410.64 4746.9
ynao_sd_19990810_0545_ye 17 13 4 1 0 1546.75 3159.58 136.07 325.89 1410.68 2833.69
ynao_sd_19990811_0105_ye 0 0 0 0 0 0 0 0 0 0 0
ynao_sd_19990813_0355_ye 10 10 0 0 0 80.38 168.36 80.38 168.36 0 0
ynao_sd_19990814_0630_ye 5 3 2 1 0 257.79 819.17 50.03 137.48 207.76 681.69
ynao_sd_19990816_0415_ye 20 16 4 1 0 845.3 1280.36 267.13 395.74 578.17 884.62
ynao_sd_19990819_0315_ye 66 62 4 2 0 1231.26 1299.48 653.77 696.18 577.49 603.3
ynao_sd_19990820_0635_ye 17 12 5 3 0 836.85 867.23 270.42 283.52 566.43 583.71
ynao_sd_19990821_0555_ye 10 7 3 1 0 538.29 579.09 134.57 146.54 403.72 432.55
ynao_sd_19990823_0205_ye 18 13 5 2 0 601.86 790.56 186.71 243.33 415.15 547.23
ynao_sd_19990827_0610_ye 35 29 6 3 0 494.09 771.77 311.62 496.44 182.47 275.33
ynao_sd_19990829_0640_li 48 39 9 5 0 671.93 742.74 328.18 378.06 343.75 364.68
ynao_sd_19990830_0650_li 59 50 9 7 0 994.1 1043.07 448.48 480.57 545.62 562.5
ynao_sd_19990902_0400_li 28 22 6 3 0 543.77 734.47 210.53 282.6 333.24 451.87
ynao_sd_19990904_0240_li 13 10 3 2 0 266.35 575.79 95.21 127.44 171.14 448.35
ynao_sd_19990905_0100_li 30 27 3 1 0 260.1 493.54 210.48 398.51 49.62 95.03
ynao_sd_19990906_0100_li 32 32 0 1 0 267.84 392.94 234.48 346.94 33.36 46.0
ynao_sd_19990907_0130_ye 23 22 1 1 0 300.77 566.18 226.89 341.05 73.88 225.13
ynao_sd_19990908_0230_ye 38 36 2 1 0 397.65 855.22 325.1 725.48 72.55 129.74
ynao_sd_19990909_0020_ye 28 28 0 0 0 170.53 311.83 170.53 311.83 0 0
ynao_sd_19990910_0040_ye 29 24 5 2 0 1707.94 2551.31 243.28 424.2 1464.66 2127.11
ynao_sd_19990911_0045_ye 37 32 5 5 0 492.3 639.56 248.89 296.69 243.41 342.87
ynao_sd_19990913_0140_li 49 37 12 6 0 872.77 1105.32 372.04 563.9 500.73 541.42
ynao_sd_19990914_0155_li 52 35 17 10 0 1308.54 1705.85 424.19 608.99 884.35 1096.86
ynao_sd_19990915_0720_li 51 32 19 13 0 1377.12 1680.26 434.83 554.26 942.29 1126.0
ynao_sd_19990916_0210_li 69 47 22 17 0 1703.48 2255.77 483.26 635.84 1220.22 1619.93
ynao_sd_19990917_0320_li 44 31 13 10 0 1033.13 1599.94 333.24 504.51 699.89 1095.43
ynao_sd_19990918_0055_li 57 54 3 3 0 687.13 1152.16 499.12 840.04 188.01 312.12
ynao_sd_19990920_0230_ye 36 33 3 3 0 373.47 739.38 254.98 326.55 118.49 412.83
ynao_sd_19990921_0055_ye 36 35 1 1 0 388.92 659.87 267.61 415.14 121.31 244.73
ynao_sd_19990923_0740_li 14 13 1 1 0 278.86 388.86 131.4 212.28 147.46 176.58
ynao_sd_19990925_0040_li 23 20 3 1 0 401.44 495.84 192.73 279.49 208.71 216.35
ynao_sd_19990927_0200_li 2 1 1 1 0 216.7 283.06 53.79 110.63 162.91 172.43
ynao_sd_19990928_0120_li 10 8 2 2 0 270.85 385.54 112.03 174.83 158.82 210.71
ynao_sd_19990929_0120_li 6 5 1 1 0 178.4 242.09 93.36 129.56 85.04 112.53
ynao_sd_19990930_0250_li 12 9 3 2 0 203.64 353.95 85.41 132.3 118.23 221.65
ynao_sd_19991001_0420_li 6 5 1 1 0 118.96 206.49 90.01 136.07 28.95 70.42
ynao_sd_19991002_0200_li 5 3 2 1 0 176.68 539.53 95.56 210.48 81.12 329.05
ynao_sd_19991003_0140_li 6 5 1 1 0 284.66 611.62 72.06 116.2 212.6 495.42
ynao_sd_19991004_0110_ye 20 18 2 1 0 507.96 818.75 227.72 353.05 280.24 465.7
ynao_sd_19991005_0225_ye 35 30 5 2 0 689.75 967.63 346.69 502.28 343.06 465.35
ynao_sd_19991006_0325_ye 50 41 9 5 0 978.09 1147.79 506.48 619.69 471.61 528.1
ynao_sd_19991007_0205_ye 49 43 6 4 0 1164.99 1283.51 521.11 591.96 643.88 691.55
ynao_sd_19991008_0310_li 42 40 2 2 0 797.11 888.99 349.26 427.28 447.85 461.71
ynao_sd_19991009_0030_li 40 37 3 2 0 700.3 891.29 306.76 381.45 393.54 509.84
ynao_sd_19991010_0050_li 38 28 10 4 0 1663.97 4711.13 334.54 616.83 1329.43 4094.3
ynao_sd_19991011_0625_ye 90 79 11 4 0 1864.14 2801.74 854.05 1271.68 1010.09 1530.06
ynao_sd_19991012_0640_ye 88 65 23 10 0 2310.75 3276.49 710.61 1024.02 1600.14 2252.47
ynao_sd_19991013_0315_ye 95 75 20 13 0 2442.96 3120.6 976.3 1217.79 1466.66 1902.81
ynao_sd_19991014_0425_ye 110 77 33 15 0 3271.03 3893.0 1076.72 1247.41 2194.31 2645.59
ynao_sd_19991015_0300_ye 115 74 41 11 0 4129.38 4437.01 1063.87 1145.51 3065.51 3291.5
ynao_sd_19991016_0050_li 106 75 31 12 0 3423.24 3556.76 932.37 979.0 2490.87 2577.76
ynao_sd_19991019_0120_li 74 56 18 11 0 2246.71 2771.33 598.19 755.98 1648.52 2015.35
ynao_sd_19991020_0115_li 60 43 17 10 1 1610.57 2388.49 619.23 887.98 991.34 1500.51
ynao_sd_19991021_0230_li 39 32 7 5 0 649.3 1356.22 328.82 777.17 320.48 579.05
ynao_sd_19991022_0330_li 12 8 4 2 0 224.48 579.65 145.96 374.04 78.52 205.61
ynao_sd_19991023_0205_li 6 6 0 0 0 90.4 228.75 90.4 228.75 0 0
ynao_sd_19991024_0240_li 10 7 3 1 0 186.09 551.0 82.43 141.75 103.66 409.25
ynao_sd_19991025_0030_ye 31 27 4 2 0 621.71 1472.0 270.37 606.16 351.34 865.84
ynao_sd_19991105_0240_li 23 19 4 2 0 314.44 578.44 181.06 453.79 133.38 124.65
ynao_sd_19991106_0410_li 26 22 4 4 0 367.58 645.33 169.28 231.11 198.3 414.22
ynao_sd_19991107_0230_li 42 38 4 5 0 793.09 1634.11 416.11 953.26 376.98 680.85
ynao_sd_19991108_0250_ye 108 82 26 13 0 4401.66 7742.73 1018.87 1920.63 3382.79 5822.1
ynao_sd_19991109_0300_ye 176 140 36 14 0 3388.58 5103.21 1428.98 2033.95 1959.6 3069.26
ynao_sd_19991110_0415_ye 181 137 44 21 0 4779.0 6808.1 1646.51 1998.91 3132.49 4809.19
ynao_sd_19991111_0055_ye 181 134 47 26 0 4193.45 4621.22 1582.84 1771.81 2610.61 2849.41
ynao_sd_19991112_0100_ye 161 123 38 15 0 4702.58 5238.51 1512.01 1687.69 3190.57 3550.82
ynao_sd_19991113_0110_ye 127 97 30 16 0 3095.5 3729.33 1212.05 1551.35 1883.45 2177.98
ynao_sd_19991114_0150_ye 103 83 20 12 0 4721.41 6647.34 930.05 1261.91 3791.36 5385.43
ynao_sd_19991115_0330_li 51 41 10 9 0 1365.58 2230.52 539.32 781.25 826.26 1449.27
ynao_sd_19991116_0120_li 47 36 11 9 0 1187.51 2011.72 397.58 607.14 789.93 1404.58
ynao_sd_19991117_0300_li 50 37 13 8 0 1065.87 1399.64 420.09 654.05 645.78 745.59
ynao_sd_19991118_0150_li 35 22 13 7 0 915.7 1056.89 285.88 352.88 629.82 704.01
ynao_sd_19991119_0205_ye 48 34 14 7 0 960.09 1177.08 396.94 576.84 563.15 600.24
ynao_sd_19991120_0100_ye 40 28 12 7 0 830.75 1107.2 309.85 461.31 520.9 645.89
ynao_sd_19991121_0200_li 21 15 6 5 0 424.45 576.65 160.62 217.69 263.83 358.96
ynao_sd_19991122_0050_li 28 27 1 2 0 313.16 523.86 229.95 328.8 83.21 195.06
ynao_sd_19991123_0120_li 17 17 0 0 0 130.86 240.83 130.86 240.83 0 0
ynao_sd_19991124_0115_ye 7 7 0 0 0 46.53 68.51 46.53 68.51 0 0
ynao_sd_19991125_0130_ye 3 3 0 0 0 23.16 26.32 23.16 26.32 0 0
ynao_sd_19991126_0125_ye 4 4 0 0 0 29.28 75.89 29.28 75.89 0 0
ynao_sd_19991127_0155_ye 14 14 0 0 0 94.64 106.51 94.64 106.51 0 0
ynao_sd_19991130_0210_li 20 16 4 1 0 390.47 441.66 159.54 184.13 230.93 257.53
ynao_sd_19991201_0340_li 19 17 2 3 0 604.74 841.81 165.93 253.52 438.81 588.29
ynao_sd_19991202_0310_ye 25 17 8 6 0 600.07 1168.11 173.28 332.42 426.79 835.69
ynao_sd_19991203_0200_ye 17 11 6 4 0 695.98 2032.35 196.46 553.87 499.52 1478.48
ynao_sd_19991204_0230_ye 22 12 10 5 0 1036.63 2317.89 261.32 581.13 775.31 1736.76
ynao_sd_19991207_0700_ye 28 22 6 3 0 1771.11 1936.03 544.21 594.24 1226.9 1341.79
ynao_sd_19991208_0205_ye 42 33 9 4 0 1955.71 2239.51 696.14 924.43 1259.57 1315.08
ynao_sd_19991209_0320_ye 34 23 11 5 0 1771.65 2049.34 477.45 542.63 1294.2 1506.71
ynao_sd_19991210_0140_li 39 28 11 4 0 1565.72 1798.77 390.26 441.84 1175.46 1356.93
ynao_sd_19991211_0640_li 27 21 6 5 0 1228.87 1529.69 298.24 357.1 930.63 1172.59
ynao_sd_19991212_0140_li 21 13 8 5 0 993.69 1389.88 225.76 301.99 767.93 1087.89
ynao_sd_19991213_0200_ye 30 24 6 3 0 732.66 1260.09 347.01 596.82 385.65 663.27
ynao_sd_19991215_0350_ye 14 13 1 1 0 164.77 366.37 97.53 145.77 67.24 220.6
ynao_sd_19991216_0100_ye 15 15 0 0 0 96.52 112.8 96.52 112.8 0 0
ynao_sd_19991217_0535_li 7 7 0 1 0 175.52 743.73 61.75 102.01 113.77 641.72
ynao_sd_19991218_0240_li 7 5 2 2 0 1257.08 4847.17 88.67 232.99 1168.41 4614.18
ynao_sd_19991222_0150_li 51 26 25 10 0 2721.55 3117.08 508.0 580.47 2213.55 2536.61
ynao_sd_19991223_0140_li 46 30 16 9 0 2421.54 2610.99 484.33 521.45 1937.21 2089.54
ynao_sd_19991224_0200_li 52 34 18 4 0 2409.37 2683.43 582.79 723.91 1826.58 1959.52
ynao_sd_19991225_0205_li 63 43 20 5 0 2132.39 2566.9 584.59 825.44 1547.8 1741.46
ynao_sd_19991226_0210_li 44 31 13 7 0 2045.16 3115.78 516.42 787.21 1528.74 2328.57
ynao_sd_19991227_0135_ye 63 48 15 8 0 2078.91 3519.0 668.55 1082.47 1410.36 2436.53
ynao_sd_19991228_0130_ye 53 40 13 7 0 1727.77 3290.88 539.35 985.81 1188.42 2305.07
ynao_sd_19991229_0220_ye 26 19 7 4 0 1302.29 2709.93 313.57 686.57 988.72 2023.36
ynao_sd_19991230_0150_ye 29 17 12 4 0 1083.94 2060.11 258.88 373.04 825.06 1687.07
ynao_sd_19991231_0145_ye 17 11 6 4 0 723.77 1076.44 190.34 280.77 533.43 795.67
