ynao_sd_20000101_0155_ye 28 19 9 3 0 905.23 1237.8 262.37 381.48 642.86 856.32
ynao_sd_20000102_0140_ye 44 37 7 3 0 920.02 1198.56 334.65 455.89 585.37 742.67
ynao_sd_20000103_0130_li 25 19 6 3 0 679.41 850.73 207.69 258.49 471.72 592.24
ynao_sd_20000104_0140_li 20 15 5 3 0 596.2 744.48 192.25 232.26 403.95 512.22
ynao_sd_20000105_0115_li 31 27 4 3 0 528.91 723.23 256.8 347.39 272.11 375.84
ynao_sd_20000106_0120_li 29 26 3 2 0 388.22 562.86 248.01 408.72 140.21 154.14
ynao_sd_20000108_0115_li 23 20 3 4 0 343.54 618.59 156.25 224.98 187.29 393.61
ynao_sd_20000109_0150_li 13 11 2 1 0 248.67 424.37 109.09 178.91 139.58 245.46
ynao_sd_20000110_0130_ye 25 22 3 2 0 402.44 661.19 159.58 299.69 242.86 361.5
ynao_sd_20000111_0115_ye 28 27 1 1 0 504.7 695.72 287.43 422.72 217.27 273.0
ynao_sd_20000112_0125_ye 32 28 4 4 0 597.64 970.4 292.96 505.9 304.68 464.5
ynao_sd_20000113_0120_ye 58 52 6 4 0 810.28 1157.98 447.67 637.26 362.61 520.72
ynao_sd_20000114_0125_ye 41 34 7 5 0 818.97 1393.17 325.2 520.12 493.77 873.05
ynao_sd_20000115_0125_ye 34 28 6 4 0 912.51 1428.79 339.07 538.75 573.44 890.04
ynao_sd_20000116_0130_ye 39 34 5 3 0 976.84 1446.23 420.37 609.54 556.47 836.69
ynao_sd_20000117_0125_ye 49 44 5 3 0 1046.64 1370.28 444.87 550.17 601.77 820.11
ynao_sd_20000118_0135_ye 34 27 7 3 0 970.38 1359.39 324.98 501.72 645.4 857.67
ynao_sd_20000119_0720_li 27 23 4 3 0 753.99 1016.57 241.13 387.2 512.86 629.37
ynao_sd_20000121_0410_li 30 27 3 2 0 550.56 656.05 226.26 263.36 324.3 392.69
ynao_sd_20000122_0150_li 33 30 3 2 0 563.64 697.64 256.49 291.83 307.15 405.81
ynao_sd_20000123_0140_li 25 23 2 1 0 430.75 597.07 238.42 330.51 192.33 266.56
ynao_sd_20000124_0140_li 17 16 1 1 0 301.92 452.77 150.49 195.87 151.43 256.9
ynao_sd_20000125_0720_li 16 13 3 3 0 273.64 438.62 115.0 169.31 158.64 269.31
ynao_sd_20000128_0120_ye 15 8 7 5 0 544.69 1030.01 115.54 214.67 429.15 815.34
ynao_sd_20000129_0120_ye 11 10 1 1 0 159.99 501.24 114.55 374.09 45.44 127.15
ynao_sd_20000203_0115_ye 22 21 1 1 0 259.17 311.42 178.03 217.58 81.14 93.84
ynao_sd_20000204_0210_li 23 22 1 1 0 256.82 417.36 221.64 374.98 35.18 42.38
ynao_sd_20000205_0135_ye 48 46 2 2 0 434.83 858.49 368.94 773.71 65.89 84.78
ynao_sd_20000206_0120_ye 40 38 2 2 0 442.58 753.17 297.85 472.34 144.73 280.83
ynao_sd_20000207_0135_ye 66 56 10 5 0 892.82 1226.22 489.84 718.38 402.98 507.84
ynao_sd_20000209_0135_ye 53 47 6 3 0 1014.47 1651.28 503.03 754.93 511.44 896.35
ynao_sd_20000210_0120_ye 38 32 6 3 0 647.12 1388.77 264.23 464.77 382.89 924.0
ynao_sd_20000211_0120_ye 28 26 2 2 0 305.35 745.57 217.71 485.17 87.64 260.4
ynao_sd_20000212_0050_ye 11 9 2 2 0 171.18 301.89 97.69 142.1 73.49 159.79
ynao_sd_20000213_0140_li 5 4 1 1 0 109.44 178.56 41.49 62.82 67.95 115.74
ynao_sd_20000214_0040_li 8 7 1 1 0 190.23 276.16 74.74 115.14 115.49 161.02
ynao_sd_20000215_0055_li 5 4 1 1 0 167.82 222.26 46.51 75.67 121.31 146.59
ynao_sd_20000216_0050_li 6 4 2 2 0 264.08 450.74 67.83 118.25 196.25 332.49
ynao_sd_20000217_0045_li 2 1 1 1 0 149.68 198.04 30.23 66.58 119.45 131.46
ynao_sd_20000218_0050_li 5 1 4 2 0 521.29 951.63 349.4 573.07 171.89 378.56
ynao_sd_20000219_0045_ye 3 0 3 2 0 303.94 584.45 30.08 58.02 273.86 526.43
ynao_sd_20000220_0140_li 3 1 2 2 0 418.15 677.66 59.58 92.98 358.57 584.68
ynao_sd_20000221_0045_ye 15 12 3 3 0 555.24 847.42 193.31 280.81 361.93 566.61
ynao_sd_20000222_0045_ye 16 14 2 2 0 662.7 923.08 275.42 395.71 387.28 527.37
ynao_sd_20000223_0040_ye 31 29 2 2 0 845.8 1166.33 386.56 599.55 459.24 566.78
ynao_sd_20000224_0040_ye 34 28 6 5 0 1043.77 1553.28 371.45 520.74 672.32 1032.54
ynao_sd_20000225_0130_ye 32 24 8 7 0 1084.41 1950.4 426.62 970.38 657.79 980.02
ynao_sd_20000228_0140_li 31 21 10 7 0 1371.52 1975.44 353.06 517.53 1018.46 1457.91
ynao_sd_20000301_0250_li 35 27 8 6 0 1017.45 1526.9 414.52 805.91 602.93 720.99
ynao_sd_20000302_0850_li 33 30 3 3 0 658.47 904.88 311.88 508.15 346.59 396.73
ynao_sd_20000303_0610_li 27 24 3 3 0 536.68 697.45 223.48 314.35 313.2 383.1
ynao_sd_20000304_0130_li 16 12 4 3 0 348.6 479.16 129.57 186.82 219.03 292.34
ynao_sd_20000305_0200_li 10 8 2 2 0 257.19 395.04 98.33 138.29 158.86 256.75
ynao_sd_20000306_0120_li 7 5 2 2 0 199.14 418.56 96.66 195.78 102.48 222.78
ynao_sd_20000307_0055_li 6 5 1 0 0 48.16 86.57 72.43 154.6 24.27 68.03
ynao_sd_20000308_0120_li 4 4 0 0 0 30.43 36.49 30.43 36.49 0 0
ynao_sd_20000309_0220_li 9 9 0 0 0 69.92 82.74 69.92 82.74 0 0
ynao_sd_20000310_0130_ye 23 23 0 0 0 181.18 226.05 181.18 226.05 0 0
ynao_sd_20000311_0310_ye 23 22 1 1 0 206.1 296.79 160.6 229.15 45.5 67.64
ynao_sd_20000312_0150_ye 20 18 2 3 0 241.48 404.46 113.26 189.25 128.22 215.21
ynao_sd_20000313_0430_ye 15 9 6 4 0 562.62 1318.2 152.24 371.21 410.38 946.99
ynao_sd_20000314_0040_ye 20 14 6 3 0 486.89 985.33 182.71 387.16 304.18 598.17
ynao_sd_20000315_0040_ye 22 16 6 2 0 651.02 897.1 187.93 265.72 463.09 631.38
ynao_sd_20000316_0045_ye 35 30 5 2 0 593.49 718.78 279.18 349.54 314.31 369.24
ynao_sd_20000317_0050_ye 36 24 12 5 0 882.09 1257.77 320.76 449.75 561.33 808.02
ynao_sd_20000318_0030_ye 53 43 10 7 0 1195.93 1954.78 428.15 666.4 767.78 1288.38
ynao_sd_20000319_0130_ye 72 54 18 12 0 1846.18 2545.31 571.52 782.2 1274.66 1763.11
ynao_sd_20000320_0100_ye 133 104 29 13 0 3741.39 4955.06 1010.8 1293.58 2730.59 3661.48
ynao_sd_20000321_0100_ye 128 95 33 14 0 3384.52 4456.21 1193.16 1608.66 2191.36 2847.55
ynao_sd_20000322_0055_ye 102 65 37 14 0 3693.48 5378.69 985.75 1402.75 2707.73 3975.94
ynao_sd_20000323_0055_ye 117 92 25 14 0 2697.41 4637.45 975.49 1507.54 1721.92 3129.91
ynao_sd_20000324_0110_ye 89 71 18 14 0 2018.63 3658.73 805.15 1224.72 1213.48 2434.01
ynao_sd_20000325_0225_ye 55 44 11 10 0 1841.91 2703.42 384.27 644.93 1457.64 2058.49
ynao_sd_20000327_0630_li 56 46 10 9 0 2414.48 3106.39 415.44 586.38 1999.04 2520.01
ynao_sd_20000401_0200_li 38 27 11 7 0 764.19 1182.9 337.95 550.26 426.24 632.64
ynao_sd_20000402_0200_li 49 40 9 6 0 693.64 1146.05 320.03 460.85 373.61 685.2
ynao_sd_20000403_0120_li 40 30 10 6 0 746.66 1306.88 351.2 586.86 395.46 720.02
ynao_sd_20000404_0100_ye 51 41 10 7 0 1000.98 1754.91 413.04 640.49 587.94 1114.42
ynao_sd_20000405_0200_ye 48 36 12 5 0 877.99 1749.21 352.34 653.58 525.65 1095.63
ynao_sd_20000409_0140_ye 18 15 3 3 0 1152.1 2065.23 164.26 293.6 987.84 1771.63
ynao_sd_20000410_0510_li 2 1 1 1 0 150.71 228.9 24.26 40.75 126.45 188.15
ynao_sd_20000413_0210_li 14 13 1 1 0 284.28 334.89 130.09 172.86 154.19 162.03
ynao_sd_20000414_0120_li 12 11 1 1 0 303.66 439.12 127.72 255.28 175.94 183.84
ynao_sd_20000416_0150_li 21 19 2 3 0 314.51 429.22 155.21 209.45 159.3 219.77
ynao_sd_20000417_0520_li 20 18 2 2 0 1438.83 1942.3 225.29 315.29 1213.54 1627.01
ynao_sd_20000418_0045_ye 26 23 3 4 0 445.83 615.6 232.63 330.36 213.2 285.24
ynao_sd_20000419_0050_ye 30 25 5 4 0 1779.28 4509.45 366.13 694.41 1413.15 3815.04
ynao_sd_20000420_0050_ye 52 46 6 4 0 660.34 1022.67 355.01 504.13 305.33 518.54
ynao_sd_20000421_0050_ye 43 36 7 6 0 930.6 1724.97 328.63 620.01 601.97 1104.96
ynao_sd_20000422_0135_ye 49 36 13 7 0 1286.61 2632.11 436.47 817.74 850.14 1814.37
ynao_sd_20000423_0030_ye 66 44 22 7 0 2213.12 3551.56 575.55 842.67 1637.57 2708.89
ynao_sd_20000424_0200_li 60 36 24 11 0 2624.85 3549.12 617.37 834.48 2007.48 2714.64
ynao_sd_20000425_0130_li 68 49 19 9 0 2553.15 3264.69 672.14 855.98 1881.01 2408.71
ynao_sd_20000426_0055_li 46 31 15 7 0 2283.91 2851.5 481.65 602.25 1802.26 2249.25
ynao_sd_20000427_0710_li 28 19 9 3 0 1824.39 2229.22 415.33 678.2 1409.06 1551.02
ynao_sd_20000428_0050_li 39 28 11 4 0 1771.7 2056.72 375.42 483.23 1396.28 1573.49
ynao_sd_20000429_0420_li 26 16 10 4 0 2266.1 2762.07 347.0 430.05 1919.1 2332.02
ynao_sd_20000430_0100_li 13 7 6 3 0 1268.6 1701.86 191.78 321.78 1076.82 1380.08
ynao_sd_20000501_0140_ye 24 18 6 4 0 1298.04 1985.28 380.16 555.75 917.88 1429.53
ynao_sd_20000502_0510_ye 11 8 3 2 0 788.93 1590.38 204.65 383.14 584.28 1207.24
ynao_sd_20000504_0415_ye 11 11 0 0 0 60.71 166.04 60.71 166.04 0 0
ynao_sd_20000505_0345_ye 16 16 0 0 0 111.4 287.63 111.4 287.63 0 0
ynao_sd_20000506_0240_li 4 4 0 0 0 39.29 61.45 39.29 61.45 0 0
ynao_sd_20000507_0310_li 22 22 0 0 0 127.31 153.52 127.31 153.52 0 0
ynao_sd_20000508_0040_li 27 25 2 1 0 200.44 282.28 152.65 220.94 47.79 61.34
ynao_sd_20000509_0150_ye 51 42 9 3 0 721.4 924.34 376.52 522.07 344.88 402.27
ynao_sd_20000510_0110_ye 38 33 5 3 0 799.21 1144.4 355.81 456.87 443.4 687.53
ynao_sd_20000511_0045_ye 74 63 11 6 0 1437.36 1699.87 642.71 742.23 794.65 957.64
ynao_sd_20000512_0715_ye 42 21 21 7 0 1981.28 2160.54 444.29 484.22 1536.99 1676.32
ynao_sd_20000513_0140_ye 74 56 18 7 0 2074.99 2416.18 651.02 798.25 1423.97 1617.93
ynao_sd_20000514_0140_ye 73 62 11 6 0 1454.33 1860.06 589.93 771.59 864.4 1088.47
ynao_sd_20000515_0340_li 42 36 6 6 0 1046.58 2163.88 383.29 706.16 663.29 1457.72
ynao_sd_20000516_0310_li 44 36 8 4 0 1060.32 2250.39 431.37 907.69 628.95 1342.7
ynao_sd_20000521_0205_li 89 72 17 8 0 3243.76 3678.33 724.93 833.76 2518.83 2844.57
ynao_sd_20000522_0640_ye 58 34 24 9 0 2890.52 3291.8 699.17 792.31 2191.35 2499.49
ynao_sd_20000526_0455_ye 18 13 5 5 0 603.67 1076.97 236.87 425.6 366.8 651.37
ynao_sd_20000527_0400_ye 39 36 3 1 0 611.29 1008.0 369.34 717.72 241.95 290.28
ynao_sd_20000528_0145_ye 39 36 3 2 0 438.82 616.3 280.46 401.43 158.36 214.87
ynao_sd_20000529_0100_li 22 19 3 3 0 815.6 1773.73 135.83 175.71 679.77 1598.02
ynao_sd_20000530_0120_li 8 7 1 0 0 82.46 132.51 94.05 159.49 11.59 26.98
ynao_sd_20000531_0355_li 4 4 0 0 0 39.34 116.0 39.34 116.0 0 0
ynao_sd_20000601_0120_li 12 12 0 0 0 81.43 155.4 81.43 155.4 0 0
ynao_sd_20000602_0240_li 12 9 3 2 0 1697.41 4802.86 116.7 279.09 1580.71 4523.77
ynao_sd_20000603_0200_li 25 17 8 2 0 858.07 1714.2 244.7 457.27 613.37 1256.93
ynao_sd_20000604_0155_li 37 29 8 3 0 1794.35 2938.89 326.78 498.33 1467.57 2440.56
ynao_sd_20000605_0100_ye 45 27 18 3 0 3230.08 4298.27 471.23 603.61 2758.85 3694.66
ynao_sd_20000606_0410_ye 52 37 15 6 0 2599.31 3349.17 504.37 649.97 2094.94 2699.2
ynao_sd_20000607_0055_ye 55 39 16 6 0 1792.84 2287.54 560.78 744.18 1232.06 1543.36
ynao_sd_20000608_0605_ye 87 72 15 7 0 1823.01 2385.08 751.41 999.89 1071.6 1385.19
ynao_sd_20000609_0525_ye 60 44 16 7 0 1829.19 2285.74 589.84 793.82 1239.35 1491.92
ynao_sd_20000616_0800_li 79 56 23 11 0 1974.22 3122.19 558.19 878.72 1416.03 2243.47
ynao_sd_20000617_0120_li 71 51 20 7 0 1960.37 2815.07 682.41 1101.47 1277.96 1713.6
ynao_sd_20000619_0430_ye 98 78 20 8 0 2035.37 2343.47 701.31 812.92 1334.06 1530.55
ynao_sd_20000620_0800_ye 94 85 9 7 0 1669.34 1981.0 758.23 946.03 911.11 1034.97
ynao_sd_20000625_0140_ye 32 27 5 3 0 932.91 1228.9 360.37 438.22 572.54 790.68
ynao_sd_20000627_0410_li 48 41 7 4 0 1269.43 1468.79 401.48 463.83 867.95 1004.96
ynao_sd_20000628_0230_li 52 41 11 5 0 1370.16 1517.69 379.37 441.68 990.79 1076.01
ynao_sd_20000629_0510_li 38 32 6 5 0 1099.21 1313.37 321.91 410.31 777.3 903.06
ynao_sd_20000630_0740_li 32 27 5 4 0 1021.45 1573.81 354.76 657.98 666.69 915.83
ynao_sd_20000701_0150_li 41 34 7 6 0 3877.77 7729.9 385.62 637.63 3492.15 7092.27
ynao_sd_20000702_0420_li 29 25 4 4 0 2712.83 4858.14 277.12 596.97 2435.71 4261.17
ynao_sd_20000705_0035_ye 41 34 7 4 0 527.44 678.31 273.37 346.38 254.07 331.93
ynao_sd_20000706_0250_ye 64 50 14 9 0 2019.45 2185.29 496.36 577.23 1523.09 1608.06
ynao_sd_20000707_0110_ye 67 59 8 4 0 987.16 1139.38 482.93 608.05 504.23 531.33
ynao_sd_20000709_0450_ye 57 41 16 11 0 1346.15 2447.19 463.86 739.29 882.29 1707.9
ynao_sd_20000712_0330_li 89 65 24 11 0 4196.78 6223.5 686.76 1029.71 3510.02 5193.79
ynao_sd_20000713_0620_li 84 54 30 9 0 2560.49 3955.21 661.58 1027.43 1898.91 2927.78
ynao_sd_20000715_0200_li 106 89 17 8 0 1783.1 1941.68 736.46 837.1 1046.64 1104.58
ynao_sd_20000717_0050_ye 152 121 31 14 0 3847.84 4816.04 1192.23 1497.53 2655.61 3318.51
ynao_sd_20000719_0345_ye 86 63 23 10 0 2080.8 3375.0 717.46 1107.87 1363.34 2267.13
ynao_sd_20000720_0605_ye 94 71 23 12 0 2612.08 4134.21 945.44 1365.08 1666.64 2769.13
ynao_sd_20000722_0650_ye 105 84 21 13 0 2890.54 3534.45 996.68 1263.44 1893.86 2271.01
ynao_sd_20000723_0430_ye 121 100 21 10 0 2660.06 3101.95 1039.82 1367.02 1620.24 1734.93
ynao_sd_20000724_0200_li 85 70 15 9 0 2203.34 2431.93 660.35 817.03 1542.99 1614.9
ynao_sd_20000725_0115_ye 104 76 28 13 0 2617.61 2974.69 887.98 1059.21 1729.63 1915.48
ynao_sd_20000726_0200_ye 71 53 18 10 0 1985.34 2492.76 689.08 899.57 1296.26 1593.19
ynao_sd_20000727_0035_ye 59 49 10 7 0 1406.03 2061.64 566.07 876.08 839.96 1185.56
ynao_sd_20000728_0205_ye 45 37 8 5 0 876.45 1605.79 355.05 687.58 521.4 918.21
ynao_sd_20000729_0140_ye 28 19 9 6 0 736.66 1196.61 258.21 396.2 478.45 800.41
ynao_sd_20000730_0215_ye 38 30 8 6 0 855.38 1361.86 367.91 607.83 487.47 754.03
ynao_sd_20000731_0150_li 20 14 6 3 0 1822.17 2260.17 124.92 146.29 1697.25 2113.88
ynao_sd_20000801_0115_li 16 13 3 3 0 467.06 650.44 150.33 263.27 316.73 387.17
ynao_sd_20000802_0250_li 17 14 3 2 0 359.1 445.72 139.35 168.21 219.75 277.51
ynao_sd_20000804_0450_li 10 6 4 3 0 336.67 703.73 90.83 227.37 245.84 476.36
ynao_sd_20000805_0605_li 32 25 7 4 0 598.97 934.8 199.67 313.17 399.3 621.63
ynao_sd_20000806_0320_li 26 17 9 5 0 1681.02 3340.4 206.06 278.22 1474.96 3062.18
ynao_sd_20000807_0140_ye 54 47 7 4 0 1024.14 1311.93 505.14 677.03 519.0 634.9
ynao_sd_20000808_0240_ye 44 37 7 6 0 1188.59 1354.33 420.22 486.3 768.37 868.03
ynao_sd_20000809_0320_ye 47 38 9 3 0 1205.94 1395.01 517.0 675.12 688.94 719.89
ynao_sd_20000810_0040_ye 41 32 9 6 0 1595.28 1781.11 541.26 620.26 1054.02 1160.85
ynao_sd_20000811_0300_ye 55 48 7 4 0 1574.71 1944.06 603.21 843.14 971.5 1100.92
ynao_sd_20000812_0200_ye 63 54 9 6 1 1504.68 2054.16 641.57 961.83 863.11 1092.33
ynao_sd_20000813_0130_ye 51 44 7 5 0 941.91 1524.85 475.3 823.63 466.61 701.22
ynao_sd_20000814_0200_li 73 64 9 9 0 4099.9 8554.26 463.79 728.1 3636.11 7826.16
ynao_sd_20000815_0220_li 68 58 10 8 0 2463.24 2934.25 495.76 755.46 1967.48 2178.79
ynao_sd_20000816_0120_ye 105 97 8 7 0 1256.75 1527.18 748.15 855.4 508.6 671.78
ynao_sd_20000817_0115_li 78 73 5 5 0 861.98 951.48 464.07 515.11 397.91 436.37
ynao_sd_20000820_0220_li 39 36 3 2 0 414.98 524.48 258.61 341.63 156.37 182.85
ynao_sd_20000821_0220_ye 29 26 3 2 0 376.68 574.77 218.91 364.01 157.77 210.76
ynao_sd_20000822_0445_ye 15 14 1 1 0 175.76 349.9 106.5 265.66 69.26 84.24
ynao_sd_20000823_0040_ye 25 24 1 1 0 247.18 356.19 179.0 260.37 68.18 95.82
ynao_sd_20000824_0055_ye 17 14 3 2 0 287.36 620.96 149.68 346.13 137.68 274.83
ynao_sd_20000825_0140_ye 19 17 2 2 0 290.9 700.18 183.84 367.82 107.06 332.36
ynao_sd_20000826_0210_ye 41 40 1 0 0 334.7 397.01 341.8 409.75 7.1 12.74
ynao_sd_20000828_0710_li 43 36 7 4 0 735.56 1164.97 361.76 634.52 373.8 530.45
ynao_sd_20000831_0800_li 59 44 15 9 0 1204.86 1657.47 423.2 617.52 781.66 1039.95
ynao_sd_20000901_0830_li 58 45 13 8 0 2508.78 3035.64 409.04 582.65 2099.74 2452.99
ynao_sd_20000902_0705_li 46 39 7 3 0 1069.34 1251.36 414.3 584.04 655.04 667.32
ynao_sd_20000903_0210_li 46 38 8 6 0 927.84 1032.79 339.45 426.53 588.39 606.26
ynao_sd_20000904_0100_ye 72 59 13 6 0 1021.77 1097.66 494.9 547.91 526.87 549.75
ynao_sd_20000905_0550_ye 66 59 7 4 0 863.4 1002.04 524.56 615.34 338.84 386.7
ynao_sd_20000906_0115_ye 56 47 9 6 0 885.99 1094.89 461.88 566.23 424.11 528.66
ynao_sd_20000907_0100_ye 46 39 7 6 0 725.3 1220.38 425.6 745.29 299.7 475.09
ynao_sd_20000909_0045_ye 23 22 1 1 0 243.43 620.59 198.41 459.41 45.02 161.18
ynao_sd_20000910_0320_ye 16 16 0 0 0 102.29 147.41 102.29 147.41 0 0
ynao_sd_20000912_0040_li 13 13 0 0 0 75.45 93.41 75.45 93.41 0 0
ynao_sd_20000913_0250_li 5 5 0 1 0 983.19 1276.6 54.31 61.52 928.88 1215.08
ynao_sd_20000914_0300_li 13 13 0 0 0 109.68 118.64 109.68 118.64 0 0
ynao_sd_20000915_0120_li 25 20 5 2 0 1101.38 1127.46 221.1 226.54 880.28 900.92
ynao_sd_20000916_0300_li 35 25 10 6 0 790.96 797.55 261.59 264.43 529.37 533.12
ynao_sd_20000917_0210_li 47 41 6 6 0 1831.16 5024.0 500.12 752.15 1331.04 4271.85
ynao_sd_20000920_0055_ye 100 63 37 8 0 3621.24 6161.76 924.45 1527.84 2696.79 4633.92
ynao_sd_20000921_0220_ye 134 107 27 7 0 4182.5 5593.3 1099.43 1554.67 3083.07 4038.63
ynao_sd_20000922_0130_ye 109 83 26 5 0 4643.55 5239.04 1371.5 1586.96 3272.05 3652.08
ynao_sd_20000923_0530_ye 137 109 28 7 0 4293.82 4408.89 1301.1 1349.49 2992.72 3059.4
ynao_sd_20000924_0140_ye 129 89 40 9 0 4443.03 4478.76 1282.46 1302.41 3160.57 3176.35
ynao_sd_20000925_0130_li 118 91 27 5 0 4315.76 4532.49 981.34 1116.41 3334.42 3416.08
ynao_sd_20000926_0430_li 90 68 22 7 0 2958.72 3390.89 726.39 886.1 2232.33 2504.79
ynao_sd_20000927_0050_li 81 63 18 7 0 2639.83 3337.56 595.76 767.92 2044.07 2569.64
ynao_sd_20000928_0220_li 73 58 15 4 0 1597.85 2494.14 526.5 834.9 1071.35 1659.24
ynao_sd_20000929_0405_li 26 15 11 4 0 655.04 1355.33 216.26 435.94 438.78 919.39
ynao_sd_20000930_0140_li 24 22 2 2 0 494.44 1287.81 184.59 408.64 309.85 879.17
ynao_sd_20001001_0200_li 12 10 2 2 0 196.7 219.19 88.66 101.01 108.04 118.18
ynao_sd_20001002_0130_ye 27 23 4 2 0 413.93 608.05 196.88 325.02 217.05 283.03
ynao_sd_20001003_0245_ye 31 26 5 4 0 514.49 1117.7 236.12 488.1 278.37 629.6
ynao_sd_20001004_0215_ye 32 26 6 4 0 475.69 909.0 214.93 384.54 260.76 524.46
ynao_sd_20001005_0455_ye 25 21 4 3 0 551.59 785.97 236.44 344.52 315.15 441.45
ynao_sd_20001006_0135_ye 31 28 3 3 0 500.41 697.65 236.25 344.11 264.16 353.54
ynao_sd_20001007_0210_ye 20 18 2 2 0 503.21 670.0 195.46 264.59 307.75 405.41
ynao_sd_20001008_0340_ye 15 14 1 1 0 408.42 480.15 174.25 245.04 234.17 235.11
ynao_sd_20001009_0130_li 11 10 1 1 0 354.13 380.53 105.9 128.64 248.23 251.89
ynao_sd_20001010_0210_li 30 28 2 1 0 410.93 458.47 240.23 274.15 170.7 184.32
ynao_sd_20001011_0105_li 26 20 6 3 0 731.98 922.22 211.9 267.18 520.08 655.04
ynao_sd_20001012_0120_li 27 21 6 3 0 770.11 1175.71 192.02 254.74 578.09 920.97
ynao_sd_20001015_0200_li 8 6 2 3 0 297.32 468.69 73.27 148.29 224.05 320.4
ynao_sd_20001019_0435_ye 54 53 1 1 0 390.08 551.44 370.45 511.13 19.63 40.31
ynao_sd_20001020_0300_ye 68 66 2 2 0 517.14 591.56 401.96 449.59 115.18 141.97
ynao_sd_20001021_0140_li 95 93 2 3 0 793.31 866.86 616.49 665.84 176.82 201.02
ynao_sd_20001022_0150_li 69 59 10 5 0 830.85 880.38 427.45 452.52 403.4 427.86
ynao_sd_20001023_0200_li 51 44 7 7 0 641.88 728.75 328.95 395.41 312.93 333.34
ynao_sd_20001024_0040_ye 58 52 6 4 0 611.49 739.55 374.33 438.21 237.16 301.34
ynao_sd_20001025_0200_ye 28 25 3 3 0 296.63 410.69 196.57 248.08 100.06 162.61
ynao_sd_20001027_0035_ye 25 25 0 0 0 189.63 252.48 189.63 252.48 0 0
ynao_sd_20001028_0400_li 10 10 0 2 0 306.86 1450.34 165.51 666.25 141.35 784.09
ynao_sd_20001030_0045_ye 30 24 6 3 0 578.76 945.32 231.04 340.19 347.72 605.13
ynao_sd_20001031_0150_ye 22 14 8 3 0 873.15 1162.76 244.35 333.16 628.8 829.6
ynao_sd_20001101_0040_ye 25 17 8 3 0 978.58 1138.89 302.57 364.31 676.01 774.58
ynao_sd_20001102_0040_ye 55 44 11 6 0 1218.55 1502.12 418.85 536.01 799.7 966.11
ynao_sd_20001103_0040_ye 63 47 16 4 0 1647.34 1900.62 568.93 656.73 1078.41 1243.89
ynao_sd_20001104_0040_ye 60 46 14 6 0 3874.36 4457.7 636.85 703.18 3237.51 3754.52
ynao_sd_20001105_0115_ye 59 50 9 5 0 1663.22 1785.26 532.87 575.4 1130.35 1209.86
ynao_sd_20001106_0140_li 39 30 9 6 0 1286.55 1423.58 320.33 354.25 966.22 1069.33
ynao_sd_20001107_0140_li 17 12 5 5 0 1885.9 2686.22 181.23 240.53 1704.67 2445.69
ynao_sd_20001108_0120_li 23 18 5 4 0 2987.57 7366.97 250.17 447.89 2737.4 6919.08
ynao_sd_20001109_0100_li 17 15 2 2 0 505.96 714.92 140.57 192.2 365.39 522.72
ynao_sd_20001110_0200_li 13 11 2 2 0 1008.38 2309.43 184.05 407.5 824.33 1901.93
ynao_sd_20001111_0105_li 16 15 1 3 0 2789.01 5738.05 129.58 246.61 2659.43 5491.44
ynao_sd_20001113_0130_ye 21 17 4 3 0 306.45 749.17 168.34 415.8 138.11 333.37
ynao_sd_20001114_0040_ye 16 13 3 3 0 315.2 595.6 142.26 335.58 172.94 260.02
ynao_sd_20001115_0100_ye 34 31 3 2 0 437.28 701.17 257.19 477.33 180.09 223.84
ynao_sd_20001116_0100_ye 20 17 3 4 0 290.51 448.65 135.13 240.91 155.38 207.74
ynao_sd_20001117_0250_ye 49 39 10 6 0 609.05 876.57 327.4 477.54 281.65 399.03
ynao_sd_20001118_0040_ye 53 45 8 6 0 780.66 1300.78 444.8 756.02 335.86 544.76
ynao_sd_20001119_0145_ye 110 98 12 5 0 1343.5 2079.49 774.06 1132.99 569.44 946.5
ynao_sd_20001121_0310_li 39 33 6 4 0 1118.82 1387.11 376.23 451.07 742.59 936.04
ynao_sd_20001122_0140_li 41 33 8 4 0 2365.47 2963.0 343.5 524.87 2021.97 2438.13
ynao_sd_20001123_0130_li 42 34 8 5 0 1439.73 1859.63 378.88 506.56 1060.85 1353.07
ynao_sd_20001124_0120_li 43 37 6 3 0 1496.16 1888.85 421.58 499.25 1074.58 1389.6
ynao_sd_20001125_0140_li 31 21 10 6 0 2782.34 4511.56 365.46 449.8 2416.88 4061.76
ynao_sd_20001126_0140_li 53 39 14 3 0 1971.09 2398.11 480.35 639.87 1490.74 1758.24
ynao_sd_20001127_0100_ye 94 83 11 2 0 2098.23 2656.5 742.65 959.38 1355.58 1697.12
ynao_sd_20001128_0100_ye 105 89 16 6 0 2167.04 2945.52 915.17 1184.24 1251.87 1761.28
ynao_sd_20001130_0110_ye 44 38 6 4 0 1188.85 1733.02 433.25 600.13 755.6 1132.89
ynao_sd_20001201_0105_ye 60 53 7 3 0 1032.3 1324.99 434.27 620.65 598.03 704.34
ynao_sd_20001202_0105_ye 40 36 4 4 0 814.62 1095.0 324.15 446.11 490.47 648.89
ynao_sd_20001204_0205_li 13 11 2 2 0 332.02 719.7 117.35 233.04 214.67 486.66
ynao_sd_20001205_0140_li 16 14 2 2 0 1087.7 1920.71 109.41 186.57 978.29 1734.14
ynao_sd_20001206_0200_li 11 8 3 2 0 308.26 484.58 139.75 282.17 168.51 202.41
ynao_sd_20001207_0130_li 12 10 2 2 0 380.97 425.98 107.69 133.07 273.28 292.91
ynao_sd_20001208_0305_li 20 15 5 3 0 394.83 449.13 140.71 190.34 254.12 258.79
ynao_sd_20001209_0140_li 26 24 2 1 0 384.28 524.03 200.78 336.9 183.5 187.13
ynao_sd_20001210_0140_li 20 17 3 2 0 359.64 562.25 167.72 319.78 191.92 242.47
ynao_sd_20001211_0150_ye 38 36 2 3 0 357.08 478.04 269.27 361.81 87.81 116.23
ynao_sd_20001212_0350_ye 55 54 1 2 0 432.53 545.73 384.44 488.53 48.09 57.2
ynao_sd_20001213_0450_ye 81 76 5 1 0 848.86 954.57 577.82 670.04 271.04 284.53
ynao_sd_20001215_0110_ye 135 125 10 5 0 2152.05 2769.69 989.87 1261.28 1162.18 1508.41
ynao_sd_20001216_0110_ye 125 119 6 3 0 2017.32 2428.6 878.0 1160.72 1139.32 1267.88
ynao_sd_20001217_0130_ye 92 86 6 4 0 936.85 1221.43 654.5 875.19 282.35 346.24
ynao_sd_20001218_0140_li 35 33 2 2 0 501.84 739.42 289.0 445.27 212.84 294.15
ynao_sd_20001219_0230_li 29 25 4 3 0 438.09 803.94 235.3 454.33 202.79 349.61
ynao_sd_20001222_0130_li 52 43 9 6 0 2403.03 4922.94 497.81 759.32 1905.22 4163.62
ynao_sd_20001223_0410_li 35 28 7 4 0 1431.02 1706.12 361.99 413.5 1069.03 1292.62
ynao_sd_20001224_0340_li 45 36 9 6 0 1393.62 1573.21 364.31 450.62 1029.31 1122.59
ynao_sd_20001225_0300_ye 88 78 10 4 0 1532.1 1647.38 664.13 749.06 867.97 898.32
ynao_sd_20001226_0540_ye 65 56 9 4 0 1184.13 1271.84 561.47 623.97 622.66 647.87
ynao_sd_20001227_0130_ye 99 90 9 4 0 1438.77 1601.77 708.52 808.03 730.25 793.74
ynao_sd_20001228_0205_ye 63 55 8 5 0 1103.28 1342.76 501.86 604.49 601.42 738.27
ynao_sd_20001229_0115_ye 45 40 5 4 0 775.75 1076.86 361.63 478.29 414.12 598.57
ynao_sd_20001230_0430_ye 38 33 5 4 0 520.38 855.26 276.71 393.65 243.67 461.61
