ynao_sd_20010101_0150_li 8 7 1 1 0 111.22 209.49 77.88 168.08 33.34 41.41
ynao_sd_20010102_0140_li 9 7 2 1 0 120.06 204.75 92.63 166.78 27.43 37.97
ynao_sd_20010103_0200_li 14 13 1 4 0 3674.28 7980.94 155.0 332.18 3519.28 7648.76
ynao_sd_20010104_0150_li 12 10 2 2 0 244.67 384.76 100.67 134.96 144.0 249.8
ynao_sd_20010105_0310_li 21 17 4 4 0 2223.04 7261.73 258.44 464.24 1964.6 6797.49
ynao_sd_20010106_0140_li 34 30 4 3 0 566.74 801.74 248.56 385.81 318.18 415.93
ynao_sd_20010107_0150_li 38 31 7 5 0 624.47 836.51 257.32 408.48 367.15 428.03
ynao_sd_20010108_0130_ye 68 62 6 4 0 1052.23 1412.3 579.11 883.19 473.12 529.11
ynao_sd_20010109_0150_ye 119 110 9 6 0 1348.23 1794.18 827.98 1134.61 520.25 659.57
ynao_sd_20010110_0155_ye 125 117 8 5 0 1310.55 1543.87 817.54 997.51 493.01 546.36
ynao_sd_20010111_0150_ye 82 71 11 8 0 1338.49 1551.69 646.1 768.62 692.39 783.07
ynao_sd_20010112_0150_ye 102 92 10 8 0 1170.94 1332.62 793.24 897.89 377.7 434.73
ynao_sd_20010113_0350_li 96 75 21 14 0 1743.16 1947.84 693.14 777.95 1050.02 1169.89
ynao_sd_20010114_0200_li 102 86 16 11 0 1586.99 1771.91 647.89 765.14 939.1 1006.77
ynao_sd_20010115_0620_li 68 52 16 7 0 2380.46 3586.69 582.18 696.28 1798.28 2890.41
ynao_sd_20010116_0240_li 55 45 10 4 0 2196.84 4579.31 366.23 499.35 1830.61 4079.96
ynao_sd_20010117_0130_li 32 29 3 2 0 453.61 743.53 286.68 447.77 166.93 295.76
ynao_sd_20010118_0140_li 31 30 1 1 0 285.55 526.26 244.0 400.58 41.55 125.68
ynao_sd_20010119_0130_li 18 17 1 1 0 165.0 205.41 132.13 172.1 32.87 33.31
ynao_sd_20010120_0140_li 15 13 2 1 0 153.47 184.88 92.27 121.97 61.2 62.91
ynao_sd_20010121_0150_li 14 13 1 1 0 150.84 164.15 87.34 92.98 63.5 71.17
ynao_sd_20010122_0210_li 8 7 1 1 0 140.09 177.54 69.49 84.65 70.6 92.89
ynao_sd_20010123_0210_li 12 11 1 1 0 169.18 270.13 95.04 143.36 74.14 126.77
ynao_sd_20010124_0240_li 12 10 2 2 0 276.26 557.69 147.11 270.23 129.15 287.46
ynao_sd_20010125_0200_li 7 6 1 1 0 129.49 415.76 83.87 280.47 45.62 135.29
ynao_sd_20010126_0210_li 6 6 0 0 0 72.58 146.69 72.58 146.69 0 0
ynao_sd_20010129_0600_ye 30 29 1 1 0 238.06 359.11 212.28 331.3 25.78 27.81
ynao_sd_20010130_0335_ye 47 46 1 0 0 373.34 675.27 382.46 718.63 9.12 43.36
ynao_sd_20010131_0200_ye 49 45 4 3 0 480.34 770.4 341.9 503.18 138.44 267.22
ynao_sd_20010201_0300_ye 46 44 2 2 0 412.86 591.3 317.27 419.65 95.59 171.65
ynao_sd_20010202_0245_ye 49 47 2 3 0 760.0 1199.51 459.48 596.7 300.52 602.81
ynao_sd_20010203_0130_ye 77 74 3 2 0 821.51 1564.96 581.82 1183.05 239.69 381.91
ynao_sd_20010204_0130_ye 82 74 8 4 0 949.78 1496.89 586.51 950.3 363.27 546.59
ynao_sd_20010205_0130_li 34 28 6 4 0 568.24 738.23 241.15 340.9 327.09 397.33
ynao_sd_20010206_0140_li 39 35 4 3 0 567.13 690.57 319.44 407.24 247.69 283.33
ynao_sd_20010207_0230_li 39 35 4 4 0 491.85 566.52 270.36 313.36 221.49 253.16
ynao_sd_20010211_0210_li 19 18 1 2 0 221.28 373.8 165.21 287.15 56.07 86.65
ynao_sd_20010212_0150_li 16 15 1 1 0 279.29 450.4 234.68 393.71 44.61 56.69
ynao_sd_20010213_0120_li 7 4 3 3 0 237.82 351.27 90.84 123.72 146.98 227.55
ynao_sd_20010215_0305_li 13 10 3 2 0 286.68 408.44 125.12 190.54 161.56 217.9
ynao_sd_20010216_0320_li 11 7 4 4 0 1675.16 2126.04 99.49 157.68 1575.67 1968.36
ynao_sd_20010217_0120_li 7 6 1 1 0 193.02 308.94 87.42 193.12 105.6 115.82
ynao_sd_20010218_0150_li 5 4 1 1 0 151.64 191.2 64.07 93.75 87.57 97.45
ynao_sd_20010219_0100_ye 8 7 1 1 0 117.01 152.61 65.76 91.11 51.25 61.5
ynao_sd_20010220_0120_ye 7 6 1 1 0 126.57 176.78 60.77 86.95 65.8 89.83
ynao_sd_20010221_0110_ye 14 13 1 1 0 167.2 407.78 129.61 342.51 37.59 65.27
ynao_sd_20010222_0120_ye 13 10 3 3 0 222.67 496.13 95.96 212.86 126.71 283.27
ynao_sd_20010223_0125_ye 19 15 4 2 0 390.51 602.66 155.61 243.05 234.9 359.61
ynao_sd_20010224_0100_ye 17 12 5 2 0 427.24 542.7 131.6 170.7 295.64 372.0
ynao_sd_20010225_0335_ye 16 12 4 2 0 327.05 364.47 130.13 146.65 196.92 217.82
ynao_sd_20010226_0210_ye 38 34 4 2 0 382.43 426.62 247.71 284.21 134.72 142.41
ynao_sd_20010227_0210_ye 48 46 2 1 0 411.46 438.86 298.97 319.82 112.49 119.04
ynao_sd_20010228_0055_ye 33 32 1 1 0 288.53 323.5 242.34 271.48 46.19 52.02
ynao_sd_20010301_0110_ye 12 11 1 1 0 114.71 167.29 82.76 126.94 31.95 40.35
ynao_sd_20010302_0115_ye 8 8 0 0 0 92.49 150.7 92.49 150.7 0 0
ynao_sd_20010303_0115_ye 19 18 1 1 0 1608.54 3748.64 181.87 321.49 1426.67 3427.15
ynao_sd_20010305_0240_li 39 34 5 2 0 433.37 614.91 296.37 442.23 137.0 172.68
ynao_sd_20010306_0130_li 56 46 10 4 0 1194.22 1635.25 406.8 594.37 787.42 1040.88
ynao_sd_20010307_0130_li 46 32 14 8 0 1373.11 2180.07 331.57 479.16 1041.54 1700.91
ynao_sd_20010308_0115_li 42 30 12 4 0 1172.01 1888.06 360.37 496.0 811.64 1392.06
ynao_sd_20010309_0540_li 33 29 4 4 0 879.53 1209.82 444.27 581.32 435.26 628.5
ynao_sd_20010310_0310_li 46 41 5 4 0 735.69 1151.27 352.05 481.57 383.64 669.7
ynao_sd_20010311_0420_li 29 23 6 3 0 426.1 871.96 210.68 341.15 215.42 530.81
ynao_sd_20010313_0405_ye 9 9 0 0 0 77.21 191.82 77.21 191.82 0 0
ynao_sd_20010314_0135_ye 8 8 0 0 0 62.61 104.51 62.61 104.51 0 0
ynao_sd_20010315_0120_ye 10 9 1 0 0 56.53 59.0 63.76 66.5 7.23 7.5
ynao_sd_20010316_0110_ye 18 17 1 1 0 129.06 137.02 91.5 96.93 37.56 40.09
ynao_sd_20010317_0110_ye 13 11 2 1 0 143.68 173.73 82.13 102.49 61.55 71.24
ynao_sd_20010318_0145_ye 17 17 0 0 0 133.51 174.4 133.51 174.4 0 0
ynao_sd_20010319_0115_li 14 14 0 0 0 111.63 179.45 111.63 179.45 0 0
ynao_sd_20010320_0120_li 9 8 1 1 0 130.57 243.88 64.66 123.73 65.91 120.15
ynao_sd_20010321_0050_li 22 18 4 3 0 1235.85 3260.54 182.21 394.41 1053.64 2866.13
ynao_sd_20010322_0050_li 28 24 4 3 0 1519.13 3445.14 213.61 345.0 1305.52 3100.14
ynao_sd_20010323_0055_li 43 36 7 6 0 2322.55 4585.43 389.5 775.98 1933.05 3809.45
ynao_sd_20010324_0130_li 47 39 8 6 0 1671.59 3232.88 364.34 610.97 1307.25 2621.91
ynao_sd_20010325_0200_li 63 53 10 5 0 2324.95 3765.42 678.73 996.44 1646.22 2768.98
ynao_sd_20010326_0100_li 76 57 19 8 0 4072.74 7349.79 701.35 1021.01 3371.39 6328.78
ynao_sd_20010327_0100_ye 143 111 32 10 0 4294.24 5292.22 1311.15 1596.98 2983.09 3695.24
ynao_sd_20010328_0045_ye 137 93 44 10 0 5810.63 6892.14 1453.36 1710.56 4357.27 5181.58
ynao_sd_20010329_0105_ye 107 65 42 9 0 6409.83 7450.99 1311.15 1718.21 5098.68 5732.78
ynao_sd_20010330_0100_ye 109 67 42 11 0 5799.63 7152.09 1382.05 1673.19 4417.58 5478.9
ynao_sd_20010331_0045_ye 119 80 39 12 0 4957.6 6348.13 1283.96 1656.03 3673.64 4692.1
ynao_sd_20010401_0130_ye 86 58 28 10 0 4195.81 6165.4 1078.93 1594.93 3116.88 4570.47
ynao_sd_20010402_0130_li 58 30 28 10 0 3042.08 5416.66 583.98 983.53 2458.1 4433.13
ynao_sd_20010403_0050_li 40 20 20 9 0 1880.92 4037.63 358.33 742.18 1522.59 3295.45
ynao_sd_20010404_0130_li 28 19 9 4 0 860.3 1444.32 285.12 485.92 575.18 958.4
ynao_sd_20010405_0050_li 14 9 5 4 0 570.86 883.43 123.31 200.22 447.55 683.21
ynao_sd_20010406_0100_li 20 15 5 3 0 475.92 787.33 142.7 219.76 333.22 567.57
ynao_sd_20010407_0045_li 21 16 5 4 0 1411.35 2649.34 173.02 274.77 1238.33 2374.57
ynao_sd_20010408_0800_li 0 0 0 0 0 0 0 0 0 0 0
ynao_sd_20010409_0030_ye 37 34 3 3 0 652.01 995.86 337.34 439.48 314.67 556.38
ynao_sd_20010410_0100_ye 25 23 2 1 0 458.43 536.28 191.38 221.86 267.05 314.42
ynao_sd_20010411_0040_ye 16 14 2 2 0 541.4 651.5 209.99 254.08 331.41 397.42
ynao_sd_20010412_0235_ye 9 8 1 1 0 309.8 403.38 127.49 163.1 182.31 240.28
ynao_sd_20010413_0035_ye 9 8 1 1 0 257.76 383.73 107.36 156.3 150.4 227.43
ynao_sd_20010414_0030_ye 18 17 1 1 0 295.11 487.58 162.35 239.8 132.76 247.78
ynao_sd_20010415_0135_ye 17 15 2 2 0 303.21 670.1 137.04 269.95 166.17 400.15
ynao_sd_20010416_0055_li 8 7 1 1 0 190.18 445.25 93.38 299.3 96.8 145.95
ynao_sd_20010417_0050_li 3 2 1 1 0 159.89 197.11 29.72 36.69 130.17 160.42
ynao_sd_20010418_0045_li 7 6 1 1 0 231.97 334.47 65.56 152.34 166.41 182.13
ynao_sd_20010419_0050_li 21 17 4 3 0 543.4 1110.03 171.75 349.0 371.65 761.03
ynao_sd_20010420_0045_li 36 31 5 2 0 989.43 1822.12 399.7 794.2 589.73 1027.92
ynao_sd_20010421_0050_li 42 36 6 6 0 1348.63 2079.45 399.92 598.93 948.71 1480.52
ynao_sd_20010422_0045_li 64 46 18 11 0 1969.69 2679.65 532.71 783.63 1436.98 1896.02
ynao_sd_20010423_0045_ye 95 78 17 10 0 2499.38 3096.82 891.66 1098.05 1607.72 1998.77
ynao_sd_20010424_0120_li 69 54 15 12 0 1958.85 2268.11 568.54 666.51 1390.31 1601.6
ynao_sd_20010425_0040_ye 115 99 16 8 0 2446.18 2746.55 1148.32 1330.52 1297.86 1416.03
ynao_sd_20010426_0110_ye 100 88 12 7 0 2095.3 2400.54 974.27 1155.12 1121.03 1245.42
ynao_sd_20010427_0820_li 32 21 11 7 0 1513.62 1858.09 309.64 384.17 1203.98 1473.92
ynao_sd_20010428_0050_ye 75 63 12 7 0 2057.87 2730.41 722.78 945.15 1335.09 1785.26
ynao_sd_20010429_0050_ye 69 55 14 7 0 2046.07 3113.31 767.69 1264.03 1278.38 1849.28
ynao_sd_20010430_0145_ye 78 62 16 10 0 1711.01 2808.12 666.86 1026.25 1044.15 1781.87
ynao_sd_20010501_0520_li 62 50 12 9 0 1313.82 2022.82 562.91 909.03 750.91 1113.79
ynao_sd_20010502_0150_ye 79 68 11 10 0 1430.47 2045.88 657.55 960.58 772.92 1085.3
ynao_sd_20010503_0140_ye 75 57 18 10 0 1522.45 1925.75 656.37 794.24 866.08 1131.51
ynao_sd_20010504_0240_ye 103 86 17 11 0 1806.27 2303.84 816.08 1023.33 990.19 1280.51
ynao_sd_20010505_0155_ye 100 90 10 7 0 1556.28 2174.69 734.18 955.05 822.1 1219.64
ynao_sd_20010506_0225_ye 55 47 8 5 0 916.11 1329.73 447.18 606.84 468.93 722.89
ynao_sd_20010507_0155_ye 25 22 3 3 0 682.17 1142.59 321.42 459.18 360.75 683.41
ynao_sd_20010508_0100_li 13 10 3 1 0 288.37 335.64 108.32 138.44 180.05 197.2
ynao_sd_20010509_0050_ye 9 7 2 1 0 287.61 356.74 80.78 119.33 206.83 237.41
ynao_sd_20010517_0630_ye 48 46 2 4 0 600.04 926.36 425.27 741.07 174.77 185.29
ynao_sd_20010519_0220_ye 50 43 7 4 0 663.21 1099.91 383.34 595.45 279.87 504.46
ynao_sd_20010520_0150_li 26 21 5 5 0 2445.25 3642.58 308.09 442.44 2137.16 3200.14
ynao_sd_20010521_0640_li 41 31 10 5 0 1134.84 1460.68 283.22 407.43 851.62 1053.25
ynao_sd_20010522_0630_li 56 44 12 7 0 1374.22 1616.87 428.38 527.56 945.84 1089.31
ynao_sd_20010523_0140_li 68 54 14 10 0 3178.37 6662.88 537.85 720.95 2640.52 5941.93
ynao_sd_20010524_0100_ye 71 60 11 8 0 2938.11 3154.04 576.39 658.18 2361.72 2495.86
ynao_sd_20010525_0130_ye 51 45 6 5 0 1531.75 1663.2 629.23 688.86 902.52 974.34
ynao_sd_20010529_0320_ye 34 31 3 2 0 550.03 1081.3 300.04 482.8 249.99 598.5
ynao_sd_20010603_0525_li 17 13 4 3 0 384.66 783.66 129.43 210.18 255.23 573.48
ynao_sd_20010604_0120_li 32 23 9 4 0 746.19 1167.38 241.87 327.76 504.32 839.62
ynao_sd_20010605_0530_li 36 24 12 7 0 988.3 1422.1 272.19 399.55 716.11 1022.55
ynao_sd_20010606_0710_li 36 25 11 5 0 2743.02 6529.57 299.73 505.02 2443.29 6024.55
ynao_sd_20010607_0500_li 25 20 5 2 0 1710.99 3197.13 327.76 691.78 1383.23 2505.35
ynao_sd_20010608_0120_ye 48 40 8 7 0 1355.33 2016.75 625.15 1018.74 730.18 998.01
ynao_sd_20010609_0040_ye 77 55 22 8 0 1955.52 2403.95 690.07 845.75 1265.45 1558.2
ynao_sd_20010610_0420_ye 67 50 17 9 0 2126.17 2388.15 745.45 836.99 1380.72 1551.16
ynao_sd_20010611_0720_ye 69 55 14 11 0 2781.18 3770.87 734.45 973.13 2046.73 2797.74
ynao_sd_20010613_0040_ye 70 62 8 8 0 1493.61 2121.59 758.64 1069.25 734.97 1052.34
ynao_sd_20010614_0100_li 67 50 17 12 0 2343.65 4941.37 518.76 906.1 1824.89 4035.27
ynao_sd_20010615_0100_ye 112 90 22 10 0 2309.27 3874.55 1198.83 2123.29 1110.44 1751.26
ynao_sd_20010616_0050_ye 95 70 25 16 0 3700.66 6497.25 942.84 1686.09 2757.82 4811.16
ynao_sd_20010617_0330_ye 96 72 24 16 0 3853.64 7200.23 873.09 1358.55 2980.55 5841.68
ynao_sd_20010618_0130_li 87 60 27 13 0 6581.5 14358.97 764.42 1150.76 5817.08 13208.21
ynao_sd_20010619_0400_li 88 75 13 8 0 2511.97 2678.47 736.88 825.1 1775.09 1853.37
ynao_sd_20010622_0300_li 69 54 15 7 0 2919.39 4995.54 633.77 833.87 2285.62 4161.67
ynao_sd_20010623_0340_li 83 69 14 8 0 2027.74 2992.37 781.29 1258.99 1246.45 1733.38
ynao_sd_20010624_0200_ye 76 69 7 7 0 1659.64 2786.15 680.45 1127.05 979.19 1659.1
ynao_sd_20010625_0320_ye 63 51 12 8 0 1410.12 2571.59 558.15 1069.66 851.97 1501.93
ynao_sd_20010626_0600_ye 46 42 4 3 0 783.15 1145.21 347.38 438.89 435.77 706.32
ynao_sd_20010627_0305_ye 44 41 3 2 0 623.56 915.26 387.42 656.97 236.14 258.29
ynao_sd_20010628_0240_ye 31 27 4 2 0 645.04 699.38 256.9 296.8 388.14 402.58
ynao_sd_20010629_0440_ye 10 7 3 2 0 503.25 543.7 138.47 166.83 364.78 376.87
ynao_sd_20010630_0545_ye 9 7 2 3 0 1732.4 2632.43 148.74 332.69 1583.66 2299.74
ynao_sd_20010701_0140_ye 12 10 2 2 0 310.16 497.9 152.31 308.59 157.85 189.31
ynao_sd_20010705_0700_ye 11 10 1 1 0 145.71 223.34 95.55 140.05 50.16 83.29
ynao_sd_20010706_0035_ye 16 15 1 1 0 209.18 267.67 123.24 150.06 85.94 117.61
ynao_sd_20010709_0030_ye 10 9 1 1 0 138.89 163.04 90.34 114.3 48.55 48.74
ynao_sd_20010710_0040_ye 12 11 1 2 0 228.23 250.54 106.33 127.06 121.9 123.48
ynao_sd_20010711_0040_ye 11 9 2 2 0 265.29 571.15 105.78 199.29 159.51 371.86
ynao_sd_20010712_0050_ye 12 9 3 3 0 447.86 1036.62 148.0 261.51 299.86 775.11
ynao_sd_20010713_0030_ye 13 8 5 4 0 656.63 1437.76 249.35 577.82 407.28 859.94
ynao_sd_20010714_0030_ye 36 33 3 4 0 2385.87 4242.77 328.16 481.26 2057.71 3761.51
ynao_sd_20010715_0255_ye 27 24 3 3 0 934.37 1224.7 323.86 443.85 610.51 780.85
ynao_sd_20010717_0230_ye 36 33 3 3 0 1100.01 1182.19 456.52 504.56 643.49 677.63
ynao_sd_20010718_0050_ye 38 34 4 3 0 1173.21 1273.04 461.42 536.15 711.79 736.89
ynao_sd_20010719_0215_ye 26 21 5 4 0 1024.74 1122.07 325.39 359.7 699.35 762.37
ynao_sd_20010720_0035_ye 23 19 4 3 0 698.94 812.54 217.27 246.67 481.67 565.87
ynao_sd_20010721_0025_ye 26 22 4 4 0 1673.0 2011.69 217.39 277.2 1455.61 1734.49
ynao_sd_20010722_0135_ye 27 22 5 4 0 639.09 876.49 274.1 352.99 364.99 523.5
ynao_sd_20010725_0235_ye 20 18 2 2 0 340.42 388.33 172.3 190.48 168.12 197.85
ynao_sd_20010726_0040_ye 30 25 5 4 0 460.55 534.74 233.95 266.88 226.6 267.86
ynao_sd_20010727_0300_ye 25 21 4 2 0 293.37 367.57 179.49 191.13 113.88 176.44
ynao_sd_20010729_0325_ye 15 15 0 0 0 110.07 208.32 110.07 208.32 0 0
ynao_sd_20010731_0255_ye 7 5 2 2 0 206.5 526.88 65.72 170.58 140.78 356.3
ynao_sd_20010802_0030_ye 28 25 3 1 0 394.3 551.67 258.83 379.68 135.47 171.99
ynao_sd_20010803_0055_ye 34 33 1 1 0 333.8 413.95 267.59 341.13 66.21 72.82
ynao_sd_20010805_0220_ye 75 64 11 5 0 1098.54 1152.69 531.52 561.49 567.02 591.2
ynao_sd_20010806_0110_ye 44 27 17 7 0 1503.01 1576.59 439.28 459.2 1063.73 1117.39
ynao_sd_20010807_0040_ye 53 35 18 9 0 1723.92 2010.02 496.4 556.86 1227.52 1453.16
ynao_sd_20010808_0100_ye 37 22 15 6 0 1721.51 2136.14 431.18 553.97 1290.33 1582.17
ynao_sd_20010809_0105_ye 41 25 16 10 0 1411.18 2015.64 425.76 623.62 985.42 1392.02
ynao_sd_20010810_0035_ye 38 28 10 7 0 821.99 1458.79 309.8 519.43 512.19 939.36
ynao_sd_20010811_0120_ye 23 20 3 5 0 400.95 814.17 165.51 308.51 235.44 505.66
ynao_sd_20010812_0515_ye 22 19 3 3 0 379.11 839.56 177.51 396.1 201.6 443.46
ynao_sd_20010813_0240_li 15 11 4 2 0 270.05 461.73 88.81 180.76 181.24 280.97
ynao_sd_20010815_0200_li 9 7 2 2 0 1998.0 2389.23 179.79 305.27 1818.21 2083.96
ynao_sd_20010816_0125_li 15 12 3 2 0 598.55 823.22 184.88 310.88 413.67 512.34
ynao_sd_20010818_0800_li 29 24 5 3 0 792.87 1093.47 271.17 426.26 521.7 667.21
ynao_sd_20010820_0225_ye 32 27 5 4 0 912.65 1031.79 382.62 437.52 530.03 594.27
ynao_sd_20010821_0530_ye 69 57 12 7 0 1518.55 1704.1 574.65 627.7 943.9 1076.4
ynao_sd_20010822_0040_ye 65 55 10 7 0 1360.37 1531.89 601.49 653.22 758.88 878.67
ynao_sd_20010823_0520_ye 44 37 7 3 0 712.47 837.46 317.27 417.51 395.2 419.95
ynao_sd_20010824_0040_ye 59 55 4 2 0 927.26 1121.13 474.15 573.57 453.11 547.56
ynao_sd_20010830_0250_li 38 29 9 7 0 1167.67 1715.71 330.84 536.68 836.83 1179.03
ynao_sd_20010901_0150_li 61 49 12 5 0 1847.74 2044.04 482.21 548.83 1365.53 1495.21
ynao_sd_20010904_0135_ye 56 39 17 6 0 2034.02 2179.24 568.53 599.39 1465.49 1579.85
ynao_sd_20010905_0135_ye 45 30 15 8 0 1884.18 2190.85 521.8 591.94 1362.38 1598.91
ynao_sd_20010906_0550_ye 35 26 9 5 0 1238.78 1738.14 440.62 594.43 798.16 1143.71
ynao_sd_20010907_0420_ye 37 24 13 6 0 1207.39 2140.45 374.5 618.66 832.89 1521.79
ynao_sd_20010911_0800_li 13 7 6 4 0 406.47 861.89 106.24 188.44 300.23 673.45
ynao_sd_20010912_0620_li 23 21 2 2 0 313.99 845.75 201.9 511.68 112.09 334.07
ynao_sd_20010913_0250_li 15 14 1 1 0 183.73 317.76 144.29 271.23 39.44 46.53
ynao_sd_20010914_0600_li 26 25 1 1 0 247.23 343.59 216.39 296.06 30.84 47.53
ynao_sd_20010915_0240_li 27 26 1 1 0 231.8 325.95 198.61 283.33 33.19 42.62
ynao_sd_20010917_0330_ye 44 42 2 2 0 557.86 1098.88 330.83 519.49 227.03 579.39
ynao_sd_20010918_0145_ye 60 56 4 4 0 1642.23 2600.96 474.9 789.56 1167.33 1811.4
ynao_sd_20010919_0105_ye 54 49 5 5 0 1110.87 1575.71 554.16 795.92 556.71 779.79
ynao_sd_20010920_0245_ye 77 69 8 6 0 1418.33 1677.12 678.7 789.64 739.63 887.48
ynao_sd_20010921_0400_ye 83 72 11 7 0 1607.52 1747.55 796.57 877.92 810.95 869.63
ynao_sd_20010922_0050_ye 72 57 15 8 0 1653.67 1724.83 665.79 701.92 987.88 1022.91
ynao_sd_20010923_0525_li 72 54 18 9 0 2046.11 2568.41 727.22 1017.21 1318.89 1551.2
ynao_sd_20010924_0700_li 68 50 18 9 0 2597.21 4154.9 524.18 713.51 2073.03 3441.39
ynao_sd_20010925_0640_li 52 42 10 10 0 2637.29 3792.5 427.17 674.19 2210.12 3118.31
ynao_sd_20010926_0240_li 72 62 10 9 0 1640.44 2411.43 589.18 817.45 1051.26 1593.98
ynao_sd_20010927_0210_li 73 61 12 9 0 1611.05 2153.2 579.55 761.73 1031.5 1391.47
ynao_sd_20010928_0205_li 92 82 10 8 0 2296.94 2711.38 733.44 863.02 1563.5 1848.36
ynao_sd_20010929_0230_li 69 55 14 8 0 2628.4 3018.56 527.17 807.45 2101.23 2211.11
ynao_sd_20010930_0240_li 45 36 9 8 0 1746.11 2782.46 455.79 543.19 1290.32 2239.27
ynao_sd_20011001_0235_li 76 63 13 8 0 1282.7 1800.5 634.87 865.64 647.83 934.86
ynao_sd_20011006_0245_li 1 1 0 0 0 28.94 121.49 28.94 121.49 0 0
ynao_sd_20011008_0220_li 3 3 0 0 0 25.5 30.78 25.5 30.78 0 0
ynao_sd_20011009_0640_li 2 2 0 1 0 33.46 70.27 10.79 18.7 22.67 51.57
ynao_sd_20011010_0240_li 7 7 0 0 0 60.99 87.81 60.99 87.81 0 0
ynao_sd_20011011_0330_li 24 22 2 2 0 399.51 1161.9 192.44 289.97 207.07 871.93
ynao_sd_20011012_0520_li 34 26 8 2 0 766.91 1482.54 313.93 484.37 452.98 998.17
ynao_sd_20011013_0205_li 33 23 10 4 0 1265.65 1995.85 356.14 524.74 909.51 1471.11
ynao_sd_20011014_0140_li 40 29 11 4 0 1483.89 1903.13 381.42 497.1 1102.47 1406.03
ynao_sd_20011015_0220_ye 57 42 15 3 0 2015.9 2434.02 630.97 869.91 1384.93 1564.11
ynao_sd_20011016_0115_ye 76 62 14 4 0 2170.71 2550.98 743.78 1018.75 1426.93 1532.23
ynao_sd_20011017_0510_ye 72 59 13 4 0 2140.12 2329.77 784.85 911.75 1355.27 1418.02
ynao_sd_20011018_0115_ye 74 64 10 4 0 2306.63 2481.77 840.12 961.92 1466.51 1519.85
ynao_sd_20011019_0230_ye 83 69 14 7 0 2252.45 2679.6 829.09 983.43 1423.36 1696.17
ynao_sd_20011020_0740_ye 61 54 7 6 0 1614.66 2123.18 704.5 919.77 910.16 1203.41
ynao_sd_20011021_0215_ye 105 94 11 7 0 1865.77 2551.85 890.64 1209.76 975.13 1342.09
ynao_sd_20011022_0125_ye 80 71 9 6 0 1332.0 1961.1 653.3 866.08 678.7 1095.02
ynao_sd_20011102_0110_ye 90 67 23 9 0 3334.3 3848.48 922.7 1238.02 2411.6 2610.46
ynao_sd_20011103_0200_ye 117 96 21 11 0 2513.31 2919.7 979.26 1130.52 1534.05 1789.18
ynao_sd_20011104_0140_ye 106 88 18 6 0 2737.02 3724.11 949.0 1313.01 1788.02 2411.1
ynao_sd_20011105_0330_li 61 49 12 8 0 1644.75 2501.08 511.82 738.14 1132.93 1762.94
ynao_sd_20011106_0640_li 40 24 16 7 0 993.18 1375.38 262.98 404.85 730.2 970.53
ynao_sd_20011107_0230_li 28 24 4 4 0 610.3 1045.56 282.48 528.77 327.82 516.79
ynao_sd_20011108_0210_li 6 5 1 1 0 177.58 368.61 89.84 198.56 87.74 170.05
ynao_sd_20011111_0540_ye 20 10 10 5 0 2718.3 5258.25 334.06 690.48 2384.24 4567.77
ynao_sd_20011112_0620_ye 28 21 7 6 0 1228.79 2386.71 319.35 533.16 909.44 1853.55
ynao_sd_20011114_0325_ye 26 20 6 4 0 1031.12 1277.7 341.23 453.04 689.89 824.66
ynao_sd_20011115_0110_ye 39 33 6 4 0 1113.81 1277.0 446.03 515.03 667.78 761.97
ynao_sd_20011116_0105_ye 36 32 4 4 0 1103.85 1219.25 465.14 518.11 638.71 701.14
ynao_sd_20011117_0400_ye 40 36 4 3 0 1129.11 1239.53 462.87 513.23 666.24 726.3
ynao_sd_20011118_0215_ye 30 26 4 4 0 2166.21 4398.39 384.31 475.06 1781.9 3923.33
ynao_sd_20011119_0620_li 26 22 4 3 0 1922.88 3834.72 253.55 319.11 1669.33 3515.61
ynao_sd_20011120_0140_li 12 9 3 3 0 1687.03 4383.77 134.9 192.73 1552.13 4191.04
ynao_sd_20011121_0200_li 8 7 1 2 0 645.12 1040.53 112.83 252.76 532.29 787.77
ynao_sd_20011122_0220_li 16 15 1 2 0 1575.01 4645.86 181.47 392.95 1393.54 4252.91
ynao_sd_20011124_0630_li 18 17 1 1 0 228.9 398.43 181.44 245.49 47.46 152.94
ynao_sd_20011125_0300_li 27 24 3 2 0 335.15 522.86 224.84 328.23 110.31 194.63
ynao_sd_20011126_0350_ye 54 48 6 3 0 844.65 1174.62 394.4 522.85 450.25 651.77
ynao_sd_20011127_0115_ye 66 58 8 5 0 894.65 1116.29 431.64 526.67 463.01 589.62
ynao_sd_20011128_0105_ye 61 49 12 12 0 1533.38 1937.12 675.41 835.01 857.97 1102.11
ynao_sd_20011129_0110_ye 68 45 23 10 0 2006.33 2408.73 688.48 832.24 1317.85 1576.49
ynao_sd_20011130_0305_ye 69 46 23 11 0 2691.22 3075.91 800.46 978.17 1890.76 2097.74
ynao_sd_20011201_0410_ye 80 52 28 8 0 3214.63 3556.42 912.77 1122.19 2301.86 2434.23
ynao_sd_20011202_0130_li 79 56 23 5 0 3013.23 3445.54 811.01 934.9 2202.22 2510.64
ynao_sd_20011203_0200_li 59 42 17 5 0 2285.4 2730.14 557.9 699.82 1727.5 2030.32
ynao_sd_20011204_0140_li 29 22 7 5 0 1614.13 2138.07 391.94 530.81 1222.19 1607.26
ynao_sd_20011205_0200_li 22 17 5 4 0 1134.13 1611.88 259.83 380.66 874.3 1231.22
ynao_sd_20011206_0140_li 19 14 5 4 0 1125.35 1808.56 342.27 667.49 783.08 1141.07
ynao_sd_20011207_0150_li 30 22 8 4 0 726.14 903.61 241.83 310.72 484.31 592.89
ynao_sd_20011208_0140_li 26 22 4 3 0 652.97 1129.49 337.13 670.37 315.84 459.12
ynao_sd_20011209_0200_li 27 21 6 7 0 692.76 1561.38 339.25 779.81 353.51 781.57
ynao_sd_20011210_0140_ye 41 32 9 9 0 806.58 1417.6 337.11 601.23 469.47 816.37
ynao_sd_20011211_0145_ye 43 32 11 9 0 1091.43 1843.17 401.9 774.92 689.53 1068.25
ynao_sd_20011212_0130_ye 64 56 8 6 0 1205.17 1438.93 514.31 629.64 690.86 809.29
ynao_sd_20011213_0140_ye 67 58 9 6 0 1296.41 1386.34 550.67 584.51 745.74 801.83
ynao_sd_20011214_0150_ye 72 66 6 6 0 1013.83 1086.69 553.14 603.63 460.69 483.06
ynao_sd_20011215_0140_ye 71 62 9 5 0 1158.96 1245.57 512.96 556.05 646.0 689.52
ynao_sd_20011216_0150_ye 58 44 14 10 0 1204.29 1833.77 513.31 929.22 690.98 904.55
ynao_sd_20011217_0230_li 67 59 8 7 0 922.23 1440.42 531.61 792.16 390.62 648.26
ynao_sd_20011218_0140_li 45 38 7 4 0 896.79 1371.53 410.72 634.2 486.07 737.33
ynao_sd_20011219_0150_li 53 43 10 4 0 966.02 1447.61 395.35 641.3 570.67 806.31
ynao_sd_20011220_0140_li 50 45 5 2 0 974.03 1304.92 461.29 743.67 512.74 561.25
ynao_sd_20011223_0210_li 89 76 13 7 0 2523.8 2955.28 812.78 940.36 1711.02 2014.92
ynao_sd_20011224_0330_li 91 78 13 13 0 2577.67 3091.14 878.76 1043.82 1698.91 2047.32
ynao_sd_20011225_0450_li 58 39 19 11 0 2238.22 2927.16 514.06 647.58 1724.16 2279.58
ynao_sd_20011226_0245_ye 84 67 17 7 0 2657.17 4015.32 883.83 1279.47 1773.34 2735.85
ynao_sd_20011227_0200_ye 51 35 16 11 0 1971.69 3538.36 678.33 1150.81 1293.36 2387.55
ynao_sd_20011228_0210_ye 76 65 11 6 0 1244.34 1824.78 669.41 1098.41 574.93 726.37
ynao_sd_20011229_0310_ye 61 52 9 7 0 897.25 1351.36 512.9 868.5 384.35 482.86
ynao_sd_20011230_0140_ye 50 42 8 6 0 936.38 1367.85 454.44 629.49 481.94 738.36
ynao_sd_20011231_0100_ye 40 34 6 6 0 744.77 1012.05 393.38 564.4 351.39 447.65
