ynao_sd_20020101_0140_ye 33 27 6 5 0 553.22 718.44 286.54 418.45 266.68 299.99
ynao_sd_20020103_0205_ye 44 39 5 4 0 832.07 1087.06 360.79 440.38 471.28 646.68
ynao_sd_20020104_0230_ye 29 26 3 3 0 498.74 793.42 268.57 366.31 230.17 427.11
ynao_sd_20020105_0140_ye 30 27 3 2 0 535.4 996.88 307.79 645.34 227.61 351.54
ynao_sd_20020106_0140_ye 26 23 3 2 0 474.08 637.59 247.18 332.65 226.9 304.94
ynao_sd_20020107_0210_li 16 12 4 3 0 924.41 2323.13 113.47 155.08 810.94 2168.05
ynao_sd_20020108_0230_li 27 23 4 4 0 2045.14 5524.85 204.16 386.46 1840.98 5138.39
ynao_sd_20020109_0320_li 50 44 6 6 0 2094.16 4889.32 398.13 563.0 1696.03 4326.32
ynao_sd_20020111_0210_li 41 22 19 6 0 1513.46 1926.06 384.02 609.8 1129.44 1316.26
ynao_sd_20020112_0220_li 36 23 13 7 0 2409.2 3340.8 422.29 698.99 1986.91 2641.81
ynao_sd_20020113_0210_li 26 14 12 7 0 1445.0 2306.0 353.58 623.09 1091.42 1682.91
ynao_sd_20020114_0205_ye 49 36 13 8 0 1451.16 2283.29 534.64 826.33 916.52 1456.96
ynao_sd_20020115_0135_ye 32 21 11 7 0 1638.86 2856.1 422.04 678.73 1216.82 2177.37
ynao_sd_20020116_0200_ye 28 22 6 5 0 1093.5 1314.19 339.74 466.54 753.76 847.65
ynao_sd_20020117_0200_ye 40 32 8 4 0 1348.59 1481.2 438.74 485.51 909.85 995.69
ynao_sd_20020118_0200_ye 58 47 11 7 0 1036.5 1183.24 455.2 508.06 581.3 675.18
ynao_sd_20020119_0200_ye 69 60 9 5 0 1274.27 1544.69 576.64 684.92 697.63 859.77
ynao_sd_20020120_0200_li 60 56 4 3 0 926.28 1360.72 548.38 900.17 377.9 460.55
ynao_sd_20020121_0200_li 35 28 7 5 0 633.74 823.16 277.66 334.2 356.08 488.96
ynao_sd_20020122_0200_li 27 19 8 3 0 3575.46 6475.06 302.7 446.75 3272.76 6028.31
ynao_sd_20020123_0150_li 33 28 5 5 0 3778.84 8349.73 313.41 557.44 3465.43 7792.29
ynao_sd_20020124_0220_li 19 17 2 1 0 299.21 446.11 175.7 304.41 123.51 141.7
ynao_sd_20020125_0230_li 22 21 1 2 0 1122.04 3634.47 203.27 344.16 918.77 3290.31
ynao_sd_20020126_0200_li 24 23 1 3 0 1256.73 2559.86 243.28 414.72 1013.45 2145.14
ynao_sd_20020127_0200_li 38 36 2 3 0 522.82 843.91 371.03 591.73 151.79 252.18
ynao_sd_20020128_0200_ye 80 66 14 8 0 1178.33 1780.49 628.36 1099.28 549.97 681.21
ynao_sd_20020203_0130_ye 67 56 11 5 0 992.3 1612.62 513.21 766.48 479.09 846.14
ynao_sd_20020204_0210_li 24 20 4 3 0 708.01 1230.28 265.39 448.09 442.62 782.19
ynao_sd_20020205_0630_li 21 18 3 3 0 564.71 889.66 244.16 488.94 320.55 400.72
ynao_sd_20020206_0210_li 21 16 5 3 0 631.29 760.81 227.94 291.51 403.35 469.3
ynao_sd_20020207_0205_li 17 16 1 2 0 577.51 647.02 199.86 239.89 377.65 407.13
ynao_sd_20020208_0220_li 18 13 5 3 0 884.51 1603.11 145.95 215.5 738.56 1387.61
ynao_sd_20020209_0210_li 22 18 4 2 0 1207.41 2288.35 279.67 702.01 927.74 1586.34
ynao_sd_20020210_0610_li 17 11 6 5 0 839.69 1598.37 185.53 394.02 654.16 1204.35
ynao_sd_20020211_0250_li 22 13 9 5 0 945.97 1590.18 171.2 289.6 774.77 1300.58
ynao_sd_20020212_0140_ye 56 46 10 5 0 1251.26 1788.05 472.91 659.64 778.35 1128.41
ynao_sd_20020213_0140_ye 65 56 9 5 0 2401.46 4665.31 557.96 759.89 1843.5 3905.42
ynao_sd_20020214_0140_ye 62 49 13 5 0 1397.26 1561.64 563.18 639.6 834.08 922.04
ynao_sd_20020215_0230_ye 42 34 8 4 0 1344.93 1461.81 494.47 538.96 850.46 922.85
ynao_sd_20020216_0405_li 36 30 6 4 0 998.93 1117.64 298.77 329.24 700.16 788.4
ynao_sd_20020217_0200_li 35 28 7 4 0 2320.32 2866.14 424.56 513.42 1895.76 2352.72
ynao_sd_20020218_0205_li 17 11 6 3 0 493.05 727.95 135.91 215.49 357.14 512.46
ynao_sd_20020219_0200_ye 6 3 3 2 0 298.41 560.79 90.75 173.9 207.66 386.89
ynao_sd_20020220_0300_ye 14 11 3 3 0 299.57 1089.42 153.25 576.93 146.32 512.49
ynao_sd_20020221_0220_ye 15 14 1 1 0 248.37 651.78 162.66 429.74 85.71 222.04
ynao_sd_20020222_0120_ye 14 13 1 1 0 165.49 248.22 104.79 139.77 60.7 108.45
ynao_sd_20020223_0130_ye 14 12 2 1 0 131.01 176.12 82.19 108.86 48.82 67.26
ynao_sd_20020224_0135_ye 23 18 5 3 0 324.81 499.22 168.14 307.96 156.67 191.26
ynao_sd_20020226_0140_li 25 22 3 4 0 1271.55 2873.06 312.28 395.77 959.27 2477.29
ynao_sd_20020227_0150_li 35 27 8 7 0 545.77 663.08 204.29 250.78 341.48 412.3
ynao_sd_20020228_0140_li 50 43 7 3 0 698.09 868.28 398.66 510.88 299.43 357.4
ynao_sd_20020301_0130_li 52 43 9 4 0 907.44 1112.41 376.31 506.43 531.13 605.98
ynao_sd_20020302_0125_li 32 24 8 4 0 832.03 998.02 256.86 326.92 575.17 671.1
ynao_sd_20020303_0140_li 32 24 8 3 0 695.45 860.92 227.92 319.61 467.53 541.31
ynao_sd_20020304_0130_ye 40 30 10 4 0 967.28 1350.16 359.39 552.58 607.89 797.58
ynao_sd_20020305_0130_ye 25 16 9 5 0 663.21 1046.42 246.42 383.34 416.79 663.08
ynao_sd_20020308_0830_ye 2 1 1 1 0 87.85 230.6 21.87 72.74 65.98 157.86
ynao_sd_20020309_0150_li 6 5 1 1 0 108.1 191.64 40.27 66.92 67.83 124.72
ynao_sd_20020310_0145_ye 9 7 2 1 0 141.25 215.15 70.37 111.49 70.88 103.66
ynao_sd_20020311_0150_li 14 13 1 1 0 152.88 200.26 87.41 118.64 65.47 81.62
ynao_sd_20020312_0130_li 16 13 3 2 0 722.13 1035.98 137.06 172.04 585.07 863.94
ynao_sd_20020313_0125_li 8 6 2 1 0 98.74 110.73 42.62 49.05 56.12 61.68
ynao_sd_20020314_0140_li 8 8 0 1 0 109.33 121.87 47.71 53.29 61.62 68.58
ynao_sd_20020315_0120_li 5 4 1 1 0 79.73 93.07 26.68 30.35 53.05 62.72
ynao_sd_20020316_0130_li 5 5 0 0 0 61.86 81.27 61.86 81.27 0 0
ynao_sd_20020317_0310_li 1 1 0 1 0 1548.6 2573.0 27.7 45.67 1520.9 2527.33
ynao_sd_20020318_0305_ye 1 1 0 0 0 14.0 30.96 14.0 30.96 0 0
ynao_sd_20020319_0130_ye 6 6 0 0 0 46.49 94.99 46.49 94.99 0 0
ynao_sd_20020321_0130_ye 12 12 0 1 0 1603.54 4932.56 124.24 263.28 1479.3 4669.28
ynao_sd_20020322_0100_ye 22 21 1 1 0 264.58 593.03 157.65 365.65 106.93 227.38
ynao_sd_20020323_0240_ye 37 33 4 2 0 517.55 1099.22 325.96 755.77 191.59 343.45
ynao_sd_20020324_0135_ye 34 32 2 2 0 471.39 703.95 300.87 444.08 170.52 259.87
ynao_sd_20020325_0140_li 44 41 3 2 0 457.77 549.68 294.37 344.59 163.4 205.09
ynao_sd_20020326_0120_li 36 33 3 2 0 449.27 505.79 252.32 281.01 196.95 224.78
ynao_sd_20020327_0035_li 33 32 1 1 0 334.79 381.19 285.5 330.06 49.29 51.13
ynao_sd_20020328_0050_li 42 36 6 5 0 724.11 1149.55 383.45 595.18 340.66 554.37
ynao_sd_20020329_0115_li 34 26 8 6 0 814.62 1549.05 240.64 410.54 573.98 1138.51
ynao_sd_20020330_0100_li 38 27 11 7 0 1157.64 2029.92 344.19 611.28 813.45 1418.64
ynao_sd_20020331_0430_ye 72 59 13 7 0 1751.54 2179.41 717.17 935.78 1034.37 1243.63
ynao_sd_20020401_0100_ye 81 60 21 9 0 2547.11 2922.04 758.01 919.35 1789.1 2002.69
ynao_sd_20020402_0105_ye 89 68 21 9 0 3312.52 3596.84 1060.75 1183.7 2251.77 2413.14
ynao_sd_20020403_0055_ye 83 58 25 13 0 3401.84 3668.62 1077.8 1227.1 2324.04 2441.52
ynao_sd_20020404_0045_ye 82 61 21 12 0 3193.23 3683.86 975.37 1176.39 2217.86 2507.47
ynao_sd_20020405_0030_ye 106 82 24 11 0 3179.65 4154.72 1169.74 1653.02 2009.91 2501.7
ynao_sd_20020406_0030_ye 90 74 16 9 0 2533.74 3505.41 904.3 1338.01 1629.44 2167.4
ynao_sd_20020407_0140_li 76 60 16 9 0 2069.49 3308.2 790.37 1243.64 1279.12 2064.56
ynao_sd_20020408_0050_li 60 46 14 5 0 1567.81 2478.48 504.04 835.33 1063.77 1643.15
ynao_sd_20020409_0045_li 72 57 15 6 0 2713.72 6049.12 579.74 965.29 2133.98 5083.83
ynao_sd_20020412_0650_li 48 38 10 8 0 1492.11 1777.06 371.82 440.79 1120.29 1336.27
ynao_sd_20020413_0440_li 45 31 14 7 0 1634.16 2105.93 424.83 538.5 1209.33 1567.43
ynao_sd_20020414_0140_li 32 23 9 4 0 952.76 1498.23 323.4 592.05 629.36 906.18
ynao_sd_20020415_0030_ye 58 46 12 7 0 1419.16 2501.11 584.99 948.34 834.17 1552.77
ynao_sd_20020416_0030_ye 43 35 8 4 0 1150.34 2144.8 468.37 916.24 681.97 1228.56
ynao_sd_20020417_0700_ye 8 4 4 4 0 475.52 754.48 104.29 165.12 371.23 589.36
ynao_sd_20020418_0800_ye 9 7 2 2 0 318.24 409.73 181.19 219.83 137.05 189.9
ynao_sd_20020419_0100_ye 17 15 2 1 0 326.99 352.96 148.8 165.39 178.19 187.57
ynao_sd_20020420_0030_ye 23 16 7 3 0 531.33 588.09 200.08 240.38 331.25 347.71
ynao_sd_20020421_0135_ye 30 20 10 4 0 869.17 985.18 320.27 399.7 548.9 585.48
ynao_sd_20020422_0050_ye 47 37 10 5 0 1215.11 1478.69 490.87 675.92 724.24 802.77
ynao_sd_20020423_0100_li 45 34 11 7 0 1324.99 1726.26 365.43 583.05 959.56 1143.21
ynao_sd_20020424_0100_li 50 38 12 9 0 2227.96 3484.43 402.53 656.7 1825.43 2827.73
ynao_sd_20020425_0045_li 40 23 17 8 0 2785.72 5116.73 387.88 584.01 2397.84 4532.72
ynao_sd_20020426_0230_li 34 20 14 6 0 1324.75 1710.14 351.49 490.93 973.26 1219.21
ynao_sd_20020427_0040_li 30 21 9 6 0 1364.21 1666.07 278.8 457.95 1085.41 1208.12
ynao_sd_20020428_0050_li 38 31 7 6 0 1324.59 1572.53 305.7 347.91 1018.89 1224.62
ynao_sd_20020429_0035_ye 60 53 7 5 0 1142.63 1497.2 535.19 660.23 607.44 836.97
ynao_sd_20020430_0035_ye 47 39 8 6 0 1122.86 1910.72 488.88 789.56 633.98 1121.16
ynao_sd_20020501_0125_ye 42 36 6 5 0 820.71 1571.52 356.36 597.64 464.35 973.88
ynao_sd_20020502_0030_ye 52 48 4 3 0 663.42 991.32 458.5 621.43 204.92 369.89
ynao_sd_20020503_0135_ye 53 46 7 6 0 2154.36 3352.2 447.2 562.01 1707.16 2790.19
ynao_sd_20020504_0130_li 47 44 3 5 0 1523.79 3894.11 410.36 648.37 1113.43 3245.74
ynao_sd_20020505_0045_li 48 41 7 5 0 2071.25 3950.14 353.15 516.91 1718.1 3433.23
ynao_sd_20020506_0100_li 17 9 8 6 0 2895.69 4836.83 167.27 255.72 2728.42 4581.11
ynao_sd_20020507_0250_li 20 18 2 3 0 533.82 855.29 305.91 596.86 227.91 258.43
ynao_sd_20020508_0340_li 24 23 1 1 0 393.94 514.21 258.27 362.8 135.67 151.41
ynao_sd_20020509_0720_li 20 19 1 1 0 252.2 342.27 178.57 250.46 73.63 91.81
ynao_sd_20020514_0100_ye 4 4 0 0 0 43.17 75.22 43.17 75.22 0 0
ynao_sd_20020515_0205_ye 4 3 1 1 0 1584.11 2053.59 30.25 39.72 1553.86 2013.87
ynao_sd_20020516_0205_ye 14 14 0 0 0 212.18 560.5 212.18 560.5 0 0
ynao_sd_20020517_0145_ye 21 13 8 3 0 969.43 2548.26 212.09 478.74 757.34 2069.52
ynao_sd_20020518_0445_ye 22 8 14 3 0 2832.13 4488.42 264.06 452.86 2568.07 4035.56
ynao_sd_20020520_0720_li 45 26 19 9 0 1604.94 1937.84 463.77 593.68 1141.17 1344.16
ynao_sd_20020521_0045_li 70 53 17 12 0 2888.89 4356.46 523.11 636.02 2365.78 3720.44
ynao_sd_20020522_0055_li 94 76 18 11 0 3106.6 4039.97 612.45 709.28 2494.15 3330.69
ynao_sd_20020523_0100_li 86 72 14 11 0 2648.61 3073.04 693.12 792.21 1955.49 2280.83
ynao_sd_20020526_0240_li 70 65 5 3 0 1118.07 1399.66 566.98 766.85 551.09 632.81
ynao_sd_20020527_0330_ye 41 35 6 5 0 2951.31 4387.57 445.58 538.21 2505.73 3849.36
ynao_sd_20020528_0100_ye 48 43 5 5 0 1138.28 1538.97 575.49 847.28 562.79 691.69
ynao_sd_20020529_0145_ye 44 37 7 5 0 2122.42 2657.24 433.44 577.35 1688.98 2079.89
ynao_sd_20020530_0030_ye 32 27 5 3 0 743.49 1034.62 313.85 498.5 429.64 536.12
ynao_sd_20020531_0200_ye 37 28 9 5 0 1840.18 2260.48 301.5 403.49 1538.68 1856.99
ynao_sd_20020601_0015_ye 23 19 4 3 0 586.83 979.86 223.65 302.75 363.18 677.11
ynao_sd_20020602_0330_ye 17 16 1 1 0 190.67 217.32 143.24 161.96 47.43 55.36
ynao_sd_20020603_0120_li 9 9 0 0 0 84.75 108.28 84.75 108.28 0 0
ynao_sd_20020604_0100_li 22 22 0 0 0 206.13 407.12 206.13 407.12 0 0
ynao_sd_20020605_0350_li 25 19 6 3 0 587.15 743.78 218.97 320.36 368.18 423.42
ynao_sd_20020606_0100_li 21 10 11 4 0 522.71 605.85 145.64 169.62 377.07 436.23
ynao_sd_20020607_0300_li 19 13 6 3 0 1570.95 2005.5 172.84 208.22 1398.11 1797.28
ynao_sd_20020608_0120_li 14 12 2 2 0 422.64 482.02 197.19 238.55 225.45 243.47
ynao_sd_20020609_0210_li 26 23 3 2 0 401.02 473.62 174.07 205.19 226.95 268.43
ynao_sd_20020610_0100_ye 10 7 3 1 0 349.45 477.31 141.97 187.05 207.48 290.26
ynao_sd_20020611_0320_ye 15 14 1 1 0 288.99 472.87 139.9 196.49 149.09 276.38
ynao_sd_20020612_0045_ye 9 8 1 1 0 175.0 361.55 82.71 122.32 92.29 239.23
ynao_sd_20020613_0215_ye 8 8 0 0 0 84.49 223.34 84.49 223.34 0 0
ynao_sd_20020615_0030_ye 12 12 0 1 0 196.42 424.59 91.38 162.77 105.04 261.82
ynao_sd_20020616_0145_ye 21 18 3 1 0 332.8 634.93 184.66 384.2 148.14 250.73
ynao_sd_20020617_0630_li 34 30 4 2 0 540.07 814.49 211.61 273.51 328.46 540.98
ynao_sd_20020618_0305_li 30 27 3 3 0 1497.84 2163.28 329.13 814.17 1168.71 1349.11
ynao_sd_20020619_0200_li 13 10 3 2 0 624.86 778.02 140.16 171.41 484.7 606.61
ynao_sd_20020620_0055_li 9 5 4 2 0 598.78 679.9 97.33 108.52 501.45 571.38
ynao_sd_20020621_0030_li 9 5 4 2 0 678.34 736.94 114.22 126.57 564.12 610.37
ynao_sd_20020622_0055_li 14 10 4 2 0 601.93 649.3 128.09 136.23 473.84 513.07
ynao_sd_20020623_0210_li 18 16 2 2 0 613.96 712.8 178.39 202.69 435.57 510.11
ynao_sd_20020624_0115_ye 13 11 2 2 0 445.82 556.1 153.9 177.45 291.92 378.65
ynao_sd_20020625_0625_ye 14 12 2 2 0 367.7 557.13 158.86 206.8 208.84 350.33
ynao_sd_20020626_0315_ye 13 11 2 2 0 237.56 438.26 111.87 147.83 125.69 290.43
ynao_sd_20020627_0110_ye 4 3 1 1 0 98.83 174.35 36.15 60.52 62.68 113.83
ynao_sd_20020628_0440_ye 0 0 0 0 0 0 0 0 0 0 0
ynao_sd_20020629_0560_ye 4 4 0 0 0 38.74 78.75 38.74 78.75 0 0
ynao_sd_20020701_0055_li 4 2 2 1 0 1288.09 3891.6 29.72 92.49 1258.37 3799.11
ynao_sd_20020702_0115_li 2 2 0 0 0 15.91 64.86 15.91 64.86 0 0
ynao_sd_20020704_0510_li 1 1 0 0 0 6.58 7.32 6.58 7.32 0 0
ynao_sd_20020706_0730_li 1 1 0 0 0 6.12 13.11 6.12 13.11 0 0
ynao_sd_20020707_0145_li 0 0 0 0 0 0 0 0 0 0 0
ynao_sd_20020709_0745_ye 5 5 0 0 0 153.83 654.74 153.83 654.74 0 0
ynao_sd_20020710_0550_ye 8 5 3 1 0 423.4 1141.52 106.48 293.18 316.92 848.34
ynao_sd_20020711_0105_ye 23 21 2 2 0 563.48 1110.06 207.84 433.21 355.64 676.85
ynao_sd_20020712_0150_ye 41 31 10 3 0 1350.43 2091.09 470.92 731.54 879.51 1359.55
ynao_sd_20020713_0200_ye 45 33 12 4 0 1251.35 1588.94 451.03 583.38 800.32 1005.56
ynao_sd_20020714_0135_ye 83 72 11 4 0 1524.63 1726.65 834.0 948.22 690.63 778.43
ynao_sd_20020715_0120_li 88 77 11 10 0 1828.66 1940.56 672.23 713.05 1156.43 1227.51
ynao_sd_20020716_0200_li 72 50 22 10 0 2622.46 2928.39 678.71 917.8 1943.75 2010.59
ynao_sd_20020717_0640_li 69 45 24 10 0 2505.9 2820.09 525.09 583.93 1980.81 2236.16
ynao_sd_20020718_0350_li 17 15 2 1 0 348.58 549.94 140.65 177.52 207.93 372.42
ynao_sd_20020721_0455_li 17 13 4 4 0 797.57 1283.83 237.66 441.69 559.91 842.14
ynao_sd_20020722_0120_ye 17 15 2 2 0 594.0 896.43 244.93 458.5 349.07 437.93
ynao_sd_20020726_0810_ye 43 34 9 3 0 881.78 1085.16 413.91 514.1 467.87 571.06
ynao_sd_20020728_0340_ye 60 54 6 5 0 714.28 914.24 491.71 549.17 222.57 365.07
ynao_sd_20020729_0110_ye 40 39 1 2 0 524.41 567.69 402.59 442.43 121.82 125.26
ynao_sd_20020730_0500_ye 37 34 3 3 0 532.36 677.06 347.46 462.8 184.9 214.26
ynao_sd_20020731_0400_ye 29 28 1 1 0 329.41 456.15 290.39 383.74 39.02 72.41
ynao_sd_20020801_0430_ye 21 20 1 1 0 211.0 299.99 176.08 250.48 34.92 49.51
ynao_sd_20020802_0300_ye 13 11 2 2 0 215.33 278.78 117.86 159.93 97.47 118.85
ynao_sd_20020803_0430_ye 5 5 0 0 0 86.52 117.32 86.52 117.32 0 0
ynao_sd_20020804_0155_ye 16 14 2 2 0 366.6 848.94 208.39 409.22 158.21 439.72
ynao_sd_20020806_0035_li 34 27 7 3 0 513.83 857.49 230.76 464.55 283.07 392.94
ynao_sd_20020807_0055_ye 48 42 6 4 0 868.0 1431.91 443.53 591.86 424.47 840.05
ynao_sd_20020808_0130_ye 42 36 6 3 0 794.27 1117.15 371.99 465.52 422.28 651.63
ynao_sd_20020809_0300_ye 27 19 8 4 0 884.25 1024.78 289.9 324.35 594.35 700.43
ynao_sd_20020814_0500_ye 71 62 9 7 0 1151.06 1721.63 715.69 1156.93 435.37 564.7
ynao_sd_20020815_0330_ye 59 53 6 6 0 1037.63 1463.03 597.37 766.35 440.26 696.68
ynao_sd_20020818_0050_li 60 57 3 2 0 649.19 790.72 424.76 490.17 224.43 300.55
ynao_sd_20020819_0130_li 35 32 3 2 0 1658.65 4009.19 346.46 512.75 1312.19 3496.44
ynao_sd_20020821_0310_li 10 8 2 3 0 213.02 312.03 86.48 143.48 126.54 168.55
ynao_sd_20020823_0110_li 2 2 0 0 0 13.72 16.12 13.72 16.12 0 0
ynao_sd_20020824_0240_li 0 0 0 0 0 0 0 0 0 0 0
ynao_sd_20020825_0150_li 0 0 0 0 0 0 0 0 0 0 0
ynao_sd_20020827_0050_li 1 1 0 0 0 8.68 36.06 8.68 36.06 0 0
ynao_sd_20020828_0140_li 1 1 0 0 0 9.44 13.0 9.44 13.0 0 0
ynao_sd_20020829_0045_li 2 2 0 0 0 38.99 135.84 38.99 135.84 0 0
ynao_sd_20020830_0050_li 9 8 1 1 0 228.6 759.59 145.66 537.99 82.94 221.6
ynao_sd_20020831_0040_li 19 12 7 3 0 475.72 1033.11 231.23 477.49 244.49 555.62
ynao_sd_20020901_0050_li 47 33 14 6 0 1185.94 1815.04 342.92 570.06 843.02 1244.98
ynao_sd_20020902_0045_ye 92 70 22 11 0 3170.82 6555.14 817.1 1084.46 2353.72 5470.68
ynao_sd_20020903_0210_ye 60 42 18 5 0 1727.57 1908.65 548.86 607.32 1178.71 1301.33
ynao_sd_20020904_0025_ye 68 57 11 5 0 1623.95 1810.73 682.04 789.19 941.91 1021.54
ynao_sd_20020905_0040_ye 76 56 20 9 0 3033.67 3408.76 762.46 916.01 2271.21 2492.75
ynao_sd_20020906_0040_ye 87 85 2 2 0 1193.33 1344.46 797.11 911.01 396.22 433.45
ynao_sd_20020907_0110_ye 72 70 2 3 0 1018.02 1280.58 716.11 905.01 301.91 375.57
ynao_sd_20020908_0210_li 64 60 4 4 0 750.68 981.29 436.52 548.3 314.16 432.99
ynao_sd_20020909_0150_li 52 47 5 4 0 1713.25 2313.38 464.27 600.78 1248.98 1712.6
ynao_sd_20020910_0120_li 73 63 10 7 0 983.81 1293.76 465.38 599.07 518.43 694.69
ynao_sd_20020911_0200_li 60 48 12 7 0 1077.69 1223.04 431.97 517.67 645.72 705.37
ynao_sd_20020912_0050_li 68 61 7 8 0 1021.91 1201.3 487.15 576.92 534.76 624.38
ynao_sd_20020913_0140_li 60 52 8 6 0 791.58 993.24 444.3 547.88 347.28 445.36
ynao_sd_20020914_0650_li 36 32 4 4 0 408.43 559.14 246.03 360.46 162.4 198.68
ynao_sd_20020916_0400_ye 22 20 2 2 0 343.69 467.64 201.1 305.64 142.59 162.0
ynao_sd_20020917_0035_ye 17 15 2 2 0 259.7 329.11 153.31 192.05 106.39 137.06
ynao_sd_20020918_0030_ye 15 15 0 1 0 170.46 230.91 135.67 193.62 34.79 37.29
ynao_sd_20020920_0135_ye 6 6 0 0 0 77.53 162.91 77.53 162.91 0 0
ynao_sd_20020921_0625_ye 11 11 0 0 0 87.43 138.63 87.43 138.63 0 0
ynao_sd_20020926_0300_li 37 25 12 5 0 2195.1 3844.91 454.49 668.93 1740.61 3175.98
ynao_sd_20021001_0120_li 50 38 12 7 0 1187.23 1749.69 376.01 541.64 811.22 1208.05
ynao_sd_20021002_0120_ye 52 41 11 5 0 1452.98 1808.16 458.57 592.4 994.41 1215.76
ynao_sd_20021004_0510_ye 17 13 4 4 0 1273.0 1465.83 309.42 341.93 963.58 1123.9
ynao_sd_20021005_0140_ye 47 42 5 4 0 1653.1 1993.15 718.44 823.47 934.66 1169.68
ynao_sd_20021006_0155_ye 51 44 7 5 0 1595.05 1713.7 576.64 627.89 1018.41 1085.81
ynao_sd_20021007_0340_ye 34 28 6 4 0 1006.17 1158.34 385.6 459.3 620.57 699.04
ynao_sd_20021008_0040_ye 30 24 6 5 0 945.24 1163.42 336.32 412.43 608.92 750.99
ynao_sd_20021009_0100_ye 30 25 5 4 0 640.94 915.36 286.18 368.95 354.76 546.41
ynao_sd_20021010_0130_ye 40 38 2 2 0 494.36 876.55 343.73 524.41 150.63 352.14
ynao_sd_20021011_0140_li 14 14 0 0 0 146.81 367.29 146.81 367.29 0 0
ynao_sd_20021012_0200_li 5 5 0 0 0 27.35 28.12 27.35 28.12 0 0
ynao_sd_20021013_0120_li 7 7 0 0 0 56.77 71.66 56.77 71.66 0 0
ynao_sd_20021014_0220_li 10 10 0 0 0 125.63 434.98 125.63 434.98 0 0
ynao_sd_20021015_0105_li 23 17 6 4 0 524.8 986.75 187.06 280.43 337.74 706.32
ynao_sd_20021016_0230_li 16 6 10 4 0 994.31 1631.27 191.43 304.62 802.88 1326.65
ynao_sd_20021017_0320_li 19 12 7 4 0 1127.25 1996.95 222.2 392.6 905.05 1604.35
ynao_sd_20021018_0105_ye 13 9 4 4 0 913.23 1839.28 275.28 560.15 637.95 1279.13
ynao_sd_20021019_0600_ye 1 0 1 1 0 611.68 679.76 167.49 185.88 444.19 493.88
ynao_sd_20021020_0025_ye 14 13 1 1 0 873.3 954.0 355.98 393.96 517.32 560.04
ynao_sd_20021021_0730_ye 21 20 1 1 0 821.92 897.63 372.23 406.04 449.69 491.59
ynao_sd_20021022_0120_ye 28 27 1 1 0 943.77 1071.7 349.8 396.05 593.97 675.65
ynao_sd_20021023_0030_ye 12 11 1 1 0 698.91 862.31 260.47 314.44 438.44 547.87
ynao_sd_20021028_0120_li 23 22 1 1 0 1366.49 2670.43 176.72 252.65 1189.77 2417.78
ynao_sd_20021029_0120_li 14 14 0 0 0 136.56 171.2 136.56 171.2 0 0
ynao_sd_20021102_0230_ye 16 9 7 4 0 831.92 1112.91 254.32 371.37 577.6 741.54
ynao_sd_20021105_0230_li 41 30 11 4 0 2184.77 5299.11 398.02 594.4 1786.75 4704.71
ynao_sd_20021106_0210_li 37 19 18 5 0 1322.96 1656.37 336.99 520.99 985.97 1135.38
ynao_sd_20021107_0140_li 28 16 12 5 0 2563.76 3165.86 292.98 312.49 2270.78 2853.37
ynao_sd_20021108_0035_ye 46 39 7 2 0 1522.64 1575.86 575.8 612.05 946.84 963.81
ynao_sd_20021109_0040_ye 40 29 11 2 0 1706.35 2266.75 596.58 1263.15 1109.77 1003.6
ynao_sd_20021110_0040_ye 52 42 10 5 0 1810.76 2225.62 668.87 855.91 1141.89 1369.71
ynao_sd_20021111_0040_ye 61 48 13 5 0 2161.8 2685.26 802.68 984.77 1359.12 1700.49
ynao_sd_20021112_0120_li 72 53 19 8 0 1954.5 2590.66 555.39 718.13 1399.11 1872.53
ynao_sd_20021113_0410_li 52 36 16 11 0 2639.83 3312.28 406.83 515.33 2233.0 2796.95
ynao_sd_20021114_0150_li 40 26 14 7 0 2290.34 2827.45 414.03 596.25 1876.31 2231.2
ynao_sd_20021116_0740_li 34 29 5 5 0 2530.97 4758.26 393.8 462.64 2137.17 4295.62
ynao_sd_20021117_0130_li 48 42 6 3 0 1104.82 1240.86 359.05 418.94 745.77 821.92
ynao_sd_20021118_0220_li 29 20 9 4 0 1136.45 2074.16 279.38 600.37 857.07 1473.79
ynao_sd_20021119_0120_li 30 21 9 5 0 2290.19 4624.53 343.85 886.99 1946.34 3737.54
ynao_sd_20021120_0230_li 35 25 10 10 0 3461.15 9910.79 510.21 1242.03 2950.94 8668.76
ynao_sd_20021121_0200_ye 80 66 14 8 0 1811.72 3048.97 733.13 1212.83 1078.59 1836.14
ynao_sd_20021122_0040_ye 58 42 16 10 0 2209.21 2907.34 729.38 977.97 1479.83 1929.37
ynao_sd_20021123_0210_ye 53 35 18 7 0 2307.27 2645.71 682.23 784.24 1625.04 1861.47
ynao_sd_20021124_0100_ye 68 52 16 7 0 2888.39 3250.85 904.47 1079.83 1983.92 2171.02
ynao_sd_20021125_0100_ye 67 49 18 6 0 2673.9 2894.97 745.44 816.21 1928.46 2078.76
ynao_sd_20021126_0300_ye 46 29 17 7 0 2208.46 2625.48 622.66 726.05 1585.8 1899.43
ynao_sd_20021127_0125_ye 52 39 13 8 0 1791.38 2256.02 569.16 699.43 1222.22 1556.59
ynao_sd_20021128_0055_li 44 33 11 9 0 1684.5 2383.97 380.43 528.04 1304.07 1855.93
ynao_sd_20021129_0120_li 32 18 14 7 0 1329.33 2235.17 295.64 471.71 1033.69 1763.46
ynao_sd_20021130_0100_li 40 30 10 7 0 2527.11 7078.78 447.44 939.15 2079.67 6139.63
ynao_sd_20021131_0130_li 32 21 11 9 0 928.56 1938.82 251.09 511.93 677.47 1426.89
ynao_sd_20021201_0150_ye 27 27 0 1 0 1653.74 1947.61 187.27 299.74 1466.47 1647.87
ynao_sd_20021202_0100_ye 17 12 5 5 0 797.02 926.36 159.08 216.29 637.94 710.07
ynao_sd_20021203_0155_ye 31 30 1 1 0 337.81 630.77 281.65 446.11 56.16 184.66
ynao_sd_20021204_0045_ye 56 55 1 1 0 636.82 1022.42 526.73 802.86 110.09 219.56
ynao_sd_20021205_0110_ye 45 42 3 2 0 612.48 834.63 402.81 489.11 209.67 345.52
ynao_sd_20021206_0045_ye 69 61 8 7 0 990.76 1165.67 550.62 637.84 440.14 527.83
ynao_sd_20021207_0300_ye 25 20 5 3 0 504.17 624.61 248.0 299.08 256.17 325.53
ynao_sd_20021208_0210_ye 29 27 2 2 0 549.06 754.53 309.24 425.66 239.82 328.87
ynao_sd_20021209_0700_ye 42 41 1 1 0 390.11 751.64 354.7 714.91 35.41 36.73
ynao_sd_20021210_0110_ye 19 19 0 0 0 184.76 269.29 184.76 269.29 0 0
ynao_sd_20021211_0100_ye 20 20 0 0 0 151.93 181.25 151.93 181.25 0 0
ynao_sd_20021212_0100_ye 12 12 0 0 0 115.79 349.39 115.79 349.39 0 0
ynao_sd_20021213_0130_ye 8 6 2 1 0 1741.74 4981.08 78.96 251.19 1662.78 4729.89
ynao_sd_20021214_0110_ye 27 25 2 1 0 471.54 999.96 391.78 855.02 79.76 144.94
ynao_sd_20021215_0140_ye 66 60 6 4 0 848.31 1419.55 550.18 849.28 298.13 570.27
ynao_sd_20021216_0205_li 76 66 10 8 0 1247.37 1785.83 497.52 667.39 749.85 1118.44
ynao_sd_20021217_0440_li 49 40 9 8 0 1378.64 1679.51 419.48 479.82 959.16 1199.69
ynao_sd_20021218_0200_li 69 57 12 6 0 1237.3 1405.37 460.99 520.36 776.31 885.01
ynao_sd_20021219_0210_li 53 43 10 5 0 998.33 1095.51 342.39 369.12 655.94 726.39
ynao_sd_20021220_0310_li 39 31 8 4 0 579.72 653.11 283.57 324.26 296.15 328.85
ynao_sd_20021221_0220_li 43 38 5 4 0 485.52 565.65 271.06 317.8 214.46 247.85
ynao_sd_20021222_0150_ye 22 18 4 3 0 1353.83 1995.38 220.55 301.72 1133.28 1693.66
ynao_sd_20021223_0140_ye 14 12 2 1 0 130.95 186.14 111.42 166.3 19.53 19.84
ynao_sd_20021224_0140_ye 17 16 1 1 0 176.99 348.18 131.88 267.77 45.11 80.41
ynao_sd_20021225_0115_ye 11 10 1 1 0 180.23 353.02 136.66 229.05 43.57 123.97
ynao_sd_20021227_0620_ye 5 4 1 1 0 82.16 110.83 38.74 50.13 43.42 60.7
ynao_sd_20021229_0135_ye 14 13 1 1 0 233.68 273.86 168.09 201.0 65.59 72.86
ynao_sd_20021230_0140_li 6 5 1 1 0 111.56 143.57 42.7 70.0 68.86 73.57
