ynao_sd_20030101_0200_li 2 1 1 1 0 74.18 83.53 26.89 29.06 47.29 54.47
ynao_sd_20030102_0150_li 2 2 0 0 0 41.86 56.24 41.86 56.24 0 0
ynao_sd_20030103_0140_li 4 4 0 0 0 25.38 37.86 25.38 37.86 0 0
ynao_sd_20030104_0130_li 5 4 1 0 0 48.16 125.34 52.74 138.19 4.58 12.85
ynao_sd_20030106_0240_li 12 10 2 1 0 117.45 153.6 65.35 79.5 52.1 74.1
ynao_sd_20030107_0510_ye 10 8 2 1 0 143.34 165.08 75.64 83.88 67.7 81.2
ynao_sd_20030108_0230_ye 9 9 0 0 0 69.46 79.13 69.46 79.13 0 0
ynao_sd_20030109_0110_ye 9 9 0 0 0 76.42 79.69 76.42 79.69 0 0
ynao_sd_20030110_0200_ye 5 5 0 0 0 35.16 36.83 35.16 36.83 0 0
ynao_sd_20030111_0400_ye 12 12 0 0 0 125.98 178.91 125.98 178.91 0 0
ynao_sd_20030112_0230_ye 7 7 0 0 0 69.02 106.07 69.02 106.07 0 0
ynao_sd_20030113_0150_li 3 3 0 0 0 23.22 60.61 23.22 60.61 0 0
ynao_sd_20030114_0135_li 11 11 0 0 0 119.47 228.15 119.47 228.15 0 0
ynao_sd_20030115_0210_li 7 4 3 2 0 2177.92 4259.01 71.85 132.27 2106.07 4126.74
ynao_sd_20030116_0210_li 5 2 3 3 0 2203.86 5699.08 68.15 101.98 2135.71 5597.1
ynao_sd_20030117_0140_li 17 14 3 2 0 295.65 454.68 169.79 255.79 125.86 198.89
ynao_sd_20030118_0130_li 16 15 1 1 0 301.76 347.96 174.19 215.76 127.57 132.2
ynao_sd_20030119_0210_li 24 22 2 1 0 316.81 354.75 196.61 232.15 120.2 122.6
ynao_sd_20030120_0125_ye 34 30 4 3 0 466.19 601.79 285.33 375.52 180.86 226.27
ynao_sd_20030121_0120_ye 28 26 2 1 0 292.35 404.0 217.15 316.94 75.2 87.06
ynao_sd_20030122_0140_ye 26 24 2 2 0 284.42 329.31 201.89 225.72 82.53 103.59
ynao_sd_20030123_0230_ye 13 12 1 2 0 1506.07 2567.06 142.57 193.86 1363.5 2373.2
ynao_sd_20030124_0225_ye 13 10 3 3 0 318.33 426.21 110.08 136.88 208.25 289.33
ynao_sd_20030125_0110_ye 7 5 2 2 0 237.22 262.83 62.25 68.57 174.97 194.26
ynao_sd_20030126_0100_ye 4 2 2 2 0 251.84 309.97 58.08 71.7 193.76 238.27
ynao_sd_20030128_0705_li 14 13 1 1 0 151.71 202.4 88.48 131.86 63.23 70.54
ynao_sd_20030129_0130_li 16 12 4 2 0 177.27 230.42 83.02 115.77 94.25 114.65
ynao_sd_20030130_0240_li 6 5 1 2 0 122.55 182.78 43.02 61.39 79.53 121.39
ynao_sd_20030131_0350_li 3 3 0 0 0 63.91 132.72 63.91 132.72 0 0
ynao_sd_20030201_0120_ye 3 3 0 0 0 59.96 157.59 59.96 157.59 0 0
ynao_sd_20030202_0125_ye 0 0 0 0 0 0 0 0 0 0 0
ynao_sd_20030203_0125_ye 1 1 0 0 0 3.64 12.41 3.64 12.41 0 0
ynao_sd_20030206_0430_li 11 10 1 1 0 186.05 406.95 96.18 206.06 89.87 200.89
ynao_sd_20030207_0430_li 16 16 0 0 0 152.01 259.81 152.01 259.81 0 0
ynao_sd_20030208_0150_li 11 10 1 1 0 118.71 169.72 99.02 138.44 19.69 31.28
ynao_sd_20030209_0200_li 17 15 2 3 0 182.08 222.8 97.4 118.31 84.68 104.49
ynao_sd_20030210_0100_ye 36 36 0 0 0 301.07 332.73 301.07 332.73 0 0
ynao_sd_20030211_0115_ye 32 31 1 1 0 236.8 252.09 216.12 229.44 20.68 22.65
ynao_sd_20030212_0115_ye 28 26 2 1 0 273.07 294.28 240.02 256.79 33.05 37.49
ynao_sd_20030213_0115_ye 12 12 0 0 0 103.69 126.91 103.69 126.91 0 0
ynao_sd_20030215_0115_ye 7 7 0 0 0 105.41 186.43 105.41 186.43 0 0
ynao_sd_20030216_0130_ye 7 7 0 0 0 77.19 208.1 77.19 208.1 0 0
ynao_sd_20030217_0140_li 7 7 0 0 0 55.7 116.23 55.7 116.23 0 0
ynao_sd_20030218_0130_li 7 7 0 0 0 46.56 64.73 46.56 64.73 0 0
ynao_sd_20030219_0130_li 16 15 1 2 0 1639.26 2004.27 139.54 206.8 1499.72 1797.47
ynao_sd_20030220_0125_li 31 23 8 4 0 780.25 1175.32 311.14 590.33 469.11 584.99
ynao_sd_20030221_0120_li 39 29 10 3 0 915.67 1166.44 311.26 480.01 604.41 686.43
ynao_sd_20030222_0120_li 19 9 10 5 0 802.65 878.31 181.11 198.2 621.54 680.11
ynao_sd_20030223_0140_li 18 12 6 4 0 677.32 758.33 174.83 194.64 502.49 563.69
ynao_sd_20030224_0140_ye 30 23 7 4 0 2468.05 3353.06 222.9 269.15 2245.15 3083.91
ynao_sd_20030225_0150_ye 16 12 4 2 0 312.41 440.55 153.47 203.57 158.94 236.98
ynao_sd_20030226_0130_ye 8 5 3 2 0 1395.47 3549.27 102.26 224.91 1293.21 3324.36
ynao_sd_20030227_0130_ye 15 13 2 1 0 149.83 328.87 90.49 187.32 59.34 141.55
ynao_sd_20030228_0130_ye 5 4 1 1 0 161.85 801.91 96.44 393.24 65.41 408.67
ynao_sd_20030301_0130_ye 13 12 1 1 0 454.42 1424.85 161.49 544.6 292.93 880.25
ynao_sd_20030302_0140_ye 10 7 3 4 0 979.6 1970.55 313.13 661.87 666.47 1308.68
ynao_sd_20030303_0120_li 14 12 2 2 0 943.59 1384.13 277.56 428.91 666.03 955.22
ynao_sd_20030304_0120_li 18 16 2 2 0 1145.34 1421.98 324.44 421.36 820.9 1000.62
ynao_sd_20030305_0100_li 33 26 7 3 0 1228.99 1393.08 371.45 445.98 857.54 947.1
ynao_sd_20030306_0055_li 36 33 3 2 0 2188.48 2917.48 361.66 401.87 1826.82 2515.61
ynao_sd_20030307_0100_li 35 33 2 2 0 1136.68 1315.97 379.55 509.68 757.13 806.29
ynao_sd_20030310_0600_ye 19 17 2 2 0 1453.71 2144.92 464.05 661.51 989.66 1483.41
ynao_sd_20030311_0110_ye 18 16 2 2 0 1658.22 2442.78 553.51 811.9 1104.71 1630.88
ynao_sd_20030312_0100_ye 26 24 2 2 0 1704.85 2291.28 537.5 748.55 1167.35 1542.73
ynao_sd_20030313_0255_ye 11 9 2 1 0 1334.24 1387.72 409.4 438.25 924.84 949.47
ynao_sd_20030314_0210_ye 14 12 2 1 0 1381.71 1460.86 336.58 382.93 1045.13 1077.93
ynao_sd_20030315_0050_ye 27 24 3 2 0 1362.44 1518.46 545.36 619.7 817.08 898.76
ynao_sd_20030316_0150_ye 21 19 2 1 0 1211.29 1495.26 433.7 542.37 777.59 952.89
ynao_sd_20030317_0100_li 7 4 3 2 0 887.37 1314.84 159.94 242.39 727.43 1072.45
ynao_sd_20030318_0050_li 7 2 5 2 0 652.94 1285.8 88.78 172.05 564.16 1113.75
ynao_sd_20030319_0150_li 5 3 2 2 0 286.76 933.96 62.78 202.98 223.98 730.98
ynao_sd_20030320_0125_li 3 3 0 0 0 31.3 35.63 31.3 35.63 0 0
ynao_sd_20030321_0050_li 2 2 0 0 0 14.67 26.27 14.67 26.27 0 0
ynao_sd_20030322_0205_li 1 1 0 0 0 5.53 6.02 5.53 6.02 0 0
ynao_sd_20030323_0200_li 1 1 0 0 0 6.83 9.69 6.83 9.69 0 0
ynao_sd_20030324_0110_ye 14 14 0 0 0 114.07 159.32 114.07 159.32 0 0
ynao_sd_20030325_0110_ye 17 17 0 0 0 207.28 586.84 207.28 586.84 0 0
ynao_sd_20030326_0120_ye 33 30 3 2 0 448.99 823.73 322.75 556.76 126.24 266.97
ynao_sd_20030327_0110_ye 48 41 7 6 0 1094.9 1429.89 459.38 607.5 635.52 822.39
ynao_sd_20030328_0115_ye 50 40 10 4 0 1764.29 2493.7 798.72 1393.73 965.57 1099.97
ynao_sd_20030329_0215_ye 58 46 12 5 0 1592.76 2256.78 552.36 734.55 1040.4 1522.23
ynao_sd_20030330_0150_ye 48 38 10 4 0 1803.72 2477.53 620.82 821.79 1182.9 1655.74
ynao_sd_20030331_0050_li 41 31 10 4 0 1515.53 2025.23 410.95 583.69 1104.58 1441.54
ynao_sd_20030401_0120_li 28 17 11 3 0 1208.69 1583.07 234.01 283.64 974.68 1299.43
ynao_sd_20030402_0105_li 19 12 7 3 0 1039.71 1338.76 187.26 219.82 852.45 1118.94
ynao_sd_20030403_0100_ye 26 23 3 1 0 942.95 999.25 272.86 291.7 670.09 707.55
ynao_sd_20030404_0040_li 27 21 6 3 0 1138.82 1901.07 266.52 412.74 872.3 1488.33
ynao_sd_20030405_0050_li 15 9 6 4 0 1213.03 2051.09 188.3 330.52 1024.73 1720.57
ynao_sd_20030406_0130_li 11 5 6 2 0 1159.76 1755.15 166.49 338.61 993.27 1416.54
ynao_sd_20030407_0110_ye 7 4 3 2 0 1292.42 1794.38 334.59 486.08 957.83 1308.3
ynao_sd_20030408_0105_ye 12 10 2 2 0 1286.46 1758.39 349.14 454.49 937.32 1303.9
ynao_sd_20030409_0100_ye 14 13 1 2 0 1016.2 1231.01 247.15 262.69 769.05 968.32
ynao_sd_20030410_0105_ye 18 15 3 2 0 2620.81 2937.11 301.68 315.63 2319.13 2621.48
ynao_sd_20030411_0110_ye 15 14 1 1 0 826.46 889.15 283.74 305.1 542.72 584.05
ynao_sd_20030412_0100_ye 11 10 1 1 0 735.05 874.36 246.72 293.51 488.33 580.85
ynao_sd_20030413_0145_ye 21 20 1 1 0 676.19 943.85 311.54 424.75 364.65 519.1
ynao_sd_20030414_0340_li 9 8 1 1 0 417.45 788.5 81.76 141.57 335.69 646.93
ynao_sd_20030415_0120_li 4 3 1 1 0 230.93 635.82 51.93 121.58 179.0 514.24
ynao_sd_20030416_0035_li 1 1 0 0 0 67.6 364.06 67.6 364.06 0 0
ynao_sd_20030417_0040_li 1 1 0 0 0 6.33 6.92 6.33 6.92 0 0
ynao_sd_20030418_0030_li 3 2 1 1 0 112.82 343.17 30.23 58.56 82.59 284.61
ynao_sd_20030419_0420_li 5 4 1 1 0 163.86 306.98 34.11 44.33 129.75 262.65
ynao_sd_20030420_0130_li 10 7 3 1 0 240.65 354.05 55.28 70.57 185.37 283.48
ynao_sd_20030421_0110_ye 24 22 2 1 0 371.95 471.86 198.1 251.36 173.85 220.5
ynao_sd_20030422_0030_ye 33 28 5 2 0 455.15 578.31 265.18 366.15 189.97 212.16
ynao_sd_20030423_0045_ye 37 34 3 2 0 395.36 492.95 308.61 399.29 86.75 93.66
ynao_sd_20030424_0055_ye 44 43 1 2 0 1459.94 1745.27 344.62 455.34 1115.32 1289.93
ynao_sd_20030425_0050_ye 53 51 2 2 0 521.44 827.77 443.76 726.06 77.68 101.71
ynao_sd_20030426_0020_ye 47 40 7 5 0 2850.97 4299.56 467.91 727.62 2383.06 3571.94
ynao_sd_20030427_0135_ye 29 21 8 3 0 944.26 1195.93 306.28 482.94 637.98 712.99
ynao_sd_20030428_0130_li 15 8 7 3 0 942.9 1029.52 172.07 186.11 770.83 843.41
ynao_sd_20030430_0250_li 14 8 6 4 0 680.88 820.23 149.76 184.02 531.12 636.21
ynao_sd_20030501_0255_ye 11 6 5 4 0 612.18 996.88 213.15 312.6 399.03 684.28
ynao_sd_20030502_0135_ye 13 7 6 6 0 721.53 1306.85 184.46 319.38 537.07 987.47
ynao_sd_20030503_0135_ye 8 5 3 3 0 539.43 948.86 194.22 397.25 345.21 551.61
ynao_sd_20030504_0150_ye 8 6 2 2 0 475.85 772.64 161.7 371.8 314.15 400.84
ynao_sd_20030505_0140_li 4 3 1 1 0 579.23 707.64 166.78 253.49 412.45 454.15
ynao_sd_20030506_0030_li 8 5 3 2 0 2040.01 4339.8 211.95 388.57 1828.06 3951.23
ynao_sd_20030507_0040_li 4 3 1 1 0 516.03 617.16 126.92 220.45 389.11 396.71
ynao_sd_20030508_0035_li 6 5 1 1 0 482.57 512.17 73.54 79.51 409.03 432.66
ynao_sd_20030509_0040_li 5 3 2 1 0 444.13 614.22 92.58 206.73 351.55 407.49
ynao_sd_20030510_0050_li 3 2 1 1 0 321.8 461.96 67.77 118.98 254.03 342.98
ynao_sd_20030511_0210_li 3 2 1 1 0 200.13 352.04 35.82 57.71 164.31 294.33
ynao_sd_20030512_0045_ye 4 2 2 2 0 222.8 416.14 55.29 91.25 167.51 324.89
ynao_sd_20030514_0240_ye 18 16 2 2 0 244.46 259.13 137.97 146.45 106.49 112.68
ynao_sd_20030515_0050_ye 23 21 2 2 0 239.86 258.11 158.17 172.49 81.69 85.62
ynao_sd_20030516_0030_ye 22 22 0 0 0 176.07 202.73 176.07 202.73 0 0
ynao_sd_20030517_0410_ye 16 16 0 0 0 106.64 125.07 106.64 125.07 0 0
ynao_sd_20030521_0050_li 0 0 0 0 0 0 0 0 0 0 0
ynao_sd_20030522_0210_li 1 1 0 0 0 7.12 8.85 7.12 8.85 0 0
ynao_sd_20030523_0030_li 4 4 0 0 0 22.89 45.94 22.89 45.94 0 0
ynao_sd_20030524_0035_li 5 5 0 0 0 28.61 35.77 28.61 35.77 0 0
ynao_sd_20030525_0450_li 0 0 0 0 0 0 0 0 0 0 0
ynao_sd_20030526_0020_ye 3 3 0 0 0 20.22 23.08 20.22 23.08 0 0
ynao_sd_20030527_0020_ye 7 7 0 0 0 51.47 54.44 51.47 54.44 0 0
ynao_sd_20030528_0235_ye 8 7 1 1 0 148.28 479.02 77.5 161.29 70.78 317.73
ynao_sd_20030529_0450_ye 1 0 1 1 0 124.62 272.75 23.67 52.31 100.95 220.44
ynao_sd_20030530_0325_ye 1 0 1 1 0 156.74 248.74 43.24 68.63 113.5 180.11
ynao_sd_20030531_0625_ye 2 1 1 1 0 188.01 233.35 51.82 63.44 136.19 169.91
ynao_sd_20030601_0235_ye 11 10 1 1 0 366.79 481.73 162.84 255.19 203.95 226.54
ynao_sd_20030602_0240_li 17 13 4 2 0 561.49 1011.7 163.56 262.27 397.93 749.43
ynao_sd_20030603_0040_li 18 14 4 2 0 724.83 1205.84 183.0 303.34 541.83 902.5
ynao_sd_20030607_0750_li 56 39 17 7 0 1873.02 2052.52 438.95 486.82 1434.07 1565.7
ynao_sd_20030608_0350_li 51 36 15 6 1 1885.97 2030.94 429.75 464.86 1456.22 1566.08
ynao_sd_20030609_0140_ye 82 64 18 6 0 2532.47 2863.98 889.02 945.17 1643.45 1918.81
ynao_sd_20030610_0750_ye 58 37 21 10 0 2514.2 3048.36 782.06 942.59 1732.14 2105.77
ynao_sd_20030612_0425_ye 42 28 14 6 0 1354.43 2794.15 406.5 783.65 947.93 2010.5
ynao_sd_20030614_0105_ye 13 9 4 4 0 2152.74 4171.71 167.63 361.79 1985.11 3809.92
ynao_sd_20030615_0305_ye 13 12 1 1 0 162.64 473.73 96.23 241.2 66.41 232.53
ynao_sd_20030618_0650_li 17 17 0 0 0 186.02 299.57 186.02 299.57 0 0
ynao_sd_20030619_0300_li 8 8 0 2 0 245.27 428.61 99.54 149.06 145.73 279.55
ynao_sd_20030620_0650_li 13 11 2 2 0 456.1 645.27 115.63 158.44 340.47 486.83
ynao_sd_20030621_0030_li 24 19 5 3 0 511.24 652.08 165.6 217.49 345.64 434.59
ynao_sd_20030622_0450_li 17 10 7 3 0 510.35 593.63 121.48 168.13 388.87 425.5
ynao_sd_20030623_0235_ye 31 26 5 2 0 481.49 642.93 259.06 408.82 222.43 234.11
ynao_sd_20030625_0300_ye 32 23 9 6 0 1589.22 2636.44 276.38 319.21 1312.84 2317.23
ynao_sd_20030627_0830_li 37 32 5 4 0 787.81 1726.67 396.36 906.1 391.45 820.57
ynao_sd_20030701_0400_li 34 29 5 6 0 3479.54 6684.8 549.3 799.94 2930.24 5884.86
ynao_sd_20030702_0740_li 50 43 7 5 0 1665.04 1869.81 506.36 579.97 1158.68 1289.84
ynao_sd_20030703_0420_li 72 66 6 6 0 1858.34 2034.7 630.16 734.9 1228.18 1299.8
ynao_sd_20030704_0330_li 66 52 14 14 0 3058.37 3256.47 657.19 718.36 2401.18 2538.11
ynao_sd_20030709_0220_li 40 33 7 7 0 663.97 1239.31 365.34 640.92 298.63 598.39
ynao_sd_20030710_0120_li 24 24 0 1 0 311.71 694.78 283.68 660.32 28.03 34.46
ynao_sd_20030711_0045_li 11 11 0 0 0 70.87 105.53 70.87 105.53 0 0
ynao_sd_20030714_0300_li 14 11 3 2 0 1382.74 2712.97 132.1 246.1 1250.64 2466.87
ynao_sd_20030715_0045_li 31 24 7 4 0 2171.16 4014.02 261.16 470.47 1910.0 3543.55
ynao_sd_20030716_0140_li 34 26 8 6 0 4159.44 7205.02 336.1 495.3 3823.34 6709.72
ynao_sd_20030717_0030_li 44 37 7 5 0 1583.56 2099.73 386.71 450.22 1196.85 1649.51
ynao_sd_20030718_0025_li 56 54 2 4 0 1884.03 2197.08 423.08 449.06 1460.95 1748.02
ynao_sd_20030719_0140_li 60 56 4 4 0 1805.28 1978.62 439.09 502.6 1366.19 1476.02
ynao_sd_20030722_0240_li 32 25 7 5 0 2048.32 2949.07 273.37 319.33 1774.95 2629.74
ynao_sd_20030723_0605_li 17 10 7 5 0 1435.88 2971.78 221.34 417.08 1214.54 2554.7
ynao_sd_20030724_0040_li 16 14 2 2 0 957.65 2975.01 221.43 467.7 736.22 2507.31
ynao_sd_20030728_0605_li 12 11 1 1 0 194.56 225.73 134.86 155.89 59.7 69.84
ynao_sd_20030729_0440_li 9 5 4 3 0 427.44 527.42 122.32 156.8 305.12 370.62
ynao_sd_20030730_0035_li 7 5 2 3 0 379.4 518.47 113.77 175.57 265.63 342.9
ynao_sd_20030731_0640_li 8 6 2 1 0 264.61 396.16 122.26 252.22 142.35 143.94
ynao_sd_20030801_0040_li 4 3 1 1 0 203.26 291.03 61.04 142.0 142.22 149.03
ynao_sd_20030802_0100_li 4 3 1 1 0 142.33 166.16 29.5 36.21 112.83 129.95
ynao_sd_20030803_0150_li 9 8 1 1 0 133.84 166.33 51.56 54.28 82.28 112.05
ynao_sd_20030804_0055_li 18 15 3 2 0 255.76 312.63 133.28 146.36 122.48 166.27
ynao_sd_20030805_0040_li 14 13 1 2 0 1536.38 3595.86 122.78 197.88 1413.6 3397.98
ynao_sd_20030806_0030_li 11 10 1 1 0 119.41 201.79 80.85 145.06 38.56 56.73
ynao_sd_20030807_0120_li 6 6 0 0 0 66.75 112.81 66.75 112.81 0 0
ynao_sd_20030808_0045_li 2 2 0 0 0 25.06 73.0 25.06 73.0 0 0
ynao_sd_20030810_0140_li 0 0 0 0 0 0 0 0 0 0 0
ynao_sd_20030811_0210_li 2 2 0 0 0 12.9 20.16 12.9 20.16 0 0
ynao_sd_20030812_0430_li 2 2 0 0 0 9.55 32.51 9.55 32.51 0 0
ynao_sd_20030813_0200_li 1 1 0 0 0 3.87 6.12 3.87 6.12 0 0
ynao_sd_20030814_0215_li 2 2 0 0 0 14.07 22.0 14.07 22.0 0 0
ynao_sd_20030815_0230_li 1 1 0 0 0 6.55 10.91 6.55 10.91 0 0
ynao_sd_20030818_0320_li 10 9 1 0 0 120.53 303.6 140.98 361.38 20.45 57.78
ynao_sd_20030819_0825_li 10 10 0 2 0 221.38 389.77 83.44 167.92 137.94 221.85
ynao_sd_20030820_0130_li 24 21 3 3 0 1413.79 3576.01 177.87 243.74 1235.92 3332.27
ynao_sd_20030821_0120_li 32 30 2 1 0 303.65 371.4 219.12 271.89 84.53 99.51
ynao_sd_20030822_0100_li 38 34 4 2 0 441.68 474.49 260.08 284.86 181.6 189.63
ynao_sd_20030823_0545_li 33 33 0 0 0 385.75 406.2 385.75 406.2 0 0
ynao_sd_20030824_0145_li 68 63 5 4 0 725.06 763.42 499.74 533.36 225.32 230.06
ynao_sd_20030825_0030_li 65 63 2 2 0 1577.44 2126.26 502.79 585.48 1074.65 1540.78
ynao_sd_20030826_0115_li 56 54 2 2 0 464.38 539.06 355.33 404.88 109.05 134.18
ynao_sd_20030827_0120_li 57 55 2 1 0 445.33 510.77 391.91 452.87 53.42 57.9
ynao_sd_20030829_0710_li 25 24 1 1 0 248.96 283.59 206.69 240.93 42.27 42.66
ynao_sd_20030831_0550_li 24 23 1 0 0 168.78 183.19 178.19 192.81 9.41 9.62
ynao_sd_20030903_0045_li 9 9 0 0 0 55.29 67.05 55.29 67.05 0 0
ynao_sd_20030905_0830_li 0 0 0 0 0 0 0 0 0 0 0
ynao_sd_20030906_0115_li 0 0 0 0 0 0 0 0 0 0 0
ynao_sd_20030908_0055_li 2 2 0 0 0 21.99 41.28 21.99 41.28 0 0
ynao_sd_20030909_0030_li 1 1 0 0 0 4.45 6.31 4.45 6.31 0 0
ynao_sd_20030911_0250_li 1 1 0 0 0 9.67 10.21 9.67 10.21 0 0
ynao_sd_20030912_0650_li 1 1 0 0 0 5.84 13.12 5.84 13.12 0 0
ynao_sd_20030913_0240_li 2 2 0 0 0 12.47 27.25 12.47 27.25 0 0
ynao_sd_20030915_0050_li 5 5 0 0 0 25.05 26.64 25.05 26.64 0 0
ynao_sd_20030916_0530_li 5 3 2 2 0 1450.73 4445.95 49.87 111.52 1400.86 4334.43
ynao_sd_20030917_0035_li 15 14 1 2 0 2584.9 5282.23 142.9 206.16 2442.0 5076.07
ynao_sd_20030918_0500_li 11 8 3 3 0 2562.22 3789.51 178.96 315.4 2383.26 3474.11
ynao_sd_20030919_0240_li 13 11 2 3 0 1215.5 1801.09 218.29 362.65 997.21 1438.44
ynao_sd_20030920_0140_li 9 5 4 3 0 1505.53 2073.07 96.89 398.71 1408.64 1674.36
ynao_sd_20030923_0040_li 24 16 8 6 0 2059.48 2531.91 250.29 353.79 1809.19 2178.12
ynao_sd_20030924_0050_li 31 22 9 4 0 1175.48 1373.38 302.57 360.25 872.91 1013.13
ynao_sd_20030925_0100_li 55 40 15 9 0 1484.49 1583.14 439.31 467.03 1045.18 1116.11
ynao_sd_20030926_0045_li 58 45 13 7 0 1291.48 1317.91 412.39 419.63 879.09 898.28
ynao_sd_20030927_0210_li 53 44 9 5 0 1443.44 1488.79 628.34 641.45 815.1 847.34
ynao_sd_20030929_0330_li 28 22 6 5 0 1194.12 1453.96 414.39 517.89 779.73 936.07
ynao_sd_20030930_0310_li 27 22 5 4 0 933.25 1492.3 366.57 698.92 566.68 793.38
ynao_sd_20031001_0410_li 11 9 2 3 0 530.08 1035.6 177.0 378.17 353.08 657.43
ynao_sd_20031002_0405_li 6 4 2 1 0 184.0 518.94 53.0 192.21 131.0 326.73
ynao_sd_20031003_0205_li 2 2 0 0 0 86.17 341.79 86.17 341.79 0 0
ynao_sd_20031004_0135_li 0 0 0 0 0 0 0 0 0 0 0
ynao_sd_20031005_0200_li 1 1 0 0 0 5.96 9.34 5.96 9.34 0 0
ynao_sd_20031007_0410_li 3 3 0 0 0 16.65 50.03 16.65 50.03 0 0
ynao_sd_20031008_0040_li 2 2 0 0 0 10.8 19.21 10.8 19.21 0 0
ynao_sd_20031009_0055_li 10 10 0 0 0 111.53 130.35 111.53 130.35 0 0
ynao_sd_20031010_0220_li 3 3 0 0 0 24.44 62.84 24.44 62.84 0 0
ynao_sd_20031011_0250_li 10 10 0 1 0 1198.67 1236.39 72.3 103.41 1126.37 1132.98
ynao_sd_20031013_0240_li 1 1 0 0 0 7.8 10.1 7.8 10.1 0 0
ynao_sd_20031017_0250_li 6 6 0 0 0 40.99 134.99 40.99 134.99 0 0
ynao_sd_20031018_0250_li 8 5 3 2 0 1982.02 2724.96 115.25 346.44 1866.77 2378.52
ynao_sd_20031021_0450_li 30 8 22 1 0 3186.66 3891.16 521.68 634.1 2664.98 3257.06
ynao_sd_20031022_0130_li 50 14 36 2 0 5230.25 5591.03 654.12 711.87 4576.13 4879.16
ynao_sd_20031023_0240_li 26 7 19 2 0 4239.12 4305.48 453.82 466.64 3785.3 3838.84
ynao_sd_20031024_0220_li 58 28 30 3 0 4163.0 4184.53 706.78 724.08 3456.22 3460.45
ynao_sd_20031025_0350_li 46 16 30 3 0 3897.89 4340.26 670.21 774.97 3227.68 3565.29
ynao_sd_20031027_0340_li 45 33 12 5 1 2772.14 3808.39 593.36 760.07 2178.78 3048.32
ynao_sd_20031028_0730_li 42 27 15 8 0 3170.52 4351.28 702.54 1013.24 2467.98 3338.04
ynao_sd_20031029_0210_li 51 31 20 6 0 4212.55 5466.38 1029.1 1381.93 3183.45 4084.45
ynao_sd_20031031_0100_li 65 34 31 10 0 3741.73 4323.15 815.05 929.33 2926.68 3393.82
ynao_sd_20031102_0140_li 29 17 12 4 0 2281.98 3933.17 435.79 700.19 1846.19 3232.98
ynao_sd_20031103_0440_li 20 13 7 2 0 1201.2 3149.63 233.24 539.73 967.96 2609.9
ynao_sd_20031104_0100_li 8 8 0 1 0 257.67 946.11 57.28 91.84 200.39 854.27
ynao_sd_20031105_0120_li 4 4 0 0 0 22.63 33.16 22.63 33.16 0 0
ynao_sd_20031106_0100_li 1 1 0 0 0 6.66 7.08 6.66 7.08 0 0
ynao_sd_20031107_0120_li 1 1 0 0 0 7.79 8.14 7.79 8.14 0 0
ynao_sd_20031108_0100_li 1 1 0 0 0 5.17 7.42 5.17 7.42 0 0
ynao_sd_20031109_0145_li 0 0 0 0 0 0 0 0 0 0 0
ynao_sd_20031111_0040_li 0 0 0 0 0 0 0 0 0 0 0
ynao_sd_20031112_0700_li 1 1 0 0 0 8.68 27.78 8.68 27.78 0 0
ynao_sd_20031113_0220_li 4 3 1 0 0 23.16 93.68 29.86 137.85 6.7 44.17
ynao_sd_20031114_0100_li 6 6 0 2 0 1362.99 2573.54 111.98 326.52 1251.01 2247.02
ynao_sd_20031116_0140_li 17 12 5 2 0 601.56 854.09 164.17 226.21 437.39 627.88
ynao_sd_20031117_0230_li 19 13 6 3 0 682.74 806.87 190.7 223.74 492.04 583.13
ynao_sd_20031118_0100_li 18 10 8 3 0 896.67 958.17 202.34 219.64 694.33 738.53
ynao_sd_20031119_0113_li 23 12 11 4 0 1427.11 2626.38 308.69 613.27 1118.42 2013.11
ynao_sd_20031120_0050_li 19 7 12 5 0 2522.57 3504.63 264.04 379.17 2258.53 3125.46
ynao_sd_20031121_0140_li 22 10 12 4 0 1784.26 2367.03 328.01 437.16 1456.25 1929.87
ynao_sd_20031123_0440_li 27 14 13 3 0 2400.37 2692.91 427.57 489.48 1972.8 2203.43
ynao_sd_20031124_0120_li 27 17 10 3 0 2146.67 2351.37 411.46 470.14 1735.21 1881.23
ynao_sd_20031125_0250_li 36 26 10 2 0 1650.75 1856.59 399.7 589.97 1251.05 1266.62
ynao_sd_20031126_0130_li 32 23 9 3 0 1307.37 1386.92 297.52 316.52 1009.85 1070.4
ynao_sd_20031128_0055_li 19 12 7 3 0 794.57 1126.83 151.44 206.98 643.13 919.85
ynao_sd_20031130_0150_li 9 7 2 2 0 310.18 598.54 142.21 315.85 167.97 282.69
ynao_sd_20031201_0120_li 4 3 1 1 0 172.34 352.21 61.77 234.71 110.57 117.5
ynao_sd_20031202_0100_li 2 1 1 1 0 1473.4 1503.78 138.16 141.04 1335.24 1362.74
ynao_sd_20031203_0130_li 2 1 1 1 0 128.56 136.06 31.29 36.01 97.27 100.05
ynao_sd_20031204_0100_li 1 0 1 1 0 90.46 98.9 11.29 12.34 79.17 86.56
ynao_sd_20031205_0230_li 1 0 1 1 0 71.93 89.26 10.12 12.55 61.81 76.71
ynao_sd_20031206_0055_li 3 2 1 1 0 67.95 104.81 19.65 31.73 48.3 73.08
ynao_sd_20031208_0140_li 1 1 0 0 0 36.47 121.86 36.47 121.86 0 0
ynao_sd_20031209_0305_li 1 1 0 0 0 5.61 5.74 5.61 5.74 0 0
ynao_sd_20031211_0710_li 2 1 1 1 0 90.7 251.48 23.57 73.46 67.13 178.02
ynao_sd_20031212_0130_li 2 1 1 1 0 1929.32 3573.62 234.57 437.1 1694.75 3136.52
ynao_sd_20031213_0410_li 5 4 1 1 0 219.3 301.39 60.29 81.13 159.01 220.26
ynao_sd_20031215_0700_li 8 7 1 1 0 294.73 361.29 108.65 167.09 186.08 194.2
ynao_sd_20031217_0150_li 12 10 2 3 0 3255.12 6183.58 150.19 194.91 3104.93 5988.67
ynao_sd_20031220_0120_li 19 15 4 3 0 1432.4 4892.13 200.8 424.93 1231.6 4467.2
ynao_sd_20031221_0340_li 39 32 7 5 0 2040.03 2365.54 309.86 399.9 1730.17 1965.64
ynao_sd_20031222_0130_li 52 43 9 8 0 2441.6 2755.39 543.47 725.29 1898.13 2030.1
ynao_sd_20031223_0055_li 48 41 7 6 0 1987.18 2213.44 535.74 643.18 1451.44 1570.26
ynao_sd_20031224_0130_li 42 31 11 6 0 1339.91 1391.38 400.83 421.88 939.08 969.5
ynao_sd_20031225_0120_li 37 24 13 5 0 1595.76 1650.86 350.11 368.83 1245.65 1282.03
ynao_sd_20031226_0200_li 33 22 11 4 0 1465.68 1609.55 351.64 412.46 1114.04 1197.09
ynao_sd_20031227_0205_li 21 14 7 3 0 1201.61 1418.4 189.8 224.87 1011.81 1193.53
ynao_sd_20031228_0220_li 14 7 7 3 0 789.65 1128.52 175.92 243.13 613.73 885.39
ynao_sd_20031229_0105_li 11 7 4 3 0 1724.67 2875.4 138.74 259.18 1585.93 2616.22
ynao_sd_20031230_0130_li 7 5 2 2 0 253.66 696.15 90.09 245.6 163.57 450.55
ynao_sd_20031231_0120_li 2 2 0 1 0 1763.56 5522.0 61.64 205.44 1701.92 5316.56
