ynao_sd_20040101_0210_li 2 2 0 0 0 12.69 15.67 12.69 15.67 0 0
ynao_sd_20040102_0200_ye 0 0 0 0 0 0 0 0 0 0 0
ynao_sd_20040103_0145_ye 0 0 0 0 0 0 0 0 0 0 0
ynao_sd_20040104_0115_ye 1 1 0 0 0 5.11 33.1 5.11 33.1 0 0
ynao_sd_20040105_0130_ye 0 0 0 0 0 0 0 0 0 0 0
ynao_sd_20040106_0140_ye 2 2 0 0 0 12.84 14.91 12.84 14.91 0 0
ynao_sd_20040107_0130_ye 3 3 0 0 0 74.11 260.22 74.11 260.22 0 0
ynao_sd_20040108_0135_li 7 6 1 2 0 240.5 495.09 136.78 273.48 103.72 221.61
ynao_sd_20040109_0420_li 12 9 3 1 0 394.68 583.87 188.39 277.35 206.29 306.52
ynao_sd_20040110_0130_li 14 9 5 2 0 387.44 471.48 112.69 137.01 274.75 334.47
ynao_sd_20040111_0130_ye 14 10 4 3 0 385.82 416.6 132.67 143.35 253.15 273.25
ynao_sd_20040112_0130_ye 14 9 5 2 0 517.4 526.91 127.21 129.84 390.19 397.07
ynao_sd_20040113_0130_ye 10 6 4 3 0 473.73 478.81 119.96 121.19 353.77 357.62
ynao_sd_20040114_0150_ye 10 7 3 2 0 466.93 512.22 124.01 149.59 342.92 362.63
ynao_sd_20040115_0230_li 9 5 4 1 0 345.09 404.98 75.53 88.76 269.56 316.22
ynao_sd_20040116_0130_li 11 6 5 1 0 217.12 335.86 91.71 164.52 125.41 171.34
ynao_sd_20040117_0140_li 10 8 2 1 0 122.37 217.22 65.05 116.5 57.32 100.72
ynao_sd_20040118_0130_li 4 3 1 1 0 78.42 191.9 46.72 106.12 31.7 85.78
ynao_sd_20040119_0150_li 6 6 0 1 0 991.64 3752.93 61.3 73.36 930.34 3679.57
ynao_sd_20040120_0130_li 28 22 6 5 0 457.83 498.39 218.75 243.19 239.08 255.2
ynao_sd_20040122_0120_ye 25 19 6 4 0 440.56 464.06 220.77 234.19 219.79 229.87
ynao_sd_20040126_0130_ye 2 2 0 0 0 16.41 43.94 16.41 43.94 0 0
ynao_sd_20040128_0125_ye 0 0 0 0 0 0 0 0 0 0 0
ynao_sd_20040129_0130_li 0 0 0 0 0 0 0 0 0 0 0
ynao_sd_20040130_0200_li 0 0 0 0 0 0 0 0 0 0 0
ynao_sd_20040131_0130_li 2 2 0 0 0 26.25 90.76 26.25 90.76 0 0
ynao_sd_20040201_0140_li 10 9 1 1 0 129.62 293.58 99.92 226.13 29.7 67.45
ynao_sd_20040202_0130_ye 30 27 3 2 0 307.2 552.33 227.85 387.52 79.35 164.81
ynao_sd_20040203_0130_ye 22 18 4 2 0 394.52 569.54 191.71 277.16 202.81 292.38
ynao_sd_20040205_0730_li 11 10 1 2 0 165.28 179.59 76.84 83.49 88.44 96.1
ynao_sd_20040208_0700_ye 12 12 0 1 0 160.51 209.08 135.83 178.05 24.68 31.03
ynao_sd_20040209_0415_ye 16 16 0 0 0 144.19 185.68 144.19 185.68 0 0
ynao_sd_20040210_0135_ye 7 7 0 0 0 61.69 99.18 61.69 99.18 0 0
ynao_sd_20040211_0130_ye 16 15 1 1 0 889.84 1106.34 121.63 186.67 768.21 919.67
ynao_sd_20040213_0150_li 12 12 0 0 0 73.42 80.03 73.42 80.03 0 0
ynao_sd_20040214_0420_li 10 10 0 0 0 66.9 134.31 66.9 134.31 0 0
ynao_sd_20040215_0135_ye 17 17 0 0 0 167.26 222.48 167.26 222.48 0 0
ynao_sd_20040216_0125_ye 5 5 0 0 0 69.67 125.52 69.67 125.52 0 0
ynao_sd_20040217_0140_ye 9 9 0 0 0 61.92 119.81 61.92 119.81 0 0
ynao_sd_20040218_0250_ye 0 0 0 0 0 0 0 0 0 0 0
ynao_sd_20040219_0130_li 1 1 0 0 0 19.17 20.91 19.17 20.91 0 0
ynao_sd_20040220_0140_ye 2 1 1 1 0 1418.23 1455.28 31.19 35.02 1387.04 1420.26
ynao_sd_20040222_0100_ye 14 14 0 0 0 194.37 255.37 194.37 255.37 0 0
ynao_sd_20040223_0145_ye 21 19 2 2 0 628.85 720.81 268.31 312.7 360.54 408.11
ynao_sd_20040224_0135_ye 28 23 5 2 0 833.96 903.56 346.06 376.45 487.9 527.11
ynao_sd_20040225_0140_ye 45 33 12 4 0 1262.31 1355.12 406.27 436.17 856.04 918.95
ynao_sd_20040226_0130_li 26 17 9 6 0 1270.7 1413.33 290.39 322.92 980.31 1090.41
ynao_sd_20040227_0130_li 20 9 11 2 0 1891.65 2296.53 277.2 337.81 1614.45 1958.72
ynao_sd_20040229_0215_ye 18 6 12 5 0 807.04 1526.25 177.44 330.37 629.6 1195.88
ynao_sd_20040301_0115_ye 13 8 5 3 0 286.78 786.55 133.83 346.67 152.95 439.88
ynao_sd_20040302_0030_ye 5 5 0 0 0 46.56 193.54 46.56 193.54 0 0
ynao_sd_20040304_0320_li 0 0 0 0 0 0 0 0 0 0 0
ynao_sd_20040305_0120_li 1 1 0 0 0 51.91 62.8 51.91 62.8 0 0
ynao_sd_20040309_0135_ye 0 0 0 0 0 0 0 0 0 0 0
ynao_sd_20040312_0125_li 6 6 0 0 0 37.22 48.95 37.22 48.95 0 0
ynao_sd_20040313_0220_li 8 5 3 1 0 162.22 180.62 56.51 62.69 105.71 117.93
ynao_sd_20040314_0145_ye 10 9 1 1 0 193.85 290.36 114.56 195.73 79.29 94.63
ynao_sd_20040315_0200_ye 10 9 1 1 0 185.22 246.95 97.84 128.98 87.38 117.97
ynao_sd_20040316_0125_ye 6 5 1 1 0 80.35 126.39 38.47 58.15 41.88 68.24
ynao_sd_20040317_0145_ye 4 4 0 0 0 78.2 242.03 78.2 242.03 0 0
ynao_sd_20040318_0120_li 0 0 0 0 0 0 0 0 0 0 0
ynao_sd_20040319_0140_li 3 0 3 1 0 1386.67 4758.11 33.59 114.71 1353.08 4643.4
ynao_sd_20040320_0120_li 9 9 0 1 0 112.99 228.12 76.08 144.71 36.91 83.41
ynao_sd_20040321_0145_ye 12 8 4 3 0 253.2 381.27 105.41 159.18 147.79 222.09
ynao_sd_20040322_0200_ye 22 21 1 1 0 249.84 308.46 177.07 222.46 72.77 86.0
ynao_sd_20040323_0100_ye 22 17 5 3 0 336.0 381.25 176.55 201.46 159.45 179.79
ynao_sd_20040324_0100_ye 27 22 5 4 0 395.83 426.81 216.59 232.18 179.24 194.63
ynao_sd_20040325_0115_li 27 23 4 2 0 358.94 514.84 209.63 350.76 149.31 164.08
ynao_sd_20040326_0055_li 30 24 6 3 0 567.78 1155.65 286.3 570.91 281.48 584.74
ynao_sd_20040327_0040_li 35 32 3 3 0 659.14 1102.49 252.93 398.95 406.21 703.54
ynao_sd_20040328_0150_ye 38 36 2 2 0 757.65 1118.77 407.79 632.66 349.86 486.11
ynao_sd_20040329_0055_ye 25 23 2 3 0 825.33 1010.69 319.82 409.19 505.51 601.5
ynao_sd_20040330_0055_ye 33 32 1 1 0 743.66 850.43 367.46 443.61 376.2 406.82
ynao_sd_20040331_0300_ye 26 24 2 1 0 671.34 713.51 264.25 281.29 407.09 432.22
ynao_sd_20040401_0140_li 24 21 3 1 0 478.41 528.54 195.1 216.5 283.31 312.04
ynao_sd_20040402_0640_li 12 11 1 1 0 355.38 434.23 111.81 134.55 243.57 299.68
ynao_sd_20040403_0150_li 2 1 1 1 0 228.96 318.81 43.08 58.77 185.88 260.04
ynao_sd_20040404_0212_ye 2 1 1 1 0 1511.49 2714.11 37.22 64.12 1474.27 2649.99
ynao_sd_20040405_0055_ye 5 4 1 1 0 129.77 300.16 47.75 98.41 82.02 201.75
ynao_sd_20040406_0035_ye 4 4 0 0 0 72.99 251.85 72.99 251.85 0 0
ynao_sd_20040407_0707_ye 1 1 0 0 0 6.05 6.13 6.05 6.13 0 0
ynao_sd_20040410_0120_li 0 0 0 0 0 0 0 0 0 0 0
ynao_sd_20040411_0145_ye 1 1 0 0 0 10.3 10.92 10.3 10.92 0 0
ynao_sd_20040412_0130_ye 0 0 0 0 0 0 0 0 0 0 0
ynao_sd_20040413_0130_ye 1 1 0 0 0 8.52 10.56 8.52 10.56 0 0
ynao_sd_20040414_0305_ye 2 2 0 0 0 21.27 72.38 21.27 72.38 0 0
ynao_sd_20040417_0305_ye 3 2 1 1 0 1497.96 1981.62 36.42 48.13 1461.54 1933.49
ynao_sd_20040419_0030_ye 6 6 0 0 0 66.63 70.72 66.63 70.72 0 0
ynao_sd_20040420_0035_ye 4 3 1 1 0 1003.03 1042.95 42.46 46.58 960.57 996.37
ynao_sd_20040421_0025_ye 0 0 0 0 0 0 0 0 0 0 0
ynao_sd_20040422_0120_li 4 4 0 0 0 26.98 40.68 26.98 40.68 0 0
ynao_sd_20040423_0050_li 1 1 0 0 0 13.51 19.01 13.51 19.01 0 0
ynao_sd_20040424_0130_li 3 3 0 0 0 22.33 36.11 22.33 36.11 0 0
ynao_sd_20040425_0050_ye 12 11 1 2 0 155.73 210.47 85.88 116.98 69.85 93.49
ynao_sd_20040426_0020_ye 12 10 2 1 0 258.92 303.08 130.88 154.95 128.04 148.13
ynao_sd_20040427_0205_ye 14 12 2 1 0 225.85 251.28 115.76 133.16 110.09 118.12
ynao_sd_20040428_0030_ye 11 10 1 1 0 148.8 170.41 90.02 107.98 58.78 62.43
ynao_sd_20040429_0040_li 3 1 2 1 0 150.04 171.96 37.32 47.8 112.72 124.16
ynao_sd_20040430_0030_li 5 4 1 1 0 70.03 92.91 35.16 50.9 34.87 42.01
ynao_sd_20040501_0150_li 4 4 0 0 0 29.05 43.05 29.05 43.05 0 0
ynao_sd_20040502_0150_li 2 2 0 1 0 845.14 1528.68 11.05 16.81 834.09 1511.87
ynao_sd_20040503_0130_ye 0 0 0 0 0 0 0 0 0 0 0
ynao_sd_20040504_0520_ye 1 1 0 0 0 7.5 12.0 7.5 12.0 0 0
ynao_sd_20040506_0610_ye 0 0 0 0 0 0 0 0 0 0 0
ynao_sd_20040507_0035_ye 1 1 0 0 0 6.05 6.86 6.05 6.86 0 0
ynao_sd_20040508_0055_li 0 0 0 0 0 0 0 0 0 0 0
ynao_sd_20040509_0030_li 0 0 0 0 0 0 0 0 0 0 0
ynao_sd_20040510_0045_li 0 0 0 0 0 0 0 0 0 0 0
ynao_sd_20040511_0040_ye 0 0 0 0 0 0 0 0 0 0 0
ynao_sd_20040512_0020_ye 0 0 0 0 0 0 0 0 0 0 0
ynao_sd_20040513_0050_li 0 0 0 0 0 0 0 0 0 0 0
ynao_sd_20040514_0810_li 10 10 0 0 0 64.65 66.54 64.65 66.54 0 0
ynao_sd_20040515_0250_li 10 10 0 0 0 54.15 59.75 54.15 59.75 0 0
ynao_sd_20040521_0050_li 5 2 3 1 0 159.43 171.06 36.8 39.58 122.63 131.48
ynao_sd_20040522_0115_ye 3 0 3 1 0 139.5 147.16 20.13 21.23 119.37 125.93
ynao_sd_20040523_0205_ye 7 4 3 1 0 194.01 220.97 53.66 67.66 140.35 153.31
ynao_sd_20040524_0410_ye 4 2 2 1 0 105.72 127.1 28.73 34.57 76.99 92.53
ynao_sd_20040525_0350_ye 1 0 1 1 0 93.36 129.83 25.68 35.69 67.68 94.14
ynao_sd_20040526_0050_ye 3 2 1 1 0 1503.63 2545.15 162.21 273.83 1341.42 2271.32
ynao_sd_20040527_0120_li 1 1 0 0 0 38.77 96.23 38.77 96.23 0 0
ynao_sd_20040528_0040_li 1 1 0 0 0 25.98 102.22 25.98 102.22 0 0
ynao_sd_20040529_0200_li 2 2 0 0 0 10.03 11.69 10.03 11.69 0 0
ynao_sd_20040530_0050_ye 0 0 0 0 0 0 0 0 0 0 0
ynao_sd_20040601_0040_ye 0 0 0 0 0 0 0 0 0 0 0
ynao_sd_20040602_0220_ye 5 5 0 0 0 45.31 53.08 45.31 53.08 0 0
ynao_sd_20040603_0240_li 0 0 0 0 0 0 0 0 0 0 0
ynao_sd_20040604_0150_li 0 0 0 0 0 0 0 0 0 0 0
ynao_sd_20040605_0140_li 4 4 0 0 0 28.03 31.26 28.03 31.26 0 0
ynao_sd_20040608_0744_li 2 2 0 0 0 15.26 16.65 15.26 16.65 0 0
ynao_sd_20040609_0440_li 1 1 0 0 0 7.28 7.57 7.28 7.57 0 0
ynao_sd_20040611_0840_li 0 0 0 0 0 0 0 0 0 0 0
ynao_sd_20040612_0150_li 1 1 0 0 0 5.83 6.3 5.83 6.3 0 0
ynao_sd_20040613_0230_ye 2 2 0 0 0 25.0 75.14 25.0 75.14 0 0
ynao_sd_20040614_0130_ye 8 7 1 1 0 199.99 684.42 123.33 358.74 76.66 325.68
ynao_sd_20040615_0140_ye 11 8 3 2 0 421.43 786.45 128.31 236.56 293.12 549.89
ynao_sd_20040616_0025_ye 15 10 5 4 0 657.51 953.25 202.05 285.84 455.46 667.41
ynao_sd_20040617_0140_ye 15 6 9 3 0 734.99 863.48 108.31 125.34 626.68 738.14
ynao_sd_20040618_0550_ye 23 16 7 2 0 746.28 782.46 184.75 193.62 561.53 588.84
ynao_sd_20040620_0745_ye 62 47 15 6 0 2318.16 2427.97 774.91 821.0 1543.25 1606.97
ynao_sd_20040622_0445_ye 14 13 1 1 0 625.69 806.37 212.11 265.92 413.58 540.45
ynao_sd_20040623_0020_ye 7 6 1 1 0 413.62 643.05 111.13 169.57 302.49 473.48
ynao_sd_20040624_0025_ye 15 14 1 1 0 360.18 726.56 200.53 370.78 159.65 355.78
ynao_sd_20040625_0625_ye 11 10 1 1 0 149.82 485.23 82.53 186.66 67.29 298.57
ynao_sd_20040626_0245_ye 14 14 0 0 0 120.78 132.48 120.78 132.48 0 0
ynao_sd_20040627_0130_ye 10 10 0 0 0 80.26 80.92 80.26 80.92 0 0
ynao_sd_20040628_0100_ye 9 8 1 1 0 108.14 198.82 73.89 106.67 34.25 92.15
ynao_sd_20040629_0030_ye 15 14 1 1 0 187.32 300.84 115.1 176.54 72.22 124.3
ynao_sd_20040630_0025_ye 10 8 2 1 0 196.61 268.16 90.86 127.89 105.75 140.27
ynao_sd_20040701_0040_li 6 4 2 1 0 179.83 207.85 42.98 52.4 136.85 155.45
ynao_sd_20040702_0050_li 4 2 2 1 0 187.99 200.43 46.16 53.46 141.83 146.97
ynao_sd_20040704_0200_li 9 8 1 1 0 110.89 119.1 69.11 76.23 41.78 42.87
ynao_sd_20040705_0700_li 4 4 0 0 0 52.16 58.48 52.16 58.48 0 0
ynao_sd_20040706_0040_ye 5 5 0 0 0 34.33 52.07 34.33 52.07 0 0
ynao_sd_20040711_0555_ye 10 10 0 1 0 235.75 461.78 158.65 278.33 77.1 183.45
ynao_sd_20040712_0050_ye 13 11 2 1 0 248.53 376.99 135.89 177.26 112.64 199.73
ynao_sd_20040713_0240_ye 35 33 2 1 0 417.35 547.24 287.76 373.7 129.59 173.54
ynao_sd_20040714_0410_ye 28 26 2 2 0 525.46 730.71 295.7 441.17 229.76 289.54
ynao_sd_20040715_0430_li 17 15 2 1 0 416.52 588.93 158.15 320.32 258.37 268.61
ynao_sd_20040716_0255_li 5 3 2 1 0 285.23 288.25 55.33 56.09 229.9 232.16
ynao_sd_20040717_0255_li 12 8 4 2 0 666.22 1801.27 166.21 461.35 500.01 1339.92
ynao_sd_20040719_0040_ye 31 16 15 4 0 2481.33 4210.25 448.33 801.49 2033.0 3408.76
ynao_sd_20040720_0355_ye 39 23 16 5 0 3212.51 4258.03 586.47 784.18 2626.04 3473.85
ynao_sd_20040721_0155_ye 35 16 19 9 0 3500.01 4031.0 695.03 803.56 2804.98 3227.44
ynao_sd_20040722_0620_li 59 33 26 7 0 3057.8 3298.26 893.39 1057.85 2164.41 2240.41
ynao_sd_20040723_0120_li 81 58 23 8 0 3751.02 3783.31 887.69 903.95 2863.33 2879.36
ynao_sd_20040724_0610_li 57 38 19 12 0 3214.36 3304.0 721.97 742.47 2492.39 2561.53
ynao_sd_20040725_0120_li 65 53 12 12 0 2829.93 3073.98 815.4 882.91 2014.53 2191.07
ynao_sd_20040726_0200_ye 69 57 12 6 0 2356.6 2952.58 814.84 1029.0 1541.76 1923.58
ynao_sd_20040727_0300_ye 50 42 8 6 0 1672.47 2513.3 629.42 926.27 1043.05 1587.03
ynao_sd_20040728_0130_ye 23 17 6 6 0 958.64 1816.92 341.55 623.88 617.09 1193.04
ynao_sd_20040729_0055_li 9 3 6 4 0 388.66 886.94 74.75 159.44 313.91 727.5
ynao_sd_20040730_0120_li 9 6 3 2 0 193.94 194.96 53.53 53.71 140.41 141.25
ynao_sd_20040801_0330_ye 15 14 1 1 0 192.59 224.85 125.65 143.89 66.94 80.96
ynao_sd_20040802_0140_ye 3 2 1 1 0 70.17 98.92 18.43 24.08 51.74 74.84
ynao_sd_20040803_0225_ye 4 4 0 0 0 52.48 94.41 52.48 94.41 0 0
ynao_sd_20040805_0205_ye 2 2 0 0 0 9.98 28.88 9.98 28.88 0 0
ynao_sd_20040806_0115_ye 2 2 0 0 0 11.64 16.71 11.64 16.71 0 0
ynao_sd_20040808_0235_ye 3 3 0 0 0 57.07 104.6 57.07 104.6 0 0
ynao_sd_20040809_0055_ye 4 4 0 0 0 85.4 243.11 85.4 243.11 0 0
ynao_sd_20040810_0650_ye 4 2 2 1 0 123.99 205.59 124.94 265.5 0.95 59.91
ynao_sd_20040811_0035_ye 5 4 1 1 0 129.19 184.13 56.21 104.58 72.98 79.55
ynao_sd_20040812_0120_li 3 1 2 2 0 1424.28 1939.92 38.75 48.61 1385.53 1891.31
ynao_sd_20040813_0200_li 5 4 1 1 0 134.59 309.49 76.77 251.48 57.82 58.01
ynao_sd_20040814_0355_ye 3 1 2 3 0 361.72 839.72 36.79 70.62 324.93 769.1
ynao_sd_20040815_0130_ye 8 3 5 3 0 1702.0 2229.96 203.85 330.82 1498.15 1899.14
ynao_sd_20040817_0655_ye 24 22 2 2 0 1257.83 1432.18 365.13 424.34 892.7 1007.84
ynao_sd_20040818_0050_ye 17 15 2 2 0 1316.85 1401.49 418.63 451.41 898.22 950.08
ynao_sd_20040819_0330_li 28 26 2 2 0 1309.46 1445.95 358.18 491.24 951.28 954.71
ynao_sd_20040820_0300_li 32 22 10 5 0 3423.55 8467.53 340.58 574.85 3082.97 7892.68
ynao_sd_20040821_0210_ye 38 27 11 7 0 2960.47 5400.68 497.49 682.4 2462.98 4718.28
ynao_sd_20040822_0200_ye 37 32 5 6 0 2788.24 4042.42 518.67 640.58 2269.57 3401.84
ynao_sd_20040823_0100_ye 32 27 5 4 1 1040.86 1364.8 402.99 513.95 637.87 850.85
ynao_sd_20040824_0250_li 12 5 7 3 0 697.18 1085.89 112.57 173.59 584.61 912.3
ynao_sd_20040825_0525_ye 9 6 3 3 0 476.3 948.42 125.67 217.86 350.63 730.56
ynao_sd_20040826_0340_li 9 7 2 1 0 244.54 247.02 77.09 77.78 167.45 169.24
ynao_sd_20040827_0410_li 13 11 2 1 0 195.7 210.77 109.72 118.35 85.98 92.42
ynao_sd_20040829_0450_ye 4 4 0 0 0 63.46 89.77 63.46 89.77 0 0
ynao_sd_20040830_0055_li 6 5 1 1 0 66.57 127.92 35.98 70.3 30.59 57.62
ynao_sd_20040831_0650_li 3 3 0 0 0 42.09 124.2 42.09 124.2 0 0
ynao_sd_20040901_0605_ye 2 2 0 0 0 11.66 21.29 11.66 21.29 0 0
ynao_sd_20040902_0500_ye 0 0 0 0 0 0 0 0 0 0 0
ynao_sd_20040903_0040_ye 1 1 0 0 0 8.24 20.45 8.24 20.45 0 0
ynao_sd_20040904_0500_ye 1 1 0 0 0 14.06 33.23 14.06 33.23 0 0
ynao_sd_20040905_0155_ye 1 1 0 0 0 7.07 16.02 7.07 16.02 0 0
ynao_sd_20040909_0615_ye 9 9 0 0 0 83.56 294.7 83.56 294.7 0 0
ynao_sd_20040910_0605_ye 6 5 1 1 0 205.25 575.57 100.28 289.27 104.97 286.3
ynao_sd_20040911_0200_ye 10 8 2 1 0 217.67 424.85 131.49 266.4 86.18 158.45
ynao_sd_20040912_0555_ye 17 15 2 1 0 301.89 410.3 161.69 223.18 140.2 187.12
ynao_sd_20040914_0150_li 26 24 2 1 0 419.92 446.38 233.82 250.7 186.1 195.68
ynao_sd_20040915_0120_li 26 22 4 2 0 674.15 681.95 239.72 244.25 434.43 437.7
ynao_sd_20040916_0030_ye 36 33 3 3 0 485.38 489.83 289.58 291.71 195.8 198.12
ynao_sd_20040917_0250_ye 31 30 1 1 0 378.17 401.21 266.67 280.49 111.5 120.72
ynao_sd_20040918_0150_ye 17 16 1 1 0 171.24 200.36 133.73 154.9 37.51 45.46
ynao_sd_20040919_0150_ye 12 11 1 1 0 1587.44 2308.49 124.41 152.35 1463.03 2156.14
ynao_sd_20040920_0120_ye 3 3 0 1 0 50.77 100.06 24.18 47.88 26.59 52.18
ynao_sd_20040921_0120_ye 7 7 0 0 0 80.07 202.17 80.07 202.17 0 0
ynao_sd_20040922_0705_li 1 1 0 0 0 11.13 16.1 11.13 16.1 0 0
ynao_sd_20040924_0430_li 2 2 0 0 0 31.85 38.62 31.85 38.62 0 0
ynao_sd_20040925_0540_li 3 3 0 0 0 27.7 36.98 27.7 36.98 0 0
ynao_sd_20040926_0550_li 2 2 0 0 0 12.63 29.4 12.63 29.4 0 0
ynao_sd_20040927_0230_li 2 2 0 0 0 14.23 15.82 14.23 15.82 0 0
ynao_sd_20040928_0220_li 2 2 0 0 0 14.26 15.25 14.26 15.25 0 0
ynao_sd_20040929_0230_li 3 3 0 0 0 18.91 26.63 18.91 26.63 0 0
ynao_sd_20040930_0150_li 6 6 0 0 0 46.14 56.17 46.14 56.17 0 0
ynao_sd_20041001_0050_li 2 2 0 0 0 14.57 17.31 14.57 17.31 0 0
ynao_sd_20041003_0650_li 7 7 0 0 0 45.79 68.69 45.79 68.69 0 0
ynao_sd_20041004_0750_li 5 5 0 0 0 39.35 46.61 39.35 46.61 0 0
ynao_sd_20041007_0220_li 3 3 0 0 0 18.01 31.05 18.01 31.05 0 0
ynao_sd_20041008_0140_li 6 6 0 0 0 53.89 131.28 53.89 131.28 0 0
ynao_sd_20041009_0040_li 6 6 0 0 0 90.33 251.73 90.33 251.73 0 0
ynao_sd_20041010_0230_li 1 1 0 0 0 16.48 24.31 16.48 24.31 0 0
ynao_sd_20041013_0120_li 4 4 0 0 0 41.39 45.28 41.39 45.28 0 0
ynao_sd_20041014_0120_li 3 3 0 0 0 15.48 16.86 15.48 16.86 0 0
ynao_sd_20041017_0640_li 1 1 0 0 0 7.28 10.41 7.28 10.41 0 0
ynao_sd_20041018_0840_li 2 2 0 0 0 13.8 17.8 13.8 17.8 0 0
ynao_sd_20041019_0050_li 2 2 0 0 0 16.4 24.28 16.4 24.28 0 0
ynao_sd_20041020_0050_li 6 6 0 0 0 108.94 351.68 108.94 351.68 0 0
ynao_sd_20041021_0120_li 9 4 5 2 0 267.76 551.38 81.53 169.86 186.23 381.52
ynao_sd_20041022_0050_li 13 9 4 2 0 1256.87 3753.33 141.82 339.63 1115.05 3413.7
ynao_sd_20041023_0140_li 25 21 4 4 0 422.5 714.22 226.07 462.23 196.43 251.99
ynao_sd_20041024_0540_li 37 24 13 7 0 983.1 1314.34 254.55 370.19 728.55 944.15
ynao_sd_20041025_0220_li 61 48 13 5 0 1145.38 1407.78 511.02 640.91 634.36 766.87
ynao_sd_20041027_0140_li 50 42 8 7 0 1043.62 1101.9 451.15 479.07 592.47 622.83
ynao_sd_20041028_0120_li 52 44 8 4 0 840.54 908.32 429.04 467.59 411.5 440.73
ynao_sd_20041029_0140_li 36 32 4 4 0 613.23 712.36 264.2 308.8 349.03 403.56
ynao_sd_20041030_0200_li 33 24 9 3 0 720.13 844.52 221.82 266.19 498.31 578.33
ynao_sd_20041031_0250_li 20 14 6 4 0 642.86 779.53 196.53 254.05 446.33 525.48
ynao_sd_20041102_0210_li 11 6 5 2 0 282.81 511.83 124.29 232.58 158.52 279.25
ynao_sd_20041103_0055_li 14 10 4 3 0 432.29 769.27 195.72 346.63 236.57 422.64
ynao_sd_20041104_0200_li 15 8 7 3 0 819.09 1049.19 234.71 380.87 584.38 668.32
ynao_sd_20041105_0055_li 23 11 12 2 0 1429.41 1524.74 238.86 273.16 1190.55 1251.58
ynao_sd_20041106_0140_li 26 9 17 2 0 1915.04 1925.02 289.88 291.56 1625.16 1633.46
ynao_sd_20041107_0200_li 38 15 23 3 0 1942.55 1984.61 306.14 318.5 1636.41 1666.11
ynao_sd_20041108_0055_li 34 19 15 7 0 1332.2 1447.8 294.57 318.93 1037.63 1128.87
ynao_sd_20041109_0120_li 36 22 14 4 0 1249.98 1536.14 266.5 329.59 983.48 1206.55
ynao_sd_20041110_0055_li 28 25 3 3 0 479.28 729.8 208.8 310.73 270.48 419.07
ynao_sd_20041111_0050_li 12 10 2 2 0 245.96 524.42 104.53 223.38 141.43 301.04
ynao_sd_20041112_0120_li 10 7 3 2 0 148.2 458.42 65.71 165.66 82.49 292.76
ynao_sd_20041113_0150_li 18 18 0 0 0 114.93 118.81 114.93 118.81 0 0
ynao_sd_20041114_0140_li 22 22 0 1 0 177.39 217.01 139.88 175.51 37.51 41.5
ynao_sd_20041118_0200_li 2 2 0 0 0 31.33 95.07 31.33 95.07 0 0
ynao_sd_20041119_0240_li 4 4 0 1 0 123.8 326.85 76.07 182.04 47.73 144.81
ynao_sd_20041120_0150_li 6 5 1 1 0 115.47 226.61 39.46 80.1 76.01 146.51
ynao_sd_20041122_0130_li 9 7 2 1 0 219.3 267.05 76.54 94.37 142.76 172.68
ynao_sd_20041123_0150_li 7 5 2 1 0 214.28 251.85 52.87 77.24 161.41 174.61
ynao_sd_20041124_0720_li 3 0 3 1 0 150.32 153.71 23.8 24.32 126.52 129.39
ynao_sd_20041125_0330_li 7 5 2 1 0 188.73 198.73 70.0 76.85 118.73 121.88
ynao_sd_20041126_0640_li 3 1 2 1 0 115.39 126.82 27.52 30.21 87.87 96.61
ynao_sd_20041127_0240_li 3 3 0 0 0 89.88 225.04 89.88 225.04 0 0
ynao_sd_20041128_0140_li 5 4 1 2 0 1386.31 2027.57 38.75 67.74 1347.56 1959.83
ynao_sd_20041129_0200_li 1 0 1 1 0 167.46 262.78 24.78 38.84 142.68 223.94
ynao_sd_20041130_0050_li 1 0 1 1 0 228.16 288.51 30.61 38.61 197.55 249.9
ynao_sd_20041201_0440_li 1 0 1 1 0 281.35 308.5 41.7 45.7 239.65 262.8
ynao_sd_20041202_0130_li 1 0 1 1 0 297.24 306.15 43.62 44.92 253.62 261.23
ynao_sd_20041203_0120_li 5 4 1 1 0 314.73 319.4 54.99 56.25 259.74 263.15
ynao_sd_20041204_0305_li 2 1 1 1 0 249.47 261.83 40.13 42.01 209.34 219.82
ynao_sd_20041205_0200_li 6 4 2 1 0 255.48 294.81 66.81 78.94 188.67 215.87
ynao_sd_20041207_0650_li 2 1 1 1 0 103.72 186.64 18.21 28.45 85.51 158.19
ynao_sd_20041208_0700_li 4 3 1 1 0 67.87 170.9 19.78 31.6 48.09 139.3
ynao_sd_20041209_0310_li 6 6 0 0 0 61.91 206.23 61.91 206.23 0 0
ynao_sd_20041210_0750_li 6 6 0 0 0 39.85 42.79 39.85 42.79 0 0
ynao_sd_20041212_0240_li 12 12 0 0 0 114.02 146.53 114.02 146.53 0 0
ynao_sd_20041213_0150_li 10 9 1 1 0 118.8 177.12 67.53 96.05 51.27 81.07
ynao_sd_20041214_0055_li 10 9 1 1 0 98.24 198.65 59.82 115.55 38.42 83.1
ynao_sd_20041215_0330_li 2 2 0 0 0 44.91 171.63 44.91 171.63 0 0
ynao_sd_20041216_0120_li 1 1 0 0 0 7.06 7.99 7.06 7.99 0 0
ynao_sd_20041218_0330_li 0 0 0 0 0 0 0 0 0 0 0
ynao_sd_20041219_0240_li 0 0 0 0 0 0 0 0 0 0 0
ynao_sd_20041220_0120_li 0 0 0 0 0 0 0 0 0 0 0
ynao_sd_20041221_0115_li 0 0 0 0 0 0 0 0 0 0 0
ynao_sd_20041222_0140_li 0 0 0 0 0 0 0 0 0 0 0
ynao_sd_20041223_0120_li 0 0 0 0 0 0 0 0 0 0 0
ynao_sd_20041224_0115_li 1 1 0 0 0 8.23 14.54 8.23 14.54 0 0
ynao_sd_20041225_0150_li 1 1 0 0 0 5.62 6.43 5.62 6.43 0 0
ynao_sd_20041226_0150_li 0 0 0 0 0 0 0 0 0 0 0
ynao_sd_20041227_0120_li 0 0 0 0 0 0 0 0 0 0 0
ynao_sd_20041228_0330_li 1 1 0 0 0 5.54 6.27 5.54 6.27 0 0
ynao_sd_20041229_0130_li 2 0 2 1 0 206.27 674.81 16.68 54.4 189.59 620.41
