ynao_sd_20050103_0140_ye 13 12 1 2 0 161.98 173.57 107.09 117.97 54.89 55.6
ynao_sd_20050104_0150_ye 15 15 0 1 0 131.17 134.96 101.84 105.14 29.33 29.82
ynao_sd_20050105_0130_li 8 8 0 0 0 92.63 108.76 92.63 108.76 0 0
ynao_sd_20050106_0230_ye 9 9 0 0 0 81.39 98.94 81.39 98.94 0 0
ynao_sd_20050107_0135_ye 4 3 1 1 0 1558.96 2240.01 32.52 47.06 1526.44 2192.95
ynao_sd_20050108_0140_ye 0 0 0 0 0 0 0 0 0 0 0
ynao_sd_20050109_0140_ye 0 0 0 0 0 0 0 0 0 0 0
ynao_sd_20050110_0805_li 1 1 0 0 0 6.92 14.66 6.92 14.66 0 0
ynao_sd_20050111_0130_li 5 5 0 0 0 54.36 106.84 54.36 106.84 0 0
ynao_sd_20050112_0810_li 11 7 4 3 0 284.17 417.27 115.11 169.28 169.06 247.99
ynao_sd_20050113_0250_li 15 4 11 1 1 1578.01 2006.95 246.51 329.53 1331.5 1677.42
ynao_sd_20050117_0130_ye 32 14 18 2 0 3421.18 3764.16 681.65 753.02 2739.53 3011.14
ynao_sd_20050118_0140_ye 33 9 24 5 0 3127.22 3931.88 761.37 963.6 2365.85 2968.28
ynao_sd_20050119_0130_ye 38 21 17 5 0 2383.85 3476.53 602.27 872.7 1781.58 2603.83
ynao_sd_20050120_0140_ye 24 15 9 5 0 1537.07 2790.85 367.57 654.94 1169.5 2135.91
ynao_sd_20050121_0130_ye 20 14 6 3 0 860.0 2240.58 309.78 842.86 550.22 1397.72
ynao_sd_20050122_0220_ye 5 4 1 2 0 264.54 559.82 67.01 142.74 197.53 417.08
ynao_sd_20050123_0140_ye 1 0 1 1 0 230.39 236.1 57.12 58.55 173.27 177.55
ynao_sd_20050124_0130_ye 0 0 0 1 0 1569.19 1598.89 0 0 1569.19 1598.89
ynao_sd_20050125_0130_ye 3 1 2 1 0 191.45 207.53 57.33 64.28 134.12 143.25
ynao_sd_20050126_0120_ye 3 1 2 1 0 157.55 182.32 45.67 50.5 111.88 131.82
ynao_sd_20050127_0130_ye 3 1 2 1 0 104.29 164.08 20.68 47.23 83.61 116.85
ynao_sd_20050128_0240_ye 2 1 1 1 0 73.6 130.7 19.24 30.53 54.36 100.17
ynao_sd_20050129_0200_ye 1 1 0 0 0 35.76 99.8 35.76 99.8 0 0
ynao_sd_20050130_0145_ye 2 2 0 0 0 17.13 32.03 17.13 32.03 0 0
ynao_sd_20050131_0140_ye 0 0 0 0 0 0 0 0 0 0 0
ynao_sd_20050201_0120_li 1 1 0 0 0 6.99 9.42 6.99 9.42 0 0
ynao_sd_20050202_0140_li 0 0 0 0 0 0 0 0 0 0 0
ynao_sd_20050203_0055_li 0 0 0 0 0 0 0 0 0 0 0
ynao_sd_20050204_0115_li 0 0 0 0 0 0 0 0 0 0 0
ynao_sd_20050205_0055_li 0 0 0 0 0 0 0 0 0 0 0
ynao_sd_20050206_0130_li 3 3 0 1 0 728.52 3173.91 27.76 116.04 700.76 3057.87
ynao_sd_20050207_0055_li 6 4 2 1 0 1322.52 3285.73 41.97 93.41 1280.55 3192.32
ynao_sd_20050208_0100_ye 8 8 0 0 0 62.63 94.49 62.63 94.49 0 0
ynao_sd_20050209_0130_ye 7 7 0 0 0 62.06 87.83 62.06 87.83 0 0
ynao_sd_20050210_0100_ye 22 22 0 0 0 145.9 172.28 145.9 172.28 0 0
ynao_sd_20050211_0130_ye 21 21 0 0 0 136.8 159.19 136.8 159.19 0 0
ynao_sd_20050212_0150_li 13 13 0 0 0 85.88 96.42 85.88 96.42 0 0
ynao_sd_20050213_0100_ye 11 11 0 0 0 99.33 111.01 99.33 111.01 0 0
ynao_sd_20050214_0150_ye 9 9 0 0 0 64.93 78.29 64.93 78.29 0 0
ynao_sd_20050215_0230_ye 1 1 0 0 0 8.62 10.54 8.62 10.54 0 0
ynao_sd_20050216_0100_ye 0 0 0 0 0 0 0 0 0 0 0
ynao_sd_20050217_0110_ye 0 0 0 0 0 0 0 0 0 0 0
ynao_sd_20050218_0110_ye 2 1 1 1 0 33.86 120.17 10.53 28.64 23.33 91.53
ynao_sd_20050219_0155_ye 6 6 0 0 0 41.65 47.48 41.65 47.48 0 0
ynao_sd_20050220_0330_ye 7 7 0 0 0 42.68 59.89 42.68 59.89 0 0
ynao_sd_20050221_0100_li 7 6 1 1 0 110.47 213.71 65.36 135.6 45.11 78.11
ynao_sd_20050222_0140_li 7 6 1 1 0 161.19 377.09 81.43 159.53 79.76 217.56
ynao_sd_20050223_0045_li 2 2 0 0 0 12.91 48.35 12.91 48.35 0 0
ynao_sd_20050224_0040_li 0 0 0 0 0 0 0 0 0 0 0
ynao_sd_20050225_0055_li 0 0 0 0 0 0 0 0 0 0 0
ynao_sd_20050226_0140_li 1 1 0 0 0 6.14 6.88 6.14 6.88 0 0
ynao_sd_20050227_0150_li 0 0 0 0 0 0 0 0 0 0 0
ynao_sd_20050228_0535_ye 0 0 0 0 0 0 0 0 0 0 0
ynao_sd_20050301_0300_ye 1 1 0 0 0 5.62 9.7 5.62 9.7 0 0
ynao_sd_20050305_0225_ye 0 0 0 0 0 0 0 0 0 0 0
ynao_sd_20050306_0445_ye 2 0 2 1 0 140.94 241.65 17.99 30.45 122.95 211.2
ynao_sd_20050307_0050_li 3 3 0 0 0 67.08 95.48 67.08 95.48 0 0
ynao_sd_20050308_0055_li 8 8 0 1 0 79.96 106.24 49.92 70.87 30.04 35.37
ynao_sd_20050309_0055_li 9 6 3 1 0 74.12 80.96 43.85 47.98 30.27 32.98
ynao_sd_20050310_0120_li 4 4 0 1 0 56.3 59.45 24.18 25.54 32.12 33.91
ynao_sd_20050311_0100_li 11 10 1 1 0 96.91 112.54 64.17 76.7 32.74 35.84
ynao_sd_20050312_0150_ye 9 9 0 0 0 78.69 97.79 78.69 97.79 0 0
ynao_sd_20050313_0525_ye 2 2 0 0 0 26.55 40.42 26.55 40.42 0 0
ynao_sd_20050314_0150_ye 30 21 9 6 0 1123.69 1225.28 335.47 375.34 788.22 849.94
ynao_sd_20050315_0245_ye 3 3 0 0 0 21.4 46.7 21.4 46.7 0 0
ynao_sd_20050316_0045_ye 0 0 0 0 0 0 0 0 0 0 0
ynao_sd_20050317_0055_ye 4 4 0 0 0 31.24 33.78 31.24 33.78 0 0
ynao_sd_20050318_0055_ye 2 1 1 1 0 941.2 1150.38 23.16 25.81 918.04 1124.57
ynao_sd_20050319_0130_ye 1 1 0 0 0 6.04 6.5 6.04 6.5 0 0
ynao_sd_20050320_0140_ye 0 0 0 0 0 0 0 0 0 0 0
ynao_sd_20050321_0100_li 1 1 0 0 0 5.1 6.0 5.1 6.0 0 0
ynao_sd_20050322_0050_li 7 7 0 0 0 70.24 125.31 70.24 125.31 0 0
ynao_sd_20050323_0300_li 11 10 1 1 0 89.31 119.51 64.69 87.22 24.62 32.29
ynao_sd_20050326_0200_li 5 3 2 1 0 156.31 166.19 42.71 46.7 113.6 119.49
ynao_sd_20050327_0140_li 5 2 3 1 0 138.3 153.04 34.85 39.93 103.45 113.11
ynao_sd_20050328_0030_ye 3 3 0 0 0 106.35 166.32 106.35 166.32 0 0
ynao_sd_20050329_0035_ye 8 8 0 0 0 61.62 98.88 61.62 98.88 0 0
ynao_sd_20050330_0030_ye 7 7 0 0 0 52.94 90.06 52.94 90.06 0 0
ynao_sd_20050331_0040_ye 12 12 0 0 0 95.58 218.92 95.58 218.92 0 0
ynao_sd_20050401_0045_ye 1 1 0 0 0 21.07 41.46 21.07 41.46 0 0
ynao_sd_20050402_0200_ye 2 2 0 0 0 39.84 56.92 39.84 56.92 0 0
ynao_sd_20050405_0140_li 2 2 0 0 0 22.73 23.8 22.73 23.8 0 0
ynao_sd_20050406_0040_ye 1 1 0 0 0 5.16 11.19 5.16 11.19 0 0
ynao_sd_20050407_0045_ye 1 1 0 0 0 6.54 10.92 6.54 10.92 0 0
ynao_sd_20050408_0055_ye 0 0 0 0 0 0 0 0 0 0 0
ynao_sd_20050411_0045_ye 1 1 0 0 0 5.1 14.75 5.1 14.75 0 0
ynao_sd_20050412_0035_ye 2 2 0 0 0 17.87 81.15 17.87 81.15 0 0
ynao_sd_20050413_0435_ye 7 6 1 1 0 132.67 271.76 69.46 133.21 63.21 138.55
ynao_sd_20050414_0030_ye 16 14 2 2 0 191.6 282.71 108.3 151.41 83.3 131.3
ynao_sd_20050415_0115_ye 14 12 2 1 0 303.66 374.48 173.0 212.26 130.66 162.22
ynao_sd_20050416_0140_ye 15 12 3 1 0 422.64 466.83 147.26 167.65 275.38 299.18
ynao_sd_20050418_0030_ye 9 6 3 1 0 285.62 289.9 71.33 73.58 214.29 216.32
ynao_sd_20050419_0035_ye 10 7 3 1 0 323.86 339.97 81.39 84.85 242.47 255.12
ynao_sd_20050420_0210_ye 13 11 2 1 0 261.04 302.46 134.68 154.4 126.36 148.06
ynao_sd_20050421_0055_ye 6 5 1 1 0 170.87 230.86 76.18 101.68 94.69 129.18
ynao_sd_20050422_0030_ye 6 5 1 1 0 143.92 252.05 46.37 78.6 97.55 173.45
ynao_sd_20050425_0110_ye 0 0 0 0 0 0 0 0 0 0 0
ynao_sd_20050426_0325_ye 0 0 0 0 0 0 0 0 0 0 0
ynao_sd_20050427_0040_ye 1 1 0 0 0 8.28 11.86 8.28 11.86 0 0
ynao_sd_20050428_0110_ye 1 1 0 0 0 5.1 5.43 5.1 5.43 0 0
ynao_sd_20050429_0040_ye 0 0 0 0 0 0 0 0 0 0 0
ynao_sd_20050430_0025_ye 0 0 0 0 0 0 0 0 0 0 0
ynao_sd_20050509_0025_ye 11 8 3 3 0 1147.2 3232.78 133.07 376.43 1014.13 2856.35
ynao_sd_20050510_0035_ye 8 7 1 4 0 516.1 939.83 121.03 225.54 395.07 714.29
ynao_sd_20050511_0030_ye 15 13 2 2 0 687.95 962.53 287.2 408.83 400.75 553.7
ynao_sd_20050512_0030_ye 12 9 3 4 0 2027.34 2375.72 218.48 260.06 1808.86 2115.66
ynao_sd_20050513_0030_ye 19 18 1 1 0 743.78 813.21 359.16 401.39 384.62 411.82
ynao_sd_20050516_0030_ye 8 6 2 2 0 1935.15 2082.37 209.53 232.69 1725.62 1849.68
ynao_sd_20050518_0030_ye 3 2 1 1 0 338.62 537.27 119.37 188.66 219.25 348.61
ynao_sd_20050519_0030_ye 4 3 1 1 0 222.66 490.34 110.2 246.83 112.46 243.51
ynao_sd_20050520_0030_ye 3 3 0 1 0 131.74 381.22 29.94 39.36 101.8 341.86
ynao_sd_20050523_0030_ye 7 7 0 0 0 85.81 170.33 85.81 170.33 0 0
ynao_sd_20050524_0050_ye 6 6 0 0 0 49.77 80.13 49.77 80.13 0 0
ynao_sd_20050525_0035_ye 11 11 0 0 0 95.85 118.76 95.85 118.76 0 0
ynao_sd_20050526_0125_ye 14 13 1 1 0 830.94 859.18 121.76 138.53 709.18 720.65
ynao_sd_20050527_0020_ye 10 10 0 0 0 77.93 81.38 77.93 81.38 0 0
ynao_sd_20050528_0020_ye 16 16 0 0 0 127.93 138.66 127.93 138.66 0 0
ynao_sd_20050530_0140_ye 9 9 0 0 0 101.49 105.81 101.49 105.81 0 0
ynao_sd_20050531_0225_ye 12 12 0 0 0 106.94 126.02 106.94 126.02 0 0
ynao_sd_20050601_0225_ye 7 7 0 0 0 71.93 93.55 71.93 93.55 0 0
ynao_sd_20050602_0535_ye 5 5 0 0 0 43.41 75.18 43.41 75.18 0 0
ynao_sd_20050603_0120_ye 3 3 0 0 0 16.82 19.63 16.82 19.63 0 0
ynao_sd_20050605_0335_ye 13 12 1 1 0 271.19 660.26 137.15 288.78 134.04 371.48
ynao_sd_20050606_0420_ye 14 13 1 1 0 347.04 554.21 142.21 193.86 204.83 360.35
ynao_sd_20050607_0800_ye 14 12 2 1 0 433.58 569.83 165.91 218.12 267.67 351.71
ynao_sd_20050608_0410_ye 17 13 4 1 0 608.26 721.46 186.25 231.58 422.01 489.88
ynao_sd_20050609_0130_ye 25 22 3 2 0 1939.23 3003.53 286.26 317.78 1652.97 2685.75
ynao_sd_20050611_0350_ye 22 19 3 1 0 865.32 936.93 319.24 376.75 546.08 560.18
ynao_sd_20050612_0115_ye 21 17 4 1 0 725.64 782.57 225.43 243.56 500.21 539.01
ynao_sd_20050613_0140_ye 25 24 1 1 0 613.57 741.1 294.83 354.97 318.74 386.13
ynao_sd_20050615_0655_ye 13 9 4 1 0 2059.52 4113.83 145.62 255.23 1913.9 3858.6
ynao_sd_20050616_0405_ye 2 1 1 1 0 115.93 369.42 28.36 84.98 87.57 284.44
ynao_sd_20050617_0320_ye 2 2 0 0 0 14.69 18.19 14.69 18.19 0 0
ynao_sd_20050622_0330_ye 0 0 0 0 0 0 0 0 0 0 0
ynao_sd_20050627_0025_ye 1 1 0 0 0 5.68 7.9 5.68 7.9 0 0
ynao_sd_20050628_0245_ye 1 1 0 0 0 9.61 10.64 9.61 10.64 0 0
ynao_sd_20050629_0350_ye 5 5 0 1 0 95.53 200.89 39.78 90.67 55.75 110.22
ynao_sd_20050630_0305_ye 9 7 2 1 0 140.55 243.57 64.0 131.43 76.55 112.14
ynao_sd_20050701_0210_ye 12 9 3 1 0 1597.34 1995.68 110.87 165.97 1486.47 1829.71
ynao_sd_20050702_0210_ye 21 18 3 2 0 312.48 624.59 196.73 419.74 115.75 204.85
ynao_sd_20050705_0155_ye 55 48 7 5 0 892.92 1256.84 508.27 740.59 384.65 516.25
ynao_sd_20050706_0240_ye 67 49 18 5 0 1391.3 1746.02 508.88 616.94 882.42 1129.08
ynao_sd_20050707_0210_ye 74 55 19 4 0 1590.43 1771.69 618.52 710.44 971.91 1061.25
ynao_sd_20050708_0125_ye 39 27 12 6 0 1180.15 1281.84 353.99 407.56 826.16 874.28
ynao_sd_20050715_0355_ye 3 3 0 0 0 47.61 63.56 47.61 63.56 0 0
ynao_sd_20050718_0140_ye 0 0 0 0 0 0 0 0 0 0 0
ynao_sd_20050720_0200_ye 0 0 0 0 0 0 0 0 0 0 0
ynao_sd_20050721_0130_ye 0 0 0 0 0 0 0 0 0 0 0
ynao_sd_20050722_0300_ye 1 1 0 0 0 7.72 8.01 7.72 8.01 0 0
ynao_sd_20050725_0430_ye 11 10 1 1 0 272.74 315.07 139.03 161.56 133.71 153.51
ynao_sd_20050726_0015_ye 17 16 1 1 0 369.8 394.93 151.29 163.18 218.51 231.75
ynao_sd_20050727_0140_ye 12 11 1 1 0 328.94 334.16 173.73 176.71 155.21 157.45
ynao_sd_20050728_0210_ye 13 10 3 1 0 334.08 341.7 122.03 125.42 212.05 216.28
ynao_sd_20050729_0050_ye 43 41 2 2 0 615.07 1219.68 387.85 676.48 227.22 543.2
ynao_sd_20050730_0240_ye 59 49 10 5 0 1127.22 1594.98 484.26 628.54 642.96 966.44
ynao_sd_20050801_0105_ye 66 48 18 7 0 1238.35 1740.85 522.44 699.83 715.91 1041.02
ynao_sd_20050802_0100_ye 70 62 8 6 0 1041.56 1518.6 545.72 740.05 495.84 778.55
ynao_sd_20050803_0130_ye 51 46 5 3 0 727.13 860.44 369.3 412.08 357.83 448.36
ynao_sd_20050804_0045_ye 31 24 7 3 0 2040.8 3151.56 309.35 339.95 1731.45 2811.61
ynao_sd_20050805_0345_ye 19 12 7 2 0 594.54 628.97 167.32 177.17 427.22 451.8
ynao_sd_20050808_0150_ye 8 5 3 2 0 231.49 323.74 94.69 148.88 136.8 174.86
ynao_sd_20050810_0350_ye 0 0 0 0 0 0 0 0 0 0 0
ynao_sd_20050811_0045_ye 5 5 0 1 0 59.24 94.4 30.02 47.72 29.22 46.68
ynao_sd_20050812_0145_ye 8 8 0 0 0 68.04 140.74 68.04 140.74 0 0
ynao_sd_20050815_0410_ye 1 1 0 0 0 9.26 11.21 9.26 11.21 0 0
ynao_sd_20050816_0050_ye 1 1 0 0 0 4.37 4.99 4.37 4.99 0 0
ynao_sd_20050817_0445_ye 3 3 0 0 0 19.05 36.41 19.05 36.41 0 0
ynao_sd_20050818_0125_ye 0 0 0 0 0 0 0 0 0 0 0
ynao_sd_20050819_0110_ye 6 6 0 0 0 47.67 110.86 47.67 110.86 0 0
ynao_sd_20050822_0500_ye 30 29 1 1 0 304.61 326.06 222.23 238.67 82.38 87.39
ynao_sd_20050826_0640_ye 26 19 7 5 0 482.27 777.19 187.37 306.8 294.9 470.39
ynao_sd_20050829_0205_ye 15 15 0 0 0 123.39 146.54 123.39 146.54 0 0
ynao_sd_20050830_0500_ye 13 13 0 0 0 89.37 100.55 89.37 100.55 0 0
ynao_sd_20050831_0055_ye 16 16 0 0 0 106.63 106.86 106.63 106.86 0 0
ynao_sd_20050901_0050_ye 5 5 0 0 0 38.38 43.89 38.38 43.89 0 0
ynao_sd_20050902_0050_ye 13 13 0 0 0 96.67 105.24 96.67 105.24 0 0
ynao_sd_20050905_0320_ye 3 2 1 0 0 18.66 19.62 27.23 28.62 8.57 9.0
ynao_sd_20050908_0230_ye 1 1 0 0 0 26.43 68.55 26.43 68.55 0 0
ynao_sd_20050909_0030_ye 2 1 1 1 0 889.35 1612.31 26.41 47.38 862.94 1564.93
ynao_sd_20050910_0105_ye 3 3 0 0 0 32.44 40.04 32.44 40.04 0 0
ynao_sd_20050913_0140_ye 1 1 0 0 0 6.77 6.91 6.77 6.91 0 0
ynao_sd_20050914_0630_ye 2 2 0 0 0 22.67 46.79 22.67 46.79 0 0
ynao_sd_20050915_0130_ye 1 1 0 0 0 7.94 14.03 7.94 14.03 0 0
ynao_sd_20050916_0015_ye 0 0 0 0 0 0 0 0 0 0 0
ynao_sd_20050918_0115_ye 11 10 1 1 0 115.97 478.59 78.77 348.91 37.2 129.68
ynao_sd_20050919_0805_li 8 6 2 1 0 231.62 399.31 77.64 139.64 153.98 259.67
ynao_sd_20050920_0050_ye 11 9 2 1 0 357.48 510.85 175.29 255.7 182.19 255.15
ynao_sd_20050921_0225_ye 13 11 2 1 0 411.72 499.87 176.17 230.0 235.55 269.87
ynao_sd_20050922_0825_ye 10 8 2 1 0 476.01 488.78 165.67 170.63 310.34 318.15
ynao_sd_20050923_0525_ye 9 7 2 1 0 478.84 479.16 151.71 151.92 327.13 327.24
ynao_sd_20050927_0020_ye 2 0 2 1 0 387.28 560.94 95.21 138.21 292.07 422.73
ynao_sd_20050928_0800_ye 1 0 1 1 0 1699.87 3780.16 47.73 108.26 1652.14 3671.9
ynao_sd_20050930_0250_ye 1 1 0 0 0 4.65 13.48 4.65 13.48 0 0
ynao_sd_20051009_0015_ye 1 1 0 0 0 4.86 5.31 4.86 5.31 0 0
ynao_sd_20051010_0045_ye 0 0 0 0 0 0 0 0 0 0 0
ynao_sd_20051011_0035_ye 0 0 0 0 0 0 0 0 0 0 0
ynao_sd_20051012_0210_ye 1 1 0 0 0 5.75 5.95 5.75 5.95 0 0
ynao_sd_20051013_0050_ye 0 0 0 0 0 0 0 0 0 0 0
ynao_sd_20051014_0300_ye 1 1 0 0 0 24.74 138.31 24.74 138.31 0 0
ynao_sd_20051017_0450_ye 4 3 1 1 0 82.13 110.37 33.16 44.92 48.97 65.45
ynao_sd_20051018_0300_ye 4 3 1 1 0 85.51 98.21 30.59 35.11 54.92 63.1
ynao_sd_20051019_0120_li 1 0 1 1 0 50.31 52.85 8.09 8.5 42.22 44.35
ynao_sd_20051020_0420_li 0 0 0 0 0 0 0 0 0 0 0
ynao_sd_20051021_0115_li 2 1 1 1 0 1582.94 1592.1 29.16 29.35 1553.78 1562.75
ynao_sd_20051025_0055_li 1 1 0 0 0 4.52 23.64 4.52 23.64 0 0
ynao_sd_20051027_0050_ye 0 0 0 0 0 0 0 0 0 0 0
ynao_sd_20051028_0250_ye 2 2 0 0 0 15.08 19.22 15.08 19.22 0 0
ynao_sd_20051101_0610_ye 1 1 0 0 0 6.49 6.73 6.49 6.73 0 0
ynao_sd_20051102_0115_li 0 0 0 0 0 0 0 0 0 0 0
ynao_sd_20051103_0130_ye 0 0 0 0 0 0 0 0 0 0 0
ynao_sd_20051104_0120_ye 1 1 0 0 0 6.41 33.1 6.41 33.1 0 0
ynao_sd_20051107_0050_ye 1 1 0 0 0 8.02 8.26 8.02 8.26 0 0
ynao_sd_20051110_0050_ye 0 0 0 0 0 0 0 0 0 0 0
ynao_sd_20051111_0100_ye 0 0 0 0 0 0 0 0 0 0 0
ynao_sd_20051114_0130_ye 3 3 0 0 0 59.94 139.78 59.94 139.78 0 0
ynao_sd_20051115_0045_li 0 0 0 0 0 0 0 0 0 0 0
ynao_sd_20051116_0140_li 1 1 0 0 0 6.86 8.76 6.86 8.76 0 0
ynao_sd_20051117_0050_ye 0 0 0 0 0 0 0 0 0 0 0
ynao_sd_20051118_0400_ye 2 2 0 0 0 16.61 33.79 16.61 33.79 0 0
ynao_sd_20051122_0410_ye 0 0 0 0 0 0 0 0 0 0 0
ynao_sd_20051124_0145_ye 3 3 0 0 0 34.23 37.42 34.23 37.42 0 0
ynao_sd_20051125_0050_ye 4 4 0 0 0 38.63 79.24 38.63 79.24 0 0
ynao_sd_20051128_0340_ye 1 1 0 0 0 5.59 14.71 5.59 14.71 0 0
ynao_sd_20051129_0110_ye 1 1 0 0 0 7.8 28.65 7.8 28.65 0 0
ynao_sd_20051130_0100_ye 1 1 0 0 0 8.08 19.31 8.08 19.31 0 0
ynao_sd_20051201_0100_ye 4 4 0 0 0 36.85 61.51 36.85 61.51 0 0
ynao_sd_20051202_0055_ye 6 0 6 1 0 1882.03 2447.51 48.57 63.2 1833.46 2384.31
ynao_sd_20051203_0130_ye 16 15 1 0 0 175.66 312.05 187.89 357.16 12.23 45.11
ynao_sd_20051205_0050_ye 7 6 1 1 0 154.43 220.07 67.09 83.7 87.34 136.37
ynao_sd_20051206_0707_ye 5 4 1 1 0 162.71 190.12 49.96 55.28 112.75 134.84
ynao_sd_20051207_0400_li 2 1 1 0 0 126.66 137.87 247.86 269.78 121.2 131.91
ynao_sd_20051208_0110_ye 3 1 2 1 0 156.25 209.34 37.54 86.69 118.71 122.65
ynao_sd_20051209_0200_ye 3 1 2 1 0 94.73 109.3 34.76 48.01 59.97 61.29
ynao_sd_20051212_0415_ye 10 8 2 2 0 366.16 570.88 108.97 180.02 257.19 390.86
ynao_sd_20051213_0420_ye 18 14 4 2 0 526.29 699.65 225.61 320.8 300.68 378.85
ynao_sd_20051216_0345_ye 14 11 3 1 0 377.21 402.29 151.57 163.07 225.64 239.22
ynao_sd_20051219_0545_ye 6 4 2 1 0 260.04 383.31 96.43 141.78 163.61 241.53
ynao_sd_20051220_0330_ye 2 1 1 1 0 105.97 196.95 35.25 65.2 70.72 131.75
ynao_sd_20051222_0230_ye 11 11 0 0 0 102.23 288.46 102.23 288.46 0 0
ynao_sd_20051223_0150_ye 19 17 2 1 0 266.66 316.84 190.18 225.54 76.48 91.3
ynao_sd_20051227_0635_ye 17 14 3 2 0 567.87 801.49 261.51 401.19 306.36 400.3
ynao_sd_20051228_0340_li 13 10 3 3 0 540.23 681.31 100.68 133.27 439.55 548.04
ynao_sd_20051229_0230_ye 10 9 1 2 0 497.09 559.97 191.62 221.71 305.47 338.26
ynao_sd_20051230_0110_ye 12 9 3 2 0 615.7 677.56 249.94 299.9 365.76 377.66
ynao_sd_20051231_0205_ye 11 7 4 2 0 2184.96 2374.97 258.87 374.19 1926.09 2000.78
