ynao_sd_20060104_0100_ye 10 7 3 2 0 1986.2 2658.12 127.44 194.51 1858.76 2463.61
ynao_sd_20060105_0110_ye 5 3 2 2 0 1499.41 2535.51 64.31 123.66 1435.1 2411.85
ynao_sd_20060106_0505_ye 5 5 0 0 0 56.39 175.42 56.39 175.42 0 0
ynao_sd_20060109_0410_ye 2 1 1 1 0 43.09 57.2 11.08 13.11 32.01 44.09
ynao_sd_20060110_0155_ye 2 2 0 0 0 29.46 35.59 29.46 35.59 0 0
ynao_sd_20060111_0110_ye 2 2 0 0 0 24.78 27.44 24.78 27.44 0 0
ynao_sd_20060112_0110_ye 2 2 0 0 0 17.27 18.43 17.27 18.43 0 0
ynao_sd_20060113_0110_ye 3 3 0 0 0 42.65 124.19 42.65 124.19 0 0
ynao_sd_20060114_0140_ye 0 0 0 0 0 0 0 0 0 0 0
ynao_sd_20060116_0112_ye 15 15 0 0 0 173.59 214.43 173.59 214.43 0 0
ynao_sd_20060118_0303_ye 4 4 0 0 0 29.02 57.35 29.02 57.35 0 0
ynao_sd_20060119_0112_ye 1 1 0 1 0 796.06 2577.14 6.56 21.14 789.5 2556.0
ynao_sd_20060120_0305_ye 3 3 0 0 0 22.26 25.64 22.26 25.64 0 0
ynao_sd_20060123_0740_ye 6 6 0 0 0 45.08 45.9 45.08 45.9 0 0
ynao_sd_20060124_0245_ye 0 0 0 0 0 0 0 0 0 0 0
ynao_sd_20060126_0220_ye 2 2 0 0 0 12.03 15.11 12.03 15.11 0 0
ynao_sd_20060127_0210_ye 0 0 0 0 0 0 0 0 0 0 0
ynao_sd_20060128_0103_ye 0 0 0 0 0 0 0 0 0 0 0
ynao_sd_20060129_0210_ye 1 1 0 0 0 8.81 18.18 8.81 18.18 0 0
ynao_sd_20060130_0130_ye 0 0 0 0 0 0 0 0 0 0 0
ynao_sd_20060131_0120_ye 1 1 0 0 0 8.61 9.54 8.61 9.54 0 0
ynao_sd_20060201_0130_ye 0 0 0 0 0 0 0 0 0 0 0
ynao_sd_20060202_0120_ye 0 0 0 0 0 0 0 0 0 0 0
ynao_sd_20060203_0140_ye 3 3 0 0 0 31.47 55.7 31.47 55.7 0 0
ynao_sd_20060205_0130_ye 0 0 0 0 0 0 0 0 0 0 0
ynao_sd_20060206_0120_ye 0 0 0 0 0 0 0 0 0 0 0
ynao_sd_20060207_0140_ye 1 1 0 0 0 6.85 7.65 6.85 7.65 0 0
ynao_sd_20060208_0120_ye 1 1 0 0 0 8.02 11.79 8.02 11.79 0 0
ynao_sd_20060209_0110_ye 1 1 0 0 0 6.13 7.17 6.13 7.17 0 0
ynao_sd_20060210_0120_ye 2 2 0 0 0 30.94 39.52 30.94 39.52 0 0
ynao_sd_20060213_0105_ye 1 1 0 0 0 12.54 18.9 12.54 18.9 0 0
ynao_sd_20060214_0130_ye 2 2 0 0 0 14.14 38.06 14.14 38.06 0 0
ynao_sd_20060215_0125_ye 3 3 0 0 0 23.75 36.6 23.75 36.6 0 0
ynao_sd_20060216_0055_ye 1 1 0 0 0 8.31 10.96 8.31 10.96 0 0
ynao_sd_20060217_0113_ye 4 4 0 0 0 28.89 41.13 28.89 41.13 0 0
ynao_sd_20060220_0050_ye 1 1 0 0 0 7.89 8.46 7.89 8.46 0 0
ynao_sd_20060221_0110_ye 1 1 0 0 0 16.55 56.25 16.55 56.25 0 0
ynao_sd_20060222_0200_ye 0 0 0 0 0 0 0 0 0 0 0
ynao_sd_20060223_0100_ye 1 1 0 0 0 8.39 14.95 8.39 14.95 0 0
ynao_sd_20060224_0130_ye 1 1 0 0 0 6.78 37.45 6.78 37.45 0 0
ynao_sd_20060225_0140_ye 0 0 0 0 0 0 0 0 0 0 0
ynao_sd_20060226_0130_ye 0 0 0 0 0 0 0 0 0 0 0
ynao_sd_20060227_0100_ye 2 2 0 0 0 14.14 17.07 14.14 17.07 0 0
ynao_sd_20060302_0650_ye 0 0 0 0 0 0 0 0 0 0 0
ynao_sd_20060303_0150_ye 0 0 0 0 0 0 0 0 0 0 0
ynao_sd_20060306_0130_ye 1 1 0 0 0 6.71 8.51 6.71 8.51 0 0
ynao_sd_20060307_0110_ye 1 0 1 1 0 890.76 992.31 6.86 7.64 883.9 984.67
ynao_sd_20060308_0030_ye 4 4 0 0 0 26.19 48.1 26.19 48.1 0 0
ynao_sd_20060309_0050_ye 2 2 0 0 0 18.6 24.31 18.6 24.31 0 0
ynao_sd_20060313_0455_ye 4 4 0 0 0 32.19 35.72 32.19 35.72 0 0
ynao_sd_20060314_0410_ye 6 6 0 0 0 46.7 52.44 46.7 52.44 0 0
ynao_sd_20060315_0120_ye 2 2 0 0 0 13.26 15.99 13.26 15.99 0 0
ynao_sd_20060316_0120_ye 1 1 0 0 0 8.24 10.49 8.24 10.49 0 0
ynao_sd_20060317_0115_ye 1 0 1 1 0 998.88 1563.71 10.34 16.03 988.54 1547.68
ynao_sd_20060320_0120_ye 0 0 0 0 0 0 0 0 0 0 0
ynao_sd_20060321_0115_ye 4 1 3 1 0 1029.76 1180.76 69.69 78.11 960.07 1102.65
ynao_sd_20060322_0110_ye 5 5 0 0 0 34.91 46.47 34.91 46.47 0 0
ynao_sd_20060323_0030_ye 5 5 0 0 0 30.62 49.67 30.62 49.67 0 0
ynao_sd_20060324_0110_ye 4 4 0 0 0 25.6 55.62 25.6 55.62 0 0
ynao_sd_20060327_0055_ye 1 1 0 0 0 8.24 14.43 8.24 14.43 0 0
ynao_sd_20060329_0100_ye 0 0 0 0 0 0 0 0 0 0 0
ynao_sd_20060330_0100_ye 0 0 0 0 0 0 0 0 0 0 0
ynao_sd_20060331_0240_ye 0 0 0 0 0 0 0 0 0 0 0
ynao_sd_20060403_0100_ye 0 0 0 0 0 0 0 0 0 0 0
ynao_sd_20060404_0045_ye 0 0 0 0 0 0 0 0 0 0 0
ynao_sd_20060405_0100_ye 0 0 0 0 0 0 0 0 0 0 0
ynao_sd_20060406_0135_ye 0 0 0 0 0 0 0 0 0 0 0
ynao_sd_20060407_0125_ye 1 1 0 0 0 8.39 11.66 8.39 11.66 0 0
ynao_sd_20060408_0020_ye 0 0 0 0 0 0 0 0 0 0 0
ynao_sd_20060417_0045_ye 0 0 0 0 0 0 0 0 0 0 0
ynao_sd_20060418_0105_ye 0 0 0 0 0 0 0 0 0 0 0
ynao_sd_20060419_0240_ye 1 1 0 0 0 4.44 15.56 4.44 15.56 0 0
ynao_sd_20060420_0220_ye 1 1 0 0 0 6.39 11.65 6.39 11.65 0 0
ynao_sd_20060421_0035_ye 0 0 0 0 0 0 0 0 0 0 0
ynao_sd_20060424_0050_ye 1 1 0 0 0 5.9 6.12 5.9 6.12 0 0
ynao_sd_20060425_0030_ye 0 0 0 0 0 0 0 0 0 0 0
ynao_sd_20060426_0030_ye 0 0 0 0 0 0 0 0 0 0 0
ynao_sd_20060427_0035_ye 0 0 0 0 0 0 0 0 0 0 0
ynao_sd_20060501_0320_ye 2 2 0 0 0 43.37 77.46 43.37 77.46 0 0
ynao_sd_20060502_0140_ye 8 7 1 1 0 117.92 169.17 70.58 102.85 47.34 66.32
ynao_sd_20060503_0130_ye 8 7 1 1 0 116.26 130.76 70.67 76.67 45.59 54.09
ynao_sd_20060505_0050_ye 8 5 3 1 0 77.28 83.12 56.5 62.4 20.78 20.72
ynao_sd_20060509_0025_ye 0 0 0 0 0 0 0 0 0 0 0
ynao_sd_20060511_0135_ye 0 0 0 0 0 0 0 0 0 0 0
ynao_sd_20060512_0025_ye 0 0 0 0 0 0 0 0 0 0 0
ynao_sd_20060516_0040_ye 1 1 0 0 0 8.95 9.73 8.95 9.73 0 0
ynao_sd_20060517_0050_ye 1 1 0 0 0 6.41 15.31 6.41 15.31 0 0
ynao_sd_20060518_0030_ye 0 0 0 0 0 0 0 0 0 0 0
ynao_sd_20060519_0035_ye 2 2 0 0 0 19.18 23.23 19.18 23.23 0 0
ynao_sd_20060520_0200_ye 1 1 0 0 0 6.7 9.2 6.7 9.2 0 0
ynao_sd_20060523_0105_ye 5 5 0 0 0 42.45 72.64 42.45 72.64 0 0
ynao_sd_20060524_0630_ye 11 11 0 0 0 112.71 155.31 112.71 155.31 0 0
ynao_sd_20060601_0100_ye 1 1 0 0 0 6.89 16.2 6.89 16.2 0 0
ynao_sd_20060602_0120_ye 1 1 0 0 0 5.05 10.16 5.05 10.16 0 0
ynao_sd_20060607_0240_ye 0 0 0 0 0 0 0 0 0 0 0
ynao_sd_20060611_0350_ye 1 1 0 0 0 5.48 13.49 5.48 13.49 0 0
ynao_sd_20060612_0255_ye 3 3 0 0 0 21.48 34.54 21.48 34.54 0 0
ynao_sd_20060613_0120_ye 1 1 0 0 0 5.26 20.78 5.26 20.78 0 0
ynao_sd_20060614_0650_ye 1 1 0 0 0 5.04 5.11 5.04 5.11 0 0
ynao_sd_20060615_0130_ye 1 1 0 0 0 5.18 16.3 5.18 16.3 0 0
ynao_sd_20060616_0025_ye 5 5 0 0 0 34.56 41.96 34.56 41.96 0 0
ynao_sd_20060619_0355_ye 1 1 0 0 0 6.94 8.2 6.94 8.2 0 0
ynao_sd_20060620_0135_ye 0 0 0 0 0 0 0 0 0 0 0
ynao_sd_20060621_0140_ye 3 3 0 0 0 34.69 70.99 34.69 70.99 0 0
ynao_sd_20060622_0110_ye 1 1 0 0 0 5.62 20.4 5.62 20.4 0 0
ynao_sd_20060623_0455_ye 0 0 0 0 0 0 0 0 0 0 0
ynao_sd_20060626_0440_ye 11 11 0 0 0 101.47 235.63 101.47 235.63 0 0
ynao_sd_20060627_0640_ye 9 9 0 0 0 76.16 126.46 76.16 126.46 0 0
ynao_sd_20060628_0435_ye 25 25 0 0 0 214.6 275.27 214.6 275.27 0 0
ynao_sd_20060629_0350_ye 27 27 0 0 0 227.48 264.39 227.48 264.39 0 0
ynao_sd_20060630_0140_ye 16 16 0 0 0 137.81 154.95 137.81 154.95 0 0
ynao_sd_20060703_0250_ye 17 17 0 0 0 103.23 127.84 103.23 127.84 0 0
ynao_sd_20060704_0245_ye 12 12 0 0 0 86.09 105.01 86.09 105.01 0 0
ynao_sd_20060705_0200_ye 9 9 0 0 0 72.46 146.81 72.46 146.81 0 0
ynao_sd_20060707_0700_ye 1 1 0 0 0 13.61 34.32 13.61 34.32 0 0
ynao_sd_20060710_0705_ye 1 1 0 0 0 9.06 15.16 9.06 15.16 0 0
ynao_sd_20060711_0105_ye 0 0 0 0 0 0 0 0 0 0 0
ynao_sd_20060712_0650_ye 3 3 0 1 0 908.99 1007.65 44.68 62.84 864.31 944.81
ynao_sd_20060713_0135_ye 0 0 0 0 0 0 0 0 0 0 0
ynao_sd_20060717_0215_ye 0 0 0 0 0 0 0 0 0 0 0
ynao_sd_20060718_0430_ye 3 3 0 0 0 30.41 92.27 30.41 92.27 0 0
ynao_sd_20060719_0200_ye 0 0 0 0 0 0 0 0 0 0 0
ynao_sd_20060720_0205_ye 2 2 0 0 0 37.2 45.9 37.2 45.9 0 0
ynao_sd_20060721_0115_ye 0 0 0 0 0 0 0 0 0 0 0
ynao_sd_20060724_0455_ye 16 14 2 1 0 193.02 304.87 125.83 200.53 67.19 104.34
ynao_sd_20060726_0610_ye 12 10 2 1 0 163.98 200.14 94.37 117.42 69.61 82.72
ynao_sd_20060727_0045_ye 22 21 1 1 0 205.16 214.17 161.52 169.89 43.64 44.28
ynao_sd_20060731_0450_ye 9 9 0 0 0 57.1 77.28 57.1 77.28 0 0
ynao_sd_20060801_0320_ye 0 0 0 0 0 0 0 0 0 0 0
ynao_sd_20060802_0330_ye 2 2 0 0 0 16.6 20.77 16.6 20.77 0 0
ynao_sd_20060804_0045_ye 3 3 0 0 0 19.69 23.0 19.69 23.0 0 0
ynao_sd_20060809_0325_ye 0 0 0 0 0 0 0 0 0 0 0
ynao_sd_20060810_0055_ye 1 1 0 0 0 8.55 11.04 8.55 11.04 0 0
ynao_sd_20060811_0045_ye 0 0 0 0 0 0 0 0 0 0 0
ynao_sd_20060813_0140_ye 4 4 0 0 0 27.49 36.65 27.49 36.65 0 0
ynao_sd_20060814_0055_ye 1 1 0 0 0 5.26 5.32 5.26 5.32 0 0
ynao_sd_20060815_0100_ye 0 0 0 0 0 0 0 0 0 0 0
ynao_sd_20060816_0100_ye 1 1 0 0 0 6.79 7.95 6.79 7.95 0 0
ynao_sd_20060817_0320_ye 0 0 0 0 0 0 0 0 0 0 0
ynao_sd_20060818_0055_ye 2 2 0 0 0 14.09 18.56 14.09 18.56 0 0
ynao_sd_20060821_0645_ye 0 0 0 0 0 0 0 0 0 0 0
ynao_sd_20060822_0610_ye 0 0 0 0 0 0 0 0 0 0 0
ynao_sd_20060824_0505_ye 0 0 0 0 0 0 0 0 0 0 0
ynao_sd_20060825_0110_ye 1 1 0 0 0 5.4 6.92 5.4 6.92 0 0
ynao_sd_20060828_0135_ye 0 0 0 0 0 0 0 0 0 0 0
ynao_sd_20060829_0035_ye 0 0 0 0 0 0 0 0 0 0 0
ynao_sd_20060830_0105_ye 0 0 0 0 0 0 0 0 0 0 0
ynao_sd_20060831_0045_ye 1 1 0 0 0 6.6 7.32 6.6 7.32 0 0
ynao_sd_20060901_0100_ye 0 0 0 0 0 0 0 0 0 0 0
ynao_sd_20060904_0045_ye 1 1 0 0 0 7.47 7.48 7.47 7.48 0 0
ynao_sd_20060905_0345_ye 1 1 0 0 0 6.37 7.84 6.37 7.84 0 0
ynao_sd_20060907_0215_ye 0 0 0 0 0 0 0 0 0 0 0
ynao_sd_20060912_0050_ye 6 6 0 0 0 31.15 37.6 31.15 37.6 0 0
ynao_sd_20060914_0035_ye 1 1 0 0 0 6.89 7.14 6.89 7.14 0 0
ynao_sd_20060918_0350_ye 0 0 0 0 0 0 0 0 0 0 0
ynao_sd_20060919_0230_ye 0 0 0 0 0 0 0 0 0 0 0
ynao_sd_20060920_0100_ye 3 3 0 0 0 23.83 25.75 23.83 25.75 0 0
ynao_sd_20060921_0130_ye 0 0 0 0 0 0 0 0 0 0 0
ynao_sd_20060922_0045_ye 0 0 0 0 0 0 0 0 0 0 0
ynao_sd_20060925_0055_ye 1 1 0 0 0 7.77 9.54 7.77 9.54 0 0
ynao_sd_20060928_0130_ye 0 0 0 0 0 0 0 0 0 0 0
ynao_sd_20060929_0315_ye 2 2 0 0 0 15.43 28.32 15.43 28.32 0 0
ynao_sd_20060930_0055_ye 1 1 0 0 0 5.5 6.57 5.5 6.57 0 0
ynao_sd_20061012_0215_ye 3 3 0 0 0 24.44 34.74 24.44 34.74 0 0
ynao_sd_20061013_0430_ye 1 1 0 0 0 4.89 17.99 4.89 17.99 0 0
ynao_sd_20061014_0205_ye 2 2 0 0 0 13.57 19.46 13.57 19.46 0 0
ynao_sd_20061015_0140_ye 1 1 0 0 0 14.83 18.28 14.83 18.28 0 0
ynao_sd_20061016_0110_ye 0 0 0 0 0 0 0 0 0 0 0
ynao_sd_20061017_0100_ye 0 0 0 0 0 0 0 0 0 0 0
ynao_sd_20061018_0210_ye 1 1 0 0 0 7.3 9.36 7.3 9.36 0 0
ynao_sd_20061019_0430_ye 2 2 0 0 0 11.78 12.82 11.78 12.82 0 0
ynao_sd_20061020_0700_ye 1 1 0 0 0 5.98 7.45 5.98 7.45 0 0
ynao_sd_20061023_0345_ye 0 0 0 0 0 0 0 0 0 0 0
ynao_sd_20061024_0450_ye 0 0 0 0 0 0 0 0 0 0 0
ynao_sd_20061025_0140_ye 2 2 0 0 0 12.29 15.12 12.29 15.12 0 0
ynao_sd_20061026_0210_ye 2 2 0 0 0 13.12 14.87 13.12 14.87 0 0
ynao_sd_20061027_0330_ye 1 1 0 0 0 7.67 10.1 7.67 10.1 0 0
ynao_sd_20061029_0150_ye 3 3 0 0 0 21.0 24.14 21.0 24.14 0 0
ynao_sd_20061030_0105_ye 0 0 0 0 0 0 0 0 0 0 0
ynao_sd_20061031_0130_ye 1 1 0 0 0 7.24 11.18 7.24 11.18 0 0
ynao_sd_20061101_0340_ye 1 1 0 0 0 7.15 9.35 7.15 9.35 0 0
ynao_sd_20061102_0045_ye 1 1 0 0 0 6.06 6.17 6.06 6.17 0 0
ynao_sd_20061103_0050_ye 0 0 0 0 0 0 0 0 0 0 0
ynao_sd_20061104_0230_ye 1 1 0 0 0 7.0 11.69 7.0 11.69 0 0
ynao_sd_20061105_0155_ye 0 0 0 0 0 0 0 0 0 0 0
ynao_sd_20061107_0105_ye 0 0 0 0 0 0 0 0 0 0 0
ynao_sd_20061108_0055_ye 0 0 0 0 0 0 0 0 0 0 0
ynao_sd_20061109_0055_ye 0 0 0 0 0 0 0 0 0 0 0
ynao_sd_20061110_0035_ye 0 0 0 0 0 0 0 0 0 0 0
ynao_sd_20061113_0100_ye 1 1 0 0 0 6.28 7.98 6.28 7.98 0 0
ynao_sd_20061114_0100_ye 1 1 0 0 0 5.34 6.06 5.34 6.06 0 0
ynao_sd_20061115_0100_ye 0 0 0 0 0 0 0 0 0 0 0
ynao_sd_20061116_0100_ye 0 0 0 0 0 0 0 0 0 0 0
ynao_sd_20061117_0100_ye 0 0 0 0 0 0 0 0 0 0 0
ynao_sd_20061118_0030_ye 1 1 0 0 0 4.67 16.5 4.67 16.5 0 0
ynao_sd_20061120_0050_ye 2 2 0 0 0 48.1 59.82 48.1 59.82 0 0
ynao_sd_20061121_0107_ye 1 1 0 0 0 5.98 10.27 5.98 10.27 0 0
ynao_sd_20061122_0105_ye 2 2 0 0 0 12.88 29.65 12.88 29.65 0 0
ynao_sd_20061123_0100_ye 1 1 0 0 0 6.28 22.64 6.28 22.64 0 0
ynao_sd_20061124_0100_ye 2 2 0 0 0 57.93 59.88 57.93 59.88 0 0
ynao_sd_20061127_0107_ye 3 3 0 0 0 24.66 59.7 24.66 59.7 0 0
ynao_sd_20061128_0058_ye 16 16 0 0 0 103.92 190.47 103.92 190.47 0 0
ynao_sd_20061129_0107_ye 9 7 2 1 0 190.05 255.81 99.55 135.77 90.5 120.04
ynao_sd_20061130_0120_ye 18 16 2 1 0 280.98 360.21 121.68 177.31 159.3 182.9
ynao_sd_20061203_0310_ye 16 14 2 1 0 216.36 245.86 113.68 139.09 102.68 106.77
ynao_sd_20061204_0120_ye 10 8 2 1 0 165.25 191.96 77.8 95.89 87.45 96.07
ynao_sd_20061205_0100_ye 3 1 2 1 0 149.67 194.32 32.06 49.22 117.61 145.1
ynao_sd_20061206_0100_ye 5 3 2 2 0 1253.17 2103.04 53.38 85.39 1199.79 2017.65
ynao_sd_20061207_0330_ye 3 2 1 1 0 81.74 174.94 35.02 70.09 46.72 104.85
ynao_sd_20061208_0108_ye 6 6 0 0 0 72.61 154.1 72.61 154.1 0 0
ynao_sd_20061211_0120_ye 2 2 0 0 0 9.72 34.69 9.72 34.69 0 0
ynao_sd_20061212_0110_ye 1 1 0 0 0 6.49 7.22 6.49 7.22 0 0
ynao_sd_20061213_0050_ye 0 0 0 0 0 0 0 0 0 0 0
ynao_sd_20061214_0300_ye 1 1 0 0 0 4.01 14.77 4.01 14.77 0 0
ynao_sd_20061215_0235_ye 3 3 0 0 0 227.1 232.36 227.1 232.36 0 0
ynao_sd_20061221_0155_ye 1 1 0 0 0 8.64 17.88 8.64 17.88 0 0
ynao_sd_20061222_0355_ye 1 1 0 0 0 12.25 13.17 12.25 13.17 0 0
ynao_sd_20061226_0140_ye 2 2 0 0 0 12.06 14.34 12.06 14.34 0 0
ynao_sd_20061227_0105_ye 0 0 0 0 0 0 0 0 0 0 0
ynao_sd_20061228_0130_ye 1 1 0 0 0 7.09 10.06 7.09 10.06 0 0
ynao_sd_20061230_0200_ye 2 2 0 0 0 10.61 42.1 10.61 42.1 0 0
