ynao_sd_20070101_0750_ye 3 3 0 1 0 1574.29 3051.31 56.76 101.15 1517.53 2950.16
ynao_sd_20070102_0110_ye 2 2 0 0 0 38.73 60.24 38.73 60.24 0 0
ynao_sd_20070103_0335_ye 2 2 0 0 0 18.63 20.14 18.63 20.14 0 0
ynao_sd_20070108_0550_ye 2 2 0 0 0 27.31 56.95 27.31 56.95 0 0
ynao_sd_20070109_0325_ye 1 1 0 0 0 15.03 17.47 15.03 17.47 0 0
ynao_sd_20070110_0100_ye 0 0 0 0 0 0 0 0 0 0 0
ynao_sd_20070111_0230_ye 0 0 0 0 0 0 0 0 0 0 0
ynao_sd_20070112_0150_ye 1 1 0 0 0 5.98 7.06 5.98 7.06 0 0
ynao_sd_20070115_0100_ye 15 15 0 0 0 100.59 150.04 100.59 150.04 0 0
ynao_sd_20070116_0105_ye 19 19 0 0 0 135.57 161.28 135.57 161.28 0 0
ynao_sd_20070117_0143_ye 14 14 0 0 0 88.8 113.69 88.8 113.69 0 0
ynao_sd_20070118_0130_ye 25 25 0 0 0 165.73 216.47 165.73 216.47 0 0
ynao_sd_20070119_0830_ye 18 18 0 0 0 128.38 131.11 128.38 131.11 0 0
ynao_sd_20070122_0320_ye 6 6 0 0 0 33.96 41.71 33.96 41.71 0 0
ynao_sd_20070123_0600_ye 0 0 0 0 0 0 0 0 0 0 0
ynao_sd_20070124_0140_ye 2 2 0 0 0 14.29 29.45 14.29 29.45 0 0
ynao_sd_20070125_0135_ye 1 1 0 0 0 5.99 31.09 5.99 31.09 0 0
ynao_sd_20070126_0145_ye 0 0 0 0 0 0 0 0 0 0 0
ynao_sd_20070129_0515_ye 4 4 0 0 0 30.77 32.52 30.77 32.52 0 0
ynao_sd_20070204_0435_ye 0 0 0 0 0 0 0 0 0 0 0
ynao_sd_20070205_0125_ye 0 0 0 0 0 0 0 0 0 0 0
ynao_sd_20070206_0435_ye 1 1 0 0 0 7.07 10.51 7.07 10.51 0 0
ynao_sd_20070207_0100_ye 2 2 0 0 0 21.8 23.9 21.8 23.9 0 0
ynao_sd_20070208_0050_ye 0 0 0 0 0 0 0 0 0 0 0
ynao_sd_20070209_0055_ye 0 0 0 0 0 0 0 0 0 0 0
ynao_sd_20070211_0530_ye 0 0 0 0 0 0 0 0 0 0 0
ynao_sd_20070212_0100_ye 0 0 0 0 0 0 0 0 0 0 0
ynao_sd_20070213_0130_ye 1 1 0 0 0 6.36 22.85 6.36 22.85 0 0
ynao_sd_20070214_0200_ye 0 0 0 0 0 0 0 0 0 0 0
ynao_sd_20070215_0720_ye 4 4 0 0 0 32.79 56.39 32.79 56.39 0 0
ynao_sd_20070216_0800_ye 2 2 0 0 0 9.33 21.15 9.33 21.15 0 0
ynao_sd_20070219_0030_ye 0 0 0 0 0 0 0 0 0 0 0
ynao_sd_20070220_0020_ye 0 0 0 0 0 0 0 0 0 0 0
ynao_sd_20070221_0130_ye 2 2 0 0 0 16.65 25.51 16.65 25.51 0 0
ynao_sd_20070222_0115_ye 0 0 0 0 0 0 0 0 0 0 0
ynao_sd_20070224_0145_ye 0 0 0 0 0 0 0 0 0 0 0
ynao_sd_20070226_0100_ye 0 0 0 0 0 0 0 0 0 0 0
ynao_sd_20070227_0100_ye 2 2 0 0 0 10.36 16.71 10.36 16.71 0 0
ynao_sd_20070228_0020_ye 0 0 0 0 0 0 0 0 0 0 0
ynao_sd_20070301_0100_ye 1 1 0 0 0 29.21 32.96 29.21 32.96 0 0
ynao_sd_20070302_0105_ye 0 0 0 0 0 0 0 0 0 0 0
ynao_sd_20070305_0053_ye 1 1 0 0 0 7.0 7.62 7.0 7.62 0 0
ynao_sd_20070306_0150_ye 0 0 0 0 0 0 0 0 0 0 0
ynao_sd_20070307_0045_ye 2 2 0 0 0 12.12 16.19 12.12 16.19 0 0
ynao_sd_20070308_0100_ye 0 0 0 0 0 0 0 0 0 0 0
ynao_sd_20070310_0150_ye 1 1 0 0 0 5.4 17.93 5.4 17.93 0 0
ynao_sd_20070312_0045_ye 7 7 0 0 0 63.89 147.24 63.89 147.24 0 0
ynao_sd_20070313_0035_ye 5 5 0 0 0 35.38 116.84 35.38 116.84 0 0
ynao_sd_20070314_0040_ye 1 1 0 0 0 6.19 20.61 6.19 20.61 0 0
ynao_sd_20070315_0100_ye 2 2 0 0 0 61.97 82.32 61.97 82.32 0 0
ynao_sd_20070316_0100_ye 2 2 0 0 0 8.56 30.8 8.56 30.8 0 0
ynao_sd_20070317_0200_ye 2 2 0 0 0 26.49 136.96 26.49 136.96 0 0
ynao_sd_20070318_0130_ye 1 1 0 0 0 19.21 22.59 19.21 22.59 0 0
ynao_sd_20070319_0050_ye 1 1 0 0 0 8.33 9.54 8.33 9.54 0 0
ynao_sd_20070320_0435_ye 3 3 0 0 0 41.79 58.74 41.79 58.74 0 0
ynao_sd_20070321_0050_ye 2 2 0 0 0 13.43 16.88 13.43 16.88 0 0
ynao_sd_20070322_0200_ye 0 0 0 0 0 0 0 0 0 0 0
ynao_sd_20070323_0100_ye 0 0 0 0 0 0 0 0 0 0 0
ynao_sd_20070326_0055_ye 0 0 0 0 0 0 0 0 0 0 0
ynao_sd_20070327_0050_ye 0 0 0 0 0 0 0 0 0 0 0
ynao_sd_20070328_0035_ye 0 0 0 0 0 0 0 0 0 0 0
ynao_sd_20070330_0050_ye 6 6 0 0 0 48.44 70.85 48.44 70.85 0 0
ynao_sd_20070402_0055_ye 4 4 0 0 0 25.14 26.2 25.14 26.2 0 0
ynao_sd_20070405_0050_ye 1 1 0 0 0 5.62 6.96 5.62 6.96 0 0
ynao_sd_20070406_0340_ye 2 2 0 0 0 12.7 46.24 12.7 46.24 0 0
ynao_sd_20070409_0030_ye 2 2 0 0 0 15.6 65.36 15.6 65.36 0 0
ynao_sd_20070410_0700_ye 2 2 0 0 0 24.89 62.54 24.89 62.54 0 0
ynao_sd_20070411_0240_ye 0 0 0 0 0 0 0 0 0 0 0
ynao_sd_20070412_0140_ye 0 0 0 0 0 0 0 0 0 0 0
ynao_sd_20070416_0040_ye 5 5 0 0 0 32.6 66.79 32.6 66.79 0 0
ynao_sd_20070417_0015_ye 1 1 0 0 0 11.9 46.6 11.9 46.6 0 0
ynao_sd_20070418_0345_ye 2 2 0 0 0 9.2 32.46 9.2 32.46 0 0
ynao_sd_20070423_0050_ye 0 0 0 0 0 0 0 0 0 0 0
ynao_sd_20070424_0050_ye 2 2 0 0 0 10.74 39.7 10.74 39.7 0 0
ynao_sd_20070425_0015_ye 3 3 0 0 0 15.31 40.04 15.31 40.04 0 0
ynao_sd_20070427_0055_ye 1 1 0 0 0 8.4 10.26 8.4 10.26 0 0
ynao_sd_20070428_0230_ye 3 3 0 0 0 22.15 30.18 22.15 30.18 0 0
ynao_sd_20070429_0100_ye 0 0 0 0 0 0 0 0 0 0 0
ynao_sd_20070430_0045_ye 1 1 0 0 0 4.89 5.97 4.89 5.97 0 0
ynao_sd_20070501_0140_ye 0 0 0 0 0 0 0 0 0 0 0
ynao_sd_20070502_0135_ye 0 0 0 0 0 0 0 0 0 0 0
ynao_sd_20070503_0030_ye 1 1 0 0 0 7.14 7.92 7.14 7.92 0 0
ynao_sd_20070505_0035_ye 1 1 0 0 0 5.84 7.65 5.84 7.65 0 0
ynao_sd_20070508_0025_ye 0 0 0 0 0 0 0 0 0 0 0
ynao_sd_20070509_0318_ye 0 0 0 0 0 0 0 0 0 0 0
ynao_sd_20070511_0508_ye 1 1 0 0 0 16.8 22.75 16.8 22.75 0 0
ynao_sd_20070513_0130_ye 2 2 0 0 0 14.3 18.28 14.3 18.28 0 0
ynao_sd_20070514_0655_ye 4 4 0 0 0 28.67 61.91 28.67 61.91 0 0
ynao_sd_20070515_0255_ye 6 4 2 1 0 124.02 236.73 41.15 77.17 82.87 159.56
ynao_sd_20070520_0110_ye 24 23 1 1 0 248.51 251.93 205.68 208.84 42.83 43.09
ynao_sd_20070521_0810_ye 12 12 0 0 0 91.82 108.23 91.82 108.23 0 0
ynao_sd_20070523_0115_ye 6 6 0 0 0 37.63 56.17 37.63 56.17 0 0
ynao_sd_20070524_0030_ye 5 5 0 0 0 36.09 87.76 36.09 87.76 0 0
ynao_sd_20070528_0300_ye 5 5 0 0 0 24.92 91.47 24.92 91.47 0 0
ynao_sd_20070529_0145_ye 0 0 0 0 0 0 0 0 0 0 0
ynao_sd_20070530_0120_ye 0 0 0 0 0 0 0 0 0 0 0
ynao_sd_20070531_0150_ye 1 1 0 0 0 10.81 11.57 10.81 11.57 0 0
ynao_sd_20070601_0100_ye 0 0 0 0 0 0 0 0 0 0 0
ynao_sd_20070604_0310_ye 1 1 0 0 0 6.34 7.41 6.34 7.41 0 0
ynao_sd_20070605_0020_ye 1 1 0 0 0 5.03 7.69 5.03 7.69 0 0
ynao_sd_20070606_0310_ye 0 0 0 0 0 0 0 0 0 0 0
ynao_sd_20070607_0040_ye 0 0 0 0 0 0 0 0 0 0 0
ynao_sd_20070608_0050_ye 0 0 0 0 0 0 0 0 0 0 0
ynao_sd_20070611_0250_ye 0 0 0 0 0 0 0 0 0 0 0
ynao_sd_20070613_0145_ye 0 0 0 0 0 0 0 0 0 0 0
ynao_sd_20070616_0210_ye 1 1 0 0 0 8.31 8.79 8.31 8.79 0 0
ynao_sd_20070617_0250_ye 4 4 0 0 0 22.61 48.78 22.61 48.78 0 0
ynao_sd_20070618_0100_ye 1 1 0 0 0 4.81 16.32 4.81 16.32 0 0
ynao_sd_20070619_0755_ye 3 3 0 0 0 13.2 48.78 13.2 48.78 0 0
ynao_sd_20070621_0440_ye 2 2 0 0 0 17.4 52.46 17.4 52.46 0 0
ynao_sd_20070622_0130_ye 3 3 0 0 0 15.6 60.86 15.6 60.86 0 0
ynao_sd_20070624_0150_ye 2 2 0 0 0 12.1 29.98 12.1 29.98 0 0
ynao_sd_20070625_0120_ye 0 0 0 0 0 0 0 0 0 0 0
ynao_sd_20070626_0625_ye 0 0 0 0 0 0 0 0 0 0 0
ynao_sd_20070627_0016_ye 0 0 0 0 0 0 0 0 0 0 0
ynao_sd_20070628_0055_ye 0 0 0 0 0 0 0 0 0 0 0
ynao_sd_20070629_0040_ye 0 0 0 0 0 0 0 0 0 0 0
ynao_sd_20070702_0510_ye 0 0 0 0 0 0 0 0 0 0 0
ynao_sd_20070703_0350_ye 1 1 0 0 0 16.83 25.59 16.83 25.59 0 0
ynao_sd_20070704_0145_ye 3 3 0 0 0 22.81 37.46 22.81 37.46 0 0
ynao_sd_20070705_0040_ye 4 1 3 1 0 156.97 216.04 39.15 52.2 117.82 163.84
ynao_sd_20070706_0205_ye 0 0 0 0 0 0 0 0 0 0 0
ynao_sd_20070710_0605_ye 2 2 0 0 0 10.93 28.33 10.93 28.33 0 0
ynao_sd_20070711_0658_ye 0 0 0 0 0 0 0 0 0 0 0
ynao_sd_20070716_0048_ye 2 2 0 0 0 9.97 17.36 9.97 17.36 0 0
ynao_sd_20070717_0333_ye 0 0 0 0 0 0 0 0 0 0 0
ynao_sd_20070726_0100_ye 1 1 0 0 0 6.7 9.26 6.7 9.26 0 0
ynao_sd_20070727_0405_ye 3 3 0 0 0 19.9 33.62 19.9 33.62 0 0
ynao_sd_20070730_0730_ye 1 1 0 0 0 4.73 16.64 4.73 16.64 0 0
ynao_sd_20070731_0130_ye 3 3 0 0 0 20.33 24.85 20.33 24.85 0 0
ynao_sd_20070806_0030_ye 1 1 0 0 0 4.81 17.66 4.81 17.66 0 0
ynao_sd_20070807_0100_cun 2 2 0 0 0 15.82 22.57 15.82 22.57 0 0
ynao_sd_20070808_0100_cun 2 2 0 0 0 30.01 32.48 30.01 32.48 0 0
ynao_sd_20070809_0100_cun 0 0 0 0 0 0 0 0 0 0 0
ynao_sd_20070810_0137_cun 3 3 0 0 0 16.89 36.27 16.89 36.27 0 0
ynao_sd_20070813_0710_ye 0 0 0 0 0 0 0 0 0 0 0
ynao_sd_20070814_0250_ye 2 2 0 0 0 10.5 10.9 10.5 10.9 0 0
ynao_sd_20070815_0040_ye 1 1 0 0 0 4.96 5.85 4.96 5.85 0 0
ynao_sd_20070816_0800_ye 2 2 0 0 0 13.17 16.24 13.17 16.24 0 0
ynao_sd_20070817_0240_ye 1 1 0 0 0 4.37 15.33 4.37 15.33 0 0
ynao_sd_20070819_0240_ye 1 1 0 0 0 8.1 8.79 8.1 8.79 0 0
ynao_sd_20070820_0115_cun 1 1 0 0 0 4.59 16.53 4.59 16.53 0 0
ynao_sd_20070821_0100_cun 3 3 0 0 0 16.78 31.7 16.78 31.7 0 0
ynao_sd_20070822_0105_cun 3 3 0 0 0 15.38 58.9 15.38 58.9 0 0
ynao_sd_20070823_0145_cun 0 0 0 0 0 0 0 0 0 0 0
ynao_sd_20070825_0455_cun 3 3 0 0 0 15.75 44.17 15.75 44.17 0 0
ynao_sd_20070827_0340_ye 0 0 0 0 0 0 0 0 0 0 0
ynao_sd_20070828_0800_ye 1 1 0 0 0 11.02 22.32 11.02 22.32 0 0
ynao_sd_20070829_0105_ye 0 0 0 0 0 0 0 0 0 0 0
ynao_sd_20070830_0057_ye 1 1 0 0 0 9.41 15.02 9.41 15.02 0 0
ynao_sd_20070831_0640_ye 0 0 0 0 0 0 0 0 0 0 0
ynao_sd_20070907_0145_cun 1 1 0 0 0 6.49 8.4 6.49 8.4 0 0
ynao_sd_20070908_0530_cun 0 0 0 0 0 0 0 0 0 0 0
ynao_sd_20070912_0640_ye 2 2 0 0 0 21.13 40.49 21.13 40.49 0 0
ynao_sd_20070913_0650_ye 0 0 0 0 0 0 0 0 0 0 0
ynao_sd_20070915_0620_ye 2 2 0 0 0 16.43 19.87 16.43 19.87 0 0
ynao_sd_20070916_0340_ye 1 1 0 0 0 9.25 14.12 9.25 14.12 0 0
ynao_sd_20070918_0200_cun 1 1 0 0 0 4.52 14.96 4.52 14.96 0 0
ynao_sd_20070919_0230_cun 1 1 0 0 0 6.12 7.28 6.12 7.28 0 0
ynao_sd_20070920_0100_cun 0 0 0 0 0 0 0 0 0 0 0
ynao_sd_20070921_0130_cun 0 0 0 0 0 0 0 0 0 0 0
ynao_sd_20070922_0330_cun 0 0 0 0 0 0 0 0 0 0 0
ynao_sd_20070923_0330_cun 0 0 0 0 0 0 0 0 0 0 0
ynao_sd_20070924_0052_ye 2 2 0 0 0 17.37 19.79 17.37 19.79 0 0
ynao_sd_20070927_0730_cun 1 1 0 0 0 6.07 9.81 6.07 9.81 0 0
ynao_sd_20070928_0337_ye 5 5 0 0 0 40.32 42.56 40.32 42.56 0 0
ynao_sd_20070929_0745_cun 4 4 0 0 0 38.62 38.81 38.62 38.81 0 0
ynao_sd_20070930_0150_cun 10 10 0 0 0 76.37 84.53 76.37 84.53 0 0
ynao_sd_20071001_0125_ye 9 9 0 0 0 67.07 70.98 67.07 70.98 0 0
ynao_sd_20071002_0600_ye 0 0 0 0 0 0 0 0 0 0 0
ynao_sd_20071003_0240_ye 1 1 0 0 0 6.99 10.37 6.99 10.37 0 0
ynao_sd_20071004_0040_ye 0 0 0 0 0 0 0 0 0 0 0
ynao_sd_20071005_0630_cun 3 3 0 0 0 20.26 43.05 20.26 43.05 0 0
ynao_sd_20071006_0640_cun 0 0 0 0 0 0 0 0 0 0 0
ynao_sd_20071007_0615_cun 1 1 0 0 0 7.44 8.67 7.44 8.67 0 0
ynao_sd_20071008_0133_ye 2 2 0 0 0 16.12 16.87 16.12 16.87 0 0
ynao_sd_20071011_0250_cun 2 2 0 0 0 8.31 27.94 8.31 27.94 0 0
ynao_sd_20071022_0405_ye 1 1 0 0 0 5.77 13.82 5.77 13.82 0 0
ynao_sd_20071023_0108_ye 0 0 0 0 0 0 0 0 0 0 0
ynao_sd_20071024_0130_ye 1 1 0 0 0 4.74 16.87 4.74 16.87 0 0
ynao_sd_20071025_0400_ye 1 1 0 0 0 5.91 6.42 5.91 6.42 0 0
ynao_sd_20071026_0115_ye 0 0 0 0 0 0 0 0 0 0 0
ynao_sd_20071027_0410_ye 1 1 0 0 0 4.89 17.95 4.89 17.95 0 0
ynao_sd_20071029_0130_ye 0 0 0 0 0 0 0 0 0 0 0
ynao_sd_20071030_0200_cun 0 0 0 0 0 0 0 0 0 0 0
ynao_sd_20071031_0430_cun 0 0 0 0 0 0 0 0 0 0 0
ynao_sd_20071102_0140_ye 1 1 0 0 0 6.93 7.44 6.93 7.44 0 0
ynao_sd_20071105_0150_ye 2 2 0 0 0 16.19 23.55 16.19 23.55 0 0
ynao_sd_20071106_0110_ye 0 0 0 0 0 0 0 0 0 0 0
ynao_sd_20071107_0105_ye 2 2 0 0 0 11.09 14.18 11.09 14.18 0 0
ynao_sd_20071109_0205_ye 1 1 0 0 0 9.18 22.23 9.18 22.23 0 0
ynao_sd_20071110_0410_ye 2 2 0 0 0 14.42 27.81 14.42 27.81 0 0
ynao_sd_20071111_0140_ye 0 0 0 0 0 0 0 0 0 0 0
ynao_sd_20071112_0115_ye 3 3 0 0 0 25.03 51.96 25.03 51.96 0 0
ynao_sd_20071113_0220_cun 2 2 0 0 0 22.19 38.87 22.19 38.87 0 0
ynao_sd_20071115_0330_cun 1 1 0 0 0 6.64 7.94 6.64 7.94 0 0
ynao_sd_20071116_0100_cun 1 1 0 0 0 7.21 7.34 7.21 7.34 0 0
ynao_sd_20071117_0330_cun 2 2 0 0 0 20.85 29.29 20.85 29.29 0 0
ynao_sd_20071119_0230_ye 3 3 0 0 0 24.86 39.4 24.86 39.4 0 0
ynao_sd_20071121_0110_ye 4 4 0 0 0 23.67 30.1 23.67 30.1 0 0
ynao_sd_20071122_0250_ye 1 1 0 0 0 6.19 22.7 6.19 22.7 0 0
ynao_sd_20071125_0150_ye 3 3 0 0 0 25.96 58.06 25.96 58.06 0 0
ynao_sd_20071126_0715_ye 6 6 0 0 0 41.36 51.64 41.36 51.64 0 0
ynao_sd_20071128_0200_ye 0 0 0 0 0 0 0 0 0 0 0
ynao_sd_20071129_0205_ye 1 1 0 0 0 6.14 22.74 6.14 22.74 0 0
ynao_sd_20071130_0230_ye 1 1 0 0 0 26.1 33.71 26.1 33.71 0 0
ynao_sd_20071203_0350_ye 1 1 0 0 0 18.87 23.01 18.87 23.01 0 0
ynao_sd_20071205_0115_ye 0 0 0 0 0 0 0 0 0 0 0
ynao_sd_20071206_0200_ye 0 0 0 0 0 0 0 0 0 0 0
ynao_sd_20071207_0125_ye 4 4 0 0 0 24.74 31.79 24.74 31.79 0 0
ynao_sd_20071208_0155_ye 1 1 0 0 0 18.19 29.78 18.19 29.78 0 0
ynao_sd_20071209_0125_ye 3 3 0 0 0 58.43 133.71 58.43 133.71 0 0
ynao_sd_20071210_0100_ye 2 2 0 0 0 48.31 138.94 48.31 138.94 0 0
ynao_sd_20071211_0120_ye 1 1 0 0 0 11.64 12.66 11.64 12.66 0 0
ynao_sd_20071212_0105_ye 0 0 0 0 0 0 0 0 0 0 0
ynao_sd_20071213_0110_ye 1 1 0 0 0 6.93 8.94 6.93 8.94 0 0
ynao_sd_20071214_0110_ye 1 1 0 0 0 9.62 14.56 9.62 14.56 0 0
ynao_sd_20071215_0140_ye 4 4 0 0 0 50.55 101.66 50.55 101.66 0 0
ynao_sd_20071216_0300_ye 1 1 0 0 0 6.12 21.42 6.12 21.42 0 0
ynao_sd_20071217_0425_ye 2 2 0 0 0 12.08 14.18 12.08 14.18 0 0
ynao_sd_20071219_0130_ye 2 2 0 0 0 9.18 23.47 9.18 23.47 0 0
ynao_sd_20071220_0100_ye 0 0 0 0 0 0 0 0 0 0 0
ynao_sd_20071221_0110_ye 0 0 0 0 0 0 0 0 0 0 0
ynao_sd_20071222_0100_ye 1 1 0 0 0 7.29 27.21 7.29 27.21 0 0
ynao_sd_20071223_0350_ye 1 1 0 0 0 5.26 20.06 5.26 20.06 0 0
ynao_sd_20071224_0105_ye 3 3 0 0 0 17.61 41.04 17.61 41.04 0 0
ynao_sd_20071225_0315_ye 1 1 0 0 0 5.91 8.46 5.91 8.46 0 0
ynao_sd_20071226_0350_ye 3 3 0 0 0 24.72 39.69 24.72 39.69 0 0
ynao_sd_20071227_0100_ye 3 1 2 2 0 853.0 1155.65 112.93 190.25 740.07 965.4
ynao_sd_20071228_0430_ye 1 1 0 0 0 17.07 18.06 17.07 18.06 0 0
ynao_sd_20071230_0410_ye 1 1 0 0 0 15.59 17.27 15.59 17.27 0 0
