ynao_sd_20080102_0410_ye 0 0 0 0 0 0 0 0 0 0 0
ynao_sd_20080103_0210_ye 0 0 0 0 0 0 0 0 0 0 0
ynao_sd_20080104_0105_ye 6 6 0 0 0 43.63 73.25 43.63 73.25 0 0
ynao_sd_20080105_0100_ye 9 9 0 0 0 62.0 90.91 62.0 90.91 0 0
ynao_sd_20080107_0120_ye 6 6 0 0 0 37.85 43.6 37.85 43.6 0 0
ynao_sd_20080108_0110_ye 0 0 0 0 0 0 0 0 0 0 0
ynao_sd_20080109_0110_ye 1 1 0 0 0 5.78 21.13 5.78 21.13 0 0
ynao_sd_20080111_0110_ye 4 4 0 0 0 21.65 73.22 21.65 73.22 0 0
ynao_sd_20080112_0130_ye 2 2 0 0 0 16.82 32.27 16.82 32.27 0 0
ynao_sd_20080113_0350_ye 1 1 0 0 0 18.4 29.5 18.4 29.5 0 0
ynao_sd_20080114_0100_ye 3 3 0 0 0 65.88 85.56 65.88 85.56 0 0
ynao_sd_20080117_0100_ye 3 2 1 1 1 307.17 377.32 26.24 35.84 280.93 341.48
ynao_sd_20080118_0100_ye 1 1 0 0 0 7.64 9.11 7.64 9.11 0 0
ynao_sd_20080119_0110_ye 0 0 0 0 0 0 0 0 0 0 0
ynao_sd_20080121_0110_ye 2 2 0 1 0 268.88 556.99 12.98 43.64 255.9 513.35
ynao_sd_20080122_0110_ye 0 0 0 0 0 0 0 0 0 0 0
ynao_sd_20080123_0110_ye 1 1 0 0 0 4.38 5.92 4.38 5.92 0 0
ynao_sd_20080124_0105_ye 1 1 0 0 0 13.4 16.55 13.4 16.55 0 0
ynao_sd_20080125_0220_ye 1 1 0 0 0 12.16 19.39 12.16 19.39 0 0
ynao_sd_20080126_0230_ye 0 0 0 0 0 0 0 0 0 0 0
ynao_sd_20080130_0100_ye 2 2 0 0 0 15.87 31.67 15.87 31.67 0 0
ynao_sd_20080131_0100_ye 2 2 0 0 0 12.92 43.55 12.92 43.55 0 0
ynao_sd_20080202_0055_ye 2 2 0 0 0 15.69 32.1 15.69 32.1 0 0
ynao_sd_20080203_0115_ye 1 1 0 0 0 7.58 11.92 7.58 11.92 0 0
ynao_sd_20080205_0040_ye 2 2 0 0 0 14.58 38.2 14.58 38.2 0 0
ynao_sd_20080206_0220_ye 0 0 0 0 0 0 0 0 0 0 0
ynao_sd_20080207_0300_ye 0 0 0 0 0 0 0 0 0 0 0
ynao_sd_20080210_0150_ye 1 1 0 0 0 5.03 17.98 5.03 17.98 0 0
ynao_sd_20080211_0140_ye 1 1 0 0 0 5.98 21.49 5.98 21.49 0 0
ynao_sd_20080212_0430_ye 1 1 0 0 0 26.17 56.15 26.17 56.15 0 0
ynao_sd_20080213_0620_ye 0 0 0 0 0 0 0 0 0 0 0
ynao_sd_20080216_0230_ye 1 1 0 0 0 5.83 11.07 5.83 11.07 0 0
ynao_sd_20080217_0050_ye 1 1 0 0 0 5.55 17.98 5.55 17.98 0 0
ynao_sd_20080218_0200_ye 4 4 0 0 0 22.02 36.33 22.02 36.33 0 0
ynao_sd_20080220_0620_ye 1 1 0 0 0 5.1 17.42 5.1 17.42 0 0
ynao_sd_20080223_0250_ye 2 2 0 0 0 10.27 34.52 10.27 34.52 0 0
ynao_sd_20080224_0400_ye 3 3 0 0 0 17.55 33.71 17.55 33.71 0 0
ynao_sd_20080225_0100_ye 5 2 3 2 0 611.33 1014.94 181.12 299.41 430.21 715.53
ynao_sd_20080226_0120_ye 1 1 0 0 0 8.18 9.97 8.18 9.97 0 0
ynao_sd_20080228_0130_ye 1 1 0 0 0 7.15 7.86 7.15 7.86 0 0
ynao_sd_20080229_0110_ye 0 0 0 0 0 0 0 0 0 0 0
ynao_sd_20080302_0520_ye 0 0 0 0 0 0 0 0 0 0 0
ynao_sd_20080304_0530_ye 0 0 0 0 0 0 0 0 0 0 0
ynao_sd_20080307_0150_ye 1 1 0 0 0 5.11 16.83 5.11 16.83 0 0
ynao_sd_20080311_0120_ye 2 2 0 0 0 29.97 38.47 29.97 38.47 0 0
ynao_sd_20080312_0110_ye 1 1 0 0 0 8.11 18.02 8.11 18.02 0 0
ynao_sd_20080313_0240_ye 3 3 0 0 0 37.77 103.08 37.77 103.08 0 0
ynao_sd_20080314_0100_ye 1 1 0 0 0 9.13 9.9 9.13 9.9 0 0
ynao_sd_20080317_0105_ye 1 1 0 0 0 7.89 16.56 7.89 16.56 0 0
ynao_sd_20080318_0120_ye 1 1 0 0 0 6.71 10.61 6.71 10.61 0 0
ynao_sd_20080319_0120_ye 1 1 0 0 0 6.65 8.92 6.65 8.92 0 0
ynao_sd_20080320_0300_ye 0 0 0 0 0 0 0 0 0 0 0
ynao_sd_20080321_0130_ye 0 0 0 0 0 0 0 0 0 0 0
ynao_sd_20080324_0115_ye 0 0 0 0 0 0 0 0 0 0 0
ynao_sd_20080325_0105_ye 0 0 0 0 0 0 0 0 0 0 0
ynao_sd_20080326_0520_ye 0 0 0 0 0 0 0 0 0 0 0
ynao_sd_20080327_0050_ye 0 0 0 0 0 0 0 0 0 0 0
ynao_sd_20080328_0055_ye 2 2 0 0 0 20.11 35.65 20.11 35.65 0 0
ynao_sd_20080330_0140_ye 1 1 0 0 0 22.08 36.66 22.08 36.66 0 0
ynao_sd_20080331_0050_ye 1 1 0 0 0 7.29 10.22 7.29 10.22 0 0
ynao_sd_20080401_0100_ye 1 1 0 0 0 6.63 10.82 6.63 10.82 0 0
ynao_sd_20080404_0050_ye 1 1 0 0 0 9.26 38.51 9.26 38.51 0 0
ynao_sd_20080405_0050_ye 0 0 0 0 0 0 0 0 0 0 0
ynao_sd_20080406_0100_ye 1 1 0 0 0 5.62 7.47 5.62 7.47 0 0
ynao_sd_20080407_0050_ye 2 1 1 0 0 5.39 5.49 46.25 59.03 40.86 53.54
ynao_sd_20080408_0110_ye 0 0 0 0 0 0 0 0 0 0 0
ynao_sd_20080409_0100_ye 3 3 0 0 0 41.67 95.1 41.67 95.1 0 0
ynao_sd_20080410_0100_ye 0 0 0 0 0 0 0 0 0 0 0
ynao_sd_20080411_0100_ye 1 1 0 0 0 5.32 6.31 5.32 6.31 0 0
ynao_sd_20080412_0050_ye 0 0 0 0 0 0 0 0 0 0 0
ynao_sd_20080414_0110_ye 2 2 0 0 0 14.06 17.26 14.06 17.26 0 0
ynao_sd_20080415_0100_ye 9 9 0 0 0 63.31 77.19 63.31 77.19 0 0
ynao_sd_20080416_0040_ye 1 1 0 0 0 8.77 25.53 8.77 25.53 0 0
ynao_sd_20080417_0200_ye 0 0 0 0 0 0 0 0 0 0 0
ynao_sd_20080418_0100_ye 1 1 0 0 0 5.33 14.55 5.33 14.55 0 0
ynao_sd_20080421_0040_ye 1 1 0 0 0 5.69 19.38 5.69 19.38 0 0
ynao_sd_20080422_0030_ye 0 0 0 0 0 0 0 0 0 0 0
ynao_sd_20080423_0135_ye 11 11 0 0 0 86.0 143.81 86.0 143.81 0 0
ynao_sd_20080425_0110_ye 1 1 0 0 0 7.36 9.42 7.36 9.42 0 0
ynao_sd_20080428_0030_ye 0 0 0 0 0 0 0 0 0 0 0
ynao_sd_20080429_0155_ye 1 1 0 0 0 4.82 17.23 4.82 17.23 0 0
ynao_sd_20080501_0200_ye 1 1 0 0 0 8.24 11.02 8.24 11.02 0 0
ynao_sd_20080502_0140_ye 1 1 0 0 0 3.93 12.68 3.93 12.68 0 0
ynao_sd_20080503_0100_ye 2 2 0 0 0 14.81 16.07 14.81 16.07 0 0
ynao_sd_20080506_0305_ye 0 0 0 0 0 0 0 0 0 0 0
ynao_sd_20080507_0040_ye 1 1 0 0 0 7.29 11.74 7.29 11.74 0 0
ynao_sd_20080508_0110_ye 0 0 0 0 0 0 0 0 0 0 0
ynao_sd_20080509_0040_ye 2 2 0 0 0 29.19 34.82 29.19 34.82 0 0
ynao_sd_20080511_0340_ye 1 1 0 0 0 4.96 5.97 4.96 5.97 0 0
ynao_sd_20080512_0320_ye 1 1 0 0 0 4.23 15.14 4.23 15.14 0 0
ynao_sd_20080513_0350_ye 4 4 0 0 0 25.41 72.76 25.41 72.76 0 0
ynao_sd_20080516_0430_ye 2 2 0 0 0 11.3 24.87 11.3 24.87 0 0
ynao_sd_20080521_0230_ye 0 0 0 0 0 0 0 0 0 0 0
ynao_sd_20080522_0110_ye 2 2 0 0 0 13.95 39.0 13.95 39.0 0 0
ynao_sd_20080523_0045_ye 0 0 0 1 0 939.19 1413.73 0 0 939.19 1413.73
ynao_sd_20080524_0030_ye 0 0 0 0 0 0 0 0 0 0 0
ynao_sd_20080525_0110_ye 1 1 0 0 0 4.73 22.18 4.73 22.18 0 0
ynao_sd_20080526_0040_ye 0 0 0 0 0 0 0 0 0 0 0
ynao_sd_20080527_0040_ye 0 0 0 0 0 0 0 0 0 0 0
ynao_sd_20080529_0050_ye 0 0 0 0 0 0 0 0 0 0 0
ynao_sd_20080601_0510_ye 0 0 0 0 0 0 0 0 0 0 0
ynao_sd_20080602_0415_ye 0 0 0 0 0 0 0 0 0 0 0
ynao_sd_20080603_0050_ye 2 2 0 0 0 9.76 36.88 9.76 36.88 0 0
ynao_sd_20080604_0305_ye 5 5 0 0 0 35.92 66.1 35.92 66.1 0 0
ynao_sd_20080606_0055_ye 2 2 0 0 0 15.38 32.37 15.38 32.37 0 0
ynao_sd_20080607_0340_ye 0 0 0 0 0 0 0 0 0 0 0
ynao_sd_20080610_0140_ye 1 1 0 0 0 6.19 6.92 6.19 6.92 0 0
ynao_sd_20080611_0220_ye 3 3 0 0 0 20.27 37.14 20.27 37.14 0 0
ynao_sd_20080612_0015_ye 1 1 0 0 0 4.53 16.46 4.53 16.46 0 0
ynao_sd_20080613_0030_ye 1 1 0 0 0 5.1 18.28 5.1 18.28 0 0
ynao_sd_20080618_0415_ye 1 1 0 0 0 4.23 15.2 4.23 15.2 0 0
ynao_sd_20080619_0325_ye 1 1 0 0 0 6.13 22.11 6.13 22.11 0 0
ynao_sd_20080620_0130_ye 1 1 0 0 0 11.97 15.62 11.97 15.62 0 0
ynao_sd_20080624_0130_ye 0 0 0 0 0 0 0 0 0 0 0
ynao_sd_20080628_0050_ye 0 0 0 0 0 0 0 0 0 0 0
ynao_sd_20080630_0145_ye 0 0 0 0 0 0 0 0 0 0 0
ynao_sd_20080707_0100_ye 0 0 0 0 0 0 0 0 0 0 0
ynao_sd_20080710_0130_ye 4 4 0 0 0 60.96 90.81 60.96 90.81 0 0
ynao_sd_20080714_0200_ye 0 0 0 0 0 0 0 0 0 0 0
ynao_sd_20080715_0110_ye 2 2 0 0 0 22.98 28.6 22.98 28.6 0 0
ynao_sd_20080718_0100_ye 1 1 0 0 0 4.53 7.61 4.53 7.61 0 0
ynao_sd_20080721_0350_ye 0 0 0 0 0 0 0 0 0 0 0
ynao_sd_20080723_0040_ye 2 2 0 0 0 27.95 34.63 27.95 34.63 0 0
ynao_sd_20080728_0340_ye 0 0 0 0 0 0 0 0 0 0 0
ynao_sd_20080730_0040_ye 1 1 0 0 0 6.87 7.06 6.87 7.06 0 0
ynao_sd_20080731_0100_ye 0 0 0 0 0 0 0 0 0 0 0
ynao_sd_20080801_0050_ye 0 0 0 0 0 0 0 0 0 0 0
ynao_sd_20080804_0640_ye 0 0 0 0 0 0 0 0 0 0 0
ynao_sd_20080805_0400_ye 1 1 0 0 0 4.31 15.06 4.31 15.06 0 0
ynao_sd_20080806_0240_ye 2 2 0 0 0 11.9 35.58 11.9 35.58 0 0
ynao_sd_20080810_0650_ye 1 1 0 0 0 4.31 25.95 4.31 25.95 0 0
ynao_sd_20080811_0135_ye 0 0 0 0 0 0 0 0 0 0 0
ynao_sd_20080812_0400_ye 3 3 0 0 0 17.19 46.46 17.19 46.46 0 0
ynao_sd_20080814_0130_ye 2 2 0 1 0 214.14 249.89 15.3 17.42 198.84 232.47
ynao_sd_20080815_0330_ye 3 3 0 0 0 69.41 123.97 69.41 123.97 0 0
ynao_sd_20080818_0130_ye 1 1 0 0 0 5.83 11.92 5.83 11.92 0 0
ynao_sd_20080820_0030_ye 0 0 0 0 0 0 0 0 0 0 0
ynao_sd_20080822_0400_ye 0 0 0 0 0 0 0 0 0 0 0
ynao_sd_20080823_0220_ye 2 1 1 0 0 9.92 10.66 22.75 27.56 12.83 16.9
ynao_sd_20080825_0500_ye 2 2 0 0 0 12.46 23.75 12.46 23.75 0 0
ynao_sd_20080826_0230_ye 0 0 0 0 0 0 0 0 0 0 0
ynao_sd_20080828_0405_ye 2 2 0 0 0 11.73 19.73 11.73 19.73 0 0
ynao_sd_20080829_0455_ye 2 2 0 0 0 14.29 22.99 14.29 22.99 0 0
ynao_sd_20080902_0810_ye 0 0 0 0 0 0 0 0 0 0 0
ynao_sd_20080904_0530_ye 1 1 0 0 0 27.31 27.89 27.31 27.89 0 0
ynao_sd_20080905_0230_ye 3 3 0 0 0 22.64 37.51 22.64 37.51 0 0
ynao_sd_20080908_0240_ye 0 0 0 0 0 0 0 0 0 0 0
ynao_sd_20080910_0230_ye 1 1 0 0 0 11.24 14.22 11.24 14.22 0 0
ynao_sd_20080912_0040_ye 2 2 0 0 0 24.36 28.97 24.36 28.97 0 0
ynao_sd_20080914_0210_ye 3 3 0 0 0 36.57 49.26 36.57 49.26 0 0
ynao_sd_20080916_0100_ye 0 0 0 0 0 0 0 0 0 0 0
ynao_sd_20080917_0230_ye 1 1 0 0 0 4.67 6.82 4.67 6.82 0 0
ynao_sd_20080918_0230_ye 0 0 0 0 0 0 0 0 0 0 0
ynao_sd_20080919_0300_ye 3 3 0 0 0 39.91 64.48 39.91 64.48 0 0
ynao_sd_20080921_0330_ye 1 1 0 0 0 11.58 13.65 11.58 13.65 0 0
ynao_sd_20080922_0100_ye 2 2 0 0 0 14.73 24.94 14.73 24.94 0 0
ynao_sd_20080923_0038_ye 10 10 0 0 0 68.98 78.48 68.98 78.48 0 0
ynao_sd_20080924_0120_ye 3 3 0 0 0 29.4 36.45 29.4 36.45 0 0
ynao_sd_20080930_0650_ye 2 2 0 0 0 13.66 36.79 13.66 36.79 0 0
ynao_sd_20081001_0220_ye 1 1 0 0 0 9.85 39.56 9.85 39.56 0 0
ynao_sd_20081002_0200_ye 0 0 0 0 0 0 0 0 0 0 0
ynao_sd_20081003_0210_ye 1 1 0 0 0 9.33 10.09 9.33 10.09 0 0
ynao_sd_20081006_0050_ye 0 0 0 0 0 0 0 0 0 0 0
ynao_sd_20081009_0045_ye 2 2 0 0 0 14.52 18.12 14.52 18.12 0 0
ynao_sd_20081010_0208_ye 1 1 0 0 0 6.49 8.88 6.49 8.88 0 0
ynao_sd_20081014_0058_ye 9 9 0 0 0 147.7 179.68 147.7 179.68 0 0
ynao_sd_20081015_0200_ye 8 8 0 0 0 73.7 91.22 73.7 91.22 0 0
ynao_sd_20081016_0240_ye 5 5 0 0 0 37.29 40.98 37.29 40.98 0 0
ynao_sd_20081017_0120_ye 3 3 0 0 0 22.24 27.09 22.24 27.09 0 0
ynao_sd_20081020_0310_ye 1 1 0 0 0 6.93 25.53 6.93 25.53 0 0
ynao_sd_20081021_0405_ye 0 0 0 0 0 0 0 0 0 0 0
ynao_sd_20081022_0150_ye 2 2 0 0 0 25.51 40.27 25.51 40.27 0 0
ynao_sd_20081027_0530_ye 2 2 0 0 0 13.19 21.69 13.19 21.69 0 0
ynao_sd_20081029_0105_ye 1 1 0 0 0 10.34 11.33 10.34 11.33 0 0
ynao_sd_20081103_0050_ye 9 8 1 1 0 113.35 146.04 87.07 113.1 26.28 32.94
ynao_sd_20081106_0155_ye 2 2 0 0 0 11.09 25.4 11.09 25.4 0 0
ynao_sd_20081108_0400_ye 0 0 0 0 0 0 0 0 0 0 0
ynao_sd_20081110_0105_ye 2 2 0 0 0 10.49 22.35 10.49 22.35 0 0
ynao_sd_20081111_0145_ye 10 10 0 0 0 126.19 144.53 126.19 144.53 0 0
ynao_sd_20081112_0200_ye 15 14 1 2 0 177.85 207.5 99.8 116.58 78.05 90.92
ynao_sd_20081113_0050_ye 13 11 2 1 0 160.47 213.46 92.48 127.02 67.99 86.44
ynao_sd_20081114_0050_ye 6 5 1 1 0 80.85 115.94 34.0 47.28 46.85 68.66
ynao_sd_20081116_0115_ye 0 0 0 0 0 0 0 0 0 0 0
ynao_sd_20081117_0050_ye 2 2 0 0 0 13.13 32.26 13.13 32.26 0 0
ynao_sd_20081118_0330_ye 0 0 0 0 0 0 0 0 0 0 0
ynao_sd_20081121_0110_ye 1 1 0 0 0 6.99 21.61 6.99 21.61 0 0
ynao_sd_20081123_0100_ye 1 1 0 0 0 6.2 15.76 6.2 15.76 0 0
ynao_sd_20081124_0410_ye 0 0 0 0 0 0 0 0 0 0 0
ynao_sd_20081125_0120_ye 0 0 0 0 0 0 0 0 0 0 0
ynao_sd_20081126_0045_ye 0 0 0 0 0 0 0 0 0 0 0
ynao_sd_20081128_0110_ye 0 0 0 0 0 0 0 0 0 0 0
ynao_sd_20081201_0700_ye 3 3 0 0 0 53.43 67.59 53.43 67.59 0 0
ynao_sd_20081202_0120_ye 0 0 0 0 0 0 0 0 0 0 0
ynao_sd_20081203_0105_ye 0 0 0 1 0 390.38 472.81 0 0 390.38 472.81
ynao_sd_20081208_0110_ye 1 1 0 0 0 10.35 14.96 10.35 14.96 0 0
ynao_sd_20081209_0210_ye 1 1 0 0 0 6.63 29.33 6.63 29.33 0 0
ynao_sd_20081210_0310_ye 2 2 0 0 0 14.41 38.34 14.41 38.34 0 0
ynao_sd_20081215_0340_ye 0 0 0 0 0 0 0 0 0 0 0
ynao_sd_20081216_0310_ye 2 2 0 0 0 14.28 18.72 14.28 18.72 0 0
ynao_sd_20081218_0710_ye 0 0 0 0 0 0 0 0 0 0 0
ynao_sd_20081219_0230_ye 0 0 0 0 0 0 0 0 0 0 0
ynao_sd_20081223_0300_ye 0 0 0 0 0 0 0 0 0 0 0
ynao_sd_20081224_0140_ye 0 0 0 0 0 0 0 0 0 0 0
ynao_sd_20081229_0430_ye 0 0 0 0 0 0 0 0 0 0 0
ynao_sd_20081230_0110_ye 0 0 0 0 0 0 0 0 0 0 0
