ynao_sd_20090107_0130_ye 2 2 0 0 0 15.03 26.35 15.03 26.35 0 0
ynao_sd_20090108_0115_ye 0 0 0 0 0 0 0 0 0 0 0
ynao_sd_20090129_0150_ye 1 1 0 0 0 17.34 18.01 17.34 18.01 0 0
ynao_sd_20090130_0100_ye 0 0 0 0 0 0 0 0 0 0 0
ynao_sd_20090131_0350_ye 0 0 0 0 0 0 0 0 0 0 0
ynao_sd_20090201_0110_ye 0 0 0 0 0 0 0 0 0 0 0
ynao_sd_20090209_0120_ye 4 3 1 1 0 353.7 479.15 62.21 117.61 291.49 361.54
ynao_sd_20090210_0200_ye 1 1 0 0 0 7.29 22.86 7.29 22.86 0 0
ynao_sd_20090217_0100_ye 3 3 0 0 0 32.32 39.63 32.32 39.63 0 0
ynao_sd_20090225_0128_ye 4 4 0 0 0 30.33 37.99 30.33 37.99 0 0
ynao_sd_20090226_0130_ye 1 1 0 0 0 10.2 12.17 10.2 12.17 0 0
ynao_sd_20090302_0120_ye 0 0 0 0 0 0 0 0 0 0 0
ynao_sd_20090306_0200_ye 0 0 0 0 0 0 0 0 0 0 0
ynao_sd_20090311_0130_ye 0 0 0 0 0 0 0 0 0 0 0
ynao_sd_20090313_0100_ye 0 0 0 0 0 0 0 0 0 0 0
ynao_sd_20090319_0100_ye 0 0 0 0 0 0 0 0 0 0 0
ynao_sd_20090324_0100_ye 1 1 0 0 0 6.71 9.34 6.71 9.34 0 0
ynao_sd_20090330_0140_ye 2 2 0 0 0 18.01 26.07 18.01 26.07 0 0
ynao_sd_20090331_0100_ye 0 0 0 0 0 0 0 0 0 0 0
ynao_sd_20090403_0130_ye 1 1 0 0 0 12.31 38.27 12.31 38.27 0 0
ynao_sd_20090408_0210_ye 1 1 0 0 0 14.84 21.6 14.84 21.6 0 0
ynao_sd_20090409_0130_ye 0 0 0 0 0 0 0 0 0 0 0
ynao_sd_20090410_0130_ye 1 1 0 0 0 6.55 6.62 6.55 6.62 0 0
ynao_sd_20090414_0110_ye 1 1 0 0 0 3.86 4.72 3.86 4.72 0 0
ynao_sd_20090417_0040_ye 2 2 0 0 0 36.75 58.64 36.75 58.64 0 0
ynao_sd_20090419_0150_ye 2 2 0 0 0 13.3 18.57 13.3 18.57 0 0
ynao_sd_20090422_0120_ye 1 1 0 0 0 12.32 30.91 12.32 30.91 0 0
ynao_sd_20090427_0120_ye 1 1 0 0 0 21.49 30.23 21.49 30.23 0 0
ynao_sd_20090430_0050_ye 0 0 0 0 0 0 0 0 0 0 0
ynao_sd_20090504_0420_ye 0 0 0 0 0 0 0 0 0 0 0
ynao_sd_20090507_0110_ye 1 1 0 0 0 8.66 17.41 8.66 17.41 0 0
ynao_sd_20090511_0110_ye 0 0 0 0 0 0 0 0 0 0 0
ynao_sd_20090513_0050_ye 0 0 0 0 0 0 0 0 0 0 0
ynao_sd_20090518_0425_ye 8 8 0 0 0 69.61 93.71 69.61 93.71 0 0
ynao_sd_20090520_0050_ye 1 1 0 0 0 4.52 5.17 4.52 5.17 0 0
ynao_sd_20090925_0133_ye 4 4 0 0 0 78.3 82.39 78.3 82.39 0 0
ynao_sd_20090928_0037_ye 5 5 0 0 0 52.81 65.16 52.81 65.16 0 0
ynao_sd_20090929_0057_ye 9 8 1 0 0 97.03 129.61 104.62 141.65 7.59 12.04
ynao_sd_20090930_0055_ye 4 4 0 0 0 32.92 59.17 32.92 59.17 0 0
ynao_sd_20091002_0050_ye 1 1 0 0 0 5.9 9.66 5.9 9.66 0 0
ynao_sd_20091003_0320_ye 1 1 0 0 0 7.58 7.99 7.58 7.99 0 0
ynao_sd_20091007_0210_ye 0 0 0 0 0 0 0 0 0 0 0
ynao_sd_20091012_0158_ye 0 0 0 0 0 0 0 0 0 0 0
ynao_sd_20091013_0200_ye 0 0 0 0 0 0 0 0 0 0 0
ynao_sd_20091019_0240_ye 0 0 0 0 0 0 0 0 0 0 0
ynao_sd_20091021_0120_ye 2 2 0 0 0 11.22 18.31 11.22 18.31 0 0
ynao_sd_20091023_0210_ye 1 1 0 0 0 7.82 7.85 7.82 7.85 0 0
ynao_sd_20091026_0030_ye 28 28 0 0 0 225.69 250.43 225.69 250.43 0 0
ynao_sd_20091027_0140_ye 22 19 3 2 0 517.59 640.64 209.13 260.77 308.46 379.87
ynao_sd_20091028_0045_ye 25 21 4 1 0 556.27 832.68 241.63 358.27 314.64 474.41
ynao_sd_20091029_0100_ye 23 21 2 2 0 333.21 659.99 198.46 387.5 134.75 272.49
ynao_sd_20091030_0100_ye 13 12 1 1 0 199.94 594.68 97.6 269.52 102.34 325.16
ynao_sd_20091102_0300_ye 0 0 0 0 0 0 0 0 0 0 0
ynao_sd_20091103_0100_ye 1 1 0 0 0 6.78 13.64 6.78 13.64 0 0
ynao_sd_20091104_0100_ye 0 0 0 0 0 0 0 0 0 0 0
ynao_sd_20091109_0100_ye 0 0 0 0 0 0 0 0 0 0 0
ynao_sd_20091110_0100_ye 4 4 0 0 0 39.96 63.74 39.96 63.74 0 0
ynao_sd_20091111_0100_ye 5 5 0 0 0 36.94 79.29 36.94 79.29 0 0
ynao_sd_20091112_0100_ye 4 4 0 0 0 50.94 119.85 50.94 119.85 0 0
ynao_sd_20091116_0440_ye 1 1 0 0 0 19.47 36.13 19.47 36.13 0 0
ynao_sd_20091130_0110_ye 4 4 0 0 0 29.73 67.57 29.73 67.57 0 0
ynao_sd_20091201_0110_ye 0 0 0 0 0 0 0 0 0 0 0
ynao_sd_20091203_0720_ye 0 0 0 0 0 0 0 0 0 0 0
ynao_sd_20091204_0230_ye 1 1 0 0 0 8.38 24.35 8.38 24.35 0 0
ynao_sd_20091206_0200_ye 0 0 0 0 0 0 0 0 0 0 0
ynao_sd_20091207_0350_ye 0 0 0 0 0 0 0 0 0 0 0
ynao_sd_20091210_0110_ye 4 4 0 0 0 40.61 129.13 40.61 129.13 0 0
ynao_sd_20091211_0100_ye 3 3 0 0 0 31.05 55.76 31.05 55.76 0 0
ynao_sd_20091213_0140_ye 6 6 0 0 0 66.2 92.53 66.2 92.53 0 0
ynao_sd_20091214_0130_ye 11 11 0 0 0 110.25 124.97 110.25 124.97 0 0
ynao_sd_20091215_0110_ye 17 16 1 1 0 245.3 281.74 192.35 219.24 52.95 62.5
ynao_sd_20091216_0110_ye 30 28 2 2 0 334.96 391.81 252.08 294.26 82.88 97.55
ynao_sd_20091217_0345_ye 27 20 7 3 0 523.09 647.57 245.47 304.04 277.62 343.53
ynao_sd_20091218_0130_ye 16 7 9 2 0 836.16 1172.06 220.96 317.43 615.2 854.63
ynao_sd_20091221_0135_ye 16 16 0 0 0 189.83 529.78 189.83 529.78 0 0
ynao_sd_20091222_0120_ye 7 7 0 0 0 59.58 110.19 59.58 110.19 0 0
ynao_sd_20091223_0140_ye 6 6 0 0 0 56.56 95.12 56.56 95.12 0 0
ynao_sd_20091225_0120_ye 1 1 0 0 0 6.7 26.91 6.7 26.91 0 0
ynao_sd_20091229_0300_ye 0 0 0 0 0 0 0 0 0 0 0
ynao_sd_20091230_0130_ye 0 0 0 0 0 0 0 0 0 0 0
ynao_sd_20091231_0112_ye 1 1 0 0 0 9.78 12.99 9.78 12.99 0 0
