ynao_sd_20100101_0335_ye 2 2 0 0 0 10.78 12.12 10.78 12.12 0 0
ynao_sd_20100102_0315_ye 0 0 0 0 0 0 0 0 0 0 0
ynao_sd_20100103_0150_ye 0 0 0 0 0 0 0 0 0 0 0
ynao_sd_20100104_0115_ye 1 1 0 0 0 9.69 13.68 9.69 13.68 0 0
ynao_sd_20100105_0110_ye 0 0 0 0 0 0 0 0 0 0 0
ynao_sd_20100106_0110_ye 0 0 0 0 0 0 0 0 0 0 0
ynao_sd_20100107_0140_ye 4 4 0 0 0 31.65 70.4 31.65 70.4 0 0
ynao_sd_20100108_0115_ye 12 12 0 0 0 89.32 153.54 89.32 153.54 0 0
ynao_sd_20100111_0120_ye 27 26 1 1 0 266.0 347.96 227.39 300.42 38.61 47.54
ynao_sd_20100114_0345_ye 33 19 14 3 0 836.09 1032.24 273.55 336.17 562.54 696.07
ynao_sd_20100115_0115_ye 27 19 8 3 0 800.8 1110.25 243.79 332.72 557.01 777.53
ynao_sd_20100116_0358_ye 19 14 5 2 0 343.02 590.38 130.96 216.65 212.06 373.73
ynao_sd_20100118_0152_ye 9 8 1 1 0 134.85 491.57 99.83 365.14 35.02 126.43
ynao_sd_20100119_0130_ye 0 0 0 0 0 0 0 0 0 0 0
ynao_sd_20100120_0418_ye 0 0 0 0 0 0 0 0 0 0 0
ynao_sd_20100121_0120_ye 0 0 0 0 0 0 0 0 0 0 0
ynao_sd_20100122_0125_ye 0 0 0 0 0 0 0 0 0 0 0
ynao_sd_20100123_0140_ye 15 12 3 1 0 166.68 211.45 112.08 140.85 54.6 70.6
ynao_sd_20100125_0123_ye 7 5 2 1 0 102.96 212.42 50.79 98.37 52.17 114.05
ynao_sd_20100127_0103_ye 1 1 0 0 0 6.13 8.76 6.13 8.76 0 0
ynao_sd_20100128_0108_ye 1 1 0 0 0 5.61 6.37 5.61 6.37 0 0
ynao_sd_20100201_0110_ye 10 10 0 0 0 96.89 133.23 96.89 133.23 0 0
ynao_sd_20100202_0105_ye 8 6 2 1 0 98.74 113.38 47.15 54.57 51.59 58.81
ynao_sd_20100204_0125_ye 5 5 0 1 0 68.91 84.61 32.02 38.98 36.89 45.63
ynao_sd_20100205_0105_ye 3 3 0 0 0 47.41 65.93 47.41 65.93 0 0
ynao_sd_20100208_0115_ye 57 49 8 3 0 672.36 895.89 406.87 593.41 265.49 302.48
ynao_sd_20100209_0110_ye 42 38 4 3 0 565.25 711.66 338.63 445.0 226.62 266.66
ynao_sd_20100210_0110_ye 43 40 3 2 0 471.32 638.03 324.05 445.36 147.27 192.67
ynao_sd_20100211_0105_ye 55 54 1 1 0 538.24 768.44 421.95 571.65 116.29 196.79
ynao_sd_20100220_0125_ye 1 1 0 0 0 4.96 15.46 4.96 15.46 0 0
ynao_sd_20100222_0108_ye 1 1 0 0 0 5.83 20.81 5.83 20.81 0 0
ynao_sd_20100223_0100_ye 0 0 0 0 0 0 0 0 0 0 0
ynao_sd_20100224_0100_ye 3 3 0 0 0 33.66 159.01 33.66 159.01 0 0
ynao_sd_20100226_0115_ye 8 8 0 0 0 71.84 135.45 71.84 135.45 0 0
ynao_sd_20100302_0105_ye 0 0 0 0 0 0 0 0 0 0 0
ynao_sd_20100303_0100_ye 4 4 0 0 0 45.08 50.02 45.08 50.02 0 0
ynao_sd_20100304_0215_ye 1 1 0 0 0 24.12 29.58 24.12 29.58 0 0
ynao_sd_20100305_0110_ye 4 4 0 0 0 31.85 46.04 31.85 46.04 0 0
ynao_sd_20100308_0107_ye 2 2 0 0 0 16.19 18.51 16.19 18.51 0 0
ynao_sd_20100311_0220_ye 7 7 0 0 0 56.55 98.0 56.55 98.0 0 0
ynao_sd_20100312_0105_ye 20 16 4 2 0 246.68 347.32 128.87 180.87 117.81 166.45
ynao_sd_20100315_0150_ye 19 13 6 2 0 429.07 459.47 137.81 147.59 291.26 311.88
ynao_sd_20100316_0220_ye 23 20 3 2 0 419.27 542.69 203.11 299.39 216.16 243.3
ynao_sd_20100318_0140_ye 21 21 0 0 0 151.38 218.73 151.38 218.73 0 0
ynao_sd_20100319_0105_ye 13 13 0 0 0 102.52 175.09 102.52 175.09 0 0
ynao_sd_20100322_0110_ye 13 12 1 1 0 153.6 174.05 96.93 110.9 56.67 63.15
ynao_sd_20100323_0200_ye 9 9 0 0 0 78.83 96.8 78.83 96.8 0 0
ynao_sd_20100324_0125_ye 8 5 3 2 0 160.1 416.53 55.5 117.48 104.6 299.05
ynao_sd_20100325_0755_ye 9 5 4 2 0 633.9 1075.17 157.54 258.96 476.36 816.21
ynao_sd_20100326_0125_ye 18 13 5 2 0 653.11 960.57 163.6 258.2 489.51 702.37
ynao_sd_20100329_0120_ye 23 19 4 2 0 662.66 714.57 256.71 276.45 405.95 438.12
ynao_sd_20100330_0050_ye 14 11 3 2 0 625.46 693.77 238.15 274.4 387.31 419.37
ynao_sd_20100331_0045_ye 12 10 2 1 0 448.97 512.42 200.33 229.82 248.64 282.6
ynao_sd_20100401_0130_ye 4 0 4 1 0 349.51 445.65 61.83 79.03 287.68 366.62
ynao_sd_20100405_0110_ye 6 6 0 0 0 50.88 102.99 50.88 102.99 0 0
ynao_sd_20100406_0135_ye 17 16 1 1 0 189.57 266.07 160.69 235.06 28.88 31.01
ynao_sd_20100407_0115_ye 15 12 3 2 0 197.7 229.22 110.91 126.81 86.79 102.41
ynao_sd_20100408_0050_ye 16 15 1 1 0 184.48 244.78 130.65 168.94 53.83 75.84
ynao_sd_20100412_0100_ye 2 2 0 0 0 12.46 16.94 12.46 16.94 0 0
ynao_sd_20100413_0120_ye 0 0 0 0 0 0 0 0 0 0 0
ynao_sd_20100414_0210_ye 1 1 0 0 0 5.9 13.11 5.9 13.11 0 0
ynao_sd_20100416_0100_ye 1 1 0 0 0 5.39 5.66 5.39 5.66 0 0
ynao_sd_20100419_0100_ye 2 2 0 0 0 17.06 33.42 17.06 33.42 0 0
ynao_sd_20100420_0200_ye 0 0 0 0 0 0 0 0 0 0 0
ynao_sd_20100421_0130_ye 2 2 0 0 0 15.33 53.02 15.33 53.02 0 0
ynao_sd_20100422_0100_ye 5 5 0 0 0 33.18 60.02 33.18 60.02 0 0
ynao_sd_20100426_0345_ye 0 0 0 0 0 0 0 0 0 0 0
ynao_sd_20100427_0200_ye 5 5 0 0 0 30.47 34.56 30.47 34.56 0 0
ynao_sd_20100428_0115_ye 3 3 0 0 0 19.38 25.36 19.38 25.36 0 0
ynao_sd_20100429_0110_ye 2 2 0 0 0 11.44 33.37 11.44 33.37 0 0
ynao_sd_20100430_0100_ye 0 0 0 0 0 0 0 0 0 0 0
ynao_sd_20100504_0120_ye 10 10 0 0 0 77.82 116.88 77.82 116.88 0 0
ynao_sd_20100505_0050_ye 17 17 0 0 0 148.05 226.04 148.05 226.04 0 0
ynao_sd_20100506_0105_ye 27 27 0 0 0 231.58 364.7 231.58 364.7 0 0
ynao_sd_20100507_0050_ye 18 18 0 0 0 122.31 202.63 122.31 202.63 0 0
ynao_sd_20100510_0200_ye 0 0 0 0 0 0 0 0 0 0 0
ynao_sd_20100511_0500_ye 1 1 0 0 0 11.65 11.8 11.65 11.8 0 0
ynao_sd_20100512_0100_ye 2 2 0 0 0 24.71 41.75 24.71 41.75 0 0
ynao_sd_20100513_0200_ye 1 1 0 0 0 5.25 13.8 5.25 13.8 0 0
ynao_sd_20100514_0130_ye 4 4 0 0 0 42.29 45.81 42.29 45.81 0 0
ynao_sd_20100515_0050_ye 1 1 0 0 0 5.17 5.69 5.17 5.69 0 0
ynao_sd_20100517_0130_ye 1 1 0 0 0 11.59 13.64 11.59 13.64 0 0
ynao_sd_20100518_0100_ye 0 0 0 0 0 0 0 0 0 0 0
ynao_sd_20100519_0100_ye 0 0 0 0 0 0 0 0 0 0 0
ynao_sd_20100520_0330_ye 0 0 0 0 0 0 0 0 0 0 0
ynao_sd_20100521_0050_ye 1 1 0 0 0 7.94 12.86 7.94 12.86 0 0
ynao_sd_20100526_0730_ye 3 3 0 0 0 19.69 20.77 19.69 20.77 0 0
ynao_sd_20100527_0120_ye 1 1 0 0 0 3.94 4.57 3.94 4.57 0 0
ynao_sd_20100528_0410_ye 0 0 0 0 0 0 0 0 0 0 0
ynao_sd_20100531_0115_ye 10 10 0 0 0 80.97 91.62 80.97 91.62 0 0
ynao_sd_20100601_0230_ye 7 7 0 0 0 50.64 54.11 50.64 54.11 0 0
ynao_sd_20100607_0020_ye 2 2 0 0 0 12.33 27.91 12.33 27.91 0 0
ynao_sd_20100608_0050_ye 5 5 0 0 0 38.26 41.61 38.26 41.61 0 0
ynao_sd_20100609_0100_ye 1 1 0 0 0 8.39 12.28 8.39 12.28 0 0
ynao_sd_20100611_0225_ye 1 1 0 0 0 9.25 17.89 9.25 17.89 0 0
ynao_sd_20100612_0110_ye 21 21 0 0 0 150.77 234.3 150.77 234.3 0 0
ynao_sd_20100613_0015_ye 13 13 0 0 0 94.11 196.48 94.11 196.48 0 0
ynao_sd_20100617_0340_ye 0 0 0 0 0 0 0 0 0 0 0
ynao_sd_20100618_0230_ye 8 8 0 0 0 59.66 79.82 59.66 79.82 0 0
ynao_sd_20100623_0710_ye 5 5 0 0 0 54.0 79.37 54.0 79.37 0 0
ynao_sd_20100625_0135_ye 4 4 0 0 0 38.5 87.82 38.5 87.82 0 0
ynao_sd_20100702_0045_ye 1 1 0 0 0 5.31 6.21 5.31 6.21 0 0
ynao_sd_20100705_0150_ye 4 4 0 0 0 34.26 45.16 34.26 45.16 0 0
ynao_sd_20100706_0700_ye 2 2 0 0 0 28.71 39.55 28.71 39.55 0 0
ynao_sd_20100709_0240_ye 0 0 0 0 0 0 0 0 0 0 0
ynao_sd_20100712_0130_ye 8 7 1 1 0 198.59 281.86 83.47 118.37 115.12 163.49
ynao_sd_20100713_0220_ye 14 12 2 1 0 201.96 239.35 144.49 171.18 57.47 68.17
ynao_sd_20100714_0230_ye 11 9 2 1 0 198.82 214.27 96.24 103.25 102.58 111.02
ynao_sd_20100715_0100_ye 18 16 2 1 0 240.56 250.2 132.19 137.48 108.37 112.72
ynao_sd_20100716_0310_ye 9 8 1 1 0 146.4 154.42 70.98 74.94 75.42 79.48
ynao_sd_20100721_0605_ye 4 4 0 0 0 35.95 139.03 35.95 139.03 0 0
ynao_sd_20100722_0505_ye 0 0 0 0 0 0 0 0 0 0 0
ynao_sd_20100723_0040_ye 0 0 0 0 0 0 0 0 0 0 0
ynao_sd_20100727_0110_ye 0 0 0 0 0 0 0 0 0 0 0
ynao_sd_20100730_0505_ye 4 2 2 1 0 421.46 750.27 140.75 251.36 280.71 498.91
ynao_sd_20100802_0225_ye 5 3 2 1 0 501.39 530.06 139.06 147.68 362.33 382.38
ynao_sd_20100803_0225_ye 3 1 2 1 0 464.91 469.1 129.47 130.67 335.44 338.43
ynao_sd_20100804_0215_ye 7 6 1 1 0 486.79 665.74 188.46 362.9 298.33 302.84
ynao_sd_20100805_0100_ye 17 13 4 2 0 671.1 945.67 267.3 398.07 403.8 547.6
ynao_sd_20100806_0030_ye 15 10 5 3 0 707.54 1000.02 238.19 345.47 469.35 654.55
ynao_sd_20100809_0150_ye 15 13 2 2 0 460.69 685.91 199.47 255.01 261.22 430.9
ynao_sd_20100810_0045_ye 19 17 2 1 0 471.41 541.27 222.07 291.33 249.34 249.94
ynao_sd_20100811_0045_ye 15 13 2 1 0 412.65 460.0 176.01 217.75 236.64 242.25
ynao_sd_20100812_0120_ye 19 14 5 2 0 1252.34 1405.17 182.04 232.41 1070.3 1172.76
ynao_sd_20100817_0450_ye 7 7 0 0 0 50.23 67.72 50.23 67.72 0 0
ynao_sd_20100818_0640_ye 5 5 0 0 0 30.69 55.01 30.69 55.01 0 0
ynao_sd_20100822_0250_ye 2 2 0 0 0 14.77 19.12 14.77 19.12 0 0
ynao_sd_20100823_0140_ye 2 2 0 0 0 15.76 25.27 15.76 25.27 0 0
ynao_sd_20100824_0220_ye 1 1 0 0 0 6.31 8.37 6.31 8.37 0 0
ynao_sd_20100825_0025_ye 3 1 2 1 0 126.81 402.99 26.65 74.78 100.16 328.21
ynao_sd_20100830_0055_ye 10 9 1 1 0 338.87 349.42 152.38 160.46 186.49 188.96
ynao_sd_20100831_0230_ye 11 8 3 2 0 402.23 430.22 145.05 162.45 257.18 267.77
ynao_sd_20100901_0120_ye 12 10 2 2 0 431.24 485.92 155.0 181.89 276.24 304.03
ynao_sd_20100906_0120_ye 14 14 0 0 0 153.33 238.3 153.33 238.3 0 0
ynao_sd_20100907_0135_ye 3 3 0 0 0 40.97 85.53 40.97 85.53 0 0
ynao_sd_20100908_0330_ye 0 0 0 0 0 0 0 0 0 0 0
ynao_sd_20100909_0510_ye 1 1 0 0 0 4.58 4.8 4.58 4.8 0 0
ynao_sd_20100910_0515_ye 2 2 0 0 0 14.2 15.08 14.2 15.08 0 0
ynao_sd_20100913_0230_ye 0 0 0 0 0 0 0 0 0 0 0
ynao_sd_20100914_0115_ye 1 1 0 0 0 4.23 14.76 4.23 14.76 0 0
ynao_sd_20100916_0130_ye 28 27 1 1 0 246.77 297.89 200.77 245.92 46.0 51.97
ynao_sd_20100917_0050_ye 2 2 0 0 0 11.85 28.89 11.85 28.89 0 0
ynao_sd_20100919_0130_ye 1 1 0 0 0 7.64 7.89 7.64 7.89 0 0
ynao_sd_20100920_0045_ye 1 1 0 0 0 5.97 7.1 5.97 7.1 0 0
ynao_sd_20100925_0355_ye 16 12 4 2 0 591.97 760.09 235.08 309.58 356.89 450.51
ynao_sd_20100926_0445_ye 20 17 3 2 0 585.44 651.84 225.28 253.78 360.16 398.06
ynao_sd_20100930_0620_ye 14 11 3 1 0 596.45 708.58 204.21 249.9 392.24 458.68
ynao_sd_20101011_0438_ye 0 0 0 0 0 0 0 0 0 0 0
ynao_sd_20101012_0140_ye 1 1 0 0 0 4.09 15.47 4.09 15.47 0 0
ynao_sd_20101013_0050_ye 0 0 0 0 0 0 0 0 0 0 0
ynao_sd_20101014_0712_ye 2 1 1 1 0 89.22 260.79 16.82 46.81 72.4 213.98
ynao_sd_20101020_0045_ye 6 1 5 2 0 340.18 539.75 69.34 97.45 270.84 442.3
ynao_sd_20101021_0045_ye 6 1 5 2 0 323.03 420.23 65.12 88.27 257.91 331.96
ynao_sd_20101022_0045_ye 4 1 3 2 0 301.18 386.76 76.87 104.73 224.31 282.03
ynao_sd_20101101_0100_ye 10 9 1 2 0 215.7 810.36 104.57 298.85 111.13 511.51
ynao_sd_20101104_0113_ye 4 4 0 0 0 37.72 44.69 37.72 44.69 0 0
ynao_sd_20101108_0320_ye 3 3 0 0 0 25.81 27.61 25.81 27.61 0 0
ynao_sd_20101109_0335_ye 6 6 0 0 0 54.47 90.57 54.47 90.57 0 0
ynao_sd_20101110_0140_ye 3 3 0 0 0 35.82 49.86 35.82 49.86 0 0
ynao_sd_20101112_0150_ye 14 14 0 0 0 123.81 160.17 123.81 160.17 0 0
ynao_sd_20101115_0515_ye 23 13 10 3 0 637.98 718.88 202.27 247.34 435.71 471.54
ynao_sd_20101117_0140_ye 15 6 9 3 0 706.38 1151.03 186.37 303.62 520.01 847.41
ynao_sd_20101118_0045_ye 12 6 6 3 0 487.36 944.16 131.31 251.78 356.05 692.38
ynao_sd_20101122_0310_ye 3 1 2 1 0 142.81 166.15 40.83 56.82 101.98 109.33
ynao_sd_20101123_0100_ye 14 12 2 1 0 247.93 274.14 128.26 144.29 119.67 129.85
ynao_sd_20101129_0312_ye 19 18 1 1 0 176.65 180.94 126.33 129.79 50.32 51.15
ynao_sd_20101201_0100_ye 22 16 6 2 0 590.64 681.21 192.45 217.81 398.19 463.4
ynao_sd_20101203_0422_ye 13 10 3 2 0 625.97 1414.51 215.76 440.9 410.21 973.61
ynao_sd_20101206_0450_ye 8 6 2 2 0 899.18 1233.13 252.93 331.62 646.25 901.51
ynao_sd_20101210_0135_ye 4 1 3 2 0 984.96 1189.34 253.13 306.94 731.83 882.4
ynao_sd_20101213_0050_ye 10 7 3 2 0 654.67 1233.05 190.23 337.59 464.44 895.46
ynao_sd_20101214_0140_ye 8 6 2 2 0 362.84 995.67 115.51 246.27 247.33 749.4
ynao_sd_20101217_0450_ye 4 4 0 0 0 34.91 41.1 34.91 41.1 0 0
ynao_sd_20101220_0130_ye 1 1 0 0 0 8.02 12.36 8.02 12.36 0 0
ynao_sd_20101221_0150_ye 1 1 0 0 0 7.0 12.51 7.0 12.51 0 0
ynao_sd_20101222_0130_ye 1 1 0 0 0 5.11 5.79 5.11 5.79 0 0
ynao_sd_20101223_0150_ye 1 1 0 0 0 7.66 10.87 7.66 10.87 0 0
ynao_sd_20101224_0130_ye 2 2 0 0 0 18.96 36.35 18.96 36.35 0 0
ynao_sd_20101227_0225_ye 8 8 0 0 0 53.3 74.06 53.3 74.06 0 0
ynao_sd_20101228_0200_ye 14 14 0 0 0 138.7 150.9 138.7 150.9 0 0
ynao_sd_20101229_0130_ye 7 7 0 0 0 57.82 66.56 57.82 66.56 0 0
ynao_sd_20101231_0140_ye 9 8 1 1 0 159.22 512.86 88.61 174.58 70.61 338.28
