ynao_sd_20110104_0200_ye 9 8 1 1 0 485.06 696.06 180.02 289.26 305.04 406.8
ynao_sd_20110105_0120_ye 7 6 1 1 0 447.07 596.85 143.12 221.25 303.95 375.6
ynao_sd_20110106_0135_ye 2 1 1 1 0 359.54 435.63 80.57 97.67 278.97 337.96
ynao_sd_20110113_0330_ye 3 3 0 0 0 30.47 35.59 30.47 35.59 0 0
ynao_sd_20110114_0135_ye 3 3 0 0 0 21.86 40.38 21.86 40.38 0 0
ynao_sd_20110118_0130_ye 4 2 2 1 0 121.9 185.1 32.15 48.49 89.75 136.61
ynao_sd_20110119_0130_ye 10 7 3 1 0 291.33 383.01 110.64 147.96 180.69 235.05
ynao_sd_20110121_0220_ye 19 17 2 1 0 404.68 468.46 154.35 184.59 250.33 283.87
ynao_sd_20110124_0330_ye 20 17 3 2 0 1501.01 2106.67 226.55 306.57 1274.46 1800.1
ynao_sd_20110126_0115_ye 9 7 2 2 0 219.74 488.18 75.46 159.5 144.28 328.68
ynao_sd_20110127_0123_ye 7 6 1 1 0 157.61 559.09 114.53 401.23 43.08 157.86
ynao_sd_20110130_0330_ye 3 3 0 0 0 11.95 45.27 11.95 45.27 0 0
ynao_sd_20110131_0120_ye 0 0 0 0 0 0 0 0 0 0 0
ynao_sd_20110218_0140_ye 45 41 4 2 0 664.81 728.63 390.12 433.98 274.69 294.65
ynao_sd_20110221_0100_ye 40 31 9 3 0 866.99 1095.16 370.31 468.03 496.68 627.13
ynao_sd_20110222_0100_ye 22 19 3 3 0 595.24 920.69 239.7 374.85 355.54 545.84
ynao_sd_20110223_0110_ye 16 12 4 3 0 341.23 711.76 134.05 275.15 207.18 436.61
ynao_sd_20110224_0125_ye 12 11 1 0 0 117.46 369.12 127.08 408.68 9.62 39.56
ynao_sd_20110228_0100_ye 19 19 0 0 0 237.22 433.65 237.22 433.65 0 0
ynao_sd_20110302_0240_ye 49 37 12 3 0 1253.17 1551.2 397.92 492.1 855.25 1059.1
ynao_sd_20110303_0100_ye 36 25 11 4 0 1391.53 2130.25 380.29 522.85 1011.24 1607.4
ynao_sd_20110304_0140_ye 69 60 9 5 0 1701.62 2616.95 681.54 1010.29 1020.08 1606.66
ynao_sd_20110309_0245_ye 57 36 21 11 0 2406.23 3935.45 599.27 788.98 1806.96 3146.47
ynao_sd_20110901_0120_ye 35 30 5 4 0 654.24 873.72 324.51 429.2 329.73 444.52
ynao_sd_20110902_0350_ye 54 44 10 4 0 929.26 1210.66 482.79 639.53 446.47 571.13
ynao_sd_20110907_0110_ye 37 26 11 2 0 984.63 1613.82 323.79 454.24 660.84 1159.58
ynao_sd_20110908_0115_ye 25 18 7 3 0 891.68 1462.06 293.46 484.79 598.22 977.27
ynao_sd_20110914_0120_ye 63 57 6 4 0 1445.14 1922.65 728.31 1034.43 716.83 888.22
ynao_sd_20110915_0205_ye 53 43 10 4 0 1458.7 1913.15 572.78 787.62 885.92 1125.53
ynao_sd_20110919_0300_ye 66 60 6 5 0 1210.38 2099.17 655.18 1085.89 555.2 1013.28
ynao_sd_20110928_0130_ye 52 36 16 5 0 2833.28 3001.35 773.23 865.4 2060.05 2135.95
ynao_sd_20110929_0710_ye 33 13 20 5 0 2389.07 2526.58 513.93 585.0 1875.14 1941.58
ynao_sd_20111008_0355_ye 8 4 4 2 0 674.89 797.68 164.82 192.87 510.07 604.81
ynao_sd_20111009_0420_ye 4 1 3 2 0 661.33 729.15 218.45 240.97 442.88 488.18
ynao_sd_20111010_0210_ye 11 8 3 3 0 1074.78 1756.24 311.66 505.69 763.12 1250.55
ynao_sd_20111012_0155_ye 16 12 4 3 0 1302.98 1692.69 354.1 462.46 948.88 1230.23
ynao_sd_20111013_0125_ye 33 29 4 4 0 1382.8 1717.98 464.33 574.39 918.47 1143.59
ynao_sd_20111024_0045_ye 102 91 11 5 0 1590.34 2340.61 798.28 1066.13 792.06 1274.48
ynao_sd_20111026_0045_ye 53 45 8 3 0 1466.48 1690.24 626.63 729.56 839.85 960.68
ynao_sd_20111027_0100_ye 42 32 10 4 0 1302.3 1400.26 427.38 465.65 874.92 934.61
ynao_sd_20111031_0240_ye 48 43 5 2 0 1244.38 1577.31 642.23 785.5 602.15 791.81
ynao_sd_20111102_0020_ye 45 39 6 3 0 943.77 2383.0 443.98 975.97 499.79 1407.03
ynao_sd_20111103_0110_ye 59 50 9 4 0 1630.1 4085.3 585.92 1451.06 1044.18 2634.24
ynao_sd_20111104_0155_ye 51 35 16 4 0 2116.21 3480.54 600.47 971.29 1515.74 2509.25
ynao_sd_20111109_0410_ye 82 64 18 8 0 3130.24 3525.66 877.96 989.76 2252.28 2535.9
ynao_sd_20111110_0100_ye 74 55 19 6 0 2862.66 3244.33 757.21 849.8 2105.45 2394.53
ynao_sd_20111111_0040_ye 66 53 13 6 0 2665.69 3171.01 698.51 829.28 1967.18 2341.73
ynao_sd_20111113_0110_ye 29 20 9 5 0 1209.07 1700.2 319.33 473.17 889.74 1227.03
ynao_sd_20111114_0110_ye 40 34 6 5 0 979.79 1738.72 365.63 617.76 614.16 1120.96
ynao_sd_20111116_0210_ye 25 20 5 4 0 684.15 1135.22 311.82 488.45 372.33 646.77
ynao_sd_20111117_0105_ye 18 14 4 3 0 398.67 820.56 211.07 393.54 187.6 427.02
ynao_sd_20111118_0100_ye 24 21 3 2 0 272.99 494.83 219.11 371.55 53.88 123.28
ynao_sd_20111121_0110_ye 23 18 5 4 0 632.56 1315.64 262.51 487.88 370.05 827.76
ynao_sd_20111124_0225_ye 53 45 8 6 0 1579.01 2052.91 690.39 922.66 888.62 1130.25
ynao_sd_20111125_0420_ye 58 49 9 5 0 1466.15 1882.39 686.01 998.77 780.14 883.62
ynao_sd_20111128_0100_ye 56 50 6 5 0 1185.19 1522.18 595.37 840.8 589.82 681.38
ynao_sd_20111130_0120_ye 40 34 6 6 0 842.31 1266.01 349.3 501.9 493.01 764.11
ynao_sd_20111205_0630_ye 42 32 10 7 0 937.98 1229.92 404.31 554.75 533.67 675.17
ynao_sd_20111207_0220_ye 28 24 4 3 0 507.15 620.08 261.47 327.66 245.68 292.42
ynao_sd_20111213_0310_ye 12 10 2 2 0 363.55 563.29 170.49 323.56 193.06 239.73
ynao_sd_20111214_0305_ye 21 20 1 1 0 284.13 458.32 199.05 371.99 85.08 86.33
ynao_sd_20111219_0050_ye 24 24 0 0 0 204.76 220.39 204.76 220.39 0 0
ynao_sd_20111221_0245_ye 31 29 2 1 0 477.99 889.0 336.71 593.09 141.28 295.91
ynao_sd_20111222_0340_ye 34 19 15 4 0 1317.89 2367.48 340.81 587.12 977.08 1780.36
ynao_sd_20111223_0300_ye 21 15 6 6 0 2955.12 4897.55 440.88 819.29 2514.24 4078.26
ynao_sd_20111229_0130_ye 19 17 2 1 0 679.92 967.26 251.64 358.57 428.28 608.69
ynao_sd_20111230_0130_ye 15 12 3 1 0 417.49 722.37 174.72 257.59 242.77 464.78
