ynao_sd_20120105_0310_ye 37 35 2 1 0 1052.22 1675.62 338.59 559.42 713.63 1116.2
ynao_sd_20120106_0105_ye 46 41 5 2 0 1051.98 1644.65 418.72 652.28 633.26 992.37
ynao_sd_20120109_0100_ye 47 33 14 4 0 1905.65 2643.97 556.81 729.16 1348.84 1914.81
ynao_sd_20120111_0215_ye 45 33 12 4 0 1158.99 2245.56 449.69 907.85 709.3 1337.71
ynao_sd_20120112_0100_ye 28 23 5 4 0 649.02 1229.55 232.07 402.75 416.95 826.8
ynao_sd_20120116_0125_ye 58 48 10 2 0 1491.24 3505.07 654.86 1405.75 836.38 2099.32
ynao_sd_20120118_0100_ye 63 48 15 5 0 2266.87 3352.21 685.47 1051.37 1581.4 2300.84
ynao_sd_20120120_0100_ye 66 52 14 6 0 2207.75 2615.95 798.9 969.82 1408.85 1646.13
ynao_sd_20120125_0356_ye 23 18 5 2 0 782.79 1207.13 284.34 459.95 498.45 747.18
ynao_sd_20120202_0120_ye 44 39 5 3 0 1013.91 1251.23 397.92 585.99 615.99 665.24
ynao_sd_20120206_0110_ye 20 18 2 1 0 469.21 826.62 238.42 389.55 230.79 437.07
ynao_sd_20120208_0115_ye 11 10 1 0 0 105.83 289.05 112.47 317.14 6.64 28.09
ynao_sd_20120210_0100_ye 16 16 0 0 0 128.11 375.36 128.11 375.36 0 0
ynao_sd_20120213_0110_ye 8 8 0 0 0 128.9 490.23 128.9 490.23 0 0
ynao_sd_20120215_0130_ye 6 4 2 1 0 149.01 240.75 66.94 112.69 82.07 128.06
ynao_sd_20120217_0100_ye 4 3 1 1 0 231.52 268.29 102.21 122.45 129.31 145.84
ynao_sd_20120220_0125_ye 23 15 8 3 0 616.78 684.14 206.07 240.56 410.71 443.58
ynao_sd_20120222_0120_ye 26 24 2 3 0 673.63 836.62 308.25 389.8 365.38 446.82
ynao_sd_20120224_0100_ye 16 13 3 2 0 577.81 1134.34 252.25 468.77 325.56 665.57
ynao_sd_20120227_0110_ye 10 9 1 1 0 306.06 369.09 166.43 195.98 139.63 173.11
ynao_sd_20120229_0115_ye 13 12 1 1 0 345.91 375.64 136.79 148.26 209.12 227.38
ynao_sd_20120305_0120_ye 34 25 9 4 0 1062.04 1883.16 401.23 687.83 660.81 1195.33
ynao_sd_20120307_0105_ye 49 24 25 2 0 2462.3 3012.93 547.63 663.7 1914.67 2349.23
ynao_sd_20120309_0110_ye 55 38 17 5 0 2394.83 2661.9 586.59 654.03 1808.24 2007.87
ynao_sd_20120312_0115_ye 55 49 6 4 0 1047.87 1598.57 484.55 729.95 563.32 868.62
ynao_sd_20120314_0110_ye 45 40 5 3 0 732.16 1285.94 433.6 654.17 298.56 631.77
ynao_sd_20120316_0125_ye 35 33 2 1 0 466.21 501.77 327.9 355.93 138.31 145.84
ynao_sd_20120319_0110_ye 13 12 1 1 0 147.77 208.9 95.79 145.87 51.98 63.03
ynao_sd_20120321_0115_ye 3 3 0 0 0 41.66 61.05 41.66 61.05 0 0
ynao_sd_20120322_0050_ye 8 8 0 0 0 76.63 121.47 76.63 121.47 0 0
ynao_sd_20120326_0225_ye 22 22 0 0 0 208.52 231.33 208.52 231.33 0 0
ynao_sd_20120328_0240_ye 12 12 0 0 0 100.54 109.48 100.54 109.48 0 0
ynao_sd_20120330_0105_ye 22 22 0 0 0 194.17 253.28 194.17 253.28 0 0
ynao_sd_20120405_0055_ye 24 22 2 1 0 317.48 370.27 187.78 220.03 129.7 150.24
ynao_sd_20120409_0040_ye 6 5 1 1 0 120.9 421.02 57.46 131.89 63.44 289.13
ynao_sd_20120411_0100_ye 5 5 0 0 0 35.27 39.86 35.27 39.86 0 0
ynao_sd_20120413_0110_ye 19 18 1 1 0 188.44 225.01 159.57 195.42 28.87 29.59
ynao_sd_20120416_0055_ye 20 20 0 0 0 169.66 256.37 169.66 256.37 0 0
ynao_sd_20120418_0045_ye 22 22 0 0 0 231.61 399.4 231.61 399.4 0 0
ynao_sd_20120420_0050_ye 29 12 17 3 0 983.47 1063.78 276.74 309.85 706.73 753.93
ynao_sd_20120423_0027_ye 38 27 11 3 0 993.29 1321.56 312.19 390.52 681.1 931.04
ynao_sd_20120425_0045_ye 34 30 4 2 0 694.98 1039.3 333.53 478.78 361.45 560.52
ynao_sd_20120427_0045_ye 26 22 4 4 0 447.28 515.75 240.58 286.62 206.7 229.13
ynao_sd_20120502_0035_ye 7 7 0 0 0 54.12 62.11 54.12 62.11 0 0
ynao_sd_20120504_0040_ye 6 6 0 0 0 75.97 112.58 75.97 112.58 0 0
ynao_sd_20120509_0110_ye 43 29 14 5 0 1938.41 2308.99 544.25 662.38 1394.16 1646.61
ynao_sd_20120510_0100_ye 47 33 14 3 0 2227.32 2374.71 718.01 775.9 1509.31 1598.81
ynao_sd_20120514_0100_ye 46 35 11 5 0 1346.16 1867.32 476.44 738.96 869.72 1128.36
ynao_sd_20120516_0210_ye 49 43 6 4 0 962.77 1565.79 509.31 791.58 453.46 774.21
ynao_sd_20120518_0100_ye 66 57 9 5 0 1395.7 1908.11 627.28 680.12 768.42 1227.99
ynao_sd_20120521_0220_ye 55 45 10 3 0 1609.88 2047.86 582.48 717.35 1027.4 1330.51
ynao_sd_20120523_0130_ye 37 29 8 4 0 888.79 1342.13 332.45 489.43 556.34 852.7
ynao_sd_20120530_0140_ye 1 1 0 0 0 52.59 221.11 52.59 221.11 0 0
ynao_sd_20120604_0240_ye 53 48 5 2 0 613.51 708.4 413.69 492.06 199.82 216.34
ynao_sd_20120606_0020_ye 63 61 2 2 0 761.15 813.27 572.31 615.96 188.84 197.31
ynao_sd_20120608_0220_ye 34 30 4 2 0 450.24 524.41 276.36 308.17 173.88 216.24
ynao_sd_20120611_0330_ye 16 16 0 0 0 198.9 430.23 198.9 430.23 0 0
ynao_sd_20120613_0010_ye 12 9 3 1 0 274.18 410.63 157.92 263.4 116.26 147.23
ynao_sd_20120615_0204_ye 20 19 1 1 0 217.82 224.26 165.08 170.06 52.74 54.2
ynao_sd_20120618_0205_ye 7 7 0 0 0 58.67 73.38 58.67 73.38 0 0
ynao_sd_20120720_0050_ye 1 1 0 0 0 8.75 9.99 8.75 9.99 0 0
ynao_sd_20120730_0305_ye 7 6 1 1 0 157.63 413.69 86.25 214.99 71.38 198.7
ynao_sd_20120731_0255_ye 22 20 2 2 0 417.42 713.99 273.57 472.26 143.85 241.73
ynao_sd_20120802_0204_ye 15 14 1 1 0 341.1 445.02 182.3 255.77 158.8 189.25
ynao_sd_20120806_0105_ye 3 1 2 2 0 169.12 178.37 31.37 33.24 137.75 145.13
ynao_sd_20120807_0633_ye 11 7 4 3 0 360.68 720.99 86.53 170.47 274.15 550.52
ynao_sd_20120809_0610_ye 11 6 5 4 0 494.73 836.52 97.14 161.53 397.59 674.99
ynao_sd_20120810_0030_ye 13 10 3 2 0 727.52 1078.67 244.15 400.65 483.37 678.02
ynao_sd_20120820_0330_ye 5 4 1 1 0 121.74 164.83 56.9 89.61 64.84 75.22
ynao_sd_20120823_0700_ye 3 3 0 0 0 95.85 101.68 95.85 101.68 0 0
ynao_sd_20120827_0705_ye 13 11 2 2 0 252.52 392.41 127.83 189.27 124.69 203.14
ynao_sd_20120828_0640_ye 23 21 2 1 0 440.19 637.98 250.95 401.04 189.24 236.94
ynao_sd_20120831_0545_ye 35 31 4 2 0 511.73 664.38 319.65 461.19 192.08 203.19
ynao_sd_20120901_0225_ye 35 30 5 2 0 595.03 817.36 340.17 558.88 254.86 258.48
ynao_sd_20120903_0116_ye 44 34 10 3 0 698.7 819.48 332.56 427.58 366.14 391.9
ynao_sd_20120906_0330_ye 21 20 1 1 0 258.16 400.83 193.12 299.96 65.04 100.87
ynao_sd_20120907_0410_ye 13 12 1 1 0 192.99 341.5 103.0 226.82 89.99 114.68
ynao_sd_20120910_0210_ye 11 11 0 1 0 239.96 270.0 123.33 149.3 116.63 120.7
ynao_sd_20120914_0335_ye 1 0 1 1 0 43.27 69.03 6.49 10.36 36.78 58.67
ynao_sd_20120924_0110_ye 28 24 4 1 0 800.92 826.94 263.75 287.16 537.17 539.78
ynao_sd_20120926_0230_ye 56 53 3 1 0 856.94 1037.8 490.3 644.58 366.64 393.22
ynao_sd_20121008_0715_ye 5 5 0 0 0 38.09 44.6 38.09 44.6 0 0
ynao_sd_20121011_0130_ye 29 26 3 2 0 374.61 793.92 242.09 527.92 132.52 266.0
ynao_sd_20121015_0035_ye 67 66 1 1 0 919.88 1149.89 621.13 736.05 298.75 413.84
ynao_sd_20121018_0135_ye 23 21 2 2 0 620.02 904.28 323.74 586.91 296.28 317.37
ynao_sd_20121019_0020_ye 29 23 6 4 0 890.95 1565.3 303.53 482.54 587.42 1082.76
ynao_sd_20121022_0040_ye 33 27 6 2 0 1393.97 1704.52 455.75 546.14 938.22 1158.38
ynao_sd_20121026_0050_ye 17 10 7 2 0 691.28 748.08 178.72 190.09 512.56 557.99
ynao_sd_20121028_0130_ye 12 8 4 2 0 332.02 509.68 126.52 187.88 205.5 321.8
ynao_sd_20121029_0105_ye 15 14 1 1 0 201.8 395.51 133.85 239.72 67.95 155.79
ynao_sd_20121101_0300_ye 0 0 0 0 0 0 0 0 0 0 0
ynao_sd_20121102_0055_ye 1 1 0 0 0 26.47 26.55 26.47 26.55 0 0
ynao_sd_20121105_0235_ye 13 13 0 0 0 91.89 123.45 91.89 123.45 0 0
ynao_sd_20121108_0415_ye 7 6 1 1 0 139.18 537.19 79.94 333.5 59.24 203.69
ynao_sd_20121109_0100_ye 11 7 4 3 0 367.9 819.57 110.13 215.47 257.77 604.1
ynao_sd_20121112_0055_ye 55 47 8 5 0 1108.77 1779.07 501.03 852.06 607.74 927.01
ynao_sd_20121115_0115_ye 65 60 5 4 0 1080.56 1296.01 623.29 798.24 457.27 497.77
ynao_sd_20121119_0100_ye 76 68 8 5 0 1325.43 1713.87 674.86 903.28 650.57 810.59
ynao_sd_20121122_0100_ye 55 38 17 5 0 1405.13 1498.23 452.46 481.58 952.67 1016.65
ynao_sd_20121123_0040_ye 44 31 13 5 0 1548.66 1736.84 488.47 545.45 1060.19 1191.39
ynao_sd_20121124_0100_ye 50 37 13 5 0 2753.1 5870.43 523.7 812.3 2229.4 5058.13
ynao_sd_20121126_0145_ye 22 21 1 1 0 374.43 714.48 226.66 400.02 147.77 314.46
ynao_sd_20121129_0110_ye 19 13 6 3 0 864.68 1396.35 244.78 395.22 619.9 1001.13
ynao_sd_20121130_0100_ye 31 24 7 4 0 1232.54 1622.95 366.56 504.82 865.98 1118.13
ynao_sd_20121203_0100_ye 29 23 6 3 0 593.52 620.74 268.37 285.44 325.15 335.3
ynao_sd_20121206_0230_ye 16 13 3 1 0 389.55 501.33 156.69 214.29 232.86 287.04
ynao_sd_20121210_0105_ye 32 30 2 3 0 457.68 513.27 277.66 324.56 180.02 188.71
ynao_sd_20121215_0105_ye 30 26 4 2 0 480.05 693.59 255.97 380.83 224.08 312.76
ynao_sd_20121216_0055_ye 35 30 5 2 0 474.68 819.56 286.61 494.1 188.07 325.46
ynao_sd_20121221_0120_ye 13 8 5 2 0 446.97 685.68 125.14 197.2 321.83 488.48
ynao_sd_20121228_0120_ye 15 14 1 1 0 274.87 629.98 161.63 321.88 113.24 308.1
