ynao_sd_20130104_0120_ye 54 40 14 4 0 1295.56 1811.19 503.63 783.99 791.93 1027.2
ynao_sd_20130108_0258_ye 48 40 8 5 0 887.17 1968.7 412.7 731.58 474.47 1237.12
ynao_sd_20130118_0445_ye 32 27 5 2 0 938.92 1607.31 314.82 487.25 624.1 1120.06
ynao_sd_20130121_0125_ye 26 26 0 0 0 208.02 276.98 208.02 276.98 0 0
ynao_sd_20130125_0120_ye 19 14 5 3 0 550.17 1042.39 174.1 295.39 376.07 747.0
ynao_sd_20130127_0345_ye 37 35 2 1 0 397.28 528.68 303.64 407.45 93.64 121.23
ynao_sd_20130128_0135_ye 24 22 2 1 0 313.24 385.19 201.77 250.06 111.47 135.13
ynao_sd_20130131_0125_ye 5 1 4 2 0 390.41 597.07 68.09 104.43 322.32 492.64
ynao_sd_20130204_0205_ye 19 12 7 4 0 951.08 1191.89 264.97 333.53 686.11 858.36
ynao_sd_20130207_0115_ye 19 17 2 2 0 614.96 802.95 166.66 208.78 448.3 594.17
ynao_sd_20130209_0125_ye 38 31 7 3 0 770.25 1131.64 391.32 550.52 378.93 581.12
ynao_sd_20130210_0125_ye 30 24 6 3 0 805.13 1224.12 324.4 662.51 480.73 561.61
ynao_sd_20130211_0140_ye 40 34 6 4 0 900.35 1323.94 348.2 478.49 552.15 845.45
ynao_sd_20130212_0125_ye 23 17 6 3 0 743.28 1130.26 251.65 419.29 491.63 710.97
ynao_sd_20130225_0130_ye 4 4 0 0 0 65.92 255.59 65.92 255.59 0 0
ynao_sd_20130228_0200_ye 2 2 0 0 0 26.75 34.22 26.75 34.22 0 0
ynao_sd_20130301_0050_ye 2 2 0 0 0 17.21 19.58 17.21 19.58 0 0
ynao_sd_20130304_0700_ye 0 0 0 0 0 0 0 0 0 0 0
ynao_sd_20130307_0345_ye 2 2 0 1 0 64.07 184.96 12.26 38.68 51.81 146.28
ynao_sd_20130308_0040_ye 11 11 0 0 0 135.32 201.11 135.32 201.11 0 0
ynao_sd_20130309_0155_ye 17 17 0 0 0 166.33 245.5 166.33 245.5 0 0
ynao_sd_20130311_0115_ye 23 20 3 2 0 592.16 1003.14 207.52 286.5 384.64 716.64
ynao_sd_20130314_0110_ye 51 38 13 6 0 2668.19 3105.9 526.94 597.11 2141.25 2508.79
ynao_sd_20130315_0045_ye 43 30 13 5 0 1728.92 1975.03 482.08 545.79 1246.84 1429.24
ynao_sd_20130318_0100_ye 32 27 5 3 0 1116.01 1402.28 370.18 521.62 745.83 880.66
ynao_sd_20130321_0105_ye 21 17 4 2 0 512.24 1030.91 197.15 447.36 315.09 583.55
ynao_sd_20130322_0115_ye 14 12 2 1 0 218.52 555.56 132.21 365.29 86.31 190.27
ynao_sd_20130325_0120_ye 7 5 2 1 0 200.06 429.09 90.13 209.59 109.93 219.5
ynao_sd_20130329_0200_ye 8 5 3 2 0 272.69 468.25 82.44 171.94 190.25 296.31
ynao_sd_20130513_0100_ye 79 68 11 3 0 1425.41 2111.97 668.78 954.21 756.63 1157.76
ynao_sd_20130518_0140_ye 61 52 9 3 0 1220.48 1408.06 567.19 697.52 653.29 710.54
ynao_sd_20130519_0055_ye 57 52 5 1 0 798.08 996.93 517.2 668.52 280.88 328.41
ynao_sd_20130526_0300_ye 47 43 4 3 0 571.56 595.01 352.41 367.56 219.15 227.45
ynao_sd_20130527_0055_ye 37 36 1 1 0 350.77 414.09 307.34 369.35 43.43 44.74
ynao_sd_20130603_0118_ye 23 19 4 2 0 320.05 355.48 180.65 200.93 139.4 154.55
ynao_sd_20130606_0115_ye 25 24 1 2 0 331.97 476.58 226.13 294.79 105.84 181.79
ynao_sd_20130613_0055_ye 7 7 0 0 0 46.04 166.6 46.04 166.6 0 0
ynao_sd_20130614_0050_ye 1 1 0 0 0 5.76 5.95 5.76 5.95 0 0
ynao_sd_20130720_0255_ye 28 28 0 0 0 240.2 244.81 240.2 244.81 0 0
ynao_sd_20130721_0255_ye 30 23 7 3 0 527.75 569.84 237.06 252.93 290.69 316.91
ynao_sd_20130725_0055_ye 6 4 2 2 0 1300.5 2324.82 81.58 131.99 1218.92 2192.83
ynao_sd_20130801_0208_ye 21 18 3 3 0 605.49 945.87 259.19 427.56 346.3 518.31
ynao_sd_20130815_0120_ye 4 4 0 0 0 33.25 36.19 33.25 36.19 0 0
ynao_sd_20130816_0100_ye 2 2 0 0 0 12.07 20.94 12.07 20.94 0 0
ynao_sd_20130829_0305_ye 18 15 3 1 0 359.76 524.25 155.72 187.45 204.04 336.8
ynao_sd_20130912_0100_ye 8 8 0 0 0 65.41 99.12 65.41 99.12 0 0
ynao_sd_20130913_0130_ye 6 6 0 0 0 50.55 95.54 50.55 95.54 0 0
ynao_sd_20131010_0115_ye 13 13 0 0 0 105.58 116.06 105.58 116.06 0 0
ynao_sd_20131017_0540_ye 17 16 1 1 0 191.96 548.94 156.53 366.37 35.43 182.57
ynao_sd_20131024_0120_ye 72 62 10 2 0 1514.2 1547.22 670.34 682.75 843.86 864.47
ynao_sd_20131031_0145_ye 20 20 0 0 0 164.79 263.16 164.79 263.16 0 0
ynao_sd_20131107_0120_ye 14 12 2 1 0 222.45 277.17 111.29 135.96 111.16 141.21
ynao_sd_20131114_0125_ye 15 13 2 2 0 1027.16 1815.79 265.65 487.57 761.51 1328.22
ynao_sd_20131121_0200_ye 24 21 3 2 0 1482.96 1827.44 427.68 526.58 1055.28 1300.86
ynao_sd_20131205_0145_ye 0 0 0 0 0 0 0 0 0 0 0
ynao_sd_20131212_0135_ye 33 25 8 4 0 1333.91 1847.48 388.59 505.3 945.32 1342.18
ynao_sd_20131219_0125_ye 13 10 3 3 0 629.51 865.52 213.9 283.19 415.61 582.33
