ynao_sd_20140109_0140_ye 19 11 8 3 0 993.38 1099.87 263.13 292.93 730.25 806.94
ynao_sd_20140116_0115_ye 3 3 0 0 0 73.75 121.65 73.75 121.65 0 0
ynao_sd_20140123_0145_ye 27 25 2 1 0 301.35 343.26 212.69 244.25 88.66 99.01
ynao_sd_20140124_0115_ye 20 18 2 1 0 291.09 367.25 194.03 244.71 97.06 122.54
ynao_sd_20140128_0110_ye 7 7 0 0 0 64.12 263.83 64.12 263.83 0 0
ynao_sd_20140207_0140_ye 45 36 9 5 0 962.43 1468.73 377.71 579.93 584.72 888.8
ynao_sd_20140208_0255_ye 31 23 8 6 0 904.29 1642.96 304.91 531.36 599.38 1111.6
ynao_sd_20140213_0400_ye 12 11 1 1 0 137.09 212.37 94.38 159.29 42.71 53.08
ynao_sd_20140220_0140_ye 10 10 0 0 0 86.1 234.09 86.1 234.09 0 0
ynao_sd_20140227_0140_ye 20 20 0 0 0 177.71 236.36 177.71 236.36 0 0
ynao_sd_20140306_0115_ye 22 22 0 0 0 181.75 217.51 181.75 217.51 0 0
ynao_sd_20140309_0110_ye 28 28 0 0 0 214.23 330.84 214.23 330.84 0 0
ynao_sd_20140312_0110_ye 32 30 2 2 0 434.74 811.63 283.16 492.88 151.58 318.75
ynao_sd_20140313_0100_ye 28 23 5 4 0 574.31 1235.78 262.57 557.19 311.74 678.59
ynao_sd_20140319_0100_ye 4 3 1 1 0 489.3 583.6 192.19 267.72 297.11 315.88
ynao_sd_20140320_0100_ye 6 4 2 2 0 448.96 547.89 131.39 153.3 317.57 394.59
ynao_sd_20140327_0100_ye 36 35 1 1 0 441.8 498.37 321.15 373.05 120.65 125.32
ynao_sd_20140328_0100_ye 25 23 2 1 0 301.52 356.37 205.67 255.36 95.85 101.01
ynao_sd_20140402_0025_ye 5 4 1 1 0 275.6 514.71 94.51 174.51 181.09 340.2
ynao_sd_20140403_0030_ye 22 17 5 2 0 516.69 733.68 247.77 362.41 268.92 371.27
ynao_sd_20140409_0040_ye 32 29 3 2 0 812.71 1535.89 465.71 972.4 347.0 563.49
ynao_sd_20140410_0015_ye 7 5 2 4 0 617.47 1059.61 119.57 215.6 497.9 844.01
ynao_sd_20140413_0030_ye 20 13 7 3 0 1192.42 1435.77 380.69 486.58 811.73 949.19
ynao_sd_20140416_0310_ye 31 25 6 3 0 1051.17 1185.6 369.27 435.98 681.9 749.62
ynao_sd_20140418_0035_ye 44 32 12 6 0 1627.83 2248.15 486.19 681.62 1141.64 1566.53
ynao_sd_20140423_0025_ye 9 8 1 1 0 364.28 414.75 128.76 154.86 235.52 259.89
ynao_sd_20140424_0035_ye 1 1 0 1 0 320.54 383.96 6.48 7.19 314.06 376.77
ynao_sd_20140430_0430_ye 5 4 1 1 0 136.58 260.56 82.56 183.62 54.02 76.94
ynao_sd_20140507_0040_ye 23 19 4 4 0 1327.11 3049.55 338.46 816.71 988.65 2232.84
ynao_sd_20140508_0005_ye 21 10 11 5 0 1534.86 2454.71 457.25 691.46 1077.61 1763.25
ynao_sd_20140514_0010_ye 0 0 0 0 0 0 0 0 0 0 0
ynao_sd_20140515_0055_ye 38 26 12 6 0 1413.07 1972.82 523.04 704.88 890.03 1267.94
ynao_sd_20140521_0100_ye 0 0 0 0 0 0 0 0 0 0 0
ynao_sd_20140522_0035_ye 2 2 0 0 0 15.97 23.33 15.97 23.33 0 0
ynao_sd_20140528_0335_ye 1 1 0 0 0 4.59 4.95 4.59 4.95 0 0
ynao_sd_20140529_0055_ye 0 0 0 0 0 0 0 0 0 0 0
ynao_sd_20140605_0430_ye 8 6 2 1 0 314.29 388.51 112.36 162.71 201.93 225.8
ynao_sd_20140606_0445_ye 20 19 1 1 0 390.08 463.68 247.02 315.12 143.06 148.56
ynao_sd_20140613_0410_ye 27 23 4 3 0 688.71 1269.15 299.6 449.17 389.11 819.98
ynao_sd_20140619_0725_ye 1 0 1 1 0 176.23 213.26 44.15 53.51 132.08 159.75
ynao_sd_20140625_0025_ye 3 1 2 1 0 241.12 342.43 73.31 109.76 167.81 232.67
ynao_sd_20140626_0240_ye 5 4 1 1 0 253.49 292.93 100.09 118.79 153.4 174.14
ynao_sd_20140703_0350_ye 44 41 3 1 0 541.06 612.63 399.94 446.26 141.12 166.37
ynao_sd_20140704_0515_ye 36 32 4 1 0 657.37 708.78 398.37 433.85 259.0 274.93
ynao_sd_20140709_0145_ye 23 19 4 3 0 522.93 696.62 244.18 321.9 278.75 374.72
ynao_sd_20140710_0020_ye 39 38 1 1 0 499.5 628.62 421.78 550.71 77.72 77.91
ynao_sd_20140723_0555_ye 9 6 3 1 0 243.01 500.75 105.42 192.6 137.59 308.15
ynao_sd_20140724_0005_ye 17 11 6 2 0 393.26 694.63 147.31 271.62 245.95 423.01
ynao_sd_20140725_0020_ye 25 20 5 1 0 445.06 598.94 232.44 318.52 212.62 280.42
ynao_sd_20140730_0050_ye 6 3 3 1 0 281.75 310.03 82.66 91.09 199.09 218.94
ynao_sd_20140804_0150_ye 14 12 2 1 0 268.72 460.17 143.63 233.18 125.09 226.99
ynao_sd_20140806_0030_ye 28 25 3 1 0 336.41 395.91 200.52 234.9 135.89 161.01
ynao_sd_20140827_0215_ye 42 38 4 2 0 1039.37 1387.66 390.3 491.81 649.07 895.85
ynao_sd_20140828_0045_ye 31 28 3 2 0 770.57 1074.39 347.83 438.38 422.74 636.01
ynao_sd_20140903_0245_ye 2 2 0 0 0 15.82 29.04 15.82 29.04 0 0
ynao_sd_20140904_0310_ye 8 8 0 0 0 64.94 92.44 64.94 92.44 0 0
ynao_sd_20141022_0116_ye 10 8 2 1 0 302.5 321.33 116.04 122.24 186.46 199.09
ynao_sd_20141023_0055_ye 31 26 5 2 0 483.44 752.54 279.7 457.07 203.74 295.47
ynao_sd_20141030_0050_ye 5 4 1 1 0 182.24 198.19 61.33 68.37 120.91 129.82
ynao_sd_20141105_0035_ye 36 30 6 5 0 2060.35 2640.84 313.02 597.0 1747.33 2043.84
ynao_sd_20141112_0315_ye 27 23 4 2 0 492.64 558.13 270.41 307.79 222.23 250.34
ynao_sd_20141119_0135_ye 5 5 0 0 0 70.41 81.06 70.41 81.06 0 0
ynao_sd_20141120_0115_ye 7 7 0 0 0 75.67 106.86 75.67 106.86 0 0
ynao_sd_20141127_0040_ye 44 38 6 3 0 1024.8 1487.07 476.7 765.71 548.1 721.36
ynao_sd_20141203_0140_ye 12 11 1 1 0 420.78 510.11 189.18 214.17 231.6 295.94
ynao_sd_20141210_0245_ye 22 18 4 3 0 323.37 467.15 200.04 270.2 123.33 196.95
ynao_sd_20141211_0100_ye 26 25 1 1 0 279.4 342.83 236.09 286.76 43.31 56.07
ynao_sd_20141224_0115_ye 15 14 1 1 0 249.04 360.04 131.63 172.71 117.41 187.33
ynao_sd_20141225_0105_ye 12 11 1 1 0 359.04 443.1 156.75 185.24 202.29 257.86
ynao_sd_20141231_0115_ye 5 4 1 1 0 211.75 389.2 66.35 183.55 145.4 205.65
