ynao_sd_20150114_0130_ye 27 25 2 1 0 404.62 992.41 313.93 853.77 90.69 138.64
ynao_sd_20150115_0108_ye 11 11 0 0 0 113.0 209.71 113.0 209.71 0 0
ynao_sd_20150121_0115_ye 1 1 0 0 0 19.6 30.3 19.6 30.3 0 0
ynao_sd_20150122_0110_ye 7 7 0 0 0 72.06 99.89 72.06 99.89 0 0
ynao_sd_20150128_0105_ye 22 20 2 1 0 412.21 926.33 309.86 811.84 102.35 114.49
ynao_sd_20150129_0105_ye 31 27 4 3 0 421.71 795.64 287.97 601.2 133.74 194.44
ynao_sd_20150204_0105_ye 83 79 4 2 0 936.95 1206.96 687.44 944.54 249.51 262.42
ynao_sd_20150205_0150_ye 60 59 1 1 0 666.3 776.31 585.59 691.55 80.71 84.76
ynao_sd_20150210_0105_ye 24 23 1 1 0 410.89 737.52 286.78 517.98 124.11 219.54
ynao_sd_20150304_0025_ye 13 13 0 0 0 140.1 158.11 140.1 158.11 0 0
ynao_sd_20150305_0015_ye 8 8 0 0 0 105.86 141.76 105.86 141.76 0 0
ynao_sd_20150311_0030_ye 2 2 0 0 0 19.72 21.87 19.72 21.87 0 0
ynao_sd_20150312_0020_ye 6 6 0 0 0 44.2 50.84 44.2 50.84 0 0
ynao_sd_20150318_0035_ye 10 9 1 1 0 208.36 441.68 129.57 239.37 78.79 202.31
ynao_sd_20150319_0020_ye 15 14 1 1 0 274.67 513.41 166.16 323.24 108.51 190.17
ynao_sd_20150326_0150_ye 13 10 3 2 0 247.56 365.78 147.47 198.67 100.09 167.11
ynao_sd_20150401_0030_ye 14 14 0 0 0 145.52 178.04 145.52 178.04 0 0
ynao_sd_20150403_0030_ye 14 14 0 0 0 155.8 208.9 155.8 208.9 0 0
ynao_sd_20150408_0220_ye 24 24 0 0 0 182.29 194.62 182.29 194.62 0 0
ynao_sd_20150409_0015_ye 17 17 0 0 0 122.11 126.13 122.11 126.13 0 0
ynao_sd_20150415_0010_ye 77 59 18 7 0 2025.13 3379.8 719.05 1181.83 1306.08 2197.97
ynao_sd_20150429_0025_ye 12 12 0 0 0 91.39 102.55 91.39 102.55 0 0
ynao_sd_20150430_0100_ye 6 6 0 0 0 42.72 95.87 42.72 95.87 0 0
ynao_sd_20150506_0030_ye 41 36 5 5 0 702.56 1817.57 390.34 967.21 312.22 850.36
ynao_sd_20150507_0030_ye 51 34 17 6 0 1510.32 3069.43 391.19 742.89 1119.13 2326.54
ynao_sd_20150513_0015_ye 137 119 18 5 0 2188.71 2526.88 1101.73 1328.91 1086.98 1197.97
ynao_sd_20150514_0015_ye 110 93 17 5 0 1783.35 2150.51 888.73 1062.87 894.62 1087.64
ynao_sd_20150520_0150_ye 17 17 0 0 0 146.16 212.85 146.16 212.85 0 0
ynao_sd_20150527_0025_ye 2 2 0 0 0 33.74 60.74 33.74 60.74 0 0
ynao_sd_20150528_0030_ye 0 0 0 0 0 0 0 0 0 0 0
ynao_sd_20150603_0030_ye 1 1 0 0 0 13.45 38.52 13.45 38.52 0 0
ynao_sd_20150604_0040_ye 26 26 0 0 0 232.02 522.61 232.02 522.61 0 0
ynao_sd_20150610_0015_ye 81 78 3 2 0 798.56 872.66 669.84 729.75 128.72 142.91
ynao_sd_20150617_0110_ye 67 63 4 1 0 996.57 2122.26 608.12 1249.92 388.45 872.34
ynao_sd_20150618_0325_ye 52 47 5 5 0 1031.48 1667.57 509.45 823.95 522.03 843.62
ynao_sd_20150624_0020_ye 74 62 12 3 0 2059.47 2302.04 763.41 853.98 1296.06 1448.06
ynao_sd_20150625_0510_ye 34 26 8 3 0 1119.01 1508.57 387.94 507.96 731.07 1000.61
ynao_sd_20150701_0410_ye 50 46 4 3 0 2115.98 2641.47 396.81 575.15 1719.17 2066.32
ynao_sd_20150702_0020_ye 38 34 4 2 0 652.49 820.7 346.66 449.83 305.83 370.87
ynao_sd_20150708_0120_ye 54 40 14 4 0 1368.42 1536.65 496.02 574.12 872.4 962.53
ynao_sd_20150709_0235_ye 39 24 15 3 0 1140.35 1277.48 302.56 335.31 837.79 942.17
ynao_sd_20150713_0045_ye 13 8 5 3 0 608.47 1083.19 123.07 185.56 485.4 897.63
ynao_sd_20150714_0205_ye 17 13 4 3 0 372.35 734.96 146.26 254.57 226.09 480.39
ynao_sd_20150720_0155_ye 19 17 2 1 0 250.17 271.17 183.04 199.54 67.13 71.63
ynao_sd_20150721_0020_ye 44 44 0 0 0 432.14 460.04 432.14 460.04 0 0
ynao_sd_20150727_0140_ye 1 1 0 0 0 34.84 242.33 34.84 242.33 0 0
ynao_sd_20150730_0035_ye 14 12 2 1 0 272.44 858.17 188.22 741.49 84.22 116.68
ynao_sd_20150806_0015_ye 37 35 2 2 0 475.23 532.72 311.95 358.88 163.28 173.84
ynao_sd_20150811_0505_ye 5 4 1 1 0 95.81 259.41 44.7 75.57 51.11 183.84
ynao_sd_20150812_0045_ye 14 14 0 0 0 115.89 132.27 115.89 132.27 0 0
ynao_sd_20150909_0130_ye 8 8 0 0 0 141.35 158.88 141.35 158.88 0 0
ynao_sd_20150910_0225_ye 6 6 0 0 0 106.49 130.86 106.49 130.86 0 0
ynao_sd_20150916_0015_ye 9 8 1 1 0 120.73 182.31 78.74 120.82 41.99 61.49
ynao_sd_20150917_0010_ye 15 10 5 2 0 295.34 363.98 112.27 141.28 183.07 222.7
ynao_sd_20150924_0110_ye 39 37 2 3 0 537.84 643.63 348.2 414.08 189.64 229.55
ynao_sd_20150930_0305_ye 42 40 2 1 0 566.26 659.52 388.95 469.67 177.31 189.85
ynao_sd_20151014_0625_ye 0 0 0 0 0 0 0 0 0 0 0
ynao_sd_20151015_0210_ye 3 3 0 0 0 18.54 18.6 18.54 18.6 0 0
ynao_sd_20151021_0115_ye 33 27 6 3 0 900.43 1082.24 318.98 383.79 581.45 698.45
ynao_sd_20151022_0135_ye 54 48 6 2 0 892.59 950.32 510.46 551.31 382.13 399.01
ynao_sd_20151028_0110_ye 46 45 1 1 0 475.75 725.27 391.11 539.19 84.64 186.08
ynao_sd_20151029_0040_ye 58 56 2 2 0 720.32 2050.89 590.57 1369.42 129.75 681.47
ynao_sd_20151104_0045_ye 118 105 13 7 0 1911.26 2573.96 1098.26 1586.62 813.0 987.34
ynao_sd_20151105_0100_ye 101 97 4 3 0 1320.87 1797.7 889.11 1239.29 431.76 558.41
ynao_sd_20151109_0045_ye 25 20 5 2 0 432.56 640.84 212.19 339.46 220.37 301.38
ynao_sd_20151112_0120_ye 12 12 0 0 0 95.06 97.52 95.06 97.52 0 0
ynao_sd_20151116_0055_ye 79 79 0 0 0 569.45 781.95 569.45 781.95 0 0
ynao_sd_20151122_0125_ye 57 57 0 0 0 531.64 742.67 531.64 742.67 0 0
ynao_sd_20151123_0100_ye 44 42 2 2 0 565.03 959.47 453.87 696.25 111.16 263.22
ynao_sd_20151125_0145_ye 43 39 4 2 0 508.77 654.35 337.68 448.03 171.09 206.32
ynao_sd_20151130_0200_ye 20 17 3 1 0 294.75 328.23 176.46 197.42 118.29 130.81
ynao_sd_20151202_0355_ye 21 21 0 0 0 196.03 288.98 196.03 288.98 0 0
ynao_sd_20151209_0110_ye 22 22 0 0 0 196.69 219.92 196.69 219.92 0 0
ynao_sd_20151210_0230_ye 32 32 0 0 0 255.41 287.38 255.41 287.38 0 0
ynao_sd_20151214_0115_ye 32 28 4 2 0 599.44 1499.9 364.38 985.54 235.06 514.36
ynao_sd_20151223_0130_ye 25 23 2 2 0 909.81 1525.97 357.6 592.21 552.21 933.76
ynao_sd_20151224_0120_ye 18 16 2 1 0 490.12 1085.36 207.44 371.13 282.68 714.23
ynao_sd_20151228_0335_ye 39 39 0 0 0 301.34 354.58 301.34 354.58 0 0
